-0.0986163 0.016642 2.23293
-0.113141 0.310051 2.19507
-0.126773 0.593274 2.14518
-0.12866 0.739119 2.12099
-0.278166 0.461974 2.13156
-0.307264 0.213038 2.15494
-0.353743 -0.000981973 2.13992
-0.360564 -0.0312778 2.14542
0.0447795 0.482804 2.17318
0.106243 0.229727 2.22187
0.177071 0.0223184 2.20794
0.173335 0.000669033 2.20936
-0.170196 0.014177 2.18861
-0.144155 -0.29703 2.28823
-0.113579 -0.608905 2.36661
-0.120539 -0.682452 2.28719
-0.0241104 0.018612 2.20807
-0.0334034 -0.302689 2.30707
-0.0301128 -0.586803 2.37117
-0.0124316 -0.676203 2.29234
-0.123527 0.523919 2.15974
-0.361828 -0.102934 2.15745
-0.397111 -0.0531095 2.1415
0.179624 -0.0646162 2.22196
0.190098 -0.00734657 2.17869
-0.0986383 0.0166677 2.23299
-0.113134 0.310043 2.19508
-0.126695 0.593201 2.14514
-0.128802 0.739026 2.12076
-0.278256 0.461892 2.13167
-0.307199 0.212811 2.15542
-0.353395 -0.00128465 2.14131
-0.361063 -0.0312116 2.14837
0.0445015 0.482872 2.17293
0.106374 0.229908 2.22215
0.177021 0.0224328 2.2086
0.172606 0.00055565 2.20508
-0.170246 0.0142049 2.18874
-0.144177 -0.296649 2.28838
-0.113349 -0.609301 2.36689
-0.120478 -0.682774 2.28738
-0.0241137 0.018639 2.2081
-0.0332561 -0.30195 2.30694
-0.0295565 -0.585604 2.37123
-0.0111109 -0.67635 2.29292
-0.123474 0.523868 2.15971
-0.361363 -0.107795 2.16562
-0.382274 -0.0489694 2.1141
0.178296 -0.067341 2.21925
0.188211 -0.0121399 2.1708
-0.0986608 0.0166605 2.23297
-0.113131 0.310012 2.19504
-0.126628 0.593135 2.14511
-0.128565 0.738548 2.12049
-0.278151 0.461808 2.13176
-0.307056 0.212924 2.15579
-0.352961 -0.00124348 2.14216
-0.359191 -0.0347223 2.14689
0.0444075 0.482921 2.1728
0.1065 0.229986 2.22217
0.176732 0.022388 2.20723
0.171296 -0.00161386 2.1988
-0.17029 0.0141989 2.18878
-0.144384 -0.296466 2.28852
-0.113763 -0.607926 2.36711
-0.117933 -0.682288 2.28868
-0.0241127 0.0186292 2.20806
-0.0332761 -0.301893 2.307
-0.0302252 -0.585521 2.37171
-0.0118005 -0.67623 2.29321
-0.123427 0.523812 2.15967
-0.357535 -0.108937 2.16403
-0.379187 -0.0483683 2.11522
0.175043 -0.0714784 2.21895
0.187233 -0.0169073 2.1706
-0.0985314 0.0166752 2.23299
-0.112879 0.30994 2.19488
-0.126084 0.592938 2.14472
-0.128429 0.738443 2.1203
-0.277759 0.461591 2.13199
-0.306322 0.214106 2.15671
-0.352822 7.36987e-005 2.1426
-0.35874 -0.034195 2.14438
0.0475738 0.482572 2.17322
0.106481 0.230522 2.2212
0.176448 0.0228894 2.20385
0.17106 -0.00203739 2.19434
-0.170123 0.0141668 2.18895
-0.144431 -0.297146 2.28909
-0.113485 -0.610959 2.36892
-0.118892 -0.68359 2.28772
-0.023956 0.0186726 2.20792
-0.0327017 -0.302146 2.30713
-0.0302191 -0.585289 2.37153
-0.0117359 -0.676487 2.29428
-0.122967 0.523648 2.15934
-0.360159 -0.103357 2.15845
-0.380043 -0.0469986 2.11348
0.181116 -0.0692633 2.21895
0.181207 -0.0122822 2.15734
-0.0984197 0.0167134 2.23306
-0.112575 0.309955 2.19483
-0.125491 0.592939 2.14455
-0.12788 0.738384 2.12024
-0.277388 0.461698 2.13239
-0.306037 0.214362 2.15744
-0.352253 0.000269997 2.14307
-0.359282 -0.0328836 2.14651
0.0470832 0.482879 2.17291
0.106715 0.230474 2.22064
0.176332 0.0227616 2.20212
0.171898 -0.00286753 2.19627
-0.170014 0.0141947 2.18916
-0.144579 -0.297095 2.28937
-0.113257 -0.611838 2.3687
-0.120195 -0.683947 2.2869
-0.023813 0.0187264 2.20788
-0.0323847 -0.301852 2.30717
-0.0306621 -0.586803 2.37129
-0.0119818 -0.676511 2.29443
-0.122449 0.523652 2.1592
-0.358429 -0.102652 2.15914
-0.377629 -0.054404 2.10936
0.181407 -0.069727 2.21789
0.18562 -0.0135555 2.16231
-0.0982739 0.0167066 2.23294
-0.112084 0.309969 2.19449
-0.124554 0.593002 2.14403
-0.126228 0.737962 2.11931
-0.276453 0.46144 2.13222
-0.305303 0.215038 2.15774
-0.352321 0.00113059 2.14302
-0.357778 -0.0331 2.14884
0.0469831 0.483169 2.17248
0.107086 0.230438 2.22039
0.176646 0.0227064 2.20192
0.173742 -0.000892485 2.19804
-0.16986 0.0141304 2.18907
-0.144737 -0.296879 2.29078
-0.115726 -0.607066 2.36773
-0.120621 -0.682252 2.28744
-0.0236697 0.0187748 2.2077
-0.031031 -0.300177 2.30659
-0.0282666 -0.583835 2.3714
-0.011706 -0.676675 2.29401
-0.121628 0.523699 2.15872
-0.358563 -0.102692 2.15995
-0.387228 -0.0375652 2.13112
0.179868 -0.0697059 2.21384
0.188829 -0.0133705 2.15914
-0.0978035 0.0169029 2.23282
-0.111107 0.310146 2.19415
-0.123021 0.593131 2.14354
-0.123811 0.738552 2.11875
-0.273924 0.462072 2.13125
-0.303296 0.215479 2.15806
-0.350906 0.0016975 2.14379
-0.355051 -0.0349703 2.15191
0.0480789 0.483504 2.17197
0.109341 0.230202 2.21964
0.179195 0.0225348 2.20245
0.17909 0.000222144 2.19905
-0.169462 0.0143344 2.18904
-0.145688 -0.293536 2.2911
-0.119667 -0.601677 2.36888
-0.121298 -0.681553 2.28798
-0.0231178 0.0189636 2.20747
-0.0261699 -0.296594 2.30448
-0.0266004 -0.579431 2.37152
-0.00994655 -0.675791 2.29281
-0.120232 0.523842 2.15826
-0.358626 -0.104549 2.16948
-0.374778 -0.0519119 2.11843
0.183683 -0.0654883 2.21205
0.191654 -0.00648923 2.163
-0.0916087 0.0178882 2.2304
-0.103945 0.310971 2.19116
-0.115214 0.593874 2.14018
-0.116273 0.739538 2.1161
-0.265098 0.462505 2.1265
-0.296181 0.21588 2.15513
-0.345385 0.00243978 2.14264
-0.345591 -0.0318539 2.14383
0.0544732 0.483827 2.16838
0.116761 0.2303 2.21862
0.188849 0.0234007 2.20212
0.192386 -0.00160601 2.2006
-0.163527 0.0156338 2.1868
-0.142141 -0.292007 2.28179
-0.121365 -0.600015 2.36845
-0.12149 -0.680974 2.28779
-0.0168501 0.0195905 2.20488
-0.0206493 -0.29249 2.29886
-0.0232883 -0.577132 2.37177
-0.0074621 -0.675083 2.29363
-0.112559 0.524601 2.15499
-0.346488 -0.102279 2.16073
-0.367445 -0.0458574 2.1108
0.196335 -0.0694068 2.21827
0.208891 -0.00962627 2.16904
-0.0804496 0.0178885 2.22436
-0.093205 0.310706 2.18706
-0.104871 0.59338 2.138
-0.103906 0.737964 2.11388
-0.25529 0.462276 2.1246
-0.28629 0.216693 2.15197
-0.335778 0.00351198 2.13122
-0.333946 -0.0270637 2.12351
0.064811 0.481832 2.16635
0.126732 0.226493 2.21767
0.199193 0.0197431 2.20199
0.200575 -0.00304726 2.19986
-0.152817 0.0164482 2.18063
-0.133322 -0.298145 2.2554
-0.11961 -0.602149 2.36449
-0.118324 -0.683702 2.28267
-0.0055363 0.0187673 2.19892
-0.0145303 -0.296383 2.29114
-0.0209134 -0.581071 2.37159
-0.00726556 -0.674354 2.29371
-0.102119 0.524162 2.15234
-0.332131 -0.100407 2.13428
-0.352534 -0.0403762 2.09204
0.206003 -0.0749718 2.21703
0.214821 -0.0177631 2.16279
-0.0639724 0.0166873 2.21863
-0.0760034 0.308834 2.1859
-0.086749 0.590757 2.14171
-0.0852365 0.735317 2.11533
-0.238633 0.460199 2.12459
-0.271792 0.21397 2.15061
-0.323335 0.00342059 2.10817
-0.32273 -0.0234893 2.09516
0.0824468 0.47715 2.16581
0.140185 0.222714 2.21779
0.209346 0.0148368 2.20355
0.206956 -0.0083126 2.20313
-0.137366 0.0161242 2.1752
-0.117345 -0.290534 2.16484
-0.119252 -0.604749 2.33801
-0.112568 -0.684612 2.2714
0.0114509 0.0167118 2.19288
0.0130252 -0.307506 2.29652
-0.0171311 -0.58182 2.37163
-0.00698574 -0.673381 2.29553
-0.0842254 0.521729 2.15478
-0.321734 -0.0979096 2.10086
-0.341969 -0.0456983 2.05827
0.210322 -0.0823923 2.21585
0.224413 -0.0233429 2.16616
-0.0525919 0.0155286 2.21726
-0.0643732 0.306793 2.18519
-0.0753017 0.587871 2.14166
-0.0718327 0.731886 2.11389
-0.227928 0.457654 2.12367
-0.260788 0.210126 2.14885
-0.31369 0.00127964 2.09851
-0.309102 -0.0234287 2.08806
0.0931253 0.47358 2.16505
0.15071 0.219281 2.21726
0.219835 0.011411 2.20456
0.220977 -0.0143263 2.20515
-0.12609 0.0154951 2.17423
-0.114866 -0.29007 2.11906
-0.110241 -0.608927 2.2395
-0.0930628 -0.662036 2.11567
0.0225616 0.0150677 2.19113
0.0222136 -0.315143 2.30254
-0.0216703 -0.598827 2.365
-0.0272482 -0.67648 2.27934
-0.0726931 0.519049 2.15458
-0.311548 -0.0980641 2.09048
-0.324564 -0.0442367 2.04947
0.224818 -0.0855065 2.2182
0.237563 -0.0287951 2.17058
-0.0441757 0.0137809 2.21309
-0.0560686 0.305775 2.18285
-0.0669996 0.587533 2.14092
-0.0645636 0.729883 2.11163
-0.22076 0.456753 2.12385
-0.250222 0.207828 2.14537
-0.302692 -0.00167027 2.09791
-0.296909 -0.0226263 2.10029
0.101657 0.47176 2.16073
0.160993 0.219153 2.21346
0.229889 0.011239 2.20531
0.233317 -0.0130663 2.20396
-0.117923 0.0139752 2.17183
-0.111358 -0.311584 2.09883
-0.102805 -0.637446 2.11793
-0.111938 -0.722656 2.02734
0.0311497 0.0130698 2.1846
0.0278447 -0.330805 2.30163
-0.0170958 -0.591671 2.35905
0.00520325 -0.675293 2.29883
-0.0643999 0.51854 2.15346
-0.302954 -0.098581 2.10135
-0.319133 -0.0123624 2.089
0.236118 -0.0859648 2.22417
0.244682 -0.0201411 2.16949
-0.0401946 0.00904277 2.20771
-0.0510083 0.302506 2.17927
-0.0609717 0.58552 2.13877
-0.0592629 0.729006 2.10951
-0.215835 0.45537 2.1239
-0.244712 0.206205 2.14441
-0.294446 -0.0054123 2.10629
-0.295964 -0.0278876 2.11584
0.108244 0.469817 2.1543
0.168436 0.216976 2.20562
0.240836 0.0102813 2.19674
0.241486 -0.0215839 2.19101
-0.113518 0.00861632 2.16746
-0.107715 -0.336131 2.08349
-0.0991769 -0.672399 2.00388
-0.0798613 -0.742774 1.88561
0.0344513 0.00917276 2.17857
0.0290646 -0.333139 2.29868
-0.0176567 -0.593444 2.35697
0.0057298 -0.676239 2.29567
-0.0586108 0.516232 2.15099
-0.304555 -0.103344 2.12021
-0.317566 -0.0363799 2.09247
0.244974 -0.0943012 2.21124
0.258025 -0.0408932 2.15673
-0.0366205 0.00319569 2.1968
-0.0471524 0.297756 2.17219
-0.0572254 0.581872 2.13506
-0.0551693 0.725427 2.10609
-0.213733 0.453405 2.12268
-0.242535 0.203627 2.14402
-0.294875 -0.00819847 2.11366
-0.305388 -0.0345889 2.13116
0.112175 0.464954 2.14703
0.172555 0.210864 2.19378
0.245835 0.00449368 2.18153
0.240353 -0.0229005 2.17006
-0.110002 0.00168462 2.15786
-0.101893 -0.347728 2.05775
-0.0972291 -0.676309 1.95395
-0.085665 -0.72716 1.82995
0.037941 0.00463283 2.16646
0.0298503 -0.333543 2.29461
-0.0176432 -0.593437 2.35388
0.00636399 -0.679642 2.28707
-0.0548031 0.512324 2.14649
-0.312426 -0.110699 2.14429
-0.326668 -0.055539 2.10082
0.244114 -0.098069 2.18933
0.252378 -0.0362721 2.13127
-0.0322561 -0.00514325 2.17868
-0.0437663 0.290357 2.15726
-0.0546677 0.575568 2.12397
-0.0533609 0.72072 2.09745
-0.212368 0.446548 2.11542
-0.242897 0.200629 2.14192
-0.300259 -0.0106484 2.12502
-0.314591 -0.0402042 2.14311
0.113012 0.456718 2.12973
0.177526 0.203037 2.1743
0.248682 -0.00396285 2.15642
0.242212 -0.0288134 2.14555
-0.105908 -0.00697857 2.14229
-0.0996984 -0.347647 2.04374
-0.100428 -0.678044 1.9611
-0.0777073 -0.751708 1.86684
0.0424263 -0.00307269 2.14576
0.0323835 -0.334955 2.28532
-0.0165886 -0.59231 2.3522
0.00560795 -0.679172 2.28809
-0.0520365 0.505718 2.13439
-0.325662 -0.118193 2.16317
-0.329479 -0.044734 2.10571
0.242477 -0.10666 2.16529
0.257023 -0.0442149 2.11004
-0.0310701 -0.0092844 2.16015
-0.044014 0.286292 2.14064
-0.0562862 0.571463 2.10929
-0.0551523 0.71845 2.08299
-0.214147 0.440913 2.10186
-0.244607 0.195906 2.13079
-0.301951 -0.0152921 2.12724
-0.316259 -0.0491506 2.13766
0.111179 0.452214 2.10944
0.179401 0.198255 2.15204
0.254353 -0.00741936 2.13552
0.249246 -0.0305382 2.12175
-0.104776 -0.0119751 2.12417
-0.09928 -0.346662 2.03487
-0.100478 -0.679982 1.96623
-0.0781233 -0.754231 1.8704
0.0436311 -0.00628634 2.12692
0.0348952 -0.332446 2.27635
-0.0152 -0.587285 2.35027
0.0050939 -0.67852 2.28891
-0.0533186 0.501633 2.11921
-0.323134 -0.120851 2.15427
-0.332745 -0.0532956 2.10426
0.254328 -0.106192 2.14153
0.261694 -0.046106 2.08457
-0.0322897 -0.00995343 2.15037
-0.0459287 0.286219 2.1281
-0.058966 0.572031 2.09385
-0.0584727 0.718279 2.06954
-0.215423 0.437366 2.0844
-0.244829 0.193137 2.1147
-0.302234 -0.0176696 2.11811
-0.314938 -0.0547108 2.11837
0.109155 0.451164 2.09299
0.180218 0.197791 2.13572
0.258192 -0.00639721 2.11135
0.249591 -0.020745 2.09688
-0.106228 -0.0125856 2.11478
-0.102839 -0.343579 2.03028
-0.102259 -0.678746 1.96606
-0.0810307 -0.754588 1.87761
0.0426978 -0.00698992 2.11677
0.0332039 -0.331823 2.26837
-0.0135572 -0.606797 2.36418
0.00485485 -0.680846 2.28851
-0.0558019 0.502044 2.10449
-0.320862 -0.12391 2.13679
-0.336641 -0.0642685 2.08972
0.257475 -0.0956611 2.10813
0.26651 -0.035609 2.05733
-0.032724 -0.00988209 2.14773
-0.0463124 0.286234 2.12283
-0.0591409 0.571928 2.08548
-0.0598451 0.718253 2.06013
-0.215438 0.437092 2.07556
-0.241866 0.189703 2.09928
-0.299512 -0.0215676 2.0894
-0.306179 -0.055615 2.08502
0.10863 0.451232 2.08779
0.180327 0.198579 2.13005
0.258993 -0.00461963 2.09726
0.250179 -0.0215075 2.08437
-0.106726 -0.012517 2.11135
-0.104883 -0.341589 2.02988
-0.104431 -0.677469 1.96668
-0.0966652 -0.728546 1.84245
0.0423324 -0.00689235 2.1146
0.0326389 -0.331187 2.26708
-0.0135889 -0.607486 2.36543
0.00352532 -0.679997 2.28645
-0.0560408 0.501981 2.09694
-0.310495 -0.127044 2.10074
-0.327651 -0.0692673 2.05552
0.257153 -0.0972696 2.09483
0.265435 -0.0373294 2.04757
-0.032562 -0.00909673 2.15165
-0.0456102 0.28627 2.1243
-0.0580026 0.571521 2.08598
-0.0580421 0.717703 2.05932
-0.213543 0.437287 2.07579
-0.240302 0.190706 2.099
-0.29477 -0.0213757 2.08244
-0.299777 -0.050563 2.07887
0.111079 0.453236 2.09419
0.178957 0.200078 2.13401
0.256094 -0.0036799 2.10086
0.241843 -0.0208885 2.10114
-0.106496 -0.0117925 2.11387
-0.104505 -0.340785 2.03063
-0.104148 -0.677659 1.96623
-0.0943773 -0.728727 1.84215
0.0423988 -0.00609914 2.12043
0.0327187 -0.332441 2.26955
-0.0142426 -0.607127 2.36507
0.00340935 -0.680003 2.28692
-0.0550613 0.501694 2.09761
-0.304322 -0.119483 2.08695
-0.32296 -0.0616884 2.04967
0.252788 -0.0937259 2.1016
0.264315 -0.0197948 2.08373
-0.0319172 -0.00538596 2.16498
-0.0430993 0.287668 2.13462
-0.053996 0.570886 2.09334
-0.0539797 0.716432 2.06275
-0.20892 0.441167 2.08875
-0.235807 0.19678 2.11563
-0.29131 -0.0141021 2.08397
-0.297369 -0.0408021 2.08554
0.115671 0.457119 2.10944
0.177635 0.202544 2.15446
0.246223 -0.00482375 2.12705
0.23336 -0.0175825 2.13604
-0.105873 -0.00828012 2.12583
-0.102255 -0.338771 2.02546
-0.102146 -0.679099 1.95434
-0.0916452 -0.730219 1.83044
0.0430423 -0.00234245 2.13503
0.0327813 -0.333719 2.27555
-0.014662 -0.607516 2.36506
0.00422001 -0.680818 2.28819
-0.0513736 0.501519 2.10565
-0.304383 -0.109762 2.08725
-0.320207 -0.0568795 2.05246
0.243153 -0.0928992 2.13724
0.255025 -0.0316063 2.11184
-0.0333316 3.43227e-005 2.1803
-0.0405056 0.290767 2.15353
-0.0469488 0.571171 2.11547
-0.0456657 0.715366 2.07927
-0.204599 0.446807 2.11462
-0.234774 0.206168 2.14069
-0.290004 -0.00444467 2.10571
-0.298947 -0.0279152 2.11428
0.120245 0.460934 2.13589
0.176564 0.207763 2.18756
0.242339 -0.0010831 2.17114
0.234705 -0.0185055 2.18167
-0.108118 -0.00116744 2.14186
-0.0998278 -0.332629 2.02873
-0.112986 -0.661294 2.03101
-0.0951622 -0.741295 1.93553
0.04249 0.00127003 2.14973
0.0348139 -0.332788 2.28561
-0.016023 -0.58923 2.35428
0.00144497 -0.677205 2.29051
-0.0454416 0.502532 2.12703
-0.311666 -0.0992594 2.11606
-0.319379 -0.0279099 2.08756
0.244965 -0.0921915 2.18994
0.25677 -0.0186033 2.16586
-0.0296157 0.0060963 2.1941
-0.0374231 0.295267 2.16639
-0.0445937 0.574333 2.12724
-0.0414679 0.718281 2.09221
-0.203305 0.449913 2.12352
-0.236256 0.210279 2.1502
-0.295162 -0.00041991 2.12857
-0.30807 -0.0244151 2.1436
0.12196 0.463998 2.15236
0.175906 0.211603 2.20407
0.242692 0.00313818 2.19957
0.235427 -0.0207045 2.20977
-0.104709 0.00598125 2.15408
-0.0956544 -0.305152 2.07916
-0.13009 -0.638308 2.19245
-0.110385 -0.713257 2.12083
0.0464199 0.00598515 2.16516
0.0363013 -0.329813 2.29783
-0.015078 -0.604092 2.36677
-0.0011524 -0.678373 2.2898
-0.0428928 0.506002 2.13907
-0.318832 -0.101043 2.15739
-0.328782 -0.0420883 2.11218
0.24324 -0.0938241 2.22546
0.252288 -0.0392579 2.18011
-0.0273909 0.0109284 2.21273
-0.0363872 0.299883 2.17946
-0.0446207 0.578585 2.13524
-0.0384285 0.722548 2.10138
-0.203124 0.451944 2.12663
-0.238298 0.210941 2.15642
-0.300748 0.00104622 2.14653
-0.314251 -0.0253959 2.16463
0.122012 0.466765 2.1659
0.174486 0.212997 2.21813
0.241165 0.00489024 2.22101
0.233695 -0.0153837 2.22571
-0.10172 0.0111709 2.16984
-0.101552 -0.292171 2.14874
-0.139499 -0.577801 2.36666
-0.124817 -0.660645 2.30664
0.0476954 0.01026 2.18663
0.0376297 -0.301916 2.29718
-0.00738633 -0.582618 2.37302
-0.0118986 -0.676918 2.30387
-0.0426713 0.510362 2.14828
-0.323868 -0.0987596 2.17999
-0.337192 -0.0356942 2.13884
0.240694 -0.0898962 2.24161
0.254371 -0.0228316 2.20885
-0.0295985 0.0133767 2.23059
-0.0385484 0.303366 2.19199
-0.0467901 0.582885 2.14271
-0.0383069 0.725604 2.10709
-0.203486 0.453218 2.12836
-0.240028 0.208984 2.16073
-0.302676 -0.000695034 2.15698
-0.312306 -0.0257808 2.17301
0.120561 0.468269 2.17365
0.173241 0.215875 2.22884
0.238696 0.00715082 2.22809
0.23305 -0.0125517 2.23298
-0.103233 0.0133013 2.18391
-0.114167 -0.278653 2.23891
-0.151936 -0.528109 2.49603
-0.148804 -0.625 2.49023
0.0448559 0.0130144 2.20831
0.0372921 -0.285543 2.30584
-0.00326179 -0.575738 2.3758
-0.0063716 -0.673089 2.30001
-0.0448318 0.514485 2.15697
-0.32444 -0.101657 2.19825
-0.329088 -0.0320562 2.13539
0.237915 -0.0889801 2.25335
0.245629 -0.0197323 2.198
-0.0411555 0.0154416 2.25546
-0.0456309 0.306222 2.20684
-0.0505969 0.586389 2.14888
-0.041565 0.730116 2.11661
-0.205583 0.456133 2.13205
-0.243978 0.206053 2.16796
-0.303192 -0.00456399 2.16551
-0.313394 -0.0241424 2.17937
0.116993 0.471143 2.18098
0.171096 0.218205 2.23653
0.239737 0.0106084 2.23735
0.236479 -0.0078518 2.24047
-0.114475 0.0131636 2.20998
-0.125925 -0.264703 2.34793
-0.153739 -0.506681 2.61297
-0.155042 -0.603065 2.60678
0.0334049 0.0172291 2.23184
0.0337847 -0.269772 2.31874
-0.000455761 -0.569281 2.37999
-0.00118421 -0.669992 2.29981
-0.0493204 0.517876 2.1651
-0.324402 -0.0997563 2.20572
-0.332635 -0.0375548 2.14011
0.242767 -0.0851879 2.26472
0.252527 -0.022705 2.21099
-0.0548312 0.0197585 2.27601
-0.0551146 0.309834 2.21898
-0.0554748 0.589431 2.15276
-0.043977 0.731614 2.12009
-0.211818 0.460898 2.13938
-0.251157 0.209382 2.17864
-0.310274 -0.00109771 2.17931
-0.325517 -0.0194807 2.19473
0.113337 0.474178 2.18457
0.166949 0.222922 2.23997
0.238153 0.016014 2.23769
0.2275 -0.0052541 2.24065
-0.128599 0.0161904 2.23395
-0.138073 -0.253067 2.404
-0.154511 -0.515125 2.6515
-0.156129 -0.602267 2.64245
0.0205888 0.0226266 2.24924
0.0262846 -0.261697 2.32773
0.000159985 -0.565191 2.38144
-2.34092e-005 -0.66974 2.29927
-0.0553499 0.521071 2.17097
-0.336088 -0.0919016 2.22194
-0.342033 -0.0301176 2.15839
0.236571 -0.0763664 2.25756
0.242063 -0.0166417 2.20826
-0.060694 0.0234568 2.28677
-0.0608247 0.312503 2.22561
-0.0604678 0.591534 2.15478
-0.048423 0.734252 2.12335
-0.217081 0.463936 2.14507
-0.259505 0.213677 2.1931
-0.321484 0.00406752 2.194
-0.33622 -0.016611 2.2121
0.108266 0.477369 2.18557
0.160609 0.225692 2.24245
0.231216 0.0184473 2.23739
0.214822 -0.00499853 2.23656
-0.13429 0.0195793 2.24569
-0.137466 -0.24588 2.41505
-0.149117 -0.512968 2.65778
-0.15472 -0.603706 2.64145
0.0147597 0.0265506 2.25885
0.019974 -0.257404 2.33635
0.000564841 -0.562566 2.38182
0.000971244 -0.668027 2.29845
-0.0605866 0.523254 2.17422
-0.349879 -0.0876686 2.23739
-0.354526 -0.0251447 2.17904
0.222435 -0.076915 2.25323
0.23079 -0.01447 2.20159
-0.0644054 0.0252507 2.29276
-0.0650247 0.313917 2.23046
-0.0650131 0.59273 2.1576
-0.0526296 0.735093 2.1248
-0.22175 0.465201 2.15049
-0.262612 0.216803 2.1995
-0.327956 0.00893456 2.20894
-0.340108 -0.0155842 2.23085
0.103534 0.479038 2.1877
0.155463 0.227591 2.2461
0.224803 0.0198167 2.23747
0.210415 -0.00299951 2.24029
-0.13779 0.0212952 2.25114
-0.139431 -0.242543 2.4283
-0.15052 -0.515365 2.66504
-0.157199 -0.604891 2.65222
0.0109016 0.0284222 2.26534
0.0183573 -0.25601 2.33954
-0.000174586 -0.561399 2.3823
0.000721305 -0.667337 2.30034
-0.0650968 0.52448 2.1777
-0.353387 -0.0878925 2.26297
-0.359091 -0.0288968 2.2
0.216676 -0.0756839 2.25735
0.221312 -0.0155791 2.20667
-0.0656918 0.0256181 2.29514
-0.066906 0.314107 2.23139
-0.0685834 0.592912 2.15636
-0.0561315 0.735747 2.12521
-0.224128 0.464949 2.15025
-0.264161 0.215619 2.20191
-0.327224 0.00729127 2.2137
-0.332706 -0.0211226 2.2305
0.0999648 0.480119 2.18806
0.153694 0.228996 2.24937
0.224638 0.0218937 2.24577
0.219806 0.00331089 2.25385
-0.139036 0.0213196 2.25323
-0.148249 -0.235826 2.44758
-0.152364 -0.518102 2.67401
-0.157466 -0.60565 2.65355
0.00961304 0.0291596 2.26808
0.0176183 -0.255185 2.34249
-0.000864767 -0.560438 2.38225
0.000713968 -0.667278 2.30053
-0.0681294 0.524646 2.17724
-0.343765 -0.0939263 2.26268
-0.353466 -0.0349922 2.20047
0.225607 -0.0737412 2.27389
0.240992 0.00256005 2.24267
-0.065653 0.0256486 2.29515
-0.0673032 0.313905 2.23
-0.0697103 0.592147 2.15166
-0.0578048 0.735019 2.12121
-0.223615 0.463586 2.1443
-0.26147 0.213274 2.19531
-0.317643 0.00230948 2.20075
-0.321187 -0.0297195 2.20171
0.0992005 0.480218 2.18563
0.154685 0.229924 2.25063
0.23079 0.0251086 2.25438
0.232094 0.00386085 2.26023
-0.138988 0.0213572 2.25316
-0.146744 -0.235325 2.44472
-0.152364 -0.515929 2.67306
-0.157144 -0.60589 2.65385
0.00964454 0.0292066 2.26813
0.0178777 -0.254533 2.34256
-0.00111147 -0.560481 2.38203
0.000661971 -0.667101 2.30069
-0.0691061 0.52404 2.17345
-0.331532 -0.100623 2.23023
-0.338758 -0.0383544 2.1652
0.236198 -0.0705502 2.28342
0.24423 -0.00456534 2.22857
-0.060312 0.0231179 2.28711
-0.0641658 0.312342 2.22359
-0.0679482 0.591449 2.14723
-0.0571376 0.734408 2.11812
-0.219844 0.462529 2.13743
-0.252841 0.209838 2.18288
-0.301684 -0.00366978 2.16925
-0.306371 -0.033057 2.16652
0.101554 0.479119 2.18107
0.160151 0.22958 2.25007
0.236803 0.0252955 2.25749
0.239997 -0.000115387 2.26136
-0.133139 0.0182747 2.24467
-0.132447 -0.253962 2.3908
-0.147165 -0.508928 2.64526
-0.157009 -0.607664 2.64978
0.0143585 0.0272415 2.26041
0.0181556 -0.256599 2.33878
-0.00123505 -0.558332 2.3813
0.00081665 -0.666594 2.30081
-0.0670586 0.523142 2.16852
-0.313302 -0.104521 2.1928
-0.324586 -0.0450149 2.1284
0.245379 -0.0709455 2.28211
0.257092 -0.0116889 2.23159
-0.0416982 0.0183243 2.26345
-0.0513911 0.308994 2.20997
-0.0603856 0.589637 2.14279
-0.0529424 0.732951 2.1124
-0.211173 0.459835 2.13139
-0.239722 0.208615 2.16814
-0.286009 -0.00452773 2.13646
-0.289544 -0.0281964 2.12439
0.110213 0.476185 2.17305
0.171239 0.227647 2.24332
0.246989 0.0230291 2.2506
0.248483 -0.00701796 2.24546
-0.115007 0.0164691 2.21996
-0.128139 -0.264587 2.26152
-0.148941 -0.499986 2.5327
-0.131439 -0.557261 2.40961
0.0329364 0.0195862 2.23764
0.0335055 -0.261228 2.3201
-0.00108874 -0.561634 2.38159
0.000919741 -0.667368 2.2995
-0.0582714 0.520946 2.16197
-0.297104 -0.101237 2.13356
-0.311627 -0.0426863 2.08879
0.250576 -0.0767226 2.26705
0.234522 -0.0255311 2.25565
-0.0351399 0.0171458 2.25131
-0.0442908 0.307439 2.20328
-0.0527694 0.587822 2.14125
-0.0466272 0.731258 2.10922
-0.206339 0.459124 2.13027
-0.232739 0.20798 2.16213
-0.277738 -0.00440915 2.12163
-0.279386 -0.0253001 2.11319
0.116776 0.474043 2.16864
0.177011 0.224237 2.2339
0.254932 0.020262 2.23887
0.252255 -0.0100415 2.23169
-0.108907 0.0167207 2.20908
-0.120744 -0.276664 2.21772
-0.147965 -0.56978 2.429
-0.152359 -0.655322 2.38052
0.0397112 0.0169532 2.22431
0.0387545 -0.268516 2.31413
-0.000543903 -0.566694 2.38031
-0.0032087 -0.669902 2.3053
-0.0508452 0.519191 2.15909
-0.2866 -0.0984112 2.12421
-0.297677 -0.0386098 2.07743
0.258163 -0.0829393 2.25921
0.243519 -0.027809 2.23936
-0.0321613 0.0165535 2.241
-0.040167 0.306841 2.19761
-0.0477966 0.587205 2.14009
-0.0414148 0.731449 2.10848
-0.202404 0.459627 2.12937
-0.228926 0.207449 2.15845
-0.276405 -0.00453573 2.11898
-0.281725 -0.0243495 2.115
0.122372 0.473487 2.16505
0.180402 0.221919 2.22574
0.257678 0.0173128 2.22497
0.254527 -0.00971979 2.21901
-0.106046 0.016853 2.2
-0.112881 -0.293764 2.17744
-0.133464 -0.611441 2.33285
-0.131858 -0.691038 2.26548
0.0426994 0.015666 2.21276
0.0415118 -0.286437 2.31084
-0.00159546 -0.574744 2.37788
-0.00426507 -0.672739 2.30619
-0.0461031 0.518571 2.15681
-0.29505 -0.0981395 2.12108
-0.299369 -0.0395277 2.07994
0.264828 -0.0816527 2.24684
0.240051 -0.0343446 2.22755
-0.0301099 0.014516 2.22776
-0.0359451 0.305798 2.19109
-0.0418535 0.586732 2.13908
-0.0348956 0.730449 2.10632
-0.198548 0.459839 2.12819
-0.226334 0.206857 2.15314
-0.277397 -0.00464129 2.11646
-0.279548 -0.0210922 2.11507
0.12598 0.471698 2.16121
0.181749 0.221171 2.21779
0.258393 0.0160875 2.21084
0.258501 -0.0129555 2.2064
-0.103792 0.0152322 2.18698
-0.112927 -0.292812 2.12074
-0.132198 -0.623022 2.21597
-0.132138 -0.704925 2.15726
0.0444881 0.0133605 2.19931
0.0402418 -0.294183 2.30834
-0.00191796 -0.577053 2.37481
-0.00518631 -0.674862 2.30094
-0.0406727 0.517986 2.15449
-0.302305 -0.0971316 2.12211
-0.304227 -0.0232466 2.07576
0.27247 -0.0867009 2.23736
0.247444 -0.0694429 2.2278
-0.0255659 0.0102361 2.21195
-0.0311343 0.302704 2.18225
-0.0371249 0.584973 2.13766
-0.0287996 0.729112 2.10385
-0.194314 0.458611 2.12575
-0.225822 0.206849 2.14645
-0.280745 -0.00372472 2.11027
-0.285246 -0.0209426 2.11032
0.130319 0.468417 2.15852
0.183431 0.218775 2.20995
0.25966 0.0135744 2.2044
0.258952 -0.0177339 2.20187
-0.0991198 0.0108634 2.1718
-0.115288 -0.308486 2.07992
-0.134364 -0.641568 2.09764
-0.137576 -0.724707 1.99781
0.0487716 0.00925482 2.1829
0.0376926 -0.307205 2.3053
-0.00275604 -0.578383 2.37323
-0.00272815 -0.674537 2.30016
-0.0358159 0.515908 2.15135
-0.307539 -0.0969488 2.11826
-0.309358 -0.00208941 2.08629
0.274096 -0.0945576 2.23098
0.252613 -0.0637772 2.2194
-0.0241788 0.00281227 2.19564
-0.0293093 0.2973 2.17052
-0.0349512 0.581731 2.13243
-0.0268096 0.727059 2.10203
-0.192036 0.454411 2.11963
-0.227369 0.202891 2.13622
-0.285236 -0.00721216 2.10308
-0.292054 -0.0253216 2.10307
0.133216 0.463209 2.15213
0.183862 0.213116 2.19941
0.259257 0.00776368 2.19766
0.257316 -0.0253857 2.19416
-0.0975719 0.00283541 2.15545
-0.113837 -0.334623 2.05548
-0.126299 -0.673033 2.00026
-0.114204 -0.746979 1.89554
0.049963 0.00267942 2.16666
0.0392773 -0.313766 2.29988
-0.00425552 -0.58749 2.37143
-0.00145603 -0.673874 2.29876
-0.0335501 0.512058 2.14428
-0.316972 -0.1042 2.11576
-0.314978 -0.030026 2.06581
0.274579 -0.104214 2.22977
0.255198 -0.0910634 2.2214
-0.0237347 -0.00512978 2.17929
-0.0288675 0.290219 2.15658
-0.0339767 0.575435 2.1218
-0.0251054 0.721588 2.09283
-0.191253 0.446931 2.10618
-0.230002 0.197598 2.12325
-0.292358 -0.0112294 2.09064
-0.303245 -0.0368476 2.09085
0.132293 0.455526 2.13909
0.18451 0.203777 2.18394
0.256898 -0.00255214 2.18398
0.254281 -0.0363475 2.18161
-0.0970647 -0.00608622 2.13918
-0.11078 -0.345552 2.0339
-0.120495 -0.676065 1.95874
-0.107811 -0.750179 1.86464
0.0503411 -0.00404041 2.15024
0.0384719 -0.325634 2.29355
-0.00627564 -0.594914 2.37042
-0.000804297 -0.673386 2.29728
-0.032723 0.50555 2.13263
-0.321471 -0.109549 2.10754
-0.321739 -0.0413149 2.05658
0.265769 -0.111952 2.21262
0.243763 -0.069259 2.19756
-0.0230631 -0.0093035 2.16037
-0.0292889 0.286698 2.13942
-0.0352019 0.572391 2.1065
-0.0263109 0.719372 2.08111
-0.192146 0.441414 2.08651
-0.233789 0.193948 2.1012
-0.295639 -0.0160287 2.08297
-0.303989 -0.0383174 2.07933
0.130005 0.448947 2.12247
0.182636 0.199635 2.16871
0.255201 -0.00671607 2.16718
0.253017 -0.0396262 2.16178
-0.0966275 -0.0105847 2.11927
-0.110094 -0.346245 2.02412
-0.119928 -0.676475 1.95801
-0.107863 -0.749971 1.86459
0.0511969 -0.00770873 2.13217
0.0370588 -0.330965 2.28427
-0.00798817 -0.601138 2.36846
0.00031332 -0.677921 2.29489
-0.0337751 0.502416 2.11682
-0.320414 -0.114386 2.09516
-0.332788 -0.0824388 2.054
0.264906 -0.110481 2.18873
0.245499 -0.0873754 2.18438
-0.0232011 -0.00866891 2.14762
-0.0311469 0.287606 2.12371
-0.0388323 0.57336 2.08763
-0.0270531 0.719534 2.06245
-0.193422 0.440724 2.06473
-0.235678 0.189978 2.07706
-0.300645 -0.0187889 2.05347
-0.306608 -0.0426558 2.0487
0.129297 0.450576 2.11117
0.182024 0.199392 2.15677
0.255622 -0.00673912 2.15179
0.256088 -0.0349099 2.14804
-0.0963716 -0.00968073 2.10468
-0.112695 -0.345999 2.01763
-0.120424 -0.676638 1.9583
-0.108058 -0.750238 1.86518
0.050727 -0.00734685 2.12132
0.0349626 -0.329685 2.27657
-0.00956236 -0.603383 2.3676
0.000544282 -0.679032 2.29219
-0.0369631 0.503402 2.09875
-0.318815 -0.114535 2.06389
-0.328606 -0.0530793 2.01615
0.268653 -0.10362 2.17059
0.278027 -0.0821075 2.1315
-0.0230086 -0.00873668 2.14692
-0.0310106 0.287252 2.12017
-0.0389462 0.572519 2.07996
-0.0268104 0.718372 2.05563
-0.192261 0.440671 2.05583
-0.234712 0.18714 2.06912
-0.298325 -0.0217655 2.04143
-0.302322 -0.0450497 2.03685
0.129082 0.450704 2.10613
0.181917 0.199775 2.15289
0.256796 -0.00579579 2.15046
0.258779 -0.0334582 2.15021
-0.0960225 -0.00975017 2.10349
-0.113197 -0.345744 2.01612
-0.120441 -0.676886 1.95851
-0.108023 -0.750061 1.8654
0.0508101 -0.0073999 2.12094
0.0347091 -0.329876 2.27594
-0.00965038 -0.603001 2.36651
0.00115838 -0.67933 2.29264
-0.0370026 0.502702 2.09219
-0.313171 -0.116608 2.05068
-0.32721 -0.0618685 2.00518
0.274096 -0.103264 2.17331
0.264876 -0.0310007 2.11053
-0.0227064 -0.00775593 2.1509
-0.0308556 0.287432 2.12097
-0.0388759 0.572429 2.07963
-0.0267293 0.718354 2.05432
-0.191873 0.441415 2.05619
-0.233491 0.18788 2.07008
-0.294783 -0.0216077 2.04082
-0.296381 -0.0387638 2.04835
0.129122 0.450738 2.10583
0.181925 0.200615 2.15412
0.256272 -0.00511797 2.15248
0.251966 -0.0292057 2.15925
-0.0958154 -0.00881843 2.10696
-0.112225 -0.345817 2.01708
-0.119804 -0.677024 1.95753
-0.107942 -0.74986 1.8651
0.051181 -0.00641383 2.12566
0.0344097 -0.331233 2.27684
-0.009777 -0.602283 2.36553
0.00163565 -0.67903 2.29267
-0.03691 0.502646 2.09201
-0.309233 -0.112401 2.05871
-0.315292 -0.0552565 2.01632
0.267388 -0.105822 2.18471
0.222007 -0.0387283 2.15267
-0.0171618 -0.00297554 2.17216
-0.0264398 0.289378 2.13371
-0.0356801 0.572214 2.08491
-0.023772 0.718133 2.05797
-0.18847 0.443722 2.06786
-0.226632 0.194641 2.0961
-0.28837 -0.0154113 2.07851
-0.295105 -0.0353195 2.09471
0.131721 0.45601 2.11728
0.18321 0.203525 2.17407
0.254498 -0.00343786 2.16868
0.251781 -0.0262342 2.18379
-0.0904981 -0.00515016 2.1278
-0.106685 -0.34428 2.02205
-0.118949 -0.67658 1.95565
-0.107554 -0.749344 1.86335
0.0567338 -0.000663661 2.14745
0.0376845 -0.327105 2.28765
-0.00764901 -0.597097 2.36701
0.00250044 -0.674494 2.29505
-0.0333975 0.502871 2.09897
-0.307328 -0.110214 2.10771
-0.317219 -0.0588458 2.06622
0.264958 -0.0996224 2.20461
0.229971 -0.0409249 2.15661
-0.0156198 0.00145781 2.18737
-0.0233882 0.293146 2.14633
-0.0312008 0.574934 2.09418
-0.0185208 0.720341 2.06484
-0.185254 0.44725 2.07846
-0.225098 0.197952 2.11413
-0.287897 -0.0117299 2.11027
-0.295527 -0.024782 2.13033
0.13507 0.45887 2.13025
0.183474 0.208718 2.19315
0.255842 0.00292452 2.20058
0.253252 -0.0203721 2.21322
-0.0889751 -0.000411842 2.14261
-0.105208 -0.337155 2.04277
-0.13071 -0.650324 2.04572
-0.112657 -0.741158 1.94098
0.0582108 0.00330902 2.16299
0.0397223 -0.320311 2.29408
-0.00794123 -0.598534 2.36915
0.00175439 -0.674866 2.29487
-0.0292536 0.505909 2.1092
-0.312657 -0.100861 2.14659
-0.314983 -0.0373738 2.0992
0.26825 -0.0953375 2.23609
0.232346 -0.0321358 2.1834
-0.0162867 0.00807352 2.20072
-0.0220989 0.297836 2.15544
-0.028348 0.577899 2.0996
-0.0142322 0.722504 2.0694
-0.18308 0.450521 2.08297
-0.22566 0.200689 2.12511
-0.293832 -0.00696852 2.12707
-0.302522 -0.0171912 2.14711
0.136995 0.461692 2.13815
0.184154 0.213685 2.2073
0.254739 0.00864785 2.22615
0.252091 -0.0188155 2.24133
-0.0894229 0.00777221 2.15616
-0.105466 -0.30536 2.08062
-0.143481 -0.6443 2.17873
-0.139893 -0.714355 2.07422
0.0573463 0.0082854 2.17621
0.0395489 -0.30933 2.29674
-0.0072309 -0.594976 2.37051
-0.00344563 -0.677281 2.27943
-0.0267566 0.509281 2.11548
-0.316127 -0.0981497 2.17183
-0.322524 -0.0315772 2.11819
0.264655 -0.0912339 2.2692
0.230789 -0.0261853 2.2085
-0.0200576 0.0127495 2.21397
-0.0225687 0.30113 2.16381
-0.026443 0.579881 2.10367
-0.0111514 0.72398 2.07312
-0.181374 0.452984 2.08771
-0.227369 0.203156 2.13272
-0.297712 -0.00386018 2.13307
-0.307855 -0.0209255 2.15222
0.138167 0.463813 2.14344
0.184087 0.216811 2.21936
0.253288 0.0125582 2.24568
0.251543 -0.0178473 2.26231
-0.0934766 0.0134922 2.1689
-0.107442 -0.29255 2.12939
-0.146703 -0.581832 2.34363
-0.150024 -0.672852 2.28906
0.0539349 0.011642 2.19005
0.0403729 -0.291612 2.29791
-0.0043892 -0.584614 2.3721
-0.00450735 -0.67457 2.2946
-0.0253571 0.511573 2.12052
-0.320522 -0.0968178 2.17756
-0.328645 -0.0297124 2.12112
0.263265 -0.0904018 2.29432
0.230202 -0.0226414 2.25065
-0.0266362 0.0158119 2.22939
-0.0254135 0.303808 2.17294
-0.0259024 0.581641 2.10703
-0.0100595 0.726664 2.07721
-0.181156 0.454863 2.09076
-0.228268 0.203897 2.13669
-0.299486 -0.00294287 2.13448
-0.306255 -0.0188204 2.14976
0.137426 0.465623 2.15059
0.182265 0.217467 2.22898
0.252246 0.0138774 2.25729
0.247952 -0.0181405 2.27123
-0.0997443 0.0165489 2.18125
-0.104673 -0.267237 2.24291
-0.149519 -0.510171 2.50486
-0.126423 -0.567218 2.38294
0.0473126 0.0146927 2.20866
0.0382104 -0.275698 2.3023
-0.0011726 -0.57208 2.37539
-0.00508295 -0.67252 2.29831
-0.0255258 0.513623 2.1252
-0.317032 -0.0914005 2.17726
-0.325491 -0.0331136 2.11845
0.26083 -0.0910774 2.30693
0.229095 -0.0225228 2.23757
-0.0326495 0.0164943 2.24521
-0.0287754 0.304465 2.18066
-0.0263748 0.58218 2.10814
-0.0100539 0.726647 2.07793
-0.181266 0.455279 2.09114
-0.229166 0.203851 2.13759
-0.300864 -0.00275299 2.13667
-0.30941 -0.0195979 2.15357
0.136196 0.46675 2.15492
0.179938 0.217104 2.23425
0.250796 0.0133993 2.26034
0.243681 -0.0176609 2.27279
-0.105655 0.0157324 2.19583
-0.123611 -0.264874 2.32775
-0.158998 -0.505396 2.59317
-0.13471 -0.563513 2.47204
0.0413462 0.0168526 2.22557
0.0343659 -0.266341 2.31179
0.000276019 -0.567577 2.37831
-0.00272324 -0.670923 2.29801
-0.0266575 0.514265 2.12765
-0.320892 -0.0959303 2.18708
-0.329525 -0.0336795 2.12082
0.25331 -0.0905442 2.30759
0.223543 -0.0224666 2.24247
-0.0419149 0.016426 2.26115
-0.0352073 0.304678 2.19089
-0.0288681 0.582758 2.11092
-0.0116789 0.726959 2.07973
-0.182777 0.455587 2.09291
-0.232451 0.203539 2.14155
-0.30338 -0.00311933 2.14399
-0.313912 -0.0210585 2.16175
0.132212 0.466942 2.1586
0.175895 0.216958 2.24151
0.246951 0.0130935 2.26635
0.239107 -0.0175337 2.27749
-0.115141 0.0139199 2.21343
-0.134186 -0.240079 2.36838
-0.167253 -0.49234 2.62379
-0.142308 -0.551495 2.50337
0.0325608 0.0183508 2.23987
0.0293622 -0.256547 2.32206
0.00173661 -0.562303 2.38093
-0.00148133 -0.670177 2.29823
-0.0303319 0.514772 2.1325
-0.323742 -0.0965651 2.19315
-0.329751 -0.0328751 2.12582
0.24854 -0.0898413 2.31068
0.239381 -0.0116604 2.23222
-0.0517612 0.0195901 2.27615
-0.0425885 0.306422 2.20169
-0.0335794 0.583705 2.11651
-0.0157951 0.727862 2.08445
-0.188792 0.45803 2.10137
-0.239636 0.205419 2.15498
-0.31109 -0.00100762 2.15777
-0.319579 -0.0158262 2.1815
0.127321 0.468269 2.16394
0.169985 0.219236 2.24743
0.239489 0.0152245 2.27448
0.232774 -0.0460746 2.3042
-0.124933 0.0165785 2.22982
-0.141725 -0.24796 2.40475
-0.164296 -0.505442 2.65629
-0.163697 -0.593208 2.6452
0.0229627 0.0219552 2.25344
0.024323 -0.255014 2.33311
0.00111398 -0.561924 2.38227
0.000782705 -0.670585 2.29919
-0.0358369 0.515847 2.13968
-0.33426 -0.0890653 2.21222
-0.338441 -0.0295743 2.14905
0.233484 -0.0907088 2.32606
0.203781 -0.0328912 2.268
-0.05496 0.0196537 2.28108
-0.0460228 0.306455 2.20664
-0.0370683 0.58374 2.12092
-0.0178592 0.727582 2.08775
-0.193584 0.458937 2.10863
-0.245382 0.207307 2.1641
-0.317946 0.00154157 2.17008
-0.327401 -0.0138947 2.19298
0.123567 0.468144 2.16878
0.165599 0.219488 2.25173
0.234956 0.015067 2.27689
0.224833 -0.0464175 2.30301
-0.128058 0.0167653 2.23525
-0.142121 -0.247842 2.40976
-0.16281 -0.506774 2.66005
-0.163573 -0.593966 2.64734
0.0198009 0.0219553 2.2579
0.0214989 -0.254684 2.33782
0.000805422 -0.561826 2.38266
0.000907473 -0.668404 2.3004
-0.0393384 0.515855 2.14435
-0.342573 -0.0900257 2.22696
-0.347034 -0.025941 2.16069
0.225225 -0.0950576 2.32823
0.25042 -0.0322804 2.2772
-0.0556157 0.0201984 2.28169
-0.0472713 0.307363 2.20817
-0.0390317 0.585022 2.12354
-0.0210267 0.729023 2.09185
-0.195459 0.460069 2.11042
-0.248117 0.207441 2.16723
-0.321685 0.00217369 2.17458
-0.331406 -0.0163381 2.19215
0.120735 0.46877 2.17014
0.163389 0.220189 2.25281
0.231482 0.0152087 2.27729
0.225893 -0.0461085 2.30258
-0.128824 0.0175313 2.23585
-0.142397 -0.239053 2.4063
-0.16265 -0.500485 2.65424
-0.1631 -0.593847 2.64876
0.0192237 0.0223514 2.25852
0.0202173 -0.254324 2.33929
0.000595777 -0.561765 2.38281
0.000914163 -0.668374 2.30047
-0.0411115 0.517039 2.1467
-0.34683 -0.085693 2.22597
-0.352048 -0.0226716 2.15807
0.225183 -0.0950377 2.32773
0.242682 -0.0455758 2.29132
-0.0556966 0.0205158 2.28074
-0.0477106 0.30774 2.20831
-0.0401059 0.585664 2.12448
-0.023095 0.729922 2.09417
-0.195973 0.460359 2.11064
-0.24796 0.208217 2.16638
-0.319997 0.00194365 2.1681
-0.32372 -0.0225439 2.17362
0.120078 0.470107 2.17068
0.16294 0.2211 2.25239
0.231941 0.0160373 2.27465
0.237464 -0.0440207 2.2925
-0.128856 0.0176694 2.23482
-0.141074 -0.234584 2.38512
-0.161731 -0.489566 2.63928
-0.138787 -0.549287 2.51874
0.0190852 0.0228643 2.2576
0.0196713 -0.253804 2.33787
0.000207288 -0.560088 2.38233
0.000858061 -0.6669 2.29974
-0.0419775 0.517599 2.14741
-0.336607 -0.0922479 2.20768
-0.340572 -0.034603 2.13811
0.237472 -0.0881043 2.31334
0.255939 -0.0610888 2.271
-0.0500847 0.0191189 2.2716
-0.0464261 0.307348 2.20583
-0.0404091 0.585684 2.12464
-0.0249106 0.729658 2.09516
-0.196356 0.460209 2.11114
-0.243005 0.207202 2.1605
-0.304296 -0.00295066 2.14352
-0.30389 -0.0291767 2.1428
0.120365 0.469428 2.16955
0.166938 0.220051 2.247
0.240236 0.0152974 2.26102
0.242157 -0.0205217 2.26339
-0.123573 0.0170313 2.22591
-0.128743 -0.260476 2.31242
-0.15553 -0.490806 2.5872
-0.13307 -0.549774 2.46611
0.0249205 0.0206301 2.24812
0.0249881 -0.258112 2.32947
0.000136287 -0.559085 2.38248
0.000553078 -0.667246 2.30021
-0.0420833 0.517607 2.14726
-0.311256 -0.102089 2.16804
-0.323241 -0.0514738 2.11048
0.247665 -0.0895696 2.29711
0.264155 -0.0342303 2.23887
-0.0452601 0.0174404 2.26666
-0.0448018 0.306164 2.20389
-0.0409901 0.584866 2.12525
-0.0264359 0.728791 2.09551
-0.197317 0.459359 2.11356
-0.240138 0.205809 2.15827
-0.294863 -0.0058279 2.13338
-0.292741 -0.0265143 2.13031
0.12067 0.46771 2.16561
0.169833 0.21723 2.23938
0.244352 0.0123528 2.24828
0.242351 -0.022562 2.25062
-0.119186 0.0162977 2.22177
-0.120065 -0.266867 2.26767
-0.153514 -0.516981 2.52485
-0.188895 -0.606252 2.52513
0.0300487 0.0179486 2.24232
0.0317043 -0.264351 2.32613
0.000426683 -0.560124 2.38238
0.000837061 -0.667676 2.2998
-0.0421513 0.516948 2.14729
-0.301004 -0.100906 2.14723
-0.311017 -0.0433844 2.09271
0.252541 -0.090734 2.2849
0.257676 -0.0244473 2.21295
-0.0426608 0.0184373 2.26163
-0.043809 0.306259 2.20162
-0.041536 0.584533 2.12562
-0.0285977 0.729059 2.09496
-0.198998 0.460436 2.117
-0.238782 0.20736 2.1572
-0.289011 -0.00497627 2.12658
-0.289615 -0.0206929 2.12693
0.120067 0.468191 2.16317
0.169903 0.217594 2.23229
0.24327 0.0116666 2.2337
0.237707 -0.019186 2.23352
-0.116662 0.0179761 2.21729
-0.113914 -0.268876 2.24145
-0.140507 -0.555762 2.46067
-0.162598 -0.645996 2.38672
0.0326609 0.0182889 2.2366
0.0343023 -0.269222 2.32183
0.00151532 -0.559424 2.38106
-0.011157 -0.667095 2.30882
-0.0423189 0.516699 2.14719
-0.3011 -0.100942 2.1477
-0.302649 -0.0459617 2.08854
0.247526 -0.0887672 2.26673
0.256002 -0.0346842 2.20508
-0.0423292 0.0210914 2.25671
-0.0439782 0.307839 2.1996
-0.0434044 0.585786 2.12697
-0.033332 0.730774 2.09629
-0.20212 0.462776 2.12162
-0.238164 0.210039 2.15727
-0.289043 -0.00162295 2.12163
-0.296143 -0.0178331 2.12241
0.118926 0.471305 2.16153
0.16835 0.220356 2.22678
0.240517 0.0137907 2.22491
0.237577 -0.0176792 2.2242
-0.116254 0.0205674 2.21374
-0.109921 -0.279979 2.22148
-0.126314 -0.587698 2.37379
-0.123639 -0.673217 2.3
0.032875 0.0208848 2.23027
0.0322575 -0.291008 2.32243
-0.000101405 -0.56676 2.38132
-0.00890941 -0.669771 2.3062
-0.0434198 0.517674 2.14742
-0.3065 -0.0937238 2.13816
-0.312181 -0.0331106 2.08781
0.251754 -0.0890431 2.25713
0.252177 0.0267958 2.21075
-0.0436536 0.0220257 2.25248
-0.0454364 0.309068 2.19903
-0.0476102 0.588252 2.13204
-0.0367499 0.731742 2.09872
-0.204495 0.46432 2.1236
-0.239528 0.212826 2.15665
-0.291155 0.00139261 2.12054
-0.300446 -0.0169419 2.12577
0.116633 0.473998 2.16287
0.166404 0.220997 2.22644
0.238685 0.0144287 2.22382
0.232849 -0.0164256 2.22571
-0.117322 0.0214868 2.20886
-0.108249 -0.284346 2.21876
-0.119546 -0.600634 2.35157
-0.113877 -0.682349 2.26997
0.0313762 0.0218326 2.22673
0.0313513 -0.297464 2.32297
-0.005514 -0.57292 2.37977
-0.00931473 -0.670485 2.30476
-0.0467937 0.519779 2.15045
-0.312797 -0.0938494 2.14127
-0.315431 -0.0279706 2.08943
0.248412 -0.0885415 2.2531
0.245002 0.00315969 2.22029
-0.047649 0.0211543 2.24471
-0.0493706 0.30972 2.19764
-0.053518 0.589563 2.13678
-0.0434773 0.733943 2.1055
-0.208886 0.464126 2.12546
-0.243425 0.213587 2.15471
-0.296447 0.00223546 2.12096
-0.308889 -0.0158367 2.12862
0.111015 0.474668 2.16663
0.160892 0.221855 2.22733
0.231684 0.0147919 2.22569
0.223331 -0.0164728 2.23246
-0.120758 0.0205444 2.20158
-0.10868 -0.290624 2.22098
-0.116492 -0.602427 2.34719
-0.112179 -0.683112 2.26935
0.0269538 0.0211255 2.21857
0.0283482 -0.300283 2.3204
-0.00800637 -0.574745 2.37708
-0.0094606 -0.671009 2.30343
-0.0522235 0.520939 2.15353
-0.323759 -0.0940111 2.14515
-0.326307 -0.0267163 2.08925
0.238397 -0.0882935 2.25641
0.228306 -0.0471677 2.274
-0.0528358 0.020947 2.23832
-0.054819 0.310765 2.19675
-0.0595484 0.591479 2.14227
-0.0514798 0.737949 2.11315
-0.213544 0.464864 2.12679
-0.251513 0.216117 2.15066
-0.30754 0.00516837 2.12081
-0.320624 -0.0126577 2.1284
0.104833 0.476968 2.17168
0.154173 0.222679 2.23003
0.223673 0.0152492 2.23015
0.213885 -0.0173308 2.23878
-0.125622 0.0203728 2.19403
-0.114985 -0.294356 2.22598
-0.115559 -0.60295 2.34608
-0.112603 -0.68405 2.26781
0.021566 0.0208842 2.21328
0.0189379 -0.305023 2.316
-0.0121536 -0.582945 2.37675
-0.00635469 -0.671851 2.29804
-0.0582154 0.522655 2.15748
-0.335823 -0.088134 2.14285
-0.341542 -0.023545 2.091
0.230922 -0.0905798 2.26943
0.220396 0.00838804 2.23145
-0.0594045 0.0206775 2.22941
-0.0620948 0.313007 2.1949
-0.0671136 0.595882 2.14767
-0.0598495 0.743321 2.12285
-0.219986 0.466915 2.12543
-0.264044 0.220283 2.14185
-0.323378 0.00996166 2.11556
-0.341106 -0.0173413 2.11628
0.0980913 0.479398 2.17629
0.145855 0.223262 2.22957
0.217123 0.0165354 2.23151
0.21579 -0.0463887 2.25068
-0.131611 0.0198543 2.18374
-0.126646 -0.299555 2.24863
-0.115778 -0.603729 2.34797
-0.114106 -0.684242 2.26856
0.014638 0.0208498 2.20582
0.0075603 -0.306099 2.30965
-0.0127401 -0.58144 2.37589
-0.0077656 -0.672401 2.29444
-0.0657466 0.52649 2.16119
-0.351651 -0.0871436 2.13388
-0.358421 -0.0282801 2.08211
0.22011 -0.0926666 2.27699
0.220186 -0.0500891 2.26517
-0.0663534 0.0193201 2.2231
-0.0687481 0.312993 2.19289
-0.0726324 0.596563 2.14962
-0.0630792 0.743961 2.12516
-0.22495 0.466454 2.12283
-0.272132 0.218753 2.13453
-0.334187 0.00919412 2.10904
-0.352001 -0.0217761 2.10881
0.0936346 0.479884 2.17869
0.142184 0.22216 2.22891
0.215368 0.0160938 2.23058
0.214064 -0.0473237 2.24202
-0.137767 0.018358 2.17713
-0.133716 -0.296923 2.26607
-0.117278 -0.602236 2.35083
-0.11631 -0.684594 2.26966
0.00708921 0.0196785 2.19988
-0.0024148 -0.296418 2.30385
-0.0130877 -0.578766 2.374
-0.00784458 -0.672143 2.29291
-0.0715369 0.527065 2.16233
-0.361852 -0.0885271 2.12424
-0.354192 -0.0207431 2.0721
0.21511 -0.092957 2.26667
0.209842 -0.0718187 2.265
-0.0696114 0.01735 2.21955
-0.0726077 0.311999 2.19084
-0.0760283 0.596385 2.14953
-0.0654557 0.743093 2.12703
-0.227851 0.466097 2.12093
-0.27618 0.217094 2.13079
-0.33981 0.00803731 2.10521
-0.355993 -0.0230649 2.11032
0.0907045 0.479003 2.18027
0.139481 0.22102 2.22832
0.211348 0.0144045 2.22871
0.208743 -0.0490634 2.23696
-0.140865 0.0161742 2.17233
-0.136767 -0.294784 2.26973
-0.118109 -0.604115 2.35258
-0.117765 -0.684508 2.27016
0.00378044 0.0179529 2.19735
-0.0038884 -0.292871 2.30162
-0.0132226 -0.575484 2.37223
-0.00757193 -0.672486 2.29144
-0.0751203 0.526724 2.16185
-0.366729 -0.0938203 2.12853
-0.375939 -0.0298721 2.07949
0.212512 -0.0982726 2.26257
0.1856 -0.0579804 2.2099
-0.0738978 0.0151045 2.21552
-0.0767877 0.310689 2.18843
-0.0796251 0.595892 2.14894
-0.0691711 0.743079 2.12782
-0.231826 0.465092 2.11902
-0.278993 0.216022 2.12971
-0.343954 0.00717669 2.10767
-0.357366 -0.0208101 2.11935
0.0865968 0.477261 2.17923
0.13491 0.219232 2.22551
0.204909 0.0118981 2.22476
0.197197 -0.0216575 2.22424
-0.144864 0.0144837 2.16847
-0.139044 -0.293919 2.27065
-0.118876 -0.606129 2.35415
-0.118911 -0.684257 2.27114
-0.000631391 0.0152262 2.19333
-0.00772774 -0.293532 2.29986
-0.0139443 -0.576665 2.37184
-0.00766498 -0.673293 2.29223
-0.0789093 0.526051 2.16086
-0.367532 -0.0939832 2.13978
-0.370004 -0.0276797 2.08218
0.204729 -0.0944888 2.24701
0.175859 -0.0252604 2.19581
-0.0759098 0.0147266 2.21439
-0.0790005 0.310576 2.18712
-0.0817917 0.596119 2.14768
-0.0713545 0.742679 2.12618
-0.234422 0.464535 2.11848
-0.281769 0.216516 2.13146
-0.347958 0.00790774 2.11319
-0.361135 -0.019892 2.12891
0.0844308 0.476982 2.17686
0.131941 0.218934 2.22156
0.201857 0.0116144 2.22177
0.194108 -0.0191702 2.21595
-0.146978 0.0140863 2.1673
-0.139535 -0.293443 2.27072
-0.118867 -0.607317 2.35399
-0.119717 -0.684164 2.27133
-0.00251072 0.0148788 2.19224
-0.00802199 -0.294101 2.29997
-0.0144238 -0.577269 2.37193
-0.00736723 -0.673426 2.29159
-0.0811303 0.526191 2.1596
-0.372397 -0.0937253 2.1466
-0.384799 -0.0313496 2.10035
0.197346 -0.0938983 2.23302
0.207681 -0.018568 2.20845
-0.0768405 0.0149952 2.21415
-0.0809201 0.310861 2.18558
-0.0848083 0.596343 2.14435
-0.0744127 0.742796 2.12298
-0.237804 0.464744 2.11807
-0.284021 0.217047 2.13409
-0.350859 0.00861128 2.11735
-0.364021 -0.0212447 2.13095
0.0829823 0.477239 2.17384
0.13035 0.220987 2.21698
0.199842 0.0133433 2.21392
0.195373 -0.0179623 2.20507
-0.147908 0.0143399 2.16718
-0.139734 -0.293443 2.27068
-0.119149 -0.606353 2.35381
-0.120062 -0.684363 2.27151
-0.00344249 0.0151737 2.19188
-0.00803135 -0.292925 2.29951
-0.0146406 -0.577585 2.37207
-0.00744963 -0.673432 2.29102
-0.0838903 0.526439 2.15676
-0.372586 -0.0895266 2.14748
-0.388668 -0.0327455 2.10178
0.194763 -0.0873062 2.22196
0.214266 -0.0363561 2.17406
-0.0773806 0.0151969 2.21428
-0.0821709 0.311062 2.18466
-0.0870354 0.596505 2.14188
-0.0760706 0.742583 2.12008
-0.239261 0.464721 2.11756
-0.285012 0.217505 2.13578
-0.351617 0.00899744 2.11893
-0.361395 -0.0212823 2.12932
0.0818282 0.477438 2.17072
0.129445 0.222653 2.21345
0.20032 0.0153686 2.20731
0.197344 -0.0160905 2.1987
-0.148542 0.0144296 2.16748
-0.139951 -0.293097 2.27073
-0.119256 -0.607145 2.3538
-0.120283 -0.68434 2.27171
-0.00392762 0.0154985 2.1919
-0.00823497 -0.290857 2.29846
-0.0147279 -0.576737 2.37211
-0.00774761 -0.673146 2.29045
-0.0858809 0.526618 2.15471
-0.370703 -0.0951886 2.14919
-0.383626 -0.0345633 2.0992
0.204136 -0.0882977 2.23095
0.211726 -0.0278376 2.16663
-0.0778441 0.0155579 2.21466
-0.0829439 0.311125 2.1842
-0.0882438 0.596179 2.14046
-0.0788574 0.742421 2.1183
-0.240787 0.464913 2.11752
-0.285607 0.217615 2.13687
-0.351195 0.00877737 2.12013
-0.359188 -0.0250931 2.12851
0.0807475 0.477971 2.16797
0.128508 0.22368 2.21093
0.199993 0.0165483 2.20212
0.196287 -0.0145406 2.19455
-0.149182 0.0147347 2.16818
-0.140104 -0.293053 2.27116
-0.119677 -0.607994 2.35467
-0.120461 -0.684397 2.27214
-0.00424148 0.015897 2.19206
-0.00816208 -0.290552 2.29865
-0.0147531 -0.576921 2.37275
-0.00872699 -0.673065 2.29032
-0.0869951 0.526405 2.15354
-0.366556 -0.0951485 2.14573
-0.391247 -0.0322467 2.116
0.205136 -0.082631 2.2223
0.209642 -0.0230149 2.15753
-0.0782683 0.0159954 2.21529
-0.0838933 0.311207 2.18374
-0.0901489 0.595807 2.13862
-0.0809179 0.741732 2.11606
-0.242433 0.465107 2.11769
-0.285586 0.217692 2.13764
-0.349962 0.00847975 2.12048
-0.357512 -0.0266901 2.12638
0.078874 0.478525 2.16539
0.128071 0.224126 2.20993
0.19962 0.0170019 2.19988
0.194731 -0.0120455 2.1929
-0.149778 0.0150274 2.16964
-0.140111 -0.293529 2.27167
-0.119326 -0.609002 2.3553
-0.120555 -0.68425 2.27215
-0.00454401 0.016463 2.1922
-0.00788813 -0.290137 2.29894
-0.0145657 -0.57695 2.37283
-0.00821787 -0.673487 2.29007
-0.088659 0.526166 2.15208
-0.364621 -0.095772 2.14321
-0.345098 -0.0142419 2.08768
0.201639 -0.0818732 2.22013
0.209499 -0.0250331 2.16198
-0.0787268 0.0169499 2.21646
-0.08472 0.311481 2.18336
-0.0917542 0.595621 2.13679
-0.0837362 0.742663 2.11405
-0.244166 0.465435 2.11721
-0.285783 0.218062 2.13852
-0.348618 0.0083605 2.12167
-0.355043 -0.0243197 2.13019
0.0776744 0.479122 2.16395
0.127826 0.224516 2.20971
0.199305 0.017363 2.19875
0.194069 -0.009329 2.19646
-0.150247 0.0158545 2.17125
-0.140253 -0.293389 2.2716
-0.119799 -0.607267 2.35454
-0.120701 -0.684129 2.27209
-0.00492175 0.017494 2.19291
-0.00825816 -0.288942 2.29882
-0.0146593 -0.577443 2.37297
-0.00816847 -0.673454 2.28949
-0.0900646 0.526123 2.15066
-0.364906 -0.0967018 2.14553
-0.357252 -0.022173 2.09392
0.200482 -0.0762683 2.21407
0.20817 -0.0162749 2.16087
-0.0796322 0.0189146 2.21928
-0.0860116 0.312143 2.18317
-0.0937499 0.595587 2.13433
-0.087116 0.741892 2.10993
-0.246417 0.466684 2.11609
-0.286004 0.218442 2.13955
-0.346617 0.00803987 2.12391
-0.350701 -0.0251657 2.13503
0.0757283 0.480411 2.16294
0.127142 0.226195 2.21024
0.197892 0.0187886 2.20083
0.190848 -0.00687663 2.20449
-0.151033 0.0172415 2.17369
-0.140587 -0.293589 2.27313
-0.119779 -0.608079 2.35486
-0.12082 -0.684094 2.27231
-0.00583799 0.0200441 2.19597
-0.00884445 -0.288208 2.3009
-0.0142451 -0.575744 2.37357
-0.00805004 -0.673379 2.29007
-0.0918678 0.526272 2.14884
-0.360935 -0.0958564 2.15036
-0.354546 -0.026443 2.09753
0.198356 -0.0723291 2.21733
0.207193 -0.0167681 2.16967
-0.0806647 0.0201434 2.22204
-0.087259 0.312407 2.18333
-0.0954886 0.595058 2.13262
-0.0895098 0.740161 2.10551
-0.248153 0.467129 2.11551
-0.286166 0.218556 2.14046
-0.344774 0.00753795 2.12675
-0.351035 -0.0264597 2.13606
0.0743069 0.48162 2.16281
0.126771 0.226605 2.21171
0.196476 0.0188854 2.20517
0.18718 -0.00656983 2.2105
-0.152057 0.0181472 2.17656
-0.140915 -0.293299 2.27468
-0.119832 -0.608654 2.35517
-0.120996 -0.68396 2.27254
-0.00681345 0.0215314 2.19854
-0.0094388 -0.288664 2.30377
-0.0135463 -0.571891 2.3737
-0.00805578 -0.673283 2.29011
-0.0934611 0.525963 2.14764
-0.35948 -0.0958305 2.15437
-0.374489 -0.0499468 2.10037
0.196451 -0.072317 2.22328
0.20676 -0.00620138 2.18289
-0.0815409 0.0205496 2.22389
-0.0885754 0.312405 2.18344
-0.0971921 0.594477 2.13114
-0.0921929 0.739525 2.10199
-0.249645 0.466974 2.11515
-0.287067 0.218805 2.14156
-0.344245 0.00739074 2.12736
-0.352792 -0.0272141 2.13714
0.0723949 0.482176 2.16254
0.125669 0.227379 2.21323
0.194414 0.0194194 2.20957
0.185544 -0.00443474 2.2136
-0.152985 0.0184678 2.17847
-0.140766 -0.293 2.27554
-0.119511 -0.610446 2.35585
-0.121026 -0.683816 2.27251
-0.00759985 0.0219837 2.2003
-0.0103591 -0.289029 2.30513
-0.0137521 -0.571926 2.37372
-0.00742247 -0.674039 2.28994
-0.0950835 0.52552 2.14655
-0.360299 -0.0954583 2.14945
-0.350907 -0.0202999 2.09874
0.195587 -0.0762969 2.23444
0.207344 -0.0239134 2.18977
-0.0827327 0.0206803 2.22544
-0.0902669 0.312178 2.18388
-0.098781 0.593814 2.13062
-0.0950411 0.73842 2.09926
-0.252123 0.466641 2.1155
-0.288645 0.218331 2.14318
-0.344057 0.00646426 2.12758
-0.354698 -0.0286758 2.13626
0.0720729 0.481979 2.16517
0.123495 0.228839 2.21495
0.192354 0.020904 2.21115
0.184743 -0.00261611 2.21357
-0.15417 0.0184168 2.1801
-0.141309 -0.292797 2.27612
-0.119989 -0.611087 2.35572
-0.121073 -0.683927 2.27256
-0.00875936 0.0222877 2.20175
-0.0114832 -0.290071 2.30712
-0.0148401 -0.572451 2.37414
-0.00706923 -0.6742 2.29001
-0.0967142 0.524942 2.1462
-0.361704 -0.102515 2.15369
-0.381523 -0.0366656 2.11244
0.194852 -0.0728563 2.23379
0.201524 -0.00949286 2.17846
-0.0847199 0.0205589 2.22636
-0.0931874 0.311988 2.18401
-0.101909 0.593449 2.12985
-0.097697 0.737331 2.09803
-0.254948 0.466185 2.11645
-0.290219 0.217872 2.14399
-0.34426 0.00562767 2.12945
-0.354816 -0.0297306 2.13678
0.0702044 0.48158 2.16644
0.121792 0.22935 2.21581
0.191409 0.0216444 2.21134
0.184494 -0.00403019 2.20871
-0.156194 0.0182739 2.18101
-0.142426 -0.29209 2.27649
-0.120187 -0.61156 2.35586
-0.121089 -0.683971 2.27263
-0.0106593 0.0221919 2.20268
-0.012871 -0.291551 2.30767
-0.0160455 -0.574322 2.37457
-0.00713818 -0.674462 2.29025
-0.0998258 0.524591 2.14558
-0.361148 -0.101512 2.15336
-0.376542 -0.0399049 2.10628
0.194552 -0.0737537 2.24008
0.205985 -0.0184744 2.19692
-0.0867441 0.0202537 2.22671
-0.0959966 0.311546 2.18406
-0.104951 0.592868 2.12965
-0.100256 0.736035 2.09687
-0.257617 0.465399 2.11595
-0.292068 0.217458 2.14456
-0.345513 0.00506835 2.12976
-0.356685 -0.0288967 2.13558
0.0646028 0.481871 2.16495
0.119824 0.229759 2.21495
0.189838 0.0221962 2.21089
0.183233 -0.0055407 2.20344
-0.158214 0.0180423 2.18116
-0.143275 -0.291554 2.27655
-0.120418 -0.612078 2.35602
-0.12097 -0.683993 2.27243
-0.0126273 0.0218264 2.20321
-0.0152031 -0.293889 2.30794
-0.0169221 -0.574203 2.37405
-0.00710145 -0.674632 2.2901
-0.102835 0.524021 2.14539
-0.36405 -0.101014 2.15319
-0.375744 -0.0391554 2.10132
0.189983 -0.0752781 2.23615
0.200065 0.000243165 2.20267
-0.0883254 0.0202357 2.22769
-0.0982058 0.311496 2.1848
-0.107635 0.592781 2.13023
-0.103882 0.737688 2.09791
-0.260897 0.465142 2.11755
-0.294511 0.217183 2.14594
-0.347388 0.00464849 2.13147
-0.360367 -0.0330263 2.13908
0.0610782 0.482327 2.16471
0.117934 0.22972 2.21515
0.18743 0.0219626 2.21063
0.177267 -0.00652092 2.20397
-0.159963 0.017992 2.18245
-0.143805 -0.290294 2.27663
-0.120925 -0.60936 2.35623
-0.121117 -0.684143 2.27282
-0.0140621 0.0218411 2.20393
-0.0170927 -0.294814 2.30838
-0.0186227 -0.576877 2.3738
-0.0067484 -0.675109 2.29002
-0.105396 0.52393 2.14598
-0.365757 -0.10687 2.15699
-0.387346 -0.044328 2.1136
0.182413 -0.0773079 2.22436
0.159679 0.00497218 2.199
