-0.140886 0.158016 2.26959
-0.154623 0.47002 2.20158
-0.166654 0.771092 2.12177
-0.164127 0.911626 2.08654
-0.33646 0.646059 2.11721
-0.378871 0.389935 2.16088
-0.385443 0.170891 2.1644
-0.374867 0.0930462 2.17082
0.0157804 0.668081 2.15233
0.109108 0.419824 2.2231
0.175754 0.215509 2.23674
0.172402 0.143667 2.23398
-0.219495 0.150549 2.2277
-0.229675 -0.209885 2.34551
-0.215783 -0.553802 2.42392
-0.218116 -0.629113 2.34108
-0.0576067 0.160512 2.23837
-0.0361965 -0.194349 2.36868
-0.030373 -0.546773 2.44525
-0.0167764 -0.624682 2.35194
-0.163731 0.697543 2.14391
-0.383937 0.00852408 2.18802
-0.332801 0.109813 2.1768
0.181412 0.0593448 2.2582
0.151811 0.118975 2.19731
-0.140424 0.158046 2.26973
-0.154567 0.470081 2.20159
-0.166815 0.771149 2.12172
-0.16495 0.911479 2.08633
-0.33674 0.645877 2.11721
-0.378929 0.389811 2.16089
-0.38537 0.170804 2.16423
-0.376096 0.0945562 2.17173
0.01551 0.66826 2.15182
0.109076 0.420032 2.22201
0.175174 0.2155 2.23539
0.170209 0.141715 2.23364
-0.21899 0.150493 2.22789
-0.228773 -0.210109 2.34609
-0.215692 -0.553875 2.42387
-0.217871 -0.629279 2.34062
-0.0572145 0.160601 2.23846
-0.0357075 -0.193939 2.36855
-0.0304002 -0.54693 2.44523
-0.0169459 -0.624885 2.35263
-0.163821 0.697599 2.14387
-0.381274 0.00909119 2.19349
-0.353144 0.0787025 2.13345
0.178375 0.0591194 2.25509
0.147741 0.103324 2.19189
-0.140047 0.157963 2.26982
-0.154509 0.470012 2.20161
-0.167111 0.770758 2.12168
-0.166916 0.911059 2.08525
-0.337337 0.645369 2.11746
-0.378935 0.389598 2.16112
-0.384562 0.169936 2.16373
-0.37458 0.093489 2.17223
0.0149236 0.668269 2.15053
0.10881 0.419012 2.21973
0.173936 0.213979 2.23161
0.167274 0.141891 2.22962
-0.218626 0.150394 2.22805
-0.228766 -0.210048 2.34601
-0.215661 -0.553377 2.42331
-0.217804 -0.629254 2.34062
-0.0568255 0.160501 2.23852
-0.0355408 -0.194068 2.36822
-0.0303643 -0.546332 2.44473
-0.0164121 -0.625074 2.35146
-0.164005 0.697331 2.14383
-0.383651 0.00994189 2.19514
-0.350367 0.0707515 2.1347
0.176949 0.0582005 2.25371
0.147473 0.113322 2.1961
-0.139942 0.157745 2.26973
-0.154605 0.469788 2.2017
-0.167741 0.770133 2.12219
-0.169579 0.91003 2.08413
-0.338078 0.644659 2.11842
-0.378991 0.38928 2.16266
-0.38344 0.168801 2.16563
-0.370749 0.0959765 2.17779
0.0144253 0.667967 2.14809
0.107865 0.418202 2.21779
0.170651 0.212257 2.22819
0.164161 0.138977 2.231
-0.218586 0.150184 2.22804
-0.228001 -0.210041 2.34608
-0.215754 -0.553064 2.42278
-0.217769 -0.629481 2.34034
-0.0566622 0.160236 2.23829
-0.0352775 -0.193978 2.36652
-0.0304183 -0.546568 2.44438
-0.015957 -0.626114 2.34833
-0.164512 0.696822 2.14418
-0.378814 0.0100732 2.19864
-0.327139 0.109595 2.17233
0.17309 0.0589704 2.25362
0.142515 0.112347 2.19587
-0.13994 0.157462 2.26943
-0.154616 0.46967 2.20171
-0.167798 0.769973 2.12244
-0.170176 0.909565 2.08383
-0.338299 0.644617 2.11952
-0.378971 0.390382 2.16544
-0.383282 0.170303 2.1671
-0.370813 0.0977705 2.17796
0.0141463 0.667334 2.14671
0.106487 0.417598 2.21486
0.168439 0.211476 2.22602
0.163359 0.135371 2.22807
-0.218633 0.149964 2.22793
-0.228594 -0.210006 2.34542
-0.216155 -0.553153 2.42252
-0.217668 -0.630241 2.33913
-0.0565992 0.159835 2.23765
-0.0353413 -0.194057 2.36508
-0.0304794 -0.545539 2.44338
-0.0154808 -0.625956 2.34706
-0.164572 0.696678 2.14434
-0.378235 0.0159047 2.19722
-0.325251 0.103932 2.17345
0.16808 0.0526844 2.24863
0.140209 0.107475 2.19171
-0.140165 0.157266 2.26892
-0.154627 0.469612 2.20166
-0.167704 0.769935 2.12265
-0.170505 0.909411 2.08354
-0.338683 0.644902 2.12104
-0.379467 0.391133 2.16772
-0.383636 0.171091 2.16821
-0.372667 0.0992343 2.18114
0.0140144 0.666848 2.14562
0.105141 0.416766 2.21262
0.166779 0.210545 2.22378
0.161554 0.135695 2.22404
-0.218901 0.149873 2.22781
-0.22841 -0.209894 2.34515
-0.216194 -0.552975 2.42225
-0.21761 -0.63027 2.33906
-0.056815 0.159439 2.23649
-0.0354905 -0.194292 2.36431
-0.0305295 -0.545979 2.44308
-0.0155462 -0.626033 2.34758
-0.164537 0.696638 2.14444
-0.386301 0.0221855 2.1943
-0.328027 0.08754 2.18252
0.167767 0.0538963 2.24549
0.135451 0.0982021 2.18183
-0.140861 0.156833 2.26818
-0.154824 0.469312 2.20145
-0.16763 0.769628 2.12289
-0.1709 0.908557 2.08258
-0.339032 0.644823 2.12142
-0.38024 0.390873 2.16867
-0.38638 0.172308 2.16994
-0.377762 0.0995102 2.18061
0.0139677 0.665855 2.14383
0.104106 0.414721 2.20981
0.164136 0.207877 2.21967
0.15752 0.134695 2.22177
-0.219599 0.149687 2.22746
-0.229117 -0.20934 2.34452
-0.216025 -0.553605 2.42195
-0.217691 -0.629891 2.33871
-0.0574899 0.158751 2.23539
-0.036749 -0.194811 2.36282
-0.030617 -0.546218 2.44243
-0.0153387 -0.626227 2.34641
-0.164561 0.696343 2.14454
-0.389982 0.0211123 2.19676
-0.333266 0.0941559 2.18342
0.163742 0.0525249 2.24188
0.135212 0.115084 2.18363
-0.14176 0.1564 2.26793
-0.155093 0.46898 2.20128
-0.167511 0.76929 2.12279
-0.171086 0.907661 2.08112
-0.33942 0.644804 2.12183
-0.381496 0.391059 2.16927
-0.388454 0.173511 2.17032
-0.380555 0.10034 2.17997
0.0139562 0.665482 2.14347
0.103893 0.413979 2.20919
0.163263 0.20693 2.21893
0.157701 0.134536 2.22259
-0.220372 0.14954 2.22728
-0.229593 -0.209617 2.34471
-0.215769 -0.553658 2.42205
-0.218109 -0.629104 2.33808
-0.0585554 0.158054 2.23509
-0.0374452 -0.194995 2.36196
-0.0310616 -0.546626 2.44216
-0.0155204 -0.625765 2.34689
-0.164551 0.696023 2.14444
-0.38613 0.0163186 2.20239
-0.32905 0.111783 2.17053
0.165285 0.052703 2.24481
0.134296 0.112716 2.18587
-0.142315 0.15615 2.26758
-0.155346 0.468776 2.2009
-0.167459 0.769111 2.12238
-0.171118 0.907139 2.08001
-0.339708 0.644753 2.12199
-0.382474 0.391186 2.16961
-0.390664 0.175204 2.17095
-0.382577 0.102209 2.17852
0.014005 0.665111 2.14319
0.10362 0.413696 2.20904
0.162867 0.206673 2.21936
0.15926 0.134922 2.22729
-0.220968 0.149368 2.22711
-0.230822 -0.211169 2.34509
-0.215754 -0.553649 2.42213
-0.217827 -0.629268 2.33817
-0.0590535 0.157757 2.23463
-0.0379263 -0.195421 2.36118
-0.0313083 -0.546607 2.44239
-0.0156636 -0.62544 2.34711
-0.164589 0.695837 2.14405
-0.387318 0.0156192 2.20443
-0.338536 0.120169 2.17752
0.165555 0.0527899 2.24852
0.136197 0.116505 2.18728
-0.142679 0.155793 2.26722
-0.155275 0.46839 2.20043
-0.16662 0.76857 2.12168
-0.169545 0.907173 2.07884
-0.339461 0.644952 2.12204
-0.382844 0.391762 2.16976
-0.390904 0.175748 2.17071
-0.381176 0.103623 2.17707
0.0146089 0.66391 2.14225
0.103264 0.413282 2.20917
0.163078 0.206496 2.2201
0.163212 0.132567 2.23148
-0.22139 0.149044 2.22683
-0.231048 -0.211298 2.34501
-0.215684 -0.553655 2.42235
-0.217708 -0.62908 2.33859
-0.0593396 0.157387 2.23422
-0.0384581 -0.195452 2.35992
-0.0316237 -0.546366 2.44206
-0.0157392 -0.625393 2.34699
-0.164 0.695335 2.14343
-0.38911 0.0211821 2.19821
-0.337017 0.112627 2.17725
0.167553 0.0514067 2.25212
0.139967 0.106651 2.19405
-0.14265 0.154927 2.26657
-0.152011 0.46725 2.19954
-0.156915 0.767537 2.12081
-0.150591 0.906677 2.0772
-0.331848 0.647693 2.12011
-0.383184 0.394556 2.17009
-0.39202 0.178276 2.1694
-0.386002 0.109948 2.17118
0.0218783 0.656775 2.1428
0.105624 0.410103 2.21018
0.16964 0.205179 2.22557
0.17911 0.127614 2.23531
-0.221531 0.148661 2.22607
-0.234056 -0.213828 2.34572
-0.215484 -0.553577 2.42247
-0.217958 -0.629412 2.33978
-0.059086 0.155874 2.23367
-0.0392708 -0.196629 2.35949
-0.0321085 -0.5456 2.44146
-0.0159034 -0.625202 2.34696
-0.156115 0.694192 2.14251
-0.39301 0.0270685 2.19239
-0.33718 0.119171 2.16882
0.187346 0.044145 2.2568
0.158918 0.115554 2.19694
-0.142856 0.154045 2.26643
-0.144839 0.465518 2.19781
-0.137997 0.765499 2.11623
-0.112438 0.90365 2.07581
-0.314881 0.654866 2.11725
-0.384234 0.403593 2.16992
-0.400461 0.187784 2.16437
-0.395865 0.120577 2.16603
0.0372931 0.648342 2.14664
0.113252 0.401914 2.21465
0.177161 0.197343 2.23231
0.190229 0.117903 2.24173
-0.221988 0.148648 2.2248
-0.236083 -0.216108 2.34699
-0.21506 -0.553841 2.42286
-0.217749 -0.630695 2.33848
-0.059316 0.153313 2.23492
-0.0408467 -0.199308 2.36
-0.0321152 -0.545922 2.44131
-0.0161309 -0.624684 2.34748
-0.140152 0.692206 2.13874
-0.398131 0.0384605 2.18975
-0.345652 0.12982 2.1671
0.195239 0.0385681 2.25473
0.171998 0.101996 2.20274
-0.145669 0.151913 2.2673
-0.131433 0.460419 2.19667
-0.101526 0.755363 2.11216
-0.0595785 0.892983 2.07231
-0.282027 0.665512 2.11148
-0.384283 0.419667 2.16835
-0.40868 0.204563 2.1591
-0.404433 0.144484 2.16178
0.0618278 0.631886 2.15283
0.125795 0.388413 2.21648
0.181957 0.182748 2.24101
0.194093 0.0985765 2.24979
-0.223663 0.149405 2.22418
-0.239559 -0.217763 2.34662
-0.215176 -0.554019 2.42283
-0.217886 -0.630881 2.33927
-0.0639546 0.14651 2.23834
-0.0449622 -0.203227 2.36027
-0.0319631 -0.546236 2.44154
-0.0161857 -0.62483 2.34747
-0.109596 0.683367 2.13548
-0.411046 0.0686137 2.17838
-0.354329 0.140797 2.1655
0.195761 0.0273543 2.25443
0.174471 0.0575579 2.21226
-0.160021 0.141137 2.2744
-0.110211 0.443807 2.19646
-0.0465601 0.730886 2.1041
0.0254308 0.854097 2.06636
-0.227515 0.662122 2.09871
-0.382818 0.444611 2.16211
-0.415538 0.230562 2.15028
-0.403991 0.173426 2.16276
0.0863585 0.595305 2.15482
0.137911 0.359361 2.22109
0.183096 0.141849 2.25731
0.190569 0.05367 2.26561
-0.236942 0.147711 2.22624
-0.248516 -0.217163 2.34246
-0.215392 -0.553915 2.42255
-0.218526 -0.630653 2.341
-0.0779747 0.127998 2.25035
-0.0528894 -0.206448 2.3627
-0.0319449 -0.546867 2.44162
-0.0167393 -0.624642 2.34797
-0.0628182 0.660687 2.12948
-0.427155 0.099214 2.18874
-0.343993 0.142574 2.15253
0.189309 -0.0168083 2.27017
0.169596 0.0114221 2.226
-0.165325 0.130428 2.28257
-0.0906674 0.424902 2.1986
-0.00847613 0.70628 2.09981
0.0805905 0.818588 2.06434
-0.191365 0.654324 2.09224
-0.377105 0.470079 2.15563
-0.416338 0.254521 2.14572
-0.408885 0.199708 2.16351
0.106447 0.544823 2.16377
0.140033 0.329788 2.2274
0.175832 0.103916 2.26256
0.176946 0.0167066 2.27718
-0.241518 0.144244 2.23046
-0.253768 -0.216042 2.34131
-0.21552 -0.554127 2.42226
-0.218901 -0.630519 2.34193
-0.083399 0.110607 2.26199
-0.0583861 -0.206108 2.36716
-0.0325994 -0.548763 2.44283
-0.0180195 -0.625046 2.34744
-0.0290608 0.637548 2.1268
-0.435518 0.136092 2.18273
-0.351434 0.165194 2.15936
0.170051 -0.05386 2.2798
0.152565 -0.0357901 2.24106
-0.170864 0.122651 2.28989
-0.0811297 0.41125 2.20057
0.0154512 0.684816 2.09652
0.116777 0.789902 2.06411
-0.175114 0.652301 2.08963
-0.373692 0.480327 2.15094
-0.420819 0.268959 2.1392
-0.412903 0.220148 2.16364
0.113564 0.533358 2.16388
0.135814 0.312415 2.23162
0.158598 0.0715406 2.26872
0.155498 -0.0143289 2.28673
-0.246412 0.140091 2.23803
-0.255362 -0.217512 2.34375
-0.215972 -0.554376 2.42226
-0.218909 -0.630565 2.34285
-0.0897859 0.100368 2.26864
-0.0636838 -0.206142 2.37558
-0.0330373 -0.549459 2.44332
-0.018007 -0.625014 2.34768
-0.00874449 0.618056 2.12489
-0.43475 0.152266 2.19251
-0.357687 0.186353 2.16607
0.143461 -0.0873135 2.28781
0.130019 -0.0533907 2.25088
-0.175593 0.120398 2.29502
-0.0801595 0.409001 2.20146
0.0182356 0.682567 2.09565
0.150015 0.766434 2.06453
-0.166463 0.653713 2.08658
-0.368082 0.486094 2.14483
-0.422491 0.27651 2.13502
-0.415795 0.238131 2.16057
0.113064 0.530983 2.16193
0.135552 0.296083 2.2313
0.146087 0.0571449 2.27676
0.143278 -0.0250595 2.29881
-0.250583 0.139858 2.24585
-0.253642 -0.219056 2.34718
-0.218724 -0.55538 2.42418
-0.21898 -0.630101 2.34275
-0.0953179 0.0966145 2.27164
-0.0646909 -0.220361 2.38588
-0.0333748 -0.550651 2.44448
-0.0180089 -0.62488 2.34768
-0.00632592 0.61575 2.12446
-0.438429 0.169818 2.18739
-0.365587 0.216379 2.17592
0.13189 -0.106799 2.31393
0.118255 -0.0905854 2.2675
-0.183773 0.116919 2.30193
-0.0760186 0.399475 2.2038
0.0352604 0.665509 2.09263
0.171269 0.75155 2.06529
-0.162895 0.65499 2.08424
-0.366751 0.487306 2.1383
-0.421881 0.277965 2.13294
-0.412362 0.249223 2.15423
0.11361 0.510484 2.15489
0.136568 0.281798 2.22976
0.120175 0.0742179 2.27493
0.132523 -0.00488885 2.28657
-0.257978 0.139821 2.25656
-0.256268 -0.223688 2.3521
-0.223573 -0.553058 2.42172
-0.220259 -0.628959 2.33987
-0.104254 0.0900614 2.27497
-0.065741 -0.230777 2.39504
-0.0349673 -0.553192 2.44664
-0.0179736 -0.624979 2.34748
0.00736137 0.600671 2.12287
-0.430346 0.18156 2.18485
-0.365317 0.229364 2.17727
0.130126 -0.0879385 2.29719
0.112957 -0.0808821 2.2574
-0.187192 0.116013 2.30608
-0.0752423 0.396469 2.20475
0.0374061 0.662198 2.09151
0.174081 0.747703 2.0626
-0.168435 0.655162 2.08345
-0.366654 0.484537 2.13334
-0.421492 0.275281 2.13248
-0.409617 0.234299 2.15564
0.114682 0.50713 2.15369
0.136957 0.277346 2.22867
0.130647 0.0667723 2.26414
0.134471 -0.0138083 2.28362
-0.261132 0.140003 2.26066
-0.252697 -0.223098 2.35972
-0.224906 -0.551826 2.42125
-0.220189 -0.628214 2.33966
-0.107484 0.0882279 2.27883
-0.0667736 -0.230134 2.39664
-0.036225 -0.553496 2.44846
-0.0183042 -0.624358 2.34797
0.00931921 0.597419 2.12219
-0.426976 0.174762 2.18257
-0.368189 0.260207 2.18248
0.125996 -0.095227 2.29069
0.10557 -0.0820043 2.25538
-0.186934 0.116833 2.30769
-0.0751769 0.396071 2.20478
0.0360696 0.662131 2.08943
0.159891 0.751166 2.05143
-0.165673 0.654215 2.08071
-0.365998 0.483595 2.1325
-0.416521 0.273277 2.13321
-0.40707 0.239911 2.15416
0.114498 0.50709 2.15215
0.137431 0.279123 2.22448
0.129773 0.0686806 2.26046
0.142933 -0.0139859 2.27742
-0.261257 0.141228 2.26266
-0.252408 -0.215557 2.36026
-0.225167 -0.551251 2.42112
-0.220263 -0.628315 2.33923
-0.106804 0.0887611 2.27993
-0.0670282 -0.206747 2.39789
-0.0366534 -0.553536 2.44845
-0.0182828 -0.624421 2.34811
0.00869516 0.597221 2.12082
-0.422026 0.162412 2.18374
-0.359419 0.235113 2.17528
0.129291 -0.094222 2.28708
0.112987 -0.076714 2.24956
-0.170001 0.121947 2.30679
-0.0783905 0.404116 2.19964
-0.00683049 0.687983 2.0716
0.0908292 0.793448 2.0314
-0.172181 0.650314 2.0792
-0.368373 0.480331 2.13628
-0.412142 0.268727 2.14093
-0.402062 0.213018 2.1677
0.112134 0.528935 2.13698
0.133501 0.303815 2.20991
0.149709 0.0802644 2.24629
0.153513 -0.00281905 2.26276
-0.248084 0.141898 2.25957
-0.249088 -0.205515 2.35549
-0.221545 -0.551851 2.42457
-0.221327 -0.627506 2.34195
-0.0858614 0.0990297 2.2813
-0.0652628 -0.202683 2.39219
-0.0353647 -0.551935 2.44891
-0.0193035 -0.624114 2.34945
-0.0219817 0.618237 2.10613
-0.420392 0.135676 2.18982
-0.345403 0.198481 2.16575
0.14606 -0.0786554 2.2725
0.130958 -0.0206459 2.22371
-0.152841 0.133181 2.2979
-0.089227 0.423719 2.1895
-0.0420821 0.712062 2.06658
0.02486 0.839227 2.02442
-0.211184 0.658384 2.07077
-0.379093 0.468491 2.14573
-0.415444 0.252287 2.15656
-0.408072 0.18435 2.17652
0.0916425 0.57927 2.11785
0.131381 0.319828 2.20225
0.1594 0.111062 2.23851
0.15703 0.0282298 2.25377
-0.233206 0.145434 2.25297
-0.245769 -0.20438 2.3535
-0.220568 -0.552139 2.42484
-0.221454 -0.627553 2.34254
-0.067173 0.118798 2.26914
-0.0585492 -0.203145 2.39052
-0.0339102 -0.548991 2.44821
-0.0193475 -0.624129 2.34938
-0.0522433 0.641591 2.09914
-0.426748 0.104764 2.20863
-0.347168 0.177765 2.1684
0.155709 -0.0477889 2.27547
0.14119 0.0166655 2.21093
-0.141637 0.144001 2.28676
-0.108093 0.442728 2.18103
-0.0870361 0.733472 2.0642
-0.0570527 0.871062 2.02425
-0.263765 0.659834 2.07989
-0.38954 0.437023 2.15993
-0.423697 0.223928 2.16584
-0.42582 0.146622 2.18018
0.0741702 0.601999 2.11147
0.126498 0.342341 2.19783
0.1725 0.137156 2.2358
0.16126 0.0626147 2.2518
-0.222206 0.149288 2.24615
-0.234365 -0.201841 2.3488
-0.219967 -0.551266 2.42481
-0.220944 -0.62837 2.34257
-0.05687 0.135656 2.25358
-0.0486215 -0.199041 2.38409
-0.0325614 -0.546455 2.448
-0.0185319 -0.624612 2.34914
-0.091715 0.66268 2.0952
-0.432102 0.0769176 2.20633
-0.395131 0.116648 2.15714
0.165681 -0.0161219 2.28652
0.135043 0.0290795 2.21491
-0.130706 0.15086 2.27519
-0.12658 0.450909 2.17525
-0.13997 0.741262 2.06512
-0.143128 0.882822 2.0277
-0.319865 0.643884 2.09364
-0.398938 0.403846 2.17214
-0.421194 0.18406 2.18562
-0.421132 0.100891 2.19859
0.0328132 0.637556 2.10126
0.117838 0.38036 2.19219
0.169913 0.176264 2.22949
0.173473 0.107095 2.24947
-0.21156 0.149441 2.23706
-0.227505 -0.200309 2.34408
-0.218542 -0.552338 2.42471
-0.219823 -0.627878 2.3416
-0.0454079 0.149123 2.23927
-0.0382442 -0.197332 2.37985
-0.0315728 -0.54576 2.44706
-0.0176542 -0.625009 2.34835
-0.136 0.670701 2.09428
-0.429183 0.0295569 2.22803
-0.392783 0.0732278 2.17184
0.181863 0.0265433 2.29217
0.149349 0.0782801 2.2105
-0.121206 0.145142 2.27399
-0.168772 0.438831 2.17477
-0.233329 0.719746 2.06372
-0.280163 0.85561 2.02994
-0.376902 0.585419 2.11134
-0.409522 0.34219 2.18458
-0.412402 0.123187 2.20544
-0.403823 0.032936 2.2202
-0.0489192 0.658257 2.08492
0.105825 0.433756 2.18309
0.190815 0.241485 2.22249
0.20076 0.180285 2.23679
-0.197791 0.130562 2.23921
-0.222558 -0.20351 2.34209
-0.218305 -0.552181 2.42473
-0.21782 -0.626946 2.34195
-0.0392768 0.151918 2.23572
-0.0229133 -0.1966 2.37894
-0.0285965 -0.542708 2.44571
-0.0174868 -0.624133 2.35087
-0.217152 0.651197 2.09365
-0.402078 -0.0351715 2.23507
-0.370204 -0.0189839 2.19792
0.223339 0.0966086 2.28709
0.175792 0.143931 2.20715
-0.109735 0.132384 2.28229
-0.1829 0.422859 2.1792
-0.268795 0.696863 2.06301
-0.374082 0.805378 2.03339
-0.389691 0.564388 2.1149
-0.41432 0.307241 2.18969
-0.420996 0.0931703 2.20659
-0.402952 0.0114704 2.22611
-0.0891135 0.651307 2.07626
0.106629 0.467336 2.17213
0.211063 0.28606 2.21543
0.231879 0.227797 2.2335
-0.184712 0.11192 2.2551
-0.219972 -0.212305 2.34912
-0.218125 -0.55324 2.42526
-0.216653 -0.626353 2.34294
-0.0309495 0.146585 2.2382
-0.0179952 -0.199488 2.38235
-0.0245384 -0.538042 2.44469
-0.0168858 -0.623566 2.35146
-0.247166 0.630075 2.09441
-0.39031 -0.0640096 2.23421
-0.366964 -0.00293078 2.2054
0.260822 0.169239 2.27129
0.205845 0.190781 2.19433
-0.0989631 0.115801 2.29386
-0.208607 0.391096 2.1855
-0.333284 0.647996 2.06194
-0.443975 0.763699 2.03508
-0.40674 0.506436 2.12106
-0.418822 0.285522 2.19309
-0.413875 0.0720304 2.21426
-0.407055 0.0261776 2.22428
-0.157977 0.628404 2.06096
0.083454 0.496635 2.15082
0.223109 0.34111 2.1941
0.251059 0.291118 2.21642
-0.17323 0.092647 2.26566
-0.218425 -0.225613 2.36239
-0.21798 -0.55376 2.42619
-0.216465 -0.626267 2.34332
-0.0213932 0.134393 2.24951
-0.0152772 -0.20747 2.38919
-0.0214414 -0.53574 2.44428
-0.0163671 -0.623014 2.35187
-0.302746 0.584717 2.09532
-0.393928 -0.0648632 2.22502
-0.373535 0.0483709 2.22313
0.291277 0.229016 2.27196
0.222618 0.255763 2.195
-0.0987838 0.113418 2.29883
-0.225842 0.382947 2.18635
-0.356459 0.637597 2.05883
-0.482594 0.7349 2.03413
-0.446162 0.481312 2.12649
-0.425931 0.27421 2.19355
-0.40878 0.0607865 2.21741
-0.395728 -0.0179758 2.23171
-0.191519 0.641049 2.05223
0.0622796 0.5228 2.12909
0.223823 0.360058 2.18386
0.249881 0.324562 2.19258
-0.172139 0.0890081 2.26821
-0.221041 -0.233435 2.36875
-0.217306 -0.554835 2.42744
-0.216632 -0.627067 2.34304
-0.0228723 0.1349 2.25804
0.00229375 -0.169568 2.38082
-0.0185835 -0.543003 2.44336
-0.0153904 -0.622659 2.35057
-0.324377 0.575577 2.09296
-0.367569 -0.0956106 2.22494
-0.356501 -0.0865868 2.20412
0.294199 0.266305 2.23438
0.225052 0.284961 2.17567
-0.106727 0.116672 2.30189
-0.244756 0.378693 2.18487
-0.380949 0.627002 2.05396
-0.503488 0.720322 2.03114
-0.455685 0.477528 2.12446
-0.435113 0.249071 2.19709
-0.411812 0.0370161 2.21958
-0.396956 -0.0458609 2.23354
-0.212642 0.648803 2.0487
0.0421642 0.529849 2.12265
0.213488 0.36975 2.17279
0.232133 0.329613 2.18383
-0.177188 0.0880461 2.26867
-0.21753 -0.232919 2.37115
-0.219016 -0.55772 2.42878
-0.214142 -0.629464 2.34418
-0.0337226 0.143236 2.26331
0.00699016 -0.162076 2.37584
-0.0135295 -0.54674 2.43262
-0.0126999 -0.623887 2.34704
-0.347572 0.566664 2.08887
-0.372676 -0.121508 2.23617
-0.359108 -0.0994614 2.2057
0.27397 0.271032 2.22485
0.209799 0.290713 2.16007
-0.116418 0.1178 2.30293
-0.25383 0.378701 2.18424
-0.386755 0.627937 2.05303
-0.510423 0.720071 2.02905
-0.466165 0.478129 2.12153
-0.444011 0.248196 2.19441
-0.417256 0.0366223 2.21759
-0.40457 -0.0478004 2.2306
-0.217933 0.649379 2.04786
0.0356924 0.529711 2.12426
0.203986 0.368038 2.17332
0.216494 0.322691 2.18894
-0.186905 0.0878434 2.26896
-0.218237 -0.232103 2.37134
-0.220513 -0.555314 2.42855
-0.212979 -0.628575 2.34573
-0.0425312 0.144618 2.26436
0.00431106 -0.157122 2.37082
-0.0134352 -0.547892 2.43019
-0.0138885 -0.623706 2.34492
-0.354265 0.567261 2.08795
-0.381945 -0.121757 2.23526
-0.363524 -0.095661 2.20373
0.258471 0.260869 2.23499
0.195411 0.285714 2.16275
-0.127332 0.116474 2.30268
-0.259649 0.380015 2.18281
-0.389159 0.632589 2.05067
-0.510862 0.729553 2.02427
-0.475204 0.480658 2.11993
-0.449357 0.25177 2.19233
-0.429502 0.0389099 2.21187
-0.412214 -0.041819 2.22461
-0.216383 0.645843 2.04873
0.0349088 0.524788 2.12942
0.186725 0.36547 2.17702
0.202544 0.309048 2.19794
-0.199213 0.0868451 2.26945
-0.222024 -0.227642 2.36921
-0.221575 -0.551688 2.42763
-0.211929 -0.628287 2.34524
-0.05169 0.142723 2.26307
-0.0166801 -0.182932 2.37211
-0.0171097 -0.551556 2.43214
-0.0160435 -0.623215 2.34576
-0.357466 0.570818 2.08591
-0.392964 -0.115478 2.22398
-0.379659 -0.0802809 2.19369
0.242928 0.245342 2.24614
0.18527 0.2612 2.1733
-0.147019 0.117233 2.29723
-0.262978 0.386547 2.17896
-0.376241 0.650789 2.04579
-0.472328 0.770853 2.01408
-0.475461 0.497147 2.11188
-0.458915 0.27104 2.18489
-0.435621 0.0588147 2.20727
-0.41459 -0.024703 2.21397
-0.204189 0.643225 2.0508
0.03525 0.506417 2.14029
0.167173 0.339633 2.18555
0.183491 0.272645 2.20868
-0.220549 0.089094 2.2655
-0.239199 -0.231031 2.36906
-0.221989 -0.553062 2.42768
-0.214585 -0.629893 2.34667
-0.0689956 0.141756 2.25585
-0.041869 -0.205388 2.37501
-0.0236413 -0.546193 2.43434
-0.0165438 -0.622494 2.34693
-0.349689 0.585661 2.08119
-0.397749 -0.0947468 2.21139
-0.391408 -0.0309865 2.18008
0.222997 0.203497 2.25301
0.166649 0.226032 2.18293
-0.157911 0.119511 2.29322
-0.260512 0.399372 2.17341
-0.350411 0.67807 2.03963
-0.417522 0.811174 2.0063
-0.468323 0.527991 2.10197
-0.461041 0.304627 2.17594
-0.44112 0.091786 2.19762
-0.418005 0.00876406 2.19932
-0.186861 0.642551 2.0544
0.0348367 0.48474 2.15314
0.150928 0.310068 2.19533
0.163315 0.232748 2.22002
-0.233349 0.0945223 2.25933
-0.248992 -0.222097 2.362
-0.2214 -0.552682 2.4272
-0.215607 -0.630546 2.34712
-0.0778198 0.141261 2.25363
-0.0506501 -0.209235 2.37335
-0.0249386 -0.546879 2.4366
-0.0157558 -0.623087 2.34572
-0.329453 0.609843 2.07498
-0.402889 -0.0631084 2.20319
-0.390382 0.0270053 2.18373
0.190218 0.163762 2.25356
0.139917 0.19493 2.19163
-0.182317 0.134391 2.28241
-0.253237 0.420563 2.16609
-0.310845 0.704511 2.0364
-0.347346 0.844829 2.00289
-0.455709 0.572308 2.08533
-0.464358 0.329321 2.16861
-0.439907 0.10862 2.18371
-0.41883 0.0339199 2.18747
-0.136215 0.649058 2.06278
0.0381368 0.449427 2.17042
0.138487 0.265363 2.21266
0.139218 0.188868 2.23652
-0.259893 0.116277 2.24594
-0.259917 -0.216123 2.35588
-0.221355 -0.552085 2.42662
-0.217015 -0.630965 2.34707
-0.0988431 0.148832 2.24559
-0.0601349 -0.214038 2.37108
-0.0276139 -0.547209 2.43868
-0.0163162 -0.622585 2.34677
-0.298228 0.635273 2.07062
-0.407906 -0.0412065 2.21775
-0.391414 0.0117724 2.15776
0.155041 0.112194 2.27537
0.113204 0.157174 2.2089
-0.19374 0.1407 2.2786
-0.238532 0.434473 2.1626
-0.264248 0.721925 2.03495
-0.270379 0.864693 2.00142
-0.432271 0.605487 2.07225
-0.464812 0.366391 2.16204
-0.445795 0.142148 2.17228
-0.42858 0.0716718 2.17684
-0.0878434 0.639975 2.0751
0.0375413 0.414555 2.18212
0.123494 0.222966 2.22267
0.116822 0.154408 2.24723
-0.273348 0.127034 2.24122
-0.274686 -0.210118 2.35061
-0.221724 -0.55126 2.426
-0.218762 -0.630149 2.34312
-0.108132 0.15096 2.24271
-0.0671876 -0.210986 2.3679
-0.0295787 -0.547123 2.44023
-0.0168043 -0.622235 2.34681
-0.25886 0.652095 2.06874
-0.41939 -0.0111214 2.20372
-0.392572 0.0501686 2.13877
0.129341 0.0775302 2.27667
0.0915448 0.130821 2.21612
-0.201906 0.143774 2.27856
-0.210285 0.440776 2.16432
-0.197302 0.726352 2.03839
-0.161355 0.867649 2.01096
-0.374083 0.636545 2.05983
-0.461288 0.39629 2.15546
-0.450369 0.163705 2.16502
-0.443728 0.106448 2.16834
-0.0296059 0.61724 2.09279
0.0417841 0.371887 2.19613
0.101803 0.171421 2.23897
0.094155 0.0956867 2.26561
-0.283132 0.136471 2.23921
-0.284821 -0.211544 2.3521
-0.223743 -0.551684 2.42535
-0.21954 -0.630273 2.34216
-0.116052 0.147699 2.24499
-0.0712621 -0.210077 2.36597
-0.0397531 -0.549625 2.44224
-0.0175887 -0.62234 2.34749
-0.20117 0.656856 2.07199
-0.443539 0.0295835 2.19848
-0.40243 0.135241 2.18348
0.0952243 0.0152419 2.29169
0.0668905 0.0743268 2.22755
-0.207805 0.140289 2.28264
-0.181436 0.433456 2.16974
-0.136858 0.715366 2.04331
-0.076885 0.852607 2.01803
-0.315955 0.646509 2.05315
-0.452881 0.41302 2.1512
-0.455085 0.197517 2.16255
-0.455007 0.134601 2.16839
0.0041379 0.592157 2.10192
0.0468935 0.344489 2.20156
0.0909377 0.141426 2.24925
0.0914202 0.0600845 2.28184
-0.286915 0.138618 2.23985
-0.282573 -0.210246 2.35383
-0.225648 -0.553071 2.42443
-0.220603 -0.629224 2.34189
-0.123778 0.13386 2.25496
-0.0760242 -0.213827 2.36804
-0.0417163 -0.552308 2.44424
-0.0180391 -0.622531 2.34739
-0.148365 0.646569 2.07714
-0.462264 0.0657637 2.19476
-0.413787 0.126422 2.14475
0.0825377 -0.0162457 2.30511
0.0698824 0.0445789 2.24083
-0.207864 0.130685 2.28837
-0.151317 0.419509 2.17679
-0.0840373 0.69803 2.05228
-0.00661524 0.823079 2.02993
-0.263082 0.644113 2.05398
-0.438499 0.439946 2.14628
-0.456717 0.225473 2.15972
-0.451439 0.163263 2.17439
0.0417959 0.545099 2.12033
0.0657001 0.321247 2.19946
0.0926671 0.115757 2.2528
0.0938014 0.0352228 2.28587
-0.286975 0.1381 2.24035
-0.299912 -0.202424 2.35126
-0.227591 -0.554819 2.42386
-0.220537 -0.628026 2.34202
-0.122421 0.113998 2.26576
-0.0805993 -0.220166 2.37625
-0.0426725 -0.552618 2.44737
-0.01877 -0.622092 2.348
-0.101285 0.630008 2.08553
-0.479025 0.0926186 2.20917
-0.388314 0.1422 2.16682
0.081371 -0.0404239 2.31414
0.0671675 -0.00981277 2.264
-0.207894 0.122731 2.2949
-0.123912 0.403855 2.187
-0.0230614 0.669689 2.06831
0.0603286 0.793005 2.04331
-0.239443 0.640227 2.05644
-0.415704 0.467858 2.14115
-0.452357 0.246631 2.1552
-0.455056 0.18991 2.17085
0.0718771 0.516501 2.13234
0.0781649 0.310064 2.20369
0.0938047 0.0757704 2.25854
0.0908958 -0.00474076 2.28743
-0.285728 0.137644 2.24466
-0.296011 -0.215107 2.35859
-0.2283 -0.555589 2.42251
-0.21945 -0.625586 2.34479
-0.123664 0.100905 2.27277
-0.0777444 -0.211695 2.37848
-0.0431273 -0.553281 2.44822
-0.0190136 -0.621993 2.34813
-0.0487435 0.605045 2.10007
-0.483626 0.122354 2.20489
-0.396677 0.16779 2.17554
0.0759401 -0.079327 2.31365
0.0589151 -0.0407118 2.25745
-0.206064 0.119455 2.29882
-0.111673 0.398817 2.19258
-0.0136959 0.667578 2.0729
0.0833357 0.781926 2.04857
-0.203636 0.636737 2.0643
-0.403407 0.469405 2.14211
-0.44893 0.25121 2.15455
-0.448936 0.198061 2.17367
0.0840942 0.509212 2.13848
0.0899626 0.299592 2.20866
0.105862 0.0422751 2.26741
0.0918397 -0.036498 2.29397
-0.283065 0.137677 2.24853
-0.296546 -0.215677 2.35821
-0.228857 -0.555752 2.42186
-0.219422 -0.62495 2.34281
-0.122717 0.0955355 2.27673
-0.0746405 -0.212046 2.38374
-0.0423519 -0.55357 2.44895
-0.0189972 -0.621996 2.34811
-0.0381036 0.60207 2.10501
-0.485677 0.129016 2.21526
-0.391768 0.167102 2.17921
0.0726723 -0.112333 2.31216
0.0697728 -0.0502845 2.24989
-0.202145 0.117995 2.30375
-0.104512 0.398239 2.19621
-0.00664212 0.667981 2.07538
0.0918248 0.7818 2.0524
-0.191749 0.635947 2.06755
-0.395542 0.46921 2.14316
-0.443272 0.25229 2.15741
-0.440586 0.199343 2.17832
0.0918761 0.509084 2.14356
0.0961606 0.299582 2.21178
0.106399 0.0909114 2.25457
0.105923 0.00970574 2.27714
-0.278596 0.138514 2.25304
-0.296696 -0.214681 2.35677
-0.228977 -0.55466 2.42149
-0.219456 -0.623643 2.34205
-0.119295 0.0927088 2.2819
-0.0729009 -0.210603 2.38529
-0.0417038 -0.55296 2.44869
-0.0193722 -0.621632 2.34856
-0.03091 0.602192 2.10777
-0.476432 0.133135 2.21543
-0.385858 0.173545 2.17624
0.0922189 -0.0695945 2.29332
0.0684029 -0.0506408 2.25594
-0.18935 0.119346 2.30914
-0.0973082 0.401478 2.19998
-0.00397929 0.672604 2.07864
0.0912983 0.788413 2.05387
-0.187625 0.636484 2.06949
-0.389844 0.467664 2.14443
-0.435697 0.252812 2.16129
-0.430715 0.189246 2.18217
0.0971932 0.515376 2.14883
0.102881 0.304461 2.21842
0.114201 0.0939435 2.25356
0.117395 0.0109075 2.28311
-0.266192 0.139495 2.25786
-0.291805 -0.208239 2.35306
-0.228997 -0.551603 2.42246
-0.220348 -0.624029 2.34129
-0.106497 0.0951274 2.28749
-0.0695055 -0.210732 2.38644
-0.0407164 -0.553422 2.44941
-0.0189435 -0.622057 2.34824
-0.0272996 0.606364 2.11105
-0.458159 0.116609 2.22637
-0.377958 0.174359 2.164
0.100764 -0.0662813 2.30109
0.0827127 -0.0495915 2.25567
-0.173577 0.123433 2.30788
-0.0953915 0.411913 2.20094
-0.023244 0.697709 2.08293
0.0536098 0.819592 2.05037
-0.195038 0.643058 2.07581
-0.388018 0.461392 2.15068
-0.423191 0.237486 2.16873
-0.415702 0.172331 2.18543
0.0923733 0.542035 2.15128
0.11001 0.317739 2.2214
0.129216 0.0944802 2.26056
0.124841 0.0134596 2.28522
-0.251796 0.140569 2.25757
-0.274773 -0.206747 2.35073
-0.226772 -0.551121 2.42501
-0.220985 -0.62477 2.34019
-0.0895938 0.102651 2.28494
-0.0637501 -0.210129 2.38753
-0.0383977 -0.553132 2.44995
-0.0189955 -0.622214 2.34888
-0.0400986 0.627631 2.11437
-0.437995 0.0917355 2.22153
-0.361394 0.160604 2.16956
0.114123 -0.0630613 2.3034
0.0987054 -0.00946418 2.2473
-0.159994 0.130904 2.30433
-0.102936 0.425406 2.20015
-0.0556975 0.715925 2.08468
-0.00155244 0.845917 2.04413
-0.228777 0.650936 2.08427
-0.389324 0.446833 2.16303
-0.418076 0.221129 2.17586
-0.408554 0.155943 2.18962
0.0796075 0.578791 2.14569
0.110437 0.327137 2.22411
0.141928 0.110911 2.25784
0.136233 0.0314723 2.27884
-0.239635 0.142628 2.25614
-0.261466 -0.208229 2.35125
-0.222911 -0.55192 2.42617
-0.221489 -0.625421 2.34182
-0.074931 0.116578 2.27881
-0.0581225 -0.211874 2.38844
-0.0361136 -0.550188 2.44942
-0.0188725 -0.622527 2.34969
-0.0666146 0.645181 2.1155
-0.428271 0.0734639 2.21431
-0.356329 0.152064 2.18589
0.129408 -0.0485348 2.3045
0.111586 0.0277668 2.23838
-0.15003 0.139728 2.29647
-0.116727 0.438913 2.19457
-0.0963964 0.731056 2.0807
-0.0712126 0.869223 2.03875
-0.272223 0.649481 2.09135
-0.392247 0.427299 2.16773
-0.417485 0.206837 2.181
-0.420389 0.128116 2.19501
0.0638179 0.604671 2.14074
0.115024 0.355133 2.22391
0.170892 0.150175 2.25171
0.161095 0.0712922 2.26499
-0.230933 0.144941 2.25308
-0.248464 -0.212912 2.35418
-0.221569 -0.551703 2.42603
-0.221394 -0.626027 2.34257
-0.0644911 0.132221 2.2652
-0.0508199 -0.207401 2.38402
-0.0341532 -0.54887 2.44836
-0.0184508 -0.622862 2.34959
-0.100769 0.660013 2.11105
-0.433002 0.0501617 2.21141
-0.384706 0.122357 2.17944
0.159705 -0.00808499 2.29053
0.131983 0.0467754 2.22375
-0.142959 0.145341 2.28795
-0.13633 0.447087 2.18933
-0.145965 0.738316 2.08085
-0.153465 0.874064 2.03769
-0.315799 0.636578 2.09796
-0.396621 0.391105 2.17574
-0.418859 0.177124 2.18973
-0.418526 0.0944556 2.2012
0.0287969 0.634309 2.1284
0.119044 0.396187 2.21412
0.185394 0.195123 2.24622
0.19023 0.116914 2.25716
-0.223983 0.144657 2.24718
-0.239365 -0.208812 2.35063
-0.220757 -0.55218 2.42569
-0.220102 -0.627368 2.34224
-0.057345 0.143535 2.25435
-0.0409146 -0.199712 2.37895
-0.0325409 -0.548301 2.44771
-0.0177883 -0.623163 2.34849
-0.143268 0.667505 2.10976
-0.433267 0.0203519 2.21723
-0.382835 0.0829332 2.19186
0.196484 0.038371 2.28079
0.158826 0.0793232 2.21618
-0.133228 0.142671 2.28347
-0.168967 0.437697 2.18515
-0.223401 0.718194 2.07579
-0.278732 0.842993 2.02933
-0.370733 0.586465 2.11485
-0.403399 0.342551 2.18019
-0.408365 0.128645 2.19994
-0.404478 0.042016 2.20999
-0.0434912 0.656081 2.10015
0.122139 0.439213 2.19594
0.210913 0.246164 2.22471
0.221069 0.177063 2.23727
-0.210431 0.130826 2.24649
-0.232108 -0.207102 2.34808
-0.21967 -0.552569 2.42558
-0.219121 -0.626652 2.34228
-0.0499985 0.148405 2.24662
-0.0326482 -0.197913 2.37696
-0.0290926 -0.546704 2.44604
-0.0174787 -0.623521 2.34995
-0.209707 0.64969 2.1052
-0.406142 -0.0274188 2.21643
-0.370013 -0.0168563 2.20367
0.236467 0.102906 2.27046
0.191869 0.149903 2.19894
-0.117785 0.130473 2.2911
-0.180959 0.422253 2.18759
-0.250674 0.697543 2.07283
-0.359626 0.794908 2.01977
-0.390729 0.543673 2.12063
-0.404245 0.309139 2.18335
-0.407815 0.0954642 2.20372
-0.395457 0.00894995 2.21836
-0.0834959 0.649221 2.08778
0.112915 0.479624 2.16953
0.219119 0.296509 2.2027
0.239754 0.22574 2.21616
-0.193171 0.108209 2.26268
-0.226477 -0.209523 2.34995
-0.219371 -0.553083 2.42591
-0.217453 -0.62622 2.34175
-0.038172 0.14559 2.2482
-0.0249247 -0.200281 2.37923
-0.0272681 -0.545503 2.44592
-0.0168004 -0.623588 2.34959
-0.23333 0.630456 2.10379
-0.390915 -0.0639177 2.2244
-0.358513 -0.012202 2.20678
0.266003 0.151128 2.26063
0.211844 0.186191 2.17921
-0.105011 0.115021 2.30402
-0.204437 0.387514 2.19402
-0.320479 0.639453 2.06793
-0.428636 0.745361 2.01552
-0.402768 0.50674 2.12747
-0.410798 0.277949 2.18794
-0.407882 0.0643304 2.20802
-0.388196 -0.0167283 2.22285
-0.146191 0.624816 2.07471
0.0990728 0.493126 2.15524
0.22389 0.322652 2.18986
0.258881 0.261518 2.20682
-0.17964 0.0901872 2.27535
-0.225132 -0.220031 2.36025
-0.219225 -0.553298 2.42628
-0.216998 -0.626198 2.342
-0.0269013 0.135285 2.25969
-0.0178061 -0.191063 2.37977
-0.0240761 -0.542246 2.4467
-0.0165677 -0.623383 2.34948
-0.293886 0.57571 2.10187
-0.374635 -0.0911532 2.22317
-0.361869 -0.0620853 2.19294
0.290654 0.196578 2.25786
0.232895 0.225931 2.17031
-0.104268 0.112276 2.30616
-0.212872 0.383528 2.19453
-0.323453 0.642158 2.06904
-0.475587 0.710574 2.02195
-0.416954 0.495058 2.12914
-0.417245 0.259834 2.19199
-0.401582 0.0458881 2.20596
-0.381686 -0.0346779 2.21657
-0.145356 0.634479 2.07547
0.0969207 0.505665 2.14577
0.241518 0.35083 2.1769
0.260643 0.312457 2.18974
-0.179123 0.0869587 2.27595
-0.222429 -0.234043 2.36911
-0.219351 -0.553348 2.42659
-0.215512 -0.628273 2.34094
-0.0260196 0.132777 2.26373
0.00502111 -0.171556 2.36848
-0.0199468 -0.549082 2.44313
-0.015822 -0.623922 2.34815
-0.296746 0.578054 2.10261
-0.36284 -0.114327 2.21128
-0.349254 -0.0894881 2.18086
0.299337 0.241291 2.23822
0.240375 0.269233 2.15985
-0.104668 0.111538 2.30528
-0.223528 0.378812 2.19367
-0.343802 0.634489 2.07116
-0.488447 0.703494 2.02519
-0.43187 0.483911 2.13198
-0.421555 0.257215 2.19028
-0.400824 0.0434698 2.20266
-0.381087 -0.0352386 2.20928
-0.149635 0.642871 2.07644
0.0971417 0.506832 2.14752
0.244799 0.354703 2.17769
0.257571 0.316915 2.19268
-0.179162 0.0839999 2.27371
-0.219287 -0.232599 2.36927
-0.219482 -0.553607 2.42717
-0.214923 -0.629677 2.34206
-0.0268681 0.133494 2.26338
0.00848153 -0.171171 2.36656
-0.0158968 -0.547372 2.43524
-0.0146858 -0.624313 2.34626
-0.31423 0.571896 2.10379
-0.359748 -0.114487 2.20412
-0.387471 -0.0408242 2.1724
0.297308 0.253115 2.23472
0.237246 0.283429 2.15719
-0.107877 0.110441 2.30314
-0.233608 0.376552 2.19347
-0.36093 0.630419 2.0739
-0.492945 0.706189 2.02727
-0.444343 0.478297 2.13374
-0.424074 0.257074 2.18854
-0.401667 0.0432447 2.19884
-0.379262 -0.0391595 2.2048
-0.166861 0.655192 2.07977
0.0792406 0.517935 2.15147
0.227922 0.36639 2.18065
0.24412 0.315789 2.19721
-0.181821 0.0814483 2.27105
-0.215838 -0.227716 2.36601
-0.220613 -0.554533 2.42701
-0.214123 -0.630289 2.34263
-0.0308637 0.13484 2.26168
0.00878284 -0.170123 2.3633
-0.0146235 -0.557638 2.43637
-0.0133735 -0.624581 2.34328
-0.330031 0.56826 2.10571
-0.356561 -0.114854 2.20204
-0.388216 -0.0977216 2.20545
0.282572 0.245441 2.23857
0.225051 0.273314 2.16712
-0.117378 0.110886 2.29935
-0.238368 0.379493 2.1936
-0.356593 0.640436 2.07711
-0.472148 0.737239 2.02857
-0.450883 0.481963 2.13411
-0.426005 0.260408 2.18516
-0.40179 0.046541 2.19355
-0.376627 -0.0375421 2.19888
-0.181381 0.652662 2.08177
0.066422 0.519063 2.15438
0.215597 0.363116 2.1876
0.234667 0.292218 2.20877
-0.190463 0.0823637 2.26743
-0.222065 -0.225576 2.36397
-0.221321 -0.554001 2.4275
-0.213834 -0.629519 2.34317
-0.0408594 0.135552 2.25798
-0.00529942 -0.188901 2.36139
-0.0181099 -0.550715 2.43386
-0.0145634 -0.624268 2.34468
-0.328461 0.576172 2.10803
-0.362577 -0.107566 2.20258
-0.39101 -0.0700103 2.18817
0.271415 0.221249 2.24669
0.214615 0.249673 2.17956
-0.126802 0.113633 2.29506
-0.236189 0.38846 2.19164
-0.334315 0.661457 2.07678
-0.426184 0.778707 2.02907
-0.435163 0.513843 2.12591
-0.426156 0.281433 2.1777
-0.437719 0.0658189 2.16554
-0.393159 0.00774445 2.18954
-0.160636 0.646784 2.08512
0.0791264 0.503934 2.16476
0.207266 0.335423 2.19784
0.227263 0.261162 2.2167
-0.203501 0.0876855 2.26287
-0.232295 -0.220436 2.36051
-0.220501 -0.554155 2.42712
-0.214491 -0.629922 2.34246
-0.0467724 0.136316 2.25408
-0.028386 -0.205919 2.36876
-0.0216614 -0.549477 2.43631
-0.0160187 -0.622921 2.34565
-0.311436 0.594504 2.10726
-0.391759 -0.0672193 2.18753
-0.410895 0.00757319 2.18862
0.257751 0.192605 2.23948
0.203014 0.224344 2.1846
-0.144714 0.124108 2.28858
-0.234633 0.400565 2.18865
-0.314654 0.676168 2.07684
-0.363405 0.821969 2.02733
-0.430924 0.54371 2.12041
-0.423944 0.311408 2.17047
-0.410802 0.0964119 2.17904
-0.389466 0.0132603 2.19055
-0.127866 0.653021 2.09343
0.0862489 0.487379 2.175
0.199182 0.308263 2.20813
0.214152 0.228423 2.22546
-0.223291 0.103637 2.25435
-0.243517 -0.212155 2.35485
-0.219867 -0.55481 2.42684
-0.214858 -0.630171 2.34231
-0.0617068 0.141433 2.24941
-0.0380285 -0.204245 2.36762
-0.0245465 -0.547674 2.43802
-0.016105 -0.622061 2.34674
-0.296484 0.608657 2.1066
-0.381391 -0.0564975 2.19898
-0.413232 0.00023624 2.18267
0.239358 0.154701 2.25209
0.191639 0.193723 2.19104
-0.158373 0.133871 2.28166
-0.21529 0.430209 2.18561
-0.256542 0.721825 2.07978
-0.291536 0.858346 2.03195
-0.410468 0.585568 2.11005
-0.419973 0.332958 2.16552
-0.412367 0.110273 2.17576
-0.398812 0.0360486 2.18468
-0.0736136 0.657482 2.10952
0.0886563 0.455222 2.19105
0.189056 0.267658 2.21897
0.199765 0.187359 2.23444
-0.236949 0.118521 2.2448
-0.245929 -0.212536 2.35455
-0.219857 -0.554801 2.42674
-0.216341 -0.63079 2.34246
-0.0746759 0.145768 2.24503
-0.0423585 -0.20279 2.36708
-0.0265516 -0.547362 2.43954
-0.016498 -0.621716 2.34764
-0.247311 0.650815 2.10808
-0.394832 -0.0415029 2.21263
-0.42561 0.039621 2.17026
0.2151 0.111756 2.25545
0.176597 0.153579 2.19848
-0.167446 0.140311 2.27641
-0.190921 0.444215 2.18531
-0.19631 0.738509 2.08556
-0.191976 0.880937 2.04321
-0.365325 0.624913 2.09949
-0.414512 0.364298 2.15828
-0.417495 0.148819 2.16716
-0.412595 0.0795786 2.17655
-0.0171727 0.641278 2.1257
0.0943389 0.418327 2.20478
0.171654 0.220219 2.23293
0.175416 0.137363 2.25161
-0.248192 0.131441 2.23705
-0.255105 -0.215175 2.35307
-0.220016 -0.554568 2.42658
-0.219057 -0.630042 2.34463
-0.0818206 0.146659 2.24194
-0.054844 -0.194184 2.36239
-0.02885 -0.548569 2.4414
-0.0163066 -0.622905 2.34738
-0.195613 0.666851 2.11244
-0.4156 0.00390374 2.20519
-0.448034 0.0749333 2.16931
0.181956 0.0619486 2.27797
0.151918 0.0893876 2.21133
-0.171092 0.139709 2.27591
-0.168272 0.444193 2.18646
-0.146536 0.737511 2.08657
-0.119364 0.875647 2.04836
-0.318195 0.636239 2.09268
-0.40949 0.389877 2.15326
-0.423631 0.168216 2.15803
-0.423539 0.105295 2.16506
0.0232205 0.620497 2.13086
0.0992765 0.378876 2.21289
0.15768 0.175849 2.24722
0.152329 0.0922384 2.2645
-0.251247 0.13418 2.23469
-0.259843 -0.220388 2.35192
-0.22081 -0.553568 2.42591
-0.220093 -0.62969 2.34297
-0.0877381 0.140035 2.24418
-0.0611062 -0.208646 2.36699
-0.0298339 -0.547928 2.44224
-0.0170062 -0.622479 2.34794
-0.152369 0.665952 2.11366
-0.429417 0.0277586 2.19657
-0.463532 0.113311 2.14286
0.148038 0.0205853 2.27959
0.127625 0.0675974 2.22472
-0.178749 0.133265 2.27776
-0.142597 0.433114 2.19071
-0.0908051 0.721666 2.092
-0.0480376 0.856725 2.05172
-0.270741 0.638087 2.08936
-0.405232 0.403725 2.14947
-0.434897 0.183288 2.15011
-0.440078 0.128081 2.15669
0.0612016 0.589443 2.14075
0.107807 0.33627 2.22215
0.13979 0.119916 2.26332
0.138389 0.0522748 2.27835
-0.256353 0.135436 2.23329
-0.279104 -0.217357 2.34596
-0.223207 -0.552863 2.42539
-0.220926 -0.628876 2.3414
-0.096984 0.122445 2.25102
-0.0701126 -0.224168 2.37523
-0.0323427 -0.548622 2.44307
-0.0178404 -0.622365 2.34857
-0.103953 0.651144 2.11885
-0.452638 0.0515336 2.18169
-0.477181 0.132126 2.13168
0.129303 -0.024358 2.2946
0.109728 0.0328763 2.238
-0.18072 0.121953 2.28379
-0.120129 0.418466 2.19534
-0.0521005 0.704704 2.09333
0.0100461 0.833062 2.05434
-0.231217 0.63121 2.08543
-0.398754 0.416327 2.13921
-0.441371 0.198406 2.1462
-0.453381 0.147549 2.15793
0.0818142 0.560927 2.14807
0.111177 0.325848 2.22464
0.138008 0.109284 2.26217
0.130768 0.0292567 2.28238
-0.257761 0.133612 2.23404
-0.279329 -0.219516 2.34688
-0.226122 -0.551978 2.42432
-0.221211 -0.62771 2.34058
-0.0977088 0.103694 2.2622
-0.0710847 -0.230159 2.38111
-0.0341228 -0.549459 2.44371
-0.0182673 -0.621953 2.34905
-0.0691929 0.63477 2.12107
-0.470501 0.0731528 2.18528
-0.487358 0.161427 2.13539
0.116851 -0.049184 2.2944
0.103598 0.00569346 2.24043
-0.180256 0.113831 2.29056
-0.101787 0.407002 2.19878
-0.0177208 0.688872 2.09265
0.0566086 0.813291 2.05613
-0.195209 0.625488 2.08046
-0.386543 0.426084 2.12975
-0.441569 0.208736 2.14384
-0.444184 0.159428 2.16681
0.101652 0.537644 2.15449
0.120974 0.313432 2.22661
0.134574 0.091934 2.26395
0.12726 0.0118922 2.28581
-0.257543 0.130519 2.23767
-0.29006 -0.22408 2.35018
-0.227072 -0.551423 2.42364
-0.220834 -0.627087 2.34002
-0.0972298 0.0923805 2.27064
-0.0736877 -0.231429 2.38566
-0.0355376 -0.549715 2.44397
-0.0182499 -0.622139 2.34831
-0.0387284 0.620036 2.12147
-0.470836 0.0840401 2.2087
-0.483847 0.171502 2.13267
0.110886 -0.0670958 2.30004
0.0982319 -0.021349 2.24933
-0.17627 0.111899 2.29661
-0.0924642 0.404553 2.20074
-0.00710239 0.686257 2.09126
0.0667044 0.809073 2.05484
-0.183454 0.624888 2.07882
-0.380661 0.428177 2.12771
-0.436759 0.213787 2.1425
-0.434652 0.16239 2.16527
0.109905 0.534014 2.15556
0.124928 0.311721 2.22789
0.134784 0.0880798 2.26491
0.127192 0.0033951 2.28672
-0.25343 0.129681 2.24322
-0.290216 -0.224405 2.3506
-0.227411 -0.551503 2.42349
-0.221271 -0.626374 2.34018
-0.0935796 0.0900134 2.27697
-0.0735049 -0.229057 2.38714
-0.0355795 -0.550213 2.44511
-0.0184255 -0.622003 2.34842
-0.0283111 0.617465 2.12085
-0.457143 0.0860518 2.20313
-0.459011 0.170503 2.12269
0.109981 -0.0727341 2.29346
0.103575 -0.0173744 2.2422
-0.169763 0.114223 2.30057
-0.0886787 0.4061 2.20108
-0.00609243 0.687644 2.08963
0.066668 0.811049 2.0511
-0.181392 0.625177 2.07812
-0.3737 0.428418 2.12923
-0.430014 0.212361 2.14624
-0.426371 0.160273 2.17193
0.115752 0.538858 2.15504
0.131943 0.31707 2.23038
0.141895 0.0954404 2.26789
0.141276 0.0143741 2.29318
-0.246942 0.131629 2.24799
-0.275751 -0.222844 2.35411
-0.227492 -0.551177 2.42345
-0.221303 -0.626007 2.3398
-0.0870946 0.0930067 2.28011
-0.0689313 -0.221125 2.38716
-0.0351595 -0.550058 2.4455
-0.0184008 -0.622105 2.34841
-0.0266528 0.618766 2.11972
-0.445798 0.0827519 2.20684
-0.453248 0.171547 2.13442
0.126601 -0.0611336 2.29853
0.11613 -0.0213649 2.25094
-0.158399 0.120415 2.30348
-0.0865272 0.411575 2.20087
-0.0141869 0.695421 2.08615
0.0490706 0.823097 2.04196
-0.187105 0.628507 2.07815
-0.367733 0.425209 2.1345
-0.416247 0.203986 2.16041
-0.407897 0.154263 2.18568
0.116841 0.559195 2.14846
0.14522 0.320843 2.23636
0.169635 0.101423 2.28476
0.176701 0.0469858 2.30906
-0.236819 0.135004 2.25139
-0.262276 -0.220241 2.3567
-0.225643 -0.550917 2.42413
-0.222024 -0.625895 2.33867
-0.0747636 0.102302 2.28238
-0.0647927 -0.215706 2.38809
-0.0337062 -0.549319 2.44724
-0.0185745 -0.622153 2.34892
-0.0314961 0.625773 2.1172
-0.431709 0.0754279 2.22162
-0.445911 0.168963 2.15096
0.170868 -0.0296439 2.3243
0.15146 0.0197139 2.26458
-0.150916 0.130308 2.30221
-0.0907943 0.424391 2.19873
-0.0364118 0.711828 2.08239
0.0130568 0.844355 2.03512
-0.209344 0.634681 2.07876
-0.365033 0.422636 2.14158
-0.411176 0.200501 2.16608
-0.409988 0.138475 2.18139
0.110665 0.580769 2.14107
0.151849 0.329793 2.23764
0.187761 0.126128 2.28795
0.18867 0.061801 2.30159
-0.230526 0.140719 2.25224
-0.25805 -0.218612 2.35636
-0.224053 -0.551352 2.42378
-0.222475 -0.62664 2.33777
-0.0664602 0.116644 2.27835
-0.0542458 -0.207066 2.38957
-0.0329244 -0.548729 2.44754
-0.0176969 -0.623301 2.34793
-0.0491796 0.641687 2.11366
-0.417176 0.065209 2.21261
-0.436181 0.139508 2.15787
0.184424 -0.0126191 2.31496
0.16349 0.0348537 2.26034
-0.138272 0.14071 2.29752
-0.0989818 0.43683 2.19599
-0.0710136 0.727974 2.08234
-0.0433519 0.865939 2.03435
-0.242498 0.637896 2.08457
-0.365376 0.412525 2.15053
-0.407921 0.196855 2.16914
-0.405892 0.117476 2.18884
0.0941915 0.608156 2.13414
0.155898 0.35207 2.23312
0.2025 0.149392 2.27975
0.19649 0.0707268 2.29099
-0.218898 0.146069 2.25147
-0.247467 -0.217393 2.35821
-0.222068 -0.552376 2.42499
-0.222353 -0.627443 2.33918
-0.0530184 0.132041 2.26957
-0.0444622 -0.201726 2.38901
-0.0306946 -0.547509 2.44712
-0.0180102 -0.622981 2.34984
-0.0770347 0.657145 2.11263
-0.41418 0.0444452 2.21452
-0.432865 0.122088 2.17
0.195551 -0.0121736 2.32837
0.170025 0.0425764 2.24367
-0.130362 0.146953 2.292
-0.113627 0.44578 2.19293
-0.111277 0.735923 2.08304
-0.112479 0.874347 2.03544
-0.28245 0.631835 2.09598
-0.368804 0.387769 2.16236
-0.403481 0.17598 2.17782
-0.399852 0.0938155 2.19355
0.0625832 0.634341 2.12352
0.1504 0.392857 2.22028
0.206674 0.189285 2.25503
0.207535 0.112095 2.2701
-0.212244 0.147178 2.25002
-0.230821 -0.214029 2.36023
-0.220924 -0.552664 2.42635
-0.221782 -0.626682 2.33987
-0.0442071 0.144197 2.25914
-0.0351594 -0.197976 2.38712
-0.0284448 -0.5457 2.44682
-0.0175381 -0.623616 2.3514
-0.111427 0.665429 2.11232
-0.402829 0.0187118 2.2132
-0.426534 0.0971395 2.1822
0.21055 0.0348808 2.30436
0.181079 0.0770795 2.22456
-0.120828 0.148117 2.28607
-0.140308 0.44589 2.18958
-0.177288 0.731657 2.08336
-0.214607 0.865521 2.04049
-0.337525 0.606747 2.1183
-0.376437 0.353292 2.17989
-0.395177 0.139308 2.19342
-0.386784 0.054236 2.20644
2.86912e-005 0.656177 2.10476
0.143863 0.424661 2.20284
0.221536 0.228188 2.23753
0.228081 0.157 2.25088
-0.200397 0.140449 2.24809
-0.224187 -0.207654 2.35452
-0.220163 -0.55214 2.42673
-0.218058 -0.625747 2.34065
-0.035731 0.151252 2.24947
-0.0217144 -0.181956 2.37815
-0.0263037 -0.545235 2.4468
-0.0171097 -0.624377 2.35318
-0.167944 0.662008 2.11184
-0.378897 -0.0164537 2.21484
-0.40928 0.0317608 2.20073
0.237983 0.0799244 2.2875
0.202182 0.133453 2.21006
-0.113528 0.141392 2.28501
-0.160634 0.436015 2.18962
-0.218622 0.718796 2.08331
-0.29639 0.842395 2.04294
-0.357562 0.583373 2.12733
-0.383868 0.333027 2.19116
-0.387779 0.11287 2.20771
-0.377589 0.0220571 2.22284
-0.0499501 0.656958 2.09293
0.133469 0.455013 2.18519
0.232899 0.268907 2.22108
0.247453 0.201181 2.23218
-0.190486 0.125886 2.25105
-0.223464 -0.205958 2.35094
-0.21971 -0.552333 2.42683
-0.217033 -0.6257 2.34158
-0.0314228 0.150108 2.24642
-0.0133016 -0.18941 2.37855
-0.0241906 -0.54114 2.44651
-0.0168042 -0.623677 2.35333
-0.204345 0.649723 2.11194
-0.364155 -0.0456002 2.22496
-0.390418 0.00252183 2.1968
0.26946 0.128071 2.27214
0.219691 0.174658 2.1983
-0.107152 0.133843 2.28738
-0.173795 0.425528 2.19175
-0.248706 0.704347 2.08416
-0.369531 0.807227 2.04945
-0.394097 0.539361 2.14006
-0.38768 0.315327 2.20343
-0.387707 0.099857 2.21787
-0.37374 0.0129678 2.23728
-0.0790682 0.650916 2.08677
0.128207 0.477363 2.16444
0.239879 0.29916 2.20339
0.262192 0.243641 2.21519
-0.182753 0.112173 2.25935
-0.223123 -0.20718 2.35128
-0.218739 -0.553093 2.42735
-0.216471 -0.625479 2.3422
-0.0274042 0.148574 2.24437
-0.0111141 -0.195025 2.38068
-0.0207771 -0.536362 2.44549
-0.0160984 -0.623526 2.35246
-0.230146 0.636221 2.11323
-0.359745 -0.0591072 2.23685
-0.382571 -0.0379962 2.21991
0.289601 0.175496 2.25652
0.236354 0.208096 2.182
-0.0999826 0.116271 2.30008
-0.19918 0.402229 2.19962
-0.301577 0.676179 2.08592
-0.440937 0.772493 2.05612
-0.400005 0.527221 2.14473
-0.399486 0.289539 2.2156
-0.388783 0.075084 2.22895
-0.36425 -0.00607624 2.24742
-0.123162 0.638071 2.07829
0.120252 0.495388 2.14156
0.254721 0.331946 2.17407
0.276344 0.288387 2.18274
-0.173798 0.0946513 2.27168
-0.224259 -0.214581 2.35721
-0.218216 -0.553008 2.42749
-0.216421 -0.625493 2.34263
-0.0229992 0.133852 2.25587
-0.00331826 -0.188249 2.37888
-0.0186821 -0.533088 2.4449
-0.0155339 -0.622423 2.35267
-0.276375 0.609258 2.11657
-0.347709 -0.08289 2.23937
-0.399829 0.0519141 2.21346
0.314033 0.216607 2.23603
0.250388 0.255606 2.15471
-0.100448 0.114471 2.30143
-0.214469 0.393558 2.20069
-0.337568 0.658365 2.0861
-0.465527 0.755536 2.05842
-0.422735 0.506446 2.15368
-0.403145 0.286614 2.22165
-0.391269 0.0720883 2.23374
-0.376714 0.0330711 2.24731
-0.151753 0.632846 2.07444
0.10486 0.505034 2.12821
0.247218 0.348166 2.1599
0.268275 0.300304 2.16304
-0.173976 0.0899493 2.27627
-0.22741 -0.219147 2.36061
-0.218304 -0.553756 2.42779
-0.216339 -0.626468 2.34257
-0.0243977 0.134253 2.25499
-0.00221352 -0.203879 2.38303
-0.0197976 -0.545506 2.44268
-0.0160827 -0.622754 2.35177
-0.307192 0.593584 2.11669
-0.357899 -0.0624653 2.23008
-0.419355 0.0736423 2.2224
0.309884 0.228204 2.21522
0.248882 0.262451 2.13044
-0.103181 0.114451 2.30268
-0.23128 0.38879 2.20228
-0.358513 0.650488 2.08837
-0.476803 0.748459 2.05963
-0.441418 0.495669 2.15941
-0.406495 0.279657 2.22449
-0.389865 0.0654856 2.23696
-0.364791 -0.00764428 2.24857
-0.168712 0.638079 2.07325
0.0873596 0.507491 2.12475
0.235472 0.354775 2.15188
0.25285 0.298994 2.16156
-0.175541 0.0883765 2.27891
-0.227182 -0.222995 2.3639
-0.218552 -0.554559 2.42827
-0.216545 -0.627303 2.34245
-0.0288846 0.136837 2.25421
-0.00286151 -0.210829 2.38352
-0.020154 -0.548971 2.44171
-0.0154954 -0.623555 2.35026
-0.327441 0.586566 2.11889
-0.347664 -0.090026 2.24204
-0.350583 -0.066515 2.21267
0.291609 0.224217 2.20752
0.235439 0.261298 2.12812
-0.10723 0.113915 2.30468
-0.23549 0.387453 2.20292
-0.360679 0.649644 2.08853
-0.478655 0.747396 2.05913
-0.445058 0.494706 2.15889
-0.411179 0.277517 2.22362
-0.391486 0.0635783 2.23603
-0.371494 -0.0091183 2.24523
-0.173167 0.63963 2.0744
0.0811185 0.506286 2.12753
0.224498 0.350065 2.15862
0.241681 0.29337 2.17467
-0.179388 0.0875222 2.28083
-0.22659 -0.226226 2.36651
-0.219018 -0.554114 2.42907
-0.215903 -0.627425 2.34208
-0.0320449 0.136696 2.25568
-0.000299966 -0.207498 2.38202
-0.0196904 -0.552193 2.44255
-0.0151533 -0.624019 2.34972
-0.330056 0.58562 2.11915
-0.34806 -0.0903023 2.23455
-0.360845 -0.0684223 2.20938
0.278733 0.221837 2.21302
0.223013 0.254622 2.14363
-0.111632 0.114609 2.30587
-0.235042 0.388589 2.20248
-0.350424 0.654558 2.08596
-0.459715 0.762581 2.04818
-0.438422 0.500165 2.15149
-0.416936 0.276566 2.21387
-0.395972 0.0629362 2.22808
-0.374383 -0.02574 2.23265
-0.165196 0.638939 2.0749
0.0821217 0.499716 2.14027
0.222622 0.327324 2.17703
0.237042 0.274041 2.19206
-0.184985 0.0890435 2.28084
-0.227234 -0.225029 2.36654
-0.219845 -0.554139 2.42913
-0.216189 -0.629442 2.34319
-0.0353577 0.136754 2.25749
-0.00573362 -0.21047 2.38282
-0.0196952 -0.552404 2.4428
-0.0154884 -0.623638 2.3502
-0.323003 0.589482 2.11728
-0.35689 -0.0965834 2.23483
-0.363006 -0.0429372 2.1888
0.26806 0.203235 2.22897
0.217822 0.235778 2.15544
-0.114608 0.115976 2.30611
-0.231667 0.392006 2.20113
-0.337572 0.660423 2.08255
-0.419826 0.784886 2.03517
-0.426915 0.510962 2.14332
-0.420528 0.289518 2.1961
-0.4155 0.074396 2.20497
-0.387063 -0.010608 2.21864
-0.153041 0.636908 2.07595
0.0867409 0.490942 2.15112
0.213883 0.322166 2.18601
0.232071 0.252503 2.21087
-0.189432 0.0912543 2.27999
-0.235011 -0.218267 2.36643
-0.219636 -0.55412 2.42915
-0.215787 -0.628043 2.34374
-0.0369161 0.137291 2.25854
-0.0205199 -0.210831 2.38429
-0.0211728 -0.550161 2.44314
-0.0158055 -0.623337 2.34982
-0.312227 0.594938 2.11432
-0.37309 -0.0833104 2.22528
-0.406968 -0.0582906 2.22733
0.260113 0.181935 2.24408
0.2152 0.209008 2.17469
-0.125707 0.127905 2.30336
-0.224664 0.404285 2.19537
-0.309556 0.67884 2.06971
-0.366367 0.814953 2.02253
-0.417091 0.55224 2.11543
-0.416967 0.30629 2.1811
-0.411561 0.0916832 2.19561
-0.39384 0.00416041 2.19514
-0.125177 0.643042 2.07788
0.092768 0.478069 2.16349
0.2094 0.303614 2.20447
0.223482 0.227972 2.22877
-0.203204 0.107797 2.27321
-0.233992 -0.213325 2.36475
-0.219581 -0.55306 2.42924
-0.215945 -0.627439 2.34381
-0.0446268 0.144489 2.25935
-0.0269153 -0.205781 2.38301
-0.0228059 -0.547023 2.44231
-0.0177065 -0.621763 2.35042
-0.289844 0.611615 2.10327
-0.379108 -0.0645034 2.20126
-0.408989 -0.0204196 2.1785
0.247659 0.15946 2.26441
0.203061 0.190304 2.193
-0.13814 0.138621 2.29715
-0.207111 0.42673 2.18433
-0.261362 0.70857 2.05774
-0.292704 0.849247 2.01592
-0.411005 0.564092 2.10736
-0.417621 0.326168 2.15874
-0.411861 0.111562 2.17437
-0.400288 0.0259732 2.17139
-0.0781376 0.65029 2.0812
0.0990901 0.454135 2.17719
0.201911 0.271748 2.21993
0.213409 0.193756 2.23683
-0.216955 0.12243 2.26228
-0.234189 -0.209581 2.36155
-0.219393 -0.552279 2.42876
-0.216467 -0.627338 2.34318
-0.055102 0.151242 2.25755
-0.0337909 -0.200911 2.37837
-0.0243586 -0.547298 2.44233
-0.016822 -0.622328 2.34866
-0.248964 0.639834 2.09132
-0.388158 -0.0449483 2.18961
-0.422927 0.0215585 2.1595
0.229945 0.119381 2.27762
0.194304 0.164639 2.20182
-0.151311 0.148271 2.28745
-0.179351 0.444008 2.1769
-0.188774 0.730825 2.05595
-0.182552 0.875094 2.01845
-0.358787 0.618791 2.07609
-0.405268 0.361725 2.13762
-0.412474 0.146507 2.14848
-0.402718 0.069097 2.15114
-0.0088449 0.639297 2.09742
0.107409 0.421977 2.19163
0.190604 0.228367 2.22887
0.197527 0.151069 2.24314
-0.231735 0.138799 2.24886
-0.237981 -0.209154 2.3589
-0.21915 -0.552351 2.42841
-0.217511 -0.628511 2.34237
-0.0661496 0.154554 2.25194
-0.0403816 -0.197145 2.37316
-0.0266172 -0.54835 2.44318
-0.0164469 -0.622935 2.34771
-0.187134 0.661033 2.08803
-0.401291 -0.00343035 2.1832
-0.434911 0.0853086 2.14357
0.203543 0.0753077 2.25786
0.177995 0.112756 2.20641
-0.156006 0.1472 2.28254
-0.156158 0.444839 2.17423
-0.137699 0.732749 2.05728
-0.0925557 0.875234 2.02698
-0.306941 0.635566 2.06256
-0.394948 0.383384 2.12231
-0.404038 0.166056 2.13702
-0.398375 0.0940936 2.13621
0.0344725 0.61745 2.10929
0.113117 0.389801 2.19615
0.17565 0.189471 2.23672
0.178715 0.105146 2.25183
-0.236115 0.141862 2.24076
-0.243091 -0.213733 2.35694
-0.219341 -0.551242 2.42582
-0.218336 -0.62888 2.34335
-0.0722003 0.147681 2.24961
-0.0503852 -0.202391 2.37001
-0.0277642 -0.548631 2.44353
-0.0165418 -0.622993 2.34766
-0.142811 0.662476 2.08842
-0.397082 0.0253046 2.1732
-0.432711 0.0945578 2.12494
0.177401 0.0326067 2.25553
0.157592 0.0652203 2.21307
-0.160438 0.141233 2.27926
-0.128723 0.438159 2.17488
-0.0815198 0.726077 2.06203
-0.0101302 0.862705 2.04193
-0.254691 0.641636 2.05337
-0.383694 0.402208 2.10396
-0.39743 0.184552 2.11704
-0.395961 0.11846 2.11564
0.0638629 0.596447 2.11931
0.117892 0.349999 2.2038
0.163644 0.145463 2.24488
0.16335 0.0666796 2.26177
-0.239941 0.141286 2.23267
-0.250964 -0.217562 2.35397
-0.219638 -0.551258 2.42473
-0.21989 -0.629122 2.34304
-0.077706 0.133447 2.25219
-0.0615652 -0.209725 2.37226
-0.0287612 -0.548934 2.44415
-0.017311 -0.6228 2.34864
-0.093551 0.655718 2.09222
-0.397061 0.0481167 2.15307
-0.424954 0.11805 2.08474
0.161358 -0.0119125 2.27994
0.135465 0.0413448 2.22518
-0.160244 0.129168 2.27448
-0.0981599 0.42657 2.17652
-0.0287797 0.715026 2.06949
0.0561426 0.841098 2.05664
-0.213315 0.638944 2.04849
-0.368142 0.41773 2.07895
-0.392392 0.195057 2.08377
-0.39601 0.138293 2.08081
0.0908758 0.566499 2.13231
0.117585 0.336743 2.20705
0.145698 0.114917 2.24365
0.138647 0.0361888 2.26195
-0.238316 0.136404 2.22127
-0.258078 -0.214134 2.34594
-0.220487 -0.550316 2.4237
-0.220511 -0.629242 2.34275
-0.0775004 0.114922 2.25416
-0.065912 -0.210866 2.37129
-0.0295165 -0.549851 2.44424
-0.0176626 -0.622719 2.34904
-0.0461286 0.644518 2.09825
-0.39944 0.06712 2.12304
-0.426376 0.136456 2.05969
0.131314 -0.0422147 2.27479
0.116984 0.0108851 2.21755
-0.157442 0.119476 2.27085
-0.0802617 0.416451 2.17745
0.000890868 0.703155 2.07447
0.0867733 0.829326 2.06396
-0.182493 0.633444 2.04628
-0.353948 0.422955 2.06708
-0.386862 0.197601 2.06882
-0.377768 0.147622 2.08274
0.108152 0.540652 2.14074
0.116222 0.318921 2.21235
0.130001 0.0874777 2.24798
0.122345 0.0058575 2.26642
-0.234522 0.130812 2.21456
-0.267578 -0.205266 2.33144
-0.221605 -0.550924 2.42362
-0.220662 -0.629256 2.34209
-0.0755363 0.102773 2.25401
-0.066101 -0.210141 2.36997
-0.0307194 -0.550468 2.44414
-0.0178181 -0.622592 2.34898
-0.0193292 0.633147 2.10219
-0.390367 0.0727212 2.10518
-0.414005 0.157156 2.03697
0.111073 -0.074175 2.27317
0.0996136 -0.0134013 2.22375
-0.157065 0.114211 2.26772
-0.0722364 0.41184 2.17677
0.0159214 0.698455 2.07547
0.105992 0.820701 2.06793
-0.168515 0.631738 2.04556
-0.346052 0.425709 2.06178
-0.378905 0.198562 2.06207
-0.370897 0.153461 2.08096
0.115476 0.53029 2.14395
0.117056 0.31177 2.2143
0.123773 0.0786011 2.25142
0.119491 -0.000834179 2.27189
-0.233216 0.128001 2.21074
-0.266559 -0.205823 2.32917
-0.223137 -0.550758 2.42236
-0.220226 -0.629894 2.33973
-0.0761503 0.0953186 2.25164
-0.064437 -0.208457 2.36812
-0.0308802 -0.550687 2.44371
-0.0183068 -0.622413 2.34962
-0.00604137 0.628436 2.1028
-0.384778 0.0786658 2.11229
-0.408733 0.16876 2.04097
0.106191 -0.0785536 2.27981
0.098802 -0.0203958 2.22803
-0.157628 0.112053 2.26485
-0.0679135 0.409063 2.17579
0.0245693 0.694139 2.07621
0.116191 0.815307 2.06836
-0.164281 0.630877 2.04518
-0.340994 0.426077 2.05988
-0.375722 0.200562 2.06133
-0.367473 0.157441 2.08111
0.119567 0.526181 2.14265
0.118053 0.309567 2.21456
0.123315 0.0751253 2.25309
0.121309 -0.00774639 2.27431
-0.233428 0.127101 2.20707
-0.271971 -0.204957 2.32304
-0.224274 -0.550433 2.42025
-0.220671 -0.629784 2.33874
-0.0769812 0.0924366 2.24939
-0.0638084 -0.207499 2.36607
-0.0314257 -0.551006 2.44218
-0.0185313 -0.6223 2.34988
0.00158376 0.624549 2.10309
-0.383691 0.0883242 2.11181
-0.414066 0.142004 2.05953
0.1078 -0.0853356 2.28039
0.0946056 -0.0649235 2.24038
-0.157445 0.11163 2.2637
-0.0662915 0.408568 2.17434
0.0225982 0.695866 2.07279
0.119366 0.81343 2.06434
-0.16277 0.630907 2.0444
-0.337842 0.42655 2.05887
-0.373387 0.202085 2.06241
-0.368642 0.15782 2.08493
0.121872 0.526367 2.14008
0.121654 0.309451 2.21359
0.126228 0.0729289 2.25356
0.125944 -0.0103857 2.27044
-0.23325 0.126925 2.20621
-0.269791 -0.206534 2.32193
-0.225025 -0.550468 2.41967
-0.221249 -0.630593 2.33861
-0.0766987 0.0920837 2.24789
-0.0634602 -0.206912 2.36376
-0.0319801 -0.550622 2.44118
-0.0184557 -0.622309 2.34937
0.00112199 0.6255 2.10034
-0.381687 0.0835683 2.11836
-0.406061 0.170862 2.04829
0.109607 -0.0855222 2.27679
0.097705 -0.0708692 2.234
-0.149855 0.113751 2.26335
-0.0653555 0.410701 2.17278
0.0171071 0.699991 2.06837
0.100036 0.823107 2.05055
-0.163563 0.631263 2.04243
-0.337726 0.42688 2.06014
-0.370461 0.196965 2.06696
-0.364044 0.150234 2.09102
0.122013 0.534342 2.13601
0.126905 0.313107 2.21051
0.1362 0.0813209 2.24833
0.133944 -0.00303028 2.26604
-0.226556 0.127971 2.20603
-0.264942 -0.20617 2.32158
-0.224451 -0.550978 2.41971
-0.22112 -0.630337 2.33801
-0.0681373 0.0957905 2.24739
-0.0615067 -0.204531 2.36131
-0.0318789 -0.549045 2.44129
-0.0189706 -0.621535 2.35047
-0.00238428 0.629146 2.09683
-0.37552 0.0751145 2.11829
-0.406125 0.158024 2.05711
0.121147 -0.079995 2.28117
0.101875 -0.0646659 2.2315
-0.142094 0.119716 2.26264
-0.0724926 0.420889 2.16925
-0.0140089 0.715455 2.06148
0.0584009 0.845737 2.03779
-0.188707 0.63976 2.04107
-0.34206 0.424019 2.06885
-0.367287 0.19487 2.075
-0.368924 0.143141 2.08666
0.110376 0.566767 2.12599
0.13096 0.325381 2.20727
0.152981 0.115064 2.24018
0.148122 0.03361 2.25597
-0.220084 0.130705 2.20676
-0.246978 -0.215213 2.3281
-0.222247 -0.553009 2.42073
-0.220865 -0.630704 2.33904
-0.0592338 0.105675 2.24484
-0.0548148 -0.19882 2.35841
-0.0316177 -0.544862 2.44146
-0.0185221 -0.622174 2.35001
-0.0277816 0.64374 2.09052
-0.366476 0.0682008 2.10941
-0.407661 0.132542 2.08683
0.138862 -0.0428066 2.27031
0.127477 0.0179755 2.21477
-0.130979 0.134418 2.25608
-0.0932755 0.440832 2.16469
-0.0681291 0.738779 2.06239
-0.0316732 0.880571 2.032
-0.240528 0.645309 2.05143
-0.347164 0.404351 2.092
-0.364779 0.18881 2.09472
-0.361764 0.116248 2.11307
0.0923504 0.604578 2.11789
0.132582 0.343046 2.20143
0.159338 0.132367 2.23039
0.152091 0.058425 2.23036
-0.210144 0.138724 2.20671
-0.237048 -0.212761 2.32607
-0.219027 -0.556719 2.42229
-0.220142 -0.629331 2.34003
-0.0479177 0.126832 2.23065
-0.0462721 -0.199141 2.35685
-0.0310595 -0.542909 2.44217
-0.0179571 -0.62322 2.34903
-0.0737353 0.666259 2.08979
-0.358388 0.0432382 2.12953
-0.396481 0.12666 2.10194
0.147685 -0.0200895 2.26205
0.127669 0.0351686 2.18894
-0.123071 0.140591 2.24878
-0.109035 0.448739 2.16187
-0.10786 0.74661 2.06542
-0.101009 0.891799 2.03606
-0.282489 0.636643 2.06634
-0.348478 0.387336 2.11017
-0.362257 0.165609 2.1224
-0.352733 0.0923671 2.13657
0.0656124 0.63136 2.10801
0.129976 0.369335 2.18942
0.166447 0.158314 2.20876
0.157693 0.0850673 2.20802
-0.20399 0.140101 2.20419
-0.226599 -0.209146 2.32082
-0.217709 -0.556787 2.42185
-0.219583 -0.628083 2.34086
-0.0385355 0.138285 2.21834
-0.0370706 -0.196999 2.35182
-0.0310174 -0.543159 2.44182
-0.0174864 -0.623684 2.34805
-0.107861 0.67418 2.09129
-0.350499 0.0159104 2.14653
-0.375365 0.0939241 2.10651
0.153204 0.00872938 2.23496
0.132475 0.0623524 2.17035
-0.121076 0.142384 2.24494
-0.127128 0.452262 2.16174
-0.144315 0.750068 2.0712
-0.161642 0.894445 2.04297
-0.313235 0.62728 2.08243
-0.350867 0.365818 2.13036
-0.359173 0.150154 2.13635
-0.344582 0.0738278 2.15763
0.0378307 0.648702 2.101
0.127439 0.395209 2.17961
0.174244 0.185019 2.19042
0.174622 0.111827 2.19381
-0.202122 0.139244 2.20393
-0.223561 -0.207386 2.31821
-0.217373 -0.556875 2.42194
-0.218621 -0.627216 2.34037
-0.0365108 0.143729 2.20916
-0.0295998 -0.194995 2.34765
-0.0309224 -0.543554 2.44171
-0.0173886 -0.623839 2.34819
-0.140043 0.677503 2.09568
-0.341014 -0.00610917 2.16862
-0.379152 0.0814575 2.14411
0.172311 0.0344295 2.22471
0.147662 0.0904795 2.15747
-0.120929 0.142168 2.2435
-0.142536 0.451585 2.16377
-0.170607 0.749298 2.07686
-0.198868 0.891978 2.05104
-0.337657 0.616457 2.09652
-0.351569 0.359502 2.1392
-0.359158 0.144141 2.14834
-0.333079 0.0700303 2.16908
0.0139851 0.656029 2.09791
0.126606 0.404488 2.17466
0.189191 0.197958 2.18013
0.190864 0.12829 2.18325
-0.201234 0.136807 2.20466
-0.223216 -0.206891 2.31755
-0.21682 -0.556672 2.42255
-0.218319 -0.627144 2.34054
-0.0369774 0.144718 2.20558
-0.0262583 -0.195217 2.34657
-0.0304544 -0.543516 2.44124
-0.0173814 -0.62403 2.34936
-0.163784 0.676653 2.10053
-0.332068 -0.01319 2.18063
-0.360765 0.0664502 2.16206
0.194261 0.0518543 2.21386
0.165033 0.098612 2.145
-0.124613 0.141779 2.24079
-0.156737 0.451437 2.1661
-0.189623 0.749314 2.08308
-0.226076 0.892595 2.05976
-0.355123 0.612815 2.10732
-0.356361 0.356919 2.14658
-0.36313 0.141311 2.15309
-0.335001 0.0672882 2.16685
-0.00626595 0.658854 2.09748
0.120459 0.414457 2.16977
0.192908 0.21106 2.17387
0.187281 0.142024 2.17535
-0.204164 0.134147 2.20446
-0.226159 -0.20745 2.31735
-0.216603 -0.556696 2.42282
-0.217741 -0.627092 2.34046
-0.0413987 0.145987 2.20174
-0.0255592 -0.195269 2.34432
-0.030159 -0.544866 2.44045
-0.0172418 -0.624507 2.3516
-0.181676 0.67661 2.10579
-0.333559 -0.0130614 2.18019
-0.370719 0.0957995 2.16625
0.196455 0.0641151 2.20276
0.163678 0.11003 2.13997
-0.129799 0.141157 2.23993
-0.163974 0.451487 2.16819
-0.197059 0.749957 2.08665
-0.235323 0.893365 2.06409
-0.363298 0.610934 2.11338
-0.363789 0.354891 2.15073
-0.367472 0.138951 2.15402
-0.344844 0.0620911 2.16309
-0.015324 0.659526 2.09817
0.113633 0.416295 2.16832
0.187113 0.21324 2.17231
0.173349 0.143632 2.17757
-0.209074 0.132594 2.20547
-0.229601 -0.208145 2.31713
-0.216479 -0.555938 2.42178
-0.217808 -0.627382 2.34114
-0.0466473 0.145747 2.2
-0.0279784 -0.196754 2.34243
-0.0304445 -0.546077 2.44004
-0.0170243 -0.624406 2.35023
-0.18909 0.677097 2.10903
-0.34566 -0.0198035 2.17756
-0.37728 0.0606466 2.14871
0.186668 0.0704799 2.19693
0.14921 0.102833 2.14367
-0.135104 0.14152 2.24123
-0.169896 0.452442 2.1715
-0.202732 0.751384 2.0911
-0.239774 0.894688 2.06753
-0.370132 0.612301 2.1193
-0.374001 0.351682 2.15491
-0.375778 0.135442 2.15329
-0.35552 0.0580144 2.16424
-0.0207945 0.660054 2.10084
0.106701 0.416189 2.17142
0.177066 0.212051 2.17599
0.165936 0.143869 2.18645
-0.214193 0.131818 2.20803
-0.230964 -0.216877 2.3258
-0.216293 -0.555824 2.4217
-0.217929 -0.626626 2.34097
-0.0519716 0.146931 2.20067
-0.0295659 -0.197941 2.34309
-0.0306596 -0.546555 2.43954
-0.0165941 -0.624656 2.34877
-0.194847 0.678407 2.11322
-0.360106 -0.0262679 2.17907
-0.392463 0.0488952 2.143
0.174096 0.0710211 2.20454
0.139281 0.101533 2.15389
-0.142795 0.143016 2.24423
-0.175039 0.454329 2.1745
-0.205736 0.753452 2.09357
-0.240874 0.897528 2.07091
-0.371992 0.614833 2.12111
-0.387527 0.354138 2.15996
-0.394846 0.138078 2.15847
-0.392999 0.0617914 2.16165
-0.0242142 0.660806 2.10475
0.09982 0.419473 2.17908
0.172916 0.216766 2.1886
0.172435 0.151548 2.20535
-0.221498 0.133126 2.21093
-0.239327 -0.212356 2.3256
-0.215769 -0.556552 2.42244
-0.218249 -0.62682 2.34106
-0.0595472 0.148376 2.20414
-0.0354501 -0.198215 2.34331
-0.031137 -0.545969 2.43905
-0.0158293 -0.625153 2.34735
-0.198331 0.680437 2.11583
-0.389947 -0.0137321 2.18139
-0.414506 0.0666576 2.13429
0.182479 0.0801742 2.22521
0.14875 0.116089 2.1745
-0.146697 0.145323 2.24654
-0.177209 0.45615 2.17684
-0.206458 0.755071 2.09593
-0.239042 0.899509 2.07284
-0.37264 0.61884 2.12366
-0.410289 0.357876 2.16816
-0.430597 0.143034 2.17081
-0.433302 0.0707366 2.18008
-0.0251156 0.662503 2.10821
0.102322 0.425208 2.19122
0.187302 0.229436 2.21528
0.195974 0.157739 2.2363
-0.225329 0.135597 2.21288
-0.238131 -0.216888 2.33475
-0.216021 -0.556107 2.42316
-0.218014 -0.627962 2.34161
-0.0634054 0.150438 2.20695
-0.0381303 -0.200635 2.34551
-0.0313877 -0.545964 2.43946
-0.0157327 -0.62522 2.34727
-0.199412 0.682066 2.11819
-0.431154 -0.00195758 2.20392
-0.459457 0.0440159 2.17033
0.20198 0.0797851 2.27536
0.172569 0.119988 2.19837
