-0.1554 0.00962011 2.22263
-0.168641 0.303299 2.18015
-0.180724 0.586785 2.12584
-0.175513 0.732842 2.10256
-0.328659 0.455284 2.10829
-0.370819 0.19306 2.13387
-0.423774 -0.0186504 2.11743
-0.425811 -0.0500997 2.11988
-0.00892895 0.471633 2.15024
0.0485513 0.219967 2.19252
0.129091 0.0168334 2.17179
0.135461 -0.0387267 2.16714
-0.224852 0.00584958 2.18038
-0.236323 -0.270698 2.27947
-0.241266 -0.545657 2.37057
-0.222254 -0.60043 2.24967
-0.0811272 0.01312 2.19587
-0.0391539 -0.264954 2.29256
-0.0179178 -0.539454 2.37904
-0.00197477 -0.594297 2.25796
-0.177928 0.517369 2.14148
-0.432081 -0.124623 2.13604
-0.445122 -0.0484818 2.09017
0.145345 -0.0967222 2.19623
0.124113 -0.0296845 2.12276
-0.156308 0.00894751 2.22155
-0.168994 0.302678 2.17915
-0.180582 0.586222 2.12494
-0.176074 0.732284 2.10089
-0.328579 0.454616 2.10739
-0.370202 0.192147 2.13325
-0.42384 -0.0193994 2.11761
-0.424497 -0.052701 2.1225
-0.00952255 0.470528 2.14753
0.0487783 0.219788 2.19096
0.128564 0.0163921 2.16946
0.134363 -0.0378278 2.1638
-0.22573 0.00528705 2.17935
-0.235227 -0.267968 2.27764
-0.240841 -0.545699 2.36997
-0.241375 -0.630559 2.32902
-0.0820409 0.0123371 2.19479
-0.0390754 -0.265264 2.29204
-0.017823 -0.53941 2.37898
-0.00243091 -0.594287 2.25783
-0.177903 0.516794 2.14057
-0.423794 -0.123542 2.13574
-0.444819 -0.0651449 2.09083
0.144761 -0.0943482 2.18739
0.126763 -0.0340879 2.12337
-0.156146 0.00870882 2.22096
-0.169015 0.302414 2.17857
-0.180722 0.585935 2.1244
-0.176331 0.73205 2.10055
-0.328719 0.454244 2.10704
-0.370302 0.191667 2.1332
-0.423726 -0.0199311 2.11746
-0.42289 -0.0504958 2.12078
-0.00957583 0.470526 2.14691
0.0490607 0.219532 2.18856
0.127534 0.0156508 2.16648
0.133137 -0.0371281 2.15891
-0.225616 0.00504818 2.17895
-0.235012 -0.26945 2.27812
-0.240778 -0.54583 2.36982
-0.222401 -0.600634 2.24883
-0.0818308 0.0121181 2.19402
-0.0389782 -0.265787 2.29178
-0.0178496 -0.539466 2.37887
-0.0025369 -0.594343 2.2577
-0.178016 0.516512 2.14001
-0.42191 -0.124293 2.13705
-0.442454 -0.0600085 2.09447
0.142043 -0.096517 2.19156
0.122268 -0.0330853 2.11533
-0.156356 0.00837057 2.22002
-0.169279 0.301983 2.17776
-0.180949 0.585396 2.12364
-0.176002 0.729919 2.09842
-0.328952 0.45399 2.10707
-0.370154 0.191504 2.13308
-0.422711 -0.0203272 2.11767
-0.424603 -0.0512012 2.11978
-0.00976797 0.470615 2.14544
0.0487309 0.219563 2.18644
0.126415 0.015447 2.16308
0.125288 -0.0370937 2.15335
-0.225943 0.00476441 2.17817
-0.234946 -0.269813 2.27819
-0.240829 -0.545111 2.3697
-0.222918 -0.599947 2.24865
-0.0819312 0.0117271 2.19289
-0.0388658 -0.266239 2.29123
-0.0179326 -0.539043 2.37853
-0.00308634 -0.593948 2.2573
-0.17825 0.516007 2.13924
-0.422421 -0.12401 2.13097
-0.446718 -0.0529411 2.09416
0.1409 -0.0987225 2.17381
0.10656 -0.0341671 2.11033
-0.15571 0.00802713 2.21913
-0.168911 0.301392 2.17673
-0.180832 0.584547 2.12246
-0.17616 0.729518 2.0976
-0.328819 0.453605 2.10645
-0.370039 0.191095 2.13272
-0.422342 -0.0208151 2.11814
-0.428746 -0.0539402 2.12122
-0.00980331 0.470571 2.14386
0.0483548 0.219445 2.18416
0.125304 0.0153101 2.15704
0.121994 -0.0375557 2.15203
-0.225315 0.00425602 2.17736
-0.235236 -0.270776 2.27829
-0.240641 -0.545259 2.36966
-0.223022 -0.600119 2.24859
-0.0812858 0.0115619 2.19195
-0.0387261 -0.266427 2.29056
-0.0183537 -0.540058 2.3791
-0.00379086 -0.594979 2.25785
-0.178068 0.515221 2.1381
-0.428898 -0.125967 2.13739
-0.449371 -0.0630754 2.09286
0.134791 -0.10158 2.17131
0.0991752 -0.0366424 2.10585
-0.155481 0.00811532 2.2187
-0.168015 0.301407 2.17662
-0.178157 0.584454 2.12406
-0.175688 0.729991 2.09724
-0.328645 0.453529 2.10622
-0.370167 0.191169 2.13256
-0.422918 -0.0206211 2.11771
-0.430582 -0.0511781 2.12068
-0.00957326 0.470652 2.14335
0.0483834 0.219005 2.18333
0.1251 0.0148508 2.15536
0.121843 -0.0388754 2.1543
-0.225161 0.0043168 2.17713
-0.235108 -0.271166 2.27844
-0.240656 -0.544941 2.36975
-0.223118 -0.599751 2.24862
-0.0809682 0.0116883 2.1913
-0.0387734 -0.26681 2.29014
-0.0182731 -0.539902 2.379
-0.00379201 -0.594769 2.2577
-0.175919 0.51516 2.1392
-0.432852 -0.123725 2.13996
-0.443451 -0.0652848 2.1188
0.13502 -0.101751 2.17506
0.103177 -0.0372797 2.11099
-0.155588 0.00841701 2.21851
-0.165455 0.302294 2.17543
-0.16985 0.586239 2.12043
-0.162885 0.731135 2.09647
-0.323645 0.456083 2.10439
-0.369722 0.194443 2.13142
-0.427906 -0.015885 2.11682
-0.438528 -0.0355076 2.11992
-0.00349124 0.468145 2.14048
0.0471189 0.216018 2.18192
0.12542 0.0119689 2.16197
0.122331 -0.0068083 2.17187
-0.225251 0.00509505 2.17659
-0.23822 -0.267202 2.27365
-0.240909 -0.544733 2.36958
-0.223835 -0.599725 2.2485
-0.0810931 0.0117359 2.19131
-0.0399456 -0.267996 2.28936
-0.018402 -0.539869 2.37873
-0.00438759 -0.594916 2.25748
-0.1692 0.516711 2.13628
-0.444027 -0.110371 2.14092
-0.463736 -0.0330365 2.10075
0.140224 -0.0850071 2.17856
0.101106 -0.00930923 2.1626
-0.160533 0.00861561 2.22271
-0.150694 0.301743 2.17547
-0.125281 0.583428 2.11408
-0.0984095 0.723655 2.09413
-0.286585 0.465928 2.09066
-0.371797 0.203884 2.12457
-0.462568 0.00580026 2.11809
-0.461111 0.00725032 2.12172
0.0300451 0.449512 2.14197
0.0462682 0.207873 2.18134
0.117056 0.0010149 2.17618
0.112206 -0.0253205 2.18795
-0.228668 0.00851063 2.17673
-0.244232 -0.262091 2.27051
-0.243312 -0.545572 2.36986
-0.243611 -0.630518 2.32981
-0.0888106 0.00721373 2.20193
-0.0475055 -0.274863 2.29076
-0.0200654 -0.540218 2.37916
-0.00202687 -0.595761 2.25898
-0.132201 0.514519 2.1318
-0.477033 -0.066842 2.13817
-0.478639 0.0067019 2.09336
0.125621 -0.1071 2.18871
0.114777 -0.0994626 2.1638
-0.16326 0.0017807 2.23025
-0.127016 0.291243 2.17838
-0.0812056 0.571334 2.11111
-0.0346682 0.702547 2.09083
-0.247009 0.464486 2.07513
-0.378708 0.209638 2.11737
-0.494921 0.0256976 2.1116
-0.492536 0.0379871 2.11683
0.0552388 0.419401 2.15042
0.0493673 0.183737 2.18952
0.10187 -0.0278836 2.1942
0.110337 -0.104061 2.21534
-0.229953 0.00675127 2.17907
-0.253253 -0.256997 2.26917
-0.245377 -0.547185 2.37178
-0.217753 -0.603408 2.25392
-0.0919694 -0.00449836 2.2141
-0.0535911 -0.278993 2.293
-0.0238529 -0.541723 2.37906
0.000730118 -0.598001 2.26102
-0.0927984 0.502663 2.13019
-0.515879 -0.0314239 2.14245
-0.51994 0.0413527 2.0978
0.121729 -0.186404 2.23639
0.0992322 -0.0975947 2.1767
-0.159427 -0.00929932 2.24514
-0.103493 0.278701 2.18308
-0.040355 0.555609 2.10611
0.0256649 0.673832 2.08984
-0.21088 0.454059 2.0664
-0.390315 0.222847 2.10598
-0.520622 0.0487831 2.09942
-0.542054 0.0421011 2.10357
0.0698686 0.398595 2.15719
0.0512132 0.17023 2.19331
0.0768151 -0.0451133 2.20931
0.0887932 -0.127094 2.23087
-0.225993 -0.00278268 2.18891
-0.257496 -0.257519 2.27464
-0.247191 -0.547258 2.37292
-0.215236 -0.605162 2.25771
-0.0883065 -0.0156078 2.23306
-0.0616775 -0.296851 2.30496
-0.0283455 -0.546078 2.3811
0.000606803 -0.603985 2.26571
-0.056398 0.487808 2.12776
-0.556674 0.00967526 2.11893
-0.545288 0.0570582 2.06881
0.0995599 -0.213032 2.24982
0.0799554 -0.123234 2.19132
-0.160555 -0.0196662 2.26204
-0.0812098 0.261198 2.1905
0.00378944 0.530231 2.10396
0.084494 0.637964 2.09556
-0.193169 0.449647 2.06352
-0.381506 0.253905 2.09148
-0.533396 0.0984648 2.07769
-0.527041 0.109348 2.07587
0.0913708 0.353134 2.16204
0.0551545 0.117935 2.20493
0.0549482 -0.0978062 2.22691
0.06919 -0.180349 2.25047
-0.226065 -0.00938408 2.20275
-0.263293 -0.266216 2.28698
-0.251051 -0.548079 2.37555
-0.221788 -0.608181 2.26122
-0.0903046 -0.0295586 2.2529
-0.0614649 -0.27584 2.30958
-0.0292318 -0.545507 2.38246
-0.0030089 -0.605625 2.26794
-0.0174856 0.464332 2.12801
-0.574129 0.0453437 2.09882
-0.541133 0.127283 2.05093
0.084063 -0.263215 2.27601
0.0613705 -0.217214 2.22417
-0.158828 -0.0268598 2.27073
-0.0668111 0.249186 2.19239
0.0287218 0.514202 2.09876
0.120439 0.614804 2.09169
-0.146119 0.434537 2.05586
-0.373167 0.263032 2.08499
-0.526679 0.109107 2.07428
-0.542862 0.0981826 2.08217
0.104486 0.330765 2.16225
0.0562841 0.0964431 2.20778
0.0538072 -0.118376 2.23443
0.0677866 -0.191723 2.25063
-0.222631 -0.0138854 2.2129
-0.263915 -0.271878 2.29579
-0.252595 -0.54919 2.37683
-0.220789 -0.611055 2.26486
-0.0902689 -0.0394356 2.26035
-0.0543943 -0.276162 2.31433
-0.0290252 -0.544182 2.38399
-0.000280403 -0.606095 2.27183
0.00486012 0.449302 2.12458
-0.570872 0.0640634 2.09315
-0.54292 0.120712 2.04571
0.0791198 -0.278615 2.28333
0.0593343 -0.202605 2.21594
-0.157147 -0.0316461 2.2783
-0.055649 0.240328 2.19496
0.0476076 0.501943 2.09703
0.139903 0.604456 2.09387
-0.131051 0.426798 2.05298
-0.366973 0.265994 2.08098
-0.524082 0.115802 2.07258
-0.538273 0.106968 2.07747
0.122296 0.317235 2.16228
0.0579376 0.0948026 2.20727
0.0629327 -0.120443 2.23112
0.07269 -0.179955 2.24954
-0.221118 -0.0153333 2.2213
-0.262345 -0.272631 2.29963
-0.252957 -0.549257 2.37739
-0.222357 -0.612264 2.26601
-0.0883004 -0.0478683 2.26705
-0.0410138 -0.281879 2.32251
-0.0290331 -0.53703 2.38594
-0.00149898 -0.600182 2.27434
0.0219901 0.437845 2.12384
-0.575136 0.0787409 2.09914
-0.540724 0.127274 2.04631
0.0807462 -0.262067 2.26017
0.0656313 -0.214927 2.2136
-0.155714 -0.0341516 2.28252
-0.0475017 0.234835 2.19564
0.0622445 0.49366 2.0938
0.154254 0.59541 2.09273
-0.118332 0.42452 2.04935
-0.363025 0.267989 2.07562
-0.523757 0.121782 2.06904
-0.537407 0.112854 2.07207
0.136704 0.308661 2.1594
0.0677165 0.0890932 2.20327
0.0584722 -0.128058 2.2113
0.0839925 -0.19853 2.24228
-0.219368 -0.01584 2.22602
-0.259513 -0.272907 2.30369
-0.252957 -0.549134 2.37762
-0.223877 -0.612986 2.26648
-0.0872863 -0.0520459 2.27064
-0.0375159 -0.285503 2.32602
-0.0279487 -0.538236 2.3873
-0.0019491 -0.60222 2.27595
0.035047 0.430258 2.12158
-0.570345 0.0876769 2.08514
-0.529603 0.139822 2.03017
0.088579 -0.271306 2.2537
0.0772236 -0.228259 2.21333
-0.156974 -0.0314348 2.28457
-0.0450618 0.235741 2.19533
0.0682214 0.493435 2.09224
0.160118 0.593741 2.09206
-0.110623 0.424773 2.04699
-0.356286 0.272081 2.0693
-0.51345 0.121866 2.06214
-0.5295 0.11397 2.07022
0.142616 0.308349 2.15794
0.0712556 0.091702 2.20204
0.0769242 -0.125203 2.21365
0.103031 -0.197352 2.23987
-0.220464 -0.0115309 2.22961
-0.250669 -0.272301 2.30585
-0.252464 -0.54902 2.37794
-0.223607 -0.613354 2.26717
-0.0887047 -0.0503064 2.27142
-0.0279271 -0.280713 2.32811
-0.0258515 -0.53827 2.39005
-9.73325e-005 -0.602741 2.27906
0.0401528 0.430373 2.12029
-0.563952 0.0842057 2.09282
-0.525822 0.123636 2.03404
0.115618 -0.279316 2.26399
0.0996169 -0.214633 2.2044
-0.155951 -0.0249567 2.28182
-0.0439553 0.241856 2.19308
0.066564 0.50127 2.09144
0.155411 0.604382 2.09043
-0.108827 0.431181 2.04606
-0.349343 0.272218 2.06828
-0.505175 0.120521 2.06022
-0.511595 0.100486 2.07407
0.136836 0.31828 2.15557
0.0809235 0.110858 2.2013
0.0777289 -0.105927 2.21545
0.114204 -0.176857 2.23829
-0.219026 -0.00577047 2.22651
-0.244795 -0.271025 2.30349
-0.25143 -0.55109 2.37852
-0.221829 -0.615233 2.26786
-0.0880701 -0.043204 2.26841
-0.0396869 -0.275835 2.3268
-0.0239226 -0.537302 2.39033
0.00256441 -0.601621 2.27944
0.0393903 0.437527 2.11898
-0.542461 0.0640657 2.09279
-0.512169 0.133976 2.0446
0.125944 -0.259691 2.2601
0.111525 -0.195631 2.20335
-0.147947 -0.0195813 2.27585
-0.0465538 0.254126 2.19037
0.0476701 0.525172 2.09356
0.126975 0.632822 2.08861
-0.119691 0.439873 2.04863
-0.344717 0.266246 2.07439
-0.490847 0.10508 2.0692
-0.495265 0.0781556 2.08526
0.12909 0.331978 2.15619
0.0845264 0.12553 2.20593
0.0919795 -0.0913236 2.21904
0.12394 -0.163906 2.23564
-0.2126 -0.00259151 2.21998
-0.229363 -0.260795 2.29456
-0.250405 -0.550846 2.37812
-0.21938 -0.613468 2.26657
-0.0785902 -0.0356403 2.26293
-0.0393679 -0.273626 2.32562
-0.02274 -0.537363 2.39004
0.00516847 -0.600157 2.27827
0.0250319 0.458594 2.1196
-0.529765 0.0358303 2.10982
-0.503664 0.0793415 2.08209
0.135963 -0.245611 2.267
0.12293 -0.188186 2.19925
-0.136955 -0.00968964 2.267
-0.0544727 0.271738 2.18707
0.0197961 0.549509 2.09653
0.0821347 0.667333 2.08792
-0.145984 0.453453 2.05444
-0.345722 0.244011 2.08686
-0.49307 0.084006 2.07727
-0.49058 0.052705 2.09483
0.11702 0.371769 2.15768
0.0940004 0.125059 2.21624
0.117482 -0.0905086 2.23004
0.134852 -0.151258 2.23167
-0.203308 0.00242944 2.21089
-0.231784 -0.260625 2.28726
-0.246078 -0.548039 2.37507
-0.213331 -0.608819 2.26251
-0.0662717 -0.0208648 2.25426
-0.040022 -0.269632 2.32187
-0.0193505 -0.535879 2.38742
0.0102878 -0.596817 2.27466
0.00201113 0.481493 2.12098
-0.514568 0.0120829 2.11457
-0.508739 0.0497598 2.09067
0.146585 -0.223523 2.26301
0.132341 -0.162849 2.19144
-0.125295 0.00373812 2.25556
-0.0758502 0.294896 2.18334
-0.0357889 0.578475 2.10211
0.00512186 0.709739 2.091
-0.188844 0.468693 2.06226
-0.343407 0.223619 2.09831
-0.466597 0.0443189 2.09651
-0.452643 0.042603 2.09935
0.0951449 0.424445 2.15633
0.100883 0.192284 2.22527
0.130521 -0.0241088 2.22377
0.139864 -0.0579422 2.22614
-0.192098 0.0118249 2.20082
-0.231071 -0.25491 2.27676
-0.243702 -0.546498 2.37289
-0.210625 -0.604633 2.25826
-0.0546762 -0.00412785 2.24142
-0.0355892 -0.259446 2.31327
-0.015368 -0.533742 2.38466
0.0145744 -0.59204 2.26982
-0.0454299 0.509247 2.12427
-0.48702 -0.0329811 2.11342
-0.470472 0.0457318 2.07248
0.151674 -0.145017 2.24571
0.137 -0.0764224 2.1877
-0.127222 0.0131527 2.24793
-0.101014 0.307244 2.18035
-0.0836707 0.590779 2.10431
-0.0628928 0.733151 2.09616
-0.243961 0.471547 2.07222
-0.341184 0.218581 2.10191
-0.446051 0.0278426 2.10175
-0.437362 0.0090358 2.10774
0.0695946 0.455926 2.16264
0.093078 0.214335 2.23069
0.139585 0.000714642 2.2248
0.150039 -0.0514585 2.22235
-0.193916 0.0171557 2.19609
-0.228997 -0.254981 2.27457
-0.240608 -0.549615 2.37093
-0.208737 -0.606373 2.25486
-0.0564231 0.00951443 2.23047
-0.0335383 -0.246133 2.30475
-0.0133203 -0.530062 2.38305
0.0154291 -0.587075 2.26675
-0.0877233 0.521517 2.12519
-0.467625 -0.0722206 2.12492
-0.467945 -0.0195041 2.11325
0.167058 -0.120403 2.24555
0.144172 -0.0545572 2.18485
-0.128777 0.0172212 2.24377
-0.127084 0.311712 2.17984
-0.133315 0.594011 2.10802
-0.13065 0.73951 2.09663
-0.277529 0.466874 2.08126
-0.341239 0.208573 2.10872
-0.423593 0.00692579 2.10942
-0.424138 -0.0243965 2.11292
0.0309539 0.476832 2.15898
0.0824818 0.230807 2.23733
0.145671 0.0214166 2.2261
0.155409 -0.0305029 2.23401
-0.195781 0.0181911 2.19402
-0.226694 -0.253162 2.27296
-0.239695 -0.549914 2.37065
-0.209636 -0.605702 2.25325
-0.0574516 0.0175953 2.22347
-0.029998 -0.245426 2.30492
-0.0120436 -0.529309 2.38288
0.0148877 -0.585367 2.26525
-0.131791 0.524993 2.12794
-0.441534 -0.10668 2.12386
-0.443662 -0.0555907 2.12075
0.16793 -0.0808563 2.25722
0.146535 -0.0244515 2.19088
-0.140904 0.0159914 2.24301
-0.17102 0.305029 2.18251
-0.199501 0.583745 2.11131
-0.221527 0.730845 2.09207
-0.337104 0.445114 2.09656
-0.353023 0.189972 2.11594
-0.403386 -0.0220224 2.11871
-0.411314 -0.0703112 2.1252
-0.024167 0.48858 2.15114
0.0665225 0.245627 2.23888
0.14327 0.0408417 2.23303
0.151303 -0.00803048 2.24851
-0.210982 0.00982264 2.20149
-0.223514 -0.265209 2.28122
-0.238684 -0.550764 2.37043
-0.214742 -0.606329 2.25119
-0.0686832 0.0217471 2.21561
-0.0277113 -0.244617 2.30456
-0.0106889 -0.528973 2.3828
0.0101212 -0.584825 2.26333
-0.192696 0.515503 2.13117
-0.421897 -0.15597 2.1387
-0.429862 -0.0794843 2.12159
0.167783 -0.051555 2.28289
0.152603 -0.0030178 2.21317
-0.159327 0.00691598 2.24673
-0.202507 0.292864 2.184
-0.244487 0.569221 2.10896
-0.283583 0.710348 2.08588
-0.367968 0.425951 2.09998
-0.375629 0.149664 2.12467
-0.40016 -0.066923 2.12631
-0.408099 -0.0830049 2.13726
-0.0716532 0.483983 2.13821
0.0561932 0.248465 2.23747
0.142701 0.0476968 2.23422
0.13023 0.046273 2.24047
-0.228734 -0.0036407 2.21084
-0.224517 -0.279356 2.29319
-0.237963 -0.551516 2.37145
-0.217785 -0.60753 2.25173
-0.0855441 0.0169095 2.21429
-0.0337984 -0.250534 2.30392
-0.0102096 -0.53069 2.38252
0.00684048 -0.586973 2.26258
-0.234311 0.501526 2.12983
-0.416431 -0.16668 2.142
-0.423852 -0.0881456 2.13008
0.155065 -0.022284 2.27557
0.128918 0.032142 2.2024
-0.167348 -0.0030205 2.24971
-0.225257 0.277132 2.1827
-0.283571 0.547668 2.10223
-0.343889 0.684023 2.07874
-0.392478 0.397954 2.10032
-0.383209 0.106162 2.13488
-0.402017 -0.110283 2.14324
-0.418741 -0.163827 2.15878
-0.118249 0.476867 2.12555
0.0419663 0.257284 2.23364
0.148529 0.0663709 2.22946
0.137987 0.0272386 2.25004
-0.235986 -0.0188573 2.21517
-0.227059 -0.288835 2.30274
-0.238525 -0.550633 2.37184
-0.220632 -0.607241 2.25214
-0.0935587 0.0118356 2.21586
-0.0490506 -0.262739 2.30147
-0.0122776 -0.532796 2.38092
0.00250957 -0.589629 2.261
-0.269286 0.48142 2.1245
-0.422057 -0.218342 2.16647
-0.420042 -0.17069 2.16429
0.146652 0.0026451 2.26207
0.135446 0.0323056 2.21933
-0.177693 -0.0140006 2.25234
-0.248398 0.26365 2.18225
-0.31779 0.532741 2.09955
-0.387865 0.665283 2.07251
-0.416118 0.387418 2.10385
-0.397665 0.11469 2.13903
-0.403532 -0.101673 2.15608
-0.420567 -0.170144 2.17065
-0.156282 0.464197 2.11652
0.0199229 0.290057 2.23228
0.131826 0.101964 2.22633
0.114886 0.107553 2.22448
-0.247144 -0.0350464 2.21815
-0.22941 -0.290729 2.30552
-0.239418 -0.550315 2.37254
-0.22535 -0.607556 2.25274
-0.10281 0.00597704 2.21819
-0.0499311 -0.275297 2.2991
-0.0150404 -0.537365 2.3788
-0.00405219 -0.594759 2.2588
-0.300862 0.466775 2.12232
-0.424989 -0.246408 2.19713
-0.442274 -0.180715 2.16412
0.149178 0.0285522 2.25337
0.110143 0.0821958 2.18757
-0.182406 -0.0242899 2.2552
-0.264155 0.25214 2.18279
-0.346573 0.518759 2.09841
-0.429872 0.643773 2.06811
-0.445364 0.358927 2.10852
-0.415722 0.115631 2.14331
-0.429722 -0.100277 2.16027
-0.419973 -0.179014 2.18385
-0.184698 0.44972 2.11105
0.00526027 0.294675 2.22885
0.125416 0.111874 2.22692
0.102621 0.110487 2.22587
-0.248017 -0.0479313 2.22232
-0.235678 -0.30902 2.31816
-0.240914 -0.553496 2.37456
-0.229589 -0.611211 2.25485
-0.110873 -0.000929168 2.21963
-0.0459141 -0.292892 2.30158
-0.0169294 -0.538809 2.37823
-0.00867517 -0.59669 2.25832
-0.326251 0.453461 2.12158
-0.419505 -0.256632 2.20768
-0.43498 -0.183857 2.183
0.139749 0.0386261 2.24329
0.0860939 0.0897026 2.193
-0.185303 -0.0299292 2.25507
-0.273058 0.245684 2.18259
-0.358727 0.512592 2.09858
-0.452202 0.633231 2.06734
-0.455393 0.34439 2.10788
-0.421452 0.10921 2.14594
-0.424477 -0.107368 2.16167
-0.420799 -0.183878 2.19171
-0.1937 0.445837 2.1098
-0.00281382 0.292032 2.22159
0.102227 0.0999164 2.21625
0.108335 0.0794433 2.21832
-0.249992 -0.0538863 2.22126
-0.237488 -0.320285 2.32304
-0.241469 -0.565103 2.3781
-0.245704 -0.647963 2.32681
-0.114735 -0.00563291 2.22031
-0.0506027 -0.317693 2.32146
-0.0150373 -0.558264 2.38251
-0.00720063 -0.641666 2.33355
-0.338005 0.447007 2.12161
-0.416283 -0.263489 2.21458
-0.432388 -0.238991 2.197
0.132416 0.0392943 2.23082
0.0817625 0.0803693 2.18433
-0.191434 -0.0380791 2.25298
-0.284773 0.236478 2.18257
-0.375106 0.501385 2.09987
-0.4682 0.624157 2.06768
-0.468473 0.331751 2.10867
-0.427556 0.0953431 2.148
-0.401613 -0.118611 2.17259
-0.424772 -0.192789 2.19063
-0.211614 0.437848 2.10496
-0.00776369 0.28672 2.21205
0.101137 0.0967059 2.20395
0.108767 0.0812479 2.19888
-0.254687 -0.0612078 2.2192
-0.238943 -0.302412 2.30978
-0.241406 -0.548685 2.37383
-0.231577 -0.606435 2.25396
-0.122439 -0.0141939 2.21789
-0.0491701 -0.320691 2.3182
-0.0146222 -0.559605 2.38477
-0.00834036 -0.641803 2.32967
-0.352816 0.436485 2.12238
-0.419549 -0.2754 2.22146
-0.436749 -0.157289 2.188
0.131344 0.0450376 2.21282
0.0965302 0.0878922 2.16344
-0.193965 -0.04139 2.25492
-0.290127 0.231814 2.18343
-0.384054 0.49501 2.09977
-0.482982 0.615112 2.06491
-0.474733 0.323173 2.10943
-0.43094 0.0870737 2.14651
-0.408179 -0.1271 2.17149
-0.43834 -0.19621 2.19326
-0.219001 0.434479 2.10254
-0.0110784 0.285483 2.20639
0.110472 0.103509 2.18714
0.114455 0.0890293 2.18436
-0.25701 -0.0645768 2.22127
-0.245244 -0.372618 2.34045
-0.241349 -0.620565 2.38199
-0.281154 -0.609246 2.26747
-0.125012 -0.0171744 2.21979
-0.0456711 -0.320988 2.31529
-0.0156717 -0.559334 2.38525
-0.00667864 -0.642057 2.33337
-0.361037 0.430524 2.12266
-0.435243 -0.279308 2.22567
-0.420703 -0.141986 2.20467
0.133279 0.0536915 2.19482
0.0853881 0.0928621 2.15017
-0.190321 -0.0424196 2.25562
-0.285786 0.231488 2.18323
-0.376751 0.496833 2.09869
-0.487407 0.607157 2.06026
-0.473032 0.321741 2.1094
-0.436883 0.0857893 2.14313
-0.424415 -0.128964 2.16899
-0.446857 -0.178165 2.18341
-0.213193 0.437878 2.10386
-0.0117819 0.286266 2.20309
0.119913 0.111659 2.18153
0.123171 0.09669 2.18661
-0.253229 -0.0666085 2.22212
-0.243292 -0.327694 2.32556
-0.242126 -0.57251 2.38069
-0.255165 -0.653173 2.32539
-0.121492 -0.0171184 2.22037
-0.0431435 -0.312724 2.30878
-0.0186207 -0.55045 2.38232
-0.0056239 -0.633876 2.3364
-0.354708 0.431685 2.12187
-0.450609 -0.267069 2.20026
-0.424846 -0.125326 2.20275
0.143789 0.0588994 2.20257
0.0971589 0.0967034 2.15536
-0.187871 -0.0401013 2.25568
-0.282867 0.233341 2.1826
-0.373429 0.498165 2.0972
-0.477687 0.611379 2.05273
-0.47219 0.322101 2.10947
-0.440641 0.100538 2.14179
-0.431279 -0.114953 2.1645
-0.451941 -0.175754 2.18005
-0.207554 0.441074 2.10444
-0.0119816 0.289661 2.20222
0.121521 0.116229 2.18455
0.121012 0.0958126 2.19007
-0.251065 -0.064694 2.22255
-0.241938 -0.307389 2.31504
-0.242378 -0.550897 2.37506
-0.232092 -0.608874 2.25542
-0.118769 -0.0142749 2.22008
-0.0430188 -0.311677 2.30812
-0.0206544 -0.549061 2.38317
-0.00503032 -0.632005 2.33656
-0.351466 0.4333 2.12066
-0.455059 -0.265301 2.20556
-0.429284 -0.133225 2.19645
0.143636 0.0528108 2.20023
0.0953145 0.0955488 2.16315
-0.189281 -0.0360741 2.25663
-0.279377 0.239727 2.18167
-0.362344 0.508278 2.09381
-0.440701 0.639157 2.04671
-0.464431 0.352067 2.10758
-0.440861 0.109649 2.1436
-0.434778 -0.107597 2.15386
-0.465472 -0.171576 2.16014
-0.19986 0.445522 2.10489
-0.0119364 0.291269 2.20244
0.119002 0.115752 2.193
0.0985626 0.108602 2.20024
-0.252892 -0.0599315 2.22431
-0.24213 -0.32035 2.3237
-0.243419 -0.565151 2.37898
-0.233533 -0.623244 2.25957
-0.119863 -0.0109137 2.2204
-0.0447848 -0.310692 2.30769
-0.0212361 -0.547923 2.38286
-0.00548095 -0.630942 2.3368
-0.342479 0.44244 2.11793
-0.473413 -0.251047 2.18674
-0.466187 -0.12312 2.157
0.135991 0.0302805 2.21086
0.0711956 0.0989522 2.18836
-0.200176 -0.0210374 2.25458
-0.267794 0.260426 2.17896
-0.323053 0.537642 2.09161
-0.364022 0.683148 2.05686
-0.43626 0.387084 2.09748
-0.44178 0.124919 2.14714
-0.475012 -0.090585 2.13749
-0.502574 -0.130488 2.1309
-0.177614 0.455789 2.11093
0.00189767 0.265089 2.20963
0.1077 0.0736811 2.20835
0.0892328 0.0654888 2.21517
-0.267009 -0.0382737 2.21988
-0.246006 -0.28491 2.30714
-0.245266 -0.54555 2.37494
-0.230896 -0.603389 2.25555
-0.127549 -0.0016901 2.22036
-0.0588479 -0.295629 2.30209
-0.0228915 -0.541473 2.38038
-0.0115705 -0.599344 2.26082
-0.310593 0.469732 2.11537
-0.519967 -0.204098 2.14894
-0.513488 -0.124986 2.11856
0.119343 -0.0167854 2.23408
0.0713717 0.0515636 2.18548
-0.197263 -0.00573337 2.24885
-0.245387 0.280799 2.17645
-0.285086 0.557694 2.09402
-0.303598 0.708338 2.06606
-0.409401 0.409235 2.0894
-0.448523 0.170193 2.12787
-0.494116 -0.0430849 2.12173
-0.508017 -0.0563335 2.12058
-0.112271 0.47663 2.13339
0.00470406 0.252112 2.21562
0.0980908 0.0544939 2.21619
0.0832955 0.0366989 2.22452
-0.263898 -0.0180875 2.21174
-0.246962 -0.272451 2.29989
-0.246256 -0.54709 2.37536
-0.223501 -0.603746 2.25657
-0.124894 0.00759218 2.21692
-0.0634445 -0.285573 2.29655
-0.0236522 -0.543003 2.38024
-0.00394868 -0.59969 2.26127
-0.275835 0.489991 2.11656
-0.537453 -0.14715 2.11818
-0.495881 -0.0960482 2.10629
0.107057 -0.0412507 2.23292
0.0699325 0.0141894 2.18863
-0.192377 0.00595793 2.24732
-0.222799 0.296083 2.17763
-0.244757 0.575534 2.09753
-0.240697 0.725076 2.07483
-0.38202 0.439154 2.08627
-0.440354 0.189299 2.12273
-0.496562 -0.0214722 2.11343
-0.517543 -0.0352432 2.10855
-0.07586 0.476258 2.14484
0.00721646 0.243335 2.22455
0.0872618 0.0401152 2.22734
0.0796967 0.0135505 2.23519
-0.25911 -0.00306861 2.20676
-0.250459 -0.266129 2.2939
-0.246908 -0.551688 2.37635
-0.221408 -0.608054 2.25807
-0.11989 0.0158085 2.21834
-0.0642209 -0.276027 2.29203
-0.026946 -0.546425 2.37991
-0.004458 -0.602833 2.26145
-0.239894 0.50719 2.11956
-0.54579 -0.122528 2.11836
-0.546836 -0.122461 2.11433
0.100187 -0.070444 2.24495
0.0618143 -0.00187469 2.20139
-0.189665 0.0101504 2.24807
-0.197502 0.302727 2.17911
-0.195609 0.583106 2.09824
-0.18188 0.733694 2.08349
-0.345161 0.454942 2.0816
-0.43124 0.200588 2.12235
-0.506112 -0.00414184 2.11015
-0.516683 -0.0127907 2.10377
-0.0403882 0.469489 2.15171
0.0103289 0.23592 2.23296
0.0738343 0.0273805 2.24095
0.0717959 -0.0360304 2.25771
-0.25635 0.00417826 2.20457
-0.254068 -0.264005 2.29003
-0.248442 -0.552932 2.37748
-0.220309 -0.60958 2.26014
-0.116577 0.0177609 2.2223
-0.0639218 -0.27722 2.29376
-0.0284878 -0.548807 2.37988
-0.00336486 -0.605478 2.26236
-0.196581 0.514546 2.12054
-0.543906 -0.0889558 2.11892
-0.547044 -0.0465303 2.1075
0.08623 -0.111693 2.27591
0.0527037 -0.0430596 2.226
-0.184798 0.0107137 2.2528
-0.160978 0.299843 2.18272
-0.130157 0.578351 2.09753
-0.0976222 0.719421 2.08917
-0.311206 0.458548 2.07628
-0.419423 0.210492 2.1252
-0.515229 0.0149991 2.12011
-0.517117 0.0197395 2.12512
0.011802 0.44981 2.16161
0.0286334 0.207866 2.24902
0.0666613 -0.00660082 2.25748
0.0653897 -0.0514846 2.27341
-0.251676 0.00844583 2.20548
-0.261494 -0.258685 2.28899
-0.250261 -0.550919 2.37761
-0.220502 -0.608709 2.26161
-0.111129 0.012041 2.23354
-0.0620924 -0.29094 2.30893
-0.0302179 -0.548056 2.38075
-0.0034707 -0.605854 2.26457
-0.138145 0.510155 2.12102
-0.555237 -0.0489517 2.14897
-0.520991 0.0650567 2.10756
0.0786123 -0.135256 2.28819
0.0481635 -0.0844983 2.23994
-0.174956 0.00281188 2.25952
-0.130346 0.290406 2.18746
-0.0830825 0.569577 2.10154
-0.0449666 0.71013 2.09721
-0.241803 0.458546 2.06917
-0.407102 0.22063 2.12237
-0.519343 0.0353104 2.13157
-0.517144 0.0456339 2.13668
0.0415161 0.428812 2.16757
0.0430243 0.191647 2.25105
0.0711041 -0.024337 2.25875
0.0773233 -0.0704461 2.26823
-0.24155 0.00589494 2.20816
-0.263205 -0.256251 2.28835
-0.251302 -0.549112 2.37765
-0.216269 -0.6076 2.26404
-0.102976 -0.00141244 2.24341
-0.0642928 -0.285616 2.31569
-0.0306417 -0.546115 2.3828
0.00137056 -0.604618 2.269
-0.0949352 0.501144 2.12516
-0.556637 -0.0187045 2.1609
-0.536485 0.071952 2.124
0.0865299 -0.154689 2.27886
0.0647032 -0.123349 2.23283
-0.15883 -0.00568293 2.26573
-0.103182 0.2816 2.19196
-0.0464233 0.560087 2.10549
0.00838598 0.68681 2.09687
-0.211066 0.452095 2.06945
-0.396942 0.229289 2.11983
-0.527025 0.056778 2.13292
-0.522832 0.0685805 2.13274
0.0688536 0.406023 2.17538
0.0578235 0.169434 2.2495
0.0800663 -0.0470501 2.25793
0.0893536 -0.120523 2.26399
-0.224784 -0.000296034 2.21058
-0.260886 -0.252235 2.28786
-0.251485 -0.549416 2.37806
-0.215463 -0.608486 2.26532
-0.088112 -0.0112524 2.25258
-0.0631372 -0.278388 2.31972
-0.0279958 -0.538909 2.38552
0.00496739 -0.598099 2.27257
-0.0606301 0.491845 2.12922
-0.573337 0.00841979 2.16658
-0.535168 0.0944164 2.11025
0.0987412 -0.195529 2.27111
0.0756312 -0.130192 2.2289
-0.154236 -0.0126103 2.26927
-0.0829364 0.272025 2.19617
-0.00752041 0.548055 2.11105
0.0569744 0.667353 2.10151
-0.177393 0.446162 2.07277
-0.38835 0.244841 2.11541
-0.547734 0.0981766 2.11894
-0.528888 0.100312 2.12042
0.0913895 0.375109 2.18094
0.0702033 0.159304 2.24748
0.0809679 -0.0581775 2.25415
0.0973198 -0.140044 2.25601
-0.220183 -0.00474338 2.21318
-0.254919 -0.258421 2.29107
-0.25141 -0.550634 2.37886
-0.216009 -0.610397 2.26647
-0.0836891 -0.0207255 2.25696
-0.0628365 -0.27653 2.32168
-0.0257438 -0.540577 2.38682
0.00656999 -0.600455 2.27422
-0.0264216 0.480375 2.13441
-0.580056 0.041615 2.1525
-0.526678 0.154516 2.1118
0.105685 -0.226154 2.26577
0.0851011 -0.149861 2.21868
-0.152163 -0.0158136 2.27247
-0.0721537 0.267375 2.19862
0.0101424 0.541795 2.11162
0.0768845 0.656893 2.10174
-0.162082 0.445227 2.07348
-0.384313 0.255891 2.11382
-0.540936 0.105915 2.11516
-0.527924 0.113712 2.11614
0.100398 0.361354 2.1801
0.0758718 0.155627 2.24308
0.0806707 -0.0619815 2.25071
0.102427 -0.148424 2.25114
-0.217983 -0.00610014 2.21568
-0.252611 -0.259449 2.29192
-0.250962 -0.55149 2.37856
-0.216875 -0.611779 2.26611
-0.0818947 -0.0256742 2.26076
-0.0574982 -0.26248 2.31841
-0.0247379 -0.540471 2.38791
0.00625273 -0.600892 2.27525
-0.0103192 0.474554 2.13554
-0.578889 0.060959 2.14485
-0.537264 0.145162 2.10532
0.111594 -0.231736 2.25989
0.0895602 -0.160406 2.21288
-0.148805 -0.0175529 2.2767
-0.0641715 0.264045 2.20007
0.0210663 0.536337 2.11012
0.087805 0.650879 2.10117
-0.153136 0.444204 2.0733
-0.376245 0.266633 2.11392
-0.53284 0.116437 2.1143
-0.521803 0.12497 2.11778
0.108362 0.354133 2.176
0.081532 0.14849 2.23663
0.0889134 -0.0691432 2.24271
0.106879 -0.155978 2.24864
-0.214554 -0.00637292 2.22084
-0.23852 -0.256396 2.29374
-0.250604 -0.552197 2.37859
-0.218592 -0.613012 2.26583
-0.0785116 -0.028535 2.26408
-0.0565001 -0.265906 2.32074
-0.0235777 -0.539469 2.38878
0.00532746 -0.600441 2.2758
-5.83798e-005 0.46966 2.13481
-0.577558 0.0737178 2.14106
-0.515598 0.175817 2.10125
0.118179 -0.237954 2.25296
0.0946241 -0.174929 2.21056
-0.148515 -0.0188823 2.27964
-0.0606687 0.260692 2.20075
0.0283773 0.52975 2.10824
0.0978743 0.639527 2.09834
-0.145978 0.443019 2.07362
-0.372338 0.270073 2.11604
-0.529236 0.120498 2.11999
-0.537582 0.10466 2.1397
0.115349 0.344852 2.172
0.0857855 0.139068 2.23116
0.0902353 -0.0783855 2.23978
0.116664 -0.16778 2.24977
-0.2144 -0.00600994 2.2253
-0.234452 -0.256683 2.29617
-0.250476 -0.552338 2.37891
-0.220864 -0.613601 2.26572
-0.0781145 -0.0314262 2.2661
-0.0568093 -0.26917 2.32187
-0.0229526 -0.539734 2.38943
0.00354651 -0.601155 2.27603
0.00627627 0.463913 2.13362
-0.570621 0.0758857 2.16978
-0.54495 0.12877 2.12183
0.135442 -0.250102 2.25875
0.105761 -0.184612 2.21177
-0.15351 -0.0205059 2.2839
-0.0600331 0.257469 2.20127
0.0336025 0.523386 2.10605
0.102612 0.631165 2.09584
-0.141998 0.441569 2.07414
-0.369938 0.273553 2.12143
-0.526508 0.124116 2.12965
-0.536507 0.108348 2.14707
0.11794 0.33851 2.1666
0.0896605 0.133707 2.22865
0.0943196 -0.0834672 2.23975
0.124238 -0.167477 2.25172
-0.219392 -0.00503534 2.23108
-0.23938 -0.263745 2.3037
-0.250103 -0.552329 2.37972
-0.223211 -0.61415 2.26618
-0.0833358 -0.0354309 2.26868
-0.0552598 -0.272616 2.32404
-0.022238 -0.539328 2.39069
0.00153709 -0.601311 2.27693
0.0102128 0.45834 2.13218
-0.570405 0.0794855 2.17118
-0.538633 0.141075 2.1182
0.143956 -0.250105 2.25875
0.111766 -0.190461 2.21634
-0.15258 -0.0202678 2.28473
-0.060441 0.25741 2.20098
0.0284584 0.524585 2.10333
0.0897123 0.637781 2.09142
-0.146589 0.442944 2.07535
-0.37071 0.272131 2.12753
-0.528111 0.123573 2.13548
-0.535355 0.0997205 2.15231
0.115617 0.341878 2.1633
0.0904071 0.136859 2.22587
0.0958968 -0.0799996 2.23977
0.122981 -0.163275 2.25182
-0.217733 -0.00473151 2.23354
-0.235452 -0.258135 2.29958
-0.250248 -0.552584 2.37979
-0.224763 -0.614428 2.26588
-0.0827666 -0.0351576 2.26848
-0.0487081 -0.279504 2.33082
-0.0217758 -0.538703 2.39092
0.000584481 -0.600722 2.27679
0.00680636 0.459061 2.13018
-0.574208 0.0640167 2.18185
-0.537164 0.127377 2.12089
0.145261 -0.250533 2.26364
0.110355 -0.17063 2.21506
-0.143991 -0.0151482 2.28192
-0.0663885 0.264328 2.19837
-0.000672134 0.540202 2.10132
0.0511861 0.661486 2.08506
-0.161497 0.446621 2.07809
-0.377706 0.256512 2.13595
-0.522051 0.0964108 2.15262
-0.527419 0.0708946 2.15601
0.0998081 0.376538 2.15699
0.0882112 0.147013 2.22495
0.0991033 -0.0693699 2.24136
0.11845 -0.149032 2.25085
-0.211838 -0.00332463 2.23255
-0.237078 -0.256006 2.29588
-0.250276 -0.552653 2.37943
-0.224019 -0.61367 2.26503
-0.0715465 -0.0254217 2.2624
-0.0531082 -0.261142 2.32369
-0.0209737 -0.535306 2.39037
0.00214629 -0.596543 2.27575
-0.0159182 0.47259 2.12755
-0.558399 0.0293182 2.18145
-0.539992 0.08476 2.1458
0.136167 -0.226672 2.27601
0.110158 -0.164455 2.21476
-0.141229 -0.00249682 2.27202
-0.0945484 0.287069 2.19371
-0.0548905 0.567503 2.10661
-0.01964 0.69829 2.08544
-0.217494 0.464012 2.08319
-0.376826 0.226836 2.1423
-0.504173 0.0514994 2.14995
-0.502349 0.0208279 2.15366
0.0772942 0.413657 2.15934
0.0758881 0.177884 2.23147
0.0996273 -0.0387259 2.23726
0.10807 -0.101461 2.24651
-0.208281 0.00470505 2.22374
-0.241751 -0.253776 2.28959
-0.249023 -0.552977 2.37753
-0.222858 -0.611895 2.26141
-0.069873 -0.00919359 2.25152
-0.04558 -0.260021 2.31864
-0.0205673 -0.533919 2.38909
0.00246951 -0.593082 2.27273
-0.0645216 0.498912 2.13025
-0.525639 -0.0251755 2.17625
-0.519305 0.0148562 2.15229
0.121725 -0.172918 2.27274
0.101564 -0.116181 2.20691
-0.146912 0.00806148 2.26213
-0.121099 0.300236 2.18954
-0.10311 0.582719 2.10831
-0.0875199 0.72188 2.08998
-0.261064 0.464634 2.08734
-0.371867 0.220002 2.13957
-0.479819 0.0313173 2.14157
-0.4638 0.021672 2.14233
0.0453177 0.449215 2.16211
0.066656 0.203203 2.23572
0.106097 -0.0113326 2.23977
0.116353 -0.0713736 2.2468
-0.214202 0.0121536 2.21371
-0.243434 -0.254098 2.28698
-0.247871 -0.551601 2.37603
-0.220142 -0.609149 2.25927
-0.0751177 0.00435276 2.24163
-0.0448692 -0.255378 2.3134
-0.0202434 -0.534034 2.38787
0.00436715 -0.591808 2.27088
-0.107276 0.513621 2.13047
-0.494879 -0.0639873 2.15856
-0.496539 0.0224382 2.14366
0.132834 -0.13667 2.27015
0.111584 -0.0717541 2.20757
-0.151511 0.0139763 2.25437
-0.14947 0.306316 2.18689
-0.155292 0.587277 2.11198
-0.156721 0.72428 2.08694
-0.299115 0.460436 2.09213
-0.368207 0.208472 2.13635
-0.452087 0.00744958 2.13483
-0.446794 -0.00611273 2.13762
0.0068812 0.472813 2.16322
0.0577929 0.21687 2.23917
0.117136 0.00704552 2.24451
0.141378 -0.0483123 2.2604
-0.219007 0.0140916 2.20619
-0.243316 -0.254274 2.28469
-0.246571 -0.550667 2.37437
-0.218231 -0.606951 2.25681
-0.079516 0.0145669 2.23323
-0.0451562 -0.252821 2.31048
-0.0198031 -0.533972 2.38633
0.00542802 -0.590472 2.26855
-0.153686 0.518581 2.13258
-0.470686 -0.0917175 2.14448
-0.458962 -0.0120332 2.1374
0.15023 -0.0929907 2.28385
0.157142 -0.07736 2.23947
-0.157242 0.0143467 2.25119
-0.179889 0.303228 2.18758
-0.204794 0.581055 2.11559
-0.22906 0.719695 2.0825
-0.343712 0.446415 2.09836
-0.374367 0.198961 2.13208
-0.42603 -0.0124288 2.13843
-0.437727 -0.0612096 2.13708
-0.0182402 0.481128 2.1641
0.0473189 0.240899 2.24793
0.125756 0.0369084 2.24613
0.147773 -0.0200893 2.26413
-0.225728 0.0104822 2.20599
-0.242152 -0.263591 2.28693
-0.245371 -0.550604 2.37385
-0.219041 -0.606261 2.25526
-0.0849502 0.0188414 2.22632
-0.0441156 -0.246696 2.30462
-0.0193725 -0.533316 2.38498
0.00385845 -0.589194 2.26617
-0.198734 0.513066 2.13558
-0.457622 -0.141294 2.14955
-0.46063 -0.0793748 2.12508
0.159534 -0.0627391 2.28885
0.137542 0.00579936 2.21085
-0.177314 0.00476947 2.25342
-0.220878 0.289092 2.18921
-0.263178 0.564167 2.11322
-0.309168 0.698933 2.07316
-0.388765 0.4166 2.10886
-0.388549 0.175519 2.13459
-0.416537 -0.0403846 2.14099
-0.427104 -0.109696 2.14938
-0.0959152 0.48772 2.14529
0.0357164 0.252031 2.2552
0.129818 0.0545842 2.2483
0.113844 0.0629763 2.2566
-0.246414 -0.00672737 2.21492
-0.238383 -0.277569 2.29778
-0.245161 -0.549808 2.37366
-0.22477 -0.605962 2.25406
-0.103296 0.0155385 2.22349
-0.0518385 -0.256899 2.30416
-0.0190623 -0.536316 2.38375
-0.00177279 -0.592639 2.26394
-0.252938 0.496775 2.13431
-0.437559 -0.190059 2.16997
-0.409321 -0.126461 2.11287
0.14074 -0.0154932 2.29546
0.112083 0.0572438 2.21624
-0.182284 -0.000945455 2.25739
-0.241079 0.277134 2.18976
-0.301073 0.545316 2.10786
-0.355816 0.679792 2.0649
-0.410713 0.398111 2.10936
-0.401908 0.172854 2.13967
-0.404905 -0.0441673 2.15475
-0.415996 -0.125464 2.1684
-0.1376 0.483401 2.13373
0.0173122 0.267136 2.25362
0.113662 0.0710417 2.25521
0.120977 0.0314207 2.28957
-0.249326 -0.0162901 2.22087
-0.239432 -0.288099 2.30446
-0.245233 -0.549355 2.37417
-0.227142 -0.606088 2.25457
-0.109827 0.0131743 2.22585
-0.0568788 -0.268911 2.30315
-0.0193974 -0.541302 2.3822
-0.00440336 -0.598127 2.26241
-0.286407 0.479641 2.13054
-0.418945 -0.211737 2.18495
-0.398061 -0.134302 2.13112
0.127873 0.00270679 2.31458
0.126476 0.0294097 2.2509
-0.208817 -0.016544 2.26802
-0.273747 0.258928 2.19631
-0.3422 0.522224 2.11147
-0.407368 0.65391 2.05973
-0.445241 0.380972 2.11869
-0.40783 0.102965 2.16286
-0.403899 -0.115132 2.16083
-0.404452 -0.169961 2.19503
-0.178233 0.470742 2.13008
-0.00117516 0.280909 2.26133
0.103263 0.0887537 2.26002
0.0805142 0.101416 2.26659
-0.276077 -0.0372376 2.23305
-0.239611 -0.31081 2.32415
-0.245588 -0.556169 2.37725
-0.231231 -0.613629 2.25771
-0.134897 0.0038267 2.23452
-0.0513698 -0.291179 2.31209
-0.01868 -0.542554 2.38215
-0.00742897 -0.600168 2.26241
-0.325147 0.457888 2.1349
-0.407792 -0.216085 2.20058
-0.383101 -0.193345 2.1656
0.121174 0.0390624 2.30808
0.0251924 0.0281792 2.2102
-0.195935 -0.0264479 2.27603
-0.276316 0.25045 2.19791
-0.353433 0.512625 2.11005
-0.434543 0.631846 2.05577
-0.45824 0.351654 2.12151
-0.410259 0.102496 2.16293
-0.418117 -0.113617 2.18049
-0.402609 -0.181678 2.20677
-0.188524 0.463985 2.13012
-0.00706885 0.286785 2.26363
0.0988186 0.0953862 2.26225
0.113512 0.083521 2.28415
-0.256075 -0.0560731 2.24281
-0.242284 -0.317819 2.32884
-0.245114 -0.563733 2.37998
-0.244014 -0.646376 2.32633
-0.129093 0.00131306 2.23933
-0.0493282 -0.295756 2.31875
-0.0185883 -0.541952 2.38228
-0.00679105 -0.599915 2.26286
-0.334416 0.448512 2.13414
-0.395197 -0.267106 2.23157
-0.384089 -0.19266 2.17156
0.127589 0.0554444 2.30991
0.108856 0.0879986 2.2491
-0.195928 -0.0299113 2.27709
-0.282924 0.239031 2.1989
-0.368363 0.49693 2.10907
-0.453987 0.617479 2.05363
-0.465601 0.334786 2.12364
-0.414109 0.095034 2.16696
-0.394156 -0.118777 2.19537
-0.406112 -0.197025 2.21698
-0.207331 0.449664 2.12787
-0.0100144 0.291454 2.26331
0.0975568 0.100919 2.26087
0.113726 0.102232 2.26837
-0.257979 -0.0585992 2.24137
-0.241715 -0.333905 2.33819
-0.244203 -0.581034 2.38413
-0.249255 -0.657806 2.31461
-0.127119 -0.00270353 2.24435
-0.0491231 -0.296799 2.32258
-0.0191664 -0.539232 2.38232
-0.00815377 -0.597509 2.263
-0.347437 0.433729 2.13367
-0.397556 -0.2818 2.25003
-0.385436 -0.205198 2.17601
0.128979 0.0744601 2.27857
0.106825 0.112461 2.22833
-0.169891 -0.0262249 2.28116
-0.278837 0.238096 2.20038
-0.368344 0.496942 2.10906
-0.462084 0.610637 2.05174
-0.469821 0.331495 2.12303
-0.417078 0.0853137 2.17129
-0.387289 -0.12799 2.19643
-0.414852 -0.181731 2.21133
-0.205047 0.450756 2.12798
-0.00990465 0.29142 2.26335
0.101332 0.103075 2.26206
0.117137 0.102976 2.27572
-0.229581 -0.0562527 2.24344
-0.241167 -0.330675 2.33889
-0.243857 -0.578204 2.3832
-0.249692 -0.656263 2.31689
-0.104737 0.00433922 2.2501
-0.0481133 -0.297577 2.3259
-0.0196418 -0.539891 2.38462
-0.00820487 -0.598237 2.26541
-0.347299 0.433643 2.13373
-0.411536 -0.26711 2.23461
-0.39403 -0.231052 2.17671
0.128727 0.0759654 2.29257
0.115177 0.106751 2.24469
-0.163809 -0.0226461 2.28068
-0.272174 0.240685 2.20017
-0.36837 0.496992 2.10902
-0.463488 0.610027 2.05274
-0.471796 0.327223 2.12297
-0.421079 0.0874956 2.17228
-0.395329 -0.127362 2.19069
-0.420891 -0.201081 2.19312
-0.203597 0.451515 2.12803
-0.0129106 0.296402 2.26186
0.101176 0.109853 2.26237
0.112493 0.101664 2.28149
-0.224905 -0.05321 2.24276
-0.239067 -0.36642 2.35116
-0.243378 -0.616724 2.3805
-0.271051 -0.648852 2.2706
-0.0974722 0.0085219 2.24983
-0.0474567 -0.298531 2.32868
-0.0195204 -0.54156 2.38515
-0.0079047 -0.599827 2.26592
-0.346511 0.433946 2.13367
-0.416798 -0.2843 2.22229
-0.402749 -0.215059 2.15653
0.1283 0.0705276 2.30771
0.111602 0.105673 2.24858
-0.164649 -0.0150566 2.28002
-0.269415 0.245579 2.19982
-0.367019 0.499097 2.10865
-0.444465 0.623461 2.05773
-0.463403 0.350179 2.12115
-0.433226 0.112759 2.16547
-0.414688 -0.10471 2.16487
-0.436165 -0.180242 2.16748
-0.198141 0.455092 2.12886
-0.0140449 0.295252 2.26358
0.0987984 0.10789 2.26309
0.105833 0.0890249 2.28524
-0.229984 -0.0406377 2.24133
-0.240285 -0.299738 2.32929
-0.242838 -0.551067 2.37711
-0.228249 -0.609288 2.25812
-0.0952905 0.0124817 2.24963
-0.0463904 -0.297874 2.33031
-0.0198386 -0.541558 2.38502
-0.00830338 -0.59989 2.26583
-0.344143 0.436915 2.1334
-0.439001 -0.265522 2.18241
-0.420704 -0.184088 2.13034
0.123848 0.0514144 2.31858
0.0973518 0.0932866 2.24233
-0.185229 -0.0162112 2.28321
-0.270973 0.249028 2.20052
-0.356728 0.507981 2.10786
-0.404722 0.651887 2.06012
-0.459474 0.364723 2.12123
-0.435609 0.130877 2.15691
-0.422835 -0.087091 2.15551
-0.447518 -0.160076 2.15009
-0.185551 0.464083 2.13227
-0.0140253 0.294707 2.26373
0.0976445 0.107101 2.26939
0.0977402 0.0761542 2.28362
-0.251004 -0.0407351 2.24612
-0.242377 -0.303413 2.32828
-0.243132 -0.55058 2.37696
-0.227784 -0.609012 2.25822
-0.113895 0.00967758 2.25157
-0.0499226 -0.289867 2.32799
-0.0206731 -0.533254 2.38286
-0.00837192 -0.591893 2.26391
-0.336953 0.444301 2.13316
-0.453641 -0.243994 2.16776
-0.431755 -0.175556 2.11264
0.11694 0.029701 2.31833
0.0961368 0.0804968 2.24564
-0.188455 -0.0111758 2.28311
-0.261994 0.262984 2.20003
-0.323728 0.532464 2.1055
-0.356242 0.680368 2.06518
-0.450655 0.373836 2.11785
-0.430077 0.122028 2.15135
-0.433513 -0.0962739 2.14379
-0.460637 -0.14665 2.13106
-0.164704 0.474667 2.13654
-0.00262017 0.275755 2.26254
0.0929728 0.0801399 2.27413
0.0745523 0.0647144 2.27369
-0.253495 -0.0331094 2.24506
-0.2436 -0.299492 2.32506
-0.243634 -0.550478 2.3773
-0.226064 -0.608766 2.25879
-0.117725 0.0121696 2.25227
-0.0562182 -0.278028 2.32353
-0.0210728 -0.535022 2.38401
-0.00655042 -0.593494 2.26529
-0.309355 0.466567 2.13122
-0.466972 -0.205142 2.14309
-0.433923 -0.128832 2.137
0.105858 0.000586115 2.31909
0.0207216 0.00805067 2.23522
-0.188004 0.00296335 2.27842
-0.240275 0.283233 2.19602
-0.283941 0.554154 2.1033
-0.297834 0.704802 2.07076
-0.410633 0.411609 2.10477
-0.429205 0.143455 2.14588
-0.445355 -0.0742889 2.1337
-0.4592 -0.0633997 2.13303
-0.114118 0.482171 2.14355
0.00189015 0.2625 2.25929
0.0890266 0.0632291 2.27262
0.0689078 0.0372618 2.26999
-0.254839 -0.0115214 2.24078
-0.246992 -0.283369 2.32069
-0.245237 -0.54855 2.37783
-0.223445 -0.606444 2.2598
-0.115837 0.0187727 2.24753
-0.0589886 -0.268985 2.32077
-0.0210605 -0.535099 2.38446
-0.00233828 -0.593151 2.26622
-0.273705 0.487901 2.12845
-0.480472 -0.153917 2.13026
-0.415589 -0.0184513 2.16309
0.102085 -0.0366477 2.32959
0.0153756 -0.0118306 2.2285
-0.180576 0.0166957 2.27497
-0.207191 0.302471 2.19403
-0.226281 0.577752 2.10292
-0.201876 0.725705 2.07667
-0.365691 0.448637 2.09177
-0.412754 0.187178 2.13965
-0.455677 -0.0268435 2.13146
-0.468586 -0.0343983 2.13064
-0.0603616 0.480444 2.15244
0.011134 0.250659 2.25334
0.0885279 0.0471583 2.2642
0.0947708 -0.0141533 2.26624
-0.247559 0.0074067 2.23145
-0.250687 -0.260545 2.31081
-0.246247 -0.546745 2.37915
-0.220266 -0.604498 2.26199
-0.108275 0.027056 2.24851
-0.0567116 -0.256051 2.31684
-0.0207176 -0.536818 2.38593
0.00217577 -0.594683 2.26857
-0.222008 0.510398 2.12768
-0.490535 -0.124029 2.13943
-0.484528 -0.0291919 2.13143
0.110821 -0.0757828 2.29008
0.0847531 0.00198939 2.22523
-0.174758 0.0210069 2.27203
-0.174915 0.308106 2.19228
-0.166613 0.584112 2.10359
-0.128561 0.724409 2.08298
-0.318402 0.469465 2.08157
-0.404188 0.201999 2.1362
-0.466302 -0.00714047 2.1275
-0.471269 0.00366654 2.12833
-0.0145828 0.468282 2.16183
0.022131 0.235195 2.24689
0.0923553 0.0296435 2.26162
0.102042 -0.04133 2.26231
-0.241122 0.0154196 2.22399
-0.251735 -0.245867 2.30145
-0.246483 -0.5458 2.37897
-0.216446 -0.603744 2.26313
-0.102656 0.0278455 2.2494
-0.0553683 -0.255555 2.31674
-0.0207565 -0.535728 2.38587
0.00619063 -0.593787 2.26984
-0.169175 0.516559 2.12771
-0.498851 -0.0800257 2.14416
-0.491143 0.02871 2.12167
0.121272 -0.119154 2.31006
0.102439 -0.053566 2.22133
-0.168546 0.0181517 2.27027
-0.140088 0.303813 2.19263
-0.106203 0.581464 2.10549
-0.0505473 0.715271 2.0955
-0.262909 0.474616 2.07503
-0.394044 0.21641 2.1308
-0.482775 0.0173655 2.12384
-0.483345 0.0310517 2.12237
0.0260882 0.44573 2.16818
0.0399398 0.206683 2.24464
0.0961867 -0.00299554 2.25933
0.104578 -0.0573444 2.26633
-0.234823 0.0161599 2.21954
-0.252267 -0.245913 2.3002
-0.247301 -0.544416 2.37878
-0.214227 -0.602911 2.2644
-0.0953785 0.0187395 2.25151
-0.0549062 -0.258866 2.3178
-0.0209149 -0.53564 2.38622
0.0090591 -0.594234 2.27164
-0.11479 0.513386 2.12928
-0.518567 -0.0419705 2.14384
-0.497141 0.0367467 2.11717
0.118243 -0.147398 2.293
0.102092 -0.0703742 2.22158
-0.149728 0.0059529 2.2726
-0.0918148 0.28876 2.19924
-0.029824 0.56325 2.1146
0.0402175 0.682934 2.1088
-0.1966 0.466164 2.07439
-0.380586 0.239269 2.11695
-0.500332 0.0574982 2.1108
-0.51449 0.0457796 2.11465
0.0755666 0.39898 2.17371
0.0589588 0.189287 2.24046
0.0948064 -0.024883 2.25418
0.111265 -0.100923 2.26546
-0.217151 0.0103955 2.21739
-0.246695 -0.243457 2.29643
-0.24785 -0.5461 2.37875
-0.214548 -0.605349 2.26509
-0.0772462 0.000251561 2.25973
-0.0523854 -0.257734 2.31825
-0.0208432 -0.535953 2.3868
0.00935008 -0.59532 2.27294
-0.0454063 0.495983 2.13784
-0.534574 0.0102404 2.13355
-0.521574 0.0553365 2.10444
0.121002 -0.191096 2.29129
0.114278 -0.16175 2.23583
-0.144587 -0.00256883 2.27493
-0.066773 0.276666 2.20328
0.0167027 0.546924 2.11958
0.101165 0.65182 2.11741
-0.169807 0.461261 2.07448
-0.364877 0.26761 2.10649
-0.506383 0.102308 2.09223
-0.519495 0.0884018 2.09591
0.105427 0.362391 2.18037
0.0746233 0.156455 2.23896
0.0946835 -0.0591797 2.25618
0.11765 -0.135547 2.26252
-0.21192 0.00565869 2.21745
-0.242489 -0.250821 2.29739
-0.247928 -0.547577 2.37843
-0.215955 -0.607564 2.26492
-0.0730294 -0.0117225 2.2643
-0.049338 -0.250567 2.31778
-0.0201206 -0.534862 2.38718
0.00873305 -0.595003 2.27346
-0.0043201 0.480794 2.14263
-0.56054 0.0529938 2.13718
-0.521328 0.100573 2.0915
0.12727 -0.228736 2.29189
0.11048 -0.161343 2.22107
-0.144548 -0.00870671 2.27685
-0.0514679 0.265914 2.20603
0.0459633 0.532108 2.1227
0.139312 0.632626 2.12288
-0.123904 0.451397 2.07478
-0.350547 0.28469 2.09942
-0.503725 0.130299 2.08217
-0.519642 0.121029 2.08236
0.123617 0.342975 2.18016
0.0894053 0.135786 2.23347
0.0881202 -0.0813604 2.24544
0.120121 -0.16223 2.25692
-0.210907 0.00398625 2.21871
-0.238301 -0.260343 2.29957
-0.24765 -0.549222 2.37838
-0.214979 -0.609919 2.26574
-0.0747324 -0.0230562 2.2663
-0.0364347 -0.267979 2.3262
-0.0183732 -0.535875 2.38683
0.0111588 -0.596733 2.27398
0.0217599 0.466855 2.14568
-0.550531 0.0871721 2.10643
-0.516715 0.142298 2.058
0.131376 -0.254226 2.28175
0.114465 -0.215299 2.2205
-0.147388 -0.0109378 2.27662
-0.0373807 0.258396 2.20597
0.0779051 0.518342 2.12314
0.170867 0.619024 2.12809
-0.104406 0.447131 2.07514
-0.34001 0.293132 2.09403
-0.499705 0.145435 2.08032
-0.509711 0.134259 2.08718
0.143758 0.32703 2.18104
0.100428 0.119284 2.22728
0.110445 -0.0980246 2.23418
0.125011 -0.182376 2.25235
-0.211928 0.00493592 2.21899
-0.237389 -0.269113 2.30311
-0.247718 -0.550786 2.37802
-0.216891 -0.612234 2.2654
-0.079973 -0.0298634 2.26543
-0.0329565 -0.268733 2.3255
-0.0170254 -0.536677 2.38661
0.0106435 -0.598296 2.27377
0.0493456 0.454647 2.14595
-0.541274 0.10491 2.11039
-0.508594 0.152146 2.06071
0.132415 -0.269116 2.2712
0.11607 -0.217044 2.2125
-0.147041 -0.0127846 2.27703
-0.029396 0.253141 2.20501
0.0901686 0.510681 2.12016
0.180366 0.613429 2.12618
-0.0885761 0.44202 2.07399
-0.335061 0.293675 2.09397
-0.49606 0.147389 2.08094
-0.50134 0.130663 2.08872
0.151308 0.318563 2.17699
0.106601 0.107528 2.2221
0.124866 -0.109467 2.22507
0.128355 -0.187665 2.25008
-0.210971 0.00505308 2.21975
-0.235701 -0.274306 2.30279
-0.247614 -0.551131 2.37705
-0.217922 -0.613077 2.26449
-0.0799123 -0.0337446 2.26549
-0.0285513 -0.268889 2.32319
-0.0153573 -0.534795 2.38625
0.0111547 -0.596943 2.27346
0.0606458 0.447587 2.14351
-0.541461 0.101634 2.1382
-0.50274 0.163696 2.0745
0.133702 -0.277032 2.27806
0.117722 -0.221146 2.20812
-0.146384 -0.0128881 2.27736
-0.0287808 0.253536 2.20479
0.0897409 0.511866 2.11935
0.179784 0.616831 2.11867
-0.0948079 0.444475 2.07279
-0.329992 0.292407 2.09441
-0.490226 0.145233 2.0836
-0.492674 0.124812 2.09382
0.150754 0.320987 2.1764
0.114544 0.111253 2.22042
0.125771 -0.105974 2.2271
0.133404 -0.183342 2.24663
-0.20996 0.00548379 2.2208
-0.232645 -0.273998 2.30322
-0.247214 -0.550557 2.37584
-0.217814 -0.612504 2.26318
-0.0790492 -0.0335816 2.26537
-0.0258009 -0.267596 2.32266
-0.0142837 -0.533117 2.38569
0.0119245 -0.595283 2.2728
0.0605667 0.448463 2.14293
-0.515697 0.089041 2.11556
-0.496171 0.151331 2.073
0.136298 -0.271212 2.28466
0.122181 -0.215566 2.2048
-0.135522 -0.0111905 2.27981
-0.0273265 0.257116 2.20224
0.0779949 0.523064 2.10742
0.154646 0.633375 2.10154
-0.0945269 0.445946 2.06807
-0.326862 0.287068 2.09541
-0.482044 0.134522 2.08787
-0.49538 0.105326 2.10571
0.15231 0.331136 2.16956
0.124414 0.115735 2.21986
0.124659 -0.101412 2.23099
0.140547 -0.173647 2.24034
-0.19927 0.00687313 2.22346
-0.229313 -0.271131 2.30182
-0.245641 -0.55027 2.37571
-0.216655 -0.612585 2.26323
-0.067455 -0.0297202 2.26763
-0.0212374 -0.264265 2.32292
-0.0130666 -0.530745 2.38523
0.0127323 -0.593306 2.27253
0.0534905 0.457343 2.13397
-0.52922 0.0670021 2.12672
-0.457432 0.104135 2.06365
0.146976 -0.252068 2.2695
0.133132 -0.185362 2.20329
-0.120543 -0.0029487 2.2758
-0.0375652 0.278176 2.19389
0.0327679 0.555962 2.09828
0.0888848 0.677949 2.08593
-0.121916 0.454069 2.06824
-0.329002 0.252143 2.10227
-0.458935 0.0774567 2.09843
-0.47543 0.0565679 2.10714
0.135216 0.388229 2.15672
0.11929 0.179254 2.22104
0.127152 -0.0380302 2.23245
0.149294 -0.111988 2.23664
-0.187826 0.0100148 2.2211
-0.217949 -0.258503 2.29624
-0.241871 -0.548406 2.37484
-0.212024 -0.609486 2.26157
-0.0493785 -0.0150404 2.26144
-0.0248718 -0.251905 2.31926
-0.0109469 -0.527495 2.38585
0.0157335 -0.588844 2.27235
0.0161875 0.488057 2.12413
-0.503945 0.0111671 2.12626
-0.480168 0.0297948 2.123
0.159719 -0.200748 2.26452
0.141901 -0.141398 2.18963
-0.114408 0.00768612 2.26946
-0.0579098 0.29693 2.18932
-0.0128771 0.577909 2.09928
0.0222559 0.713232 2.08424
-0.171278 0.470544 2.06576
-0.326452 0.227364 2.10893
-0.446959 0.0460133 2.10466
-0.436802 0.0419271 2.10844
0.116481 0.424039 2.15038
0.119379 0.185986 2.22373
0.141275 -0.0310389 2.22699
0.14711 -0.0369879 2.22401
-0.182562 0.0167538 2.21758
-0.221708 -0.244351 2.28759
-0.239667 -0.548008 2.37513
-0.210729 -0.607484 2.26024
-0.0429103 -0.00113197 2.25205
-0.0250988 -0.244978 2.31667
-0.00980339 -0.528556 2.38598
0.0159813 -0.588282 2.27086
-0.0236374 0.509292 2.12364
-0.470732 -0.0271228 2.12994
-0.403049 0.0594617 2.10417
0.15674 -0.120343 2.22135
0.140963 -0.0830824 2.18793
-0.117852 0.0172412 2.26147
-0.0876533 0.308761 2.1852
-0.0671365 0.589191 2.10073
-0.0532604 0.728505 2.08401
-0.221542 0.46889 2.07149
-0.323457 0.218862 2.11072
-0.425651 0.0265442 2.10971
-0.422297 0.00486726 2.1151
0.0865644 0.454514 2.14881
0.112405 0.215136 2.23116
0.15088 -0.000153632 2.22098
0.1467 -0.00400893 2.22292
-0.185392 0.0224221 2.21218
-0.220722 -0.24565 2.28697
-0.237801 -0.548222 2.37511
-0.209723 -0.606318 2.25886
-0.0466283 0.0123362 2.24138
-0.0257883 -0.241276 2.31189
-0.00927327 -0.528571 2.38578
0.0156701 -0.58692 2.26931
-0.0719138 0.520654 2.12371
-0.448671 -0.0742706 2.1412
-0.450888 -0.069737 2.1318
0.163197 -0.095343 2.23455
0.143608 -0.0498269 2.18442
-0.122623 0.0219883 2.2553
-0.1162 0.311846 2.18135
-0.115241 0.589626 2.09926
-0.12329 0.73159 2.08085
-0.260851 0.460809 2.07985
-0.322873 0.211764 2.11515
-0.409743 0.0123401 2.12027
-0.414668 -0.0193049 2.12549
0.0466515 0.477146 2.14618
0.0967553 0.238798 2.23903
0.156691 0.0286189 2.21892
0.141342 0.0256567 2.23192
-0.190623 0.0234141 2.20763
-0.220432 -0.247569 2.28563
-0.236951 -0.549991 2.3752
-0.210218 -0.607315 2.25799
-0.0507849 0.0210264 2.23354
-0.0259788 -0.237951 2.30878
-0.00913567 -0.52798 2.38517
0.0144738 -0.585586 2.26774
-0.115467 0.52171 2.12172
-0.431578 -0.101811 2.13949
-0.437983 -0.0343175 2.12414
0.162275 -0.0640128 2.2397
0.138424 -0.0109396 2.18908
-0.130965 0.0216069 2.25302
-0.154663 0.306518 2.18153
-0.180039 0.580904 2.0997
-0.214853 0.722566 2.08106
-0.314688 0.443135 2.08712
-0.339028 0.195037 2.12128
-0.395278 -0.0139502 2.13853
-0.412261 -0.0575709 2.14795
-0.0111196 0.49437 2.14154
0.0736036 0.256863 2.24996
0.143954 0.0497997 2.24603
0.12784 0.0582887 2.25515
-0.20128 0.0160928 2.2088
-0.223729 -0.260632 2.29069
-0.236645 -0.550357 2.37455
-0.211665 -0.607068 2.25642
-0.0586227 0.0261854 2.22795
-0.0260412 -0.233599 2.30583
-0.0094791 -0.529083 2.38447
0.0123854 -0.586066 2.2661
-0.173826 0.513743 2.12223
-0.425039 -0.139276 2.16288
-0.416245 -0.0432867 2.15033
0.157017 -0.0303303 2.27743
0.126672 0.0207831 2.21309
-0.152709 0.0146497 2.25455
-0.189165 0.296705 2.1825
-0.224938 0.569137 2.09865
-0.271213 0.710996 2.0789
-0.346791 0.426649 2.09079
-0.355523 0.184616 2.12617
-0.399129 -0.0265135 2.14933
-0.419031 -0.0955531 2.17917
-0.0586953 0.495954 2.1319
0.0590174 0.270611 2.25969
0.13887 0.0669107 2.25339
0.146447 0.0426283 2.26794
-0.221382 0.00464541 2.21285
-0.226985 -0.268853 2.29703
-0.236903 -0.550902 2.37412
-0.214406 -0.607783 2.25552
-0.0798629 0.0238859 2.22752
-0.0338203 -0.239438 2.30586
-0.0116299 -0.530524 2.38312
0.00777713 -0.587663 2.26431
-0.216244 0.502434 2.1217
-0.427585 -0.172962 2.21426
-0.426957 -0.0863768 2.1783
0.168313 -0.0015088 2.2899
0.13353 0.0498329 2.22412
-0.161166 0.00684235 2.25869
-0.212675 0.28557 2.18401
-0.264409 0.555446 2.09627
-0.319451 0.694107 2.07341
-0.375384 0.404304 2.09422
-0.369136 0.179772 2.13055
-0.393843 -0.0328664 2.16268
-0.415992 -0.106192 2.1928
-0.102579 0.490726 2.12464
0.0524997 0.292944 2.26234
0.150894 0.0977101 2.26157
0.150681 0.0670982 2.27294
-0.229271 -0.00716251 2.21974
-0.229367 -0.277084 2.30238
-0.237613 -0.549869 2.37439
-0.216891 -0.607082 2.25565
-0.0883439 0.0195798 2.22934
-0.0479276 -0.246142 2.30715
-0.0146224 -0.534469 2.38333
0.00304047 -0.591874 2.26438
-0.251793 0.489311 2.12034
-0.423632 -0.197586 2.22061
-0.421705 -0.104435 2.1941
0.174082 0.027864 2.29706
0.132392 0.0807969 2.22618
-0.165052 0.000225436 2.2625
-0.228302 0.275387 2.18542
-0.293151 0.541063 2.09487
-0.360532 0.675884 2.07132
-0.384955 0.398193 2.09489
-0.384241 0.17304 2.13426
-0.394966 -0.0409337 2.16601
-0.413359 -0.119866 2.1978
-0.12215 0.485941 2.12163
0.0396789 0.302224 2.26332
0.146063 0.111233 2.26327
0.141881 0.0811185 2.27652
-0.232297 -0.0169544 2.22418
-0.231449 -0.282439 2.30653
-0.238729 -0.548998 2.37477
-0.218552 -0.606439 2.25607
-0.0926633 0.0162996 2.2323
-0.0530194 -0.257045 2.31261
-0.0158941 -0.535228 2.38329
0.00122722 -0.592839 2.2644
-0.277221 0.476002 2.11967
-0.421097 -0.207758 2.22866
-0.402834 -0.0697642 2.20525
0.165059 0.03897 2.30281
0.128189 0.0931913 2.22867
-0.176125 -0.014249 2.27078
-0.249311 0.260791 2.18809
-0.32055 0.526897 2.09311
-0.398018 0.655892 2.06889
-0.407094 0.38198 2.09487
-0.398084 0.110678 2.13979
-0.400825 -0.101127 2.18088
-0.411861 -0.163066 2.20293
-0.162996 0.469362 2.11737
0.0163676 0.298008 2.26201
0.127415 0.11017 2.26841
0.101645 0.122125 2.27767
-0.241631 -0.0370337 2.23308
-0.233337 -0.313156 2.32617
-0.240079 -0.558967 2.37745
-0.220097 -0.616756 2.25911
-0.104977 0.00802215 2.23989
-0.0513118 -0.267535 2.32011
-0.0173488 -0.530856 2.38203
-0.000414247 -0.58899 2.26344
-0.303208 0.461684 2.11896
-0.41982 -0.243262 2.23951
-0.427851 -0.192363 2.21323
0.143913 0.0471614 2.31782
0.104394 0.105338 2.24189
-0.179622 -0.0199927 2.27619
-0.258292 0.253803 2.19189
-0.335358 0.518309 2.09526
-0.418241 0.645107 2.06833
-0.416658 0.375323 2.09556
-0.40053 0.105771 2.14338
-0.400952 -0.106877 2.18105
-0.413051 -0.172897 2.20681
-0.172723 0.463526 2.11898
0.00834833 0.292088 2.26108
0.109727 0.0991633 2.27085
0.118959 0.0785533 2.29231
-0.243628 -0.0438773 2.23859
-0.234694 -0.3109 2.32612
-0.240772 -0.556421 2.37862
-0.220308 -0.614296 2.2604
-0.110039 0.00378636 2.24521
-0.0490331 -0.274244 2.32277
-0.0176389 -0.530077 2.3821
-0.000227202 -0.588271 2.26364
-0.316556 0.453509 2.12154
-0.418353 -0.254869 2.24491
-0.413556 -0.17365 2.20814
0.143993 0.0470507 2.32133
0.119597 0.064178 2.26682
-0.179126 -0.0214124 2.28014
-0.262414 0.25064 2.19402
-0.345065 0.513095 2.09601
-0.431955 0.636613 2.06953
-0.425861 0.35187 2.09444
-0.411614 0.109986 2.14274
-0.396081 -0.101496 2.18369
-0.414374 -0.168455 2.21677
-0.181707 0.457134 2.12119
0.00724543 0.291458 2.2602
0.112306 0.100158 2.26636
0.123312 0.084599 2.28204
-0.241872 -0.0456361 2.2411
-0.241044 -0.36115 2.3462
-0.240762 -0.610096 2.38335
-0.267603 -0.649697 2.27738
-0.111222 0.00308901 2.25127
-0.0483727 -0.278747 2.32467
-0.0183388 -0.530336 2.38221
0.0013949 -0.588283 2.26406
-0.324769 0.448866 2.12269
-0.416028 -0.25365 2.25574
-0.414748 -0.118538 2.21216
0.144197 0.0553414 2.30524
0.119998 0.0760611 2.25405
-0.173337 -0.0199409 2.28306
-0.263776 0.249323 2.19626
-0.350387 0.509901 2.09835
-0.438181 0.634273 2.07177
-0.430186 0.343621 2.09667
-0.411915 0.10776 2.14585
-0.391679 -0.102903 2.18857
-0.408665 -0.167233 2.22226
-0.185984 0.453746 2.12311
0.00697775 0.292566 2.25963
0.112729 0.101787 2.26726
0.123898 0.0847661 2.28493
-0.23516 -0.0439293 2.24297
-0.232198 -0.306785 2.32965
-0.240952 -0.55314 2.37867
-0.218034 -0.610753 2.26074
-0.106154 0.00478142 2.25487
-0.0461452 -0.282275 2.3302
-0.019046 -0.526766 2.38258
0.000835596 -0.584699 2.2644
-0.329128 0.446061 2.1249
-0.407637 -0.252623 2.26099
-0.416029 -0.186812 2.23422
0.144207 0.0490233 2.30557
0.13101 0.063496 2.27133
-0.195812 -0.0274923 2.28596
-0.268465 0.248928 2.19903
-0.346106 0.514403 2.10268
-0.428343 0.644046 2.08061
-0.431551 0.35057 2.09965
-0.408361 0.117498 2.14677
-0.39377 -0.0944391 2.18626
-0.409026 -0.154746 2.22058
-0.183629 0.456 2.12555
0.00539595 0.293851 2.26019
0.11678 0.106404 2.26861
0.119648 0.0833873 2.28119
-0.262424 -0.0507817 2.24686
-0.233165 -0.31214 2.33309
-0.241192 -0.559047 2.37988
-0.218901 -0.616768 2.26195
-0.123908 -0.00325433 2.25656
-0.0449296 -0.283364 2.33224
-0.0191452 -0.528234 2.38321
0.000109835 -0.586331 2.26503
-0.327684 0.448712 2.12817
-0.411376 -0.237402 2.25319
-0.40169 -0.166647 2.22327
0.143941 0.0426284 2.30124
0.0980066 0.0914953 2.23667
-0.204506 -0.0240747 2.28387
-0.26923 0.254158 2.20076
-0.330943 0.528233 2.10975
-0.398294 0.666543 2.09021
-0.42581 0.365652 2.10119
-0.406572 0.112975 2.14927
-0.398505 -0.0993312 2.18827
-0.412905 -0.152575 2.21062
-0.17412 0.46307 2.12852
0.00527432 0.294072 2.2603
0.118425 0.107606 2.26789
0.100086 0.112719 2.27186
-0.272987 -0.0435013 2.24283
-0.234092 -0.308497 2.32854
-0.24103 -0.55465 2.37858
-0.219277 -0.612107 2.26028
-0.130701 -0.00272785 2.25538
-0.0524277 -0.273652 2.32801
-0.0191932 -0.527192 2.38299
-0.00047533 -0.584985 2.26445
-0.317109 0.460792 2.1342
-0.416985 -0.232484 2.25032
-0.39832 -0.112392 2.21367
0.143767 0.034047 2.29007
0.0796517 0.101793 2.2459
-0.194232 -0.0101463 2.27893
-0.247678 0.275413 2.20612
-0.297013 0.552671 2.12341
-0.338046 0.701482 2.10643
-0.417951 0.37654 2.10297
-0.403609 0.107933 2.15269
-0.413772 -0.105002 2.18759
-0.425506 -0.133132 2.19407
-0.126085 0.48197 2.15596
0.0187528 0.271876 2.26307
0.110753 0.0735058 2.26156
0.117974 0.0486619 2.2691
-0.258236 -0.0252008 2.23711
-0.235218 -0.303083 2.31952
-0.241542 -0.551433 2.37613
-0.214281 -0.607386 2.25803
-0.123794 0.00593569 2.25184
-0.059062 -0.2636 2.32127
-0.0188649 -0.528489 2.38289
0.00534545 -0.584726 2.26456
-0.285295 0.484766 2.14601
-0.431871 -0.200608 2.23199
-0.42035 -0.144138 2.1964
0.143774 -0.00151624 2.29857
0.123675 0.0720068 2.261
-0.186352 0.000189384 2.27237
-0.231891 0.289144 2.20792
-0.271619 0.570013 2.13502
-0.289245 0.724149 2.12203
-0.393669 0.423706 2.11334
-0.403781 0.168374 2.14387
-0.420398 -0.0470663 2.16467
-0.430091 -0.0964775 2.18726
-0.0958464 0.489182 2.17656
0.0205876 0.260491 2.26398
0.111444 0.0614831 2.25813
0.0992502 0.054126 2.26031
-0.251192 -0.0124632 2.23124
-0.235687 -0.290096 2.31017
-0.242365 -0.551378 2.37515
-0.214151 -0.606511 2.25672
-0.115826 0.0132338 2.2447
-0.0563998 -0.264229 2.31684
-0.0187945 -0.534864 2.38312
0.00635503 -0.590199 2.26448
-0.262294 0.501197 2.15503
-0.436592 -0.146793 2.20933
-0.443496 -0.0840181 2.184
0.131824 -0.0339716 2.29158
0.121986 0.00639837 2.28233
-0.177779 0.00974701 2.26747
-0.214824 0.301824 2.21137
-0.246774 0.584932 2.14705
-0.24637 0.737143 2.13663
-0.378524 0.443656 2.12077
-0.399569 0.176652 2.14407
-0.42303 -0.0384468 2.16268
-0.438735 -0.0653254 2.17787
-0.0701286 0.488939 2.19294
0.019351 0.259704 2.26297
0.0980703 0.0555104 2.24852
0.0877797 0.0319815 2.24997
-0.242956 -0.000860456 2.22318
-0.239318 -0.282541 2.30409
-0.24267 -0.551646 2.37503
-0.213173 -0.60607 2.25647
-0.107178 0.0205491 2.24256
-0.0541792 -0.26355 2.31259
-0.0187244 -0.538172 2.38346
0.00770314 -0.592761 2.26469
-0.239275 0.515577 2.16495
-0.452257 -0.143857 2.21552
-0.462768 -0.0909331 2.184
0.114652 -0.0524263 2.26829
0.0927777 0.0651391 2.25386
-0.171315 0.0150135 2.2615
-0.200078 0.308989 2.21369
-0.223028 0.593836 2.15836
-0.207566 0.74292 2.14327
-0.360322 0.456518 2.1282
-0.391974 0.190206 2.14727
-0.434646 -0.0229985 2.1557
-0.444857 -0.0334483 2.15762
-0.0488163 0.487789 2.20483
0.0203538 0.252561 2.26083
0.0906455 0.0453692 2.24428
0.0882754 -0.0124527 2.24296
-0.236807 0.00656566 2.21419
-0.241631 -0.273288 2.29659
-0.243337 -0.5518 2.3744
-0.243713 -0.636036 2.3287
-0.100723 0.0235954 2.23937
-0.0514981 -0.268159 2.31099
-0.0191486 -0.540266 2.38413
0.00811585 -0.594261 2.26522
-0.217745 0.524074 2.17394
-0.464119 -0.124147 2.17945
-0.450778 -0.061516 2.1704
0.106122 -0.073647 2.25691
0.102332 -0.0319737 2.24944
-0.167128 0.0166073 2.25696
-0.185225 0.312008 2.21636
-0.196972 0.597839 2.16954
-0.173566 0.7434 2.15093
-0.3407 0.465353 2.13449
-0.386415 0.196851 2.15009
-0.442176 -0.013975 2.14726
-0.448635 -0.0109036 2.14365
-0.02961 0.481812 2.21281
0.0221952 0.240668 2.25805
0.0889446 0.0323701 2.24094
0.0882507 -0.0266569 2.23856
-0.232764 0.00987704 2.20742
-0.243423 -0.270407 2.29143
-0.244285 -0.552417 2.37353
-0.243129 -0.636826 2.32881
-0.0964495 0.0234848 2.23689
-0.0489332 -0.27181 2.31021
-0.0190649 -0.540609 2.38363
0.00862249 -0.594231 2.26459
-0.194396 0.527838 2.18301
-0.468746 -0.101116 2.14057
-0.461763 -0.0970614 2.1448
0.110372 -0.0985012 2.25957
0.102527 -0.028675 2.24455
-0.162708 0.0172633 2.25378
-0.173428 0.313426 2.21903
-0.180199 0.599724 2.17693
-0.151845 0.742621 2.15719
-0.324479 0.469695 2.13915
-0.384083 0.20067 2.15244
-0.450083 -0.00725822 2.14039
-0.455964 -0.00232392 2.13841
-0.0152068 0.477779 2.21826
0.0269712 0.232273 2.25573
0.0933351 0.0238535 2.24025
0.0972842 -0.036966 2.23656
-0.228345 0.0120381 2.20258
-0.244983 -0.267183 2.28522
-0.244123 -0.552863 2.37255
-0.243238 -0.637399 2.32897
-0.0919947 0.022549 2.23539
-0.0473893 -0.27276 2.30936
-0.019305 -0.540259 2.38325
0.00879273 -0.593638 2.26417
-0.178742 0.529595 2.18934
-0.478042 -0.0937453 2.13628
-0.465116 -0.0398201 2.13591
0.115612 -0.105803 2.26132
0.112186 -0.0466294 2.23875
-0.157162 0.0170438 2.25171
-0.162847 0.31346 2.2205
-0.166005 0.599912 2.18041
-0.136395 0.741715 2.16001
-0.313688 0.472205 2.14241
-0.380974 0.203165 2.15339
-0.454001 -0.00232757 2.13991
-0.455545 -0.0019464 2.14133
-0.00391599 0.473515 2.22034
0.0335931 0.226533 2.2535
0.10001 0.0181415 2.23941
0.10715 -0.0404333 2.23625
-0.223381 0.0132412 2.20029
-0.2445 -0.267431 2.2842
-0.243873 -0.552953 2.372
-0.243483 -0.637545 2.32905
-0.0858715 0.0205505 2.23383
-0.0458634 -0.274432 2.30898
-0.0191116 -0.540479 2.38309
0.0086128 -0.593798 2.26385
-0.165433 0.529739 2.19239
-0.479165 -0.091188 2.14451
-0.470141 -0.0165389 2.14663
0.129198 -0.111101 2.26423
0.121413 -0.056644 2.242
-0.151884 0.0168111 2.25022
-0.154814 0.313623 2.22086
-0.156252 0.60045 2.18137
-0.125994 0.742138 2.16113
-0.305884 0.47331 2.14495
-0.373561 0.206472 2.15742
-0.450008 0.00222775 2.14554
-0.443751 -0.00478684 2.15042
0.00657355 0.471793 2.21762
0.0409197 0.224317 2.24831
0.110694 0.017028 2.23696
0.109905 -0.0061397 2.23575
-0.218914 0.0140613 2.19911
-0.242379 -0.268191 2.28297
-0.242338 -0.55504 2.37177
-0.213323 -0.608277 2.25227
-0.0800312 0.0190368 2.23229
-0.0428687 -0.27006 2.30634
-0.0187378 -0.539617 2.38255
0.00720915 -0.593051 2.26284
-0.156066 0.530177 2.19325
-0.4648 -0.0918196 2.15886
-0.439298 -0.00691454 2.1544
0.132201 -0.0951354 2.24999
0.130583 0.0118927 2.252
-0.149198 0.0167229 2.24947
-0.151757 0.313407 2.22027
-0.153008 0.600048 2.18049
-0.123699 0.741792 2.16067
-0.303404 0.473332 2.14631
-0.368637 0.207309 2.16126
-0.444666 0.00289401 2.14905
-0.437325 -0.0083523 2.153
0.0104379 0.471503 2.21564
0.0451723 0.223961 2.24511
0.115292 0.0168037 2.23587
0.115761 -0.00839681 2.23444
-0.216833 0.0143097 2.19885
-0.240991 -0.269115 2.28237
-0.241643 -0.555383 2.37156
-0.213755 -0.608705 2.2518
-0.0768274 0.0185342 2.23101
-0.0412491 -0.268281 2.30591
-0.0180712 -0.538358 2.38156
0.00674902 -0.591896 2.26159
-0.152865 0.529826 2.19246
-0.456731 -0.0929106 2.15671
-0.450097 -0.0600161 2.15525
0.137069 -0.0950271 2.24494
0.132815 -0.0210534 2.23767
-0.14515 0.016598 2.24914
-0.147487 0.313158 2.21919
-0.14856 0.599597 2.17805
-0.121741 0.740951 2.15786
-0.300994 0.47274 2.14817
-0.360061 0.207922 2.16607
-0.435057 0.00309811 2.15403
-0.431212 -0.0136403 2.15582
0.0167237 0.472926 2.20708
0.052871 0.222487 2.23751
0.123974 0.0156818 2.22394
0.126759 -0.0394563 2.21629
-0.213371 0.01479 2.19989
-0.237075 -0.269796 2.28216
-0.240351 -0.556375 2.37086
-0.215944 -0.60998 2.25041
-0.0721184 0.0177557 2.22922
-0.0376827 -0.262934 2.30486
-0.0163368 -0.534603 2.38048
0.00499528 -0.588486 2.2598
-0.148469 0.529431 2.1904
-0.449822 -0.0919337 2.16132
-0.445872 -0.0486585 2.157
0.142193 -0.0911517 2.22176
0.142749 -0.0485555 2.2175
-0.143049 0.0163819 2.24885
-0.145306 0.312935 2.21787
-0.146265 0.599355 2.17525
-0.121414 0.741082 2.15591
-0.299773 0.472633 2.14854
-0.356579 0.208411 2.16818
-0.427588 0.00212867 2.15484
-0.42644 -0.0149016 2.15345
0.0191455 0.47265 2.20104
0.0562582 0.222126 2.23278
0.131974 0.0170101 2.2174
0.128209 -0.0368826 2.20608
-0.211565 0.0148951 2.20061
-0.234725 -0.269328 2.28213
-0.239496 -0.556621 2.37058
-0.217185 -0.610423 2.2498
-0.0696189 0.0171961 2.22788
-0.0361867 -0.26038 2.30416
-0.0154969 -0.532737 2.37974
0.00373898 -0.586843 2.25872
-0.146193 0.529194 2.188
-0.445643 -0.0989543 2.15973
-0.424771 -0.0357587 2.16425
0.143662 -0.0915388 2.21631
0.142353 -0.0373318 2.2051
-0.140701 0.0164088 2.24822
-0.142363 0.312398 2.21532
-0.142811 0.598023 2.17003
-0.12105 0.741188 2.15407
-0.298228 0.472623 2.14781
-0.354747 0.207741 2.16852
-0.423837 0.000783664 2.15556
-0.425409 -0.0195269 2.15535
0.021031 0.472533 2.19659
0.0589349 0.222446 2.22817
0.134403 0.0173033 2.21026
0.133166 -0.0380803 2.19868
-0.209611 0.0149998 2.20032
-0.233491 -0.269848 2.28289
-0.238892 -0.556839 2.3708
-0.217823 -0.610845 2.2499
-0.0672292 0.017188 2.22705
-0.0346557 -0.2577 2.30296
-0.014369 -0.531209 2.37962
0.00361799 -0.585541 2.25848
-0.142843 0.528078 2.18349
-0.44389 -0.099454 2.16408
-0.440619 -0.0358058 2.15519
0.148554 -0.0964901 2.21389
0.148412 -0.0461418 2.19658
-0.139004 0.016363 2.24749
-0.141024 0.31256 2.2141
-0.141938 0.598455 2.16859
-0.120493 0.741539 2.1531
-0.296554 0.472604 2.14626
-0.354035 0.206827 2.16813
-0.422973 -0.000184317 2.15588
-0.426949 -0.0197206 2.15578
0.0220664 0.471741 2.19243
0.0607015 0.222201 2.2254
0.135233 0.0167423 2.20667
0.132661 -0.0383759 2.19763
-0.20826 0.0149844 2.20019
-0.231997 -0.268694 2.2833
-0.238421 -0.556895 2.37095
-0.218159 -0.610965 2.24994
-0.0652831 0.0171525 2.22564
-0.0336341 -0.255931 2.30255
-0.0137456 -0.53093 2.37984
0.0034321 -0.58533 2.25859
-0.141855 0.528439 2.18208
-0.447693 -0.0986428 2.16432
-0.442307 -0.0243991 2.14767
0.14878 -0.0966332 2.21723
0.1475 -0.0434373 2.19957
-0.138184 0.01613 2.24675
-0.140298 0.312457 2.21272
-0.141449 0.59858 2.16665
-0.120161 0.741551 2.15208
-0.295465 0.472303 2.1447
-0.353162 0.205824 2.16687
-0.423244 -0.00079032 2.15505
-0.429072 -0.0247237 2.15102
0.0228781 0.471368 2.18992
0.061751 0.221739 2.22285
0.13662 0.016398 2.20431
0.128022 -0.0378106 2.19744
-0.207575 0.0147754 2.19962
-0.231055 -0.267647 2.28355
-0.237935 -0.556635 2.37071
-0.217981 -0.610757 2.24968
-0.0644456 0.0169388 2.22479
-0.0332671 -0.255394 2.3023
-0.013123 -0.530378 2.37985
0.00374568 -0.584836 2.25857
-0.141299 0.528499 2.18026
-0.452113 -0.0998253 2.16509
-0.450309 -0.0248046 2.14784
0.143373 -0.0913523 2.21181
0.143326 -0.0558725 2.19811
-0.137704 0.0160147 2.24605
-0.139942 0.312438 2.2117
-0.141265 0.598697 2.16539
-0.12024 0.741467 2.15076
-0.295067 0.471953 2.14373
-0.352437 0.204785 2.16501
-0.422532 -0.00180824 2.15116
-0.426111 -0.0300754 2.14727
0.0234629 0.471647 2.18737
0.0627318 0.221258 2.22153
0.136558 0.0155221 2.20344
0.125822 -0.0411471 2.20099
-0.207178 0.0146237 2.19914
-0.230603 -0.267206 2.28357
-0.237553 -0.555567 2.37075
-0.218108 -0.609747 2.24965
-0.0639198 0.016898 2.22382
-0.0330126 -0.255027 2.30216
-0.0131438 -0.530118 2.37954
0.00322069 -0.584622 2.2582
-0.141073 0.52858 2.17905
-0.448357 -0.105108 2.16916
-0.452091 -0.0426172 2.14467
0.143325 -0.0913203 2.21106
0.141142 -0.0555329 2.20075
-0.137096 0.0159195 2.24508
-0.13966 0.312055 2.21035
-0.141381 0.597933 2.16367
-0.120383 0.739766 2.1472
-0.294948 0.471534 2.14257
-0.352051 0.204 2.16322
-0.42066 -0.00304416 2.14629
-0.424118 -0.0324497 2.14393
0.0234578 0.471991 2.18612
0.0634289 0.221871 2.22068
0.135328 0.0154856 2.20145
0.122094 -0.0417257 2.20398
-0.206626 0.0144656 2.19857
-0.230459 -0.266734 2.28349
-0.237456 -0.555254 2.3707
-0.218036 -0.609459 2.24961
-0.06333 0.016889 2.22246
-0.0323904 -0.254512 2.30123
-0.0130111 -0.530129 2.37944
0.00332735 -0.584654 2.25811
-0.141085 0.527919 2.17742
-0.44437 -0.103584 2.15776
-0.447235 -0.0183917 2.13471
0.135833 -0.0909734 2.21736
0.141478 -0.0497805 2.19354
-0.136763 0.0157351 2.24405
-0.13995 0.311626 2.20866
-0.142528 0.597199 2.16125
-0.122155 0.738929 2.14344
-0.295597 0.47087 2.14123
-0.35174 0.203549 2.1614
-0.421026 -0.00325578 2.14423
-0.424531 -0.0350281 2.14357
0.0228384 0.472216 2.18384
0.063812 0.222229 2.21986
0.133913 0.0152525 2.19981
0.118364 -0.0407294 2.19949
-0.206339 0.0141336 2.19762
-0.2304 -0.266671 2.28353
-0.237358 -0.555303 2.37084
-0.218243 -0.609562 2.24973
-0.0629882 0.0168658 2.22143
-0.0322062 -0.254652 2.30106
-0.0128155 -0.530732 2.37982
0.00321712 -0.585303 2.25847
-0.142 0.527266 2.17518
-0.44639 -0.109201 2.16216
-0.437964 0.0229824 2.142
0.135363 -0.0906565 2.20956
0.134493 -0.0681023 2.20186
-0.137063 0.0156702 2.2431
-0.140617 0.311424 2.20717
-0.143577 0.596854 2.1592
-0.125343 0.739426 2.14002
-0.296804 0.470686 2.13926
-0.351624 0.203527 2.15997
-0.420827 -0.00333845 2.14394
-0.428475 -0.0605564 2.15272
0.0215257 0.472445 2.18183
0.0638312 0.222525 2.21831
0.131893 0.014865 2.1981
0.117295 -0.0409947 2.19896
-0.206623 0.0140133 2.19705
-0.230483 -0.266341 2.28366
-0.237242 -0.553973 2.37062
-0.21814 -0.608279 2.24952
-0.0632743 0.0168927 2.22006
-0.0318856 -0.254354 2.30057
-0.0128498 -0.530756 2.37973
0.00317032 -0.585358 2.25841
-0.142959 0.526956 2.17328
-0.442234 -0.108278 2.16333
-0.443734 -0.0583551 2.13259
0.131395 -0.0975175 2.21406
0.135236 -0.0492363 2.19487
