-0.0505078 -0.0533522 2.26891
-0.0430215 0.249163 2.2473
-0.0349933 0.541651 2.21314
-0.0251607 0.683277 2.18242
-0.193212 0.42174 2.19052
-0.311828 0.197327 2.19765
-0.431532 0.0133877 2.20954
-0.477002 -0.0271183 2.18811
0.128022 0.428872 2.22714
0.249703 0.19792 2.29097
0.396163 0.04257 2.33393
0.43179 0.0063198 2.30618
-0.12392 -0.0532751 2.23086
-0.123114 -0.340524 2.32244
-0.121564 -0.646905 2.3867
-0.131379 -0.731829 2.32013
0.0244847 -0.0517807 2.2358
0.0275861 -0.347556 2.33399
0.0174051 -0.646792 2.39683
0.0304999 -0.729784 2.31925
-0.037046 0.469948 2.22386
-0.519497 -0.071498 2.2003
-0.486983 -0.0500523 2.22433
0.472813 -0.0275693 2.33373
0.447762 -0.0168314 2.32121
-0.0503682 -0.0534176 2.26837
-0.0427771 0.249146 2.24597
-0.0347807 0.541701 2.2109
-0.0251789 0.683277 2.18192
-0.192819 0.421902 2.18853
-0.311989 0.196839 2.19655
-0.431887 0.0129816 2.20807
-0.477739 -0.0272724 2.18425
0.128225 0.428812 2.22642
0.249668 0.197934 2.29067
0.396085 0.0427686 2.33425
0.435961 0.00415719 2.31099
-0.123713 -0.0533658 2.23015
-0.123667 -0.338795 2.32131
-0.121494 -0.646917 2.38642
-0.131384 -0.731822 2.32014
0.0245634 -0.0518192 2.23541
0.027437 -0.346901 2.33325
0.0174494 -0.646846 2.39682
0.0304572 -0.729716 2.31927
-0.0368122 0.469983 2.22186
-0.524191 -0.0741627 2.20538
-0.461886 -0.0305594 2.195
0.479442 -0.0328622 2.34629
0.425833 0.00160719 2.30871
-0.049879 -0.0537673 2.26726
-0.0425299 0.249013 2.24446
-0.0347161 0.541812 2.20885
-0.0253663 0.683156 2.18113
-0.192763 0.421534 2.18632
-0.312852 0.195738 2.19412
-0.43171 0.0112042 2.20572
-0.479551 -0.0313883 2.18734
0.128015 0.428908 2.2242
0.249835 0.198078 2.29017
0.39574 0.0429014 2.33506
0.435051 0.00475623 2.32447
-0.123201 -0.0538855 2.2285
-0.123131 -0.339612 2.32116
-0.121476 -0.646943 2.38641
-0.131339 -0.731685 2.32024
0.025009 -0.0520021 2.23477
0.027435 -0.346267 2.33253
0.0176646 -0.646531 2.39674
0.0303231 -0.729779 2.3194
-0.0367139 0.470033 2.21996
-0.522991 -0.0781508 2.20797
-0.484337 -0.0472986 2.21464
0.476951 -0.0277079 2.34622
0.435458 -0.0146741 2.39567
-0.0504243 -0.0542158 2.26632
-0.0427468 0.248724 2.24332
-0.034734 0.541629 2.20761
-0.0257166 0.682829 2.18051
-0.192794 0.421233 2.18428
-0.312846 0.194065 2.19205
-0.431911 0.00985415 2.20502
-0.477257 -0.03169 2.18202
0.127904 0.428686 2.22299
0.249807 0.198131 2.28972
0.39596 0.0430681 2.33429
0.43636 0.00413861 2.32836
-0.123593 -0.0541426 2.22782
-0.123164 -0.339641 2.32062
-0.121537 -0.646917 2.38639
-0.13131 -0.73189 2.31997
0.0243218 -0.0526388 2.23358
0.0275059 -0.346573 2.33201
0.01757 -0.646724 2.39666
0.0303181 -0.729824 2.31936
-0.0367781 0.469827 2.21873
-0.519716 -0.0795498 2.2013
-0.481221 -0.0467373 2.21371
0.484249 -0.0314149 2.351
0.433601 -0.0129626 2.39335
-0.0503061 -0.0544275 2.26498
-0.0427567 0.248469 2.24222
-0.0348646 0.541281 2.20669
-0.0262812 0.68295 2.18049
-0.192884 0.421272 2.18359
-0.312842 0.193603 2.19123
-0.432668 0.00950918 2.20125
-0.476062 -0.0293976 2.18356
0.12786 0.42839 2.22273
0.24976 0.198973 2.28833
0.397194 0.0452541 2.33322
0.443596 0.0076187 2.3213
-0.123617 -0.0543063 2.22679
-0.123035 -0.339945 2.32038
-0.12149 -0.647041 2.38637
-0.131254 -0.731706 2.32021
0.0246296 -0.0528742 2.23189
0.0273994 -0.34672 2.33186
0.0179581 -0.646949 2.39654
0.0303483 -0.729825 2.31943
-0.03687 0.469509 2.21778
-0.518437 -0.0706157 2.19763
-0.498311 -0.0594047 2.20714
0.488039 -0.0249795 2.34088
0.441924 -0.00925714 2.38655
-0.0505237 -0.0545417 2.26405
-0.042852 0.248262 2.2417
-0.0349401 0.541004 2.20652
-0.0267795 0.682476 2.18044
-0.193102 0.421084 2.18354
-0.313729 0.192132 2.19017
-0.43532 0.00843479 2.19228
-0.459609 -0.0113427 2.18307
0.127892 0.428291 2.22264
0.250745 0.199391 2.28692
0.399272 0.0465084 2.33119
0.446106 0.0067028 2.31909
-0.123793 -0.0543711 2.22588
-0.123019 -0.340318 2.32017
-0.121452 -0.647044 2.38624
-0.131172 -0.731624 2.32042
0.0243682 -0.0530108 2.23099
0.0273089 -0.345551 2.33015
0.0178797 -0.646802 2.39627
0.0304512 -0.729881 2.3194
-0.0369444 0.469255 2.21753
-0.520832 -0.0701515 2.18929
-0.478998 -0.0276343 2.19391
0.488504 -0.0259619 2.33296
0.444938 -0.0102819 2.38829
-0.0505753 -0.0551046 2.26296
-0.0429536 0.247781 2.24131
-0.0351369 0.5404 2.20673
-0.0277639 0.682094 2.1812
-0.193159 0.420598 2.18331
-0.314303 0.190681 2.18929
-0.435984 0.00712924 2.19241
-0.458376 -0.0124062 2.18148
0.127699 0.427874 2.22229
0.250381 0.199551 2.28396
0.39943 0.0464792 2.32636
0.438812 0.00189007 2.31033
-0.123922 -0.0551971 2.22447
-0.123207 -0.340732 2.31981
-0.121358 -0.647105 2.38621
-0.131163 -0.731849 2.31972
0.0243711 -0.0533532 2.23018
0.0270231 -0.345484 2.32918
0.0178865 -0.646958 2.39625
0.0303855 -0.729825 2.31933
-0.0371046 0.468719 2.21756
-0.514836 -0.0681114 2.18306
-0.497103 -0.0586823 2.20683
0.481188 -0.0322736 2.32822
0.441308 -0.0155522 2.37397
-0.0509689 -0.0552723 2.26209
-0.043319 0.247529 2.24083
-0.0355215 0.540031 2.20662
-0.0283224 0.681962 2.18173
-0.19339 0.420397 2.18334
-0.314259 0.190541 2.18893
-0.435987 0.00708523 2.19284
-0.455922 -0.0135655 2.18154
0.127379 0.427469 2.22213
0.249227 0.198558 2.28256
0.396708 0.0439584 2.325
0.430258 -0.000586525 2.3083
-0.124302 -0.0554378 2.22374
-0.122912 -0.341685 2.31963
-0.121383 -0.647008 2.38607
-0.131289 -0.731929 2.31909
0.0239632 -0.0533918 2.22919
0.0266995 -0.346465 2.32839
0.0177327 -0.646997 2.39614
0.0303179 -0.729837 2.31931
-0.0374671 0.468385 2.21735
-0.515465 -0.075157 2.19003
-0.484497 -0.0408938 2.1998
0.474358 -0.0354116 2.32572
0.436661 -0.0222112 2.3845
-0.0499638 -0.0552003 2.26102
-0.0432194 0.247477 2.24039
-0.0359435 0.539876 2.20648
-0.0288016 0.681911 2.18224
-0.194012 0.420411 2.18364
-0.31417 0.191122 2.18916
-0.434617 0.00687422 2.1939
-0.456362 -0.0150917 2.18635
0.126822 0.427145 2.2223
0.247148 0.197219 2.28176
0.394644 0.0425603 2.32402
0.425877 -0.00139549 2.31187
-0.123189 -0.055409 2.22197
-0.121419 -0.345641 2.31304
-0.121286 -0.647511 2.38588
-0.131633 -0.732128 2.31895
0.0248767 -0.0532487 2.22863
0.0265188 -0.349272 2.32577
0.0178389 -0.647017 2.39594
0.0302078 -0.729957 2.32022
-0.0377182 0.468266 2.21714
-0.510147 -0.0751738 2.19014
-0.491678 -0.0627732 2.20933
0.466073 -0.0355073 2.33173
0.426236 -0.0166949 2.37467
-0.0482266 -0.0567331 2.2543
-0.0423878 0.245961 2.23766
-0.0354857 0.538063 2.2063
-0.0268977 0.680543 2.18215
-0.194079 0.41978 2.18298
-0.316179 0.190428 2.1894
-0.438293 0.00748398 2.1959
-0.463756 -0.00942736 2.18768
0.126553 0.423667 2.22281
0.244072 0.192915 2.28425
0.388841 0.0366361 2.32919
0.421635 -0.0119139 2.32401
-0.12181 -0.0558521 2.21199
-0.122539 -0.357259 2.25941
-0.122467 -0.65213 2.37837
-0.131625 -0.732132 2.31856
0.0267914 -0.0556003 2.22481
0.0254625 -0.361526 2.27892
0.0213463 -0.649602 2.39095
0.0319638 -0.730095 2.31979
-0.0372508 0.466636 2.21647
-0.520122 -0.0715538 2.18963
-0.497618 -0.0518111 2.2135
0.46646 -0.0520159 2.35774
0.402573 -0.0147477 2.35417
-0.069102 -0.068669 2.24685
-0.0417387 0.234734 2.23549
-0.0140849 0.518923 2.21022
-0.00804333 0.660126 2.18329
-0.181373 0.406477 2.18072
-0.314616 0.190723 2.18676
-0.451459 0.0183603 2.18952
-0.499073 -0.0116695 2.1764
0.141705 0.408602 2.23653
0.243332 0.183625 2.29303
0.379816 0.021073 2.34089
0.412942 -0.0330649 2.33271
-0.139834 -0.0616171 2.20672
-0.138843 -0.361166 2.23738
-0.126661 -0.656316 2.37427
-0.132727 -0.732841 2.31911
0.00357484 -0.0743923 2.21559
0.00412254 -0.380342 2.23772
0.0109709 -0.659086 2.37858
0.0314433 -0.730602 2.31646
-0.0223304 0.449707 2.21844
-0.549225 -0.0542679 2.19209
-0.503197 0.0107852 2.1626
0.462 -0.0839994 2.36954
0.42929 -0.0616989 2.3514
-0.0944867 -0.090525 2.25263
-0.0408523 0.211715 2.2339
0.0136666 0.496031 2.20143
0.0209764 0.636013 2.17722
-0.153251 0.386491 2.16623
-0.30715 0.183743 2.17933
-0.468368 0.0336982 2.17225
-0.489949 0.0267733 2.15161
0.162121 0.381018 2.24074
0.246094 0.172667 2.30157
0.364854 0.00228058 2.36376
0.390065 -0.0343375 2.35944
-0.162341 -0.077149 2.20976
-0.151886 -0.381369 2.24182
-0.131864 -0.667884 2.37644
-0.131253 -0.740307 2.31751
-0.023691 -0.101595 2.22483
-0.0423464 -0.407494 2.23318
-0.00280548 -0.664769 2.37443
0.0278605 -0.732178 2.3162
-0.000883573 0.426425 2.21204
-0.554399 -0.0209553 2.14882
-0.524451 0.0183961 2.14957
0.446131 -0.0976068 2.35375
0.367411 -0.0304117 2.3789
-0.0988977 -0.103841 2.27544
-0.0328853 0.195303 2.23414
0.0374848 0.475959 2.17697
0.051219 0.615345 2.1567
-0.129633 0.373113 2.14567
-0.311284 0.183623 2.16074
-0.478631 0.0405087 2.15117
-0.496774 0.0347446 2.13036
0.18008 0.351661 2.2331
0.261181 0.131266 2.32317
0.370108 -0.0390499 2.39864
0.407918 -0.088845 2.3924
-0.166748 -0.0909048 2.22953
-0.148995 -0.390856 2.25445
-0.132984 -0.673718 2.38114
-0.119724 -0.742597 2.31491
-0.0279804 -0.113483 2.25056
-0.0594074 -0.410762 2.24451
-0.0111048 -0.669679 2.37232
0.0191759 -0.737052 2.31568
0.0194793 0.407118 2.1948
-0.568659 -0.00684929 2.13575
-0.507437 0.0499358 2.12
0.462174 -0.145849 2.44574
0.438993 -0.132171 2.427
-0.0940798 -0.107818 2.3256
-0.0232155 0.183012 2.23726
0.0509639 0.454886 2.13961
0.0688956 0.594032 2.11612
-0.11144 0.356164 2.11308
-0.311548 0.174785 2.13363
-0.483403 0.0372062 2.12144
-0.495341 0.0281495 2.09819
0.187097 0.336576 2.20713
0.259335 0.122965 2.32736
0.347975 -0.0431614 2.42947
0.379856 -0.0853269 2.42882
-0.161903 -0.0951781 2.28329
-0.148147 -0.385079 2.2968
-0.132829 -0.669879 2.38288
-0.119087 -0.740533 2.32125
-0.0233471 -0.116672 2.29784
-0.036617 -0.41674 2.30296
-0.0118953 -0.671721 2.3812
0.0156104 -0.737868 2.31801
0.0326291 0.388361 2.16859
-0.561517 -0.0118337 2.09054
-0.512374 0.0341269 2.08888
0.415309 -0.124098 2.44379
0.389687 -0.0940096 2.425
-0.0830292 -0.0951184 2.35049
-0.0202951 0.183618 2.23745
0.048912 0.454626 2.11417
0.0646656 0.595347 2.08977
-0.108835 0.351489 2.09638
-0.294572 0.173926 2.11482
-0.456909 0.0249287 2.10088
-0.488614 -0.00260752 2.07865
0.186923 0.340696 2.17984
0.252464 0.139631 2.31661
0.336052 -0.00728573 2.4454
0.354702 -0.0254981 2.44349
-0.151509 -0.083313 2.30705
-0.152776 -0.374507 2.32723
-0.133675 -0.664665 2.38782
-0.126153 -0.734509 2.32148
-0.0120513 -0.104008 2.32299
-0.020658 -0.383289 2.3237
-0.000450642 -0.660691 2.39018
0.0220206 -0.730384 2.31865
0.0327341 0.388244 2.14949
-0.553704 -0.0348236 2.0784
-0.494577 0.0166116 2.06431
0.392949 -0.0879622 2.45982
0.321298 0.00151484 2.4476
-0.0612774 -0.0746574 2.35553
-0.0129934 0.201837 2.2334
0.0376097 0.473706 2.09872
0.0507094 0.615103 2.07372
-0.120128 0.367599 2.08257
-0.287797 0.174936 2.10487
-0.439686 0.0150736 2.09069
-0.464373 -0.0205549 2.07395
0.179039 0.362029 2.1608
0.250909 0.17244 2.30794
0.330728 0.0420029 2.45395
0.374302 -0.000421761 2.44862
-0.131774 -0.0657196 2.31389
-0.139443 -0.353209 2.34239
-0.127591 -0.65672 2.39252
-0.128308 -0.733536 2.32326
0.0111341 -0.081231 2.32606
0.0157921 -0.355142 2.35179
0.0115243 -0.656563 2.39959
0.0301008 -0.73016 2.32018
0.0257102 0.406887 2.13536
-0.524705 -0.0590397 2.07501
-0.452996 0.0173068 2.0581
0.404268 -0.0352162 2.45715
0.351828 0.00186878 2.43171
-0.0118329 -0.0533945 2.32454
-0.00689201 0.227965 2.22415
0.000574726 0.511046 2.10562
0.0180267 0.650507 2.07962
-0.151728 0.401747 2.08849
-0.298341 0.184598 2.09262
-0.437567 0.0133706 2.08078
-0.458559 -0.00937354 2.05965
0.156045 0.395126 2.15272
0.239849 0.198338 2.29568
0.354438 0.0723952 2.42293
0.372211 0.0634935 2.40187
-0.0854216 -0.0537529 2.28523
-0.093561 -0.345989 2.30964
-0.119361 -0.658623 2.38832
-0.128453 -0.731676 2.31617
0.0621968 -0.0513634 2.29259
0.0532186 -0.352099 2.34983
0.0304262 -0.650312 2.40568
0.0369674 -0.73044 2.33052
0.000868684 0.440933 2.13629
-0.523731 -0.062582 2.05858
-0.488017 -0.00886014 2.06077
0.422691 0.00845187 2.40965
0.341079 0.0701594 2.4129
0.0141583 -0.0613164 2.28947
-0.00714532 0.231123 2.22181
-0.0275997 0.522446 2.13467
-0.00797844 0.662532 2.10828
-0.181488 0.4103 2.12104
-0.317212 0.193271 2.09579
-0.452523 0.0198474 2.06612
-0.474207 0.00620153 2.03824
0.140663 0.405308 2.16571
0.243035 0.20046 2.28342
0.384764 0.0595823 2.3641
0.393645 0.0537328 2.35929
-0.0589789 -0.0659154 2.24702
-0.0606564 -0.362393 2.27539
-0.112914 -0.660851 2.38366
-0.127737 -0.731921 2.31502
0.0869921 -0.0552482 2.26041
0.0727194 -0.359783 2.32655
0.0411586 -0.649332 2.40289
0.0421035 -0.729682 2.32552
-0.0204311 0.45109 2.15583
-0.526509 -0.0462386 2.02002
-0.499878 0.00408329 2.02894
0.458668 0.0027698 2.37525
0.353451 0.0673592 2.38817
0.0174128 -0.0684944 2.25699
-0.00904607 0.231789 2.21977
-0.0400089 0.524699 2.16146
-0.0244999 0.661863 2.13696
-0.195231 0.409899 2.14916
-0.33113 0.199541 2.11496
-0.47092 0.0345012 2.06019
-0.51497 0.0105845 2.02907
0.132689 0.406933 2.17526
0.248204 0.196575 2.27175
0.389028 0.0527733 2.34929
0.435495 0.0128495 2.32492
-0.0567872 -0.0734141 2.21756
-0.0626067 -0.374856 2.24825
-0.110167 -0.660685 2.37624
-0.127413 -0.733821 2.31305
0.091111 -0.0614605 2.22528
0.0757813 -0.365275 2.30346
0.0430415 -0.65247 2.3993
0.0429294 -0.729594 2.32329
-0.0316905 0.452967 2.17517
-0.56637 -0.022438 2.0205
-0.547274 -0.0119458 2.0186
0.484343 -0.0209741 2.36939
0.429142 0.0185487 2.3205
0.00165874 -0.0704582 2.23202
-0.0146004 0.232206 2.21847
-0.0396739 0.525966 2.19035
-0.0297014 0.662756 2.16162
-0.196648 0.410181 2.17377
-0.334397 0.203648 2.13798
-0.479671 0.0465871 2.07333
-0.522899 0.0182916 2.04812
0.131672 0.407517 2.18854
0.250656 0.191336 2.26687
0.401798 0.0460064 2.32256
0.4416 0.00554454 2.30071
-0.0732676 -0.0733625 2.19349
-0.0852993 -0.368311 2.22734
-0.111819 -0.659724 2.37226
-0.127465 -0.732613 2.31113
0.0764965 -0.0653612 2.19931
0.0692138 -0.368359 2.27806
0.038485 -0.658184 2.39671
0.0411218 -0.730616 2.32707
-0.03443 0.454 2.1968
-0.567773 -0.0143838 2.04099
-0.53586 0.0200452 2.03682
0.492085 -0.0335749 2.34504
0.440178 -0.00751592 2.308
-0.0401192 -0.0688621 2.20845
-0.0292241 0.233064 2.21875
-0.0307397 0.524739 2.21513
-0.0250106 0.660471 2.18894
-0.192019 0.406404 2.18622
-0.33266 0.201983 2.14917
-0.482078 0.0460564 2.09359
-0.518569 0.00939837 2.07609
0.13735 0.410385 2.21374
0.256958 0.183571 2.26965
0.400046 0.0282571 2.32073
0.434034 -0.0254798 2.32854
-0.113221 -0.0663328 2.17144
-0.128739 -0.357843 2.21722
-0.120613 -0.65343 2.36492
-0.133181 -0.730371 2.31022
0.0340636 -0.0693906 2.17425
0.0440146 -0.364941 2.24573
0.0296772 -0.658151 2.38809
0.0401518 -0.731728 2.3253
-0.031603 0.45336 2.21612
-0.572261 -0.0216207 2.07173
-0.527355 0.0209951 2.0646
0.472975 -0.0643086 2.35993
0.426851 -0.0371908 2.38713
-0.0717475 -0.0766324 2.20852
-0.0415385 0.228389 2.22206
-0.0247249 0.52154 2.22226
-0.0246761 0.657608 2.20036
-0.189772 0.397739 2.18768
-0.331267 0.198631 2.14769
-0.482426 0.0430884 2.09702
-0.514777 0.00363096 2.07606
0.137727 0.407092 2.21953
0.252451 0.178587 2.27634
0.371097 0.00971426 2.34206
0.380446 -0.0142223 2.33396
-0.144028 -0.0695941 2.17393
-0.161116 -0.362213 2.22248
-0.130581 -0.654971 2.36333
-0.13637 -0.730625 2.30819
0.00264417 -0.081353 2.17202
0.0178691 -0.364715 2.22334
0.0218961 -0.658295 2.38263
0.0380685 -0.732195 2.32028
-0.0292695 0.450252 2.2228
-0.564297 -0.0332697 2.08196
-0.544605 -0.0108024 2.08367
0.435212 -0.078904 2.37097
0.339992 0.00920352 2.3595
-0.0922572 -0.0824817 2.21701
-0.0492979 0.223871 2.2229
-0.0181702 0.517117 2.21771
-0.0206306 0.652925 2.19656
-0.18933 0.393621 2.18145
-0.332234 0.1951 2.14375
-0.485721 0.0410961 2.09639
-0.524042 0.010681 2.07186
0.138191 0.399906 2.21975
0.240996 0.172745 2.27976
0.348916 0.000723633 2.35387
0.355478 -0.0269185 2.3435
-0.163674 -0.0741282 2.18186
-0.171151 -0.362915 2.23935
-0.135455 -0.658615 2.36899
-0.138598 -0.732294 2.30914
-0.0179688 -0.0883442 2.18134
0.00339196 -0.375873 2.21546
0.0138141 -0.660946 2.37906
0.0363727 -0.732376 2.3167
-0.0268784 0.446479 2.22118
-0.573503 -0.0218295 2.07452
-0.553382 0.000999201 2.06638
0.404707 -0.0911169 2.35119
0.32514 -0.0083186 2.35514
-0.108235 -0.0837079 2.25123
-0.0562237 0.220861 2.22338
-0.0070776 0.509086 2.17579
-0.00181552 0.646294 2.15438
-0.17477 0.39377 2.14816
-0.335972 0.194785 2.13967
-0.498535 0.048193 2.10383
-0.545189 0.0184758 2.09546
0.142309 0.391948 2.20733
0.225251 0.169915 2.27717
0.32106 -0.00492632 2.35967
0.326873 -0.0349936 2.35527
-0.179049 -0.0742751 2.21359
-0.178814 -0.366387 2.2911
-0.140749 -0.662769 2.38726
-0.139991 -0.732412 2.31261
-0.0339774 -0.0905506 2.21795
-0.0205092 -0.377812 2.23262
0.00854187 -0.663158 2.37832
0.0326343 -0.732403 2.31408
-0.0204973 0.43857 2.19287
-0.59423 -0.0122791 2.09964
-0.556655 -0.000675061 2.06535
0.362119 -0.0959325 2.35282
0.313132 -0.0428238 2.35607
-0.108042 -0.0830628 2.28854
-0.0549886 0.216768 2.22253
-6.56916e-006 0.496682 2.14172
0.00641681 0.635661 2.11086
-0.16652 0.388209 2.12441
-0.333103 0.1953 2.13757
-0.496807 0.0486937 2.11143
-0.538914 0.00772572 2.10757
0.146588 0.381101 2.1846
0.222724 0.166059 2.27929
0.306051 -0.00235608 2.38268
0.320937 -0.0262327 2.38478
-0.178877 -0.0733688 2.24885
-0.182942 -0.374858 2.33055
-0.140503 -0.662411 2.38893
-0.140155 -0.732728 2.31678
-0.0338598 -0.0901804 2.25728
-0.0326701 -0.372548 2.26584
0.00498206 -0.665593 2.38161
0.022415 -0.734948 2.3191
-0.0138485 0.427824 2.16631
-0.591342 -0.0253892 2.113
-0.552872 -0.0151568 2.0786
0.364428 -0.0954322 2.39358
0.289638 -0.0037646 2.388
-0.10087 -0.0842482 2.32654
-0.0512641 0.205692 2.22203
0.00103454 0.473338 2.10147
0.00670975 0.612836 2.07096
-0.161887 0.367248 2.09655
-0.326066 0.185332 2.12803
-0.479975 0.0278141 2.12315
-0.515744 -0.00910232 2.12062
0.146382 0.36724 2.15729
0.223996 0.163332 2.28758
0.307113 0.0170953 2.41758
0.32989 -0.00636319 2.42172
-0.171404 -0.0749689 2.28762
-0.178615 -0.368452 2.34144
-0.139572 -0.661706 2.39147
-0.131661 -0.730823 2.31956
-0.0272546 -0.0909482 2.29451
-0.0290459 -0.369219 2.30331
0.00234377 -0.663835 2.38667
0.0220043 -0.732663 2.31957
-0.0115512 0.407621 2.13604
-0.579775 -0.0581037 2.12607
-0.502736 -0.0352444 2.08009
0.36814 -0.0685881 2.42858
0.315626 -0.019708 2.41413
-0.0878756 -0.0872816 2.35948
-0.0479348 0.189852 2.22397
-0.00569994 0.447794 2.07678
0.000779901 0.58616 2.04316
-0.163995 0.34493 2.07866
-0.32748 0.146781 2.12212
-0.480643 -0.0100543 2.13052
-0.507394 -0.0476262 2.12785
0.139763 0.349318 2.13646
0.226646 0.161453 2.29666
0.31511 0.0360851 2.44206
0.339986 0.0155499 2.44795
-0.1598 -0.0786153 2.32002
-0.165894 -0.35846 2.34104
-0.136284 -0.661364 2.39286
-0.133137 -0.730726 2.31874
-0.0132584 -0.0932232 2.32813
-0.00879458 -0.363788 2.33564
0.00508384 -0.659646 2.3932
0.024581 -0.731795 2.3188
-0.0155419 0.384838 2.11742
-0.568909 -0.0952989 2.13078
-0.542934 -0.042816 2.13967
0.379204 -0.0308402 2.46821
0.314095 0.0219632 2.44786
-0.0499734 -0.0817855 2.37439
-0.0389331 0.183138 2.22506
-0.0142258 0.437654 2.06605
-0.00872208 0.579451 2.03395
-0.168736 0.336394 2.06667
-0.322545 0.126978 2.11237
-0.466143 -0.0374296 2.12927
-0.490621 -0.0824474 2.12193
0.132274 0.349579 2.1305
0.2162 0.165014 2.30404
0.320479 0.0448648 2.44369
0.344909 0.0168175 2.45171
-0.122611 -0.079271 2.33416
-0.109428 -0.359262 2.32385
-0.12268 -0.660997 2.38898
-0.131838 -0.731117 2.31921
0.0244006 -0.0817206 2.34368
0.0248961 -0.363696 2.37228
0.0136155 -0.654778 2.40232
0.0299757 -0.729217 2.32356
-0.0192842 0.375771 2.1093
-0.550048 -0.137138 2.13326
-0.528634 -0.0803977 2.13556
0.374781 -0.0221972 2.47084
0.370418 0.0133502 2.45429
-0.0220542 -0.0756601 2.35809
-0.0313901 0.190978 2.22192
-0.0312109 0.454984 2.07096
-0.0218794 0.597167 2.0453
-0.175801 0.34458 2.06318
-0.319124 0.13133 2.09701
-0.454968 -0.039616 2.11449
-0.482475 -0.082849 2.09515
0.122021 0.360434 2.13521
0.200631 0.177574 2.29906
0.311175 0.059836 2.43624
0.335115 0.0263304 2.44074
-0.0940871 -0.0783767 2.3169
-0.0803639 -0.360764 2.31223
-0.115141 -0.660753 2.38526
-0.118438 -0.733662 2.32215
0.0511882 -0.0706673 2.32769
0.0486703 -0.365874 2.38708
0.0235629 -0.651756 2.40788
0.035649 -0.729299 2.32339
-0.0291755 0.389258 2.11066
-0.535046 -0.133299 2.09322
-0.522536 -0.0855096 2.11045
0.372621 -0.0173159 2.46184
0.370082 0.00286365 2.45229
-0.00432624 -0.0686629 2.32537
-0.0276399 0.209131 2.21658
-0.0479104 0.488583 2.09219
-0.033028 0.630834 2.07239
-0.187801 0.373152 2.07578
-0.321149 0.150822 2.08414
-0.449184 -0.0286501 2.07899
-0.477705 -0.0640958 2.05471
0.112235 0.380991 2.14562
0.200131 0.193506 2.28974
0.307054 0.0691427 2.42438
0.347341 0.0234566 2.42393
-0.077419 -0.0743091 2.28243
-0.0656295 -0.36496 2.29402
-0.110211 -0.661203 2.38101
-0.11294 -0.735667 2.31616
0.0690972 -0.0605383 2.29688
0.0623566 -0.36374 2.38292
0.0305215 -0.652626 2.41071
0.040648 -0.729806 2.3227
-0.0418284 0.419499 2.12424
-0.534503 -0.116877 2.05855
-0.521213 -0.0710476 2.072
0.376314 -0.0170914 2.42783
0.365979 0.022579 2.41257
0.0021322 -0.0651409 2.28964
-0.0269568 0.224296 2.21381
-0.054595 0.517059 2.12563
-0.0390072 0.657038 2.10176
-0.199444 0.400359 2.10063
-0.325269 0.172314 2.08269
-0.449779 -0.00907094 2.05351
-0.485348 -0.0498936 2.02134
0.109992 0.406701 2.16673
0.20573 0.203775 2.28599
0.318575 0.0713041 2.40885
0.345442 0.0544204 2.38704
-0.0717397 -0.0703466 2.24469
-0.0570383 -0.371051 2.27537
-0.106812 -0.661535 2.37852
-0.112612 -0.735368 2.31716
0.0759084 -0.0578528 2.26353
0.0695418 -0.363285 2.3557
0.0366045 -0.649828 2.40855
0.0355136 -0.729547 2.32683
-0.0473635 0.445188 2.14794
-0.528086 -0.088924 2.01635
-0.519684 -0.0539789 2.03643
0.394082 0.00116977 2.39019
0.314673 0.0667787 2.39947
-0.00376676 -0.0651876 2.24054
-0.0288447 0.233102 2.21208
-0.0578091 0.529504 2.17043
-0.0419926 0.667363 2.13906
-0.202622 0.411267 2.13428
-0.329871 0.188897 2.09532
-0.454011 0.0125503 2.03689
-0.490701 -0.0190289 1.99853
0.110463 0.416906 2.19537
0.2193 0.198277 2.2906
0.351327 0.053761 2.37977
0.367093 0.0389106 2.35156
-0.0776586 -0.0692502 2.1949
-0.0749381 -0.366729 2.23888
-0.108268 -0.661027 2.37517
-0.119659 -0.732383 2.313
0.0702114 -0.0590331 2.21505
0.0655118 -0.368877 2.31564
0.0393461 -0.651023 2.40345
0.0385231 -0.731223 2.33095
-0.051042 0.457311 2.18019
-0.530545 -0.0557967 1.98869
-0.515969 -0.0259982 2.001
0.422578 -0.0187638 2.36012
0.368408 0.0583988 2.32022
-0.0144266 -0.0709413 2.21891
-0.0323212 0.232195 2.21419
-0.0566718 0.524751 2.20377
-0.0414865 0.66002 2.16761
-0.204662 0.406624 2.15564
-0.333187 0.192015 2.10878
-0.459553 0.0222006 2.03518
-0.499246 -0.00635544 1.99801
0.112001 0.412935 2.22131
0.222799 0.189454 2.29404
0.360049 0.0338947 2.35675
0.373412 0.0184419 2.33948
-0.087615 -0.0727789 2.17584
-0.0960824 -0.364169 2.22633
-0.111299 -0.656775 2.36957
-0.123939 -0.73129 2.30841
0.0591961 -0.0669273 2.19082
0.0547619 -0.371244 2.2757
0.0318804 -0.653261 2.39545
0.0384022 -0.730932 2.32907
-0.0516625 0.453177 2.20689
-0.542792 -0.0401404 1.98752
-0.53008 -0.0288524 1.9895
0.443342 -0.0476452 2.37976
0.392285 -0.00628609 2.30608
-0.0424154 -0.0759484 2.20482
-0.0417499 0.227645 2.21753
-0.0507057 0.518379 2.21872
-0.0371375 0.651755 2.18624
-0.202915 0.402312 2.17106
-0.336328 0.192324 2.11775
-0.470468 0.0284174 2.04495
-0.511406 -0.00292207 2.0166
0.114528 0.407337 2.24021
0.231065 0.174282 2.30192
0.369694 0.017966 2.36013
0.373599 0.0044232 2.34321
-0.114025 -0.0763077 2.16462
-0.120882 -0.367158 2.2264
-0.118744 -0.653828 2.36724
-0.13006 -0.731181 2.3104
0.0304062 -0.0732532 2.17371
0.0380864 -0.371313 2.24601
0.0257962 -0.655808 2.38773
0.0378124 -0.731099 2.32538
-0.0493999 0.447434 2.21927
-0.553953 -0.0349101 1.99868
-0.54241 -0.00774572 2.01933
0.438657 -0.0600671 2.37777
0.393337 -0.0195846 2.30862
-0.0821132 -0.088148 2.20384
-0.0557081 0.21655 2.22301
-0.0404701 0.507632 2.23028
-0.0279979 0.639377 2.1954
-0.201526 0.391804 2.17881
-0.344263 0.19073 2.1215
-0.494302 0.0352528 2.06685
-0.539183 0.00439148 2.05038
0.12042 0.395511 2.24926
0.230106 0.176463 2.30794
0.360103 0.0190212 2.37894
0.39454 -0.0288022 2.38759
-0.152383 -0.0833393 2.16509
-0.150855 -0.370107 2.23136
-0.130711 -0.653962 2.36641
-0.135617 -0.733235 2.31387
-0.00929089 -0.0902573 2.17155
0.00837325 -0.37827 2.21172
0.0140514 -0.660415 2.37923
0.0354768 -0.732253 2.31884
-0.0448576 0.437137 2.22974
-0.579862 -0.0252937 2.02949
-0.563528 0.0164569 2.06007
0.450801 -0.0868357 2.44856
0.418111 -0.0529141 2.35691
-0.0985815 -0.0903203 2.21232
-0.059065 0.213198 2.2241
-0.0288381 0.501656 2.22523
-0.0145321 0.635032 2.18787
-0.196107 0.390986 2.17936
-0.348994 0.194773 2.1317
-0.505248 0.0444681 2.08142
-0.553947 0.0174227 2.07349
0.126044 0.387187 2.24632
0.228855 0.176098 2.30933
0.345287 0.0181321 2.39759
0.376067 -0.0321551 2.40105
-0.169597 -0.0830098 2.1751
-0.163978 -0.367787 2.2436
-0.133603 -0.660267 2.37047
-0.138734 -0.735542 2.31306
-0.02459 -0.0946543 2.17873
-0.0109158 -0.384024 2.20703
0.00748645 -0.664715 2.37743
0.0323624 -0.733812 2.31606
-0.0383044 0.431763 2.22758
-0.591907 -0.0112729 2.06334
-0.575307 0.0312466 2.08323
0.440276 -0.0984729 2.47178
0.398422 -0.0553699 2.37136
-0.105737 -0.0867023 2.23242
-0.0588299 0.213002 2.22415
-0.0109692 0.500785 2.20326
0.0061571 0.63553 2.16289
-0.182452 0.396847 2.17026
-0.345975 0.203609 2.14346
-0.509353 0.056992 2.11462
-0.558276 0.0273642 2.11144
0.131846 0.388686 2.2382
0.224013 0.176635 2.30735
0.327403 0.013519 2.40164
0.358785 -0.0397827 2.4016
-0.176302 -0.0784681 2.19386
-0.176478 -0.367103 2.27208
-0.137786 -0.665073 2.38339
-0.139585 -0.735558 2.31373
-0.0318743 -0.0921976 2.20008
-0.0180331 -0.383882 2.21304
0.0046612 -0.666566 2.37639
0.0306231 -0.734137 2.31563
-0.0241882 0.430384 2.21241
-0.600676 -0.00280375 2.10433
-0.576085 0.0478391 2.12123
0.415418 -0.1083 2.46404
0.378607 -0.0660071 2.37259
-0.104703 -0.0829781 2.26645
-0.0542431 0.212674 2.22435
0.00565559 0.497635 2.16918
0.0223048 0.634707 2.12631
-0.16474 0.397335 2.1485
-0.343613 0.206742 2.14626
-0.507632 0.0599103 2.13863
-0.555078 0.0273397 2.14479
0.149691 0.382371 2.21499
0.221976 0.176627 2.30462
0.320306 0.0152819 2.40612
0.341462 -0.0166968 2.40727
-0.175605 -0.0736985 2.22521
-0.177287 -0.371329 2.31867
-0.139389 -0.663463 2.38783
-0.139293 -0.734307 2.31422
-0.0305286 -0.0897185 2.23676
-0.023161 -0.378015 2.23119
0.00317612 -0.666628 2.37656
0.0286192 -0.734707 2.31674
-0.00917727 0.42795 2.18749
-0.597872 -0.00531038 2.1444
-0.568883 0.0554046 2.1556
0.380368 -0.0763456 2.41192
0.34591 -0.0111796 2.37127
-0.0926862 -0.0799595 2.31295
-0.0417526 0.208688 2.2251
0.0196644 0.48306 2.12213
0.0333978 0.619597 2.07527
-0.147773 0.38304 2.11603
-0.322389 0.199759 2.14654
-0.483245 0.0505433 2.154
-0.510102 0.0141645 2.15279
0.160506 0.374757 2.18992
0.231836 0.175811 2.30781
0.322667 0.0323193 2.43583
0.36373 -0.00877193 2.44532
-0.162897 -0.0719301 2.27195
-0.173123 -0.370279 2.35478
-0.138122 -0.659476 2.39323
-0.137935 -0.731632 2.31923
-0.0196251 -0.0855439 2.283
-0.0237699 -0.365968 2.28149
0.0016459 -0.666565 2.38032
0.0264862 -0.734334 2.31732
0.0052086 0.416079 2.15249
-0.572126 -0.0298234 2.15538
-0.551814 0.0214591 2.1695
0.398166 -0.050965 2.46082
0.382774 -0.0114935 2.43571
-0.0772576 -0.0777841 2.34487
-0.0315841 0.202195 2.22591
0.0228901 0.467241 2.09428
0.0357077 0.605227 2.04669
-0.140398 0.367865 2.09237
-0.308208 0.178213 2.13847
-0.46114 0.0229319 2.15867
-0.490759 -0.0155533 2.15506
0.165765 0.365271 2.15475
0.242101 0.176922 2.30929
0.329668 0.0503306 2.45424
0.377343 0.0131874 2.46586
-0.148367 -0.0709945 2.30471
-0.158864 -0.361635 2.36941
-0.13593 -0.656263 2.39571
-0.135658 -0.732157 2.3239
-0.00380024 -0.082183 2.31408
-0.0067091 -0.365304 2.3145
0.00784857 -0.663451 2.38871
0.0288074 -0.732746 2.316
0.0102267 0.402675 2.13141
-0.548129 -0.0637279 2.15858
-0.525558 -0.0022172 2.16453
0.416151 -0.0288526 2.48814
0.400379 -0.0206289 2.45375
-0.0513519 -0.0725014 2.36823
-0.0223118 0.195906 2.22536
0.0169906 0.451042 2.07067
0.031097 0.588219 2.02744
-0.141102 0.356806 2.07694
-0.305423 0.151601 2.12816
-0.453731 -0.00689771 2.1535
-0.479887 -0.0448355 2.14811
0.16377 0.357053 2.1338
0.244607 0.177444 2.30756
0.339284 0.0630141 2.4574
0.381737 0.0279697 2.46799
-0.12409 -0.0677215 2.32938
-0.12992 -0.356793 2.36061
-0.126593 -0.653912 2.39423
-0.134312 -0.731638 2.32506
0.023036 -0.0749677 2.33622
0.0219462 -0.357071 2.33834
0.0152402 -0.655545 2.39705
0.0325234 -0.731442 2.31799
0.00856875 0.389157 2.11333
-0.540782 -0.0971211 2.14858
-0.525397 -0.0391908 2.16021
0.415003 -0.00388572 2.48131
0.36538 0.020148 2.45914
-0.0198699 -0.0699827 2.37159
-0.0148723 0.191423 2.22403
-0.000933471 0.441686 2.06235
0.00877331 0.579381 2.0202
-0.156763 0.350507 2.07065
-0.306215 0.136711 2.11857
-0.448502 -0.027976 2.14056
-0.47974 -0.0743522 2.12902
0.150569 0.355856 2.1218
0.228232 0.183367 2.29575
0.334379 0.0771374 2.44401
0.373716 0.0369302 2.45744
-0.0928847 -0.0709786 2.33129
-0.0924455 -0.356779 2.33751
-0.114042 -0.663372 2.39297
-0.130502 -0.732362 2.31742
0.0542117 -0.066918 2.34077
0.0524609 -0.358697 2.34538
0.0286033 -0.653989 2.40423
0.0350068 -0.731495 2.32758
-0.00190069 0.380748 2.10572
-0.530068 -0.13158 2.12636
-0.517958 -0.0671792 2.13653
0.407797 0.00515492 2.47848
0.362565 0.026262 2.4466
0.00124297 -0.0718473 2.34609
-0.014282 0.193995 2.22109
-0.0285826 0.458689 2.07832
-0.0196275 0.595905 2.03378
-0.178349 0.359362 2.08391
-0.310069 0.138033 2.11659
-0.447417 -0.0323863 2.13014
-0.478865 -0.0760667 2.11086
0.131861 0.368061 2.12569
0.22302 0.191214 2.2871
0.335228 0.0833559 2.43017
0.365863 0.0608364 2.42738
-0.0735185 -0.0766604 2.30707
-0.0733263 -0.361393 2.31209
-0.109969 -0.661599 2.38731
-0.128753 -0.732661 2.31499
0.076043 -0.0648898 2.31383
0.0672909 -0.360198 2.32755
0.0347314 -0.657369 2.40305
0.036872 -0.733159 2.3283
-0.0226065 0.393268 2.11434
-0.530294 -0.131433 2.09994
-0.51241 -0.066262 2.12112
0.413121 0.0191525 2.44723
0.336617 0.0654648 2.42155
0.00894686 -0.0776616 2.30323
-0.0176634 0.202693 2.21465
-0.0462543 0.483773 2.10532
-0.0408194 0.625359 2.06866
-0.19517 0.373822 2.10947
-0.318772 0.148643 2.12029
-0.446922 -0.0303563 2.12107
-0.480021 -0.066224 2.09864
0.121154 0.3877 2.14396
0.23 0.196734 2.2859
0.353493 0.0808572 2.41409
0.384852 0.0652877 2.39633
-0.0663864 -0.0841889 2.26366
-0.0711446 -0.38717 2.28254
-0.108895 -0.662566 2.38275
-0.128032 -0.733347 2.31604
0.0839845 -0.0687655 2.27173
0.074914 -0.365143 2.31084
0.0364046 -0.658175 2.40234
0.0381209 -0.734368 2.33186
-0.0383099 0.414278 2.1323
-0.530807 -0.120523 2.08985
-0.512679 -0.0630238 2.10545
0.435371 0.0225534 2.40718
0.367982 0.0541357 2.38914
0.00780764 -0.0762361 2.26365
-0.0219976 0.214242 2.21026
-0.0551861 0.506966 2.1408
-0.0510333 0.646226 2.10128
-0.202935 0.388226 2.13245
-0.325703 0.162853 2.1316
-0.449984 -0.0192751 2.11273
-0.485407 -0.0460882 2.08663
0.117315 0.401913 2.16146
0.236024 0.200762 2.28637
0.375737 0.0699617 2.3831
0.405411 0.055072 2.36418
-0.0675403 -0.0820091 2.22517
-0.0701674 -0.380673 2.24798
-0.109119 -0.662974 2.37666
-0.126923 -0.733043 2.31045
0.0829188 -0.0681024 2.23105
0.0770245 -0.365752 2.2897
0.0389768 -0.660209 2.39973
0.0389639 -0.733753 2.33257
-0.0469638 0.434999 2.1576
-0.536946 -0.0929767 2.07111
-0.512533 -0.0416576 2.08963
0.470149 0.00942637 2.41775
0.370131 0.0610533 2.36733
-0.0111666 -0.073035 2.21884
-0.0287775 0.22349 2.20575
-0.053567 0.517747 2.17483
-0.0513309 0.657651 2.14142
-0.204866 0.397183 2.15599
-0.327765 0.172265 2.14267
-0.457578 -0.00442466 2.10691
-0.502539 -0.0415017 2.07703
0.121079 0.414378 2.19159
0.243741 0.196984 2.28869
0.389438 0.0595159 2.36815
0.392731 0.0529145 2.34696
-0.0864137 -0.0753007 2.18245
-0.0956109 -0.369998 2.22676
-0.110413 -0.66054 2.37216
-0.127632 -0.731453 2.30879
0.0644034 -0.0684031 2.18409
0.0634438 -0.367879 2.2651
0.0338271 -0.659527 2.39433
0.0385549 -0.732925 2.32872
-0.0483395 0.445701 2.18182
-0.543567 -0.0781438 2.06755
-0.53778 -0.0462594 2.08622
0.472575 -0.0168531 2.39674
0.357162 0.0630182 2.37286
-0.0340182 -0.0744811 2.19819
-0.0334751 0.225358 2.20518
-0.0437905 0.518642 2.19569
-0.0441636 0.657022 2.16624
-0.200428 0.39594 2.16599
-0.327098 0.173909 2.14454
-0.464274 0.00389136 2.103
-0.507023 -0.030266 2.07223
0.12641 0.410764 2.2096
0.248711 0.188281 2.29507
0.39046 0.0420621 2.36702
0.393288 0.0301015 2.35016
-0.107444 -0.0744946 2.16252
-0.111901 -0.365663 2.22159
-0.117054 -0.653721 2.36702
-0.130229 -0.730656 2.309
0.0404117 -0.0721561 2.16264
0.048949 -0.36737 2.23598
0.0285039 -0.658735 2.38668
0.0382639 -0.732458 2.32531
-0.0430495 0.447016 2.19775
-0.546793 -0.0660695 2.05794
-0.540622 -0.0305593 2.0856
0.461487 -0.0341623 2.38442
0.357477 0.0409686 2.37356
-0.0536963 -0.078979 2.19049
-0.0371698 0.223235 2.20594
-0.0295258 0.512347 2.20952
-0.0280357 0.649142 2.18052
-0.190869 0.390209 2.17079
-0.32661 0.175649 2.14454
-0.471605 0.0130493 2.09951
-0.516865 -0.011962 2.06753
0.133289 0.402352 2.22302
0.249983 0.18224 2.29829
0.37941 0.0257669 2.37188
0.411182 -0.0280376 2.37483
-0.125857 -0.0746831 2.15476
-0.1407 -0.367541 2.20431
-0.126904 -0.653281 2.36243
-0.133645 -0.731555 2.31237
0.01986 -0.0811725 2.15502
0.0290039 -0.366791 2.21885
0.0232036 -0.658695 2.38187
0.036263 -0.732908 2.31952
-0.033492 0.441647 2.20926
-0.555465 -0.041567 2.0577
-0.542212 -0.00778722 2.0786
0.464973 -0.0849887 2.42525
0.379317 -0.0203933 2.426
-0.083766 -0.0902191 2.19831
-0.0401402 0.213927 2.20783
-5.30132e-005 0.49876 2.2059
0.00499066 0.635384 2.17915
-0.173598 0.386654 2.1671
-0.33323 0.18683 2.14178
-0.495985 0.0408831 2.10367
-0.515963 0.0425232 2.09415
0.146011 0.387728 2.2287
0.243184 0.173348 2.29181
0.349411 0.00851464 2.38049
0.360729 -0.0277377 2.37064
-0.154146 -0.0796589 2.15962
-0.166166 -0.368335 2.19579
-0.132717 -0.657249 2.35734
-0.137632 -0.732169 2.30955
-0.0107722 -0.0982275 2.16613
0.00615696 -0.383861 2.20554
0.0138489 -0.662859 2.37703
0.0344475 -0.733358 2.31696
-0.0121949 0.428897 2.20887
-0.573481 -0.00327115 2.09294
-0.534504 0.0515179 2.09567
0.404901 -0.0960162 2.40946
0.330105 -0.0137396 2.3945
-0.0945696 -0.0977996 2.2167
-0.0384191 0.20545 2.20923
0.0184609 0.489241 2.19058
0.0277599 0.623219 2.15853
-0.155646 0.389817 2.1545
-0.33845 0.211327 2.13772
-0.51132 0.0751198 2.12903
-0.563838 0.0535098 2.12366
0.158842 0.370988 2.22408
0.241716 0.151378 2.28759
0.340165 -0.0164918 2.37902
0.346509 -0.0436545 2.36464
-0.163581 -0.0848778 2.17445
-0.171425 -0.380092 2.21695
-0.13476 -0.664925 2.36265
-0.13982 -0.73796 2.30683
-0.0226144 -0.107736 2.18838
-0.0166625 -0.394236 2.21189
0.00786454 -0.666957 2.37705
0.0318055 -0.734939 2.31566
0.0030711 0.41937 2.19862
-0.608222 0.0285834 2.12874
-0.585265 0.0677247 2.14714
0.385309 -0.109422 2.35352
0.327456 -0.0420054 2.3714
-0.0981697 -0.0963526 2.2443
-0.0356401 0.203242 2.21008
0.0320761 0.487984 2.16581
0.0418801 0.623395 2.13285
-0.143974 0.39218 2.13584
-0.34268 0.217267 2.13726
-0.516082 0.0823132 2.13776
-0.53238 0.0823981 2.13439
0.169106 0.362125 2.20936
0.242745 0.142614 2.28771
0.329607 -0.0286429 2.38387
0.354279 -0.084664 2.37607
-0.167556 -0.0830287 2.2008
-0.170469 -0.374723 2.25847
-0.137194 -0.665197 2.37384
-0.138587 -0.737863 2.31581
-0.0256897 -0.106711 2.217
-0.0283709 -0.387699 2.23013
0.00453186 -0.667774 2.37703
0.0281893 -0.735604 2.31497
0.0148637 0.41776 2.18151
-0.595876 0.0455258 2.13851
-0.537697 0.108316 2.13943
0.390588 -0.147078 2.4476
0.385442 -0.14756 2.4445
-0.0934801 -0.0856299 2.27362
-0.0317625 0.204874 2.20973
0.0378838 0.48936 2.13096
0.0483934 0.624786 2.09467
-0.134928 0.394056 2.10975
-0.339285 0.221156 2.1321
-0.511584 0.085627 2.13996
-0.527525 0.072677 2.13289
0.175048 0.366654 2.18072
0.238299 0.152488 2.27861
0.316839 -0.0136681 2.38821
0.329522 -0.0272293 2.38323
-0.16353 -0.0744566 2.23099
-0.174134 -0.367788 2.31716
-0.137907 -0.660209 2.38204
-0.138692 -0.734743 2.32289
-0.0205166 -0.0940127 2.2454
-0.0248747 -0.373351 2.25891
0.00385518 -0.667322 2.37965
0.0244251 -0.736007 2.31747
0.0212509 0.419938 2.15539
-0.589275 0.03328 2.14499
-0.554573 0.0842969 2.14382
0.367674 -0.097818 2.37249
0.30579 -0.0141072 2.39
-0.0797278 -0.0756561 2.32078
-0.0264114 0.204085 2.20883
0.0353882 0.470404 2.07855
0.0456832 0.609898 2.04187
-0.130795 0.374565 2.07372
-0.326164 0.207398 2.10662
-0.492345 0.0678681 2.13186
-0.526755 0.0355301 2.12401
0.178145 0.363065 2.15085
0.242748 0.156633 2.27618
0.323382 0.0122396 2.40931
0.347213 -0.00735381 2.40473
-0.149901 -0.0659748 2.27867
-0.162875 -0.362463 2.34826
-0.137051 -0.656516 2.39335
-0.13592 -0.733178 2.32428
-0.00719996 -0.0829459 2.29198
-0.00765329 -0.361308 2.30764
0.0085763 -0.664712 2.38847
0.0270619 -0.732271 2.3184
0.0215839 0.40581 2.11571
-0.588805 -0.00769716 2.13139
-0.562744 0.0476649 2.13817
0.388461 -0.0742336 2.41448
0.324062 0.000618 2.4085
-0.0568949 -0.0714846 2.34926
-0.0189863 0.196747 2.20786
0.0274199 0.449216 2.05302
0.0351538 0.587467 2.01101
-0.134417 0.360746 2.05641
-0.321299 0.179716 2.09329
-0.487007 0.0399531 2.11934
-0.518042 0.00442746 2.10923
0.169651 0.352213 2.11581
0.24735 0.158303 2.27509
0.333784 0.031995 2.42081
0.361938 0.0178154 2.40887
-0.12869 -0.0637129 2.3094
-0.150433 -0.346988 2.34893
-0.130809 -0.654193 2.39526
-0.134142 -0.731801 2.32335
0.0166114 -0.0770137 2.31823
0.0187169 -0.353072 2.33532
0.0192543 -0.656862 2.39829
0.0332023 -0.731944 2.31935
0.0175115 0.387999 2.09569
-0.582542 -0.0403568 2.10985
-0.563235 0.00914759 2.12431
0.406515 -0.0435421 2.42261
0.341047 0.0205794 2.4033
-0.0317322 -0.0660771 2.35844
-0.0142665 0.193561 2.20637
0.0127822 0.44024 2.04042
0.0193672 0.577968 1.99634
-0.144715 0.35195 2.04918
-0.318779 0.16161 2.08605
-0.473469 0.00811208 2.10578
-0.509637 -0.0355238 2.0963
0.160031 0.35361 2.10034
0.249295 0.161847 2.2712
0.359544 0.0440571 2.40828
0.384416 0.0163996 2.40065
-0.105437 -0.0623819 2.31856
-0.120769 -0.348707 2.33237
-0.123436 -0.654133 2.39056
-0.133075 -0.733408 2.31747
0.0431565 -0.0675069 2.3274
0.0444305 -0.350582 2.34389
0.0265821 -0.654132 2.40682
0.037098 -0.731102 2.32618
0.00820838 0.380279 2.08535
-0.567791 -0.0828796 2.09934
-0.555403 -0.0338358 2.1117
0.412935 -0.019179 2.41647
0.373011 0.00490985 2.38533
0.00252016 -0.0758038 2.33767
-0.00951767 0.190697 2.20187
-0.00997259 0.444052 2.04449
-0.00719369 0.582041 1.99922
-0.165645 0.34865 2.05701
-0.317253 0.144087 2.08523
-0.459599 -0.0222028 2.0984
-0.500233 -0.0785124 2.0866
0.153306 0.355476 2.09838
0.240827 0.172969 2.25338
0.364075 0.0562464 2.38094
0.391707 0.0314217 2.36678
-0.0723054 -0.0777564 2.299
-0.0692945 -0.358991 2.29297
-0.112673 -0.66042 2.38541
-0.129278 -0.732957 2.31716
0.0774198 -0.0715047 2.30517
0.0707135 -0.360332 2.33123
0.0367893 -0.652797 2.40403
0.0371516 -0.731186 2.33039
-0.00652358 0.38112 2.0851
-0.550005 -0.125362 2.08303
-0.536621 -0.0730515 2.10208
0.449912 0.00947056 2.42677
0.423174 -0.0125571 2.34515
0.016902 -0.0883996 2.29426
-0.00765516 0.191389 2.19513
-0.0259096 0.461605 2.06768
-0.0262073 0.60198 2.02421
-0.175405 0.353845 2.07208
-0.31526 0.143269 2.08791
-0.452872 -0.0280959 2.09266
-0.490293 -0.0815862 2.0718
0.13952 0.36966 2.10897
0.239725 0.177141 2.24703
0.375881 0.0547088 2.35679
0.419928 0.0114737 2.33873
-0.0582497 -0.0936637 2.25314
-0.0357915 -0.377998 2.25786
-0.102614 -0.659847 2.37708
-0.100854 -0.733452 2.31098
0.0915216 -0.0805302 2.26417
0.0803076 -0.368193 2.29175
0.0365037 -0.658333 2.39751
0.0279017 -0.732718 2.32305
-0.0192703 0.393727 2.09864
-0.53751 -0.121821 2.07105
-0.525187 -0.0794894 2.0849
0.461301 -0.0101623 2.37225
0.421867 0.000912727 2.30733
0.0209211 -0.0903005 2.24641
-0.00595474 0.198793 2.18575
-0.0299939 0.485421 2.10032
-0.0308113 0.624664 2.05825
-0.181221 0.375166 2.09849
-0.307119 0.15453 2.10088
-0.441976 -0.0199633 2.08733
-0.475194 -0.0560027 2.065
0.136006 0.38661 2.12911
0.244497 0.181424 2.24499
0.391621 0.0432838 2.32103
0.416245 0.0171492 2.31658
-0.0550614 -0.0941561 2.20601
-0.0450236 -0.383065 2.22461
-0.102453 -0.660234 2.37163
-0.117676 -0.734562 2.30887
0.096225 -0.0835738 2.21573
0.0808369 -0.37011 2.25882
0.03167 -0.6625 2.38845
0.0300651 -0.733888 2.32607
-0.0234878 0.41407 2.1205
-0.523223 -0.103135 2.05621
-0.518689 -0.0674748 2.07778
0.478311 -0.0264523 2.37673
0.434843 -0.00756251 2.28555
0.00717841 -0.0837614 2.21238
-0.00651432 0.209743 2.17936
-0.0207973 0.503267 2.1268
-0.0230167 0.642779 2.08705
-0.176654 0.388022 2.11678
-0.300914 0.167592 2.1146
-0.437902 -0.00470251 2.08848
-0.47129 -0.0315388 2.07035
0.145032 0.399217 2.14781
0.252375 0.182132 2.2472
0.390364 0.0401972 2.33158
0.400265 0.0300758 2.30462
-0.0686476 -0.0850198 2.17266
-0.0783499 -0.379496 2.20792
-0.105364 -0.659585 2.3682
-0.123177 -0.73206 2.30465
0.0827151 -0.0797113 2.18091
0.0702549 -0.369314 2.2338
0.0276818 -0.664939 2.38379
0.0319767 -0.734991 2.31838
-0.0178209 0.430973 2.13954
-0.520521 -0.0783278 2.06467
-0.510727 -0.0428067 2.072
0.471949 -0.037937 2.3504
0.42743 -0.00513862 2.27138
-0.0196511 -0.0799941 2.18162
-0.00809502 0.216468 2.17701
0.00123737 0.509544 2.15601
0.000145253 0.648884 2.1204
-0.165672 0.391107 2.13649
-0.298787 0.177681 2.12489
-0.447646 0.0150786 2.10923
-0.492146 -0.0231608 2.09678
0.161417 0.404922 2.17203
0.27019 0.177027 2.2488
0.398411 0.0227835 2.32779
0.40409 0.0144643 2.29797
-0.0929481 -0.0768352 2.14591
-0.11214 -0.360496 2.19926
-0.116093 -0.65288 2.36212
-0.128906 -0.731181 2.30635
0.0541331 -0.0808766 2.14576
0.0525843 -0.371742 2.218
0.0247449 -0.664051 2.38059
0.0331678 -0.734493 2.31707
-0.00281251 0.438162 2.16086
-0.535935 -0.063041 2.1013
-0.517831 -0.0205454 2.1065
0.467658 -0.0585537 2.31873
0.424376 -0.0142246 2.25832
-0.0491487 -0.0898717 2.16907
-0.0106806 0.212582 2.17683
0.0202852 0.49909 2.17042
0.0244275 0.636468 2.13823
-0.155056 0.38232 2.14257
-0.299205 0.18207 2.12859
-0.457554 0.0288182 2.1189
-0.50741 -0.000576387 2.10233
0.173941 0.387403 2.1841
0.277972 0.16474 2.24611
0.397555 0.000705307 2.31975
0.436611 -0.055503 2.30755
-0.12167 -0.0804743 2.13244
-0.13483 -0.360281 2.19557
-0.12457 -0.650623 2.35862
-0.134227 -0.731588 2.30753
0.0247126 -0.0966439 2.13455
0.0300075 -0.374456 2.19857
0.0219044 -0.661684 2.37638
0.0330089 -0.733069 2.31641
0.0106101 0.428991 2.17265
-0.547531 -0.0318455 2.09476
-0.539282 -0.00329509 2.118
0.486951 -0.113114 2.35645
0.456248 -0.0735622 2.2672
-0.0701375 -0.102082 2.16775
-0.0150319 0.202419 2.17558
0.0324314 0.490123 2.16969
0.0529953 0.622415 2.13712
-0.146251 0.37997 2.13731
-0.315058 0.188427 2.13279
-0.484189 0.0474658 2.12302
-0.498448 0.0526791 2.10942
0.181653 0.368307 2.1874
0.274407 0.148152 2.2421
0.378064 -0.0241169 2.32036
0.415884 -0.0775299 2.30821
-0.140355 -0.0884169 2.13046
-0.149059 -0.37574 2.19683
-0.129936 -0.655502 2.35825
-0.13539 -0.731778 2.31129
0.00229639 -0.112776 2.13415
0.00408524 -0.410257 2.19029
0.0160182 -0.661732 2.36948
0.0334409 -0.732748 2.312
0.0195734 0.420164 2.17273
-0.554411 0.00483264 2.10289
-0.530753 0.0381761 2.1095
0.479471 -0.154589 2.3609
0.432016 -0.0947019 2.26142
-0.078829 -0.109867 2.18648
-0.0126251 0.193286 2.17464
0.0575853 0.475948 2.14768
0.0786447 0.612142 2.12065
-0.13996 0.380126 2.12537
-0.32436 0.199789 2.12924
-0.500531 0.0688405 2.13271
-0.553251 0.0514635 2.12863
0.185776 0.360438 2.18505
0.264979 0.13093 2.23815
0.350798 -0.0489858 2.32031
0.385732 -0.105931 2.31981
-0.14765 -0.0956941 2.14452
-0.155836 -0.39685 2.21173
-0.130282 -0.662359 2.36135
-0.136205 -0.737072 2.31317
-0.00757931 -0.120429 2.15794
-0.0242795 -0.419583 2.18946
0.00492897 -0.661822 2.36255
0.0310667 -0.733036 2.3099
0.0389592 0.406687 2.15741
-0.585798 0.036173 2.13092
-0.563278 0.0697387 2.144
0.446353 -0.18549 2.37613
0.399711 -0.122579 2.27604
-0.0808847 -0.111871 2.21779
-0.00693124 0.185237 2.17095
0.0720395 0.466175 2.10147
0.0956841 0.602626 2.07263
-0.118002 0.373799 2.09607
-0.325086 0.208372 2.11311
-0.501875 0.0810682 2.13191
-0.512371 0.0785716 2.11562
0.193226 0.340068 2.16112
0.251978 0.118767 2.23446
0.322867 -0.0578515 2.33359
0.342324 -0.111005 2.33263
-0.150367 -0.0976871 2.17411
-0.153003 -0.396346 2.2571
-0.127706 -0.664544 2.37227
-0.12784 -0.738346 2.31818
-0.00876526 -0.122563 2.19071
-0.037325 -0.395962 2.20246
-0.00203481 -0.664562 2.36037
0.0223403 -0.736093 2.31267
0.0525269 0.39716 2.12268
-0.571286 0.041032 2.12127
-0.540354 0.0801113 2.12452
0.372854 -0.164148 2.32479
0.338939 -0.109983 2.28771
-0.0808174 -0.103679 2.2481
-0.00577669 0.185126 2.16827
0.0711893 0.463241 2.06455
0.0926107 0.597123 2.03605
-0.100189 0.363188 2.04744
-0.318526 0.204038 2.09202
-0.494778 0.0791308 2.12165
-0.511359 0.0624551 2.10971
0.197323 0.33792 2.1159
0.24649 0.117355 2.2338
0.310639 -0.0509322 2.34861
0.321696 -0.0729226 2.3562
-0.149992 -0.088396 2.2078
-0.152553 -0.383563 2.27282
-0.128035 -0.662659 2.37522
-0.128284 -0.735936 2.31901
-0.00906907 -0.115678 2.21746
-0.0275228 -0.382046 2.2374
0.000133484 -0.66747 2.36633
0.0222454 -0.738646 2.3139
0.0526727 0.395216 2.09417
-0.568702 0.0202091 2.12308
-0.54843 0.0721674 2.12978
0.363984 -0.140809 2.35931
0.331403 -0.0876941 2.31842
-0.0667603 -0.0982502 2.27487
-0.00300944 0.183416 2.16451
0.06434 0.452683 2.03168
0.0811871 0.590081 2.00468
-0.102146 0.353131 2.02924
-0.313823 0.189242 2.07575
-0.480766 0.0517264 2.10472
-0.501461 0.0281209 2.0945
0.194302 0.332976 2.09114
0.246087 0.117615 2.23389
0.311543 -0.0326778 2.36859
0.340008 -0.0758987 2.37463
-0.13691 -0.0852502 2.2372
-0.135891 -0.367467 2.28883
-0.126789 -0.660003 2.37863
-0.127925 -0.733892 2.31883
0.00550007 -0.10809 2.24171
-0.00453066 -0.37298 2.26138
0.00710732 -0.663145 2.37341
0.0241185 -0.733755 2.31427
0.0488672 0.386943 2.06829
-0.568152 -0.012473 2.10394
-0.540534 0.0382874 2.11167
0.371115 -0.121298 2.38782
0.34367 -0.0593938 2.33771
-0.0306695 -0.08012 2.28751
0.00485267 0.191721 2.16137
0.0485663 0.459191 2.02095
0.065355 0.598585 1.98865
-0.110895 0.358949 2.02794
-0.295963 0.175337 2.06792
-0.447907 0.0215276 2.09858
-0.46159 -0.00839852 2.0889
0.190774 0.346116 2.07778
0.247937 0.147919 2.22156
0.332765 0.0165937 2.36409
0.364816 -0.0106926 2.35909
-0.104411 -0.0718563 2.25015
-0.123388 -0.360202 2.28881
-0.121215 -0.657111 2.3788
-0.128603 -0.733252 2.31844
0.0440709 -0.0857258 2.25378
0.0362142 -0.350212 2.28031
0.0187596 -0.655138 2.38258
0.0273864 -0.729563 2.3176
0.0391784 0.393104 2.05899
-0.523064 -0.0612821 2.09143
-0.508362 -0.0122035 2.10755
0.405622 -0.0642653 2.3738
0.365259 -0.0208163 2.32658
-0.000731108 -0.0653528 2.27558
0.0136485 0.209592 2.15865
0.0318947 0.482849 2.02852
0.0490327 0.620667 1.99126
-0.12868 0.384971 2.03354
-0.28873 0.174885 2.06887
-0.428817 0.00841422 2.09323
-0.44355 -0.0210128 2.08226
0.182544 0.373446 2.07782
0.252959 0.169956 2.21572
0.361296 0.0394053 2.34362
0.391037 0.0205101 2.32271
-0.0755164 -0.06269 2.23896
-0.0919436 -0.350955 2.27751
-0.11455 -0.65841 2.37884
-0.128602 -0.731516 2.31273
0.0741596 -0.0657419 2.24105
0.0578097 -0.349127 2.28865
0.0280716 -0.653862 2.38592
0.0319982 -0.729703 2.32219
0.0286531 0.415165 2.06293
-0.497119 -0.0783629 2.08962
-0.487426 -0.0250719 2.0997
0.449431 -0.0327204 2.36076
0.414257 -0.0239385 2.29831
0.0179681 -0.0622454 2.2583
0.0170169 0.221396 2.16028
0.0175186 0.507263 2.05423
0.0379295 0.643779 2.00981
-0.138615 0.397704 2.04641
-0.286927 0.179653 2.07308
-0.420979 0.00637331 2.08801
-0.438993 -0.0194187 2.07056
0.176512 0.390569 2.08905
0.259698 0.180486 2.2111
0.398478 0.0452256 2.30337
0.421836 0.0212764 2.29508
-0.0571905 -0.0621917 2.21984
-0.0755647 -0.351671 2.26885
-0.112388 -0.659286 2.37759
-0.127857 -0.731465 2.31165
0.0925819 -0.0603354 2.22565
0.073348 -0.349367 2.28922
0.0403164 -0.653566 2.39135
0.0397085 -0.73028 2.3197
0.0186867 0.436913 2.08154
-0.491348 -0.0741318 2.06648
-0.483132 -0.0307031 2.08609
0.48963 -0.0314137 2.34338
0.431351 -0.00827838 2.26108
0.0273255 -0.0627018 2.23559
0.019547 0.228627 2.16134
0.0149403 0.520188 2.07759
0.0330248 0.660337 2.03891
-0.14396 0.409158 2.0729
-0.28501 0.186493 2.08067
-0.419322 0.0115419 2.07881
-0.464389 -0.027164 2.0542
0.174781 0.401961 2.1028
0.267282 0.184641 2.20909
0.405103 0.0416134 2.2921
0.434579 0.0159706 2.27464
-0.0484863 -0.0635474 2.19874
-0.0693512 -0.359479 2.25924
-0.111618 -0.659524 2.37641
-0.127827 -0.731456 2.30984
0.102238 -0.0598401 2.20112
0.083855 -0.348744 2.27693
0.0429154 -0.654301 2.39104
0.0395705 -0.733058 2.32502
0.0168104 0.448812 2.09912
-0.502427 -0.0629782 2.05344
-0.495719 -0.0233869 2.07567
0.503457 -0.0332544 2.32402
0.438796 -0.00725545 2.23465
0.0272134 -0.0650633 2.21312
0.0221847 0.23352 2.1645
0.021067 0.529747 2.11168
0.036842 0.669298 2.07279
-0.138836 0.415469 2.09701
-0.281202 0.19099 2.09376
-0.419727 0.0194075 2.07136
-0.459826 -0.0128897 2.05008
0.182384 0.407568 2.12668
0.277334 0.185021 2.20991
0.411607 0.0328054 2.28352
0.438734 0.00483078 2.26371
-0.0479559 -0.0650548 2.1759
-0.0741424 -0.365528 2.2445
-0.110675 -0.659047 2.37431
-0.12739 -0.730786 2.30717
0.101528 -0.0629345 2.17912
0.0787051 -0.351695 2.25726
0.0414245 -0.65615 2.38805
0.0384088 -0.734185 2.32821
0.0215955 0.457528 2.12592
-0.494188 -0.0431381 2.04229
-0.489905 -0.00486211 2.07371
0.504336 -0.0520724 2.31369
0.446731 -0.0173898 2.22504
0.0218635 -0.0650698 2.19967
0.0234138 0.236202 2.16753
0.0284931 0.533263 2.13211
0.045173 0.671476 2.09822
-0.134462 0.416047 2.10825
-0.27367 0.195698 2.10147
-0.410468 0.0226428 2.07944
-0.448679 -0.0169295 2.0764
0.187641 0.409931 2.14404
0.283979 0.185364 2.20905
0.410709 0.0276231 2.28427
0.452847 -0.0196665 2.26453
-0.0528213 -0.0634419 2.15979
-0.0833285 -0.355979 2.23869
-0.111131 -0.655019 2.37162
-0.127348 -0.729984 2.30597
0.0959187 -0.0644306 2.16801
0.0741456 -0.35457 2.25306
0.0365361 -0.657292 2.38395
0.0379725 -0.734183 2.32799
0.0271769 0.460872 2.14233
-0.484763 -0.0554653 2.07864
-0.471283 -0.00207076 2.09436
0.509347 -0.0645429 2.30801
0.464655 -0.0440794 2.22867
0.00986085 -0.0665377 2.18492
0.0216958 0.236863 2.17036
0.0310651 0.532494 2.15169
0.0507532 0.670021 2.11783
-0.132311 0.416262 2.1168
-0.269224 0.194255 2.10827
-0.401243 0.017214 2.09229
-0.414568 -0.00631965 2.09014
0.189805 0.408519 2.1612
0.286821 0.185266 2.21026
0.409194 0.0222892 2.2822
0.453276 -0.0228561 2.26256
-0.0640537 -0.0639923 2.14467
-0.095514 -0.348436 2.23727
-0.113147 -0.650915 2.3694
-0.128698 -0.728203 2.30452
0.083482 -0.0668743 2.15392
0.069155 -0.356198 2.24803
0.0360235 -0.655928 2.38311
0.0375599 -0.733401 2.3269
0.0282675 0.460357 2.15766
-0.47181 -0.0625482 2.09241
-0.437511 -0.00139946 2.09333
0.509038 -0.069467 2.29717
0.464364 -0.0432712 2.22925
