0.0158133 0.12844 2.10946
0.00269054 0.418891 2.04787
-0.00966126 0.697937 1.97492
0.0154126 0.858539 1.97123
-0.164867 0.589289 1.98942
-0.310581 0.366065 2.01571
-0.434431 0.207257 2.00778
-0.476506 0.147041 2.00892
0.1648 0.596459 2.0227
0.277335 0.356484 2.0596
0.399845 0.16444 2.04572
0.448048 0.0953301 2.04874
-0.0586683 0.124163 2.06858
-0.121796 -0.268437 2.21001
-0.170134 -0.602171 2.34613
-0.18307 -0.676589 2.26076
0.0897751 0.128481 2.08169
0.0867694 -0.22593 2.23196
0.0641147 -0.589127 2.37472
0.0754119 -0.677479 2.30214
-0.00659452 0.629858 1.99516
-0.524798 0.075031 2.01436
-0.431044 0.157718 1.97638
0.487922 0.0207149 2.07683
0.449853 0.0322101 2.03785
0.0172594 0.127747 2.10879
0.00408126 0.418333 2.04732
-0.00850111 0.697565 1.97459
0.0158813 0.858026 1.97107
-0.163944 0.588448 1.98825
-0.309988 0.365704 2.01584
-0.433323 0.206485 2.00866
-0.473773 0.151311 2.01569
0.16643 0.595796 2.02192
0.280351 0.356391 2.05832
0.403799 0.162802 2.04443
0.450001 0.0938547 2.04908
-0.0573475 0.123398 2.06812
-0.121409 -0.269476 2.21068
-0.170202 -0.602151 2.34603
-0.182923 -0.676859 2.26099
0.0913058 0.127903 2.0808
0.08888 -0.224584 2.23054
0.064071 -0.588107 2.37438
0.0751897 -0.677232 2.30363
-0.00538365 0.629432 1.99477
-0.528379 0.0723085 2.02673
-0.423324 0.157723 1.99743
0.487082 0.020537 2.07628
0.437783 0.0521658 2.04123
0.0192195 0.127244 2.10775
0.00706616 0.417643 2.04604
-0.00446366 0.69675 1.97317
0.0198523 0.856925 1.96981
-0.160773 0.58867 1.98997
-0.306958 0.366186 2.01843
-0.43114 0.208011 2.01627
-0.471875 0.157217 2.02817
0.169817 0.5948 2.02036
0.28232 0.354853 2.05735
0.403138 0.162871 2.04377
0.438162 0.0910619 2.04883
-0.0554285 0.122892 2.06707
-0.119637 -0.262936 2.20572
-0.170333 -0.602525 2.34565
-0.183076 -0.676607 2.2617
0.0932467 0.127423 2.07981
0.0915933 -0.223827 2.22959
0.0649214 -0.586418 2.37606
0.0746528 -0.676196 2.30651
-0.00163105 0.62863 1.99336
-0.525357 0.0802885 2.03162
-0.435481 0.158545 2.00031
0.471004 0.0185806 2.07302
0.404531 0.0822681 2.03882
0.0207374 0.127027 2.10705
0.00987001 0.417643 2.04589
0.000467594 0.697363 1.97453
0.0214984 0.856493 1.96915
-0.158698 0.588736 1.98947
-0.303994 0.366138 2.02028
-0.430081 0.208041 2.02168
-0.467401 0.157848 2.03234
0.171541 0.594396 2.01941
0.279453 0.3517 2.05373
0.393402 0.156048 2.0424
0.423097 0.0833469 2.04628
-0.0538838 0.12262 2.0666
-0.116912 -0.256322 2.20006
-0.170605 -0.603094 2.34554
-0.18296 -0.677006 2.26229
0.094719 0.127277 2.07886
0.0930005 -0.222598 2.22859
0.0645631 -0.585519 2.37698
0.0745006 -0.674839 2.30625
0.002692 0.629041 1.99425
-0.522713 0.0792407 2.04265
-0.423483 0.159609 2.01089
0.457404 0.0124705 2.06611
0.420721 0.0310984 2.0299
0.0220795 0.126926 2.10633
0.0111866 0.417381 2.04512
0.00140507 0.696848 1.97351
0.0235933 0.85599 1.96807
-0.156925 0.589074 1.98898
-0.300528 0.365703 2.02148
-0.428193 0.208306 2.02534
-0.462897 0.159666 2.03513
0.172496 0.594136 2.01855
0.276222 0.349231 2.05129
0.383304 0.153706 2.03998
0.413109 0.0800649 2.04145
-0.0525292 0.122572 2.06606
-0.115892 -0.252637 2.19652
-0.170666 -0.603307 2.3458
-0.182837 -0.677008 2.2627
0.0959957 0.127131 2.07796
0.0947884 -0.222334 2.22818
0.0644032 -0.585288 2.3765
0.0743884 -0.675415 2.3079
0.00374308 0.628598 1.99332
-0.514123 0.0858994 2.04107
-0.424676 0.159403 2.00692
0.445448 0.00762443 2.06076
0.370422 0.097104 2.05282
0.0221993 0.126934 2.10572
0.0119009 0.417073 2.04417
0.00298904 0.695895 1.97172
0.0270771 0.855382 1.96649
-0.155311 0.588783 1.98652
-0.299425 0.366366 2.02175
-0.424554 0.208666 2.02665
-0.461688 0.157575 2.03127
0.174716 0.593315 2.01733
0.275844 0.347291 2.05003
0.380236 0.151888 2.03715
0.413409 0.0789611 2.03388
-0.0523485 0.122688 2.06552
-0.116507 -0.255039 2.19549
-0.170562 -0.603397 2.34529
-0.182429 -0.677072 2.26295
0.0960471 0.127035 2.07725
0.0951749 -0.223333 2.22819
0.0644788 -0.585325 2.37613
0.0750408 -0.674518 2.30527
0.00509618 0.627837 1.99178
-0.515948 0.0803309 2.04134
-0.415434 0.15999 2.01742
0.448588 0.00725327 2.05472
0.414739 0.0133732 2.0173
0.0150839 0.129838 2.11044
0.0126453 0.417164 2.04246
0.014375 0.694415 1.95823
0.0422326 0.85276 1.95534
-0.144132 0.591549 1.97425
-0.293642 0.374968 2.01806
-0.419506 0.215483 2.02575
-0.464825 0.16387 2.03073
0.181993 0.593178 2.01048
0.276876 0.345777 2.04874
0.384088 0.145091 2.03366
0.418817 0.0726953 2.0328
-0.0598234 0.128574 2.06952
-0.122235 -0.249611 2.19554
-0.169819 -0.602098 2.34342
-0.182752 -0.676669 2.26263
0.0890978 0.127136 2.08294
0.0872011 -0.223372 2.23061
0.0645355 -0.588205 2.37337
0.0752566 -0.677501 2.30294
0.0130976 0.627006 1.982
-0.520705 0.0847227 2.05431
-0.493468 0.100719 2.01578
0.45581 -0.00415856 2.04875
0.390976 0.0548025 2.02775
-0.00576498 0.138387 2.13264
0.0127033 0.417993 2.04175
0.0312974 0.691631 1.93801
0.0668193 0.848955 1.93183
-0.128215 0.591344 1.95475
-0.287598 0.385093 2.0082
-0.413453 0.23209 2.02164
-0.46825 0.17899 2.0316
0.186935 0.59001 2.00263
0.284582 0.345806 2.0493
0.385034 0.142069 2.03661
0.412712 0.0689715 2.0404
-0.0802445 0.140413 2.08978
-0.144029 -0.225568 2.20117
-0.171126 -0.59976 2.34294
-0.182908 -0.676511 2.26234
0.0687749 0.131946 2.10701
0.0749919 -0.217726 2.23875
0.0637441 -0.588629 2.37423
0.0751721 -0.677082 2.30193
0.0251576 0.625656 1.9676
-0.523466 0.100923 2.0644
-0.408031 0.192287 2.02035
0.447306 -0.00470887 2.03662
0.367981 0.088687 2.0629
-0.023693 0.146765 2.16495
0.0116517 0.418902 2.04412
0.0481561 0.677118 1.91143
0.094073 0.834781 1.9014
-0.118362 0.58739 1.94057
-0.285769 0.389551 1.9989
-0.416697 0.239558 2.01429
-0.475856 0.19018 2.0222
0.196486 0.580987 1.99381
0.291974 0.339845 2.05362
0.378195 0.136847 2.04956
0.395388 0.0577248 2.05719
-0.0978283 0.150991 2.12087
-0.164435 -0.221087 2.22665
-0.180127 -0.595178 2.34695
-0.183692 -0.676896 2.26205
0.0511348 0.137893 2.14051
0.0586993 -0.22001 2.2582
0.0621466 -0.588113 2.37537
0.074773 -0.675984 2.30203
0.0370179 0.615732 1.95034
-0.530673 0.109518 2.06728
-0.410533 0.200741 2.00042
0.424906 -0.0151859 2.05329
0.353792 0.0731608 2.08157
-0.0259648 0.154125 2.20738
0.013589 0.413461 2.04884
0.0544485 0.657035 1.88762
0.11073 0.800072 1.86174
-0.103784 0.567376 1.91224
-0.293118 0.391171 1.9708
-0.430712 0.230856 1.98794
-0.491483 0.178436 1.99096
0.202984 0.570281 1.98462
0.285369 0.330658 2.06217
0.356936 0.129119 2.07637
0.368757 0.047262 2.09324
-0.098751 0.157738 2.16282
-0.174601 -0.234408 2.26923
-0.185296 -0.59277 2.34982
-0.184857 -0.675118 2.26418
0.0474782 0.145943 2.18388
0.0535499 -0.215249 2.28679
0.0601963 -0.589056 2.37774
0.0734738 -0.676271 2.30311
0.0440645 0.598385 1.93219
-0.548829 0.111477 2.0351
-0.509449 0.12635 1.9726
0.391727 -0.025942 2.09396
0.325521 0.073052 2.12443
-0.0127239 0.159956 2.23416
0.0184162 0.407018 2.05523
0.0544307 0.64092 1.87481
0.106088 0.779749 1.84185
-0.10004 0.55998 1.90866
-0.291062 0.382399 1.95949
-0.431287 0.20792 1.9621
-0.486608 0.147007 1.95154
0.208258 0.548683 1.96669
0.283789 0.319028 2.0701
0.348519 0.11839 2.09404
0.359443 0.0368634 2.11937
-0.0851673 0.16401 2.19332
-0.164539 -0.248801 2.29301
-0.185423 -0.593132 2.35117
-0.185523 -0.674878 2.26466
0.0600507 0.151107 2.20697
0.0625083 -0.215036 2.30692
0.0605019 -0.589382 2.37989
0.073503 -0.675794 2.30339
0.0456902 0.584942 1.92373
-0.546579 0.0803371 1.97932
-0.493741 0.0971178 1.91669
0.38124 -0.0413445 2.13785
0.338749 0.000449266 2.11875
0.013012 0.163119 2.25232
0.0268098 0.403063 2.06096
0.0500727 0.632851 1.86739
0.0857797 0.768372 1.83171
-0.100304 0.554428 1.9106
-0.280431 0.366582 1.96427
-0.41529 0.182443 1.94009
-0.460283 0.112335 1.91572
0.205648 0.547252 1.96224
0.282397 0.32069 2.07045
0.348252 0.115694 2.10549
0.371788 0.0398141 2.13021
-0.0607023 0.164722 2.21552
-0.141127 -0.25206 2.29537
-0.180559 -0.599079 2.35197
-0.185997 -0.675452 2.26413
0.0864204 0.156558 2.22104
0.0858271 -0.219324 2.32679
0.0654451 -0.589221 2.3906
0.073758 -0.67298 2.30767
0.0448309 0.578266 1.91924
-0.518323 0.0433457 1.92486
-0.458071 0.0709477 1.87153
0.38621 -0.0342507 2.15611
0.356187 -0.00846459 2.12521
0.051655 0.159669 2.26324
0.0373316 0.39739 2.07014
0.0337022 0.624052 1.87271
0.0532026 0.761331 1.83849
-0.108863 0.542347 1.93046
-0.270037 0.338092 1.98503
-0.381989 0.158858 1.94435
-0.420254 0.0894227 1.91827
0.202708 0.550503 1.9614
0.281498 0.325161 2.07053
0.363014 0.122389 2.10529
0.397839 0.0522107 2.11609
-0.0244122 0.155699 2.22931
-0.0955546 -0.249134 2.27584
-0.161993 -0.607117 2.35199
-0.182998 -0.675038 2.264
0.126497 0.158811 2.2288
0.11762 -0.22597 2.33519
0.0722189 -0.587117 2.39708
0.0747423 -0.669214 2.31047
0.036488 0.570296 1.92392
-0.470187 0.0180645 1.90239
-0.420096 0.0426567 1.868
0.423864 -0.0204289 2.14247
0.368892 0.0444733 2.11011
0.08435 0.146838 2.25807
0.0504284 0.390457 2.08328
0.0230009 0.622402 1.90397
0.0190767 0.768159 1.87273
-0.122781 0.542501 1.96785
-0.247499 0.314621 2.0252
-0.353895 0.128751 1.97745
-0.389041 0.0548704 1.96852
0.194146 0.556136 1.96202
0.295756 0.335944 2.06338
0.39742 0.127767 2.07985
0.434325 0.0564223 2.07709
0.0072757 0.138819 2.22462
-0.0518815 -0.251042 2.23647
-0.152566 -0.606151 2.34367
-0.17997 -0.677186 2.25626
0.158921 0.150339 2.22303
0.153327 -0.224993 2.3287
0.0843921 -0.591418 2.39773
0.0769111 -0.672184 2.30932
0.0309647 0.565822 1.94962
-0.433627 -0.0185765 1.96547
-0.386586 0.0125526 1.92219
0.468379 -0.0218558 2.11885
0.416448 0.0208508 2.06761
0.101524 0.136802 2.24047
0.0571296 0.389916 2.0884
0.021268 0.634345 1.93352
0.0102854 0.783344 1.90759
-0.124416 0.547718 1.9795
-0.228555 0.315642 2.05395
-0.335579 0.119092 2.02599
-0.376168 0.0499837 2.02151
0.192838 0.564693 1.97948
0.304767 0.339131 2.0599
0.411945 0.133024 2.05075
0.447344 0.0634004 2.03418
0.0244663 0.12735 2.20837
-0.0333026 -0.262784 2.21255
-0.148589 -0.603499 2.33434
-0.176376 -0.67594 2.25399
0.175505 0.142056 2.20407
0.163024 -0.237762 2.31941
0.0885891 -0.596682 2.39864
0.0791888 -0.676695 2.3094
0.0312731 0.573915 1.97284
-0.420763 -0.0256846 2.02715
-0.376348 0.0152375 1.98077
0.479169 -0.00721141 2.04436
0.433029 0.0213635 2.01695
0.109525 0.128845 2.21456
0.0637282 0.392884 2.0929
0.027615 0.651716 1.96732
0.0147889 0.80411 1.94541
-0.127636 0.555058 2.02531
-0.217204 0.31324 2.07963
-0.327306 0.123233 2.06323
-0.370541 0.0573139 2.0646
0.199011 0.577957 2.00525
0.309239 0.341306 2.05812
0.415844 0.140481 2.02305
0.447392 0.0741551 1.99605
0.0324731 0.119646 2.18423
-0.0303075 -0.26952 2.19837
-0.148261 -0.604863 2.332
-0.175185 -0.675392 2.25386
0.183189 0.134015 2.17629
0.165954 -0.253986 2.3034
0.0894225 -0.598481 2.39425
0.0801351 -0.679285 2.30631
0.0372721 0.587943 1.9994
-0.414544 -0.0195499 2.08077
-0.377152 0.0123116 2.02485
0.477462 0.00230592 1.99693
0.431552 0.0344964 1.97752
0.105534 0.123367 2.17489
0.0681475 0.39954 2.0937
0.0373288 0.674834 2.00286
0.033104 0.828574 1.98486
-0.123239 0.566909 2.04908
-0.21374 0.326837 2.09822
-0.320143 0.14239 2.09203
-0.369316 0.0787237 2.09001
0.211012 0.58566 2.03111
0.312261 0.338721 2.05741
0.413559 0.148674 1.99951
0.442923 0.0828653 1.96451
0.0291 0.116661 2.14606
-0.04033 -0.265086 2.17424
-0.148739 -0.605602 2.33058
-0.174087 -0.675177 2.25262
0.178604 0.126129 2.13512
0.157826 -0.262582 2.26311
0.0864473 -0.604309 2.36825
0.0815018 -0.683095 2.30186
0.045137 0.607408 2.02578
-0.416595 -0.000991184 2.11031
-0.349984 0.071421 2.1032
0.471392 0.0113638 1.94848
0.430441 0.0384055 1.935
0.0894478 0.115869 2.14682
0.068082 0.40127 2.09276
0.0446687 0.681498 2.0209
0.0478451 0.83564 2.00445
-0.117893 0.574809 2.06193
-0.210836 0.335771 2.10296
-0.322693 0.152887 2.09522
-0.380013 0.0936351 2.08636
0.21665 0.581947 2.04194
0.311884 0.332007 2.05511
0.412357 0.148098 1.99226
0.440738 0.0786667 1.96195
0.0138443 0.110819 2.11646
-0.0577914 -0.267867 2.16281
-0.15077 -0.608921 2.32926
-0.174799 -0.676625 2.2501
0.162182 0.117237 2.10857
0.144317 -0.268222 2.23154
0.0816093 -0.610213 2.35981
0.0819762 -0.688886 2.29577
0.0498147 0.61291 2.03837
-0.429287 0.0113092 2.10591
-0.393097 0.137295 2.0747
0.473506 0.00755188 1.94631
0.430196 0.0325451 1.935
0.0643005 0.110276 2.12233
0.0624494 0.401241 2.08899
0.0493295 0.681735 2.03341
0.0596754 0.83659 2.01886
-0.115138 0.578121 2.06571
-0.230118 0.339392 2.10232
-0.339119 0.164516 2.08461
-0.40028 0.107562 2.06927
0.219502 0.576268 2.0546
0.309214 0.327336 2.05506
0.41064 0.138208 1.99243
0.435073 0.0678658 1.97422
-0.0108695 0.108748 2.08958
-0.0798056 -0.269769 2.15569
-0.154416 -0.612756 2.3256
-0.177644 -0.679776 2.25071
0.137239 0.108262 2.08633
0.128833 -0.257548 2.19575
0.0764887 -0.612199 2.3531
0.0821286 -0.690422 2.29258
0.0516779 0.613206 2.04665
-0.45055 0.0259316 2.08193
-0.410517 0.0725896 2.02732
0.470557 -0.00646793 1.95393
0.457992 0.0978777 1.96618
0.0315017 0.108265 2.10628
0.0478558 0.400379 2.08427
0.0517788 0.681324 2.042
0.0705871 0.834866 2.02961
-0.114459 0.579204 2.06637
-0.243891 0.345739 2.09115
-0.369813 0.180366 2.05857
-0.430405 0.121424 2.04359
0.220453 0.570539 2.06719
0.304804 0.322578 2.06119
0.406984 0.123624 2.00488
0.431314 0.0517104 1.99678
-0.0426283 0.112377 2.06991
-0.110897 -0.273992 2.14819
-0.159812 -0.615889 2.3199
-0.179535 -0.682351 2.25223
0.104347 0.100685 2.07385
0.106461 -0.261182 2.18081
0.0725268 -0.613671 2.34627
0.0812674 -0.689934 2.29176
0.0512879 0.612762 2.05272
-0.483477 0.0455258 2.06077
-0.440643 0.0836442 1.9988
0.461975 -0.0201232 1.98755
0.45083 0.079286 1.98429
-0.0140618 0.111908 2.09781
0.0263608 0.399668 2.07841
0.0536841 0.679336 2.0443
0.0864719 0.831725 2.03392
-0.114793 0.580021 2.06205
-0.272115 0.361236 2.05761
-0.408847 0.209082 2.01444
-0.469173 0.155898 1.99614
0.218512 0.559975 2.08185
0.295588 0.317326 2.08411
0.400491 0.121149 2.03904
0.431295 0.0483968 2.03261
-0.0861688 0.121912 2.056
-0.158295 -0.256948 2.14323
-0.170538 -0.617342 2.31658
-0.182409 -0.682913 2.25335
0.0583078 0.0982579 2.071
0.0750954 -0.26776 2.17442
0.0680979 -0.613744 2.33804
0.0778893 -0.686507 2.28949
0.049958 0.611184 2.0542
-0.523601 0.0838512 2.01268
-0.436206 0.145612 1.96786
0.467468 -0.0251882 2.01301
0.439809 0.0465898 1.99418
-0.0482626 0.113169 2.10612
0.00924192 0.39788 2.07586
0.054264 0.67379 2.03702
0.0957855 0.828157 2.02904
-0.121448 0.582254 2.03231
-0.299072 0.380027 2.02898
-0.435558 0.232663 1.98009
-0.500166 0.180453 1.96133
0.216024 0.555186 2.08258
0.284928 0.319438 2.1023
0.388545 0.119592 2.07459
0.419592 0.0473653 2.06594
-0.117889 0.123534 2.05989
-0.180507 -0.250143 2.1588
-0.177039 -0.614469 2.31664
-0.182466 -0.682873 2.25355
0.0228427 0.0991103 2.08397
0.0461866 -0.271578 2.17111
0.0613527 -0.617714 2.34059
0.076794 -0.687271 2.28931
0.0454494 0.606764 2.04891
-0.556812 0.109901 1.97052
-0.501403 0.145071 1.91394
0.458991 -0.025875 2.04284
0.385154 0.049362 2.09818
-0.0775036 0.112597 2.12801
-0.00847095 0.395625 2.07637
0.0495735 0.667569 2.01696
0.102843 0.820133 2.0089
-0.126255 0.581985 2.0115
-0.319224 0.394821 2.00934
-0.456794 0.246548 1.95728
-0.526954 0.197845 1.93543
0.204264 0.541341 2.07757
0.271162 0.314905 2.11216
0.36616 0.113607 2.10179
0.389228 0.0364905 2.09815
-0.146507 0.123986 2.0804
-0.199304 -0.247633 2.19113
-0.183581 -0.608516 2.3254
-0.183527 -0.683206 2.25413
-0.0060154 0.0975774 2.10708
0.0288311 -0.273095 2.16861
0.0521422 -0.619802 2.34187
0.0743122 -0.686412 2.28877
0.0360419 0.601501 2.03481
-0.582757 0.122975 1.94047
-0.541101 0.227993 1.93164
0.428274 -0.0377689 2.08215
0.359622 0.0318831 2.15
-0.0883578 0.12553 2.17779
-0.0182969 0.397239 2.07834
0.0388462 0.661843 1.97375
0.098272 0.809343 1.96306
-0.128325 0.579528 1.9808
-0.330759 0.404513 1.9921
-0.475264 0.251433 1.94281
-0.541621 0.197395 1.92694
0.195065 0.549927 2.05621
0.254704 0.307752 2.11712
0.320877 0.111949 2.12576
0.329171 0.0340296 2.1369
-0.157091 0.134865 2.13119
-0.211413 -0.240113 2.23894
-0.189838 -0.602373 2.34233
-0.186136 -0.680856 2.2618
-0.0169547 0.112241 2.15599
0.0124369 -0.270508 2.19435
0.0520816 -0.621447 2.35103
0.0711925 -0.685015 2.289
0.0246283 0.597783 2.00493
-0.59903 0.130296 1.93466
-0.565356 0.212345 1.92147
0.359581 -0.0413911 2.13987
0.284586 0.0476625 2.15167
-0.0851516 0.139254 2.21531
-0.0228242 0.39991 2.08303
0.0293378 0.65566 1.94755
0.0903192 0.79505 1.92125
-0.132449 0.575605 1.96375
-0.334288 0.40178 1.9849
-0.478835 0.239809 1.94242
-0.537434 0.17879 1.93647
0.193042 0.552078 2.04967
0.239778 0.301333 2.11834
0.297983 0.1052 2.13459
0.303327 0.0265053 2.15239
-0.154846 0.147274 2.17022
-0.21313 -0.235698 2.25947
-0.190394 -0.598247 2.34812
-0.186569 -0.679776 2.26193
-0.0129209 0.126936 2.19212
0.0132893 -0.259104 2.22524
0.0517984 -0.62045 2.35768
0.0692635 -0.683772 2.29097
0.0168598 0.594355 1.9873
-0.590227 0.113603 1.95141
-0.536942 0.21372 1.94171
0.328172 -0.0478518 2.16633
0.258726 0.0496406 2.15233
-0.0776303 0.149817 2.24338
-0.0250571 0.39994 2.08622
0.0203708 0.641755 1.92706
0.0783068 0.777084 1.88425
-0.136533 0.568494 1.95198
-0.332101 0.390046 1.98362
-0.473354 0.2122 1.95555
-0.522695 0.152337 1.95679
0.173725 0.545587 2.0215
0.231217 0.307054 2.1178
0.290342 0.0994021 2.14105
0.298654 0.0195613 2.15905
-0.148216 0.156532 2.19956
-0.208579 -0.236807 2.28255
-0.191109 -0.596761 2.35208
-0.186454 -0.677094 2.2631
-0.00481587 0.138547 2.21909
0.0181315 -0.252724 2.26881
0.0491033 -0.613714 2.36527
0.0654189 -0.679154 2.2943
0.00944645 0.583998 1.97188
-0.574389 0.0866005 1.98004
-0.536291 0.18268 1.9535
0.32023 -0.0532442 2.18041
0.285144 -0.0259658 2.14451
-0.0644564 0.15739 2.26548
-0.0252159 0.398962 2.08971
0.0129485 0.630999 1.91342
0.066266 0.765433 1.85995
-0.138367 0.561372 1.94666
-0.32185 0.373854 1.99067
-0.459672 0.182587 1.97427
-0.498253 0.130287 1.9754
0.172531 0.547002 2.0132
0.231085 0.312739 2.11739
0.291174 0.100808 2.14242
0.312182 0.0224315 2.15424
-0.136326 0.162216 2.22217
-0.197281 -0.239141 2.30407
-0.190472 -0.595552 2.35446
-0.186512 -0.675113 2.26423
0.00947914 0.147837 2.24041
0.0294626 -0.235445 2.30827
0.0552281 -0.60696 2.37683
0.0660326 -0.678706 2.29657
0.00421279 0.575495 1.96215
-0.553915 0.0665318 1.99415
-0.5029 0.175352 1.9655
0.337458 -0.0512704 2.16693
0.290078 -0.0163601 2.14772
-0.0365003 0.169982 2.28798
-0.0167607 0.401562 2.09996
0.00968594 0.628293 1.90933
0.051197 0.764359 1.85041
-0.137923 0.558029 1.94785
-0.30304 0.359133 2.00738
-0.431549 0.165886 1.99959
-0.469814 0.101882 2.00819
0.172267 0.550509 2.00315
0.246334 0.323708 2.11249
0.31414 0.11105 2.13632
0.344591 0.0342012 2.14302
-0.11049 0.173393 2.24901
-0.16699 -0.264686 2.32237
-0.186075 -0.602456 2.35672
-0.186764 -0.678018 2.26315
0.0388865 0.161546 2.25851
0.052453 -0.21863 2.33558
0.0591979 -0.596191 2.38503
0.0685222 -0.678813 2.30046
0.00298989 0.573689 1.96
-0.516385 0.0380167 2.03266
-0.482099 0.138939 2.00312
0.373445 -0.0398889 2.15927
0.3246 -0.00477901 2.13805
-0.00420818 0.167103 2.28414
-0.000279032 0.40359 2.10539
0.0107704 0.631498 1.91596
0.0402615 0.775906 1.86001
-0.134862 0.564223 1.96348
-0.289551 0.357541 2.02483
-0.401958 0.165835 2.02406
-0.44559 0.0961937 2.03002
0.178292 0.557243 2.00988
0.267386 0.326941 2.10221
0.342456 0.11733 2.1172
0.373607 0.0421222 2.12271
-0.0796762 0.167181 2.24691
-0.146845 -0.25429 2.31204
-0.176518 -0.607753 2.35414
-0.186094 -0.677852 2.26356
0.0715999 0.16197 2.25263
0.0741157 -0.211032 2.33813
0.0659406 -0.588211 2.39097
0.0715115 -0.670751 2.30544
0.00691229 0.576027 1.96526
-0.487147 0.0248384 2.05521
-0.44529 0.166442 2.02633
0.403974 -0.0312768 2.14883
0.353917 0.0109852 2.12747
0.036547 0.166312 2.27602
0.024512 0.410849 2.11194
0.0189132 0.646809 1.93647
0.0354932 0.796014 1.88604
-0.129026 0.577574 1.99158
-0.268911 0.360162 2.05269
-0.381223 0.165515 2.0469
-0.422003 0.0961238 2.05136
0.188095 0.574126 2.00977
0.278435 0.340019 2.09313
0.362296 0.128938 2.09231
0.391119 0.0532418 2.08357
-0.0386106 0.163496 2.24489
-0.112073 -0.259199 2.28985
-0.166331 -0.610472 2.34936
-0.182132 -0.676653 2.26385
0.11124 0.164129 2.23842
0.103862 -0.220581 2.33873
0.0705154 -0.586741 2.39424
0.0734072 -0.668854 2.30768
0.0198779 0.588958 1.98185
-0.463257 0.0255028 2.07091
-0.435941 0.136772 2.051
0.420745 -0.0273118 2.11731
0.347898 0.0977977 2.0975
0.0632422 0.16306 2.2657
0.0435016 0.415473 2.11911
0.0298708 0.660677 1.96521
0.0393295 0.810322 1.91831
-0.120419 0.583224 2.01879
-0.255123 0.361584 2.07735
-0.365744 0.164595 2.06624
-0.406726 0.0925561 2.07623
0.199168 0.589618 2.01614
0.28652 0.349719 2.08844
0.371967 0.136869 2.0589
0.39375 0.0611303 2.03345
-0.0129586 0.158412 2.23691
-0.0776819 -0.255742 2.25433
-0.154235 -0.610663 2.34776
-0.177364 -0.675609 2.25872
0.137631 0.162834 2.22594
0.13012 -0.223935 2.32857
0.0735168 -0.588663 2.39485
0.0745519 -0.670526 2.30782
0.0334026 0.60046 2.00482
-0.447139 0.0208399 2.09534
-0.423336 0.113002 2.07133
0.419996 -0.0122107 2.03937
0.371393 0.028333 2.01592
0.0883019 0.151373 2.24465
0.0627396 0.418106 2.12732
0.0454829 0.677121 2.00525
0.0548606 0.82851 1.96768
-0.108414 0.588697 2.05064
-0.241332 0.362504 2.09834
-0.35053 0.167822 2.08903
-0.392028 0.0987987 2.09925
0.216399 0.598698 2.04479
0.296426 0.347627 2.0895
0.378045 0.140718 2.02478
0.398119 0.0672245 1.9892
0.0118225 0.145963 2.21578
-0.0557133 -0.252452 2.21556
-0.151067 -0.608915 2.33558
-0.175903 -0.677051 2.25133
0.162096 0.152172 2.20503
0.147338 -0.230657 2.31622
0.082776 -0.592237 2.39558
0.0770756 -0.673695 2.30813
0.0501972 0.613379 2.0366
-0.434343 0.0261031 2.12153
-0.414182 0.118076 2.08929
0.418242 -0.00368269 1.98323
0.400433 0.00780236 1.99433
0.0975627 0.142505 2.22247
0.070303 0.418647 2.13115
0.0528387 0.686342 2.03709
0.0667381 0.839955 2.00232
-0.10108 0.59457 2.07568
-0.232601 0.363641 2.10788
-0.34482 0.170552 2.09528
-0.389625 0.102592 2.10086
0.22826 0.600314 2.06963
0.302185 0.349073 2.08985
0.386932 0.142808 2.00951
0.411957 0.0727297 1.97318
0.0213684 0.137079 2.19344
-0.0500625 -0.249797 2.19514
-0.151256 -0.611415 2.32964
-0.175233 -0.678299 2.24985
0.17076 0.143532 2.18299
0.150848 -0.250204 2.30467
0.0856096 -0.595051 2.39255
0.0780192 -0.676816 2.30588
0.0578244 0.620418 2.06118
-0.432147 0.0264859 2.12826
-0.398411 0.146213 2.07539
0.433103 0.00305677 1.96035
0.384858 0.0445059 1.96792
0.0984263 0.133115 2.19367
0.0748853 0.41805 2.1324
0.0614936 0.691117 2.06438
0.0749147 0.845713 2.02845
-0.0961807 0.595052 2.09083
-0.225672 0.361254 2.11406
-0.344097 0.17334 2.09314
-0.3971 0.110041 2.0793
0.236458 0.597077 2.08989
0.306903 0.350379 2.08981
0.400224 0.148969 2.00262
0.433045 0.083203 1.97055
0.0225663 0.12808 2.16105
-0.0499692 -0.256301 2.18213
-0.151082 -0.612195 2.32883
-0.174619 -0.678345 2.24868
0.171226 0.134054 2.1577
0.147221 -0.261859 2.27812
0.0858849 -0.59988 2.37929
0.0790682 -0.682315 2.30108
0.0653035 0.623817 2.08147
-0.439763 0.0329412 2.09328
-0.356662 0.136065 2.10967
0.456211 0.00757764 1.95122
0.412366 0.0371586 1.94008
0.0892707 0.121613 2.16687
0.0772317 0.414967 2.1321
0.069739 0.690366 2.08278
0.0806036 0.844832 2.04958
-0.0918213 0.593631 2.10579
-0.225966 0.360502 2.11408
-0.351637 0.1849 2.06824
-0.407121 0.125442 2.04204
0.243306 0.589044 2.10557
0.31722 0.344784 2.08968
0.418727 0.150536 2.00249
0.453927 0.083642 1.9772
0.0140438 0.119321 2.13307
-0.0593106 -0.265404 2.17201
-0.15171 -0.613834 2.32705
-0.175747 -0.679913 2.24716
0.16163 0.120032 2.13202
0.140207 -0.270914 2.24739
0.0804148 -0.607697 2.36541
0.080331 -0.686649 2.29756
0.0715599 0.62251 2.09514
-0.452415 0.048009 2.04162
-0.339883 0.149903 2.053
0.481146 0.0117343 1.95468
0.436992 0.0388069 1.95489
0.0630356 0.113408 2.1379
0.0736687 0.408446 2.12866
0.0769016 0.685886 2.1
0.0861036 0.839491 2.07098
-0.0902955 0.586661 2.11416
-0.233552 0.357997 2.10317
-0.359154 0.204377 2.03394
-0.415131 0.147961 2.00316
0.248964 0.576695 2.12609
0.333358 0.337686 2.09971
0.438075 0.148086 2.02296
0.473307 0.080036 2.00486
-0.0105497 0.116041 2.103
-0.085672 -0.265884 2.16079
-0.155956 -0.614204 2.31969
-0.177044 -0.681449 2.24683
0.1345 0.107049 2.10415
0.129209 -0.260167 2.19627
0.0765368 -0.612387 2.35491
0.0820034 -0.691249 2.29108
0.0755654 0.618071 2.10706
-0.467571 0.0745662 1.99558
-0.408986 0.109651 1.96547
0.507404 0.00963093 1.97379
0.465389 0.0291477 1.96775
0.0371747 0.110618 2.12511
0.062895 0.402371 2.12517
0.078667 0.680962 2.10724
0.0898153 0.833657 2.07973
-0.0902549 0.580797 2.11497
-0.238074 0.359245 2.08967
-0.371856 0.215824 2.00834
-0.429342 0.163103 1.97579
0.246982 0.569584 2.13574
0.333115 0.331293 2.11597
0.443112 0.136017 2.04905
0.473209 0.064978 2.03481
-0.0356098 0.116772 2.08896
-0.119929 -0.272878 2.16023
-0.16799 -0.616599 2.31365
-0.180097 -0.683473 2.24785
0.108611 0.100834 2.09259
0.103119 -0.280859 2.18564
0.0719854 -0.616268 2.34671
0.0813082 -0.690913 2.29037
0.075066 0.613476 2.11243
-0.481051 0.0925554 1.96942
-0.420908 0.127858 1.93106
0.507182 -0.00864344 2.01025
0.443346 0.062319 2.07514
0.0028136 0.112045 2.12068
0.0446206 0.400163 2.1207
0.0777363 0.679042 2.10758
0.0914567 0.830842 2.08071
-0.0916772 0.576631 2.11208
-0.245744 0.372438 2.07498
-0.382044 0.233555 1.98879
-0.444299 0.183609 1.95552
0.242356 0.561027 2.13991
0.317683 0.32401 2.12875
0.429303 0.12501 2.07839
0.453864 0.0513016 2.06954
-0.0695081 0.120298 2.08382
-0.147486 -0.260661 2.15992
-0.178175 -0.618659 2.31355
-0.181728 -0.683386 2.24885
0.0749714 0.100158 2.08895
0.0874691 -0.271149 2.17596
0.0693774 -0.617133 2.34168
0.0781715 -0.687094 2.28886
0.0713383 0.611011 2.1125
-0.497076 0.109953 1.9466
-0.434978 0.147975 1.91355
0.489555 -0.0209124 2.05459
0.429927 0.0403526 2.10783
-0.0276439 0.115169 2.12768
0.0263004 0.400839 2.11783
0.0725218 0.676515 2.09557
0.0972545 0.827035 2.06819
-0.10043 0.57928 2.09613
-0.268728 0.396978 2.05568
-0.409664 0.247937 1.96853
-0.473967 0.199614 1.94075
0.236013 0.553697 2.1362
0.306018 0.318308 2.13819
0.400533 0.11014 2.10381
0.417967 0.0335732 2.09725
-0.0982603 0.12625 2.08768
-0.171055 -0.251497 2.17196
-0.185862 -0.616203 2.31813
-0.184385 -0.682216 2.25146
0.0435837 0.100305 2.09927
0.0651978 -0.26672 2.176
0.0653609 -0.614621 2.33778
0.0769535 -0.686996 2.29038
0.0622641 0.609143 2.10332
-0.526301 0.134577 1.94176
-0.457106 0.174347 1.90355
0.450292 -0.0390496 2.09006
0.388876 0.0267834 2.134
-0.0676997 0.119775 2.16039
0.0051265 0.399596 2.11545
0.0649631 0.668265 2.06042
0.10977 0.813639 2.02593
-0.110331 0.585805 2.05761
-0.292094 0.399324 2.04325
-0.447407 0.266681 1.96042
-0.518422 0.21835 1.94851
0.220033 0.538348 2.12192
0.277457 0.305075 2.14925
0.349289 0.0907128 2.13098
0.357997 0.0118381 2.12832
-0.136814 0.133115 2.1132
-0.196584 -0.241099 2.19681
-0.19345 -0.613081 2.32594
-0.185751 -0.681329 2.25373
0.00357367 0.102518 2.13939
0.0401633 -0.26526 2.18661
0.0623898 -0.616971 2.33831
0.0758678 -0.68731 2.29032
0.0501486 0.603001 2.0779
-0.572061 0.157545 1.95692
-0.497302 0.186993 1.92271
0.385667 -0.0630856 2.12322
0.336163 -0.00192401 2.16875
-0.0904022 0.122247 2.19792
-0.00798373 0.394322 2.11689
0.0603278 0.652062 2.02714
0.120459 0.794823 1.98989
-0.110715 0.579907 2.02878
-0.325094 0.414144 2.02062
-0.477156 0.265699 1.95952
-0.542052 0.217694 1.95582
0.208068 0.52876 2.11259
0.256321 0.28643 2.15848
0.312139 0.0708979 2.15086
0.317482 -0.0071931 2.15572
-0.159363 0.135835 2.14616
-0.219344 -0.238067 2.22729
-0.199994 -0.609871 2.33858
-0.188234 -0.679076 2.2565
-0.0185312 0.104851 2.18128
0.021155 -0.263435 2.19933
0.0561739 -0.614812 2.34028
0.073834 -0.686619 2.29096
0.0428565 0.589765 2.05399
-0.595832 0.158163 1.96752
-0.52646 0.182471 1.93579
0.338319 -0.0817596 2.15527
0.285705 -0.000442866 2.1825
-0.102939 0.125952 2.22971
-0.0189963 0.390563 2.1185
0.0515278 0.642396 1.99824
0.123787 0.778282 1.95546
-0.11353 0.570908 2.00037
-0.331497 0.410951 2.00308
-0.490783 0.24736 1.95927
-0.548108 0.194799 1.96103
0.190796 0.523003 2.09925
0.238986 0.279776 2.1683
0.279149 0.0821715 2.17165
0.282853 0.00310572 2.18777
-0.172314 0.13804 2.17489
-0.234428 -0.232259 2.25938
-0.204518 -0.604697 2.3499
-0.190272 -0.677012 2.26051
-0.0303702 0.110093 2.21617
0.00768079 -0.260213 2.22066
0.0524527 -0.614711 2.34548
0.0685526 -0.680394 2.29139
0.033734 0.581311 2.03278
-0.599665 0.137549 1.97986
-0.532309 0.155785 1.93911
0.300413 -0.071633 2.19522
0.236654 0.0277847 2.20182
-0.103787 0.133463 2.2557
-0.0252902 0.389375 2.11966
0.0396564 0.633162 1.96862
0.113923 0.76687 1.92328
-0.118215 0.563051 1.98187
-0.331807 0.398356 1.99303
-0.479786 0.223249 1.95586
-0.528772 0.161208 1.95431
0.180586 0.524035 2.0853
0.228303 0.280792 2.17345
0.263192 0.0813842 2.19753
0.270583 0.00318732 2.22295
-0.173138 0.14434 2.20078
-0.23647 -0.233533 2.27348
-0.204977 -0.60356 2.35084
-0.19133 -0.676822 2.26201
-0.0313005 0.118575 2.24221
0.0022359 -0.263834 2.25324
0.050738 -0.612965 2.35377
0.0637611 -0.676054 2.29429
0.0231918 0.574101 2.0104
-0.579211 0.0998508 1.97764
-0.513648 0.114389 1.93264
0.284536 -0.0718777 2.24632
0.238718 -0.00277399 2.21971
