-0.114991 0.151887 2.18795
-0.0921432 0.440139 2.12379
-0.071815 0.720904 2.04886
-0.0420894 0.873088 2.02028
-0.230222 0.618222 2.05611
-0.35747 0.385018 2.08744
-0.454672 0.19634 2.0712
-0.476315 0.124095 2.07461
0.0940278 0.619161 2.1179
0.131181 0.356897 2.15875
0.194584 0.143963 2.17746
0.216538 0.0712481 2.1811
-0.185048 0.154613 2.14402
-0.22555 -0.215809 2.27247
-0.223235 -0.584428 2.39512
-0.223752 -0.660172 2.31834
-0.04109 0.144838 2.16351
-0.00496594 -0.250215 2.26167
0.0174581 -0.598178 2.37938
0.0298268 -0.673196 2.3097
-0.0764275 0.652324 2.06969
-0.503139 0.0496303 2.08479
-0.429534 0.135142 2.07164
0.239689 -0.00474328 2.19911
0.203887 0.0293185 2.17144
-0.105971 0.156187 2.18983
-0.0916937 0.44434 2.12243
-0.0776682 0.726053 2.04331
-0.0495984 0.88059 2.0179
-0.235685 0.621388 2.05333
-0.353235 0.383316 2.0864
-0.443205 0.190712 2.07229
-0.460203 0.116712 2.07904
0.0872809 0.628311 2.10545
0.129337 0.367996 2.15186
0.19709 0.152359 2.17258
0.219485 0.0796495 2.17913
-0.176891 0.156833 2.14748
-0.2185 -0.220033 2.27751
-0.222447 -0.583219 2.39558
-0.223956 -0.659831 2.31906
-0.0314286 0.151057 2.16367
0.00302721 -0.24062 2.26792
0.0194195 -0.596535 2.38588
0.0310375 -0.674353 2.30765
-0.0806232 0.657187 2.06535
-0.484783 0.0436272 2.08768
-0.416261 0.123285 2.06633
0.241229 0.00118234 2.20208
0.201495 0.0469543 2.16509
-0.0955234 0.160119 2.19197
-0.0900283 0.447871 2.12058
-0.0823086 0.729265 2.03699
-0.0554637 0.885361 2.01489
-0.240482 0.624224 2.0498
-0.348385 0.382096 2.08592
-0.434133 0.184109 2.07478
-0.452354 0.109039 2.08351
0.0840119 0.632176 2.09634
0.129725 0.372423 2.14272
0.200948 0.157814 2.16693
0.222497 0.0834067 2.17586
-0.167404 0.159113 2.15103
-0.211524 -0.22004 2.27861
-0.220552 -0.581506 2.39551
-0.223796 -0.65899 2.32037
-0.0204424 0.156423 2.16436
0.0119999 -0.225995 2.27217
0.0221054 -0.595068 2.39078
0.0301595 -0.673286 2.31254
-0.0836367 0.660475 2.0603
-0.474626 0.0325174 2.09865
-0.399329 0.138894 2.06905
0.244797 0.00777815 2.1972
0.199425 0.0590467 2.16821
-0.0846762 0.161696 2.19105
-0.0855553 0.450096 2.11739
-0.0830824 0.729968 2.03251
-0.0589905 0.887061 2.01191
-0.242148 0.624215 2.04774
-0.34245 0.378934 2.08488
-0.426203 0.17992 2.07739
-0.445334 0.106865 2.08781
0.0834978 0.63363 2.0895
0.134078 0.374842 2.13617
0.210087 0.160475 2.15662
0.234092 0.0909918 2.15918
-0.157454 0.158774 2.15109
-0.204846 -0.222029 2.27881
-0.21826 -0.580287 2.39509
-0.223553 -0.659468 2.31991
-0.00908451 0.159795 2.16249
0.0185368 -0.217256 2.27462
0.0250715 -0.591839 2.39531
0.0314582 -0.673311 2.31379
-0.0835337 0.661523 2.05605
-0.469963 0.0316008 2.10099
-0.397927 0.116293 2.07044
0.256925 0.0131188 2.18207
0.189983 0.105839 2.1438
-0.0754778 0.161241 2.18787
-0.0802302 0.450257 2.11427
-0.0819982 0.729624 2.03013
-0.0591711 0.886958 2.01065
-0.241167 0.623391 2.04632
-0.33666 0.376454 2.08496
-0.420389 0.17601 2.0808
-0.439738 0.101075 2.09311
0.0854512 0.632905 2.08697
0.139856 0.374665 2.13262
0.222848 0.160072 2.14552
0.246056 0.0904625 2.14798
-0.148633 0.157091 2.14888
-0.197671 -0.2265 2.27844
-0.216084 -0.578998 2.39432
-0.220159 -0.658279 2.31966
0.000186048 0.160476 2.15834
0.0243418 -0.213635 2.27601
0.028723 -0.588812 2.39373
0.0330245 -0.672575 2.31456
-0.0817014 0.661302 2.05335
-0.461688 0.0243976 2.10561
-0.387467 0.126475 2.08538
0.270321 0.0129857 2.16098
0.205237 0.0954216 2.13364
-0.0641834 0.159049 2.18391
-0.0727172 0.448701 2.11166
-0.0790063 0.728194 2.02867
-0.0574877 0.885477 2.00957
-0.237074 0.619945 2.0448
-0.331939 0.373131 2.08504
-0.413896 0.171794 2.08427
-0.434107 0.0969627 2.095
0.08949 0.631371 2.08551
0.146462 0.373506 2.1303
0.232272 0.157376 2.1415
0.256211 0.0864384 2.1409
-0.137231 0.154015 2.14509
-0.187804 -0.22541 2.27314
-0.214503 -0.579899 2.39316
-0.219691 -0.658111 2.3207
0.0109297 0.159127 2.15422
0.0314028 -0.213562 2.27467
0.0293619 -0.589916 2.39647
0.0337876 -0.672613 2.31422
-0.077699 0.659847 2.05151
-0.453662 0.0202142 2.11311
-0.380011 0.122924 2.0896
0.286282 0.00737235 2.16389
0.252381 0.0216841 2.126
-0.0522044 0.155362 2.1752
-0.0643686 0.446031 2.10854
-0.0741252 0.725861 2.02917
-0.0538625 0.883019 2.00936
-0.232897 0.617596 2.0444
-0.32615 0.370067 2.08431
-0.408473 0.169112 2.08355
-0.428586 0.0956967 2.09032
0.0943281 0.629385 2.08599
0.152514 0.371264 2.12841
0.237867 0.154947 2.13899
0.262346 0.0859095 2.13908
-0.125652 0.149623 2.13623
-0.180739 -0.227768 2.26862
-0.211376 -0.581975 2.3931
-0.219712 -0.659484 2.31784
0.0229064 0.156215 2.14567
0.0371701 -0.213358 2.27134
0.0313017 -0.588203 2.39134
0.0343044 -0.672978 2.31299
-0.0720287 0.657497 2.05118
-0.452078 0.0185417 2.10486
-0.373839 0.12208 2.0775
0.2879 0.00692276 2.15077
0.220957 0.0938187 2.12924
-0.0433642 0.147561 2.16354
-0.0568515 0.440003 2.10689
-0.0667703 0.718869 2.03821
-0.0462414 0.8759 2.01676
-0.225572 0.610691 2.0511
-0.318401 0.361658 2.08463
-0.404251 0.166052 2.08048
-0.42704 0.0916511 2.08338
0.102804 0.621722 2.0936
0.161096 0.362068 2.12832
0.246993 0.145233 2.13751
0.270248 0.0739348 2.14173
-0.116251 0.142421 2.12255
-0.171961 -0.231345 2.25509
-0.208352 -0.585946 2.39542
-0.219221 -0.659949 2.31791
0.0309706 0.148071 2.13583
0.0461114 -0.21592 2.26641
0.0321096 -0.591143 2.39693
0.0334158 -0.673171 2.31378
-0.0646697 0.650979 2.05687
-0.451213 0.0143424 2.09343
-0.373441 0.112541 2.07038
0.295254 -0.00475067 2.1575
0.224548 0.0891704 2.13208
-0.0437031 0.137171 2.14606
-0.0543907 0.432469 2.10552
-0.0624469 0.710505 2.05139
-0.0408161 0.867155 2.02683
-0.221794 0.603411 2.05723
-0.316803 0.35393 2.08353
-0.402743 0.163644 2.07738
-0.430621 0.0893726 2.07167
0.106787 0.611645 2.10774
0.165671 0.350329 2.13154
0.248612 0.137371 2.14012
0.270077 0.0655855 2.14307
-0.116303 0.132697 2.10195
-0.168231 -0.238583 2.23694
-0.20532 -0.587356 2.39071
-0.218952 -0.660854 2.31694
0.0303091 0.13734 2.12136
0.0491835 -0.221284 2.25722
0.0351893 -0.590277 2.39506
0.0354699 -0.673988 2.31136
-0.0607769 0.642857 2.06579
-0.456311 0.0137602 2.07811
-0.377859 0.114543 2.05726
0.296988 -0.0106058 2.15027
0.226746 0.0725424 2.1312
-0.0495423 0.128859 2.13259
-0.0546862 0.425433 2.10525
-0.0595853 0.703685 2.06523
-0.0370543 0.859356 2.03977
-0.220333 0.597053 2.06441
-0.318914 0.347831 2.08277
-0.407171 0.160807 2.07097
-0.439455 0.087244 2.06309
0.108981 0.602275 2.12551
0.167602 0.339753 2.13985
0.24953 0.124889 2.14601
0.266189 0.050735 2.15183
-0.1212 0.126388 2.08732
-0.174332 -0.242612 2.21247
-0.20499 -0.591076 2.3843
-0.218707 -0.661702 2.31487
0.0235972 0.127088 2.10913
0.0431014 -0.236561 2.25
0.03543 -0.592199 2.38905
0.0370526 -0.677106 2.30827
-0.0587121 0.635769 2.07596
-0.465122 0.00887862 2.07252
-0.390021 0.104206 2.05123
0.290532 -0.0225585 2.16455
0.238584 0.0619464 2.16967
-0.0679489 0.123434 2.12265
-0.0598679 0.420347 2.10472
-0.0577147 0.700888 2.072
-0.0321319 0.854357 2.04716
-0.218559 0.592916 2.06778
-0.32372 0.345485 2.07769
-0.417234 0.159276 2.05914
-0.455938 0.0905051 2.05133
0.110454 0.599192 2.13966
0.163566 0.335161 2.15052
0.243962 0.113835 2.15661
0.256609 0.0371639 2.16573
-0.138056 0.124733 2.07554
-0.193943 -0.242157 2.19239
-0.214773 -0.594187 2.37094
-0.219575 -0.662729 2.3123
0.00389715 0.117814 2.10113
0.0310949 -0.252732 2.24429
0.0324968 -0.594825 2.38077
0.0373141 -0.67746 2.307
-0.0584246 0.632669 2.08106
-0.480527 0.0105348 2.06688
-0.410131 0.102325 2.03333
0.283294 -0.0345897 2.17573
0.227331 0.0455307 2.18376
-0.102211 0.121902 2.12599
-0.0681385 0.417197 2.10465
-0.0492536 0.698789 2.07267
-0.0160761 0.846746 2.04629
-0.213497 0.591998 2.06429
-0.33484 0.351605 2.06652
-0.438248 0.172111 2.0428
-0.48118 0.116905 2.03596
0.114829 0.586372 2.14557
0.158854 0.322622 2.17094
0.229209 0.100246 2.17505
0.237777 0.0230997 2.18918
-0.171513 0.129186 2.07494
-0.231316 -0.230787 2.19042
-0.233911 -0.59298 2.36528
-0.226077 -0.666695 2.30435
-0.0299743 0.110601 2.10859
0.00318549 -0.259543 2.23318
0.0207314 -0.595562 2.36959
0.0349108 -0.676665 2.30506
-0.0553415 0.630756 2.08225
-0.512836 0.0403479 2.05428
-0.43548 0.122649 2.01864
0.264338 -0.052816 2.20214
0.208113 0.0164118 2.17156
-0.117546 0.125732 2.13662
-0.0724049 0.417262 2.10478
-0.0418894 0.697532 2.06414
-6.35571e-005 0.842414 2.03497
-0.204718 0.594214 2.0511
-0.341126 0.36272 2.05898
-0.44924 0.18454 2.03647
-0.496289 0.132322 2.02986
0.11653 0.585508 2.14393
0.155528 0.322488 2.17805
0.2163 0.0928294 2.18689
0.222987 0.0164724 2.20047
-0.18516 0.133534 2.08253
-0.24393 -0.220385 2.19757
-0.236044 -0.591276 2.36724
-0.228269 -0.666312 2.30565
-0.0463145 0.11378 2.12251
-0.0081948 -0.258604 2.22976
0.0191228 -0.595031 2.36737
0.032498 -0.674796 2.30439
-0.0517736 0.629733 2.07759
-0.529048 0.0557339 2.0477
-0.489892 0.0858854 2.01293
0.247646 -0.0591764 2.21421
0.176436 0.0410862 2.1815
-0.138921 0.133424 2.19028
-0.0759303 0.415833 2.1065
-0.0246227 0.685542 2.02163
0.0328275 0.825366 1.99345
-0.187251 0.589104 2.00799
-0.353362 0.381543 2.03517
-0.473996 0.207316 2.02377
-0.523034 0.159208 2.02024
0.116766 0.579524 2.13191
0.135391 0.319624 2.18871
0.180558 0.0911351 2.21264
0.18178 0.0153253 2.23005
-0.20474 0.141229 2.13149
-0.265895 -0.206369 2.24909
-0.24072 -0.584235 2.38611
-0.230273 -0.664367 2.3121
-0.0688028 0.121267 2.18095
-0.0221497 -0.256841 2.23368
0.0162257 -0.597798 2.36471
0.0292992 -0.67246 2.30358
-0.0395538 0.620161 2.04836
-0.562221 0.0862798 2.05209
-0.488514 0.143237 2.0161
0.200742 -0.0600842 2.2499
0.134645 0.0373955 2.20908
-0.144245 0.142424 2.24518
-0.0791716 0.412324 2.11066
-0.0207435 0.665854 1.97313
0.0447444 0.797876 1.94146
-0.178431 0.573157 1.97326
-0.361866 0.384967 2.01415
-0.491032 0.211453 2.00587
-0.538339 0.160951 1.99988
0.119476 0.558292 2.09584
0.124232 0.314093 2.19503
0.154014 0.0849761 2.24606
0.155402 0.0145239 2.27229
-0.20929 0.147821 2.19268
-0.276035 -0.208029 2.29563
-0.243222 -0.580357 2.3971
-0.232475 -0.662008 2.3149
-0.0747741 0.13254 2.22973
-0.0365104 -0.261832 2.2666
0.0128178 -0.603619 2.3647
0.0257276 -0.670595 2.30542
-0.0360774 0.604385 2.0128
-0.583998 0.0890999 2.02187
-0.502678 0.146944 1.99346
0.165368 -0.0618976 2.29976
0.11031 0.0499469 2.2416
-0.143434 0.149634 2.27468
-0.0813206 0.406618 2.11269
-0.0239741 0.643321 1.94176
0.0393831 0.774646 1.9093
-0.175484 0.555688 1.95473
-0.365811 0.378634 2.00617
-0.497467 0.206854 1.99646
-0.544287 0.154446 1.99331
0.122131 0.543701 2.06927
0.125083 0.31403 2.19427
0.161353 0.0883461 2.26382
0.168633 0.0240641 2.30285
-0.208601 0.154121 2.22337
-0.277565 -0.202891 2.31774
-0.24479 -0.576439 2.40222
-0.232456 -0.658795 2.31914
-0.0741901 0.140855 2.2579
-0.0362056 -0.264716 2.3056
0.0132035 -0.603908 2.37762
0.021654 -0.665949 2.31164
-0.0384882 0.585764 1.989
-0.59243 0.0828276 2.01072
-0.514935 0.138008 1.98417
0.172536 -0.0503392 2.34187
0.135181 0.0269127 2.28457
-0.133151 0.156306 2.29437
-0.0818571 0.402227 2.1135
-0.0328335 0.6287 1.92154
0.0303534 0.760224 1.88443
-0.177486 0.546146 1.94575
-0.364958 0.368294 2.00267
-0.497692 0.19793 1.99812
-0.536761 0.143178 1.99976
0.122872 0.538566 2.03609
0.146041 0.32562 2.18267
0.188799 0.128394 2.26247
0.210893 0.0580134 2.29803
-0.199483 0.161522 2.24889
-0.266209 -0.214443 2.34707
-0.243807 -0.57663 2.40417
-0.232015 -0.658614 2.31785
-0.0631081 0.14652 2.27197
-0.0226903 -0.245066 2.33711
0.0166827 -0.599882 2.3848
0.0211288 -0.664622 2.31501
-0.0446269 0.573522 1.97339
-0.583724 0.0762377 2.0039
-0.539228 0.0975077 1.97796
0.225698 -0.0146337 2.35039
0.168023 0.0700268 2.29443
-0.108384 0.165922 2.30532
-0.078335 0.400868 2.11181
-0.0391704 0.624064 1.90619
0.0143392 0.756207 1.86741
-0.179539 0.543659 1.94232
-0.358178 0.361405 2.00989
-0.47829 0.184192 2.01574
-0.518258 0.120655 2.0215
0.123328 0.541353 2.0246
0.179794 0.329167 2.16385
0.235238 0.137668 2.24863
0.265342 0.0676105 2.27762
-0.178503 0.170502 2.2637
-0.242213 -0.226708 2.36383
-0.241009 -0.577095 2.40588
-0.231951 -0.658033 2.31752
-0.0345966 0.156617 2.27852
-0.000839688 -0.225646 2.35412
0.0208733 -0.59181 2.39391
0.0232344 -0.664086 2.31893
-0.0478395 0.569815 1.96103
-0.564314 0.0543763 2.02616
-0.466724 0.129209 2.03
0.291315 -0.000457512 2.33745
0.212514 0.112653 2.2635
-0.0485069 0.170444 2.29813
-0.0520697 0.404294 2.10558
-0.042385 0.626783 1.90169
-0.00980133 0.770377 1.86357
-0.183221 0.549136 1.94719
-0.336782 0.353792 2.03366
-0.443662 0.166326 2.04847
-0.479222 0.10023 2.05697
0.122916 0.551473 2.00825
0.206761 0.340196 2.13622
0.290464 0.161501 2.18544
0.323388 0.0903826 2.20327
-0.123568 0.170329 2.26236
-0.191583 -0.226958 2.3464
-0.226993 -0.582483 2.40754
-0.2295 -0.658091 2.31828
0.0281538 0.165668 2.26528
0.034662 -0.21327 2.3589
0.0329582 -0.582875 2.3983
0.0329059 -0.668873 2.31868
-0.0470432 0.572326 1.956
-0.515361 0.0301674 2.06532
-0.425067 0.119227 2.04906
0.358343 0.0190301 2.24872
0.297488 0.0785566 2.22171
-0.0121087 0.16799 2.28621
-0.0331289 0.406333 2.10617
-0.042584 0.634992 1.91273
-0.0259325 0.790831 1.87948
-0.183315 0.561482 1.9642
-0.311479 0.353647 2.06133
-0.412566 0.163782 2.07594
-0.447477 0.0975658 2.08455
0.12358 0.558344 2.00455
0.227615 0.3494 2.11443
0.315589 0.161153 2.14595
0.353948 0.091217 2.14459
-0.0872765 0.162674 2.25036
-0.157082 -0.240607 2.32856
-0.219291 -0.590191 2.40736
-0.22651 -0.659963 2.31785
0.0637327 0.168113 2.25338
0.0674949 -0.210666 2.35459
0.0425931 -0.584275 2.40915
0.0387546 -0.665131 2.3205
-0.0417832 0.578494 1.96278
-0.486157 0.023364 2.0888
-0.394781 0.107023 2.07619
0.397201 0.0202673 2.16367
0.329789 0.0656907 2.14676
0.0223952 0.165152 2.26325
-0.0147462 0.415335 2.10615
-0.0402184 0.659476 1.93711
-0.0373604 0.813004 1.90917
-0.184348 0.566912 1.97842
-0.292064 0.349423 2.07931
-0.385529 0.162616 2.09971
-0.419047 0.0953556 2.10701
0.130813 0.592176 2.00142
0.242206 0.368046 2.08651
0.332515 0.168269 2.09963
0.368129 0.101002 2.08794
-0.0539307 0.155343 2.22678
-0.123081 -0.246639 2.29075
-0.209432 -0.589321 2.40335
-0.226483 -0.660442 2.31789
0.0981103 0.169975 2.23112
0.102756 -0.201458 2.33774
0.0473836 -0.583339 2.4072
0.0377872 -0.667492 2.32482
-0.0337254 0.598842 1.97995
-0.458859 0.0211806 2.10659
-0.367764 0.103461 2.10539
0.404613 0.0231941 2.09544
0.352647 0.0628764 2.08138
0.0555457 0.146408 2.22727
0.00516512 0.415883 2.1107
-0.0322329 0.67442 1.98668
-0.0397224 0.83114 1.96456
-0.186327 0.567935 2.04141
-0.269964 0.32925 2.10583
-0.358003 0.155428 2.12272
-0.389778 0.0879109 2.12845
0.142081 0.601985 2.03302
0.255505 0.36687 2.08282
0.357255 0.178 2.05469
0.398533 0.114276 2.03109
-0.0196708 0.134402 2.19403
-0.0920662 -0.249096 2.2428
-0.200042 -0.593183 2.38856
-0.222952 -0.664948 2.30699
0.129061 0.153897 2.19192
0.125968 -0.225798 2.32377
0.0539088 -0.588013 2.4055
0.0409012 -0.669731 2.31965
-0.0221709 0.610558 2.01766
-0.430095 0.0141138 2.1273
-0.34473 0.0816438 2.12264
0.443205 0.0381869 2.01975
0.395014 0.0566808 2.01285
0.0653951 0.127559 2.19928
0.0136563 0.411057 2.11574
-0.0274721 0.67888 2.02863
-0.0330217 0.835907 2.00858
-0.183066 0.56294 2.0635
-0.265597 0.325965 2.11233
-0.357437 0.145854 2.1281
-0.400885 0.0781652 2.12604
0.148118 0.595559 2.06413
0.264592 0.364865 2.08435
0.374849 0.184825 2.03969
0.423134 0.124664 2.01646
-0.00921739 0.115562 2.16604
-0.0827653 -0.254004 2.22638
-0.191652 -0.591559 2.37605
-0.217458 -0.663684 2.30495
0.137966 0.13557 2.16396
0.127483 -0.281742 2.31575
0.0583178 -0.592163 2.4023
0.0438807 -0.672734 2.31501
-0.0165475 0.612548 2.05061
-0.446998 0.000373176 2.122
-0.347853 0.0865676 2.11988
0.469483 0.0509259 2.00111
0.4236 0.0679282 1.99
0.063578 0.115413 2.17496
0.0169341 0.407031 2.12047
-0.0232093 0.682328 2.06587
-0.0269947 0.839373 2.04585
-0.184252 0.559576 2.09077
-0.267193 0.326152 2.11559
-0.382757 0.140734 2.11331
-0.433542 0.0796802 2.09565
0.149178 0.593197 2.07456
0.27619 0.356932 2.08953
0.393078 0.185355 2.0381
0.441148 0.126089 2.02423
-0.0100313 0.105085 2.14172
-0.084612 -0.261257 2.21392
-0.190544 -0.595884 2.375
-0.21517 -0.665574 2.29999
0.135155 0.122027 2.13958
0.131661 -0.254593 2.26045
0.0609136 -0.594859 2.38859
0.0446394 -0.675652 2.31187
-0.0129747 0.614046 2.08012
-0.486384 0.00288052 2.0963
-0.378979 0.0863893 2.09981
0.489058 0.0522902 2.01437
0.411249 0.131149 2.056
0.045975 0.105856 2.14938
0.0140991 0.402195 2.12564
-0.0197037 0.680644 2.09916
-0.0196005 0.838031 2.07765
-0.183616 0.561244 2.11516
-0.282766 0.327099 2.11589
-0.405232 0.157325 2.08201
-0.461922 0.100543 2.05544
0.153867 0.589791 2.0959
0.279495 0.3516 2.09869
0.403802 0.182561 2.04892
0.450486 0.118225 2.04421
-0.027428 0.0971176 2.11363
-0.104743 -0.27579 2.20544
-0.200268 -0.602954 2.37308
-0.214889 -0.666802 2.29738
0.117843 0.111247 2.1164
0.121839 -0.252501 2.24068
0.0599642 -0.599403 2.37483
0.0453181 -0.678481 2.30782
-0.0118566 0.611868 2.10646
-0.51671 0.0199536 2.04952
-0.402739 0.108987 2.05375
0.49935 0.0439902 2.04646
0.439901 0.0765462 2.02519
0.00622091 0.101056 2.12891
-0.00184809 0.396672 2.13239
-0.018939 0.678794 2.12463
-0.0106034 0.836272 2.10351
-0.184779 0.565108 2.13012
-0.316077 0.333617 2.11031
-0.432066 0.179845 2.04782
-0.490561 0.126093 2.01642
0.160987 0.5733 2.14895
0.273278 0.335689 2.12441
0.405243 0.165678 2.08638
0.444169 0.0972253 2.08487
-0.0668762 0.0971573 2.09141
-0.134504 -0.273561 2.19567
-0.205777 -0.602929 2.36959
-0.215646 -0.667692 2.29756
0.0789486 0.101735 2.09772
0.0932728 -0.256848 2.20855
0.0490291 -0.609429 2.36486
0.0438034 -0.684157 2.30077
-0.0149619 0.609628 2.12736
-0.542959 0.0486776 2.00501
-0.454915 0.126693 2.0512
0.488488 0.025625 2.08346
0.420757 0.0744747 2.07557
-0.0324735 0.108757 2.12823
-0.0200388 0.39963 2.13564
-0.0188739 0.679708 2.12981
-0.00474708 0.837055 2.10741
-0.185507 0.569504 2.13166
-0.331727 0.352033 2.10297
-0.448781 0.202017 2.03626
-0.511909 0.146409 2.00576
0.158542 0.573739 2.16116
0.260885 0.334518 2.14584
0.384306 0.153792 2.11171
0.41333 0.0828593 2.1109
-0.104096 0.109065 2.09034
-0.169821 -0.267955 2.19444
-0.21204 -0.602643 2.36602
-0.217903 -0.668433 2.29526
0.0400771 0.104967 2.09751
0.0619837 -0.267781 2.18629
0.0407678 -0.615272 2.3545
0.0424682 -0.683648 2.30053
-0.0174699 0.610874 2.13255
-0.560509 0.0722198 2.00351
-0.511043 0.117205 1.9515
0.456208 0.0120603 2.11043
0.380609 0.0822901 2.15071
-0.0672055 0.116694 2.14424
-0.0364036 0.404081 2.13565
-0.0181771 0.682009 2.11881
0.0070466 0.838059 2.09724
-0.186112 0.576146 2.12291
-0.343855 0.36649 2.0981
-0.470556 0.220779 2.03135
-0.536354 0.169019 2.01001
0.15625 0.575634 2.16298
0.242912 0.335254 2.16173
0.350849 0.135042 2.13677
0.373948 0.0624827 2.13805
-0.139378 0.12084 2.10463
-0.203278 -0.240754 2.20052
-0.217751 -0.599506 2.36216
-0.220043 -0.668829 2.29534
0.00691827 0.108897 2.1154
0.0359326 -0.270954 2.17162
0.0349595 -0.616769 2.34973
0.0398409 -0.68322 2.29779
-0.0213246 0.613642 2.12612
-0.587364 0.0987836 2.01533
-0.518996 0.144133 1.97729
0.410958 -0.0104721 2.14339
0.345852 0.0572367 2.174
-0.10557 0.125196 2.19696
-0.0514227 0.407285 2.14131
-0.0119109 0.681071 2.08632
0.0298612 0.832762 2.0529
-0.181778 0.588433 2.09122
-0.364455 0.391658 2.08927
-0.504665 0.23431 2.03516
-0.572483 0.188782 2.03033
0.15219 0.572908 2.15176
0.222678 0.327096 2.1728
0.304894 0.114234 2.16407
0.31632 0.0372218 2.16897
-0.177602 0.134026 2.15251
-0.237726 -0.224103 2.24445
-0.232093 -0.592604 2.37602
-0.22271 -0.668717 2.29633
-0.0302468 0.11241 2.17296
0.00286208 -0.271518 2.17596
0.0274844 -0.615939 2.34608
0.0358757 -0.682523 2.29596
-0.0225879 0.614314 2.10615
-0.620181 0.122191 2.04626
-0.550109 0.162736 1.99064
0.343128 -0.0346296 2.18406
0.275617 0.0555568 2.172
-0.114749 0.134884 2.23677
-0.0560143 0.407786 2.14386
-0.00875302 0.672694 2.04645
0.0413368 0.818458 2.00945
-0.174095 0.589736 2.06025
-0.36366 0.402862 2.08133
-0.516276 0.242175 2.03867
-0.581788 0.193441 2.04161
0.149229 0.570317 2.13655
0.211438 0.318562 2.18161
0.274122 0.108403 2.18404
0.281595 0.0289648 2.19945
-0.185955 0.144158 2.18881
-0.248398 -0.212819 2.27664
-0.239872 -0.585807 2.39151
-0.227009 -0.664567 2.30169
-0.0401201 0.121445 2.2164
-0.0100888 -0.265487 2.20272
0.0237946 -0.613118 2.34612
0.0324928 -0.679683 2.29589
-0.021719 0.608714 2.07664
-0.626361 0.132655 2.06191
-0.57077 0.156011 2.00985
0.306921 -0.0482453 2.2155
0.254722 0.00942678 2.18729
-0.114077 0.14739 2.27418
-0.0582121 0.408766 2.14523
-0.0111025 0.663042 2.00975
0.0449832 0.803678 1.96571
-0.170183 0.58627 2.04144
-0.35966 0.400876 2.06977
-0.51672 0.241031 2.04073
-0.570902 0.186425 2.04531
0.148976 0.566727 2.10495
0.20326 0.321416 2.18777
0.257349 0.111599 2.20735
0.26556 0.0349064 2.23165
-0.18549 0.156004 2.22766
-0.252704 -0.212494 2.30757
-0.241197 -0.581744 2.39486
-0.22871 -0.661331 2.30502
-0.0392524 0.134345 2.25232
-0.0121099 -0.254755 2.24691
0.0211659 -0.604639 2.35041
0.0305249 -0.674614 2.30109
-0.0235448 0.602046 2.04907
-0.621208 0.127796 2.07278
-0.559781 0.146597 2.00809
0.282431 -0.040977 2.25478
0.235618 0.0243137 2.22127
-0.103657 0.160017 2.30266
-0.0579057 0.408669 2.14509
-0.0107754 0.647175 1.97422
0.0456125 0.783839 1.92752
-0.16176 0.56956 2.00239
-0.352979 0.393509 2.05391
-0.503511 0.217079 2.0444
-0.54784 0.160254 2.0489
0.151099 0.561492 2.07766
0.200547 0.327374 2.18597
0.25504 0.117879 2.22337
0.271487 0.0415047 2.25745
-0.174289 0.166157 2.25724
-0.24328 -0.231296 2.34028
-0.240446 -0.580619 2.39526
-0.229191 -0.660384 2.30548
-0.0298637 0.149089 2.27984
-0.00324354 -0.239195 2.30341
0.0206388 -0.599432 2.36836
0.0272885 -0.670657 2.30999
-0.0221658 0.589905 2.02116
-0.603024 0.101835 2.0805
-0.539297 0.117057 2.01862
0.28791 -0.0368708 2.29014
0.230294 0.0603856 2.25525
-0.0767915 0.185548 2.33853
-0.050872 0.409651 2.14446
-0.0119422 0.635766 1.95186
0.0400589 0.769333 1.90145
-0.157538 0.560576 1.98793
-0.338333 0.376209 2.04635
-0.470996 0.185277 2.04912
-0.514539 0.122836 2.05502
0.153698 0.567286 2.05027
0.20704 0.343921 2.1751
0.270843 0.130181 2.23379
0.298571 0.0575079 2.26578
-0.149023 0.187713 2.29431
-0.219686 -0.251096 2.36227
-0.238533 -0.580295 2.39801
-0.228931 -0.658863 2.30622
-0.00223909 0.178019 2.31431
0.0162087 -0.225032 2.3515
0.0282652 -0.592806 2.39226
0.0317901 -0.668248 2.32627
-0.020891 0.581786 2.00407
-0.558752 0.0589851 2.08694
-0.503026 0.0784126 2.01773
0.317326 -0.0183251 2.30426
0.252442 0.0933289 2.25856
-0.0131473 0.177321 2.31617
-0.0239179 0.412802 2.13955
-0.0133039 0.63169 1.94064
0.0268548 0.769594 1.88661
-0.155023 0.558483 1.98429
-0.309011 0.35438 2.05249
-0.422731 0.153437 2.0591
-0.458918 0.0802054 2.06526
0.154145 0.573749 2.03572
0.231119 0.355281 2.1571
0.314707 0.153118 2.21715
0.34889 0.0833805 2.23843
-0.0882171 0.174017 2.27694
-0.177124 -0.243232 2.33752
-0.224798 -0.591638 2.39842
-0.225771 -0.662034 2.30522
0.0622997 0.175384 2.28694
0.0470942 -0.204893 2.37056
0.034659 -0.591147 2.42652
0.0471367 -0.665916 2.33052
-0.0184457 0.579405 1.99477
-0.502804 0.00766149 2.10165
-0.450648 0.032832 2.029
0.370347 0.00534006 2.28381
0.294987 0.123738 2.23844
0.0155707 0.170821 2.30368
-0.00494096 0.410359 2.13395
-0.0135703 0.636466 1.94636
0.0142522 0.783404 1.8954
-0.156074 0.5641 1.99649
-0.283247 0.344351 2.07106
-0.386657 0.138429 2.0722
-0.418898 0.0633472 2.0755
0.15455 0.575388 2.03627
0.253405 0.3587 2.14593
0.345293 0.171001 2.18167
0.388614 0.101932 2.18949
-0.0609257 0.16612 2.26745
-0.127337 -0.242749 2.29683
-0.210751 -0.592565 2.39595
-0.221326 -0.662753 2.30731
0.0916729 0.170462 2.2713
0.0774591 -0.204424 2.3708
0.0472067 -0.580308 2.41891
0.0517812 -0.66266 2.3327
-0.0145578 0.581483 1.99601
-0.464094 -0.00958411 2.10934
-0.413165 0.0179444 2.03693
0.427784 0.0249147 2.22787
0.358436 0.0873086 2.19643
0.0510203 0.160714 2.27728
0.0127992 0.410475 2.13228
-0.0120065 0.649853 1.9729
0.00328298 0.8009 1.92755
-0.161459 0.566793 2.01986
-0.264424 0.332196 2.08802
-0.362342 0.122686 2.08406
-0.392391 0.0483127 2.08559
0.15822 0.589493 2.0441
0.268683 0.366501 2.13184
0.378056 0.176906 2.14371
0.425051 0.111731 2.1373
-0.0250453 0.150608 2.24182
-0.0893605 -0.242491 2.26042
-0.200587 -0.593856 2.38459
-0.216956 -0.664017 2.30243
0.125616 0.165924 2.24418
0.113087 -0.206371 2.35235
0.0512925 -0.580028 2.41587
0.0542681 -0.663796 2.33199
-0.00633329 0.590379 2.01256
-0.430962 -0.0267859 2.11158
-0.389241 0.00198211 2.0475
0.473397 0.0361893 2.15897
0.394749 0.0947417 2.15117
0.0703932 0.142391 2.24376
0.0237966 0.40767 2.13233
-0.008927 0.659019 2.0085
0.000626471 0.813059 1.97039
-0.164443 0.566441 2.04643
-0.252392 0.321174 2.10055
-0.349885 0.114075 2.0908
-0.379594 0.0381491 2.09078
0.164407 0.594775 2.06566
0.277439 0.361963 2.12624
0.401071 0.174391 2.11018
0.446563 0.112697 2.09777
-0.00517552 0.13128 2.20813
-0.0718685 -0.248989 2.23645
-0.19331 -0.595899 2.37552
-0.21263 -0.665737 2.3011
0.143794 0.149131 2.21089
0.128808 -0.237282 2.33601
0.0607254 -0.582368 2.41007
0.0582721 -0.667543 2.32878
-8.05935e-005 0.596518 2.0386
-0.415534 -0.0375922 2.11457
-0.37691 -0.00568072 2.05125
0.493698 0.0362851 2.11693
0.414159 0.0966293 2.0987
0.0789305 0.126374 2.20814
0.0296973 0.404692 2.13274
-0.00674179 0.668064 2.04684
0.00449462 0.824033 2.0122
-0.164324 0.563866 2.06933
-0.248086 0.315107 2.10754
-0.343545 0.108933 2.09227
-0.374861 0.033467 2.08694
0.169801 0.590076 2.09269
0.285163 0.355726 2.12057
0.404674 0.1791 2.09079
0.447944 0.116605 2.06742
0.00418775 0.116849 2.17267
-0.0667047 -0.24978 2.21247
-0.19017 -0.596096 2.37103
-0.210133 -0.66557 2.29935
0.151212 0.132008 2.17506
0.138127 -0.257221 2.30128
0.0652096 -0.585787 2.40379
0.0601768 -0.6729 2.3267
0.00328846 0.602419 2.06741
-0.408724 -0.0448754 2.10896
-0.371114 -0.00792825 2.04269
0.495827 0.0370817 2.0757
0.438392 0.0734629 2.05318
