-0.128243 -0.0554552 2.32191
-0.125597 0.251112 2.29782
-0.122402 0.547394 2.26163
-0.107677 0.689718 2.24585
-0.272349 0.421717 2.23929
-0.32873 0.168971 2.25476
-0.350646 -0.0507717 2.22424
-0.34813 -0.0628463 2.22565
0.0389555 0.428614 2.2836
0.0850762 0.171671 2.31919
0.109539 -0.0466206 2.27743
0.0972458 -0.0572688 2.27696
-0.199092 -0.0565905 2.27573
-0.196787 -0.35473 2.35772
-0.201655 -0.655024 2.41964
-0.196556 -0.730077 2.33453
-0.0533485 -0.0525851 2.29533
-0.0578101 -0.369269 2.37914
-0.0765761 -0.64262 2.42963
-0.0655351 -0.72531 2.34758
-0.123286 0.474786 2.27291
-0.362152 -0.131629 2.22255
-0.295615 -0.0481504 2.21681
0.105215 -0.132848 2.28246
0.133449 -0.059069 2.27059
-0.128968 -0.0553901 2.3219
-0.12634 0.25104 2.29736
-0.123292 0.547145 2.26023
-0.108467 0.690379 2.24584
-0.27348 0.421658 2.23901
-0.329734 0.168998 2.25486
-0.352346 -0.0507242 2.22501
-0.347785 -0.0625992 2.22486
0.0374972 0.428412 2.28151
0.0845319 0.171982 2.31833
0.107356 -0.0465928 2.27729
0.0981301 -0.0566473 2.27164
-0.199919 -0.056589 2.27578
-0.19743 -0.354602 2.35836
-0.201433 -0.655444 2.42032
-0.196364 -0.730109 2.3341
-0.0540473 -0.0524659 2.29525
-0.0591021 -0.369295 2.37913
-0.0773674 -0.642623 2.42949
-0.0655934 -0.725342 2.34782
-0.124156 0.474583 2.27177
-0.361803 -0.132911 2.22468
-0.297889 -0.0518553 2.2191
0.101789 -0.132517 2.28129
0.134375 -0.0624922 2.27265
-0.129416 -0.0553122 2.32109
-0.127221 0.251361 2.29644
-0.124566 0.547745 2.25918
-0.111021 0.692455 2.24723
-0.274809 0.421804 2.2376
-0.330274 0.168069 2.25208
-0.352502 -0.0517052 2.22238
-0.347214 -0.0636642 2.21902
0.0362638 0.428685 2.27768
0.085109 0.176176 2.31163
0.109503 -0.0418773 2.26796
0.10002 -0.0544063 2.25741
-0.200346 -0.0566353 2.2754
-0.197516 -0.354279 2.35875
-0.201774 -0.654212 2.41983
-0.19577 -0.729566 2.33487
-0.0545591 -0.0521845 2.29369
-0.0584402 -0.36869 2.37868
-0.07652 -0.641371 2.42917
-0.0657177 -0.725288 2.34748
-0.125333 0.475105 2.27072
-0.363621 -0.131386 2.21963
-0.314946 -0.0560541 2.2415
0.104657 -0.13214 2.27029
0.127054 -0.0544126 2.23382
-0.129286 -0.0551687 2.32087
-0.127197 0.251699 2.29589
-0.124509 0.548548 2.25778
-0.111075 0.692889 2.24708
-0.274506 0.421944 2.23533
-0.330367 0.167888 2.25138
-0.352461 -0.0519633 2.22244
-0.347808 -0.0634624 2.22231
0.0366401 0.428939 2.27576
0.0852125 0.177487 2.31048
0.109807 -0.0408537 2.26891
0.101237 -0.0542096 2.26805
-0.200196 -0.0564288 2.27534
-0.197464 -0.353586 2.35848
-0.201449 -0.653618 2.41957
-0.196619 -0.728767 2.33731
-0.0543719 -0.0521907 2.29347
-0.0574688 -0.368516 2.37897
-0.0758217 -0.639959 2.42859
-0.0658322 -0.725356 2.34789
-0.125295 0.475776 2.26959
-0.362216 -0.131657 2.22297
-0.302197 -0.0494202 2.22517
0.107449 -0.126655 2.27096
0.137111 -0.0521167 2.26394
-0.129125 -0.0547383 2.32111
-0.126897 0.252092 2.29524
-0.12395 0.548853 2.25596
-0.110806 0.692575 2.24505
-0.274025 0.422224 2.23341
-0.329986 0.168063 2.25107
-0.351902 -0.0519053 2.22339
-0.345089 -0.0628975 2.22509
0.0373799 0.430258 2.27317
0.0855804 0.177977 2.31029
0.112639 -0.0401664 2.26944
0.101467 -0.0540724 2.26619
-0.199976 -0.0559713 2.27603
-0.197886 -0.352971 2.35862
-0.201325 -0.653411 2.41939
-0.197866 -0.729323 2.33677
-0.0542355 -0.0517152 2.29345
-0.0572248 -0.367882 2.37914
-0.0760002 -0.642214 2.42948
-0.0662793 -0.724825 2.34914
-0.124801 0.47613 2.26807
-0.357843 -0.131222 2.22406
-0.299307 -0.0422384 2.22063
0.107545 -0.126742 2.27263
0.130056 -0.0616656 2.25154
-0.128391 -0.0544442 2.32099
-0.126489 0.252283 2.29403
-0.123775 0.548846 2.25368
-0.11024 0.692252 2.2416
-0.273998 0.422514 2.23211
-0.332112 0.168853 2.25018
-0.360598 -0.0506529 2.22822
-0.354229 -0.0520186 2.23709
0.0373945 0.429424 2.27225
0.0847808 0.176415 2.31649
0.118951 -0.0418499 2.28598
0.0944597 -0.0692089 2.2959
-0.199157 -0.0557845 2.27636
-0.198509 -0.352469 2.35827
-0.201309 -0.65316 2.41923
-0.197726 -0.72936 2.33607
-0.0535081 -0.0513095 2.29287
-0.0581201 -0.366876 2.37868
-0.0749409 -0.640256 2.42849
-0.0660858 -0.725186 2.34824
-0.124555 0.47618 2.26605
-0.357807 -0.129052 2.25026
-0.301969 -0.0472079 2.21995
0.0853001 -0.125869 2.3073
0.110462 -0.0749414 2.28973
-0.130291 -0.043509 2.31674
-0.126855 0.25789 2.2893
-0.123047 0.550632 2.24936
-0.109047 0.693072 2.23491
-0.283888 0.439787 2.22979
-0.499393 0.349033 2.18628
-0.713135 0.305431 2.16014
-0.766076 0.276512 2.14508
0.0496976 0.445791 2.28423
0.259905 0.36497 2.33168
0.471794 0.35364 2.37525
0.519737 0.320742 2.37742
-0.20113 -0.0443974 2.27189
-0.201803 -0.344187 2.35642
-0.200233 -0.653824 2.41933
-0.196963 -0.730024 2.33455
-0.0553687 -0.0411043 2.28873
-0.0600147 -0.360027 2.37622
-0.0758607 -0.644838 2.42781
-0.0628033 -0.727591 2.34779
-0.124101 0.478762 2.26162
-0.826401 0.240191 2.1548
-0.780006 0.259236 2.15417
0.564607 0.297564 2.38488
0.507761 0.311323 2.37009
-0.128025 -0.00805662 2.31861
-0.122473 0.281897 2.27941
-0.116305 0.563735 2.2276
-0.106414 0.694124 2.21997
-0.292913 0.479601 2.21746
-0.510483 0.500098 2.17908
-0.707147 0.591598 2.15705
-0.784499 0.611347 2.15358
0.0648385 0.496187 2.28683
0.273518 0.531517 2.33093
0.461424 0.625642 2.37699
0.514149 0.648459 2.39511
-0.198346 -0.00977123 2.27047
-0.202878 -0.330858 2.35311
-0.202078 -0.654757 2.42139
-0.197513 -0.729551 2.33573
-0.0536964 -0.00607278 2.29391
-0.0606569 -0.34413 2.37239
-0.0767627 -0.645954 2.42964
-0.0637254 -0.725641 2.35042
-0.117994 0.494624 2.24295
-0.867288 0.629111 2.16728
-0.761502 0.604359 2.16529
0.57166 0.675685 2.42552
0.529306 0.63684 2.37679
-0.127964 -0.00295853 2.31881
-0.121594 0.285965 2.27752
-0.114546 0.565822 2.22374
-0.106438 0.695864 2.21819
-0.292156 0.487879 2.21898
-0.509537 0.513325 2.18792
-0.711204 0.593899 2.17474
-0.782221 0.599678 2.17285
0.0654143 0.502106 2.2855
0.27309 0.540585 2.33081
0.466513 0.616951 2.3848
0.523249 0.624949 2.39663
-0.198338 -0.00444456 2.27103
-0.203423 -0.327822 2.35254
-0.202338 -0.65433 2.4216
-0.196941 -0.729692 2.33528
-0.0535829 -0.0013019 2.29374
-0.058989 -0.339363 2.37081
-0.0762968 -0.644884 2.42956
-0.0634388 -0.726524 2.34874
-0.116445 0.497265 2.23947
-0.864091 0.628543 2.19824
-0.740572 0.564174 2.18529
0.575252 0.640363 2.40805
0.510464 0.607298 2.37641
-0.128528 -0.02222 2.31398
-0.123244 0.275038 2.28242
-0.117583 0.560215 2.23891
-0.109364 0.698427 2.23251
-0.28748 0.462408 2.23302
-0.480792 0.337367 2.21017
-0.686126 0.22727 2.2177
-0.742723 0.217964 2.20789
0.0530102 0.470038 2.28768
0.234708 0.332146 2.33564
0.431529 0.248812 2.37661
0.483799 0.23467 2.36956
-0.199248 -0.022797 2.26944
-0.201096 -0.334028 2.35535
-0.201648 -0.653743 2.42041
-0.198072 -0.729994 2.33394
-0.05379 -0.0212061 2.28551
-0.0590765 -0.344588 2.37234
-0.0753037 -0.644888 2.42925
-0.0623407 -0.726876 2.3469
-0.119057 0.490384 2.25176
-0.806719 0.195728 2.20306
-0.742449 0.19822 2.24083
0.5428 0.220134 2.37794
0.475395 0.229671 2.33229
-0.130568 -0.0435755 2.32
-0.126475 0.260696 2.29142
-0.121669 0.553646 2.25038
-0.111187 0.696427 2.24032
-0.281205 0.433581 2.23708
-0.368275 0.190218 2.27235
-0.462733 -0.00916393 2.27222
-0.458437 -0.0400045 2.25297
0.0399582 0.438692 2.27802
0.0981082 0.188512 2.32936
0.165095 -0.0210834 2.34367
0.174484 -0.0840497 2.33208
-0.201944 -0.044851 2.27786
-0.199833 -0.341152 2.35844
-0.200583 -0.65271 2.41952
-0.198266 -0.730779 2.33489
-0.0550997 -0.0410747 2.28958
-0.0569998 -0.354503 2.37626
-0.0735108 -0.639671 2.42709
-0.0632131 -0.72582 2.34776
-0.122978 0.481965 2.26279
-0.487259 -0.114368 2.25516
-0.473793 -0.0904451 2.27225
0.19881 -0.143146 2.36776
0.175149 -0.0776459 2.28383
-0.13057 -0.0458181 2.32233
-0.127691 0.258746 2.29379
-0.124303 0.552541 2.25308
-0.113278 0.695452 2.24074
-0.279277 0.429516 2.23685
-0.334897 0.178528 2.27545
-0.339424 -0.0428541 2.25109
-0.31522 -0.0793142 2.25127
0.036615 0.437321 2.27365
0.0815706 0.188068 2.3213
0.0927863 -0.0321135 2.28515
0.0687758 -0.0439981 2.27324
-0.201842 -0.0469477 2.28
-0.199827 -0.34578 2.35993
-0.20112 -0.652287 2.41969
-0.197813 -0.730117 2.33452
-0.0551946 -0.0433422 2.29208
-0.0564643 -0.359779 2.37841
-0.0737426 -0.638314 2.42755
-0.0648613 -0.725376 2.34884
-0.125239 0.480579 2.26542
-0.309718 -0.124715 2.27058
-0.280418 -0.11973 2.235
0.0754302 -0.121918 2.28743
0.0482626 -0.0483212 2.23628
-0.131028 -0.0474511 2.32335
-0.129251 0.257288 2.29451
-0.127164 0.551419 2.25335
-0.118113 0.693781 2.23876
-0.279154 0.428141 2.23554
-0.404414 0.201487 2.234
-0.545623 0.0331029 2.20591
-0.562726 -0.0209285 2.21714
0.0342076 0.438221 2.27376
0.148087 0.213479 2.32542
0.307564 0.0623358 2.33735
0.329008 0.00300323 2.34786
-0.202384 -0.0489713 2.28154
-0.200238 -0.346028 2.36099
-0.201042 -0.652229 2.41964
-0.196932 -0.729633 2.33544
-0.0555782 -0.0445424 2.29256
-0.0566515 -0.360372 2.3792
-0.0741717 -0.639466 2.42852
-0.0652262 -0.724972 2.3499
-0.127761 0.479352 2.26584
-0.570475 -0.0779111 2.21323
-0.561024 -0.0139355 2.1538
0.357763 -0.0528539 2.39243
0.316783 0.00209445 2.35833
-0.128952 -0.0261713 2.32316
-0.125023 0.268561 2.28843
-0.120289 0.554854 2.2415
-0.114507 0.694604 2.23034
-0.292418 0.458573 2.2277
-0.508219 0.42352 2.18244
-0.738448 0.418059 2.16059
-0.798911 0.417963 2.15725
0.0589006 0.469667 2.28647
0.272657 0.444518 2.3221
0.480326 0.477675 2.37046
0.524819 0.485671 2.37935
-0.19985 -0.0275488 2.27685
-0.200042 -0.338339 2.3597
-0.200154 -0.653128 2.42017
-0.197578 -0.730143 2.33598
-0.0539616 -0.0235322 2.29672
-0.0589068 -0.351586 2.37777
-0.076031 -0.645179 2.42984
-0.0632857 -0.72634 2.34878
-0.121659 0.484605 2.25552
-0.882254 0.410776 2.18117
-0.819256 0.392829 2.12283
0.592981 0.468506 2.39771
0.529332 0.466326 2.37433
-0.128426 -0.00553785 2.32368
-0.122588 0.28535 2.28528
-0.116188 0.566712 2.23468
-0.10929 0.697477 2.22947
-0.291653 0.48278 2.22551
-0.508927 0.502708 2.18473
-0.724586 0.570943 2.16702
-0.791796 0.589423 2.16776
0.0646989 0.501843 2.29801
0.273095 0.546524 2.33625
0.458846 0.645127 2.38153
0.507422 0.65225 2.41026
-0.198599 -0.00725313 2.27438
-0.202932 -0.330143 2.35638
-0.20069 -0.655009 2.42227
-0.198094 -0.730753 2.33549
-0.0542382 -0.00353626 2.30005
-0.0593532 -0.342655 2.37557
-0.0765029 -0.645791 2.43082
-0.0630286 -0.726776 2.34825
-0.117904 0.497757 2.24953
-0.866764 0.604226 2.17771
-0.802091 0.600641 2.11729
0.557449 0.656659 2.42781
0.528326 0.640159 2.3953
-0.129749 -0.000797371 2.32396
-0.124121 0.289474 2.28655
-0.118097 0.570547 2.23744
-0.113278 0.702036 2.23841
-0.294774 0.489071 2.22829
-0.511813 0.504229 2.1818
-0.72356 0.552958 2.16023
-0.802778 0.552871 2.16169
0.0602899 0.506936 2.30098
0.272145 0.532923 2.33954
0.467381 0.610974 2.38591
0.516808 0.605869 2.40475
-0.199672 -0.00227775 2.27491
-0.203763 -0.328938 2.35282
-0.201669 -0.654637 2.4211
-0.198992 -0.730374 2.33573
-0.0558099 0.000783425 2.30018
-0.0613104 -0.343734 2.37616
-0.0767976 -0.646641 2.43
-0.0626774 -0.726534 2.34714
-0.11972 0.501639 2.25187
-0.874319 0.561284 2.16388
-0.81392 0.576208 2.10709
0.568913 0.609985 2.40826
0.499818 0.589596 2.395
-0.131746 -0.0121536 2.32036
-0.126371 0.283352 2.28929
-0.120872 0.56724 2.24628
-0.11509 0.701881 2.24557
-0.293499 0.473382 2.23679
-0.50179 0.399217 2.19393
-0.737546 0.348004 2.18025
-0.796833 0.335557 2.17642
0.054293 0.485141 2.30122
0.264908 0.441188 2.33868
0.471912 0.440773 2.39862
0.486026 0.433112 2.39267
-0.201738 -0.0126348 2.27304
-0.204293 -0.332717 2.35447
-0.201826 -0.655113 2.42079
-0.199588 -0.730903 2.33567
-0.0576219 -0.0115026 2.2946
-0.0620802 -0.345384 2.37616
-0.0771808 -0.648982 2.43
-0.0629115 -0.726713 2.34674
-0.122337 0.497727 2.25904
-0.863044 0.322935 2.1701
-0.799679 0.350033 2.11578
0.565706 0.423846 2.39603
0.505661 0.429252 2.36206
-0.132977 -0.0341737 2.32152
-0.128374 0.267952 2.29323
-0.123015 0.558751 2.25238
-0.116156 0.700062 2.24734
-0.285297 0.447317 2.23827
-0.424689 0.223918 2.25544
-0.567615 0.057678 2.26469
-0.598587 0.00433507 2.25798
0.0416287 0.453172 2.29162
0.167157 0.232877 2.36328
0.304523 0.078334 2.42882
0.357269 0.0233342 2.43193
-0.203957 -0.0351966 2.27793
-0.20127 -0.336775 2.35741
-0.201498 -0.655045 2.42052
-0.198265 -0.730487 2.33333
-0.0578508 -0.0322312 2.29227
-0.0617448 -0.35337 2.37864
-0.0755507 -0.644277 2.42794
-0.0623222 -0.726752 2.34689
-0.124474 0.487635 2.26478
-0.648094 -0.0394055 2.2872
-0.584231 -0.0080009 2.216
0.384514 -0.0146724 2.46777
0.387231 -0.00546051 2.42375
-0.133887 -0.0468383 2.32481
-0.129742 0.257875 2.2963
-0.124832 0.552007 2.25528
-0.116725 0.696313 2.24585
-0.281743 0.429189 2.23618
-0.34114 0.172865 2.27621
-0.370868 -0.0464213 2.2748
-0.356059 -0.0618978 2.26934
0.0343754 0.436686 2.28002
0.0829501 0.184445 2.33446
0.125425 -0.0331508 2.32023
0.10721 -0.0539533 2.3053
-0.205053 -0.0478348 2.28083
-0.201443 -0.346489 2.36174
-0.201871 -0.654333 2.42107
-0.19816 -0.729522 2.3349
-0.0585543 -0.0446339 2.29616
-0.0620842 -0.361805 2.38057
-0.0758986 -0.643073 2.42857
-0.0644288 -0.725661 2.34876
-0.126185 0.479968 2.26775
-0.37076 -0.148376 2.28976
-0.319107 -0.0637555 2.26171
0.115799 -0.129512 2.31142
0.0910644 -0.0585102 2.26731
-0.132587 -0.0487059 2.32548
-0.128414 0.255794 2.29695
-0.123465 0.549847 2.25606
-0.115869 0.693617 2.24438
-0.279682 0.427751 2.23897
-0.336096 0.175247 2.2764
-0.342587 -0.0461991 2.25488
-0.319936 -0.0824079 2.2557
0.0366887 0.434291 2.27781
0.0845181 0.184093 2.33095
0.0913839 -0.0351605 2.2866
0.058772 -0.0893988 2.2889
-0.203537 -0.0498715 2.282
-0.201277 -0.347574 2.36178
-0.201873 -0.65427 2.42115
-0.19714 -0.728918 2.33631
-0.0574002 -0.0461915 2.29631
-0.0613415 -0.363601 2.37965
-0.0750831 -0.639558 2.42759
-0.0660843 -0.723854 2.3499
-0.124827 0.477806 2.26849
-0.311327 -0.124541 2.27045
-0.287263 -0.0764056 2.22105
0.0450904 -0.132726 2.29816
0.0442728 -0.0652568 2.23674
-0.13131 -0.047774 2.32782
-0.12728 0.255938 2.2996
-0.122392 0.549828 2.25911
-0.115431 0.692973 2.2473
-0.278652 0.434103 2.24475
-0.432842 0.251294 2.2142
-0.60794 0.12649 2.15664
-0.635796 0.0707803 2.15179
0.0392896 0.441054 2.28305
0.195852 0.253439 2.32017
0.376058 0.12974 2.33862
0.389883 0.108224 2.32965
-0.202564 -0.0488001 2.28499
-0.198809 -0.344878 2.36214
-0.200577 -0.653577 2.41997
-0.196431 -0.730425 2.33404
-0.0559205 -0.0452229 2.29803
-0.0577826 -0.358621 2.37983
-0.0743548 -0.64023 2.42774
-0.0637913 -0.725067 2.34834
-0.123736 0.477813 2.27139
-0.658442 0.00830022 2.13774
-0.632874 0.0828083 2.07158
0.442508 0.0441923 2.3683
0.394489 0.103241 2.28681
-0.124511 -0.0222592 2.32979
-0.121666 0.271609 2.29742
-0.1179 0.557216 2.2533
-0.113817 0.695132 2.24839
-0.289623 0.461621 2.23864
-0.506938 0.434877 2.18924
-0.723419 0.456001 2.16457
-0.805331 0.459771 2.16018
0.063101 0.47659 2.29578
0.278876 0.460325 2.32575
0.485729 0.511867 2.36219
0.513874 0.512961 2.36443
-0.195442 -0.0239608 2.28388
-0.196129 -0.336808 2.35875
-0.201989 -0.651532 2.41868
-0.196568 -0.729913 2.33251
-0.0496486 -0.0196508 2.30298
-0.0551435 -0.350127 2.37834
-0.0739566 -0.643026 2.42763
-0.0629286 -0.725903 2.34795
-0.118996 0.487058 2.26656
-0.873305 0.43523 2.15902
-0.808846 0.477228 2.09723
0.589633 0.494043 2.3834
0.531489 0.508843 2.33161
-0.121997 -0.0103566 2.32933
-0.119001 0.281581 2.29464
-0.115329 0.564099 2.24777
-0.111994 0.697456 2.24654
-0.290221 0.474954 2.23596
-0.54225 0.473516 2.18618
-0.758352 0.49859 2.17636
-0.805292 0.494026 2.17502
0.0673777 0.493688 2.30205
0.28425 0.505373 2.32558
0.484272 0.581479 2.35659
0.512631 0.570256 2.36613
-0.192504 -0.0122636 2.28178
-0.196553 -0.332389 2.35586
-0.202172 -0.651954 2.41912
-0.196837 -0.729173 2.33184
-0.0476604 -0.00803602 2.30404
-0.0547355 -0.344039 2.37738
-0.0727586 -0.639218 2.42773
-0.062636 -0.72612 2.34812
-0.116372 0.494835 2.2617
-0.874805 0.479115 2.16484
-0.815733 0.537736 2.135
0.588262 0.556969 2.37161
0.528079 0.563308 2.32875
-0.122326 -0.00738259 2.32557
-0.119669 0.284101 2.29143
-0.116413 0.565815 2.24492
-0.112982 0.698586 2.24569
-0.292147 0.478785 2.23601
-0.50944 0.476892 2.18535
-0.720994 0.524572 2.15566
-0.801937 0.530938 2.15103
0.0668702 0.496706 2.29962
0.283927 0.513993 2.31965
0.484201 0.582836 2.36065
0.528004 0.585963 2.36199
-0.192808 -0.00944073 2.27901
-0.197055 -0.330511 2.35345
-0.202087 -0.652195 2.41911
-0.197253 -0.729605 2.33221
-0.0480063 -0.00505778 2.29905
-0.0544154 -0.343055 2.37628
-0.073048 -0.641035 2.42812
-0.0629304 -0.726175 2.34861
-0.117342 0.496793 2.25876
-0.870898 0.529237 2.14654
-0.796086 0.545231 2.092
0.597917 0.587579 2.36581
0.521417 0.568978 2.40425
-0.126318 -0.0247723 2.3207
-0.122562 0.272552 2.2897
-0.118281 0.559187 2.24571
-0.113141 0.697161 2.24347
-0.286877 0.461049 2.23417
-0.469779 0.322408 2.20586
-0.664438 0.221831 2.1818
-0.729317 0.199807 2.17063
0.0517193 0.467644 2.29508
0.241018 0.351092 2.3309
0.447232 0.297844 2.37353
0.516758 0.274482 2.39807
-0.197108 -0.0260049 2.27575
-0.196861 -0.334415 2.35539
-0.201967 -0.652542 2.41989
-0.197307 -0.729033 2.33402
-0.0516088 -0.0229088 2.29273
-0.0558869 -0.345059 2.37698
-0.0732307 -0.641265 2.42819
-0.0625342 -0.726751 2.34707
-0.119451 0.489052 2.25899
-0.789442 0.172695 2.15305
-0.716659 0.212342 2.10705
0.587981 0.24661 2.42909
0.498635 0.260315 2.43437
-0.132248 -0.0437284 2.32536
-0.126889 0.259087 2.29362
-0.121116 0.551171 2.24929
-0.117319 0.694141 2.24254
-0.281586 0.432237 2.23437
-0.361168 0.189791 2.26126
-0.438704 -0.0161901 2.27075
-0.43338 -0.0508902 2.26126
0.0393572 0.440257 2.28514
0.121659 0.194307 2.32917
0.234459 0.00930781 2.36208
0.239547 -0.0259916 2.35789
-0.203348 -0.044618 2.28166
-0.198708 -0.343905 2.35927
-0.201497 -0.652546 2.41951
-0.197107 -0.729994 2.33343
-0.0570306 -0.0415359 2.29628
-0.0578689 -0.354128 2.38163
-0.0739958 -0.639351 2.42799
-0.0632415 -0.726042 2.34675
-0.122642 0.479681 2.2626
-0.457461 -0.12922 2.27715
-0.417841 -0.0646807 2.22307
0.275304 -0.0951747 2.38537
0.21442 -0.0155882 2.392
-0.133078 -0.0480201 2.32924
-0.12825 0.255688 2.29745
-0.122831 0.54889 2.2534
-0.1186 0.692994 2.24271
-0.277884 0.429278 2.23597
-0.338531 0.175028 2.28038
-0.365413 -0.0447983 2.27568
-0.34834 -0.0569333 2.26968
0.0349738 0.43644 2.27901
0.0816297 0.185911 2.31764
0.0899603 -0.0343194 2.28077
0.0567525 -0.0843679 2.28105
-0.204062 -0.0490555 2.2853
-0.200414 -0.348532 2.36224
-0.20156 -0.653655 2.42013
-0.197209 -0.729848 2.33496
-0.057957 -0.0455761 2.30056
-0.0597826 -0.362614 2.38307
-0.0759082 -0.641133 2.42927
-0.0650997 -0.725269 2.34763
-0.124276 0.47707 2.2666
-0.357375 -0.138953 2.28877
-0.31957 -0.0752361 2.24162
0.0691779 -0.138704 2.3035
0.080051 -0.0812347 2.28094
-0.135126 -0.0491258 2.32783
-0.130591 0.2552 2.29852
-0.126165 0.549225 2.25744
-0.124422 0.692269 2.24448
-0.282582 0.427773 2.24322
-0.337146 0.177062 2.28281
-0.351409 -0.0440535 2.26368
-0.330546 -0.0778131 2.25666
0.0326168 0.435623 2.27547
0.0809161 0.186078 2.31916
0.103914 -0.0317311 2.27267
0.0771772 -0.0565367 2.26987
-0.206076 -0.0498997 2.28549
-0.20124 -0.348794 2.36201
-0.201844 -0.654273 2.42059
-0.196664 -0.729222 2.33608
-0.0601134 -0.0468919 2.29692
-0.0612792 -0.364128 2.38144
-0.076358 -0.641795 2.42922
-0.0656122 -0.724826 2.34771
-0.127348 0.47716 2.26983
-0.319481 -0.124916 2.27443
-0.305535 -0.0772434 2.22264
0.0683672 -0.112137 2.27651
0.0849173 -0.0533446 2.26981
-0.135862 -0.0481606 2.32515
-0.132246 0.255003 2.29687
-0.128524 0.548317 2.25605
-0.128833 0.691592 2.24307
-0.287744 0.432414 2.23691
-0.457372 0.272978 2.18522
-0.639748 0.156324 2.13615
-0.68048 0.13205 2.12849
0.0342131 0.440996 2.27612
0.225064 0.298237 2.29437
0.430614 0.22571 2.31348
0.467002 0.179883 2.33281
-0.206995 -0.0495261 2.28406
-0.198965 -0.347012 2.36194
-0.200548 -0.654765 2.42065
-0.198024 -0.730416 2.33538
-0.0604969 -0.0454228 2.29302
-0.0605527 -0.356004 2.37737
-0.0759653 -0.642476 2.4278
-0.0636594 -0.726045 2.34767
-0.12954 0.476423 2.26848
-0.730359 0.0719617 2.10921
-0.666085 0.109532 2.16469
0.516406 0.133628 2.367
0.438326 0.180394 2.36456
-0.128929 -0.0300022 2.31713
-0.122285 0.266306 2.28432
-0.114151 0.552981 2.23813
-0.111419 0.690479 2.22832
-0.288743 0.457644 2.22122
-0.500934 0.407573 2.16942
-0.718522 0.397985 2.14354
-0.794725 0.409012 2.14057
0.0620966 0.463523 2.28007
0.277237 0.443331 2.31175
0.480095 0.508121 2.34872
0.530313 0.498849 2.35037
-0.199652 -0.0307475 2.27061
-0.19932 -0.33764 2.35849
-0.20183 -0.654777 2.4208
-0.197525 -0.730302 2.33431
-0.0540682 -0.0280982 2.29051
-0.0588389 -0.347996 2.37414
-0.076225 -0.644062 2.42875
-0.0631387 -0.725807 2.34715
-0.116387 0.482787 2.25199
-0.864206 0.398441 2.14275
-0.809496 0.392396 2.1845
0.607719 0.497079 2.3589
0.501538 0.488233 2.36033
-0.119756 -0.016776 2.3112
-0.112894 0.27622 2.27824
-0.105442 0.559324 2.2328
-0.0969819 0.693242 2.22652
-0.280541 0.47079 2.21616
-0.496594 0.449994 2.16122
-0.712054 0.475244 2.12874
-0.78854 0.49801 2.12846
0.0746064 0.482431 2.28653
0.290394 0.494847 2.31481
0.488126 0.573883 2.35053
0.505084 0.577338 2.35105
-0.190246 -0.0177069 2.26308
-0.199815 -0.329741 2.35094
-0.202032 -0.652472 2.41909
-0.198437 -0.730205 2.33322
-0.0455051 -0.0153062 2.28639
-0.0571969 -0.344091 2.37245
-0.0744013 -0.641651 2.42851
-0.0642897 -0.726048 2.34964
-0.107412 0.489977 2.24638
-0.864057 0.504962 2.13016
-0.776178 0.475482 2.14716
0.582052 0.586969 2.34707
0.499537 0.559933 2.36798
-0.117454 -0.0141449 2.3091
-0.11092 0.278406 2.27622
-0.103783 0.561032 2.23081
-0.0927025 0.693753 2.22594
-0.277286 0.474608 2.21312
-0.49283 0.461655 2.15273
-0.707494 0.490276 2.11678
-0.779653 0.500923 2.1098
0.0762809 0.48513 2.28711
0.291903 0.495603 2.31669
0.542718 0.555534 2.37199
0.584684 0.571275 2.3599
-0.187774 -0.0150485 2.26
-0.198559 -0.328189 2.34836
-0.202522 -0.651123 2.41881
-0.19789 -0.729382 2.3327
-0.0434158 -0.0127637 2.28517
-0.0547579 -0.34127 2.37102
-0.0720564 -0.640509 2.42807
-0.0637355 -0.726047 2.34993
-0.105673 0.491803 2.24439
-0.849988 0.511413 2.10586
-0.7816 0.482731 2.13183
0.609063 0.581979 2.35305
0.578085 0.560561 2.3564
-0.117369 -0.0180221 2.30502
-0.11119 0.276358 2.27294
-0.10433 0.560233 2.22814
-0.0944939 0.693767 2.224
-0.277414 0.469819 2.2105
-0.489992 0.413158 2.15499
-0.706704 0.393771 2.12372
-0.792896 0.3827 2.12594
0.0723663 0.47811 2.28227
0.2841 0.443235 2.3207
0.493633 0.448865 2.37222
0.539187 0.452676 2.38055
-0.187645 -0.0187947 2.25616
-0.197881 -0.327725 2.34637
-0.20233 -0.650707 2.41888
-0.197926 -0.728719 2.33291
-0.0434059 -0.0166933 2.28086
-0.0541259 -0.340929 2.37015
-0.072037 -0.639186 2.42762
-0.0625788 -0.726496 2.34852
-0.10615 0.490743 2.24159
-0.861535 0.375804 2.11964
-0.770221 0.360623 2.14229
0.606538 0.450347 2.41722
0.501902 0.437414 2.39514
-0.123861 -0.0432001 2.30456
-0.120778 0.259875 2.27269
-0.116792 0.551491 2.22838
-0.106261 0.693207 2.22026
-0.277529 0.438533 2.21149
-0.417946 0.209933 2.21222
-0.553183 0.0359636 2.19409
-0.575023 -0.0151722 2.17947
0.0459056 0.443011 2.271
0.148573 0.203108 2.33525
0.267359 0.0206798 2.36264
0.29725 -0.0160157 2.32358
-0.194721 -0.0448466 2.26053
-0.198467 -0.334969 2.34943
-0.200502 -0.651624 2.41795
-0.198842 -0.729882 2.33503
-0.0491152 -0.0402937 2.27581
-0.0532669 -0.345904 2.37075
-0.071248 -0.637958 2.42603
-0.0625367 -0.726978 2.34999
-0.117882 0.480173 2.24167
-0.612377 -0.0634139 2.20059
-0.602661 -0.0474409 2.19933
0.339991 -0.0656795 2.38219
0.296319 -0.0274643 2.325
-0.127297 -0.0527852 2.30758
-0.124724 0.252852 2.27616
-0.121346 0.5477 2.23224
-0.111223 0.691934 2.22017
-0.276756 0.421744 2.21517
-0.337507 0.168527 2.24236
-0.37087 -0.0504293 2.23553
-0.355151 -0.0638893 2.2335
0.0379792 0.432413 2.2595
0.0868238 0.181508 2.30928
0.116446 -0.0378988 2.28468
0.108896 -0.0946068 2.27149
-0.198584 -0.0544219 2.2641
-0.199774 -0.344095 2.35351
-0.201469 -0.6523 2.41909
-0.198093 -0.729374 2.33586
-0.0520357 -0.0495356 2.27826
-0.0553702 -0.357481 2.37363
-0.0724234 -0.63759 2.42656
-0.0653722 -0.724877 2.34892
-0.122311 0.475511 2.24543
-0.369977 -0.15045 2.24758
-0.329955 -0.0569793 2.25367
0.117899 -0.142444 2.28629
0.106644 -0.121433 2.28356
-0.127943 -0.0538539 2.3083
-0.126356 0.251781 2.27708
-0.124927 0.546759 2.234
-0.114807 0.691208 2.22246
-0.278808 0.422026 2.21654
-0.338453 0.171736 2.25505
-0.339058 -0.0497845 2.23189
-0.31584 -0.0802312 2.23114
0.0356573 0.432545 2.25918
0.0825862 0.180674 2.31729
0.094565 -0.0403356 2.29119
0.0674433 -0.072211 2.2799
-0.199216 -0.0558642 2.26495
-0.200363 -0.34646 2.35423
-0.20187 -0.653903 2.41975
-0.197303 -0.728526 2.33674
-0.0526679 -0.0502978 2.27895
-0.057678 -0.361002 2.3746
-0.0738877 -0.639063 2.42717
-0.0652983 -0.724862 2.34852
-0.125333 0.474488 2.24694
-0.301137 -0.128909 2.24037
-0.288259 -0.0657879 2.18995
0.0536835 -0.123994 2.28811
0.0803045 -0.0828962 2.27818
-0.130892 -0.0547183 2.31041
-0.130172 0.251338 2.27886
-0.129204 0.546953 2.23525
-0.119134 0.691257 2.2243
-0.280226 0.421387 2.21609
-0.383907 0.194782 2.19941
-0.498922 0.0113675 2.14455
-0.485004 -0.00520695 2.13868
0.0309876 0.433365 2.26201
0.126671 0.198763 2.30843
0.276661 0.0361837 2.297
0.264513 -0.0198793 2.29124
-0.202082 -0.0566274 2.26723
-0.201175 -0.34642 2.35509
-0.202516 -0.652878 2.41962
-0.197587 -0.7285 2.33658
-0.0556141 -0.0511482 2.28082
-0.0597966 -0.361272 2.37559
-0.0741434 -0.637964 2.42691
-0.0657465 -0.724411 2.34903
-0.129528 0.474516 2.24832
-0.495924 -0.0622914 2.13235
-0.48472 -0.0451581 2.093
0.276318 -0.0519489 2.3029
0.280446 -0.0301063 2.291
-0.135814 -0.0307476 2.31035
-0.132325 0.266573 2.27516
-0.12854 0.555339 2.2281
-0.120287 0.693651 2.22256
-0.296121 0.454215 2.20173
-0.508857 0.426894 2.13412
-0.723071 0.422939 2.08081
-0.791186 0.43138 2.06672
0.0488615 0.468217 2.27717
0.263291 0.441912 2.31004
0.476106 0.474887 2.33755
0.523391 0.478993 2.3397
-0.205645 -0.031852 2.26153
-0.205673 -0.340591 2.35494
-0.202829 -0.652468 2.41926
-0.198283 -0.729179 2.33465
-0.0617615 -0.0282982 2.28626
-0.0635424 -0.351867 2.37372
-0.077977 -0.647116 2.42989
-0.0639816 -0.726449 2.34595
-0.129596 0.484415 2.24207
-0.861538 0.413675 2.06354
-0.783081 0.412999 2.03337
0.598804 0.464301 2.35469
0.47801 0.476529 2.3495
-0.135839 -0.0119805 2.30649
-0.132599 0.281563 2.26914
-0.128734 0.565674 2.21937
-0.120566 0.697534 2.21835
-0.299728 0.4766 2.19681
-0.515156 0.48722 2.13815
-0.723277 0.544882 2.10082
-0.805996 0.559875 2.09786
0.0502372 0.490187 2.28579
0.262478 0.505135 2.32794
0.453712 0.587198 2.38166
0.51229 0.590891 2.3933
-0.205226 -0.0139012 2.25562
-0.208488 -0.331233 2.35055
-0.203284 -0.653505 2.42079
-0.199239 -0.728978 2.33407
-0.0622111 -0.00956911 2.28438
-0.0647148 -0.34179 2.36948
-0.0781544 -0.647276 2.42991
-0.0636401 -0.726233 2.34735
-0.129816 0.49601 2.23404
-0.885264 0.567495 2.10562
-0.806662 0.552505 2.04946
0.569076 0.600344 2.40661
0.504398 0.601616 2.3889
-0.135641 -0.0107895 2.30619
-0.132583 0.28321 2.26916
-0.128813 0.567635 2.21982
-0.120492 0.699036 2.22041
-0.299366 0.477349 2.19801
-0.515442 0.475298 2.14031
-0.729235 0.510213 2.10707
-0.811868 0.508867 2.1005
0.0500901 0.492009 2.28704
0.261916 0.49946 2.3324
0.463498 0.55232 2.38628
0.506163 0.559163 2.38433
-0.204932 -0.0128295 2.25531
-0.209026 -0.33011 2.35037
-0.203109 -0.654313 2.42028
-0.200105 -0.729373 2.33319
-0.0620887 -0.00835529 2.28422
-0.0651127 -0.340244 2.36877
-0.078493 -0.647296 2.42985
-0.0633449 -0.727165 2.34624
-0.12988 0.497933 2.23436
-0.887924 0.515593 2.10829
-0.802763 0.506065 2.04782
0.582446 0.562491 2.39163
0.506751 0.563099 2.35688
-0.135603 -0.0206757 2.30838
-0.131703 0.277924 2.27083
-0.127361 0.565428 2.22092
-0.118139 0.698297 2.21858
-0.29174 0.464258 2.19969
-0.499914 0.372344 2.15493
-0.7088 0.307631 2.13343
-0.770386 0.291534 2.1355
0.047287 0.475632 2.28163
0.24749 0.400986 2.333
0.452568 0.379455 2.39609
0.51373 0.357473 2.40618
-0.204678 -0.0221156 2.25927
-0.207313 -0.332907 2.35267
-0.203808 -0.653877 2.41983
-0.200497 -0.729786 2.33163
-0.0622692 -0.0189586 2.28453
-0.0643302 -0.344827 2.37268
-0.0780846 -0.646736 2.42977
-0.0628689 -0.72724 2.34586
-0.128568 0.495112 2.2356
-0.844064 0.27776 2.14695
-0.775305 0.295442 2.07756
0.583635 0.349053 2.44259
0.538151 0.350832 2.37512
-0.132777 -0.0401781 2.30556
-0.129961 0.264219 2.27091
-0.126327 0.557525 2.22327
-0.11837 0.697026 2.21702
-0.284508 0.438971 2.2061
-0.414549 0.211559 2.2213
-0.537736 0.0292581 2.19312
-0.547898 -0.0276789 2.17505
0.0373536 0.447814 2.26706
0.142024 0.21253 2.3274
0.262267 0.0277479 2.33536
0.268174 0.0153911 2.3239
-0.203078 -0.0416238 2.26032
-0.198808 -0.339027 2.3542
-0.2031 -0.65295 2.41907
-0.198163 -0.72907 2.33345
-0.0582831 -0.0375682 2.27795
-0.0611799 -0.352382 2.37519
-0.0754575 -0.641169 2.42768
-0.0630332 -0.726528 2.34683
-0.12738 0.485779 2.23745
-0.582201 -0.080756 2.1823
-0.519189 -0.0223696 2.13291
0.324118 -0.0631581 2.3612
0.272031 0.000570431 2.28195
-0.13107 -0.0489371 2.30902
-0.130104 0.257431 2.27309
-0.128046 0.552907 2.22531
-0.118887 0.695088 2.21546
-0.280197 0.425872 2.20624
-0.329729 0.166687 2.23732
-0.346893 -0.0536674 2.24237
-0.327077 -0.0842415 2.25108
0.0336172 0.438226 2.25201
0.078119 0.189736 2.31727
0.0998962 -0.0310083 2.30342
0.0700973 -0.0645138 2.28863
-0.202047 -0.0508573 2.26531
-0.200745 -0.34179 2.35561
-0.202847 -0.652316 2.41876
-0.19815 -0.728513 2.33573
-0.0559869 -0.0455602 2.27996
-0.0606216 -0.358049 2.37442
-0.0756438 -0.64085 2.42708
-0.0650685 -0.725194 2.34817
-0.128702 0.480614 2.23944
-0.325712 -0.132346 2.27241
-0.296909 -0.0778011 2.20851
0.0613354 -0.107596 2.30549
0.0587204 -0.0527674 2.24442
-0.128568 -0.0500973 2.31647
-0.128674 0.255424 2.27766
-0.127687 0.550669 2.22715
-0.118892 0.694363 2.21504
-0.27849 0.425312 2.21212
-0.333967 0.169803 2.25558
-0.345833 -0.0514005 2.25296
-0.324509 -0.0827439 2.26025
0.0341235 0.438182 2.25167
0.0818727 0.18873 2.31734
0.0966948 -0.0325906 2.30274
0.0689404 -0.0664899 2.28954
-0.199798 -0.0519205 2.27416
-0.201023 -0.344128 2.35936
-0.202394 -0.6518 2.4198
-0.198971 -0.729505 2.33652
-0.0533422 -0.04669 2.28612
-0.0578104 -0.35798 2.37565
-0.0735058 -0.637545 2.42742
-0.0658168 -0.724079 2.34899
-0.128102 0.478375 2.24191
-0.312331 -0.131047 2.27764
-0.295827 -0.0716779 2.21214
0.0545861 -0.113896 2.29931
0.056362 -0.0483886 2.23877
-0.127798 -0.0518723 2.31944
-0.127301 0.253271 2.28259
-0.125217 0.548284 2.23568
-0.11794 0.693574 2.21953
-0.276892 0.424058 2.22009
-0.36825 0.191217 2.21114
-0.467788 -0.00605493 2.197
-0.471598 -0.0269689 2.20002
0.0353371 0.439008 2.25952
0.116972 0.203252 2.3147
0.20978 0.00205788 2.29979
0.213375 -0.0430754 2.32814
-0.19921 -0.0536486 2.27702
-0.20092 -0.345003 2.36065
-0.202354 -0.650433 2.41921
-0.198688 -0.728934 2.33505
-0.0524295 -0.0484789 2.2892
-0.0550282 -0.357482 2.3773
-0.0726132 -0.635657 2.42685
-0.0649867 -0.724574 2.34741
-0.125935 0.475993 2.24946
-0.484291 -0.100034 2.22944
-0.451491 -0.0718132 2.16909
0.230183 -0.112457 2.36385
0.179888 -0.0617337 2.28543
-0.129179 -0.0448035 2.31587
-0.126328 0.257821 2.2834
-0.122664 0.551097 2.23939
-0.11231 0.695721 2.2287
-0.281347 0.439366 2.21855
-0.486953 0.349079 2.16551
-0.697965 0.295162 2.13238
-0.746088 0.284477 2.10783
0.0512791 0.446915 2.27869
0.254197 0.352622 2.31932
0.465768 0.329945 2.36121
0.520666 0.31213 2.36058
-0.199997 -0.0454267 2.27028
-0.200491 -0.340021 2.35797
-0.200511 -0.651543 2.41907
-0.199158 -0.730298 2.33382
-0.0542828 -0.0424934 2.28818
-0.0551337 -0.351043 2.37492
-0.0732487 -0.63937 2.42672
-0.063995 -0.726934 2.3477
-0.123745 0.479196 2.25254
-0.822311 0.249283 2.10656
-0.754424 0.274545 2.05923
0.584148 0.297584 2.38552
0.52788 0.310388 2.32
-0.127095 -0.0194146 2.31029
-0.119199 0.276416 2.27475
-0.110806 0.562712 2.22691
-0.103168 0.697212 2.22564
-0.284468 0.469389 2.20958
-0.503083 0.46176 2.16891
-0.718192 0.494358 2.16424
-0.798652 0.514316 2.16222
0.0683004 0.480541 2.28654
0.279119 0.495658 2.33286
0.467564 0.585587 2.38386
0.529967 0.592254 2.40164
-0.197111 -0.0207016 2.26126
-0.200727 -0.332631 2.35305
-0.201211 -0.651777 2.41906
-0.198169 -0.729042 2.3336
-0.0531017 -0.0174616 2.28642
-0.0571515 -0.34187 2.36863
-0.0742951 -0.641068 2.427
-0.063113 -0.726991 2.34742
-0.113034 0.492549 2.24109
-0.871196 0.513199 2.16377
-0.804192 0.540053 2.10645
0.590957 0.597764 2.45661
0.550273 0.595375 2.37073
