-0.137145 -0.0633283 2.30818
-0.138825 0.244306 2.27677
-0.139513 0.541517 2.2325
-0.129719 0.685484 2.21307
-0.294318 0.415812 2.22456
-0.341996 0.169738 2.25561
-0.352182 -0.0513502 2.22954
-0.344477 -0.066769 2.23422
0.0221565 0.424322 2.24684
0.0774268 0.168984 2.29466
0.086529 -0.0511423 2.25706
0.0771915 -0.0487374 2.25692
-0.208967 -0.0650087 2.26624
-0.203371 -0.354225 2.36324
-0.20384 -0.654013 2.41975
-0.198157 -0.727786 2.33651
-0.0609523 -0.0597804 2.2771
-0.0695543 -0.362207 2.3658
-0.079579 -0.647885 2.42722
-0.0673688 -0.725968 2.3484
-0.139511 0.46868 2.24582
-0.356095 -0.133942 2.24236
-0.380864 -0.0640434 2.21697
0.084872 -0.112318 2.26755
0.0386732 -0.0575833 2.22585
-0.136735 -0.0636022 2.30855
-0.138552 0.244286 2.27694
-0.139191 0.541891 2.23267
-0.129452 0.685256 2.21279
-0.294668 0.415697 2.22653
-0.340706 0.168804 2.26086
-0.352285 -0.0523358 2.23716
-0.344536 -0.0671287 2.24851
0.0235218 0.424291 2.24369
0.0793809 0.170337 2.29125
0.0880942 -0.0498678 2.25408
0.0773383 -0.0494157 2.25491
-0.208696 -0.0650072 2.26694
-0.202115 -0.354717 2.36324
-0.203309 -0.654727 2.42076
-0.198657 -0.728163 2.33704
-0.0604463 -0.0603336 2.27736
-0.0689352 -0.362131 2.3654
-0.078988 -0.64739 2.42678
-0.0673271 -0.726064 2.34773
-0.139208 0.468938 2.24599
-0.363353 -0.132888 2.25408
-0.383737 -0.0609161 2.23964
0.0818229 -0.117045 2.26893
0.0410264 -0.052947 2.22896
-0.136342 -0.0627877 2.30841
-0.137418 0.244852 2.27663
-0.137198 0.542232 2.23205
-0.125092 0.68586 2.2122
-0.293054 0.416216 2.22729
-0.34153 0.168606 2.26283
-0.353209 -0.0525616 2.23984
-0.345606 -0.0657749 2.2387
0.025603 0.424373 2.24288
0.0798919 0.170043 2.28834
0.0882009 -0.0502695 2.25194
0.0775911 -0.0499655 2.25542
-0.20827 -0.0642418 2.26707
-0.20181 -0.354489 2.36287
-0.203061 -0.653874 2.42033
-0.199829 -0.728276 2.33789
-0.0600632 -0.0593321 2.27692
-0.0686741 -0.36313 2.36537
-0.0788311 -0.647045 2.42657
-0.0668601 -0.725617 2.3473
-0.137462 0.469355 2.24544
-0.349324 -0.1432 2.25702
-0.384792 -0.0840922 2.2324
0.0835317 -0.117193 2.26745
0.041931 -0.058322 2.23125
-0.13519 -0.0615311 2.30873
-0.135979 0.245589 2.27684
-0.135555 0.542619 2.23242
-0.12193 0.686419 2.21296
-0.289557 0.418003 2.22541
-0.340764 0.169278 2.25942
-0.359867 -0.0515953 2.24559
-0.355828 -0.0559601 2.25536
0.0270495 0.424817 2.24474
0.0802442 0.170584 2.29263
0.104159 -0.0488408 2.25896
0.0827131 -0.0724906 2.26967
-0.206968 -0.0632668 2.26701
-0.20195 -0.352816 2.36204
-0.203043 -0.653795 2.41959
-0.198227 -0.728775 2.33788
-0.0590691 -0.0577639 2.27774
-0.0674824 -0.363554 2.36653
-0.0785068 -0.645936 2.42666
-0.066596 -0.726163 2.3464
-0.13586 0.469823 2.24575
-0.360695 -0.133137 2.26614
-0.398642 -0.0382787 2.23285
0.0717687 -0.124329 2.27897
0.0553448 -0.0656721 2.238
-0.134044 -0.0474685 2.30612
-0.133844 0.25448 2.27468
-0.13292 0.547204 2.23068
-0.121189 0.687524 2.21412
-0.298868 0.439571 2.22455
-0.517641 0.371193 2.19566
-0.734479 0.34625 2.17781
-0.79154 0.329446 2.16271
0.0409522 0.447414 2.25466
0.254328 0.373439 2.29516
0.466505 0.375522 2.33864
0.52264 0.342436 2.33567
-0.205662 -0.0495095 2.26477
-0.201395 -0.345806 2.35893
-0.201073 -0.653517 2.42039
-0.198071 -0.72786 2.33604
-0.0581667 -0.0437993 2.27462
-0.0662301 -0.352986 2.36184
-0.0788118 -0.647319 2.42658
-0.0642395 -0.725841 2.34647
-0.133307 0.475376 2.24392
-0.859893 0.301465 2.17399
-0.783847 0.339729 2.12711
0.574424 0.318205 2.34617
0.519393 0.347052 2.29086
-0.135111 -0.0107498 2.30802
-0.13131 0.279886 2.26676
-0.126958 0.56186 2.21355
-0.117092 0.691027 2.21127
-0.303002 0.484296 2.21042
-0.544587 0.536452 2.16575
-0.744384 0.620108 2.14056
-0.792612 0.639968 2.13736
0.0542275 0.492697 2.25895
0.264162 0.544288 2.28476
0.455845 0.637043 2.3202
0.5096 0.666786 2.32862
-0.206223 -0.0121744 2.2637
-0.205403 -0.334459 2.35432
-0.202484 -0.654458 2.42044
-0.199154 -0.728546 2.33508
-0.0597432 -0.00893846 2.2795
-0.0660181 -0.342397 2.35946
-0.0795435 -0.648925 2.42783
-0.0637879 -0.72668 2.34733
-0.128184 0.492665 2.2291
-0.860217 0.65855 2.14423
-0.793014 0.664172 2.13737
0.569606 0.690611 2.34979
0.52519 0.657192 2.30108
-0.134046 -0.00534868 2.30735
-0.130473 0.284547 2.26429
-0.126192 0.565018 2.20885
-0.116882 0.694152 2.20844
-0.303628 0.489302 2.20868
-0.521342 0.526039 2.17073
-0.720256 0.612959 2.15752
-0.787814 0.631351 2.14424
0.0533163 0.503767 2.26094
0.262938 0.556489 2.28671
0.449142 0.653167 2.33407
0.500773 0.668439 2.3407
-0.205029 -0.00703093 2.2621
-0.205869 -0.33193 2.35377
-0.202596 -0.654912 2.42034
-0.198676 -0.729059 2.33451
-0.0588319 -0.00339681 2.27977
-0.06561 -0.338983 2.35856
-0.0793668 -0.648236 2.42773
-0.0641744 -0.727329 2.34676
-0.127397 0.496307 2.22496
-0.863028 0.655347 2.15624
-0.782906 0.651873 2.14173
0.559241 0.681939 2.34181
0.48792 0.670917 2.33329
-0.133154 -0.00859415 2.30433
-0.129951 0.283447 2.26333
-0.125864 0.564632 2.20908
-0.117584 0.693763 2.20846
-0.304747 0.481027 2.21126
-0.524714 0.470601 2.1863
-0.743797 0.485124 2.17645
-0.8089 0.483394 2.17655
0.052829 0.497666 2.25991
0.267765 0.502119 2.29491
0.474659 0.555153 2.32982
0.519531 0.55278 2.33197
-0.204068 -0.0106264 2.25931
-0.205799 -0.332139 2.35299
-0.202692 -0.654972 2.42016
-0.198777 -0.728876 2.33422
-0.0580255 -0.00629371 2.27649
-0.0656811 -0.338707 2.35818
-0.0799036 -0.649173 2.42829
-0.0636777 -0.727861 2.3464
-0.127051 0.495836 2.22486
-0.88448 0.472318 2.18025
-0.848888 0.46881 2.19967
0.596699 0.562239 2.34592
0.508973 0.53487 2.3378
-0.13429 -0.040238 2.30406
-0.132914 0.262024 2.269
-0.130612 0.552671 2.22101
-0.121358 0.691509 2.20881
-0.297909 0.44502 2.22139
-0.454846 0.248063 2.2412
-0.620358 0.10325 2.23378
-0.654453 0.0516815 2.21208
0.039134 0.450291 2.25267
0.191758 0.248632 2.30657
0.361955 0.11191 2.32818
0.412825 0.0671886 2.31777
-0.205774 -0.0423441 2.26437
-0.19964 -0.340788 2.35751
-0.202615 -0.654505 2.42018
-0.198596 -0.728914 2.33415
-0.0586103 -0.0370206 2.27106
-0.0659946 -0.3486 2.3651
-0.0791305 -0.649411 2.42783
-0.0628633 -0.728211 2.34577
-0.131316 0.481624 2.2352
-0.701268 -0.000445666 2.23272
-0.660774 0.0667085 2.19728
0.466438 0.0262076 2.34407
0.411041 0.0537306 2.3354
-0.134064 -0.0558476 2.30916
-0.133872 0.25029 2.27618
-0.132945 0.545527 2.23074
-0.127708 0.687721 2.21542
-0.29035 0.421223 2.22455
-0.334124 0.170425 2.26158
-0.34035 -0.0513078 2.25
-0.328757 -0.0419064 2.24344
0.0300666 0.430691 2.24153
0.0820097 0.175704 2.29562
0.0907345 -0.0454254 2.268
0.0639276 -0.0961068 2.26342
-0.205988 -0.0577139 2.26985
-0.200944 -0.3478 2.36126
-0.202935 -0.651055 2.4197
-0.198245 -0.728977 2.33759
-0.0579488 -0.0523329 2.27585
-0.0633727 -0.358903 2.36853
-0.0766948 -0.644623 2.4262
-0.06463 -0.726343 2.34761
-0.133305 0.473236 2.24429
-0.319275 -0.118875 2.2581
-0.364374 -0.0246917 2.24269
0.0693932 -0.149696 2.26929
0.0370143 -0.0864894 2.22238
-0.134173 -0.0556654 2.31033
-0.135274 0.25022 2.27858
-0.13581 0.545499 2.23484
-0.12677 0.688218 2.2207
-0.290999 0.424079 2.22466
-0.334829 0.172561 2.26091
-0.342497 -0.0491167 2.24724
-0.322372 -0.0832735 2.25168
0.0298838 0.430761 2.24218
0.0857504 0.181354 2.29881
0.0911266 -0.0404492 2.28323
0.0643081 -0.0824751 2.2779
-0.205799 -0.0576196 2.26997
-0.200661 -0.347896 2.36207
-0.20252 -0.652326 2.41992
-0.198171 -0.729347 2.3357
-0.0582507 -0.0519481 2.27821
-0.0624213 -0.360397 2.36896
-0.076344 -0.642881 2.42665
-0.0650585 -0.726003 2.34735
-0.135777 0.473164 2.24794
-0.304373 -0.12835 2.2601
-0.343063 -0.0953254 2.24607
0.0511173 -0.125671 2.28431
0.0545364 -0.053412 2.22066
-0.133755 -0.055151 2.3108
-0.13447 0.249941 2.27927
-0.134425 0.544829 2.2354
-0.124237 0.688309 2.22244
-0.290421 0.430439 2.228
-0.448362 0.250674 2.22414
-0.626997 0.122751 2.20708
-0.638868 0.0962388 2.1957
0.0332333 0.433408 2.25049
0.187032 0.239453 2.29728
0.362847 0.114353 2.33174
0.376098 0.0791379 2.32801
-0.205711 -0.057086 2.26998
-0.199051 -0.34613 2.36172
-0.201171 -0.652651 2.42027
-0.196762 -0.729869 2.33524
-0.0575539 -0.0514043 2.27899
-0.0627712 -0.357669 2.36897
-0.0760797 -0.643952 2.42608
-0.0641122 -0.726601 2.34701
-0.134597 0.472599 2.24857
-0.693702 0.0281473 2.21109
-0.605725 0.123108 2.211
0.40792 0.0168944 2.35247
0.381678 0.0784068 2.27371
-0.132315 -0.0287281 2.31161
-0.131184 0.266099 2.27297
-0.129184 0.552476 2.22218
-0.121203 0.689201 2.21404
-0.305557 0.458551 2.22046
-0.53051 0.441403 2.19717
-0.743087 0.487475 2.18164
-0.812709 0.486861 2.17425
0.051282 0.470459 2.25676
0.265202 0.453892 2.29712
0.469065 0.504754 2.34579
0.520247 0.509057 2.36688
-0.203764 -0.0309121 2.26865
-0.200932 -0.337842 2.35949
-0.201943 -0.653137 2.42052
-0.198691 -0.729152 2.33425
-0.0566822 -0.025527 2.28175
-0.0638057 -0.350542 2.36755
-0.0772821 -0.647083 2.42736
-0.0631492 -0.726481 2.34659
-0.129875 0.482224 2.23719
-0.897464 0.4817 2.20381
-0.799319 0.470614 2.18518
0.589623 0.497074 2.42513
0.554139 0.505062 2.32565
-0.131894 -0.00832032 2.31039
-0.128768 0.280928 2.26524
-0.124618 0.561171 2.20735
-0.119878 0.693261 2.20903
-0.304485 0.485135 2.21265
-0.546586 0.529744 2.17426
-0.778853 0.61177 2.1576
-0.820709 0.63551 2.16035
0.0557582 0.499958 2.26022
0.265638 0.546606 2.29162
0.455296 0.624207 2.35455
0.508232 0.642879 2.38016
-0.203049 -0.0103513 2.26682
-0.204491 -0.330766 2.35642
-0.201932 -0.655409 2.42165
-0.199438 -0.729793 2.33542
-0.0565842 -0.00597841 2.28114
-0.0647087 -0.341172 2.36385
-0.0775656 -0.647451 2.42812
-0.0629604 -0.726192 2.34657
-0.125832 0.492517 2.22414
-0.868509 0.647148 2.20546
-0.829671 0.623163 2.174
0.571873 0.652584 2.43727
0.535989 0.648145 2.34127
-0.132144 -0.00502629 2.30889
-0.128248 0.283888 2.26313
-0.123531 0.563208 2.20484
-0.118557 0.694388 2.20726
-0.302076 0.489749 2.20959
-0.549901 0.544909 2.16905
-0.746909 0.635487 2.15312
-0.799617 0.659294 2.14531
0.0560274 0.503186 2.26107
0.264409 0.555178 2.29295
0.451053 0.639149 2.35633
0.498817 0.665498 2.36944
-0.203266 -0.00664315 2.26421
-0.205889 -0.329642 2.35461
-0.202921 -0.653781 2.42077
-0.19938 -0.729373 2.33579
-0.0568732 -0.00316593 2.28055
-0.0644286 -0.340022 2.363
-0.0783529 -0.648718 2.42804
-0.0632837 -0.726932 2.34594
-0.124853 0.494812 2.22165
-0.859424 0.671848 2.17817
-0.792721 0.640291 2.14917
0.557109 0.67882 2.3723
0.488735 0.664157 2.32488
-0.131469 -0.0116203 2.30673
-0.128136 0.28107 2.26274
-0.123967 0.561847 2.20601
-0.118416 0.694494 2.20544
-0.302876 0.475364 2.21089
-0.520739 0.45189 2.17207
-0.73964 0.453568 2.14573
-0.823604 0.459598 2.14141
0.0536699 0.490892 2.26301
0.26704 0.466408 2.30098
0.478313 0.501763 2.33413
0.53087 0.505874 2.34445
-0.202637 -0.0136287 2.26165
-0.204635 -0.330688 2.35505
-0.202123 -0.6557 2.42122
-0.199332 -0.729428 2.33507
-0.0561467 -0.00923345 2.27892
-0.0661143 -0.343083 2.3648
-0.0789032 -0.648209 2.42848
-0.0637531 -0.725515 2.34716
-0.125067 0.4932 2.22226
-0.89333 0.461943 2.13643
-0.822512 0.438253 2.15417
0.607108 0.513314 2.36206
0.530585 0.507192 2.30187
-0.136375 -0.0503415 2.3078
-0.138145 0.255282 2.27604
-0.139649 0.549298 2.23245
-0.127437 0.691681 2.21795
-0.29962 0.431711 2.22272
-0.404786 0.197505 2.23119
-0.518023 0.00866677 2.20324
-0.523365 -0.0440624 2.17558
0.0304426 0.440034 2.25796
0.131265 0.206382 2.30414
0.252625 0.0211192 2.29288
0.254238 0.00861804 2.24848
-0.207994 -0.0528108 2.26671
-0.201033 -0.343874 2.361
-0.202106 -0.655173 2.42016
-0.19926 -0.729665 2.33499
-0.0604968 -0.0463881 2.27616
-0.067584 -0.352743 2.36802
-0.0791352 -0.648332 2.42845
-0.064794 -0.726204 2.34807
-0.139322 0.47728 2.24542
-0.562616 -0.111946 2.2099
-0.542861 -0.0363094 2.19025
0.274248 -0.0219452 2.24323
0.250834 0.0163824 2.22016
-0.139476 -0.0578319 2.31085
-0.142613 0.249462 2.27969
-0.14516 0.545972 2.23635
-0.135564 0.691768 2.22324
-0.299138 0.418262 2.22634
-0.347004 0.165658 2.25498
-0.346872 -0.0559305 2.23252
-0.323466 -0.084758 2.23545
0.0198574 0.433755 2.24976
0.076735 0.181952 2.29208
0.092988 -0.037638 2.25308
0.0770807 -0.0625319 2.25175
-0.211065 -0.0602901 2.26997
-0.202118 -0.349312 2.36352
-0.20345 -0.653246 2.41963
-0.199483 -0.727889 2.33689
-0.0635393 -0.0536095 2.27902
-0.0690889 -0.360326 2.36971
-0.0787207 -0.647215 2.42773
-0.0660875 -0.725902 2.34818
-0.144631 0.473329 2.24935
-0.330345 -0.135651 2.25228
-0.294574 -0.0784513 2.20527
0.0795605 -0.118337 2.25545
0.0468904 -0.0520381 2.25758
-0.141346 -0.0582073 2.31288
-0.144417 0.248754 2.28078
-0.147033 0.54497 2.23631
-0.138165 0.691437 2.22285
-0.300214 0.418675 2.22685
-0.349011 0.170794 2.26042
-0.346793 -0.0509453 2.24099
-0.324422 -0.081969 2.24241
0.0171604 0.433446 2.25091
0.0700516 0.181285 2.29847
0.0824933 -0.0387677 2.26124
0.057954 -0.0633288 2.2691
-0.212862 -0.0604696 2.27156
-0.20432 -0.348395 2.36472
-0.204341 -0.653873 2.41994
-0.200217 -0.729107 2.33481
-0.0653978 -0.0541427 2.28171
-0.0700098 -0.360552 2.37078
-0.0791787 -0.64749 2.4285
-0.0663766 -0.725272 2.34796
-0.146503 0.47242 2.24966
-0.312589 -0.129913 2.25736
-0.293181 -0.0782267 2.20451
0.0457397 -0.111771 2.27748
0.0790377 -0.0668618 2.2614
-0.1451 -0.0533506 2.31544
-0.146237 0.251248 2.28117
-0.147252 0.546347 2.23482
-0.138255 0.6914 2.2209
-0.304521 0.429834 2.22576
-0.486839 0.291915 2.20262
-0.68416 0.19049 2.19207
-0.734263 0.156607 2.17869
0.0220399 0.443446 2.2592
0.216293 0.310879 2.31465
0.420524 0.256454 2.36369
0.466819 0.20613 2.37702
-0.216514 -0.055551 2.27417
-0.203477 -0.345741 2.36514
-0.204774 -0.652864 2.42007
-0.200272 -0.729472 2.33504
-0.0691615 -0.0493783 2.28409
-0.0706752 -0.353357 2.36876
-0.079566 -0.646969 2.42833
-0.0650035 -0.726553 2.34753
-0.147085 0.473974 2.24864
-0.786992 0.0948304 2.18973
-0.737797 0.130376 2.236
0.509654 0.155591 2.39835
0.44951 0.199456 2.41383
-0.139565 -0.0164756 2.31238
-0.141192 0.276345 2.27014
-0.141927 0.560044 2.21575
-0.141846 0.692723 2.2065
-0.316962 0.470402 2.21215
-0.535455 0.477934 2.1752
-0.739611 0.551543 2.15341
-0.815203 0.570109 2.14886
0.037736 0.491255 2.2638
0.247741 0.515827 2.31035
0.439617 0.597223 2.36341
0.500082 0.622244 2.37373
-0.210336 -0.0191609 2.26839
-0.207621 -0.332793 2.35864
-0.204805 -0.653937 2.42081
-0.200054 -0.729425 2.33431
-0.0644091 -0.013202 2.28351
-0.0680765 -0.340567 2.36322
-0.0793846 -0.64781 2.42868
-0.0644394 -0.727552 2.34772
-0.141906 0.490483 2.23159
-0.892872 0.569776 2.15997
-0.827476 0.557897 2.1831
0.583459 0.628254 2.43282
0.470137 0.600492 2.39275
-0.137631 -0.00858631 2.30998
-0.138546 0.281716 2.26631
-0.138496 0.562576 2.21017
-0.142197 0.693987 2.20444
-0.315836 0.479255 2.20952
-0.533181 0.499543 2.17121
-0.732456 0.584426 2.14385
-0.776606 0.591628 2.12865
0.0395999 0.502641 2.26334
0.248344 0.53914 2.30747
0.438197 0.630506 2.35231
0.494184 0.648594 2.35586
-0.208422 -0.0114204 2.26532
-0.208401 -0.328931 2.35625
-0.204241 -0.654397 2.42071
-0.199781 -0.728974 2.33305
-0.0624965 -0.0054405 2.28177
-0.0667735 -0.338235 2.36207
-0.0797149 -0.649109 2.42874
-0.064115 -0.727725 2.34709
-0.138679 0.49376 2.22646
-0.841333 0.608456 2.10876
-0.780249 0.61016 2.116
0.565112 0.663548 2.37051
0.479134 0.630086 2.35825
-0.136793 -0.00755971 2.30896
-0.137133 0.282684 2.26449
-0.136367 0.563069 2.20728
-0.137875 0.694175 2.20317
-0.313379 0.480445 2.20666
-0.530367 0.499374 2.16332
-0.73172 0.5786 2.13234
-0.784228 0.591811 2.1231
0.0428931 0.502891 2.26009
0.252273 0.537857 2.30301
0.44423 0.627968 2.34264
0.502957 0.643799 2.34757
-0.207698 -0.010308 2.26416
-0.208593 -0.329148 2.35594
-0.204087 -0.655078 2.42061
-0.199692 -0.729755 2.33293
-0.0615655 -0.00452661 2.28085
-0.0658321 -0.338153 2.36202
-0.0795556 -0.647964 2.42893
-0.0640418 -0.726611 2.34679
-0.136724 0.494421 2.22382
-0.862276 0.621278 2.14048
-0.792475 0.578029 2.14303
0.580965 0.662123 2.37629
0.471149 0.618856 2.366
-0.136166 -0.0249111 2.30341
-0.136004 0.272994 2.26453
-0.134935 0.558091 2.21217
-0.133599 0.693172 2.20396
-0.306652 0.460076 2.21309
-0.50688 0.367053 2.1718
-0.715742 0.314539 2.12116
-0.787813 0.304569 2.108
0.0411789 0.474409 2.25938
0.252987 0.385148 2.31305
0.471006 0.372472 2.32417
0.526876 0.359384 2.30699
-0.207017 -0.0263334 2.26037
-0.205498 -0.33472 2.35716
-0.203019 -0.655284 2.4205
-0.200074 -0.729181 2.33327
-0.0610219 -0.0228544 2.27342
-0.0668729 -0.342567 2.36318
-0.0799455 -0.64943 2.42905
-0.0639067 -0.726845 2.34687
-0.135336 0.48851 2.22733
-0.858748 0.296622 2.10604
-0.802831 0.290682 2.1334
0.596631 0.356269 2.33828
0.537243 0.349418 2.27564
-0.138529 -0.0506227 2.30468
-0.140161 0.256246 2.27391
-0.141021 0.550973 2.23104
-0.135294 0.693089 2.21609
-0.300175 0.427488 2.22102
-0.386754 0.192131 2.2364
-0.474759 -0.0106915 2.22369
-0.474086 -0.0559907 2.21061
0.0249139 0.439304 2.25654
0.111483 0.198713 2.3078
0.205259 -0.00195163 2.28791
0.214605 -0.0568879 2.26686
-0.209904 -0.0531069 2.26505
-0.203543 -0.343449 2.359
-0.202973 -0.654176 2.41975
-0.200279 -0.728385 2.33425
-0.0628005 -0.0466134 2.27151
-0.0683711 -0.350615 2.36406
-0.0792192 -0.648142 2.42735
-0.0635748 -0.726084 2.34865
-0.140908 0.478825 2.24379
-0.506965 -0.132936 2.22961
-0.51619 -0.125675 2.238
0.23661 -0.112021 2.28458
0.229807 -0.0841965 2.24114
-0.139833 -0.0552266 2.30683
-0.142428 0.251983 2.27807
-0.144267 0.548386 2.23717
-0.13867 0.691966 2.21984
-0.297501 0.421159 2.22293
-0.342616 0.17062 2.25579
-0.348229 -0.0511106 2.24063
-0.321598 -0.0851626 2.2487
0.0192057 0.433257 2.25022
0.0704411 0.182393 2.29182
0.0814184 -0.0369779 2.2487
0.0460396 -0.0827084 2.26112
-0.21136 -0.0576694 2.26654
-0.202925 -0.349203 2.36081
-0.203312 -0.652991 2.41962
-0.199913 -0.728641 2.33528
-0.0638956 -0.0511467 2.27439
-0.0687585 -0.356846 2.36561
-0.0792656 -0.648307 2.42759
-0.065186 -0.725607 2.34778
-0.143944 0.475755 2.24954
-0.309749 -0.129959 2.25873
-0.345873 -0.0845279 2.249
0.0370092 -0.124033 2.26591
0.0641449 -0.0808972 2.25664
-0.139636 -0.056198 2.30968
-0.142414 0.251186 2.27919
-0.144072 0.547804 2.23681
-0.137403 0.690925 2.21974
-0.296403 0.420786 2.22459
-0.345238 0.172732 2.2547
-0.365885 -0.0477626 2.23239
-0.360524 -0.0509731 2.23557
0.0191771 0.432081 2.24917
0.0722413 0.183231 2.29353
0.100574 -0.0348114 2.25228
0.0778747 -0.0591876 2.26211
-0.211215 -0.0584872 2.26957
-0.202708 -0.351183 2.36372
-0.203717 -0.653257 2.42019
-0.199076 -0.728662 2.33678
-0.0636528 -0.0521537 2.27712
-0.0692583 -0.359999 2.36777
-0.0793795 -0.647659 2.42818
-0.0662164 -0.725863 2.34747
-0.143837 0.475151 2.2496
-0.358159 -0.132447 2.24494
-0.40087 -0.0294788 2.209
0.0664387 -0.118896 2.27456
0.104442 -0.0614507 2.2473
-0.13907 -0.0491958 2.31145
-0.141145 0.254506 2.27838
-0.141867 0.549084 2.23336
-0.133507 0.690507 2.21741
-0.300436 0.434653 2.21774
-0.503962 0.352618 2.15922
-0.713815 0.303093 2.11026
-0.737073 0.295301 2.09918
0.0328792 0.447069 2.25984
0.24401 0.365216 2.30269
0.453605 0.345052 2.3529
0.507027 0.308814 2.35289
-0.210412 -0.051181 2.26999
-0.202011 -0.347414 2.36395
-0.202799 -0.653967 2.421
-0.199745 -0.729178 2.33653
-0.0633508 -0.0455228 2.28012
-0.0685845 -0.35271 2.36721
-0.0791003 -0.647341 2.42792
-0.0654483 -0.726658 2.3473
-0.141921 0.476862 2.24692
-0.798733 0.262269 2.08314
-0.737104 0.286393 2.06043
0.561072 0.279537 2.38789
0.493769 0.302653 2.35357
-0.135027 -0.0111093 2.31054
-0.133445 0.280647 2.26824
-0.130898 0.563476 2.21353
-0.126972 0.694647 2.21137
-0.304893 0.478233 2.20523
-0.523689 0.50401 2.14625
-0.728237 0.574599 2.11439
-0.77294 0.593348 2.11173
0.0501343 0.496641 2.27012
0.260391 0.547698 2.29515
0.448066 0.642365 2.34133
0.505948 0.659327 2.35443
-0.205741 -0.0132621 2.26216
-0.206706 -0.334319 2.35737
-0.202578 -0.655471 2.42116
-0.199746 -0.729167 2.33425
-0.0600612 -0.00852096 2.28608
-0.0658445 -0.343407 2.36413
-0.0798874 -0.649253 2.42885
-0.0638907 -0.72766 2.34625
-0.131719 0.49415 2.22949
-0.849659 0.6132 2.10643
-0.768818 0.592148 2.07274
0.55411 0.677757 2.37884
0.486993 0.669693 2.3461
-0.134305 -0.00631664 2.3109
-0.133169 0.284448 2.26752
-0.131155 0.565781 2.21183
-0.126352 0.696148 2.21194
-0.305495 0.484318 2.20731
-0.524976 0.513978 2.15218
-0.729835 0.585536 2.13018
-0.805763 0.601845 2.12993
0.0484599 0.503501 2.2744
0.256097 0.562908 2.30055
0.440238 0.660422 2.35273
0.494775 0.672215 2.36417
-0.204937 -0.00851655 2.26308
-0.206563 -0.332913 2.35701
-0.203134 -0.65608 2.4216
-0.199905 -0.728778 2.33456
-0.059447 -0.00383718 2.28592
-0.0653423 -0.340905 2.36319
-0.0801286 -0.64955 2.42892
-0.0636531 -0.727859 2.34583
-0.131819 0.496835 2.22799
-0.876393 0.619462 2.13995
-0.834935 0.611095 2.10115
0.549939 0.688907 2.37475
0.489236 0.655211 2.35443
-0.133667 -0.00522358 2.31317
-0.132556 0.285808 2.26945
-0.13054 0.567079 2.21358
-0.125868 0.697143 2.21435
-0.304987 0.484598 2.20859
-0.520307 0.50295 2.1529
-0.728089 0.564247 2.12273
-0.811001 0.565388 2.12211
0.048777 0.504677 2.2772
0.260359 0.54604 2.30667
0.453512 0.629046 2.35324
0.513539 0.633832 2.36374
-0.204223 -0.0073526 2.2652
-0.207453 -0.331504 2.35638
-0.203788 -0.655461 2.42148
-0.199244 -0.72882 2.33382
-0.0589088 -0.00286831 2.28849
-0.0646655 -0.340123 2.36407
-0.0790839 -0.646887 2.4288
-0.063299 -0.726703 2.34576
-0.131198 0.498175 2.22975
-0.886235 0.57758 2.12484
-0.786651 0.562484 2.07206
0.575526 0.649938 2.42755
0.511236 0.616604 2.38233
-0.13373 -0.0222806 2.30991
-0.132293 0.275018 2.2738
-0.130166 0.560352 2.22584
-0.123543 0.696693 2.21642
-0.300627 0.462022 2.21691
-0.503615 0.369666 2.1666
-0.706328 0.289006 2.13378
-0.760786 0.275079 2.11477
0.0469898 0.475677 2.27753
0.2503 0.385805 2.29131
0.458855 0.352054 2.33961
0.523392 0.35225 2.36372
-0.204219 -0.0234646 2.26381
-0.205267 -0.33474 2.35748
-0.202599 -0.656271 2.42178
-0.19876 -0.729842 2.33326
-0.0589994 -0.02063 2.28297
-0.0664131 -0.34356 2.36627
-0.0800744 -0.649701 2.4296
-0.0628465 -0.727543 2.34586
-0.130821 0.490515 2.23981
-0.838334 0.255871 2.11319
-0.757885 0.255219 2.08274
0.579634 0.346662 2.42584
0.548574 0.369864 2.3228
-0.135123 -0.0509992 2.31206
-0.135314 0.255844 2.28032
-0.13426 0.551019 2.23639
-0.12496 0.693038 2.21963
-0.290125 0.426548 2.21948
-0.372226 0.190133 2.23576
-0.441096 -0.019993 2.23307
-0.451095 -0.0643597 2.22063
0.0285498 0.433262 2.24887
0.0879801 0.185537 2.30019
0.144153 -0.0283156 2.30526
0.121248 -0.0261454 2.29244
-0.206981 -0.053345 2.27219
-0.200685 -0.343272 2.36262
-0.202344 -0.654621 2.4213
-0.198485 -0.729506 2.33466
-0.0590556 -0.047276 2.27918
-0.0652875 -0.354573 2.3699
-0.0788893 -0.647674 2.4279
-0.0632793 -0.726958 2.34646
-0.134698 0.478891 2.24949
-0.475744 -0.141495 2.22681
-0.428022 -0.0838367 2.1805
0.137771 -0.105298 2.29886
0.063483 -0.0223468 2.27986
-0.135659 -0.0528317 2.31301
-0.135999 0.253813 2.27973
-0.135347 0.549175 2.23381
-0.125125 0.691878 2.21822
-0.289473 0.423298 2.21915
-0.337727 0.170768 2.25477
-0.349616 -0.0505312 2.25126
-0.343111 -0.0688476 2.25377
0.0283725 0.435023 2.24393
0.0741997 0.183525 2.30235
0.0910303 -0.0374284 2.27922
0.0552632 -0.0870503 2.27525
-0.20726 -0.0548082 2.27223
-0.201684 -0.348033 2.36424
-0.202506 -0.65446 2.42164
-0.197977 -0.729442 2.33764
-0.0599241 -0.0493748 2.28106
-0.0665225 -0.359236 2.36934
-0.078453 -0.647242 2.42768
-0.0655312 -0.726788 2.34604
-0.135675 0.476916 2.24751
-0.354286 -0.140851 2.28152
-0.300297 -0.0849688 2.21864
0.0460865 -0.131348 2.2851
0.0397334 -0.0774485 2.23012
-0.135827 -0.0535627 2.31226
-0.13607 0.252782 2.27946
-0.135188 0.54813 2.23438
-0.127284 0.690304 2.21842
-0.287921 0.422241 2.22051
-0.365983 0.187874 2.24195
-0.475646 -0.00284032 2.24919
-0.506247 -0.0314309 2.25219
0.0285596 0.435453 2.2441
0.100574 0.189247 2.28634
0.22194 0.00502465 2.29403
0.231972 -0.0400586 2.29078
-0.207351 -0.0556135 2.27135
-0.201557 -0.347415 2.36346
-0.202809 -0.653651 2.421
-0.19815 -0.729571 2.3382
-0.0600565 -0.049966 2.28028
-0.0660172 -0.358968 2.36865
-0.077997 -0.644852 2.42699
-0.0662936 -0.725882 2.34765
-0.135569 0.475821 2.24782
-0.54445 -0.0921111 2.27368
-0.475767 -0.0611521 2.23781
0.2427 -0.0842637 2.3535
0.234472 -0.0434682 2.24375
-0.130372 -0.0335022 2.31199
-0.130889 0.264524 2.27639
-0.130159 0.554058 2.22878
-0.12039 0.691143 2.21952
-0.299042 0.451301 2.2224
-0.519226 0.388634 2.19905
-0.746953 0.371793 2.18544
-0.808746 0.384039 2.18677
0.0497437 0.46428 2.25772
0.265742 0.42048 2.31671
0.471477 0.442095 2.37649
0.528654 0.461806 2.41422
-0.201999 -0.0357387 2.26959
-0.199434 -0.339472 2.3604
-0.201616 -0.654085 2.42045
-0.198098 -0.73028 2.33552
-0.0545498 -0.0299203 2.28159
-0.0644576 -0.350867 2.3667
-0.07773 -0.647832 2.42659
-0.0631794 -0.727508 2.34682
-0.130564 0.482983 2.24293
-0.883996 0.378999 2.20879
-0.806509 0.395574 2.1605
0.564927 0.448778 2.47346
0.549739 0.479962 2.3647
-0.123466 -0.0123715 2.3144
-0.124113 0.280055 2.27555
-0.123839 0.562887 2.22474
-0.115394 0.693751 2.22029
-0.300154 0.472576 2.22314
-0.518901 0.463446 2.18494
-0.731506 0.508815 2.16344
-0.790737 0.532068 2.15242
0.0585721 0.495914 2.27351
0.270472 0.512556 2.31628
0.459451 0.600805 2.3683
0.511803 0.621124 2.39632
-0.194813 -0.0151527 2.26912
-0.200343 -0.330825 2.35575
-0.2036 -0.653278 2.4199
-0.198934 -0.729968 2.3325
-0.0482214 -0.00909952 2.28688
-0.0586902 -0.342065 2.3655
-0.0750585 -0.642204 2.42549
-0.0635473 -0.726369 2.34796
-0.124072 0.493561 2.23961
-0.860107 0.548557 2.14596
-0.797316 0.558266 2.14629
0.565403 0.630645 2.4546
0.548659 0.655849 2.38057
-0.122023 -0.00893169 2.31664
-0.121787 0.282355 2.27749
-0.120525 0.563968 2.22638
-0.11122 0.695839 2.22422
-0.29686 0.475821 2.22187
-0.516471 0.477296 2.18058
-0.725549 0.535865 2.15615
-0.80292 0.558244 2.15819
0.0625836 0.499823 2.27859
0.275263 0.524214 2.31518
0.465113 0.610375 2.36738
0.520161 0.623085 2.39238
-0.193226 -0.011317 2.26986
-0.199214 -0.329246 2.35224
-0.203784 -0.653606 2.41971
-0.197844 -0.729819 2.33278
-0.0469012 -0.00606205 2.2908
-0.0559616 -0.341995 2.36731
-0.0740543 -0.640519 2.42598
-0.0638413 -0.725948 2.34882
-0.121019 0.494985 2.24134
-0.871634 0.578099 2.163
-0.797124 0.531787 2.17872
0.570714 0.645087 2.43056
0.558464 0.652964 2.37275
-0.121342 -0.00950867 2.31432
-0.120206 0.282412 2.27624
-0.117842 0.56436 2.22566
-0.108943 0.695277 2.22311
-0.295993 0.476082 2.22139
-0.514686 0.467028 2.18223
-0.730953 0.49217 2.16415
-0.81053 0.495854 2.16724
0.0648939 0.49779 2.27454
0.280337 0.496965 2.3076
0.482887 0.553005 2.35545
0.528146 0.554918 2.36672
-0.192578 -0.0117981 2.26793
-0.198556 -0.329829 2.35229
-0.202594 -0.652996 2.41923
-0.197142 -0.729449 2.3336
-0.0462413 -0.0068362 2.2877
-0.0553959 -0.342266 2.36663
-0.0754496 -0.643271 2.42728
-0.0636945 -0.72646 2.34938
-0.118617 0.495304 2.24049
-0.883931 0.503733 2.16319
-0.799223 0.464738 2.1835
0.603296 0.567695 2.42328
0.558336 0.568055 2.33433
-0.126613 -0.0432277 2.309
-0.127067 0.261567 2.28079
-0.126925 0.55448 2.23956
-0.113419 0.694588 2.22661
-0.290297 0.442417 2.22778
-0.437838 0.238114 2.20749
-0.588297 0.0797375 2.16716
-0.639675 0.0511148 2.16808
0.0474141 0.446203 2.26822
0.18419 0.228352 2.3078
0.351637 0.0848733 2.28136
0.390406 0.0476504 2.26475
-0.198006 -0.0445451 2.26791
-0.195449 -0.338746 2.35726
-0.200613 -0.653592 2.41961
-0.198863 -0.730222 2.33518
-0.051227 -0.0406998 2.27718
-0.0560282 -0.350573 2.36884
-0.075065 -0.642644 2.42561
-0.0628049 -0.727551 2.34792
-0.127032 0.482854 2.252
-0.678418 0.0060095 2.14711
-0.627924 0.0357175 2.19011
0.442005 0.0213919 2.28589
0.381556 0.051887 2.21443
-0.128807 -0.0556598 2.31355
-0.128849 0.252165 2.28375
-0.128386 0.548931 2.24111
-0.114819 0.692416 2.22747
-0.279881 0.422956 2.22304
-0.329954 0.176707 2.25404
-0.355133 -0.0430288 2.25732
-0.337773 -0.0671673 2.25261
0.0352039 0.430265 2.25274
0.0877819 0.170222 2.29468
0.0843012 -0.0495329 2.25278
0.0607436 -0.0623329 2.24215
-0.200831 -0.0567769 2.27237
-0.1987 -0.344667 2.36039
-0.201596 -0.652459 2.41882
-0.197928 -0.729744 2.33593
-0.0527789 -0.0529513 2.28211
-0.0601477 -0.360563 2.37098
-0.0756151 -0.642593 2.42625
-0.0645407 -0.726274 2.34879
-0.1286 0.476273 2.25401
-0.355642 -0.152406 2.26794
-0.302255 -0.0755858 2.23328
0.0672135 -0.144832 2.25572
0.0525418 -0.0660491 2.19283
-0.132369 -0.0555294 2.31424
-0.132682 0.2507 2.28186
-0.132821 0.545874 2.23599
-0.118082 0.688856 2.22064
-0.282306 0.426221 2.21962
-0.326848 0.174018 2.25703
-0.340533 -0.0470794 2.25587
-0.322467 -0.0808021 2.25901
0.0312042 0.430609 2.24416
0.0808975 0.180115 2.28431
0.075609 -0.0402767 2.24713
0.0496362 -0.0731125 2.25515
-0.204446 -0.0567399 2.27277
-0.200377 -0.345062 2.36267
-0.201927 -0.653122 2.4203
-0.197176 -0.72909 2.3355
-0.056302 -0.0526267 2.28305
-0.062127 -0.360912 2.3709
-0.075719 -0.642702 2.42639
-0.0652453 -0.725202 2.34845
-0.132917 0.473593 2.24976
-0.314313 -0.126221 2.28053
-0.289178 -0.0857744 2.2221
0.0360374 -0.118672 2.26339
0.0237416 -0.0637493 2.20619
-0.133215 -0.0526866 2.31107
-0.133217 0.252119 2.27824
-0.132788 0.546387 2.23212
-0.119356 0.690301 2.22032
-0.290877 0.433514 2.21925
-0.473124 0.28317 2.19521
-0.667183 0.17072 2.19239
-0.715369 0.140401 2.19006
0.0367375 0.437911 2.25093
0.213363 0.288412 2.30549
0.408271 0.21935 2.36873
0.44599 0.186785 2.37673
-0.205271 -0.0543913 2.26955
-0.200445 -0.343097 2.36239
-0.200232 -0.654469 2.42089
-0.197135 -0.729382 2.33626
-0.0570389 -0.0493398 2.27958
-0.0651034 -0.353574 2.36791
-0.0768663 -0.645534 2.4268
-0.063899 -0.726671 2.34777
-0.133015 0.474286 2.24593
-0.763988 0.0770705 2.19187
-0.692844 0.134202 2.24067
0.500021 0.126995 2.40759
0.425415 0.18603 2.40862
-0.129781 -0.0259767 2.30935
-0.129696 0.269669 2.27017
-0.128668 0.556579 2.21837
-0.117483 0.693167 2.21698
-0.299969 0.455616 2.20546
-0.517994 0.42588 2.16783
-0.742838 0.426227 2.15873
-0.823422 0.442634 2.15453
0.0535904 0.477017 2.26038
0.265094 0.470489 2.30795
0.463952 0.527195 2.36673
0.506814 0.540827 2.36974
-0.200994 -0.0285913 2.26328
-0.202961 -0.336409 2.3587
-0.202469 -0.654436 2.42134
-0.198814 -0.729738 2.33726
-0.0544778 -0.0224264 2.28262
-0.0660139 -0.349244 2.36667
-0.0782217 -0.648493 2.42794
-0.064023 -0.726918 2.34697
-0.129082 0.486223 2.23364
-0.898076 0.426442 2.16071
-0.814151 0.416309 2.18241
0.591344 0.540067 2.43666
0.474566 0.521753 2.38543
-0.12928 -0.0174515 2.3105
-0.128566 0.276169 2.26757
-0.126894 0.560527 2.21177
-0.118966 0.694954 2.21226
-0.30163 0.463878 2.20353
-0.519323 0.440765 2.16262
-0.736904 0.45207 2.15407
-0.81999 0.463255 2.15415
0.0537747 0.490617 2.2633
0.265123 0.503557 2.30918
0.460175 0.571871 2.36777
0.497187 0.5906 2.37222
-0.200148 -0.0205203 2.26397
-0.205289 -0.333307 2.35738
-0.203213 -0.654585 2.42069
-0.198945 -0.730028 2.33568
-0.054348 -0.0136881 2.28417
-0.0658714 -0.345751 2.36621
-0.079296 -0.649462 2.42897
-0.0634702 -0.726976 2.34779
-0.127467 0.490881 2.22803
-0.893507 0.455793 2.15692
-0.810003 0.435642 2.18317
0.56506 0.598068 2.37826
0.487676 0.571613 2.383
-0.129182 -0.0158265 2.3092
-0.128336 0.277697 2.26597
-0.126586 0.561403 2.21002
-0.119164 0.695737 2.21052
-0.301319 0.465618 2.2025
-0.518982 0.441288 2.16232
-0.741212 0.446787 2.15237
-0.823994 0.446577 2.15388
0.0542816 0.49086 2.26207
0.267211 0.491188 2.30483
0.468164 0.5447 2.36015
0.523715 0.542547 2.37411
-0.200072 -0.0188488 2.26267
-0.204927 -0.332168 2.3561
-0.20309 -0.655302 2.42081
-0.199453 -0.729939 2.33473
-0.0542347 -0.0122295 2.28272
-0.066039 -0.345254 2.36581
-0.0794022 -0.649486 2.4288
-0.0635737 -0.727547 2.34694
-0.127171 0.491937 2.22627
-0.888978 0.44019 2.15531
-0.824802 0.417364 2.18411
0.603849 0.54889 2.42343
0.501112 0.519961 2.38407
-0.13271 -0.039591 2.3054
-0.130969 0.263239 2.26983
-0.128607 0.554233 2.22115
-0.116299 0.694318 2.21005
-0.292604 0.44499 2.21217
-0.45465 0.261668 2.19988
-0.618223 0.115471 2.17028
-0.635137 0.097417 2.15788
0.0477936 0.453667 2.26212
0.210166 0.269181 2.30827
0.392376 0.148543 2.32722
0.432199 0.142748 2.30204
-0.203882 -0.0404893 2.26405
-0.202349 -0.337686 2.3579
-0.202206 -0.654885 2.42114
-0.198949 -0.729163 2.33486
-0.0573684 -0.037809 2.27377
-0.067202 -0.346978 2.36562
-0.0786383 -0.647873 2.42766
-0.0635408 -0.727661 2.34672
-0.129315 0.483098 2.23545
-0.705197 0.033567 2.1591
-0.676653 0.0535568 2.1788
0.513637 0.130891 2.347
0.435538 0.151731 2.35096
-0.133155 -0.056683 2.31091
-0.132714 0.25113 2.27522
-0.131153 0.54783 2.22701
-0.117604 0.691701 2.21223
-0.283361 0.421098 2.21361
-0.340711 0.173719 2.25158
-0.36542 -0.046161 2.25324
-0.348375 -0.064164 2.2501
0.0315372 0.430098 2.2491
0.0827194 0.174462 2.30333
0.0998103 -0.0466297 2.28549
0.0730267 -0.072882 2.26555
-0.205177 -0.0583331 2.26971
-0.202179 -0.345652 2.36318
-0.202538 -0.653187 2.42108
-0.199624 -0.728745 2.33698
-0.0569582 -0.0533531 2.27956
-0.0649027 -0.358449 2.37047
-0.0783189 -0.646733 2.4272
-0.065386 -0.725737 2.34696
-0.131692 0.475224 2.24127
-0.361407 -0.152217 2.26538
-0.308247 -0.0597801 2.23293
0.0761834 -0.132043 2.28647
0.0892557 -0.092008 2.269
-0.133073 -0.057676 2.31257
-0.133143 0.249654 2.27585
-0.132421 0.54582 2.22653
-0.119524 0.690335 2.21235
-0.284069 0.420692 2.21462
-0.334804 0.171854 2.25223
-0.336364 -0.049976 2.23632
-0.309852 -0.0817296 2.24473
0.0309934 0.430686 2.24509
0.0788774 0.178687 2.29607
0.079228 -0.0415197 2.25714
0.0480361 -0.0753206 2.26069
-0.204886 -0.0594526 2.27137
-0.202178 -0.346562 2.36429
-0.203111 -0.652007 2.42065
-0.198569 -0.728649 2.33671
-0.0570493 -0.0543063 2.28128
-0.0648786 -0.359579 2.3716
-0.0773384 -0.643558 2.42766
-0.0662456 -0.724479 2.34866
-0.13271 0.473318 2.24111
-0.29705 -0.129807 2.25583
-0.283608 -0.0715559 2.19967
0.0286434 -0.119061 2.26131
0.0744498 -0.075126 2.2648
-0.133082 -0.0576352 2.31209
-0.133456 0.249196 2.27604
-0.133439 0.544925 2.22824
-0.123592 0.689738 2.21603
-0.284995 0.420743 2.21589
-0.334769 0.173326 2.25204
-0.338237 -0.0484756 2.23618
-0.313063 -0.0795257 2.24348
0.0300424 0.431608 2.24481
0.079716 0.1806 2.29429
0.081734 -0.039559 2.25498
0.0514614 -0.0706257 2.2582
-0.204969 -0.0596035 2.27093
-0.201413 -0.347902 2.36453
-0.202598 -0.652924 2.42119
-0.197937 -0.728334 2.3371
-0.0569936 -0.0540461 2.28046
-0.063616 -0.359129 2.37115
-0.0772695 -0.644234 2.42721
-0.0664174 -0.725049 2.34801
-0.133539 0.472504 2.24232
-0.303305 -0.123745 2.25659
-0.284491 -0.0716627 2.20147
0.0393806 -0.117795 2.26913
0.0745165 -0.07551 2.26332
-0.135575 -0.0552425 2.31461
-0.134892 0.249865 2.27811
-0.133871 0.54493 2.22961
-0.12647 0.689663 2.21788
-0.290184 0.428597 2.22188
-0.449119 0.250598 2.19092
-0.62279 0.120854 2.1423
-0.644385 0.0898152 2.13797
0.0324089 0.436805 2.24847
0.202766 0.265197 2.30421
0.394735 0.16275 2.32814
0.421613 0.127773 2.34241
-0.207425 -0.0573885 2.27365
-0.200217 -0.347289 2.36602
-0.201365 -0.653372 2.42104
-0.197577 -0.729299 2.33539
-0.0595162 -0.0513443 2.28291
-0.064751 -0.35696 2.37156
-0.076419 -0.64278 2.42687
-0.0653523 -0.72549 2.34859
-0.134201 0.47261 2.24387
-0.680978 0.0268247 2.12069
-0.644342 0.10041 2.06694
0.46726 0.0672032 2.35907
0.417547 0.106612 2.403
-0.130373 -0.0270663 2.31446
-0.12979 0.268068 2.27372
-0.128306 0.554527 2.22102
-0.122983 0.691427 2.21724
-0.301772 0.457311 2.21537
-0.519379 0.434743 2.17332
-0.735147 0.463833 2.15775
-0.817823 0.471379 2.16571
0.0523458 0.473861 2.25886
0.264914 0.461408 2.30832
0.467339 0.51498 2.35926
0.513015 0.528402 2.37332
-0.201661 -0.0293024 2.2709
-0.201334 -0.33566 2.36114
-0.20131 -0.654285 2.42144
-0.19825 -0.729941 2.33533
-0.0549608 -0.0238409 2.28521
-0.0651654 -0.348458 2.36901
-0.0785483 -0.648498 2.42903
-0.0644399 -0.726777 2.34699
-0.128857 0.484215 2.23642
-0.889611 0.46294 2.16783
-0.814519 0.500825 2.11593
0.593096 0.527473 2.42747
0.501514 0.509714 2.4011
-0.128631 -0.0171694 2.31424
-0.127253 0.276456 2.27189
-0.124807 0.56079 2.21711
-0.119192 0.695014 2.2179
-0.301478 0.470419 2.21514
-0.518875 0.460162 2.16581
-0.733483 0.496148 2.14873
-0.811008 0.515266 2.15209
0.0559529 0.486726 2.26095
0.27019 0.500495 2.29631
0.465329 0.576461 2.3461
0.518599 0.586932 2.35692
-0.199992 -0.0196735 2.27033
-0.202088 -0.332201 2.3593
-0.20149 -0.654441 2.42134
-0.197446 -0.729429 2.33445
-0.0532119 -0.0140648 2.28527
-0.0650043 -0.346772 2.36862
-0.0784359 -0.64877 2.42897
-0.0632118 -0.726656 2.34654
-0.125612 0.491112 2.23305
-0.884181 0.521188 2.16855
-0.823074 0.52939 2.10536
0.586622 0.596959 2.37424
0.489142 0.566716 2.36567
-0.127465 -0.0114024 2.31216
-0.124849 0.280566 2.26958
-0.121372 0.562947 2.21449
-0.117165 0.695802 2.21531
-0.300324 0.476665 2.21488
-0.51825 0.480072 2.1696
-0.729031 0.53244 2.14571
-0.795203 0.548318 2.14635
0.0581223 0.493751 2.26295
0.271011 0.517363 2.29935
0.467777 0.584511 2.35414
0.52478 0.589135 2.369
-0.198846 -0.0140818 2.26844
-0.202677 -0.329295 2.35761
-0.20207 -0.652611 2.42067
-0.197652 -0.728912 2.33548
-0.0520449 -0.00827943 2.2829
-0.0638932 -0.344152 2.36673
-0.0774428 -0.647075 2.42832
-0.0632031 -0.727059 2.34647
-0.122401 0.493773 2.2305
-0.872228 0.566191 2.16011
-0.807369 0.563856 2.10201
0.58834 0.59337 2.41184
0.494147 0.566745 2.3889
-0.126843 -0.0160294 2.31149
-0.12386 0.278298 2.27064
-0.119996 0.561537 2.21733
-0.114197 0.69592 2.216
-0.296774 0.471911 2.21646
-0.511573 0.429675 2.17203
-0.726374 0.412918 2.12439
-0.779737 0.423 2.11853
0.0587681 0.480136 2.26719
0.272904 0.438049 2.2914
0.486988 0.426905 2.32617
0.549545 0.442715 2.33732
-0.19823 -0.0179566 2.26792
-0.201762 -0.329126 2.35729
-0.201938 -0.653562 2.421
-0.197724 -0.729187 2.33528
-0.0514439 -0.0136154 2.28216
-0.0632409 -0.34393 2.36662
-0.0767836 -0.64625 2.4277
-0.0632408 -0.727303 2.34655
-0.12111 0.492228 2.23279
-0.84825 0.429152 2.12573
-0.787772 0.431568 2.06376
0.61461 0.438726 2.3722
0.509377 0.425577 2.33571
-0.128131 -0.0458674 2.31089
-0.125403 0.258219 2.27865
-0.121885 0.550683 2.23372
-0.110735 0.693457 2.22117
-0.283857 0.439191 2.22751
-0.414861 0.219263 2.24316
-0.516699 0.0276333 2.18996
-0.529563 -0.0222177 2.16961
0.0463164 0.439242 2.26198
0.140037 0.202221 2.30185
0.258478 0.0152526 2.28247
0.321368 -0.00725068 2.26968
-0.199821 -0.0471029 2.27138
-0.198874 -0.336006 2.36079
-0.20101 -0.652483 2.41951
-0.198318 -0.7294 2.33466
-0.0524289 -0.0434341 2.27767
-0.0611693 -0.349685 2.36915
-0.0749753 -0.64178 2.42648
-0.0646312 -0.727162 2.34914
-0.122878 0.479142 2.24709
-0.564233 -0.0837157 2.1814
-0.532239 -0.0300946 2.1288
0.37046 -0.0222684 2.28266
0.358441 -0.000485931 2.292
-0.132303 -0.0562661 2.31643
-0.126928 0.250953 2.2827
-0.122152 0.547127 2.23668
-0.113353 0.691715 2.22644
-0.276821 0.423791 2.22661
-0.331307 0.174331 2.25805
-0.365317 -0.0427425 2.27465
-0.362863 -0.0651754 2.29074
0.0367477 0.429448 2.24776
0.0946835 0.176022 2.29001
0.125493 -0.0427457 2.25847
0.132017 -0.0800694 2.2497
-0.204028 -0.0562544 2.27603
-0.197224 -0.34555 2.36431
-0.201826 -0.651541 2.419
-0.199554 -0.729386 2.33597
-0.0564418 -0.0547185 2.28443
-0.0598191 -0.35943 2.37229
-0.0751174 -0.642024 2.42657
-0.0654892 -0.725517 2.34921
-0.123374 0.474662 2.25033
-0.386759 -0.128476 2.31805
-0.328512 -0.0992044 2.26456
0.146386 -0.151302 2.24766
0.157344 -0.0739094 2.25378
-0.132695 -0.0565443 2.31775
-0.127506 0.25027 2.28515
-0.122506 0.546413 2.24126
-0.113004 0.691477 2.23005
-0.276121 0.423642 2.22654
-0.335882 0.180851 2.26756
-0.344684 -0.0406315 2.26457
-0.321891 -0.0733113 2.26288
0.0377072 0.430576 2.25809
0.091258 0.176623 2.3057
0.153844 -0.0359586 2.30019
0.146309 -0.0499143 2.31872
-0.204347 -0.0570091 2.27643
-0.198959 -0.346226 2.36476
-0.20214 -0.653517 2.42052
-0.199005 -0.73006 2.33616
-0.0565824 -0.0542615 2.28662
-0.060444 -0.359477 2.37249
-0.0754558 -0.642972 2.42803
-0.0652766 -0.725888 2.34844
-0.123804 0.473873 2.25436
-0.310084 -0.118641 2.27319
-0.295386 -0.0641931 2.22151
0.151795 -0.11323 2.35169
0.182431 -0.0598927 2.3316
-0.131022 -0.0463132 2.31945
-0.126906 0.255349 2.28625
-0.122235 0.548201 2.24153
-0.111516 0.692192 2.23088
-0.281662 0.436183 2.22453
-0.487954 0.330727 2.18121
-0.697124 0.279267 2.13054
-0.734529 0.250226 2.1138
0.0508973 0.448984 2.27443
0.262077 0.359486 2.33488
0.466562 0.329978 2.39696
0.519898 0.304102 2.40525
-0.20251 -0.0471151 2.27733
-0.200567 -0.340939 2.36498
-0.20162 -0.652866 2.42098
-0.198109 -0.729844 2.33571
-0.0553781 -0.0440052 2.28888
-0.0623048 -0.35266 2.3733
-0.075943 -0.644359 2.4275
-0.0632617 -0.726539 2.34765
-0.123504 0.476266 2.25483
-0.798171 0.202792 2.12793
-0.74569 0.234295 2.06617
0.573408 0.285679 2.44039
0.501691 0.302934 2.405
-0.124039 -0.0166742 2.32061
-0.120592 0.277143 2.27785
-0.116205 0.561657 2.22241
-0.107837 0.695379 2.22125
-0.287349 0.467483 2.20562
-0.50665 0.466286 2.17237
-0.734201 0.495581 2.17289
-0.802842 0.513456 2.17232
0.0643592 0.487599 2.28392
0.267522 0.490233 2.35301
0.447007 0.566275 2.44055
0.485381 0.574028 2.44822
-0.194553 -0.0186095 2.27247
-0.199563 -0.331052 2.36064
-0.202093 -0.653514 2.42137
-0.198268 -0.729925 2.33457
-0.0495951 -0.0139464 2.29586
-0.0593873 -0.345225 2.37241
-0.0760926 -0.645147 2.42863
-0.0636195 -0.726499 2.34919
-0.117443 0.491947 2.23856
-0.875079 0.520411 2.18721
-0.812743 0.530844 2.12215
0.564013 0.582559 2.46216
0.471142 0.554998 2.45527
-0.121697 -0.00953529 2.31633
-0.119966 0.283368 2.27406
-0.117726 0.566542 2.21903
-0.109351 0.697105 2.21729
-0.289006 0.475073 2.2033
-0.510348 0.478454 2.15802
-0.72585 0.508951 2.1512
-0.803272 0.535883 2.15461
0.0638526 0.500003 2.28679
0.270586 0.525484 2.34185
0.458668 0.613061 2.39724
0.497594 0.62837 2.39902
-0.191635 -0.0126314 2.2675
-0.201006 -0.328305 2.35918
-0.202864 -0.652944 2.42002
-0.198021 -0.730136 2.33284
-0.0479113 -0.00598384 2.29206
-0.0587939 -0.342446 2.37249
-0.0742528 -0.642145 2.42822
-0.0631167 -0.726223 2.34877
-0.118375 0.497188 2.23505
-0.878084 0.552981 2.18015
-0.804457 0.565533 2.1015
0.559032 0.643194 2.39919
0.474748 0.604599 2.40736
-0.124089 -0.00809037 2.31299
-0.123397 0.284267 2.27016
-0.122591 0.566568 2.21437
-0.1163 0.696021 2.21073
-0.294417 0.478659 2.20291
-0.511928 0.474566 2.1533
-0.727045 0.507896 2.13876
-0.806845 0.523383 2.15071
0.0594227 0.49882 2.27713
0.270362 0.510732 2.32434
0.466388 0.569376 2.38882
0.506155 0.568503 2.39979
-0.194245 -0.0113193 2.26544
-0.201523 -0.32759 2.35844
-0.202466 -0.653416 2.42158
-0.198038 -0.729903 2.33297
-0.0500021 -0.00450613 2.28748
-0.0602446 -0.340537 2.36984
-0.075106 -0.642282 2.42808
-0.0626963 -0.726285 2.34763
-0.122848 0.497451 2.23055
-0.876022 0.537623 2.17146
-0.800734 0.558919 2.104
0.574974 0.577811 2.40129
0.48969 0.545579 2.41
-0.134301 -0.0350071 2.30462
-0.133368 0.265036 2.26997
-0.132181 0.553965 2.22248
-0.123144 0.692131 2.21267
-0.2971 0.452105 2.21667
-0.462637 0.278969 2.20071
-0.642071 0.150784 2.16112
-0.704153 0.136702 2.14186
0.0378882 0.459265 2.27038
0.202635 0.288653 2.34268
0.40492 0.20537 2.35766
0.448737 0.200322 2.34234
-0.205005 -0.0367794 2.26356
-0.199698 -0.336736 2.35901
-0.201963 -0.653144 2.42041
-0.198185 -0.729701 2.33307
-0.0594073 -0.0324724 2.27265
-0.0636944 -0.346318 2.36874
-0.0770597 -0.645683 2.42862
-0.0623371 -0.726973 2.34741
-0.132531 0.483277 2.23656
-0.763143 0.119367 2.12922
-0.681739 0.148486 2.08306
0.517124 0.212616 2.35397
0.390718 0.195991 2.3565
-0.134358 -0.0535488 2.3084
-0.136873 0.251784 2.27638
-0.138451 0.545999 2.23194
-0.126055 0.688597 2.21547
-0.288553 0.422837 2.21694
-0.339166 0.171149 2.2535
-0.34869 -0.0504256 2.24467
-0.33087 -0.0716846 2.23875
0.0223395 0.432713 2.25644
0.077455 0.182014 2.30299
0.105963 -0.037796 2.2819
0.11324 -0.0956365 2.27242
-0.206068 -0.0561189 2.2671
-0.198923 -0.349038 2.36209
-0.202567 -0.653305 2.42043
-0.198133 -0.72893 2.33489
-0.0583943 -0.0495175 2.27693
-0.0647823 -0.358103 2.36913
-0.0773989 -0.64512 2.42809
-0.0639155 -0.726629 2.34756
-0.13818 0.473984 2.24522
-0.34566 -0.156297 2.23486
-0.297972 -0.0765732 2.2086
0.13853 -0.155184 2.28202
0.141246 -0.108573 2.28214
-0.132583 -0.0552781 2.30947
-0.13582 0.250425 2.27672
-0.13779 0.545242 2.23176
-0.12386 0.689215 2.2194
-0.288386 0.422061 2.21984
-0.33929 0.169257 2.25799
-0.341234 -0.0525653 2.24377
-0.314326 -0.0859553 2.24459
0.0248678 0.429719 2.25109
0.0787995 0.182486 2.30109
0.0912921 -0.0382167 2.27027
0.05983 -0.095083 2.27724
-0.204301 -0.0578271 2.2679
-0.199911 -0.349123 2.3627
-0.202947 -0.652543 2.41971
-0.198344 -0.728693 2.33535
-0.0566565 -0.0511705 2.27828
-0.0642815 -0.361102 2.36923
-0.0762023 -0.64262 2.42609
-0.0651563 -0.726002 2.34738
-0.137463 0.473068 2.24517
-0.30918 -0.130289 2.2596
-0.289131 -0.0679059 2.20752
0.0510556 -0.137146 2.28452
0.0760181 -0.0869548 2.2729
-0.129173 -0.0559984 2.309
-0.131229 0.249578 2.27724
-0.131884 0.544671 2.23321
-0.116493 0.689013 2.22368
-0.282659 0.42105 2.22193
-0.33674 0.170524 2.25965
-0.339827 -0.0510754 2.23809
-0.325178 -0.080949 2.24189
0.0308269 0.428889 2.25123
0.0822392 0.18524 2.30417
0.0985824 -0.0340067 2.26269
0.0640805 -0.0609129 2.26395
-0.201224 -0.0582805 2.26716
-0.200873 -0.34785 2.36228
-0.202932 -0.651603 2.41978
-0.197805 -0.728796 2.33558
-0.0529981 -0.0520362 2.27808
-0.0593743 -0.359198 2.36891
-0.0749079 -0.640855 2.42625
-0.0654275 -0.725917 2.34743
-0.131904 0.472376 2.24641
-0.326454 -0.12974 2.25803
-0.287814 -0.0788363 2.20265
0.0490879 -0.11221 2.27417
0.0813302 -0.0662359 2.26814
-0.131068 -0.054885 2.31015
-0.131733 0.250261 2.27817
-0.131254 0.545219 2.2341
-0.116192 0.689319 2.22392
-0.279671 0.425942 2.2202
-0.426655 0.233034 2.18342
-0.590301 0.0916442 2.1307
-0.60502 0.0291439 2.09506
0.0356654 0.435961 2.25556
0.181396 0.241006 2.30454
0.355485 0.105231 2.30115
0.358323 0.0673481 2.26986
-0.203229 -0.0566162 2.26905
-0.200974 -0.343508 2.36331
-0.200779 -0.652189 2.42042
-0.197516 -0.729146 2.33628
-0.0548695 -0.0513919 2.27867
-0.062527 -0.356631 2.36929
-0.0758314 -0.643894 2.42662
-0.0646229 -0.72692 2.34728
-0.131568 0.472936 2.24733
-0.632855 -0.0280056 2.09398
-0.583173 0.0487564 2.06261
0.384473 0.0233709 2.27414
0.355263 0.0515199 2.2884
-0.12989 -0.0367356 2.31
-0.126926 0.261305 2.27329
-0.12243 0.550893 2.22337
-0.107443 0.690413 2.216
-0.290973 0.447286 2.21198
-0.508536 0.409431 2.15686
-0.771122 0.403322 2.11553
-0.812347 0.411005 2.10943
0.0584046 0.459024 2.26419
0.269339 0.426215 2.30707
0.522117 0.469116 2.34287
0.560276 0.469711 2.35427
-0.200928 -0.0376009 2.26464
-0.199546 -0.337717 2.35931
-0.200907 -0.652578 2.42061
-0.197455 -0.729058 2.33538
-0.0547146 -0.0342655 2.28229
-0.0632232 -0.351632 2.36769
-0.0771337 -0.647421 2.42738
-0.0632063 -0.727025 2.34583
-0.123844 0.479942 2.23824
-0.878995 0.38916 2.13015
-0.802667 0.425568 2.055
0.604835 0.473918 2.43671
0.548319 0.461216 2.34917
-0.128586 -0.0164268 2.30485
-0.124047 0.27557 2.26662
-0.119045 0.558215 2.2162
-0.104974 0.692336 2.21115
-0.295026 0.471912 2.20962
-0.513511 0.481384 2.1647
-0.729135 0.532528 2.14333
-0.800269 0.551065 2.14597
0.0634212 0.486152 2.2693
0.273357 0.505264 2.31747
0.466686 0.588066 2.3638
0.515914 0.604293 2.37245
-0.199416 -0.0183619 2.25824
-0.200953 -0.332236 2.35543
-0.20147 -0.653474 2.42125
-0.197452 -0.728713 2.33531
-0.0537007 -0.0139473 2.27859
-0.0637614 -0.345506 2.36385
-0.0780395 -0.648277 2.42786
-0.0627943 -0.727081 2.34557
-0.120413 0.488919 2.23103
-0.881541 0.549445 2.16064
-0.814827 0.575598 2.0898
0.574029 0.619086 2.3603
0.509218 0.584701 2.4178
-0.12803 -0.0129336 2.30442
-0.124186 0.278659 2.26602
-0.119819 0.560636 2.21517
-0.106699 0.693461 2.21167
-0.296866 0.475628 2.21032
-0.514499 0.486145 2.16528
-0.725837 0.536855 2.14422
-0.789719 0.540775 2.14023
0.062856 0.490687 2.2687
0.273721 0.514685 2.31195
0.471526 0.589595 2.35412
0.523736 0.593716 2.36026
-0.198914 -0.0151888 2.25842
-0.200939 -0.331328 2.35448
-0.200895 -0.653838 2.42018
-0.197838 -0.728769 2.3363
-0.0530647 -0.0101261 2.27752
-0.0634135 -0.342765 2.36087
-0.0785843 -0.648182 2.42794
-0.0627455 -0.727869 2.34553
-0.121009 0.491566 2.23011
-0.865013 0.540533 2.15427
-0.816097 0.555564 2.09165
0.576812 0.604434 2.37838
0.502687 0.571382 2.38686
-0.128213 -0.013008 2.30444
-0.12425 0.27882 2.26595
-0.119586 0.56069 2.21506
-0.111209 0.694277 2.21202
-0.298618 0.475465 2.2124
-0.517058 0.470637 2.17042
-0.733013 0.498097 2.15338
-0.813948 0.495036 2.15013
0.0606295 0.488253 2.26538
0.274501 0.483265 2.30476
0.478504 0.539597 2.34741
0.529783 0.532411 2.35929
-0.199264 -0.0152477 2.25945
-0.200718 -0.3311 2.35437
-0.201037 -0.654389 2.42067
-0.197653 -0.729225 2.33547
-0.0531886 -0.0103488 2.27656
-0.0632313 -0.343251 2.36154
-0.0779894 -0.648249 2.42787
-0.062279 -0.726428 2.34626
-0.120871 0.491655 2.22999
-0.884161 0.489321 2.15482
-0.820552 0.513224 2.09089
0.603553 0.541614 2.40013
0.51149 0.50663 2.3825
-0.128981 -0.03477 2.3078
-0.127564 0.265388 2.27398
-0.125423 0.554252 2.22796
-0.117197 0.693146 2.21648
-0.29269 0.447561 2.21958
-0.462208 0.284061 2.19393
-0.644369 0.162821 2.16181
-0.689298 0.131477 2.14666
0.0456748 0.463572 2.26663
0.218733 0.29221 2.31099
0.411028 0.184949 2.31294
0.458689 0.157654 2.29704
-0.200313 -0.0373174 2.26721
-0.199759 -0.332694 2.3566
-0.202297 -0.651883 2.42002
-0.199917 -0.730025 2.33718
-0.0536515 -0.0314417 2.27593
-0.0582889 -0.343224 2.36657
-0.074229 -0.640717 2.42582
-0.062499 -0.726743 2.34653
-0.126052 0.483547 2.24159
-0.766656 0.0927624 2.14866
-0.684746 0.124209 2.10182
0.52343 0.148694 2.34538
0.461606 0.145225 2.3092
-0.131251 -0.0493305 2.31402
-0.129435 0.25563 2.27831
-0.126817 0.549704 2.23037
-0.116601 0.692209 2.21876
-0.282284 0.427337 2.21802
-0.337476 0.172641 2.25112
-0.35971 -0.0478782 2.24455
-0.355219 -0.0663918 2.24177
0.0333283 0.435537 2.25654
0.0922914 0.189396 2.30912
0.146831 -0.024757 2.27866
0.123152 -0.0634149 2.25293
-0.202835 -0.0507674 2.27216
-0.199373 -0.343124 2.36317
-0.201716 -0.651822 2.41978
-0.198009 -0.72945 2.33606
-0.0555222 -0.0464281 2.28338
-0.059882 -0.353758 2.37085
-0.0753088 -0.641852 2.42618
-0.0648091 -0.725815 2.34884
-0.127601 0.477736 2.24452
-0.381442 -0.144313 2.24882
-0.338567 -0.0832244 2.1929
0.128768 -0.118897 2.27504
0.125211 -0.12158 2.267
-0.128559 -0.0530083 2.31326
-0.125502 0.252344 2.27943
-0.121145 0.547107 2.2337
-0.107571 0.688899 2.22018
-0.276706 0.425232 2.21928
-0.340568 0.17704 2.2564
-0.334758 -0.0447769 2.23977
-0.313759 -0.0773953 2.24336
0.0399633 0.431087 2.25302
0.0852967 0.182011 2.30033
0.0949211 -0.0374051 2.25722
0.0599633 -0.0689571 2.26204
-0.200135 -0.0543193 2.27113
-0.199837 -0.344797 2.36357
-0.202203 -0.653073 2.42066
-0.198704 -0.729849 2.33698
-0.0528398 -0.0501709 2.2826
-0.0596187 -0.358557 2.37183
-0.0746978 -0.640454 2.42671
-0.0655118 -0.725388 2.34796
-0.122385 0.474894 2.24727
-0.306231 -0.123697 2.25536
-0.280032 -0.114181 2.2222
0.0477172 -0.118593 2.2684
0.046537 -0.0493404 2.21227
-0.126724 -0.0540172 2.31083
-0.123327 0.251051 2.27713
-0.118883 0.545638 2.23064
-0.106931 0.688554 2.21969
-0.274297 0.42402 2.22173
-0.344783 0.19073 2.25814
-0.347337 -0.0271939 2.20489
-0.333412 -0.0502381 2.20044
0.0405895 0.432364 2.24687
0.0879969 0.181439 2.29393
0.155095 -0.0296547 2.27205
0.130015 -0.0592817 2.26935
-0.198737 -0.0550351 2.27
-0.200521 -0.344237 2.36199
-0.203256 -0.650912 2.41859
-0.199904 -0.729934 2.33584
-0.0506269 -0.0514545 2.278
-0.0576462 -0.357965 2.37144
-0.0729502 -0.637631 2.42632
-0.0655425 -0.724271 2.3489
-0.120132 0.473468 2.2445
-0.326911 -0.108445 2.20188
-0.299405 -0.0366626 2.21574
0.123139 -0.0975471 2.2858
0.1146 -0.0555255 2.23271
-0.127002 -0.051483 2.30682
-0.123279 0.252054 2.27
-0.118734 0.54505 2.21978
-0.109655 0.68671 2.20985
-0.278768 0.430758 2.21029
-0.46156 0.289701 2.17085
-0.654523 0.188507 2.13229
-0.697806 0.165222 2.11409
0.046688 0.439366 2.24865
0.232575 0.297732 2.30363
0.429853 0.23877 2.36868
0.474139 0.188002 2.38682
-0.19882 -0.0526065 2.26625
-0.199648 -0.337661 2.35994
-0.201819 -0.648872 2.41796
-0.198027 -0.729526 2.33421
-0.0510933 -0.0488621 2.27417
-0.0560189 -0.347888 2.36667
-0.0733914 -0.640054 2.42482
-0.063062 -0.726596 2.34655
-0.119988 0.473295 2.23461
-0.751382 0.110015 2.09768
-0.719603 0.13458 2.15712
0.511183 0.136206 2.39522
0.488313 0.20521 2.31822
-0.122899 -0.0253993 2.30147
-0.117696 0.268024 2.26002
-0.112 0.552523 2.20621
-0.104049 0.689217 2.1962
-0.287028 0.46245 2.19333
-0.504439 0.449572 2.14386
-0.719591 0.481192 2.11964
-0.79347 0.4843 2.11088
0.0669529 0.471173 2.25649
0.278534 0.469903 2.30341
0.476613 0.535275 2.36251
0.531644 0.556196 2.38529
-0.193958 -0.0265907 2.25479
-0.201182 -0.329937 2.35463
-0.203253 -0.649183 2.4185
-0.198421 -0.729628 2.33509
-0.0479027 -0.0232274 2.27513
-0.0568429 -0.341509 2.36409
-0.0742828 -0.64204 2.42539
-0.0637387 -0.725421 2.34732
-0.113541 0.48273 2.2219
-0.87112 0.488997 2.11355
-0.804908 0.467995 2.15911
0.602919 0.554701 2.43041
0.534823 0.58418 2.33833
-0.122721 -0.012982 2.29944
-0.11834 0.278218 2.25697
-0.11334 0.559721 2.20215
-0.105682 0.691904 2.19679
-0.291343 0.476154 2.19297
-0.506621 0.488871 2.13366
-0.713068 0.550427 2.0916
-0.770029 0.566748 2.08576
0.0681681 0.489792 2.25898
0.27976 0.517793 2.29758
0.470368 0.606296 2.34404
0.528205 0.6275 2.36617
-0.193577 -0.0150083 2.25286
-0.202286 -0.32662 2.35145
-0.203516 -0.647668 2.4181
-0.198232 -0.729505 2.33512
-0.0479943 -0.0105018 2.27317
-0.0569475 -0.338303 2.36241
-0.0738399 -0.642206 2.42646
-0.0640237 -0.726057 2.34783
-0.114702 0.490755 2.21807
-0.849807 0.598685 2.09505
-0.758541 0.547898 2.10343
0.598047 0.644194 2.41878
0.546474 0.654334 2.322
