-0.106494 0.157919 2.25672
-0.0950329 0.449494 2.18028
-0.0835133 0.730326 2.09321
-0.0677719 0.883767 2.06116
-0.242329 0.637168 2.13121
-0.330351 0.379184 2.19758
-0.40349 0.15437 2.21778
-0.426272 0.117603 2.225
0.0846838 0.638655 2.14223
0.147502 0.375831 2.21938
0.219378 0.150266 2.23923
0.238597 0.0696049 2.2425
-0.179981 0.158044 2.2231
-0.232341 -0.177675 2.32769
-0.236975 -0.530464 2.49021
-0.250495 -0.615108 2.43372
-0.0297218 0.152963 2.22105
0.00872181 -0.1908 2.32324
-0.0215628 -0.548113 2.4733
-0.0208274 -0.634692 2.41988
-0.0864156 0.661715 2.11691
-0.445992 0.0374714 2.25128
-0.445024 0.148365 2.20976
0.253389 -0.00302889 2.28373
0.228492 0.0459227 2.20136
-0.106811 0.158183 2.25736
-0.095245 0.449691 2.18068
-0.0836077 0.730437 2.09335
-0.0681514 0.883999 2.06142
-0.242636 0.637346 2.13125
-0.331063 0.379775 2.19762
-0.404313 0.154925 2.21738
-0.427618 0.118686 2.22698
0.0845724 0.638664 2.14207
0.147007 0.376967 2.21831
0.218379 0.151316 2.23882
0.238382 0.0696414 2.24143
-0.180285 0.158332 2.22375
-0.233437 -0.177846 2.3291
-0.237652 -0.530226 2.49003
-0.249641 -0.614847 2.43243
-0.0300339 0.153191 2.22163
0.00829916 -0.190999 2.32416
-0.0217944 -0.547928 2.47336
-0.0206203 -0.634487 2.41985
-0.0865395 0.661848 2.11711
-0.44859 0.0375935 2.24933
-0.448345 0.154204 2.21816
0.253131 -0.00303008 2.28147
0.227387 0.0402229 2.19907
-0.107166 0.15849 2.25783
-0.0956703 0.449931 2.18112
-0.0840699 0.7306 2.09366
-0.0682839 0.884082 2.06164
-0.242957 0.637759 2.13157
-0.331766 0.381 2.19834
-0.404381 0.155773 2.21688
-0.426125 0.118812 2.22574
0.0841679 0.639018 2.14231
0.146231 0.377854 2.2179
0.217535 0.152143 2.23814
0.237632 0.0689657 2.24163
-0.180612 0.158662 2.22433
-0.233813 -0.177369 2.32944
-0.237668 -0.530229 2.49007
-0.249637 -0.614774 2.43217
-0.0304156 0.153467 2.22199
0.00799964 -0.191448 2.32513
-0.0218385 -0.547651 2.47328
-0.0207602 -0.63425 2.41994
-0.0869993 0.662031 2.11747
-0.447357 0.0401855 2.24785
-0.445479 0.150073 2.21151
0.250621 -0.00262711 2.27943
0.225989 0.0456302 2.19951
-0.107394 0.158562 2.25805
-0.0958325 0.449998 2.18128
-0.0841624 0.730663 2.09375
-0.068335 0.88412 2.06175
-0.243055 0.637818 2.13164
-0.331144 0.381277 2.19821
-0.404632 0.156373 2.2169
-0.424995 0.118457 2.22736
0.0841089 0.638997 2.14222
0.14605 0.377846 2.21763
0.217027 0.152039 2.23785
0.23671 0.069165 2.23842
-0.180825 0.158745 2.22439
-0.233833 -0.176936 2.32951
-0.23734 -0.52939 2.48939
-0.250743 -0.614136 2.43308
-0.0306656 0.153512 2.22231
0.00763031 -0.191646 2.32567
-0.0220904 -0.548093 2.47325
-0.0200594 -0.634484 2.41895
-0.0871107 0.662096 2.11758
-0.447086 0.0395136 2.2505
-0.445105 0.151934 2.21293
0.249726 -0.00313832 2.27932
0.226504 0.0398344 2.19559
-0.107403 0.158558 2.25812
-0.0958843 0.449975 2.1814
-0.0842824 0.730567 2.09396
-0.0683389 0.884135 2.06181
-0.243117 0.637781 2.13174
-0.331773 0.379075 2.19926
-0.405438 0.154164 2.2174
-0.423289 0.117431 2.22705
0.0840664 0.638894 2.14212
0.145973 0.377181 2.21778
0.216812 0.15128 2.23766
0.237388 0.0680404 2.23988
-0.180837 0.158759 2.22451
-0.23378 -0.176472 2.32939
-0.237522 -0.52904 2.48901
-0.250728 -0.613977 2.43307
-0.0306791 0.153494 2.22232
0.00760123 -0.191821 2.32577
-0.0221143 -0.54783 2.47326
-0.0204633 -0.634026 2.41781
-0.0872125 0.66202 2.11776
-0.445092 0.0380579 2.2482
-0.443537 0.139265 2.21171
0.250434 -0.00262317 2.2776
0.225547 0.0442592 2.1978
-0.107363 0.158457 2.2582
-0.0958655 0.449924 2.18147
-0.0842605 0.730538 2.09396
-0.0683699 0.884133 2.06188
-0.243042 0.637732 2.13176
-0.331713 0.378083 2.19997
-0.405259 0.153103 2.21797
-0.421357 0.116792 2.22698
0.0841477 0.63875 2.14185
0.146018 0.376685 2.21799
0.21693 0.150746 2.23753
0.237827 0.0682198 2.23893
-0.18079 0.158566 2.22453
-0.232872 -0.176462 2.32965
-0.237623 -0.529646 2.48934
-0.251036 -0.614437 2.43275
-0.030641 0.153443 2.22238
0.00758511 -0.191834 2.32584
-0.0222359 -0.547669 2.47327
-0.0199929 -0.633986 2.41812
-0.0871941 0.661986 2.11779
-0.44517 0.038619 2.25329
-0.437337 0.149904 2.20593
0.250271 -0.00261888 2.27623
0.226238 0.0426133 2.19693
-0.107281 0.158424 2.25818
-0.0958329 0.44988 2.18153
-0.0842375 0.730439 2.09404
-0.0683172 0.88399 2.06182
-0.242994 0.637826 2.13189
-0.332489 0.377964 2.20039
-0.406134 0.153191 2.21989
-0.430127 0.120148 2.23198
0.0844852 0.63858 2.14165
0.147586 0.376689 2.21785
0.219499 0.151081 2.23768
0.252179 0.0729646 2.24147
-0.180715 0.158514 2.22448
-0.233194 -0.177102 2.32907
-0.23692 -0.531997 2.49148
-0.252404 -0.615793 2.43255
-0.0305304 0.153394 2.2222
0.00806863 -0.191595 2.32531
-0.0221545 -0.547348 2.47304
-0.0192631 -0.633948 2.41894
-0.0871712 0.661906 2.11787
-0.447823 0.0393409 2.26264
-0.450952 0.151814 2.216
0.265279 -0.00124733 2.28481
0.238875 0.0534145 2.19956
-0.10641 0.159956 2.25683
-0.0953182 0.450408 2.18128
-0.0838029 0.730524 2.09428
-0.0680682 0.883875 2.06185
-0.243873 0.640942 2.13376
-0.378455 0.406328 2.18884
-0.493166 0.201391 2.21599
-0.52988 0.134975 2.24916
0.085361 0.639294 2.1421
0.188005 0.404323 2.21028
0.292705 0.19215 2.22967
0.305251 0.188948 2.21697
-0.180095 0.159864 2.22365
-0.233174 -0.173133 2.32734
-0.23566 -0.530672 2.49021
-0.252856 -0.614719 2.4335
-0.0293797 0.155095 2.22019
0.00834045 -0.190616 2.32462
-0.022001 -0.546383 2.47277
-0.0192784 -0.633121 2.41923
-0.0867623 0.662079 2.11799
-0.540075 0.0744865 2.26233
-0.516248 0.123913 2.30271
0.357457 0.104065 2.1941
0.316256 0.225363 2.17609
-0.104877 0.163764 2.25476
-0.0938257 0.452361 2.1808
-0.0822803 0.731254 2.095
-0.0669046 0.883867 2.06213
-0.246223 0.647405 2.13597
-0.452004 0.499216 2.16231
-0.648437 0.367391 2.15002
-0.669981 0.35455 2.15706
0.0914747 0.642604 2.14731
0.258245 0.480402 2.20133
0.446681 0.335798 2.18713
0.529288 0.289601 2.18198
-0.178412 0.163985 2.22125
-0.233177 -0.167637 2.32561
-0.235019 -0.529643 2.48893
-0.252173 -0.614161 2.43409
-0.0280566 0.158487 2.21847
0.00899415 -0.187548 2.32085
-0.0222032 -0.543409 2.47147
-0.0199277 -0.630745 2.42076
-0.0852927 0.663053 2.11843
-0.758935 0.290782 2.18309
-0.678693 0.32185 2.1823
0.595733 0.22567 2.20021
0.543576 0.274769 2.12624
-0.101959 0.173976 2.25426
-0.0921325 0.457895 2.18203
-0.0814012 0.733274 2.09767
-0.0648013 0.884121 2.0624
-0.253212 0.65831 2.13646
-0.509028 0.633435 2.14515
-0.737887 0.614749 2.08528
-0.826256 0.620433 2.09266
0.10196 0.651497 2.15044
0.326723 0.583911 2.18531
0.558534 0.545901 2.1525
0.649105 0.554396 2.13597
-0.174858 0.17334 2.21993
-0.235155 -0.15788 2.32444
-0.235592 -0.530229 2.4893
-0.251906 -0.61447 2.43264
-0.0259008 0.169343 2.21892
0.0102822 -0.184588 2.317
-0.0223289 -0.542925 2.47101
-0.0215224 -0.630116 2.41941
-0.0842444 0.665787 2.12075
-0.913655 0.616487 2.10046
-0.800267 0.607061 2.11087
0.72574 0.542695 2.14765
0.679556 0.548469 2.07144
-0.100148 0.194139 2.25193
-0.090732 0.47063 2.18013
-0.0806978 0.738028 2.09705
-0.0621553 0.884523 2.06154
-0.254185 0.682074 2.12956
-0.50196 0.756286 2.11701
-0.703874 0.857983 2.04938
-0.783892 0.91219 2.03552
0.107329 0.671069 2.14284
0.35523 0.684739 2.17726
0.564733 0.774993 2.1137
0.643633 0.83478 2.0821
-0.172429 0.193667 2.21636
-0.23565 -0.14578 2.33184
-0.236102 -0.535914 2.49178
-0.253048 -0.618385 2.42973
-0.0247545 0.18871 2.21783
0.0098172 -0.177907 2.32051
-0.0224842 -0.543626 2.47074
-0.0219357 -0.630839 2.4193
-0.0833343 0.672488 2.11983
-0.8551 0.944308 2.01908
-0.794208 0.892718 2.05257
0.71018 0.867896 2.06892
0.631914 0.842776 2.02506
-0.100242 0.200453 2.25395
-0.0907177 0.475601 2.18003
-0.080762 0.741372 2.09542
-0.0603916 0.885467 2.0614
-0.253984 0.69036 2.12747
-0.507793 0.781269 2.11154
-0.697053 0.902676 2.04037
-0.764461 0.952429 2.02204
0.107845 0.675452 2.14127
0.356327 0.68707 2.1751
0.552452 0.801226 2.10772
0.629007 0.887919 2.06841
-0.172213 0.200058 2.218
-0.235829 -0.141102 2.33673
-0.236343 -0.536309 2.49206
-0.251471 -0.618739 2.42872
-0.0251971 0.194781 2.22031
0.00796843 -0.164915 2.32869
-0.0225388 -0.544082 2.47087
-0.0216396 -0.631254 2.41925
-0.0833552 0.676324 2.11853
-0.824852 0.991241 1.99957
-0.805742 0.953579 2.04262
0.692031 0.921472 2.06074
0.602293 0.892667 2.01132
-0.100118 0.200689 2.2594
-0.0900747 0.476228 2.18158
-0.0798187 0.741951 2.09516
-0.0590488 0.886956 2.06247
-0.253529 0.688913 2.12661
-0.49811 0.735746 2.11118
-0.709523 0.811515 2.03638
-0.79486 0.842295 2.02634
0.107976 0.675132 2.14051
0.344325 0.640006 2.17786
0.556997 0.719683 2.10891
0.640343 0.779811 2.0706
-0.17188 0.200089 2.22147
-0.228558 -0.161378 2.35916
-0.236695 -0.538013 2.49324
-0.25131 -0.619828 2.4279
-0.025361 0.195254 2.22808
0.00784927 -0.161523 2.33542
-0.0227619 -0.54436 2.47101
-0.0212945 -0.631493 2.41923
-0.082568 0.676898 2.11865
-0.866428 0.872169 2.00943
-0.810855 0.829253 2.04367
0.702039 0.812072 2.06267
0.618749 0.786942 2.0203
-0.102099 0.18784 2.27123
-0.0888707 0.471349 2.18693
-0.0772311 0.741611 2.09544
-0.0572115 0.889754 2.06569
-0.252537 0.667485 2.13217
-0.472189 0.577265 2.13696
-0.694855 0.535116 2.06259
-0.772526 0.520701 2.05872
0.109667 0.65863 2.14628
0.286047 0.512241 2.20307
0.5002 0.421155 2.14839
0.56902 0.433813 2.11616
-0.173454 0.188271 2.2337
-0.231296 -0.170058 2.37304
-0.235867 -0.538708 2.49392
-0.251605 -0.620179 2.42826
-0.0276449 0.181672 2.23926
-0.00175148 -0.178665 2.35258
-0.023144 -0.544845 2.47124
-0.0210382 -0.631904 2.41911
-0.0803246 0.675892 2.11981
-0.859579 0.513434 2.06199
-0.724505 0.510473 2.07725
0.646514 0.433914 2.09686
0.565359 0.432628 2.05592
-0.104081 0.180798 2.2728
-0.0889901 0.467529 2.18811
-0.0759021 0.740856 2.09515
-0.0562938 0.891481 2.06793
-0.247589 0.656159 2.13585
-0.417062 0.480735 2.15287
-0.585343 0.315263 2.11694
-0.657571 0.287481 2.12986
0.106494 0.654116 2.14638
0.228492 0.432795 2.20809
0.366745 0.238905 2.19027
0.379537 0.245281 2.18077
-0.175728 0.181491 2.23681
-0.243464 -0.152556 2.36865
-0.233233 -0.534788 2.49115
-0.252604 -0.617305 2.43093
-0.0293179 0.17438 2.2393
0.000114091 -0.181873 2.3533
-0.0235318 -0.545071 2.47149
-0.0207077 -0.631996 2.41872
-0.0792702 0.674571 2.11992
-0.729547 0.247433 2.14414
-0.608658 0.293471 2.13213
0.454022 0.205802 2.12823
0.384583 0.213302 2.20357
-0.104738 0.176973 2.27173
-0.0888881 0.464963 2.18791
-0.0745812 0.739853 2.09477
-0.0554086 0.89297 2.07006
-0.239299 0.655583 2.13583
-0.344443 0.432074 2.17033
-0.450083 0.218958 2.17411
-0.462968 0.197616 2.1785
0.104252 0.652206 2.14716
0.167378 0.393562 2.21469
0.233346 0.165031 2.22465
0.27056 0.109992 2.21882
-0.176856 0.177921 2.23655
-0.246231 -0.152243 2.36224
-0.232964 -0.534686 2.4908
-0.252761 -0.617304 2.43128
-0.0295011 0.170378 2.23728
-5.70117e-005 -0.18395 2.35405
-0.0229998 -0.545139 2.47173
-0.0211281 -0.632129 2.41918
-0.0782325 0.67314 2.11973
-0.526435 0.118485 2.2015
-0.417081 0.199422 2.16058
0.331978 0.0439688 2.22403
0.287231 0.0691454 2.17917
-0.10362 0.17424 2.27168
-0.0882168 0.463781 2.18791
-0.0737693 0.740009 2.09441
-0.0552407 0.894642 2.07288
-0.234699 0.650904 2.13507
-0.321622 0.400293 2.17353
-0.399401 0.179423 2.20719
-0.405626 0.14039 2.21597
0.100973 0.65176 2.14716
0.148751 0.371335 2.20549
0.176741 0.13958 2.24457
0.193431 0.0729101 2.26314
-0.175679 0.174668 2.23676
-0.242003 -0.166278 2.35679
-0.233874 -0.535243 2.4916
-0.252667 -0.618083 2.43191
-0.0284483 0.168263 2.23701
0.00105196 -0.188576 2.3567
-0.0231241 -0.545666 2.47209
-0.0216549 -0.632598 2.41912
-0.0775338 0.672939 2.11955
-0.443174 0.0610886 2.25236
-0.41342 0.0905738 2.19254
0.224417 -0.000468229 2.29771
0.183239 0.0467628 2.22392
-0.102045 0.173736 2.26922
-0.0879076 0.463599 2.1876
-0.0737099 0.740486 2.09466
-0.0560298 0.896551 2.07614
-0.240778 0.657975 2.13345
-0.390617 0.429952 2.15235
-0.532006 0.239561 2.15637
-0.53401 0.23462 2.15342
0.0950872 0.651198 2.14739
0.194199 0.41578 2.19251
0.300439 0.205123 2.21611
0.310726 0.198963 2.21298
-0.174488 0.174004 2.23454
-0.235896 -0.166379 2.35428
-0.233389 -0.533132 2.49039
-0.25316 -0.616351 2.43282
-0.0264424 0.168038 2.23419
0.00160883 -0.187787 2.35567
-0.0227221 -0.545868 2.47252
-0.022132 -0.632727 2.41919
-0.0774376 0.673126 2.11967
-0.610724 0.154699 2.18978
-0.556055 0.196566 2.2005
0.381365 0.118763 2.20386
0.268911 0.192949 2.21657
-0.100843 0.174926 2.26648
-0.0875496 0.464172 2.18722
-0.0735633 0.741837 2.09571
-0.0567171 0.897758 2.07799
-0.2449 0.657528 2.1328
-0.454428 0.530257 2.12065
-0.657673 0.41306 2.0807
-0.679543 0.404225 2.07829
0.099395 0.650984 2.15185
0.281488 0.488815 2.18186
0.466599 0.340039 2.17009
0.470343 0.347995 2.16361
-0.173328 0.174785 2.23145
-0.233574 -0.174046 2.35593
-0.234567 -0.533298 2.49054
-0.252447 -0.616692 2.43197
-0.0251976 0.16961 2.23158
0.00482852 -0.186985 2.34902
-0.023021 -0.545766 2.47241
-0.0219271 -0.63267 2.41934
-0.077204 0.674075 2.12026
-0.765524 0.355252 2.09394
-0.707222 0.393522 2.10317
0.55312 0.309056 2.1464
0.452971 0.315528 2.1765
-0.0999233 0.180422 2.26254
-0.0869965 0.467058 2.18623
-0.073288 0.74369 2.09697
-0.0566698 0.897901 2.07788
-0.247997 0.660949 2.13071
-0.49793 0.650503 2.09853
-0.725026 0.627419 2.03238
-0.813024 0.633438 2.02874
0.10666 0.656174 2.15339
0.328954 0.580048 2.18044
0.559747 0.546159 2.13491
0.565756 0.547295 2.13494
-0.172176 0.180799 2.22631
-0.23535 -0.15548 2.34057
-0.235607 -0.536602 2.4915
-0.25221 -0.619043 2.429
-0.0245175 0.174518 2.22882
0.00621525 -0.177577 2.34045
-0.0232397 -0.545568 2.47194
-0.0215378 -0.632604 2.41954
-0.0768497 0.67603 2.12106
-0.89424 0.631281 2.03214
-0.810629 0.618221 2.05583
0.647638 0.546994 2.1057
0.564977 0.512721 2.1509
-0.0985673 0.1974 2.25846
-0.0882081 0.476575 2.18272
-0.0763885 0.747276 2.09522
-0.0570414 0.897252 2.07457
-0.250517 0.685624 2.11834
-0.485839 0.74928 2.08476
-0.693803 0.838209 2.01692
-0.781185 0.874354 2.00233
0.109258 0.671746 2.14463
0.341822 0.660258 2.1745
0.566472 0.716599 2.12677
0.638471 0.776553 2.10501
-0.170346 0.197091 2.22003
-0.238329 -0.142005 2.33628
-0.236572 -0.536791 2.49168
-0.251459 -0.619063 2.42759
-0.0237313 0.191751 2.22719
0.00549597 -0.171204 2.33862
-0.0233852 -0.545608 2.47201
-0.0209825 -0.632575 2.41929
-0.079477 0.680853 2.11908
-0.85035 0.900615 1.99035
-0.801267 0.856986 2.01981
0.713308 0.819992 2.10572
0.666072 0.777333 2.12356
-0.0991209 0.201519 2.25979
-0.0887915 0.479552 2.18187
-0.077311 0.749079 2.09251
-0.0561718 0.89765 2.07204
-0.249898 0.691795 2.11477
-0.48007 0.769925 2.0763
-0.686347 0.865977 2.01487
-0.782701 0.912485 1.99382
0.105839 0.671269 2.14146
0.345524 0.674417 2.17457
0.565475 0.745265 2.12498
0.665121 0.839404 2.0853
-0.170718 0.201381 2.22113
-0.237288 -0.14117 2.33924
-0.236932 -0.536425 2.49159
-0.251155 -0.619006 2.42801
-0.0244431 0.19557 2.22882
0.00209975 -0.171718 2.3433
-0.0235476 -0.546499 2.47244
-0.0202633 -0.633227 2.41875
-0.0802857 0.683055 2.11696
-0.855384 0.93509 1.97986
-0.790469 0.893837 2.01813
0.732671 0.877926 2.08848
0.685258 0.834825 2.12022
-0.0980927 0.200846 2.26407
-0.0882759 0.479509 2.18223
-0.0767922 0.748785 2.09095
-0.055073 0.89758 2.07165
-0.248812 0.687045 2.11246
-0.481728 0.720546 2.08642
-0.701102 0.77001 2.01134
-0.795932 0.79294 1.99771
0.107973 0.669794 2.13974
0.339124 0.617485 2.17833
0.566605 0.65434 2.1221
0.641369 0.707475 2.08758
-0.169727 0.200377 2.2244
-0.23183 -0.158238 2.35479
-0.236466 -0.535291 2.49106
-0.251419 -0.618356 2.42935
-0.023456 0.195279 2.23435
-0.000857889 -0.175243 2.35415
-0.0235557 -0.546025 2.47233
-0.0202344 -0.632851 2.41907
-0.0798044 0.682957 2.11604
-0.863878 0.804752 1.98674
-0.810635 0.781562 2.01572
0.714156 0.743929 2.08191
0.705056 0.730166 2.09371
-0.0979165 0.194521 2.27029
-0.0870641 0.477212 2.18473
-0.075593 0.748397 2.09102
-0.0533361 0.898054 2.07263
-0.248728 0.676874 2.11524
-0.470881 0.591194 2.10901
-0.690686 0.549162 2.02539
-0.679727 0.550652 2.03358
0.111258 0.660622 2.14066
0.291656 0.520575 2.1993
0.503322 0.425371 2.14152
0.557142 0.43854 2.11379
-0.169128 0.194515 2.23057
-0.230961 -0.158026 2.36184
-0.237032 -0.536108 2.49195
-0.251402 -0.618923 2.42915
-0.023722 0.188609 2.24052
-0.00588227 -0.180387 2.36337
-0.0239003 -0.545687 2.47215
-0.0200122 -0.632612 2.41944
-0.0786645 0.682293 2.11643
-0.761271 0.518008 2.01511
-0.656136 0.529433 2.04743
0.605164 0.436576 2.07301
0.550208 0.44823 2.1135
-0.0988567 0.179149 2.27236
-0.0853302 0.469728 2.18568
-0.0725271 0.746629 2.08982
-0.0514707 0.900318 2.07664
-0.239138 0.652785 2.12175
-0.38691 0.442608 2.13438
-0.517437 0.243779 2.12862
-0.523492 0.244184 2.12966
0.106147 0.650428 2.13926
0.195638 0.404792 2.19953
0.287005 0.184489 2.19508
0.320825 0.153592 2.18627
-0.170642 0.179267 2.23435
-0.238852 -0.153886 2.36164
-0.237202 -0.535821 2.49228
-0.250663 -0.618618 2.42876
-0.0240419 0.173218 2.24067
-0.00418682 -0.185957 2.36532
-0.0242672 -0.545596 2.47229
-0.0199735 -0.632669 2.42017
-0.0758915 0.679384 2.1157
-0.599298 0.161533 2.15165
-0.491302 0.22759 2.14771
0.39471 0.088899 2.1687
0.329229 0.19508 2.1869
-0.0974357 0.176086 2.27053
-0.0844887 0.468304 2.18542
-0.071617 0.746898 2.09006
-0.0507271 0.904697 2.08342
-0.235905 0.650811 2.1205
-0.379745 0.426882 2.14025
-0.492186 0.219491 2.16032
-0.506143 0.213245 2.15468
0.104436 0.64889 2.13887
0.189494 0.397729 2.18683
0.268857 0.175138 2.20826
0.32029 0.117806 2.20976
-0.169715 0.17646 2.23264
-0.236062 -0.148897 2.35063
-0.235197 -0.536395 2.49137
-0.252686 -0.618838 2.42932
-0.0221353 0.170112 2.23872
-0.001631 -0.186666 2.36338
-0.0233302 -0.545113 2.47238
-0.0206211 -0.632237 2.42022
-0.0750212 0.679133 2.11578
-0.562876 0.123525 2.19405
-0.47374 0.204545 2.1788
0.381752 0.0391482 2.22809
0.311638 0.155646 2.195
-0.0969279 0.175653 2.26946
-0.0844129 0.468548 2.18555
-0.0716693 0.749626 2.09179
-0.052061 0.910668 2.09508
-0.235922 0.650429 2.12034
-0.425244 0.467614 2.11758
-0.590147 0.297149 2.10266
-0.594076 0.290404 2.09809
0.103595 0.647824 2.13847
0.248442 0.445492 2.16389
0.401714 0.26423 2.16864
0.409318 0.258114 2.16721
-0.169545 0.176079 2.23169
-0.235136 -0.154036 2.34713
-0.235113 -0.537233 2.49166
-0.252665 -0.619172 2.42815
-0.0212207 0.169641 2.2374
0.0013213 -0.186211 2.35818
-0.0229617 -0.54428 2.47212
-0.0220491 -0.631593 2.42073
-0.0749588 0.680896 2.11696
-0.66604 0.207732 2.12014
-0.627181 0.250553 2.1162
0.48818 0.188038 2.14179
0.409296 0.297315 2.12508
-0.0971099 0.179116 2.2673
-0.0838712 0.471897 2.18586
-0.070281 0.754466 2.09462
-0.0531135 0.916198 2.10528
-0.239737 0.652687 2.11945
-0.462002 0.559167 2.08333
-0.674994 0.467442 2.0289
-0.695547 0.447723 2.02224
0.106509 0.652256 2.13635
0.319723 0.546566 2.14816
0.536972 0.458519 2.10572
0.541403 0.456408 2.10604
-0.169936 0.178987 2.23002
-0.234289 -0.153842 2.34555
-0.236246 -0.535459 2.49156
-0.251877 -0.618272 2.42935
-0.021189 0.173708 2.23472
0.000610388 -0.182255 2.35225
-0.0235423 -0.543821 2.47206
-0.0223881 -0.631143 2.4207
-0.0737626 0.685387 2.11919
-0.777032 0.384526 2.01465
-0.752762 0.408111 2.03764
0.624033 0.423696 2.07576
0.585506 0.439219 2.06188
-0.0960829 0.200499 2.25823
-0.0826574 0.486678 2.18275
-0.0691775 0.762795 2.09572
-0.0521548 0.9183 2.10948
-0.2438 0.675018 2.10637
-0.480409 0.687912 2.05717
-0.701987 0.723283 1.97984
-0.798309 0.726593 1.96052
0.111878 0.678309 2.12447
0.348466 0.687526 2.126
0.568912 0.752841 2.07027
0.641538 0.778232 2.04503
-0.169263 0.200157 2.22084
-0.234764 -0.147982 2.34222
-0.236523 -0.534954 2.49132
-0.252093 -0.617318 2.42765
-0.019907 0.194655 2.22593
0.00218073 -0.171859 2.34214
-0.0239509 -0.544146 2.47204
-0.0211569 -0.631189 2.41936
-0.0725911 0.695254 2.11946
-0.860796 0.717387 1.94177
-0.808723 0.706333 1.97692
0.710334 0.798696 2.03453
0.669336 0.78736 1.98885
-0.0986578 0.216088 2.25698
-0.0845292 0.496951 2.18104
-0.0703499 0.768166 2.09431
-0.0518911 0.919939 2.10828
-0.243862 0.694871 2.09928
-0.47291 0.769737 2.05696
-0.671064 0.878088 1.98918
-0.783367 0.924675 1.96849
0.11249 0.690675 2.12351
0.353735 0.741992 2.13161
0.528173 0.889138 2.07318
0.603923 0.972826 2.04309
-0.170867 0.217354 2.21926
-0.233932 -0.137523 2.33858
-0.236928 -0.53438 2.49137
-0.250965 -0.617475 2.42896
-0.0233247 0.208285 2.22508
0.00233751 -0.156792 2.33813
-0.0239783 -0.544172 2.47203
-0.0208832 -0.631223 2.41944
-0.0739284 0.701814 2.11794
-0.858418 0.949658 1.95519
-0.778339 0.89779 1.98957
0.675331 1.02298 2.03962
0.612766 0.992823 1.99073
-0.0983988 0.225934 2.26025
-0.0850715 0.501534 2.18069
-0.0713784 0.769616 2.09177
-0.0520452 0.921339 2.10301
-0.246413 0.706112 2.09659
-0.472591 0.821428 2.05718
-0.658516 0.951736 1.99645
-0.730812 1.02126 1.98253
0.109882 0.697783 2.11934
0.325272 0.781871 2.14484
0.491243 0.939045 2.08896
0.532629 1.01386 2.06575
-0.170287 0.226844 2.22192
-0.23341 -0.133001 2.33831
-0.23707 -0.534518 2.49152
-0.251054 -0.61781 2.42971
-0.0234423 0.218141 2.22904
0.00272041 -0.152137 2.3401
-0.0237106 -0.544318 2.47227
-0.0209324 -0.631311 2.41935
-0.0747811 0.703885 2.11604
-0.801881 1.06563 1.96564
-0.759201 1.01016 2
0.590502 1.07998 2.07574
0.542102 1.03383 2.01344
-0.0983596 0.230878 2.26907
-0.0862012 0.505296 2.18377
-0.0733082 0.771199 2.09048
-0.0528142 0.922159 2.09858
-0.24798 0.710189 2.09611
-0.473524 0.813594 2.06352
-0.666685 0.931405 1.99846
-0.748764 0.973734 1.97988
0.108701 0.699529 2.11871
0.331473 0.773244 2.14253
0.514579 0.90977 2.08447
0.58148 0.976056 2.05515
-0.16959 0.230739 2.22982
-0.228746 -0.13241 2.34186
-0.238148 -0.53548 2.4917
-0.250352 -0.618871 2.42924
-0.0241765 0.224069 2.2389
0.00370209 -0.151861 2.34589
-0.0236775 -0.544627 2.47262
-0.020425 -0.631327 2.41842
-0.0764475 0.705953 2.11568
-0.819633 1.01354 1.96405
-0.781932 0.969011 2.002
0.651876 1.03726 2.04506
0.583992 0.99368 1.9965
-0.0962236 0.222025 2.27688
-0.0858817 0.500961 2.18894
-0.0741382 0.769456 2.09231
-0.0535131 0.921944 2.09828
-0.252225 0.695532 2.1045
-0.486274 0.718289 2.07275
-0.706583 0.756782 1.99331
-0.798111 0.783032 1.97497
0.108621 0.692262 2.12271
0.347333 0.666298 2.1453
0.618423 0.781106 2.07199
0.667613 0.810068 2.05119
-0.166006 0.221573 2.23789
-0.22775 -0.136549 2.35115
-0.238397 -0.536156 2.4921
-0.250057 -0.619185 2.4283
-0.0234565 0.215673 2.24645
-0.000587735 -0.160413 2.35425
-0.0239297 -0.544955 2.47278
-0.0200394 -0.631481 2.41793
-0.077128 0.703825 2.11818
-0.87126 0.797709 1.97111
-0.801487 0.770629 2.00044
0.723781 0.838361 2.04666
0.654648 0.821572 2.027
-0.0984771 0.201044 2.2851
-0.0863807 0.491025 2.19583
-0.0742014 0.766803 2.09616
-0.05414 0.921656 2.09958
-0.251736 0.669777 2.12075
-0.46987 0.573731 2.09764
-0.685666 0.504379 2.02257
-0.756916 0.492798 2.00789
0.106539 0.668986 2.13491
0.301938 0.539149 2.17001
0.526272 0.473625 2.12458
0.522874 0.48291 2.11739
-0.168417 0.20265 2.24645
-0.226661 -0.138566 2.35499
-0.238126 -0.536815 2.493
-0.250635 -0.619421 2.42838
-0.0254941 0.193252 2.25421
-0.00937911 -0.170268 2.36623
-0.0240779 -0.544917 2.47288
-0.0200545 -0.631422 2.4179
-0.0772632 0.699794 2.12287
-0.832049 0.468417 2.00035
-0.715529 0.496139 2.02267
0.601811 0.474144 2.0652
0.547964 0.462457 2.13275
-0.0966459 0.188933 2.28443
-0.0852789 0.483221 2.19812
-0.0736181 0.763602 2.10035
-0.0541864 0.921146 2.10102
-0.248148 0.654617 2.13013
-0.428479 0.488734 2.11264
-0.611627 0.344061 2.06172
-0.645428 0.319826 2.06422
0.104919 0.659244 2.14182
0.257237 0.471257 2.17891
0.435182 0.314879 2.15028
0.46917 0.304826 2.14092
-0.167187 0.188607 2.24728
-0.233441 -0.161199 2.37653
-0.238024 -0.537174 2.49313
-0.251165 -0.619708 2.4286
-0.0231796 0.183197 2.25208
-0.00655511 -0.172629 2.36634
-0.0240689 -0.544873 2.47288
-0.0199925 -0.631434 2.4181
-0.0765868 0.695492 2.12668
-0.72476 0.260795 2.05954
-0.609715 0.317984 2.0926
0.55248 0.266193 2.10427
0.464868 0.292608 2.153
-0.0962885 0.173807 2.28355
-0.0828199 0.472161 2.19986
-0.0695089 0.757968 2.10444
-0.0524574 0.918809 2.10336
-0.2321 0.647698 2.13539
-0.308319 0.382137 2.1636
-0.368702 0.154643 2.19018
-0.356125 0.131919 2.19444
0.100308 0.648045 2.14681
0.145989 0.376692 2.18951
0.19215 0.146627 2.22158
0.189616 0.0809758 2.23515
-0.16741 0.174541 2.24659
-0.24105 -0.160428 2.3648
-0.238149 -0.536609 2.49355
-0.251533 -0.619175 2.42914
-0.0222202 0.167704 2.25088
0.00450636 -0.188979 2.3664
-0.0230668 -0.545498 2.47339
-0.0197041 -0.631935 2.4179
-0.0728488 0.688387 2.13028
-0.390823 0.04776 2.20458
-0.375599 0.126534 2.15538
0.217945 0.00159455 2.24188
0.209252 0.0975462 2.23675
-0.0886678 0.168888 2.28275
-0.0785541 0.468858 2.19931
-0.0677236 0.756599 2.10442
-0.0506105 0.917176 2.10485
-0.22358 0.644957 2.13607
-0.288226 0.376385 2.16652
-0.302777 0.131746 2.19013
-0.306422 0.0946839 2.20847
0.0998948 0.644567 2.14748
0.124828 0.365687 2.1813
0.160596 0.137679 2.23027
0.144164 0.0670373 2.24958
-0.159881 0.168683 2.24544
-0.240901 -0.163914 2.36398
-0.238556 -0.537361 2.49354
-0.250427 -0.619738 2.42788
-0.0147084 0.163844 2.25037
0.00949526 -0.193238 2.36472
-0.0233157 -0.545695 2.47317
-0.0195899 -0.63221 2.41808
-0.0705293 0.686506 2.13015
-0.323483 0.0408625 2.20964
-0.349209 0.119748 2.18747
0.160034 -0.0199095 2.28131
0.120951 0.070784 2.26082
-0.0892278 0.168818 2.28263
-0.0782172 0.46837 2.19966
-0.0663798 0.755992 2.10602
-0.0473029 0.916246 2.10698
-0.220876 0.645133 2.13605
-0.317295 0.400122 2.15092
-0.414064 0.183066 2.1545
-0.419598 0.149514 2.14646
0.101181 0.644288 2.14904
0.169439 0.391438 2.18009
0.227205 0.165233 2.21777
0.240645 0.13361 2.21497
-0.160812 0.168737 2.24543
-0.240689 -0.164713 2.36572
-0.238597 -0.537213 2.49351
-0.250917 -0.619713 2.42842
-0.0149741 0.163693 2.25016
0.012794 -0.194115 2.36245
-0.023355 -0.546423 2.47365
-0.0195959 -0.632883 2.41839
-0.0695143 0.685873 2.13135
-0.446323 0.0519217 2.19027
-0.428013 0.105537 2.09678
0.281646 0.0387074 2.20047
0.255708 0.0783069 2.1948
-0.0890077 0.171964 2.28213
-0.0762744 0.4704 2.20119
-0.0619941 0.757622 2.11066
-0.0424664 0.916598 2.10935
-0.225184 0.647941 2.13511
-0.435444 0.539378 2.0871
-0.626553 0.407928 2.02955
-0.634253 0.395355 2.02037
0.109952 0.646915 2.156
0.312135 0.485884 2.16199
0.497868 0.339144 2.13659
0.526039 0.322589 2.13034
-0.161074 0.172538 2.24458
-0.242926 -0.156386 2.35821
-0.238101 -0.536459 2.49325
-0.25155 -0.619058 2.42898
-0.0143438 0.166223 2.24996
0.015197 -0.189817 2.35969
-0.0234271 -0.545772 2.47339
-0.0196662 -0.632379 2.41873
-0.0657301 0.687572 2.13514
-0.712534 0.325444 1.99908
-0.662496 0.355335 1.9455
0.616125 0.264034 2.14644
0.502932 0.311871 2.14133
-0.0879166 0.193288 2.27694
-0.0737629 0.480587 2.19931
-0.0595939 0.760435 2.11061
-0.0383181 0.918333 2.10903
-0.231602 0.67086 2.12465
-0.463763 0.679018 2.06631
-0.685125 0.666755 1.97852
-0.775825 0.660815 1.96178
0.125485 0.665547 2.15579
0.426347 0.627127 2.12975
0.656254 0.577684 2.11297
0.71079 0.604022 2.08193
-0.160047 0.194668 2.2375
-0.240017 -0.142217 2.3483
-0.237245 -0.535533 2.49242
-0.251867 -0.618475 2.42977
-0.0131185 0.186078 2.24669
0.01241 -0.183495 2.36001
-0.0234325 -0.545487 2.47364
-0.0197202 -0.631819 2.41774
-0.0632341 0.691692 2.13475
-0.847932 0.643481 1.94891
-0.75588 0.659218 1.90944
0.782739 0.594586 2.11525
0.667965 0.595987 2.0802
-0.0889271 0.213103 2.2739
-0.0730232 0.49331 2.19484
-0.057571 0.765428 2.10553
-0.032316 0.920403 2.10398
-0.227805 0.698211 2.11053
-0.446491 0.777227 2.06386
-0.6482 0.873941 1.9877
-0.742002 0.894123 1.97086
0.126621 0.686208 2.14485
0.358884 0.725302 2.14307
0.621749 0.840175 2.08071
0.686955 0.877506 2.05457
-0.161104 0.213649 2.23268
-0.236392 -0.134391 2.34541
-0.237494 -0.535596 2.49254
-0.251533 -0.618579 2.42969
-0.0140431 0.206087 2.24553
0.00625038 -0.170573 2.35382
-0.0239009 -0.545717 2.47381
-0.0194053 -0.63192 2.41754
-0.0614394 0.698619 2.12982
-0.81081 0.904399 1.95892
-0.746262 0.900841 1.91
0.756615 0.906083 2.06008
0.716151 0.884614 2.07775
-0.0840926 0.226188 2.27551
-0.0698043 0.499766 2.19167
-0.0544271 0.766561 2.09649
-0.0292832 0.91892 2.09657
-0.221345 0.712626 2.10185
-0.43084 0.828009 2.06254
-0.620265 0.95531 2.00752
-0.707886 0.996225 1.99497
0.126454 0.696588 2.13686
0.357693 0.793865 2.13928
0.553428 0.915237 2.0931
0.61295 0.991625 2.07282
-0.156167 0.226238 2.23402
-0.231628 -0.128528 2.342
-0.237726 -0.536668 2.49267
-0.250316 -0.619124 2.42756
-0.00946551 0.219274 2.24748
0.00150386 -0.15569 2.3481
-0.0241595 -0.545629 2.47387
-0.0190624 -0.631721 2.41726
-0.0583813 0.701334 2.1227
-0.780587 1.01682 1.98273
-0.702385 1.00714 1.93047
0.688514 1.04852 2.06832
0.660429 1.01577 2.0984
-0.0807848 0.233704 2.27794
-0.0671858 0.503601 2.19029
-0.0520738 0.766415 2.09148
-0.0256114 0.916501 2.08889
-0.219364 0.720302 2.09788
-0.429742 0.836195 2.06301
-0.62898 0.948852 2.0106
-0.71803 0.972391 1.99981
0.128059 0.701009 2.13223
0.358506 0.81035 2.13443
0.554693 0.931501 2.09049
0.627065 0.985896 2.06418
-0.153132 0.234283 2.23637
-0.223989 -0.127311 2.34155
-0.237637 -0.53654 2.49258
-0.250356 -0.619049 2.42768
-0.00597903 0.226049 2.25003
0.0104992 -0.137447 2.34834
-0.0243417 -0.54543 2.47382
-0.019008 -0.631571 2.41745
-0.0559897 0.702251 2.11858
-0.784312 0.988975 1.99171
-0.716974 0.980607 1.93906
0.694215 1.041 2.05291
0.684702 1.01899 2.0944
-0.0799059 0.229581 2.28288
-0.0665137 0.502528 2.19107
-0.0515551 0.765626 2.09043
-0.0244516 0.915922 2.08701
-0.221093 0.714121 2.09739
-0.449569 0.766254 2.06303
-0.676999 0.803458 2.01278
-0.772559 0.819606 2.00364
0.128466 0.690743 2.12908
0.417202 0.719322 2.12272
0.641494 0.820481 2.0729
0.706025 0.86195 2.05329
-0.151396 0.229931 2.24187
-0.220883 -0.128236 2.34338
-0.236148 -0.536243 2.49218
-0.251969 -0.618879 2.42939
-0.00592426 0.222188 2.25456
0.0154131 -0.137145 2.35537
-0.024468 -0.545411 2.4739
-0.0189076 -0.631508 2.4174
-0.0554525 0.701492 2.11792
-0.843254 0.823533 2.00701
-0.780157 0.819035 1.93638
0.759525 0.884063 2.05077
0.726702 0.858515 2.05775
-0.0803018 0.213852 2.29034
-0.0664347 0.494455 2.19397
-0.05187 0.762771 2.08969
-0.0250657 0.915244 2.08603
-0.227368 0.683888 2.10426
-0.458431 0.630182 2.07783
-0.683473 0.575402 2.02592
-0.744092 0.561964 2.02703
0.126806 0.671103 2.13141
0.338 0.570997 2.16557
0.566629 0.538217 2.10883
0.623126 0.555311 2.08481
-0.151675 0.214664 2.24832
-0.220682 -0.130993 2.3475
-0.235464 -0.534849 2.49179
-0.252005 -0.617817 2.43049
-0.00641336 0.20647 2.263
0.0129385 -0.15339 2.371
-0.0248751 -0.545999 2.47413
-0.0188086 -0.63209 2.41781
-0.0556455 0.697606 2.11768
-0.828591 0.537685 2.03313
-0.769219 0.542398 1.96733
0.696736 0.564629 2.04848
0.60951 0.563402 2.08467
-0.082364 0.183769 2.28698
-0.0685685 0.476247 2.19446
-0.0540114 0.756014 2.09064
-0.0289864 0.912503 2.08482
-0.22772 0.651906 2.12078
-0.385352 0.465448 2.11869
-0.533275 0.279921 2.09915
-0.571429 0.242075 2.09824
0.118287 0.651013 2.13741
0.255793 0.440926 2.17663
0.38836 0.243381 2.16692
0.39943 0.245148 2.16494
-0.153772 0.184198 2.24753
-0.228089 -0.138725 2.35714
-0.235472 -0.535392 2.49234
-0.251499 -0.617786 2.4289
-0.00826794 0.177358 2.25634
0.0064298 -0.175986 2.37767
-0.0250283 -0.545458 2.47334
-0.0188733 -0.631962 2.4187
-0.0577935 0.68802 2.11862
-0.644582 0.180271 2.12919
-0.576696 0.232072 2.04782
0.469774 0.190276 2.12098
0.378624 0.213414 2.15995
-0.0832462 0.177005 2.28315
-0.0703063 0.471711 2.1935
-0.0566504 0.753552 2.09185
-0.0346015 0.91055 2.08342
-0.223183 0.648704 2.12442
-0.331092 0.420849 2.14244
-0.428454 0.204174 2.14715
-0.427273 0.185958 2.15228
0.113669 0.647752 2.13875
0.187864 0.39656 2.18498
0.249911 0.1698 2.21353
0.261136 0.141677 2.21452
-0.155176 0.178193 2.24534
-0.230858 -0.150475 2.35251
-0.233231 -0.534741 2.49196
-0.252946 -0.616826 2.43018
-0.00864116 0.170236 2.251
0.0151284 -0.167288 2.35902
-0.0223751 -0.543756 2.4728
-0.0195962 -0.630586 2.41886
-0.0601397 0.685027 2.11931
-0.468228 0.103185 2.13771
-0.446401 0.210128 2.13275
0.31701 0.0572669 2.20172
0.22099 0.122223 2.22167
-0.0798467 0.170289 2.2789
-0.0708296 0.468595 2.19163
-0.0603276 0.75286 2.09152
-0.0412984 0.908017 2.08301
-0.218875 0.644141 2.12589
-0.3058 0.399449 2.15472
-0.384817 0.176777 2.17295
-0.380153 0.155708 2.18149
0.111374 0.645359 2.13871
0.158798 0.36916 2.18553
0.202869 0.141438 2.22893
0.204909 0.0755756 2.24411
-0.152041 0.170955 2.24213
-0.225368 -0.166057 2.34946
-0.233074 -0.534801 2.49186
-0.25359 -0.616732 2.43017
-0.00513287 0.164325 2.24582
0.0226962 -0.1879 2.35267
-0.0212926 -0.544762 2.4733
-0.0191747 -0.631247 2.41774
-0.0627668 0.683734 2.11863
-0.416589 0.0660078 2.19583
-0.411544 0.177037 2.17706
0.2437 -0.00608958 2.2841
0.199935 0.103585 2.23525
-0.081109 0.168196 2.27542
-0.072184 0.466788 2.18976
-0.0621676 0.752268 2.0914
-0.0469143 0.907151 2.08424
-0.21868 0.642837 2.12677
-0.308294 0.399011 2.15426
-0.397997 0.181072 2.17517
-0.424598 0.140176 2.17716
0.109157 0.6437 2.13834
0.159902 0.373354 2.18329
0.211273 0.148144 2.22994
0.219917 0.137959 2.22897
-0.153515 0.168596 2.23905
-0.225118 -0.167065 2.34914
-0.233944 -0.534773 2.49212
-0.253489 -0.616922 2.43034
-0.00618015 0.162592 2.24198
0.0217541 -0.190369 2.34888
-0.0208295 -0.544105 2.47348
-0.0202211 -0.63074 2.41845
-0.0645529 0.682786 2.11809
-0.463063 0.0524012 2.20221
-0.444642 0.166028 2.16583
0.262563 0.0524891 2.22668
0.243283 0.178907 2.1917
-0.0846412 0.16936 2.27167
-0.0748066 0.466826 2.18867
-0.0653899 0.752329 2.09307
-0.0510345 0.908005 2.08716
-0.221609 0.643274 2.12737
-0.392148 0.447055 2.11621
-0.543477 0.265165 2.0903
-0.542019 0.266163 2.08927
0.108859 0.644826 2.13881
0.243238 0.434278 2.16451
0.379343 0.24102 2.17801
0.389614 0.232478 2.17415
-0.157709 0.169744 2.23492
-0.22613 -0.169306 2.34537
-0.234207 -0.533165 2.49133
-0.25222 -0.616061 2.43056
-0.00901212 0.163755 2.23861
0.0179661 -0.187855 2.34946
-0.0212954 -0.544017 2.47327
-0.0220092 -0.630815 2.41882
-0.067578 0.682744 2.11891
-0.603326 0.180644 2.08834
-0.591821 0.211884 2.10725
0.462399 0.15534 2.15321
0.404153 0.254143 2.13517
-0.0865518 0.173027 2.2684
-0.0767231 0.469117 2.18888
-0.0682623 0.755055 2.09793
-0.0519543 0.90971 2.09092
-0.224839 0.644458 2.12685
-0.448057 0.5529 2.07719
-0.646328 0.433799 2.01908
-0.663052 0.419647 2.01292
0.11283 0.648234 2.13985
0.319171 0.525366 2.14802
0.527215 0.41534 2.11508
0.514852 0.419858 2.11892
-0.159749 0.173771 2.23097
-0.231221 -0.159413 2.33804
-0.234518 -0.53275 2.49133
-0.25229 -0.61573 2.43056
-0.0107162 0.166962 2.23601
0.0154551 -0.184893 2.35001
-0.0220486 -0.543711 2.47314
-0.0225135 -0.630471 2.4184
-0.070242 0.685246 2.12233
-0.742558 0.363067 2.0089
-0.699454 0.398902 2.02864
0.590483 0.382248 2.08321
0.497244 0.456574 2.08244
-0.0861266 0.18784 2.26174
-0.0777442 0.476554 2.18714
-0.0692349 0.757179 2.09938
-0.0519682 0.910776 2.09195
-0.238098 0.665262 2.1169
-0.474082 0.659968 2.05381
-0.696265 0.641928 1.97033
-0.790761 0.637808 1.9538
0.117916 0.665426 2.13917
0.353437 0.638604 2.13499
0.584143 0.641432 2.08107
0.573496 0.641338 2.0843
-0.159172 0.188107 2.22351
-0.235253 -0.145003 2.33176
-0.235371 -0.533523 2.49172
-0.252851 -0.616367 2.43033
-0.0104641 0.181832 2.23027
0.0136414 -0.181162 2.34972
-0.0222446 -0.543725 2.47318
-0.0221145 -0.630357 2.41787
-0.0713145 0.688303 2.12328
-0.859155 0.621424 1.94175
-0.789834 0.622262 1.96313
0.653172 0.643475 2.05409
0.558773 0.656837 2.04694
-0.0934172 0.205134 2.25834
-0.082047 0.486864 2.18368
-0.0708288 0.760139 2.09778
-0.052282 0.911754 2.09025
-0.24046 0.685949 2.11059
-0.464923 0.741958 2.05472
-0.66801 0.824849 1.96528
-0.759488 0.855166 1.94366
0.116737 0.679061 2.13779
0.356385 0.720142 2.12959
0.614888 0.848614 2.06113
0.662093 0.885972 2.04153
-0.165293 0.206089 2.21911
-0.236004 -0.137084 2.332
-0.236326 -0.5348 2.49167
-0.252397 -0.617511 2.42897
-0.0187035 0.197959 2.22797
0.0101053 -0.17213 2.34724
-0.0225477 -0.544223 2.47315
-0.0215932 -0.63076 2.4175
-0.0735824 0.693018 2.12121
-0.822611 0.868784 1.9305
-0.790951 0.838702 1.95226
0.734602 0.921573 2.03989
0.640199 0.888611 1.982
-0.0946421 0.216752 2.26255
-0.0832876 0.492472 2.18305
-0.0720939 0.761292 2.09428
-0.054319 0.910815 2.08423
-0.240992 0.700602 2.10596
-0.468132 0.797272 2.04369
-0.660608 0.909984 1.96757
-0.737211 0.967557 1.94366
0.114074 0.688876 2.13372
0.354183 0.767374 2.13003
0.543947 0.892964 2.0698
0.59747 0.971396 2.05036
-0.164963 0.217653 2.22196
-0.233581 -0.133464 2.33486
-0.236803 -0.534214 2.49127
-0.251605 -0.617335 2.42901
-0.0214885 0.209321 2.23366
0.00736928 -0.166172 2.34634
-0.0229175 -0.544476 2.47313
-0.0209424 -0.630824 2.41676
-0.0747842 0.69523 2.11858
-0.805484 1.00285 1.91474
-0.778039 0.960927 1.95523
0.672165 1.03022 2.04257
0.585706 0.978186 1.99248
-0.0949321 0.216397 2.26659
-0.0839595 0.492743 2.18456
-0.0728474 0.761071 2.09398
-0.0550203 0.91001 2.08267
-0.242607 0.700824 2.10591
-0.46142 0.77525 2.05146
-0.666823 0.855393 1.96538
-0.75418 0.898107 1.93934
0.114797 0.682349 2.13416
0.349272 0.747832 2.13258
0.568095 0.863529 2.06258
0.634586 0.912321 2.04331
-0.164589 0.21684 2.2263
-0.231256 -0.132598 2.33774
-0.236514 -0.533723 2.49092
-0.252154 -0.617175 2.43024
-0.0224018 0.209381 2.23749
0.0134969 -0.147233 2.34711
-0.0233787 -0.545196 2.47332
-0.020462 -0.631365 2.41635
-0.0754727 0.695236 2.1187
-0.821244 0.920878 1.92391
-0.783754 0.886908 1.95747
0.700941 0.960537 2.03557
0.613864 0.910824 1.99121
