-0.0761134 -0.0570309 2.29423
-0.0826742 0.247437 2.26671
-0.0861804 0.541813 2.22541
-0.0588349 0.686693 2.21587
-0.240257 0.423585 2.20887
-0.369779 0.202423 2.25123
-0.513001 0.038791 2.28008
-0.546197 -0.0204052 2.26657
0.0856169 0.420073 2.23943
0.220452 0.198595 2.30973
0.388614 0.0655877 2.35291
0.436805 0.0288783 2.37831
-0.14652 -0.0578719 2.2548
-0.149832 -0.341508 2.3462
-0.144442 -0.652495 2.4085
-0.149147 -0.732489 2.32549
-0.00333582 -0.0543967 2.26224
0.012457 -0.338213 2.35135
0.0106504 -0.64693 2.41546
0.0396843 -0.728748 2.3362
-0.0857963 0.469567 2.23774
-0.573055 -0.0656857 2.27745
-0.561604 -0.0376667 2.2366
0.472196 -0.00642454 2.4148
0.449329 0.0437783 2.30077
-0.07533 -0.0575723 2.28851
-0.0794362 0.24719 2.26452
-0.0802284 0.54171 2.22654
-0.053735 0.68598 2.21541
-0.23572 0.423118 2.20749
-0.358608 0.202746 2.24148
-0.492193 0.02993 2.26601
-0.512637 -0.0342758 2.25115
0.0899104 0.419061 2.23755
0.224511 0.195194 2.304
0.388286 0.0567845 2.3472
0.409833 0.0312509 2.34739
-0.145402 -0.0588538 2.24903
-0.148795 -0.342462 2.34536
-0.143484 -0.652596 2.4079
-0.149145 -0.732452 2.32541
-0.00290334 -0.0544633 2.25654
0.0127616 -0.339967 2.34827
0.0102841 -0.646871 2.41451
0.0401642 -0.729438 2.33562
-0.0805032 0.469459 2.23798
-0.546515 -0.0865328 2.26967
-0.493554 -0.0275976 2.20991
0.470265 -0.0233066 2.38517
0.43783 0.0287881 2.28636
-0.0732294 -0.0599384 2.2811
-0.0745856 0.245815 2.26143
-0.073278 0.540915 2.22772
-0.0489857 0.685208 2.21435
-0.22795 0.421042 2.20418
-0.344911 0.195811 2.22754
-0.462119 0.00949722 2.2422
-0.468013 -0.0280475 2.22815
0.0961336 0.416644 2.23403
0.223932 0.186659 2.29292
0.379329 0.0372799 2.33199
0.397521 0.0094264 2.32082
-0.143383 -0.0605708 2.24264
-0.145588 -0.34535 2.34178
-0.142273 -0.652623 2.40623
-0.149277 -0.731918 2.325
-0.000780903 -0.0574607 2.24802
0.0141756 -0.341508 2.34271
0.0100172 -0.646525 2.41369
0.0400476 -0.729781 2.33549
-0.0739931 0.468555 2.23814
-0.503647 -0.100544 2.24699
-0.469734 -0.0518678 2.18331
0.454742 -0.0464316 2.37667
0.421711 -0.000470829 2.27057
-0.069108 -0.0634711 2.27366
-0.0672062 0.242307 2.25657
-0.0639461 0.537631 2.22654
-0.0392502 0.680757 2.20926
-0.218852 0.416706 2.19856
-0.318509 0.185317 2.21844
-0.430095 -0.00607183 2.21816
-0.438976 -0.043435 2.19847
0.103824 0.412675 2.23079
0.21741 0.183565 2.28109
0.362043 0.0239053 2.32121
0.40545 -0.0300454 2.34368
-0.13909 -0.0641536 2.23444
-0.142804 -0.348018 2.33678
-0.140398 -0.653325 2.40363
-0.14851 -0.731887 2.32515
0.00304536 -0.0607785 2.24136
0.0168295 -0.3437 2.33545
0.00962326 -0.647823 2.41242
0.0400448 -0.730901 2.3357
-0.0649598 0.465235 2.23614
-0.479681 -0.119479 2.20736
-0.433731 -0.0686612 2.1529
0.438589 -0.0664166 2.37182
0.448954 -0.0452681 2.3415
-0.0667148 -0.0653528 2.27082
-0.06255 0.240025 2.25297
-0.0572963 0.535188 2.22255
-0.0351012 0.679041 2.20372
-0.21071 0.4138 2.19167
-0.306216 0.179344 2.21258
-0.41681 -0.0128749 2.20774
-0.423545 -0.0506711 2.196
0.108323 0.411338 2.22942
0.21862 0.182991 2.27912
0.358308 0.0208732 2.32488
0.386786 -0.0113911 2.34274
-0.136692 -0.0661581 2.23105
-0.142227 -0.349071 2.3329
-0.139846 -0.653278 2.40139
-0.148346 -0.73186 2.3249
0.00534718 -0.0624893 2.23907
0.0176832 -0.34179 2.32884
0.0099045 -0.648289 2.41095
0.0403058 -0.730954 2.33526
-0.0587435 0.462824 2.23229
-0.461225 -0.128498 2.21018
-0.414079 -0.0740162 2.15417
0.437219 -0.0658572 2.38301
0.412388 -0.0177755 2.28109
-0.0647889 -0.0658028 2.26829
-0.05866 0.239061 2.24958
-0.0516412 0.533578 2.21843
-0.03029 0.677142 2.19568
-0.206356 0.412624 2.18528
-0.301275 0.177985 2.20703
-0.409872 -0.0150982 2.20803
-0.418283 -0.0487641 2.19622
0.112406 0.411176 2.22792
0.21981 0.18249 2.27985
0.356448 0.0214316 2.33494
0.388094 -0.0128622 2.35946
-0.134778 -0.0658864 2.22718
-0.140657 -0.349441 2.33069
-0.139614 -0.653085 2.40047
-0.147687 -0.731379 2.32606
0.0072738 -0.063532 2.23759
0.0186035 -0.341865 2.32849
0.0123686 -0.64509 2.41016
0.0403683 -0.730645 2.33514
-0.053491 0.46139 2.22838
-0.456665 -0.128916 2.21719
-0.408684 -0.0676776 2.1581
0.439204 -0.0712153 2.40608
0.417239 -0.0204352 2.30392
-0.0623489 -0.065851 2.26583
-0.0552297 0.237992 2.24216
-0.0480667 0.531143 2.20467
-0.0280069 0.675377 2.18002
-0.204583 0.412197 2.17807
-0.297896 0.178667 2.20279
-0.408401 -0.0132226 2.20524
-0.42624 -0.0481043 2.18881
0.116579 0.408655 2.21823
0.218381 0.180169 2.28191
0.346649 0.017796 2.34918
0.379157 -0.0340548 2.38951
-0.132533 -0.0652731 2.22445
-0.134911 -0.351889 2.31385
-0.138702 -0.653169 2.39859
-0.147607 -0.731199 2.32488
0.00990917 -0.0642368 2.23525
0.0209966 -0.343982 2.32998
0.0129475 -0.64475 2.41065
0.0405302 -0.729583 2.33623
-0.0498684 0.459324 2.21631
-0.463191 -0.123073 2.20375
-0.414399 -0.0615592 2.15036
0.416148 -0.0811196 2.42285
0.399604 -0.0346181 2.323
-0.0621999 -0.0663336 2.26281
-0.0560059 0.236475 2.23412
-0.049953 0.528696 2.19168
-0.0305634 0.670422 2.16281
-0.206904 0.41181 2.17061
-0.299817 0.178732 2.19907
-0.411697 -0.0122222 2.20299
-0.434334 -0.0439208 2.19283
0.113891 0.407596 2.20582
0.207515 0.177972 2.27432
0.329272 0.0155428 2.35118
0.347739 -0.028071 2.36534
-0.132729 -0.0656069 2.22209
-0.135706 -0.353476 2.30806
-0.138002 -0.654086 2.39727
-0.14743 -0.731385 2.32476
0.010372 -0.0648907 2.23186
0.0173449 -0.353828 2.30904
0.0123276 -0.647259 2.40865
0.0408889 -0.729973 2.33588
-0.0514792 0.457099 2.20453
-0.474876 -0.122204 2.20588
-0.42677 -0.0628494 2.1525
0.387581 -0.0890552 2.41832
0.380558 -0.0479188 2.313
-0.0736015 -0.0680816 2.25274
-0.0660243 0.231997 2.22051
-0.0582663 0.521646 2.17529
-0.0378607 0.663239 2.14158
-0.214421 0.408395 2.15712
-0.306924 0.178113 2.19192
-0.41808 -0.0123766 2.20402
-0.442708 -0.0478008 2.19611
0.106067 0.404404 2.19131
0.191059 0.175781 2.25569
0.306617 0.00696416 2.32922
0.335382 -0.0390562 2.3344
-0.144157 -0.0680976 2.21231
-0.142362 -0.355232 2.30459
-0.139167 -0.656118 2.39847
-0.147267 -0.731608 2.32571
-0.00071947 -0.0658567 2.22165
0.00669958 -0.354325 2.22142
0.0122767 -0.655289 2.3857
0.0417422 -0.731478 2.33284
-0.0602481 0.450693 2.18881
-0.48298 -0.128643 2.2226
-0.43841 -0.0756929 2.15773
0.37531 -0.100292 2.38197
0.359959 -0.0531061 2.28214
-0.0887484 -0.0735352 2.24151
-0.0790934 0.222046 2.1993
-0.0684093 0.506827 2.14219
-0.0460273 0.643978 2.09501
-0.224827 0.398856 2.12908
-0.314815 0.175502 2.17027
-0.426335 -0.0136427 2.18977
-0.450566 -0.0587269 2.17655
0.0990429 0.396331 2.17163
0.1765 0.16459 2.23083
0.29485 -0.00896092 2.29018
0.318921 -0.036097 2.2683
-0.159633 -0.0743363 2.20025
-0.158451 -0.360021 2.31073
-0.142459 -0.661546 2.40006
-0.0954206 -0.736097 2.289
-0.0150631 -0.0704006 2.21138
-0.00184778 -0.357629 2.11868
-0.000301344 -0.681594 2.22076
0.0245862 -0.756831 2.16986
-0.0712134 0.437108 2.15883
-0.492361 -0.138611 2.20058
-0.446279 -0.0905453 2.13923
0.374851 -0.11463 2.32829
0.330398 -0.0472591 2.22028
-0.0927282 -0.0832633 2.21933
-0.0805582 0.209026 2.16473
-0.0676453 0.491754 2.09728
-0.043199 0.625364 2.03894
-0.223308 0.385855 2.08583
-0.312639 0.167065 2.13413
-0.425599 -0.0213789 2.1526
-0.448699 -0.0697909 2.14125
0.0984851 0.383685 2.12948
0.172519 0.158473 2.19753
0.291893 -0.0120371 2.2622
0.321711 -0.0408147 2.24418
-0.163889 -0.0832804 2.17739
-0.162134 -0.362294 2.30668
-0.143141 -0.663914 2.40049
-0.14353 -0.740549 2.31314
-0.0186089 -0.0805626 2.18994
0.00607706 -0.380139 2.08294
0.0221627 -0.696302 2.03878
0.04245 -0.75293 1.92773
-0.0709439 0.422473 2.11635
-0.490698 -0.144198 2.1676
-0.442955 -0.0976043 2.1052
0.378421 -0.120111 2.31143
0.342909 -0.0653588 2.19836
-0.0852539 -0.103516 2.16953
-0.0729278 0.188727 2.11628
-0.0603379 0.471111 2.05032
-0.0347471 0.604691 1.98384
-0.215365 0.368481 2.03579
-0.304737 0.14579 2.08569
-0.421473 -0.0395758 2.10792
-0.4396 -0.0883937 2.09147
0.106723 0.364581 2.0735
0.214249 0.106375 2.17477
0.323733 -0.0635162 2.25316
0.363605 -0.0936112 2.23353
-0.156206 -0.103633 2.12939
-0.154561 -0.364143 2.27225
-0.143035 -0.663851 2.39959
-0.144787 -0.739848 2.3139
-0.01151 -0.0999927 2.13838
0.0197747 -0.396455 2.02967
0.0303104 -0.712607 1.98366
0.0425902 -0.759228 1.86587
-0.0635295 0.401948 2.06902
-0.48209 -0.165144 2.11783
-0.433393 -0.119724 2.05113
0.388624 -0.130991 2.28709
0.369257 -0.094015 2.1796
-0.0691579 -0.120441 2.09551
-0.0551219 0.171877 2.04639
-0.0412218 0.454068 1.98426
-0.0186493 0.589841 1.92104
-0.198264 0.351044 1.9717
-0.279788 0.124205 2.02144
-0.395284 -0.063953 2.03085
-0.415769 -0.111015 2.02535
0.122599 0.350127 2.01523
0.196624 0.129897 2.10143
0.314488 -0.0330309 2.18238
0.345146 -0.0709926 2.17006
-0.140721 -0.119513 2.05511
-0.134615 -0.379493 2.20747
-0.13985 -0.661463 2.38585
-0.147408 -0.738022 2.31591
0.00469779 -0.117239 2.0647
0.0311089 -0.41501 1.96518
0.0348392 -0.725327 1.96048
0.0501028 -0.790151 1.84872
-0.0446952 0.384984 2.00203
-0.454562 -0.173082 2.04789
-0.398879 -0.142975 1.98228
0.394749 -0.141973 2.25099
0.365016 -0.0944221 2.13265
-0.0349705 -0.116676 1.99612
-0.0241765 0.174623 1.95881
-0.0136989 0.455401 1.90815
0.0089744 0.590061 1.8358
-0.169124 0.355325 1.89134
-0.241733 0.125678 1.93171
-0.351062 -0.0670664 1.9351
-0.365573 -0.107037 1.92361
0.153117 0.3521 1.93014
0.22549 0.124969 2.0124
0.340865 -0.042688 2.08799
0.359697 -0.0710863 2.07334
-0.107906 -0.115001 1.95498
-0.108838 -0.382401 2.01716
-0.128665 -0.619971 2.2716
-0.115561 -0.669362 2.14954
0.0392175 -0.114258 1.96583
0.0498404 -0.410557 1.93296
0.0450475 -0.739903 1.95642
0.0551198 -0.800401 1.85299
-0.0162898 0.386717 1.92306
-0.410502 -0.184801 1.94854
-0.344822 -0.143389 1.88796
0.41699 -0.145272 2.13511
0.372638 -0.121681 2.03565
-0.0104829 -0.116006 1.94238
-0.000721391 0.175984 1.9057
0.0087217 0.45697 1.85623
0.0285636 0.590593 1.78501
-0.149922 0.358472 1.84857
-0.228788 0.130118 1.88731
-0.34419 -0.0597827 1.8767
-0.361766 -0.0964099 1.86252
0.173696 0.349455 1.87232
0.247685 0.126107 1.93963
0.366153 -0.0452786 2.00327
0.38796 -0.0782565 1.98923
-0.084484 -0.110468 1.90399
-0.100377 -0.379183 1.89365
-0.105183 -0.618185 2.1475
-0.141383 -0.718019 2.1548
0.0639082 -0.117396 1.90938
0.0653614 -0.404871 1.92009
0.0489537 -0.736616 1.95612
0.0560988 -0.802814 1.8574
0.00640478 0.388293 1.87078
-0.40829 -0.170808 1.88425
-0.343433 -0.135812 1.81824
0.446492 -0.15602 2.05143
0.39754 -0.123978 1.93971
0.0062179 -0.1184 1.90339
0.0151303 0.173513 1.86559
0.0236802 0.454237 1.81479
0.0437501 0.589982 1.74227
-0.137533 0.358718 1.81393
-0.225991 0.135817 1.85329
-0.351581 -0.047424 1.83576
-0.379875 -0.0851948 1.82496
0.187646 0.34464 1.82542
0.266103 0.115195 1.87911
0.395043 -0.0595605 1.91173
0.440276 -0.11852 1.8943
-0.0678741 -0.110516 1.86652
-0.0943337 -0.390513 1.81074
-0.0879844 -0.687166 1.99949
-0.137817 -0.776367 1.97363
0.0800662 -0.121888 1.86891
0.0820562 -0.412049 1.91713
0.0516055 -0.732166 1.95625
0.0565467 -0.802752 1.86097
0.0215998 0.385654 1.82968
-0.428847 -0.151135 1.84476
-0.36334 -0.115822 1.78518
0.488122 -0.174329 1.94546
0.423381 -0.138115 1.84075
0.0197031 -0.125966 1.86309
0.0258885 0.166864 1.82672
0.0317161 0.448201 1.77727
0.0524694 0.586264 1.70448
-0.130775 0.357479 1.77908
-0.227298 0.139054 1.82684
-0.360787 -0.0385338 1.81785
-0.396757 -0.0751603 1.80932
0.19495 0.339123 1.78488
0.272516 0.110411 1.82875
0.411625 -0.0621922 1.82291
0.444903 -0.103185 1.80522
-0.0549296 -0.118607 1.82758
-0.0840613 -0.410013 1.75864
-0.0908296 -0.744529 1.832
-0.133911 -0.809082 1.74707
0.093598 -0.12851 1.82727
0.0875269 -0.419516 1.89598
0.0515812 -0.733727 1.95394
0.0345389 -0.808943 1.85923
0.0303188 0.379502 1.79183
-0.446038 -0.136126 1.83214
-0.383584 -0.102882 1.76671
0.506256 -0.167942 1.83553
0.432913 -0.128698 1.75336
0.0237455 -0.137968 1.8094
0.0279048 0.158224 1.77455
0.0316778 0.442458 1.72648
0.051796 0.578322 1.65679
-0.133128 0.348605 1.73166
-0.232131 0.134222 1.78781
-0.366262 -0.0408253 1.80232
-0.388569 -0.079443 1.79108
0.194057 0.33046 1.72609
0.274007 0.0981907 1.76878
0.41437 -0.0734987 1.75576
0.43952 -0.110752 1.74053
-0.0499847 -0.132571 1.7758
-0.0803008 -0.464963 1.70496
-0.0922402 -0.78008 1.63781
-0.100188 -0.835749 1.55031
0.0964961 -0.137932 1.77167
0.0884232 -0.426815 1.85796
0.0507387 -0.736354 1.94562
0.0511456 -0.808788 1.86059
0.0307938 0.373094 1.7407
-0.438339 -0.151437 1.82242
-0.384955 -0.120267 1.75555
0.507717 -0.174896 1.7762
0.427741 -0.141933 1.69444
0.0158742 -0.151489 1.75268
0.0190089 0.148609 1.72616
0.0221415 0.436151 1.68586
0.042803 0.57435 1.62498
-0.141885 0.336348 1.69133
-0.235602 0.120055 1.75142
-0.363188 -0.0566084 1.78204
-0.379515 -0.12393 1.77828
0.186252 0.321891 1.67885
0.267933 0.0897416 1.72303
0.403388 -0.0846095 1.73207
0.422169 -0.123641 1.72035
-0.0573354 -0.145265 1.71912
-0.0801658 -0.473013 1.67465
-0.0903939 -0.781778 1.63504
-0.0881897 -0.837099 1.53785
0.0884389 -0.151572 1.71502
0.0386051 -0.452692 1.77818
0.0485775 -0.742985 1.93679
0.0537283 -0.809922 1.86082
0.0213753 0.366025 1.69817
-0.412465 -0.179431 1.81238
-0.355253 -0.145841 1.73435
0.484065 -0.18756 1.75537
0.413036 -0.16059 1.67935
0.000633394 -0.161886 1.6898
0.00452846 0.142437 1.67366
0.00840254 0.433476 1.64361
0.0287918 0.573525 1.58977
-0.154904 0.323021 1.64448
-0.237697 0.102145 1.70189
-0.355087 -0.0769914 1.74823
-0.360501 -0.120711 1.74287
0.172799 0.313159 1.63049
0.255577 0.0806901 1.68158
0.384655 -0.0949787 1.71046
0.399675 -0.135882 1.69985
-0.0724577 -0.154217 1.65612
-0.088549 -0.462648 1.64404
-0.0902102 -0.781326 1.62967
-0.0880172 -0.84434 1.54194
0.073711 -0.162755 1.65232
0.0316778 -0.453615 1.73702
0.0454595 -0.746806 1.92935
0.0565577 -0.81456 1.85641
0.00744242 0.362552 1.65336
-0.38851 -0.198408 1.78634
-0.34638 -0.161787 1.70017
0.455735 -0.20203 1.74705
0.391906 -0.173603 1.65774
-0.0240952 -0.161348 1.62463
-0.0156617 0.144809 1.61325
-0.00756678 0.43712 1.58813
0.01253 0.578926 1.54478
-0.167745 0.318804 1.57786
-0.248042 0.0925729 1.62501
-0.353467 -0.0936038 1.67259
-0.35893 -0.128543 1.66339
0.157392 0.31524 1.57752
0.233719 0.0804604 1.63202
0.352583 -0.0992343 1.67341
0.38282 -0.163535 1.66824
-0.0976288 -0.154458 1.58835
-0.0982927 -0.453464 1.61099
-0.0918769 -0.778163 1.62234
-0.0889541 -0.845502 1.54164
0.0504957 -0.161186 1.58976
0.0388547 -0.450372 1.66099
0.0395446 -0.723859 1.87891
0.0591208 -0.810926 1.84377
-0.00955417 0.365943 1.5966
-0.38618 -0.21058 1.70286
-0.343395 -0.167203 1.62145
0.419403 -0.209527 1.7212
0.362553 -0.187272 1.62571
-0.0298801 -0.162983 1.59893
-0.0230859 0.14416 1.58281
-0.0164813 0.437336 1.55284
0.00764362 0.579914 1.51598
-0.17467 0.316682 1.53483
-0.266476 0.0926072 1.5705
-0.387397 -0.091157 1.58933
-0.389075 -0.120363 1.58643
0.151695 0.314013 1.55524
0.22362 0.081024 1.60187
0.341693 -0.10097 1.63753
0.375364 -0.163193 1.62787
-0.10368 -0.157231 1.55996
-0.104431 -0.456601 1.598
-0.0933087 -0.776342 1.61664
-0.0897065 -0.846204 1.54143
0.0452451 -0.161553 1.56671
0.0452452 -0.439246 1.58961
0.032643 -0.703419 1.81772
0.0601663 -0.805968 1.81734
-0.0181185 0.365976 1.56251
-0.414498 -0.197509 1.62379
-0.36679 -0.171249 1.55147
0.417889 -0.215079 1.68807
0.357056 -0.186559 1.5849
-0.0352883 -0.163162 1.5854
-0.0283915 0.144438 1.56601
-0.0214567 0.437948 1.53253
0.00842386 0.580345 1.49725
-0.177334 0.318253 1.51044
-0.291521 0.102201 1.53186
-0.423841 -0.0760832 1.52569
-0.440961 -0.106837 1.51485
0.149387 0.312204 1.54171
0.220692 0.0801519 1.58687
0.344148 -0.101288 1.60957
0.388721 -0.156459 1.59503
-0.108993 -0.157948 1.54558
-0.103623 -0.459738 1.5925
-0.0934635 -0.776646 1.615
-0.0894622 -0.848328 1.54065
0.0399922 -0.161104 1.55405
0.0422068 -0.424745 1.54777
0.0283128 -0.683929 1.78119
0.0563577 -0.782957 1.79137
-0.023199 0.36653 1.54309
-0.479056 -0.183861 1.5386
-0.427108 -0.151671 1.4742
0.43797 -0.203373 1.63782
0.370391 -0.181593 1.5513
-0.0373813 -0.162345 1.58057
-0.0294647 0.145361 1.55942
-0.0212931 0.438893 1.52398
0.0104518 0.58167 1.48954
-0.176853 0.320746 1.50165
-0.302102 0.106568 1.51571
-0.444117 -0.0637052 1.49272
-0.470334 -0.0939966 1.48087
0.149554 0.312867 1.53596
0.223373 0.0826593 1.57752
0.349444 -0.0976776 1.59645
0.39939 -0.147806 1.58624
-0.110807 -0.157315 1.54076
-0.099886 -0.460253 1.58847
-0.0935719 -0.7753 1.61318
-0.0897416 -0.847909 1.54038
0.0377119 -0.160095 1.54923
0.0402158 -0.424381 1.53842
0.0276084 -0.681296 1.77423
0.0610382 -0.779315 1.78307
-0.0233629 0.367485 1.53505
-0.51356 -0.159137 1.49634
-0.457171 -0.127342 1.43847
0.454412 -0.19772 1.63176
0.381587 -0.17418 1.54024
-0.0348602 -0.16096 1.58285
-0.0246438 0.147821 1.5629
-0.0138913 0.442579 1.52914
0.0191335 0.585185 1.49529
-0.17073 0.323856 1.50524
-0.30105 0.110704 1.52097
-0.441334 -0.0607354 1.49369
-0.452051 -0.0874178 1.49792
0.155345 0.313738 1.53977
0.235367 0.0841224 1.58067
0.364545 -0.0932747 1.60283
0.399323 -0.130518 1.60962
-0.108265 -0.155386 1.54273
-0.101486 -0.456845 1.59113
-0.0936198 -0.775594 1.61281
-0.0901857 -0.847869 1.54064
0.040141 -0.15928 1.55186
0.0452118 -0.42151 1.57787
0.0387228 -0.683931 1.80825
0.0728886 -0.786871 1.79959
-0.0166043 0.370858 1.53974
-0.496337 -0.155451 1.51726
-0.440066 -0.125114 1.46549
0.461457 -0.183004 1.64949
0.392139 -0.171798 1.57447
-0.0156129 -0.156991 1.60421
-0.00512772 0.152622 1.58918
0.00493993 0.448111 1.56054
0.0376698 0.590741 1.52868
-0.153202 0.328635 1.5315
-0.283621 0.11371 1.54979
-0.417967 -0.0631772 1.53244
-0.421582 -0.0869314 1.54069
0.173421 0.317327 1.57028
0.257724 0.0872971 1.60305
0.387809 -0.0885248 1.62872
0.423787 -0.124612 1.63917
-0.0891232 -0.150049 1.5633
-0.10442 -0.449266 1.59824
-0.0928882 -0.776788 1.615
-0.0900286 -0.847693 1.54235
0.0585853 -0.156981 1.57403
0.0506878 -0.441608 1.65823
0.0436342 -0.73052 1.85685
0.0779749 -0.809095 1.81702
0.00248057 0.376191 1.56986
-0.46079 -0.158519 1.56703
-0.410981 -0.123231 1.50914
0.48638 -0.177289 1.67826
0.417975 -0.165841 1.60162
0.0033463 -0.151492 1.64836
0.0133953 0.157819 1.6285
0.0228797 0.453279 1.59536
0.0569018 0.597163 1.56226
-0.13199 0.334014 1.56572
-0.250005 0.117901 1.59544
-0.381252 -0.0615663 1.58398
-0.385301 -0.0870173 1.59152
0.192568 0.324244 1.611
0.277262 0.0946529 1.64592
0.409951 -0.0809569 1.6618
0.457037 -0.130847 1.67133
-0.0689738 -0.142166 1.60667
-0.0943375 -0.450275 1.60791
-0.0911512 -0.778677 1.61551
-0.089372 -0.849641 1.5425
0.0754979 -0.154269 1.61888
0.0434102 -0.439704 1.70731
0.0397978 -0.745025 1.88214
0.0749499 -0.813199 1.83006
0.0205861 0.381333 1.60578
-0.421216 -0.162785 1.61801
-0.374784 -0.127377 1.56347
0.512819 -0.173704 1.71134
0.441623 -0.161018 1.63296
0.0183941 -0.148824 1.70531
0.031563 0.159022 1.67328
0.0433998 0.453821 1.62902
0.0765558 0.597331 1.59247
-0.111709 0.336473 1.6031
-0.226856 0.118122 1.64056
-0.354699 -0.0637104 1.63596
-0.358413 -0.0868388 1.65007
0.209859 0.32621 1.65253
0.292386 0.0971325 1.69661
0.427595 -0.0762533 1.71308
0.462171 -0.116672 1.72033
-0.0533495 -0.139545 1.66306
-0.0804528 -0.459145 1.62924
-0.0903197 -0.781395 1.61548
-0.0889192 -0.850742 1.54253
0.0893293 -0.151888 1.67637
0.0369893 -0.43203 1.74115
0.0382201 -0.750298 1.89382
0.0746815 -0.814707 1.83164
0.0405958 0.381971 1.64213
-0.393191 -0.162028 1.67636
-0.346729 -0.128085 1.62755
0.532575 -0.167948 1.75843
0.457864 -0.157733 1.68576
0.0282187 -0.138055 1.77754
0.0459223 0.164885 1.73074
0.0620025 0.455618 1.67095
0.0967018 0.599133 1.63477
-0.0952271 0.3435 1.65092
-0.216822 0.126179 1.69044
-0.347231 -0.0521665 1.70324
-0.358142 -0.0792784 1.72421
0.225816 0.326543 1.69979
0.30552 0.101427 1.75834
0.433672 -0.0721728 1.79661
0.475933 -0.124425 1.81072
-0.0448452 -0.129172 1.73558
-0.0836456 -0.459421 1.67505
-0.113091 -0.788357 1.65064
-0.106045 -0.846173 1.55289
0.100167 -0.141394 1.74831
0.0783245 -0.414613 1.8228
0.0404585 -0.743785 1.90751
0.0678345 -0.813999 1.84199
0.0582093 0.384693 1.68802
-0.387316 -0.151263 1.7663
-0.346722 -0.111884 1.69682
0.535415 -0.162109 1.85795
0.46267 -0.158212 1.77574
0.0250704 -0.128238 1.81795
0.0469985 0.173829 1.76786
0.0675353 0.463794 1.70469
0.103346 0.60546 1.66839
-0.090071 0.354849 1.68649
-0.222941 0.135895 1.7228
-0.359344 -0.038096 1.73352
-0.372959 -0.0592214 1.75081
0.230615 0.33202 1.73488
0.308899 0.10912 1.80514
0.430341 -0.0617863 1.86443
0.474183 -0.114585 1.88358
-0.0483411 -0.118373 1.77629
-0.0898856 -0.439233 1.73441
-0.139411 -0.759928 1.82403
-0.167114 -0.8125 1.73633
0.0974688 -0.133063 1.78833
0.0771945 -0.416495 1.85589
0.0416198 -0.741548 1.91074
0.0641187 -0.814238 1.84987
0.0625997 0.393049 1.72265
-0.403545 -0.123271 1.78357
-0.364249 -0.0978926 1.72313
0.529116 -0.149527 1.93441
0.460751 -0.149082 1.85135
0.0181218 -0.120906 1.85381
0.0426706 0.179118 1.80668
0.066098 0.467234 1.74662
0.103518 0.608269 1.70552
-0.0919318 0.361006 1.72515
-0.229831 0.145662 1.75701
-0.37254 -0.0245414 1.75126
-0.392027 -0.0444962 1.76448
0.228562 0.339428 1.78083
0.303973 0.115062 1.85731
0.422495 -0.0558709 1.9213
0.466286 -0.108482 1.94647
-0.0549952 -0.109804 1.81221
-0.0989818 -0.40437 1.81623
-0.145994 -0.691895 2.01218
-0.17749 -0.776367 1.95703
0.0905172 -0.12735 1.82414
0.0770527 -0.408997 1.88382
0.0452841 -0.735774 1.92287
0.0639991 -0.81152 1.8523
0.060407 0.396917 1.7638
-0.431153 -0.111239 1.79166
-0.380882 -0.0733742 1.73282
0.51776 -0.1429 1.98936
0.454543 -0.140933 1.918
-0.00113726 -0.112411 1.90791
0.0261199 0.188652 1.87258
0.0525545 0.478055 1.82438
0.0922753 0.61186 1.77586
-0.100163 0.372216 1.78548
-0.242285 0.153182 1.8009
-0.386342 -0.0156865 1.79672
-0.408091 -0.0473597 1.81752
0.213859 0.347798 1.85972
0.281654 0.12116 1.93403
0.39742 -0.0516592 1.99824
0.444264 -0.103589 2.01093
-0.0722234 -0.103269 1.86164
-0.112162 -0.361375 1.95627
-0.136334 -0.604815 2.20518
-0.146334 -0.71546 2.19538
0.06995 -0.117199 1.88312
0.0761468 -0.404087 1.91533
0.0512918 -0.72713 1.93304
0.0656165 -0.80686 1.84918
0.0460858 0.407361 1.8386
-0.438709 -0.105046 1.84539
-0.39346 -0.0830395 1.79
0.497241 -0.142756 2.05603
0.441765 -0.128017 1.9778
-0.0152192 -0.110639 1.97591
0.0108853 0.191029 1.93919
0.0360559 0.48143 1.8902
0.0728484 0.61365 1.84085
-0.116604 0.377273 1.8468
-0.259697 0.158214 1.85802
-0.396335 -0.0168031 1.84202
-0.420082 -0.0480954 1.86563
0.195586 0.3526 1.92739
0.25686 0.120168 1.99926
0.369696 -0.0545336 2.06372
0.413562 -0.103251 2.06337
-0.0856077 -0.107523 1.92989
-0.132647 -0.356886 2.09639
-0.139391 -0.629459 2.31658
-0.135014 -0.727934 2.28515
0.055658 -0.109701 1.95071
0.0688252 -0.416662 1.95161
0.0521908 -0.730007 1.93813
0.0666702 -0.805847 1.84878
0.0298959 0.410434 1.90458
-0.452738 -0.104571 1.88895
-0.40984 -0.0843765 1.83427
0.470446 -0.142557 2.1081
0.420322 -0.129151 2.03036
-0.0458238 -0.111813 2.05404
-0.018323 0.188283 2.01467
0.00844356 0.47768 1.96251
0.0496651 0.604607 1.90452
-0.142436 0.375375 1.92065
-0.281411 0.153322 1.93006
-0.416531 -0.0223052 1.90662
-0.43381 -0.0406772 1.91808
0.169878 0.346528 1.99545
0.220909 0.123838 2.06447
0.336219 -0.0528858 2.1205
0.375712 -0.107918 2.12411
-0.116403 -0.109294 2.01033
-0.139027 -0.359466 2.18784
-0.133667 -0.646064 2.35735
-0.137138 -0.731924 2.30664
0.026282 -0.110407 2.02654
0.0551401 -0.42023 1.98999
0.0520137 -0.728608 1.94632
0.0695033 -0.800754 1.84781
0.00185175 0.406862 1.97774
-0.482306 -0.108212 1.95165
-0.422161 -0.0733122 1.88744
0.425459 -0.151391 2.16706
0.382537 -0.136021 2.08718
-0.0724908 -0.110489 2.14076
-0.0448835 0.184872 2.08859
-0.0197457 0.470798 2.02582
0.0242177 0.597648 1.96045
-0.169253 0.37416 1.99599
-0.308605 0.151608 2.00986
-0.440665 -0.0260708 1.98567
-0.464918 -0.0439553 1.99442
0.143377 0.349944 2.0705
0.194787 0.124092 2.13253
0.310665 -0.057558 2.17331
0.3489 -0.117878 2.1878
-0.14276 -0.107532 2.09742
-0.15965 -0.359361 2.26665
-0.136332 -0.651743 2.38675
-0.137164 -0.734416 2.31968
0.000180824 -0.10978 2.11281
0.0369307 -0.416752 2.02668
0.0449365 -0.718414 1.96777
0.067901 -0.779425 1.85817
-0.0257725 0.400721 2.04352
-0.51376 -0.104656 2.02233
-0.451511 -0.0733998 1.96472
0.401449 -0.16453 2.23747
0.348894 -0.144006 2.15289
-0.0887635 -0.0803754 2.21524
-0.0594217 0.207488 2.15665
-0.030528 0.485868 2.08563
0.00277964 0.610164 2.00965
-0.18624 0.396395 2.06751
-0.306829 0.182798 2.10774
-0.446195 0.0105955 2.10382
-0.47911 -0.0225164 2.11897
0.130371 0.37727 2.12185
0.177948 0.143717 2.19558
0.283117 -0.0427568 2.24218
0.315417 -0.0956136 2.2551
-0.159708 -0.0774486 2.17462
-0.165252 -0.358116 2.29557
-0.1365 -0.659976 2.39581
-0.136329 -0.737615 2.32074
-0.0150679 -0.0807435 2.18471
0.00869519 -0.357189 2.0916
0.0101304 -0.670671 2.11519
0.0421143 -0.740234 2.02344
-0.0376945 0.417663 2.10558
-0.522959 -0.0740173 2.14203
-0.470801 -0.0577475 2.09131
0.365216 -0.13863 2.29653
0.308071 -0.121145 2.22064
-0.0914267 -0.0682693 2.24246
-0.0638698 0.218445 2.18669
-0.0368037 0.495726 2.1189
-0.00883852 0.618979 2.04073
-0.195494 0.406622 2.10554
-0.312659 0.199822 2.1535
-0.43881 0.0256959 2.19545
-0.47744 -0.01307 2.21004
0.122803 0.391014 2.15335
0.168004 0.166216 2.22066
0.272556 -0.0175603 2.2764
0.315468 -0.0735393 2.2885
-0.162734 -0.0660602 2.20081
-0.163021 -0.349185 2.31511
-0.135932 -0.660478 2.39868
-0.136537 -0.737529 2.32375
-0.0172101 -0.0683527 2.21285
-0.00148331 -0.348073 2.16019
0.00620872 -0.666888 2.30686
0.0317433 -0.734971 2.23432
-0.0435164 0.427791 2.13801
-0.523579 -0.0749462 2.24336
-0.502292 -0.0112693 2.17947
0.36664 -0.119872 2.33871
0.315471 -0.105294 2.2537
-0.0837844 -0.0628245 2.26336
-0.0611487 0.224219 2.20834
-0.0387963 0.501749 2.14133
-0.0127058 0.628319 2.06532
-0.199434 0.413375 2.13305
-0.31426 0.199822 2.2046
-0.439258 0.025459 2.24824
-0.470202 -0.00691958 2.25863
0.120445 0.394673 2.16828
0.167375 0.170197 2.24246
0.279892 -0.0109963 2.29206
0.313048 -0.0429174 2.29542
-0.154931 -0.0609652 2.22266
-0.158965 -0.344333 2.32588
-0.137131 -0.658132 2.40729
-0.1363 -0.735727 2.32753
-0.0100014 -0.0627054 2.23278
-0.00200177 -0.351925 2.26518
0.0136514 -0.658654 2.43235
0.0360632 -0.734524 2.37638
-0.0443478 0.433751 2.16024
-0.522764 -0.0648893 2.28405
-0.492841 0.00420576 2.24491
0.37419 -0.101964 2.33762
0.316487 -0.079372 2.2607
-0.0647637 -0.0568233 2.28537
-0.0503551 0.232467 2.23018
-0.0357383 0.512593 2.16363
-0.0120988 0.643073 2.09518
-0.194737 0.41847 2.15524
-0.300733 0.200148 2.22872
-0.422907 0.0284429 2.28528
-0.445941 -0.00944884 2.29616
0.128238 0.404627 2.18997
0.182501 0.179941 2.25556
0.300921 0.00210434 2.30368
0.34109 -0.0301186 2.29928
-0.135783 -0.0548872 2.24483
-0.145545 -0.340782 2.34099
-0.136752 -0.653621 2.40745
-0.136266 -0.734552 2.32774
0.00826708 -0.0569862 2.25463
0.0191068 -0.344292 2.35457
0.0236481 -0.647876 2.44746
0.0357765 -0.726259 2.38153
-0.039392 0.443912 2.18236
-0.492623 -0.0605724 2.31704
-0.488281 -0.0270112 2.28562
0.399902 -0.0880663 2.34771
0.344155 -0.0608928 2.2642
-0.0486265 -0.0535378 2.29708
-0.0413617 0.237953 2.24284
-0.0332135 0.520298 2.1775
-0.00978809 0.652176 2.11511
-0.191485 0.420407 2.16295
-0.295095 0.19925 2.23044
-0.407761 0.0204864 2.28565
-0.429781 -0.0215764 2.28857
0.132789 0.41156 2.20303
0.195271 0.184605 2.26484
0.323717 0.0112106 2.30455
0.358475 -0.0184022 2.29218
-0.119264 -0.0516582 2.25604
-0.136604 -0.339334 2.33974
-0.133256 -0.651119 2.40657
-0.135831 -0.732956 2.32833
0.0235339 -0.0537395 2.26684
0.0358556 -0.338821 2.38046
0.030136 -0.639668 2.45619
0.0370267 -0.722335 2.38786
-0.0352572 0.45103 2.19588
-0.472261 -0.0826596 2.31494
-0.45246 -0.018287 2.26275
0.422933 -0.0760106 2.33483
0.356352 -0.0376919 2.24456
-0.0429283 -0.0535429 2.29921
-0.0384393 0.239946 2.24782
-0.0337694 0.524986 2.18672
-0.0134198 0.660807 2.13149
-0.191898 0.420104 2.17108
-0.288392 0.193202 2.2298
-0.400403 0.00776793 2.26563
-0.425088 -0.033107 2.25237
0.132937 0.413826 2.20882
0.201568 0.182495 2.26838
0.330466 0.00816191 2.30354
0.377088 -0.0409105 2.28835
-0.113727 -0.0515733 2.25835
-0.131556 -0.33749 2.33529
-0.130706 -0.650037 2.40527
-0.1354 -0.731663 2.32787
0.0292313 -0.0538301 2.26876
0.0428817 -0.336757 2.38826
0.035315 -0.635175 2.46089
0.0401305 -0.720221 2.38172
-0.0348078 0.455008 2.20397
-0.467118 -0.0977217 2.27104
-0.448893 -0.0314653 2.24287
0.425231 -0.0853235 2.34258
0.367135 -0.0587564 2.24389
-0.0425905 -0.0539359 2.2968
-0.0396346 0.240912 2.24851
-0.0387385 0.528311 2.19144
-0.0220498 0.667454 2.14374
-0.195059 0.419884 2.17521
-0.287171 0.189112 2.22508
-0.399681 0.00017179 2.24286
-0.426604 -0.0391815 2.22737
0.130416 0.41487 2.20999
0.201071 0.181987 2.26608
0.326978 0.00491069 2.29923
0.362923 -0.047486 2.28507
-0.113521 -0.0525535 2.25578
-0.130263 -0.338346 2.33178
-0.130178 -0.650005 2.4053
-0.135404 -0.730866 2.32897
0.0296956 -0.0536926 2.26635
0.0423997 -0.340048 2.38307
0.0346953 -0.63672 2.46083
0.042166 -0.720119 2.37974
-0.0388064 0.457768 2.2076
-0.470864 -0.104135 2.24646
-0.453929 -0.0479109 2.222
0.406751 -0.0899379 2.33718
0.350091 -0.0622203 2.23908
-0.0581962 -0.0604804 2.27787
-0.0548907 0.238927 2.2404
-0.0522648 0.528409 2.18985
-0.0362637 0.669167 2.14718
-0.208108 0.4158 2.17375
-0.294544 0.181791 2.21228
-0.411078 -0.0064128 2.21511
-0.44388 -0.0486155 2.20407
0.113049 0.411882 2.20195
0.186863 0.173953 2.25283
0.30628 -0.00899171 2.28035
0.336386 -0.0644258 2.26645
-0.128726 -0.0600521 2.24023
-0.135073 -0.343662 2.32748
-0.130009 -0.649835 2.40458
-0.134834 -0.730358 2.33055
0.0142154 -0.0589475 2.24399
0.0194479 -0.355921 2.32131
0.0265263 -0.647429 2.4518
0.0397749 -0.722895 2.38232
-0.0528597 0.457464 2.20469
-0.486618 -0.111204 2.21973
-0.46983 -0.0479569 2.18881
0.379375 -0.104982 2.31586
0.324659 -0.0806172 2.2197
-0.0777373 -0.0671367 2.26172
-0.0730948 0.23301 2.228
-0.0681445 0.52321 2.18164
-0.0493785 0.666023 2.14327
-0.22128 0.407841 2.16523
-0.309717 0.175802 2.19689
-0.428201 -0.0113742 2.19562
-0.459641 -0.0551755 2.19083
0.100233 0.407478 2.19263
0.167241 0.167979 2.23596
0.287009 -0.0143697 2.26536
0.315093 -0.0768945 2.25384
-0.148607 -0.0685328 2.22467
-0.147759 -0.351023 2.32357
-0.134082 -0.654595 2.40839
-0.135202 -0.730725 2.33074
-0.00448102 -0.0637592 2.22732
0.0014895 -0.356705 2.23502
0.0143646 -0.652889 2.41848
0.0377035 -0.729854 2.36829
-0.0694291 0.452082 2.19544
-0.512689 -0.117383 2.2227
-0.519964 -0.109466 2.2195
0.359221 -0.125447 2.30944
0.304559 -0.0947988 2.2101
-0.0920826 -0.0713478 2.24379
-0.0842237 0.228253 2.21041
-0.0762176 0.517881 2.16462
-0.0597206 0.662029 2.12734
-0.232308 0.400271 2.14735
-0.321895 0.170878 2.1795
-0.437046 -0.0179911 2.18331
-0.470027 -0.0583965 2.17138
0.090271 0.402158 2.17727
0.158397 0.15983 2.22072
0.276061 -0.0248799 2.24565
0.28981 -0.0651093 2.23412
-0.162666 -0.0741074 2.20771
-0.156755 -0.358792 2.32463
-0.133523 -0.657713 2.40511
-0.110659 -0.736715 2.32828
-0.0185634 -0.0663366 2.20843
-0.0029503 -0.350137 2.14849
-0.00924223 -0.663387 2.31153
0.0273867 -0.73658 2.2714
-0.0782616 0.446899 2.17825
-0.525296 -0.123731 2.20405
-0.500212 -0.0695079 2.17073
0.340013 -0.129111 2.28278
0.285067 -0.0928938 2.194
-0.0957635 -0.0784039 2.21158
-0.0884511 0.220917 2.17371
-0.080904 0.510121 2.12317
-0.0637577 0.658339 2.09014
-0.236611 0.393022 2.10612
-0.329546 0.16583 2.13854
-0.442676 -0.0237192 2.14787
-0.472549 -0.0683168 2.13742
0.0856726 0.392879 2.13749
0.154495 0.153216 2.18906
0.27185 -0.029098 2.22504
0.293416 -0.0698789 2.21504
-0.166972 -0.0801053 2.17434
-0.159101 -0.36129 2.31388
-0.134498 -0.660301 2.40156
-0.133301 -0.738373 2.31824
-0.0215095 -0.074113 2.17739
0.00487309 -0.368141 2.08095
0.0214892 -0.690136 2.0838
0.0592957 -0.760742 1.98633
-0.082846 0.439267 2.13801
-0.522894 -0.130887 2.16799
-0.487249 -0.0594916 2.1335
0.344388 -0.134614 2.27058
0.292105 -0.10331 2.17457
-0.0916468 -0.0903496 2.17228
-0.0842221 0.210094 2.13126
-0.0764815 0.500284 2.07769
-0.0573674 0.649123 2.05269
-0.231556 0.383392 2.06674
-0.328446 0.150529 2.10049
-0.445804 -0.0360705 2.11196
-0.470897 -0.0769003 2.10188
0.0912169 0.382043 2.09616
0.16346 0.142553 2.15356
0.280354 -0.0374263 2.19827
0.304621 -0.0744035 2.18387
-0.162673 -0.0915981 2.13543
-0.15153 -0.370804 2.28974
-0.133834 -0.660682 2.40077
-0.135668 -0.737801 2.32416
-0.0176031 -0.0861146 2.13776
0.0160361 -0.387677 2.04015
0.0352428 -0.701162 1.99459
0.0533881 -0.75523 1.88801
-0.0784786 0.429208 2.09327
-0.523648 -0.143441 2.13993
-0.498605 -0.0956378 2.12188
0.357457 -0.138335 2.24086
0.30209 -0.10314 2.14415
-0.0831811 -0.100363 2.11556
-0.07149 0.201197 2.07797
-0.0597892 0.492166 2.02752
-0.0434786 0.640598 2.00493
-0.217491 0.371937 2.01577
-0.307049 0.143315 2.05462
-0.430279 -0.0392903 2.06745
-0.453878 -0.0861859 2.06083
0.107001 0.370743 2.0373
0.177958 0.134932 2.10459
0.29614 -0.0425448 2.15403
0.334322 -0.103131 2.14543
-0.154231 -0.100978 2.07986
-0.14543 -0.371681 2.24307
-0.132279 -0.659402 2.39075
-0.135836 -0.73777 2.32426
-0.00932249 -0.0963619 2.07996
0.0241694 -0.394682 2.00385
0.0386174 -0.715309 1.97562
0.0524957 -0.773388 1.85962
-0.062738 0.420934 2.04234
-0.496352 -0.150346 2.08683
-0.476189 -0.0960505 2.07175
0.37676 -0.149284 2.19983
0.326689 -0.127865 2.10211
-0.0532726 -0.1044 2.02625
-0.0410316 0.19889 1.99312
-0.0288076 0.491057 1.94717
-0.0115619 0.640305 1.93796
-0.18465 0.371056 1.92867
-0.279921 0.137641 1.98102
-0.399503 -0.0453552 2.00665
-0.415044 -0.0886809 1.99912
0.135545 0.367618 1.96115
0.204196 0.13171 2.02281
0.323035 -0.0459695 2.07031
0.364574 -0.104615 2.05489
-0.124493 -0.105795 1.98853
-0.128745 -0.370765 2.14792
-0.132731 -0.652564 2.357
-0.136925 -0.733624 2.31251
0.0198218 -0.0993309 1.99265
0.0405961 -0.406261 1.95334
0.0421454 -0.736115 1.96308
0.0572921 -0.797766 1.85734
-0.0318657 0.419591 1.96085
-0.454525 -0.158347 2.0447
-0.438332 -0.10729 2.01375
0.406715 -0.154675 2.11711
0.358946 -0.128197 2.01273
-0.0325728 -0.10738 1.96148
-0.0194048 0.197955 1.93285
-0.00655691 0.491574 1.89114
0.0112035 0.642129 1.89134
-0.162873 0.368323 1.86824
-0.261193 0.133653 1.91775
-0.380776 -0.0466912 1.95475
-0.393724 -0.081313 1.93779
0.158454 0.36318 1.90322
0.230083 0.12265 1.95939
0.351232 -0.056671 1.99628
0.397867 -0.106207 1.97582
-0.104872 -0.105648 1.92222
-0.11932 -0.377379 2.02401
-0.130187 -0.619808 2.27468
-0.134041 -0.725058 2.28532
0.0409135 -0.105205 1.92937
0.0506023 -0.399351 1.92818
0.0433159 -0.737157 1.96269
0.0555923 -0.802954 1.8702
-0.00973072 0.419814 1.90377
-0.419443 -0.158776 1.96658
-0.352545 -0.0380223 1.946
0.443834 -0.15042 2.02282
0.388234 -0.124256 1.92964
-0.0121515 -0.109425 1.91139
-0.00199912 0.195327 1.884
0.0079027 0.488187 1.8437
0.0274471 0.636878 1.8419
-0.1467 0.365758 1.82462
-0.244792 0.131699 1.86755
-0.366705 -0.0513527 1.88618
-0.383562 -0.0871126 1.87479
0.173257 0.360777 1.85469
0.252291 0.118443 1.90074
0.376915 -0.062256 1.92109
0.428783 -0.11301 1.90362
-0.0845967 -0.104875 1.87249
-0.105755 -0.373042 1.88069
-0.120611 -0.601857 2.14288
-0.110001 -0.650189 2.02009
0.0607878 -0.109822 1.87882
0.0609514 -0.399797 1.90877
0.045571 -0.737074 1.96119
0.0565101 -0.804404 1.86889
0.00546686 0.416644 1.85594
-0.417217 -0.158975 1.89934
-0.370155 -0.0943109 1.83902
0.478533 -0.160023 1.95535
0.412804 -0.127136 1.85462
0.00540914 -0.11436 1.87483
0.011306 0.189435 1.8466
0.0168829 0.481131 1.80528
0.0375086 0.632548 1.79775
-0.140045 0.36153 1.79347
-0.239166 0.128523 1.8261
-0.363207 -0.0556128 1.82222
-0.382122 -0.0930927 1.81445
0.183507 0.356153 1.81222
0.265506 0.11796 1.85171
0.401495 -0.0568129 1.85275
0.432235 -0.0931324 1.8371
-0.0679483 -0.107814 1.83828
-0.0904732 -0.388923 1.812
-0.109338 -0.659817 2.03294
-0.144287 -0.752441 2.01563
0.0785436 -0.116587 1.84003
0.0752605 -0.405967 1.89694
0.0469331 -0.735284 1.9575
0.0567829 -0.80517 1.8687
0.0155366 0.409906 1.81779
-0.429425 -0.165358 1.85133
-0.37108 -0.120302 1.7816
0.497235 -0.15312 1.87274
0.429681 -0.122816 1.7938
0.0165284 -0.120926 1.84659
0.0184261 0.183397 1.81367
0.0198068 0.475567 1.76731
0.0425069 0.625185 1.75229
-0.137918 0.357417 1.7615
-0.240075 0.129406 1.78706
-0.364229 -0.0548699 1.77874
-0.387593 -0.0881259 1.76023
0.187953 0.349954 1.77134
0.278901 0.114528 1.80489
0.416658 -0.0583938 1.8103
0.445592 -0.0851363 1.78992
-0.0570171 -0.113811 1.81066
-0.0824235 -0.413589 1.74357
-0.0929228 -0.740401 1.85846
-0.133301 -0.806641 1.79199
0.0894062 -0.123413 1.81116
0.0870813 -0.417534 1.89668
0.0478781 -0.736548 1.95443
0.0382594 -0.808119 1.8625
0.0195235 0.404243 1.7811
-0.436162 -0.15975 1.78147
-0.379141 -0.123909 1.72871
0.515124 -0.146114 1.82737
0.444323 -0.11208 1.7469
0.0183225 -0.134653 1.80584
0.0168052 0.170816 1.76623
0.0150876 0.464032 1.71336
0.0391964 0.612366 1.69146
-0.143033 0.347669 1.70733
-0.249077 0.12078 1.74038
-0.378757 -0.0595659 1.73145
-0.399715 -0.0889433 1.71641
0.184314 0.341332 1.71929
0.281363 0.10936 1.7596
0.424575 -0.0582356 1.77101
0.44959 -0.0842237 1.74656
-0.0548749 -0.129947 1.76971
-0.0832058 -0.462004 1.70578
-0.0923366 -0.789203 1.65031
-0.0906385 -0.839696 1.54791
0.0907879 -0.134066 1.77068
0.0909801 -0.425719 1.87458
0.0500763 -0.737247 1.94991
0.0511593 -0.808729 1.8677
0.0155399 0.392483 1.72875
-0.451991 -0.16425 1.73449
-0.392507 -0.129491 1.6844
0.523739 -0.138093 1.77426
0.455741 -0.117066 1.7071
0.00984182 -0.146664 1.75649
0.0073537 0.15937 1.72002
0.00497122 0.452779 1.67003
0.0278146 0.600028 1.6459
-0.15371 0.334202 1.66299
-0.258743 0.104155 1.69851
-0.386277 -0.0765732 1.70589
-0.401751 -0.104103 1.69213
0.175734 0.332428 1.67699
0.276435 0.0978386 1.72705
0.423151 -0.0652846 1.7462
0.440988 -0.0901732 1.72833
-0.0630477 -0.142338 1.72133
-0.0885979 -0.463339 1.67226
-0.0898295 -0.783734 1.63169
-0.0824313 -0.840688 1.53586
0.0823293 -0.145046 1.72037
0.085377 -0.434344 1.84223
0.0504109 -0.738722 1.94284
0.054945 -0.808539 1.8684
0.00555752 0.381224 1.68473
-0.452766 -0.177351 1.70919
-0.393324 -0.126254 1.657
0.511638 -0.143592 1.76439
0.45043 -0.123369 1.69084
-0.000865198 -0.154461 1.70125
-0.00694689 0.152384 1.66973
-0.01269 0.446081 1.62463
0.00987682 0.594253 1.60081
-0.16862 0.324041 1.61519
-0.259664 0.0949882 1.65793
-0.384081 -0.0859723 1.67848
-0.403958 -0.120685 1.67122
0.160496 0.323006 1.63092
0.263697 0.0896036 1.68989
0.408836 -0.0699674 1.72836
0.42263 -0.0946722 1.71083
-0.0738667 -0.148734 1.66342
-0.0940364 -0.455809 1.63819
-0.0909559 -0.779966 1.62444
-0.0834723 -0.842828 1.53723
0.0721624 -0.15371 1.66785
0.0115057 -0.447632 1.73238
0.0461159 -0.73615 1.92888
0.0580028 -0.808863 1.86532
-0.0113027 0.374509 1.63809
-0.462277 -0.181626 1.70495
-0.399449 -0.16684 1.64291
0.491484 -0.148347 1.75952
0.435564 -0.13217 1.67615
-0.0293768 -0.154277 1.63539
-0.0302313 0.153781 1.60835
-0.0308086 0.448077 1.56764
-0.00886544 0.596951 1.54937
-0.184212 0.321397 1.55017
-0.268368 0.0898181 1.60061
-0.381091 -0.0906436 1.6516
-0.400713 -0.113206 1.64831
0.142757 0.325362 1.58114
0.242001 0.0879438 1.64215
0.375174 -0.0793893 1.68879
0.395293 -0.103276 1.68666
-0.10267 -0.148363 1.59607
-0.110549 -0.445638 1.61402
-0.0945354 -0.779033 1.62062
-0.0857706 -0.843505 1.5385
0.0451823 -0.153482 1.60354
0.0351417 -0.44644 1.68702
0.0409908 -0.726413 1.89714
0.0629393 -0.808901 1.85177
-0.0307098 0.376432 1.57999
-0.474052 -0.157075 1.70027
-0.405132 -0.167097 1.63554
0.460964 -0.150158 1.74411
0.39706 -0.139351 1.66578
-0.0393618 -0.156117 1.60887
-0.0403797 0.151405 1.57851
-0.0409646 0.444947 1.53419
-0.0174893 0.594471 1.51761
-0.192729 0.320158 1.51303
-0.278445 0.0885691 1.56181
-0.392235 -0.0908458 1.61376
-0.415138 -0.112392 1.61087
0.132649 0.325119 1.55874
0.225541 0.0864993 1.61962
0.358133 -0.0813829 1.66641
0.383761 -0.108498 1.65979
-0.112318 -0.150825 1.56628
-0.121558 -0.441692 1.59502
-0.0976266 -0.778263 1.61704
-0.0869146 -0.843702 1.53858
0.0353555 -0.154543 1.58022
0.0401983 -0.432553 1.61618
0.0300207 -0.701441 1.8393
0.0637092 -0.805276 1.82197
-0.0408852 0.373526 1.54746
-0.472545 -0.160621 1.65359
-0.414226 -0.16001 1.59815
0.448394 -0.151596 1.70688
0.381174 -0.140045 1.63315
-0.0444163 -0.156619 1.59595
-0.0466328 0.151021 1.56278
-0.0483332 0.444632 1.51575
-0.0235571 0.594479 1.49906
-0.198861 0.319196 1.49113
-0.292126 0.0866392 1.53175
-0.412457 -0.0951761 1.56129
-0.436396 -0.112425 1.55243
0.124917 0.324373 1.54495
0.215829 0.0866249 1.60917
0.349153 -0.0814178 1.65409
0.397416 -0.122982 1.66613
-0.117131 -0.151743 1.55171
-0.12423 -0.440793 1.5859
-0.0989812 -0.776945 1.6147
-0.0883567 -0.844307 1.5387
0.0303013 -0.154558 1.56898
0.0387826 -0.424892 1.58821
0.0284765 -0.693014 1.81223
0.0691957 -0.795164 1.7952
-0.0479892 0.373211 1.52968
-0.512167 -0.160327 1.59623
-0.443839 -0.169577 1.53777
0.441761 -0.155164 1.72084
0.37585 -0.147884 1.63042
-0.0461726 -0.156555 1.58853
-0.0500735 0.151491 1.55552
-0.0534903 0.445453 1.5085
-0.0284055 0.594724 1.49145
-0.202748 0.319672 1.4829
-0.302545 0.0862202 1.51244
-0.425993 -0.0968224 1.52372
-0.453496 -0.11844 1.51763
0.119947 0.324414 1.53677
0.212191 0.0880292 1.60633
0.344825 -0.0778581 1.65858
0.393689 -0.114355 1.67878
-0.118644 -0.152284 1.54466
-0.123999 -0.438848 1.58119
-0.0996266 -0.776618 1.6136
-0.0887501 -0.844181 1.53855
0.0283526 -0.153793 1.56117
0.0375431 -0.421909 1.57969
0.0334496 -0.690333 1.80355
0.070821 -0.793646 1.78612
-0.0527139 0.373952 1.52243
-0.53018 -0.169396 1.55228
-0.454528 -0.168501 1.49653
0.441571 -0.13602 1.7156
0.377687 -0.135733 1.64467
-0.0463496 -0.156672 1.58609
-0.0508727 0.151636 1.55448
-0.0550764 0.445897 1.50933
-0.030685 0.595368 1.492
-0.204472 0.31997 1.48486
-0.304753 0.0871705 1.51332
-0.429043 -0.0959676 1.51877
-0.461363 -0.114424 1.52791
0.118517 0.324415 1.5348
0.212631 0.09069 1.60875
0.344017 -0.0695483 1.67571
0.396458 -0.104862 1.70881
-0.118681 -0.152758 1.54291
-0.123138 -0.438031 1.58179
-0.0998553 -0.776524 1.61321
-0.0892649 -0.844473 1.53896
0.02811 -0.153463 1.55802
0.0415528 -0.41972 1.58389
0.0368741 -0.681611 1.81489
0.0716496 -0.784259 1.80709
-0.0540748 0.374311 1.52272
-0.537258 -0.169303 1.56032
-0.462276 -0.157362 1.49594
0.436725 -0.137466 1.75362
0.333276 -0.080669 1.719
-0.0410927 -0.154431 1.59668
-0.0441963 0.15396 1.56931
-0.0468005 0.448207 1.52857
-0.0235134 0.597145 1.50646
-0.199245 0.322977 1.50779
-0.297542 0.0908169 1.54457
-0.424758 -0.0889201 1.56027
-0.478269 -0.122685 1.58169
0.124811 0.326424 1.54797
0.222185 0.0953245 1.62477
0.349847 -0.0637249 1.6996
0.397358 -0.101705 1.73361
-0.113446 -0.150189 1.55537
-0.123683 -0.437787 1.58632
-0.100902 -0.774449 1.61326
-0.0899106 -0.843663 1.53928
0.0330853 -0.151742 1.56691
0.0534364 -0.422969 1.62173
0.0452852 -0.694575 1.84197
0.0739542 -0.797993 1.83795
-0.0462227 0.376625 1.54088
-0.53061 -0.158222 1.60247
-0.51463 -0.139239 1.5753
0.441817 -0.136646 1.77735
0.33948 -0.0800834 1.73936
-0.030027 -0.150991 1.63004
-0.0303228 0.156601 1.60352
-0.0302713 0.450371 1.56348
-0.00532106 0.599921 1.54068
-0.184757 0.326136 1.54664
-0.282907 0.0989478 1.58903
-0.411488 -0.0766414 1.62023
-0.43654 -0.0935172 1.63422
0.141011 0.326897 1.58537
0.232728 0.0973681 1.66124
0.358151 -0.0665404 1.73016
0.410013 -0.107953 1.75914
-0.102871 -0.145672 1.58845
-0.12098 -0.438815 1.59845
-0.101681 -0.772591 1.61274
-0.0905953 -0.843601 1.53906
0.0441029 -0.149731 1.60053
0.0520374 -0.433062 1.70035
0.0443914 -0.726788 1.89251
0.0730843 -0.806196 1.84905
-0.0303353 0.378863 1.57564
-0.509279 -0.142698 1.66869
-0.442067 -0.135589 1.60734
0.459041 -0.139581 1.80516
0.39597 -0.131321 1.74469
-0.0108698 -0.145122 1.69829
-0.00746828 0.160735 1.66615
-0.00428102 0.45344 1.62078
0.0207002 0.60011 1.59395
-0.159816 0.333379 1.59941
-0.261446 0.109808 1.64876
-0.391546 -0.0613421 1.69158
-0.410102 -0.0827228 1.709
0.165519 0.329194 1.64311
0.249145 0.0971666 1.71688
0.368257 -0.0742642 1.77954
0.420245 -0.116919 1.80346
-0.082853 -0.137662 1.65697
-0.108879 -0.452739 1.63221
-0.102008 -0.775884 1.61577
-0.0901311 -0.846084 1.53587
0.0615563 -0.146496 1.6684
0.0583098 -0.43224 1.77389
0.0339928 -0.750578 1.92484
0.0692438 -0.814898 1.86042
-0.00505796 0.382121 1.63427
-0.481404 -0.127045 1.7488
-0.417691 -0.135011 1.694
0.469107 -0.150863 1.85261
0.410236 -0.143332 1.77586
0.00653425 -0.144281 1.76315
0.0101673 0.161249 1.71914
0.0133556 0.454179 1.66244
0.0403727 0.601352 1.63803
-0.142547 0.33671 1.64592
-0.254985 0.113981 1.69692
-0.389573 -0.0557993 1.73273
-0.408779 -0.0726478 1.75117
0.184265 0.329685 1.69297
0.265551 0.0997752 1.76576
0.378881 -0.073363 1.83309
0.433103 -0.115471 1.85245
-0.0656617 -0.138487 1.72306
-0.0963157 -0.457136 1.66035
-0.100939 -0.777539 1.6259
-0.0904072 -0.837262 1.53126
0.0784472 -0.144252 1.73202
0.0724646 -0.423844 1.8216
0.0327951 -0.748179 1.93299
0.0650192 -0.812357 1.86494
0.0126169 0.382753 1.67873
-0.480883 -0.116869 1.78837
-0.414746 -0.122138 1.73435
0.488046 -0.14984 1.90623
0.427627 -0.143481 1.81764
0.0148846 -0.13447 1.80628
0.0201137 0.168954 1.76119
0.0249433 0.460143 1.70299
0.0545188 0.607132 1.67681
-0.130881 0.345942 1.68657
-0.254414 0.126399 1.73302
-0.390814 -0.0439703 1.76132
-0.418473 -0.0587078 1.77781
0.194773 0.333688 1.73119
0.276756 0.106007 1.80957
0.39387 -0.0610788 1.88363
0.423649 -0.0774459 1.88835
-0.0571603 -0.127501 1.76688
-0.0884642 -0.443891 1.68408
-0.104979 -0.749586 1.68969
-0.111453 -0.80625 1.59733
0.0863199 -0.136069 1.77447
0.0772932 -0.424884 1.86177
0.033572 -0.743607 1.93933
0.0623838 -0.808964 1.86938
0.0237952 0.389103 1.71971
-0.493513 -0.105652 1.8104
-0.422008 -0.108595 1.76267
0.494551 -0.125543 1.93632
0.441471 -0.122191 1.86148
0.0168134 -0.123036 1.83967
0.0241081 0.178966 1.79594
0.0310686 0.468926 1.73932
0.0620234 0.615604 1.71619
-0.125246 0.357025 1.72366
-0.25739 0.139988 1.76492
-0.397611 -0.029406 1.78317
-0.427755 -0.0432606 1.79762
0.198703 0.34198 1.76948
0.282796 0.115419 1.84861
0.400065 -0.0490304 1.92727
0.425598 -0.0624048 1.93187
-0.0557575 -0.115531 1.80024
-0.0851522 -0.42254 1.73451
-0.105984 -0.734059 1.84086
-0.140259 -0.803711 1.76855
0.0887103 -0.125767 1.80784
0.0730924 -0.421482 1.88568
0.0312559 -0.740499 1.94243
0.038055 -0.809911 1.86445
0.0293849 0.398162 1.75563
-0.502995 -0.0859031 1.8279
-0.433903 -0.0921786 1.78162
0.492074 -0.116594 1.97244
0.429872 -0.0608958 1.891
0.0022196 -0.114471 1.87965
0.015666 0.186028 1.84063
0.0287108 0.474694 1.78888
0.0604953 0.621533 1.76688
-0.127116 0.363151 1.76348
-0.267611 0.142353 1.79479
-0.411802 -0.0249825 1.80386
-0.435801 -0.0379536 1.81597
0.195556 0.349275 1.82288
0.279033 0.122453 1.90421
0.398225 -0.0432979 1.97796
0.420062 -0.0531636 1.98004
-0.0695267 -0.105367 1.83826
-0.102823 -0.393953 1.86265
-0.108321 -0.657257 2.09269
-0.157349 -0.754883 2.06836
0.0738471 -0.119256 1.84976
0.0702896 -0.405262 1.90827
0.0390721 -0.721255 1.95314
0.0515398 -0.805568 1.87437
0.0255157 0.404213 1.80397
-0.512627 -0.0795417 1.84183
-0.438469 -0.0835341 1.79094
0.494087 -0.108663 2.02208
0.430595 -0.066485 1.94139
-0.0123898 -0.111476 1.91786
0.00284377 0.190204 1.87857
0.0175386 0.480257 1.82644
0.0488806 0.627727 1.80689
-0.136409 0.368383 1.79897
-0.272531 0.144136 1.82206
-0.410748 -0.029416 1.81662
-0.430883 -0.0446894 1.82861
0.184416 0.35333 1.85674
0.265834 0.127283 1.94116
0.384496 -0.0375997 2.01734
0.403282 -0.0479473 2.02079
-0.0842033 -0.104556 1.87614
-0.105645 -0.377597 1.9732
-0.124378 -0.610782 2.23152
-0.144479 -0.721913 2.20854
0.059805 -0.114322 1.88839
0.0637063 -0.399388 1.93579
0.0427528 -0.715578 1.96025
0.0531289 -0.804244 1.87809
0.0139404 0.409401 1.84164
-0.5081 -0.0933468 1.85397
-0.43033 -0.0912265 1.80491
0.477965 -0.104867 2.06857
0.4115 -0.0529694 1.978
-0.0248869 -0.111601 1.96919
-0.0129473 0.191876 1.92729
-0.00124782 0.483977 1.87281
0.0303509 0.630521 1.8531
-0.155414 0.370588 1.84674
-0.283715 0.145072 1.87075
-0.413673 -0.0348678 1.85941
-0.438404 -0.0526612 1.86767
0.165655 0.356063 1.89568
0.246138 0.129514 1.97709
0.363133 -0.0354777 2.0554
0.381291 -0.0494118 2.05309
-0.0978088 -0.109944 1.93016
-0.125854 -0.36197 2.09531
-0.133936 -0.624227 2.3268
-0.141056 -0.724084 2.29913
0.0488811 -0.109346 1.93693
0.0641739 -0.396519 1.95882
0.0447333 -0.720821 1.96629
0.0533389 -0.804144 1.88256
-0.00413548 0.412579 1.88858
-0.509527 -0.100657 1.88658
-0.433262 -0.100614 1.84261
0.444757 -0.107431 2.09037
0.38667 -0.0522296 2.01137
-0.0513334 -0.110252 2.0668
-0.0438788 0.189635 2.01332
-0.0361952 0.479063 1.94724
-0.0065729 0.624537 1.92276
-0.190835 0.367744 1.92689
-0.320588 0.140746 1.95745
-0.446792 -0.0415021 1.95051
-0.471436 -0.0543031 1.95868
0.131084 0.356309 1.97679
0.204701 0.124747 2.04123
0.336846 -0.0415127 2.09278
0.380636 -0.0862388 2.09073
-0.122935 -0.112224 2.02673
-0.133898 -0.358826 2.21575
-0.131597 -0.648059 2.38516
-0.142997 -0.733664 2.3272
0.0219717 -0.10441 2.03567
0.0509626 -0.413585 2.01975
0.0419472 -0.718122 1.9742
0.0567725 -0.792993 1.87364
-0.0381505 0.408231 1.96593
-0.545734 -0.112062 1.98223
-0.467407 -0.0975873 1.93183
0.433181 -0.121172 2.1386
0.384253 -0.107505 2.05745
-0.0777159 -0.105112 2.14354
-0.0697551 0.191481 2.08142
-0.062156 0.478421 2.00748
-0.0346313 0.624441 1.98203
-0.216608 0.36996 1.9933
-0.343659 0.143223 2.03064
-0.471618 -0.0374243 2.0278
-0.499689 -0.0530457 2.03434
0.103947 0.36385 2.03962
0.17438 0.130692 2.09662
0.315572 -0.037361 2.1171
0.334911 -0.0600475 2.11511
-0.148676 -0.107017 2.10627
-0.147904 -0.370442 2.2761
-0.134093 -0.654509 2.40033
-0.142985 -0.736285 2.33165
-0.00416235 -0.0996163 2.10965
0.0335178 -0.403413 2.05448
0.0321438 -0.707691 1.99522
0.0561784 -0.770186 1.883
-0.0640534 0.408126 2.02809
-0.571772 -0.104793 2.05767
-0.494802 -0.0960522 2.00712
0.405767 -0.10983 2.14723
0.343106 -0.0897708 2.07285
-0.0951833 -0.0920455 2.19551
-0.0863531 0.202869 2.13418
-0.0772263 0.487959 2.06038
-0.0541273 0.635967 2.03037
-0.234329 0.380313 2.04937
-0.352283 0.153775 2.09403
-0.480018 -0.0265775 2.09711
-0.508448 -0.0463394 2.10739
0.0886506 0.375342 2.08872
0.159624 0.138574 2.15
0.295629 -0.0338848 2.17004
0.308522 -0.0487571 2.16739
-0.165244 -0.094105 2.15432
-0.156681 -0.371744 2.30334
-0.134139 -0.659936 2.40875
-0.14216 -0.73907 2.33876
-0.0220062 -0.0869863 2.16556
0.01946 -0.385318 2.08166
0.017977 -0.680957 2.04453
0.0544054 -0.749762 1.9359
-0.0795688 0.418128 2.08101
-0.576768 -0.0917936 2.1305
-0.504802 -0.0925606 2.08616
0.380615 -0.100628 2.19851
0.317689 -0.084139 2.12986
-0.104245 -0.0765915 2.22229
-0.0954778 0.219763 2.167
-0.0861806 0.506214 2.0997
-0.0638289 0.652519 2.06716
-0.239947 0.394458 2.08406
-0.351239 0.170026 2.13586
-0.474221 -0.00953678 2.16522
-0.500345 -0.0328066 2.17812
0.0806733 0.390221 2.12732
0.141694 0.161221 2.18951
0.274814 -0.0112798 2.22033
0.292334 -0.0334084 2.22368
-0.174888 -0.0771602 2.18279
-0.159517 -0.366843 2.31675
-0.133795 -0.660833 2.4109
-0.142045 -0.739717 2.33861
-0.0302523 -0.0735515 2.19051
0.00484212 -0.362684 2.10561
0.0110458 -0.688155 2.15285
0.0499513 -0.747641 2.07737
-0.0885891 0.436046 2.11868
-0.571046 -0.0850436 2.21546
-0.49847 -0.0806583 2.1601
0.358975 -0.0860978 2.26321
0.306453 -0.075643 2.1862
-0.108796 -0.0686605 2.24603
-0.0998266 0.228538 2.19737
-0.0903944 0.515836 2.13648
-0.0694835 0.661224 2.10789
-0.246131 0.403809 2.12875
-0.352784 0.177301 2.18196
-0.471898 -0.00146508 2.224
-0.497605 -0.0251354 2.23753
0.0779105 0.397451 2.16067
0.139461 0.167805 2.22849
0.265338 -0.00108769 2.2864
0.290915 -0.0265207 2.28466
-0.179312 -0.0699264 2.20911
-0.159453 -0.357816 2.33187
-0.132728 -0.660931 2.41152
-0.140194 -0.738663 2.33991
-0.0347553 -0.0653562 2.21203
-0.00810928 -0.354585 2.17771
0.00962839 -0.653864 2.34797
0.0413049 -0.734043 2.25503
-0.09283 0.445443 2.15387
-0.559544 -0.0780189 2.27433
-0.498529 -0.0758778 2.221
0.356075 -0.0802098 2.33172
0.304102 -0.0637237 2.24929
-0.10267 -0.0650655 2.26187
-0.0939172 0.232926 2.21724
-0.0849297 0.521012 2.16045
-0.0667816 0.667221 2.13117
-0.243029 0.407972 2.15132
-0.345922 0.181695 2.21038
-0.470058 0.00388308 2.24356
-0.493298 -0.0186436 2.25798
0.0808256 0.402536 2.17778
0.144635 0.171899 2.24636
0.268376 0.0013469 2.30406
0.297308 -0.0234937 2.30524
-0.172634 -0.0672539 2.22599
-0.159617 -0.356582 2.34036
-0.134073 -0.656659 2.41643
-0.138043 -0.738355 2.33898
-0.0294369 -0.0609208 2.22655
-0.0116333 -0.3537 2.24736
0.00789259 -0.653539 2.40416
0.037037 -0.730107 2.32759
-0.0872333 0.450419 2.17681
-0.559814 -0.0669759 2.29095
-0.492453 -0.0638317 2.23237
0.359296 -0.0787642 2.35229
0.30819 -0.0592999 2.27164
-0.0908435 -0.0624434 2.27332
-0.0835487 0.23672 2.231
-0.0759 0.526044 2.17669
-0.0572337 0.672939 2.14901
-0.234989 0.412573 2.16469
-0.335756 0.185948 2.22055
-0.461417 0.0106318 2.25896
-0.482992 -0.0161943 2.2705
0.089627 0.406335 2.19386
0.158636 0.172794 2.26053
0.280212 -0.000292298 2.31569
0.311878 -0.0190631 2.30684
-0.160807 -0.0647818 2.23675
-0.154473 -0.350657 2.34828
-0.134527 -0.652136 2.41954
-0.137933 -0.73747 2.33909
-0.0180195 -0.058166 2.23866
-0.00467387 -0.356808 2.30302
0.00260644 -0.655256 2.41891
0.0255272 -0.730048 2.34557
-0.0778674 0.45513 2.19241
-0.547382 -0.0647759 2.29969
-0.478843 -0.0574932 2.24774
0.376863 -0.0769364 2.35412
0.320098 -0.0500637 2.26891
-0.0682486 -0.0541877 2.28845
-0.0636662 0.244131 2.24727
-0.0586343 0.532734 2.19386
-0.0387982 0.678409 2.16407
-0.214947 0.421463 2.17769
-0.316291 0.191838 2.22979
-0.438672 0.013506 2.26624
-0.459384 -0.0184369 2.26536
0.108201 0.415014 2.21578
0.17883 0.177627 2.27528
0.301199 0.00263012 2.32364
0.351998 -0.0358577 2.3095
-0.138268 -0.0556195 2.24921
-0.139156 -0.345279 2.35264
-0.132529 -0.652487 2.42173
-0.137723 -0.736555 2.34073
0.0041649 -0.0510039 2.2566
0.00520926 -0.357188 2.3419
-0.000696156 -0.651897 2.42507
0.0215899 -0.728346 2.35488
-0.0599566 0.461988 2.20938
-0.526082 -0.0675923 2.29851
-0.452093 -0.065368 2.2475
0.395409 -0.0754904 2.35153
0.346193 -0.0512201 2.27128
-0.0589442 -0.0512025 2.2972
-0.0532943 0.24701 2.25544
-0.0473631 0.535438 2.20151
-0.0249833 0.67891 2.17064
-0.203478 0.423871 2.18388
-0.303575 0.19325 2.23103
-0.423304 0.0104003 2.25663
-0.445107 -0.0213787 2.25365
0.121304 0.416255 2.22553
0.190956 0.179855 2.283
0.313683 0.00490474 2.33065
0.364143 -0.0371941 2.31892
-0.129086 -0.0512163 2.25683
-0.131518 -0.343853 2.35667
-0.129668 -0.650608 2.42227
-0.137711 -0.735683 2.34168
0.0131208 -0.0496137 2.26642
0.0123015 -0.354263 2.35744
-0.000355989 -0.648021 2.43118
0.0196353 -0.727342 2.35591
-0.0488904 0.464742 2.21715
-0.513848 -0.0697097 2.29158
-0.438346 -0.0683112 2.23478
0.409493 -0.0831479 2.37135
0.363526 -0.0619342 2.28522
-0.047589 -0.0495602 2.30415
-0.042799 0.248636 2.26212
-0.0377316 0.536991 2.20791
-0.0151649 0.679834 2.17499
-0.194405 0.424837 2.18972
-0.295583 0.192884 2.23297
-0.41622 0.00906376 2.25024
-0.438379 -0.0185022 2.24744
0.129783 0.416916 2.22947
0.20084 0.180747 2.29013
0.322592 0.00636197 2.34116
0.368054 -0.0381475 2.33245
-0.118235 -0.0492221 2.26391
-0.125928 -0.342763 2.35914
-0.127966 -0.649434 2.42179
-0.137494 -0.734897 2.34228
0.0245298 -0.0483579 2.27308
0.024838 -0.350519 2.37118
0.00502786 -0.643144 2.43532
0.0192044 -0.728498 2.35648
-0.0390386 0.466318 2.22363
-0.506415 -0.0662652 2.27453
-0.433311 -0.0650923 2.23142
0.410656 -0.0817796 2.38499
0.373702 -0.0676623 2.30317
-0.0377191 -0.0495409 2.31042
-0.0336383 0.24864 2.26851
-0.0291929 0.536973 2.21445
-0.00640967 0.677696 2.17872
-0.185941 0.424366 2.19593
-0.288907 0.193309 2.23689
-0.410026 0.00929735 2.25098
-0.432828 -0.0147276 2.25194
0.137727 0.417205 2.23476
0.205846 0.180625 2.29456
0.325363 0.0061814 2.34949
0.366275 -0.040553 2.34032
-0.108552 -0.0487647 2.27035
-0.123109 -0.340979 2.36164
-0.12705 -0.648861 2.4212
-0.137671 -0.733577 2.33926
0.0342947 -0.0487405 2.2792
0.0319403 -0.349201 2.38132
0.00752649 -0.6408 2.43736
0.0202623 -0.727437 2.36428
-0.0303444 0.466302 2.23012
-0.500201 -0.0681525 2.27999
-0.429646 -0.065587 2.22752
0.409941 -0.0864032 2.38652
0.363179 -0.0632223 2.3061
-0.0337285 -0.0490785 2.31264
-0.0303127 0.248429 2.27117
-0.0262991 0.536056 2.21818
-0.000265046 0.67162 2.17659
-0.181809 0.425069 2.19986
-0.282394 0.196698 2.24162
-0.404955 0.0133027 2.2534
-0.430646 -0.0156414 2.26158
0.142377 0.417437 2.23974
0.20771 0.181887 2.29684
0.32573 0.006187 2.35118
0.369318 -0.0413924 2.33869
-0.104842 -0.0478792 2.27277
-0.12112 -0.339593 2.36275
-0.126514 -0.648459 2.42086
-0.13852 -0.734042 2.33999
0.0384775 -0.0487492 2.28124
0.0371841 -0.347291 2.38546
0.00777606 -0.640611 2.43805
0.0201452 -0.728014 2.36367
-0.0272444 0.46561 2.23362
-0.497432 -0.0694165 2.28665
-0.421155 -0.058287 2.24017
0.411905 -0.0901586 2.38535
0.367827 -0.0664582 2.30467
-0.0308634 -0.0486912 2.31853
-0.0264528 0.246348 2.27522
-0.0211434 0.531209 2.22065
0.00400701 0.661608 2.16817
-0.178544 0.425966 2.2033
-0.279472 0.198558 2.24557
-0.399919 0.0144787 2.2625
-0.427803 -0.0139197 2.27248
0.145507 0.416796 2.24392
0.209583 0.182782 2.30286
0.331733 0.00803064 2.352
0.35427 -0.0109476 2.34266
-0.102046 -0.0472128 2.27791
-0.120177 -0.338811 2.36437
-0.125947 -0.648247 2.42045
-0.138849 -0.734018 2.33959
0.0412731 -0.0486764 2.28785
0.0406767 -0.344876 2.38737
0.00832054 -0.640331 2.43868
0.0202685 -0.728242 2.36356
-0.0225375 0.461521 2.23647
-0.497331 -0.0679575 2.29917
-0.417894 -0.0591362 2.25947
0.417997 -0.0772716 2.38299
0.364573 -0.0502001 2.30471
-0.0290073 -0.0479652 2.32637
-0.0246555 0.244702 2.2789
-0.019218 0.527623 2.22175
0.00657147 0.654576 2.16045
-0.176466 0.425844 2.20523
-0.275986 0.202136 2.25191
-0.395956 0.0187568 2.27473
-0.427392 -0.00902633 2.28439
0.14717 0.416022 2.24629
0.211965 0.184253 2.30865
0.33439 0.00915766 2.35624
0.379396 -0.0371294 2.35583
-0.10006 -0.0459906 2.28647
-0.118904 -0.337315 2.36712
-0.126288 -0.646473 2.42095
-0.138756 -0.733928 2.33917
0.0429374 -0.0484441 2.29496
0.0412234 -0.344573 2.39206
0.00904181 -0.640065 2.44033
0.0192011 -0.727087 2.36751
-0.0206658 0.458536 2.23819
-0.49469 -0.0627261 2.30961
-0.418586 -0.051525 2.26784
0.42145 -0.0782484 2.3995
0.372436 -0.0514478 2.32006
-0.0289843 -0.0475539 2.33022
-0.0242487 0.243625 2.2805
-0.0187125 0.524878 2.22126
0.00655598 0.651648 2.15681
-0.175637 0.425606 2.20632
-0.275871 0.203645 2.25536
-0.396719 0.0215569 2.28163
-0.429588 -0.00650326 2.29421
0.14757 0.415761 2.24708
0.213154 0.185598 2.31182
0.33507 0.0115114 2.36321
0.375567 -0.0351694 2.36304
-0.100089 -0.0455509 2.29016
-0.118939 -0.336583 2.36913
-0.12602 -0.646723 2.4216
-0.138023 -0.733432 2.34137
0.0430188 -0.0480838 2.29903
0.0416232 -0.342532 2.39315
0.00907684 -0.639853 2.4407
0.0198103 -0.727064 2.36645
-0.0201909 0.45628 2.23829
-0.49613 -0.0591729 2.32371
-0.425574 -0.0565195 2.27831
0.422615 -0.0788452 2.42184
0.373864 -0.0589613 2.33244
-0.0296357 -0.0474584 2.33251
-0.0241426 0.242709 2.28236
-0.0181601 0.523101 2.222
0.00495069 0.649087 2.15378
-0.176139 0.425346 2.20747
-0.277485 0.203606 2.25829
-0.398358 0.0220045 2.28664
-0.432548 -0.00807352 2.29425
0.147231 0.415804 2.24744
0.211396 0.186882 2.31474
0.330254 0.0136825 2.37384
0.36984 -0.0351606 2.3667
-0.100837 -0.0456743 2.29276
-0.117931 -0.336325 2.37127
-0.12608 -0.646846 2.42219
-0.137708 -0.733154 2.34051
0.0424675 -0.0477531 2.30113
0.0407779 -0.342127 2.3941
0.00920242 -0.639918 2.44096
0.0191153 -0.727548 2.36499
-0.0197274 0.454635 2.2393
-0.498128 -0.062053 2.31997
-0.424141 -0.0551913 2.28042
0.414451 -0.0798674 2.4191
0.364725 -0.0600385 2.33267
-0.0301763 -0.0473925 2.33292
-0.0251154 0.242245 2.28298
-0.019891 0.521926 2.22226
0.00232886 0.646989 2.15219
-0.177837 0.425618 2.20829
-0.279596 0.202487 2.25906
-0.399987 0.0206685 2.28783
-0.433569 -0.0090651 2.29158
0.145625 0.415662 2.24719
0.210335 0.186786 2.31551
0.327306 0.0115686 2.37286
0.346871 -0.0161567 2.36289
-0.101455 -0.0457318 2.29338
-0.118279 -0.336496 2.37259
-0.126103 -0.645868 2.42269
-0.137682 -0.73326 2.34051
0.0419491 -0.0475801 2.30133
0.03834 -0.34372 2.3951
0.00913531 -0.639284 2.44114
0.0184852 -0.728024 2.36541
-0.021227 0.453578 2.23966
-0.502377 -0.0622756 2.32335
-0.427201 -0.0598278 2.27902
0.405718 -0.0774675 2.41286
0.356112 -0.0599348 2.32833
-0.0325404 -0.0469746 2.33238
-0.0294167 0.243441 2.28234
-0.0282712 0.525255 2.22008
-0.00308629 0.650024 2.15485
-0.181997 0.425982 2.20966
-0.28274 0.20181 2.25954
-0.403717 0.0196516 2.28488
-0.435245 -0.0109073 2.28772
0.141952 0.416282 2.24665
0.204901 0.185398 2.31421
0.322152 0.0103284 2.3715
0.360559 -0.0422457 2.35756
-0.103717 -0.0456367 2.29274
-0.118938 -0.336783 2.37298
-0.125832 -0.646187 2.42258
-0.13773 -0.732857 2.3397
0.0395545 -0.0468505 2.30078
0.0345542 -0.345939 2.39561
0.00958293 -0.637072 2.44184
0.018942 -0.727918 2.3671
-0.0283897 0.45615 2.23785
-0.500352 -0.0641505 2.31546
-0.428414 -0.0604614 2.27761
0.406346 -0.0861612 2.41011
0.355668 -0.0659564 2.32381
-0.0348589 -0.0475665 2.33022
-0.031426 0.24352 2.28234
-0.0301902 0.525719 2.22234
-0.00752927 0.65469 2.15917
-0.185918 0.425656 2.21021
-0.286146 0.199328 2.25934
-0.407675 0.0174447 2.28407
-0.438582 -0.0108117 2.28501
0.138571 0.416397 2.24556
0.203037 0.184554 2.31215
0.319956 0.00859664 2.36778
0.35983 -0.0402864 2.34733
-0.105915 -0.0464832 2.29049
-0.119549 -0.337234 2.37283
-0.125738 -0.646233 2.42255
-0.137586 -0.732927 2.34006
0.037189 -0.0471835 2.29864
0.0329895 -0.346945 2.39524
0.00937825 -0.635451 2.44082
0.0196727 -0.727819 2.36547
-0.0303804 0.45651 2.23938
-0.506576 -0.0641305 2.31517
-0.437255 -0.0648945 2.27269
0.401808 -0.0823454 2.39486
0.350489 -0.0538844 2.31094
-0.0444603 -0.0475151 2.32159
-0.0397052 0.245584 2.28016
-0.0371289 0.529474 2.22566
-0.0151767 0.66131 2.16902
-0.193525 0.426028 2.21111
-0.294661 0.197724 2.25727
-0.41685 0.0160039 2.28039
-0.451859 -0.0138044 2.28072
0.13321 0.416228 2.24482
0.199573 0.182729 2.30596
0.318868 0.0069062 2.35773
0.362525 -0.0398025 2.33225
-0.114936 -0.0465368 2.28171
-0.121013 -0.338076 2.37216
-0.125257 -0.646655 2.42218
-0.137443 -0.732783 2.34031
0.0272942 -0.0470996 2.29003
0.0301098 -0.349147 2.39207
0.00998323 -0.635296 2.43963
0.0201532 -0.728939 2.36174
-0.0375847 0.459793 2.24135
-0.514311 -0.0707121 2.30473
-0.442269 -0.056934 2.26284
0.405078 -0.0835742 2.38335
0.358828 -0.0621994 2.295
-0.0476219 -0.0488002 2.31851
-0.0432281 0.245716 2.27979
-0.0413512 0.531007 2.22848
-0.0195926 0.665027 2.17438
-0.196904 0.425375 2.21156
-0.300071 0.196015 2.25635
-0.422005 0.0141612 2.27952
-0.456449 -0.0147367 2.27852
0.1289 0.4157 2.24474
0.198402 0.182224 2.30403
0.320219 0.00603462 2.3498
0.340468 -0.0119259 2.32415
-0.11796 -0.0478319 2.27868
-0.121877 -0.339719 2.37188
-0.125303 -0.645443 2.42262
-0.13754 -0.733138 2.34044
0.0241442 -0.0482994 2.28694
0.0284744 -0.350922 2.39037
0.00942153 -0.63813 2.43933
0.0184292 -0.729756 2.36187
-0.041644 0.460946 2.24327
-0.524624 -0.0703242 2.31172
-0.451207 -0.0584824 2.25595
0.404538 -0.0805415 2.37385
0.350574 -0.0425215 2.28364
-0.0534148 -0.0505252 2.31374
-0.0498824 0.245607 2.27772
-0.0474965 0.532122 2.22922
-0.0282364 0.668724 2.18093
-0.204747 0.423793 2.21248
-0.305503 0.193433 2.25584
-0.431092 0.0133198 2.27449
-0.46206 -0.0162677 2.27332
0.12102 0.416142 2.24463
0.193773 0.1816 2.29971
0.31627 0.00552415 2.34445
0.335056 -0.0121044 2.32056
-0.123348 -0.0499032 2.27449
-0.123407 -0.341576 2.37039
-0.124885 -0.645138 2.42203
-0.137389 -0.733098 2.34014
0.0181216 -0.0495951 2.28151
0.0249564 -0.353144 2.38515
0.00843293 -0.637224 2.43834
0.0173723 -0.729215 2.35984
-0.0480156 0.461827 2.24342
-0.531459 -0.0727092 2.30158
-0.457244 -0.0626021 2.24972
0.397121 -0.0760313 2.36803
0.342027 -0.0364528 2.28101
