-0.251332 0.354642 2.6126
-0.25937 0.677215 2.54056
-0.266514 0.987931 2.45763
-0.252294 1.12559 2.3951
-0.444447 0.885419 2.45343
-0.527701 0.613159 2.59475
-0.561734 0.358276 2.59127
-0.564245 0.28522 2.5823
-0.0778924 0.881134 2.48288
0.0146601 0.635486 2.61323
0.0862066 0.389531 2.62905
0.092743 0.287533 2.62086
-0.331025 0.345969 2.57052
-0.354201 -0.0960454 2.73287
-0.35213 -0.48211 2.82994
-0.359627 -0.554791 2.74729
-0.164357 0.353458 2.58097
-0.131833 -0.0768394 2.73916
-0.113606 -0.471164 2.84068
-0.0864945 -0.550569 2.75727
-0.264888 0.911999 2.48043
-0.561819 0.18101 2.59822
-0.541033 0.271048 2.53411
0.109077 0.179951 2.64832
0.0804509 0.269988 2.57309
-0.251269 0.354515 2.61293
-0.259601 0.677207 2.54075
-0.267127 0.988067 2.45772
-0.253464 1.12539 2.39557
-0.4452 0.88518 2.45298
-0.527787 0.613103 2.59447
-0.561864 0.35832 2.59419
-0.562902 0.289595 2.58265
-0.0787947 0.881648 2.48316
0.0144644 0.635752 2.61333
0.0857215 0.389715 2.62944
0.0934151 0.299669 2.6223
-0.330944 0.345666 2.57074
-0.354079 -0.0963547 2.73287
-0.352103 -0.482162 2.83023
-0.360291 -0.5551 2.74499
-0.164329 0.353443 2.58149
-0.131869 -0.0769206 2.7392
-0.114953 -0.472094 2.84378
-0.086889 -0.545249 2.76245
-0.265407 0.912095 2.48054
-0.56291 0.189266 2.59898
-0.541404 0.269484 2.53609
0.110602 0.19035 2.64169
0.0814737 0.263736 2.57002
-0.251433 0.354538 2.61303
-0.260145 0.677152 2.54087
-0.26803 0.987882 2.45779
-0.254081 1.1254 2.39571
-0.445865 0.885111 2.45304
-0.527922 0.613255 2.59423
-0.56217 0.358526 2.59521
-0.563402 0.288046 2.58676
-0.079542 0.882178 2.48365
0.0140369 0.636181 2.61425
0.0861461 0.39053 2.63174
0.0963818 0.286985 2.62301
-0.331067 0.345703 2.57077
-0.354589 -0.0957966 2.73226
-0.352113 -0.482038 2.83016
-0.360816 -0.555748 2.74516
-0.164665 0.353451 2.58173
-0.132552 -0.0780494 2.73956
-0.114814 -0.471866 2.84314
-0.0809517 -0.548765 2.75623
-0.266245 0.911946 2.48063
-0.561894 0.189406 2.59867
-0.536529 0.256881 2.53186
0.111025 0.179583 2.65734
0.0831164 0.263397 2.57223
-0.251441 0.354553 2.61303
-0.260539 0.677085 2.54086
-0.268984 0.98771 2.45773
-0.255104 1.12523 2.39568
-0.446484 0.88463 2.4532
-0.528202 0.61358 2.59411
-0.562378 0.35881 2.59518
-0.563791 0.289244 2.58462
-0.0801772 0.88243 2.48384
0.0138444 0.636405 2.61435
0.0857735 0.390669 2.6319
0.096477 0.287439 2.62203
-0.331065 0.345662 2.57079
-0.35442 -0.0956689 2.7317
-0.351877 -0.482539 2.83009
-0.360423 -0.555232 2.74564
-0.164696 0.35354 2.58153
-0.132651 -0.0778531 2.73915
-0.115701 -0.47302 2.84326
-0.0811424 -0.551483 2.75065
-0.26707 0.911804 2.48057
-0.564275 0.190217 2.59908
-0.538069 0.254535 2.53479
0.111182 0.178974 2.65696
0.0834533 0.264268 2.56941
-0.251611 0.354521 2.6131
-0.260976 0.677014 2.541
-0.269604 0.987602 2.45791
-0.255874 1.12536 2.39598
-0.447097 0.884451 2.45351
-0.52842 0.613564 2.59415
-0.562463 0.358781 2.59584
-0.564091 0.288767 2.58585
-0.0812038 0.882559 2.48416
0.0135696 0.636596 2.61453
0.0854533 0.390785 2.63179
0.096124 0.289577 2.62462
-0.331256 0.345601 2.57093
-0.354714 -0.0960495 2.7307
-0.351841 -0.482642 2.83007
-0.360571 -0.554965 2.7462
-0.16486 0.353505 2.58147
-0.13318 -0.078449 2.7393
-0.115032 -0.473371 2.84245
-0.0808329 -0.554406 2.74768
-0.267655 0.911705 2.48074
-0.565141 0.190248 2.60355
-0.539367 0.262574 2.53493
0.11166 0.179748 2.64992
0.0832625 0.260808 2.56913
-0.252886 0.354477 2.61298
-0.263249 0.676993 2.54116
-0.272624 0.987624 2.45845
-0.258163 1.12476 2.39574
-0.450018 0.884634 2.45366
-0.529134 0.614188 2.59381
-0.564426 0.35973 2.59837
-0.563589 0.263861 2.5883
-0.0843522 0.881844 2.48273
0.0122796 0.636813 2.61413
0.0847713 0.391141 2.63127
0.0921238 0.288393 2.62149
-0.332435 0.34555 2.57089
-0.356101 -0.0991637 2.71893
-0.351683 -0.482668 2.82977
-0.359838 -0.555046 2.7454
-0.166216 0.353434 2.58116
-0.131885 -0.0800958 2.73943
-0.113529 -0.472365 2.84133
-0.0835935 -0.550909 2.75377
-0.270516 0.911715 2.48118
-0.559756 0.16431 2.61874
-0.54047 0.256483 2.53239
0.109008 0.179831 2.6467
0.0780004 0.271821 2.57145
-0.262545 0.352714 2.6101
-0.273401 0.674919 2.53906
-0.282989 0.985254 2.45717
-0.26889 1.11978 2.39159
-0.460321 0.883155 2.45341
-0.532442 0.615413 2.59304
-0.567064 0.360883 2.59836
-0.560603 0.263793 2.58636
-0.0935268 0.879977 2.48087
0.00440921 0.63628 2.61231
0.0793326 0.391087 2.62746
0.0851946 0.289174 2.61603
-0.341911 0.3441 2.56799
-0.361669 -0.099101 2.70538
-0.352436 -0.481906 2.82873
-0.358558 -0.553156 2.74523
-0.175771 0.351335 2.57816
-0.132767 -0.0821211 2.73047
-0.113093 -0.47164 2.8388
-0.0813808 -0.550519 2.75034
-0.280845 0.909417 2.47966
-0.563776 0.163411 2.6109
-0.470747 0.27465 2.57327
0.102365 0.179026 2.63914
0.0710274 0.264223 2.56583
-0.286713 0.349682 2.60476
-0.299148 0.66823 2.53413
-0.309991 0.974732 2.45255
-0.299484 1.09849 2.37172
-0.489857 0.879369 2.44946
-0.553075 0.614232 2.59129
-0.580236 0.358614 2.59485
-0.588581 0.273941 2.58534
-0.122366 0.87647 2.47516
-0.0189984 0.634654 2.60609
0.059592 0.390261 2.61828
0.0623581 0.286526 2.6036
-0.366214 0.34019 2.56267
-0.369916 -0.100949 2.70305
-0.352596 -0.482119 2.82817
-0.35443 -0.550629 2.75389
-0.19912 0.349184 2.57278
-0.140641 -0.102156 2.69502
-0.113485 -0.470871 2.83145
-0.0819212 -0.551732 2.74782
-0.307577 0.899867 2.47498
-0.582491 0.169871 2.60118
-0.567392 0.255424 2.535
0.0813697 0.179763 2.6322
0.0534798 0.254402 2.5499
-0.30269 0.34937 2.60049
-0.316088 0.663802 2.52608
-0.328061 0.965958 2.44008
-0.318819 1.0856 2.35145
-0.510569 0.875003 2.43877
-0.569225 0.614978 2.58656
-0.594403 0.359112 2.58977
-0.604313 0.276215 2.58157
-0.142535 0.87379 2.46516
-0.0384903 0.634423 2.59639
0.0437082 0.391432 2.611
0.046315 0.288383 2.59858
-0.382204 0.337289 2.55876
-0.377461 -0.0995221 2.70205
-0.3529 -0.482427 2.82803
-0.36079 -0.557087 2.74142
-0.214729 0.351488 2.56816
-0.138675 -0.0789483 2.60582
-0.110674 -0.469024 2.79028
-0.0823754 -0.542844 2.73145
-0.325378 0.892207 2.46368
-0.596464 0.174082 2.60066
-0.579157 0.251413 2.52979
0.0656937 0.184801 2.61826
0.0359228 0.251828 2.543
-0.308348 0.347152 2.59266
-0.324635 0.65933 2.51159
-0.338942 0.959539 2.4188
-0.331798 1.07677 2.32794
-0.520539 0.867989 2.42086
-0.580434 0.611596 2.57425
-0.605864 0.35602 2.58153
-0.609662 0.268518 2.57409
-0.157123 0.870426 2.44366
-0.0497944 0.634954 2.58469
0.0334407 0.392924 2.6047
0.0380046 0.287755 2.59398
-0.388319 0.333573 2.55093
-0.379721 -0.0992299 2.70104
-0.35245 -0.48299 2.82817
-0.360839 -0.555673 2.74357
-0.219689 0.35073 2.56035
-0.145022 -0.10583 2.56352
-0.108704 -0.492725 2.67076
-0.0737716 -0.561025 2.59658
-0.335726 0.88623 2.44407
-0.600863 0.165907 2.59527
-0.586779 0.257731 2.52686
0.057477 0.181884 2.61083
0.0232054 0.253787 2.53736
-0.309294 0.33695 2.56411
-0.322553 0.646274 2.47596
-0.333381 0.94394 2.37634
-0.330501 1.06229 2.28581
-0.519144 0.856314 2.38261
-0.581129 0.602943 2.54383
-0.604546 0.348345 2.56348
-0.603651 0.258996 2.54867
-0.155302 0.858969 2.40638
-0.045939 0.620757 2.55113
0.0367588 0.380139 2.58152
0.0526044 0.275407 2.56877
-0.389203 0.323734 2.52487
-0.379006 -0.102308 2.70239
-0.352695 -0.483514 2.82802
-0.359873 -0.556182 2.74465
-0.220455 0.340445 2.52928
-0.147584 -0.145386 2.51546
-0.103733 -0.528927 2.51839
-0.0722686 -0.58047 2.38993
-0.331057 0.871256 2.40331
-0.595366 0.158154 2.57579
-0.581081 0.244386 2.49991
0.0723672 0.169262 2.59982
0.0414263 0.239601 2.51464
-0.30205 0.320279 2.52536
-0.309125 0.629295 2.43803
-0.314156 0.926526 2.33938
-0.311154 1.04196 2.24235
-0.503457 0.843016 2.34831
-0.563437 0.587551 2.51142
-0.597981 0.334527 2.53268
-0.588981 0.225345 2.51498
-0.136112 0.839056 2.35859
-0.027496 0.602364 2.51084
0.0562478 0.362103 2.54122
0.0733717 0.259378 2.52557
-0.382484 0.307904 2.48671
-0.374711 -0.107708 2.68718
-0.352789 -0.483469 2.82744
-0.359648 -0.555363 2.74592
-0.212714 0.323217 2.48988
-0.147918 -0.185769 2.48024
-0.102885 -0.535372 2.46367
-0.0722468 -0.596329 2.34945
-0.313241 0.85397 2.3661
-0.580994 0.130006 2.5472
-0.567955 0.22097 2.45979
0.095515 0.149822 2.55204
0.0589342 0.22792 2.47758
-0.2814 0.309408 2.47648
-0.283176 0.617867 2.38894
-0.283205 0.914416 2.29012
-0.27935 1.02788 2.19643
-0.473147 0.837464 2.30658
-0.535627 0.575607 2.47514
-0.574947 0.321995 2.4847
-0.571104 0.220025 2.47501
-0.105885 0.826372 2.31115
0.00232056 0.591707 2.45287
0.0814515 0.350222 2.48551
0.0989834 0.246157 2.47485
-0.363329 0.300524 2.43909
-0.360718 -0.121008 2.61973
-0.352944 -0.482386 2.82019
-0.361187 -0.558378 2.73912
-0.190983 0.308951 2.43963
-0.135083 -0.178711 2.44917
-0.0943008 -0.555521 2.44576
-0.0700939 -0.615992 2.3369
-0.283495 0.842051 2.31687
-0.562687 0.127689 2.50839
-0.573283 0.176777 2.45192
0.118612 0.136751 2.50483
0.0839742 0.212375 2.42657
-0.256834 0.309724 2.42834
-0.255055 0.615838 2.34039
-0.2517 0.909817 2.2412
-0.244767 1.01718 2.14452
-0.440774 0.839395 2.26544
-0.51238 0.575581 2.44014
-0.554604 0.322524 2.45174
-0.548068 0.228917 2.44156
-0.0755049 0.822768 2.26244
0.0320597 0.588664 2.39707
0.102934 0.345254 2.43366
0.12111 0.241685 2.42085
-0.339275 0.301493 2.39047
-0.364649 -0.12016 2.52093
-0.356085 -0.477585 2.78822
-0.367854 -0.55456 2.73368
-0.166513 0.308458 2.39195
-0.124999 -0.161294 2.41887
-0.0945808 -0.555416 2.44453
-0.0716725 -0.619644 2.34219
-0.252804 0.838125 2.26804
-0.546355 0.140142 2.46802
-0.506781 0.23301 2.38086
0.139815 0.132897 2.4467
0.107831 0.195742 2.36973
-0.23258 0.308635 2.38326
-0.22589 0.612793 2.29703
-0.218064 0.904722 2.19955
-0.210605 1.00557 2.09527
-0.408941 0.840322 2.22527
-0.484825 0.573423 2.4038
-0.532209 0.321273 2.41614
-0.530688 0.226859 2.40727
-0.042532 0.814723 2.21476
0.0613019 0.577369 2.34255
0.126963 0.326403 2.37366
0.136799 0.22046 2.35992
-0.316625 0.305355 2.34752
-0.369419 -0.0987146 2.37484
-0.362093 -0.444096 2.67328
-0.3802 -0.543575 2.64194
-0.141208 0.302176 2.34461
-0.111956 -0.142135 2.39224
-0.0946899 -0.553566 2.44823
-0.075306 -0.619098 2.35025
-0.220226 0.833558 2.22596
-0.529923 0.14517 2.43118
-0.428747 0.230204 2.31367
0.150249 0.11114 2.37743
0.116726 0.182955 2.30456
-0.226915 0.307774 2.35282
-0.215708 0.61159 2.26768
-0.203487 0.903007 2.1712
-0.197811 1.00239 2.06636
-0.395083 0.841505 2.1952
-0.470794 0.574761 2.37656
-0.518443 0.323073 2.39391
-0.513553 0.242993 2.37898
-0.029403 0.810954 2.18245
0.0724359 0.564046 2.30515
0.130814 0.315315 2.33712
0.135194 0.213551 2.31612
-0.311088 0.306855 2.31734
-0.357856 -0.113045 2.31513
-0.360443 -0.498284 2.56326
-0.379883 -0.58252 2.48242
-0.135519 0.298956 2.31397
-0.107704 -0.140617 2.38299
-0.0947175 -0.551349 2.44811
-0.0756561 -0.619099 2.35216
-0.206732 0.831993 2.19736
-0.51398 0.150218 2.4045
-0.500938 0.227485 2.32521
0.148321 0.101992 2.3376
0.118432 0.174769 2.26425
-0.225282 0.305976 2.33548
-0.212855 0.609863 2.24708
-0.199368 0.90125 2.14741
-0.194687 0.999462 2.04203
-0.392008 0.841496 2.17213
-0.465951 0.57397 2.35177
-0.51293 0.322758 2.37442
-0.511136 0.243363 2.36049
-0.0269174 0.809473 2.15554
0.0741014 0.555667 2.28709
0.125175 0.304456 2.30751
0.127834 0.206626 2.28865
-0.308953 0.305812 2.29965
-0.345736 -0.139761 2.28393
-0.354784 -0.537865 2.4187
-0.359375 -0.624512 2.32422
-0.134432 0.296413 2.29698
-0.107015 -0.147333 2.38001
-0.0929517 -0.548513 2.44414
-0.0754174 -0.621268 2.35449
-0.202925 0.83026 2.17436
-0.514891 0.147924 2.38569
-0.487771 0.238596 2.29923
0.134861 0.0951776 2.30643
0.108759 0.184946 2.23892
-0.227737 0.294371 2.30064
-0.22091 0.600844 2.2142
-0.213432 0.894317 2.11576
-0.205862 0.990913 2.01278
-0.404116 0.832493 2.13521
-0.480801 0.563318 2.3153
-0.524222 0.311556 2.33891
-0.523176 0.230946 2.32649
-0.0359647 0.806664 2.1335
0.0639346 0.552917 2.26485
0.117545 0.302206 2.28537
0.11811 0.20687 2.268
-0.31028 0.291942 2.2617
-0.337201 -0.174138 2.28116
-0.342634 -0.577262 2.34046
-0.343764 -0.648368 2.24096
-0.137762 0.287202 2.26526
-0.10699 -0.158764 2.36867
-0.0939488 -0.551146 2.44563
-0.0742775 -0.622815 2.35181
-0.215422 0.82285 2.14244
-0.522938 0.13126 2.35401
-0.475059 0.214782 2.254
0.129222 0.0933492 2.28271
0.102527 0.181177 2.21929
-0.236038 0.288704 2.2775
-0.236646 0.596944 2.19544
-0.236646 0.892186 2.10166
-0.227978 0.988674 2.00048
-0.426939 0.823081 2.10958
-0.504212 0.560476 2.279
-0.540131 0.308132 2.30757
-0.538825 0.208332 2.29105
-0.0571756 0.807943 2.12506
0.0391848 0.556666 2.26356
0.104583 0.308399 2.28148
0.106287 0.206148 2.27169
-0.318449 0.284261 2.23715
-0.334319 -0.195744 2.28439
-0.340319 -0.580559 2.33622
-0.341592 -0.657298 2.22767
-0.14589 0.283626 2.24349
-0.112597 -0.168389 2.35643
-0.0958541 -0.553508 2.44515
-0.0723709 -0.624008 2.34883
-0.236793 0.820266 2.12712
-0.538303 0.113201 2.32479
-0.43741 0.202663 2.20567
0.119807 0.100906 2.29316
0.0929114 0.188617 2.2187
-0.248205 0.28767 2.26658
-0.260011 0.597397 2.1831
-0.271488 0.894494 2.08882
-0.260327 0.993504 1.99342
-0.456366 0.814244 2.08707
-0.529652 0.556891 2.25048
-0.563642 0.302635 2.26776
-0.549672 0.201843 2.24995
-0.0877978 0.811337 2.11858
0.0109763 0.563293 2.26911
0.083155 0.317555 2.29239
0.0887406 0.216154 2.28954
-0.330606 0.28114 2.22361
-0.339793 -0.190993 2.28181
-0.339011 -0.580797 2.33528
-0.341155 -0.656498 2.23063
-0.157991 0.284549 2.23488
-0.118354 -0.172758 2.34451
-0.0990346 -0.558037 2.44502
-0.0725366 -0.623631 2.34902
-0.268838 0.822099 2.11434
-0.556176 0.10003 2.29657
-0.451909 0.198422 2.1995
0.104145 0.119092 2.31334
0.0795458 0.191065 2.22825
-0.256525 0.287505 2.26501
-0.278868 0.599247 2.17907
-0.300957 0.898672 2.08152
-0.288289 1.00005 1.99058
-0.477015 0.806448 2.07094
-0.554629 0.547694 2.22755
-0.576964 0.291452 2.23963
-0.576024 0.207392 2.22726
-0.115514 0.816772 2.11908
-0.0178496 0.577795 2.27996
0.065803 0.335974 2.30547
0.0747708 0.233774 2.30974
-0.337727 0.278699 2.22001
-0.345486 -0.188477 2.28156
-0.338894 -0.581013 2.33548
-0.340919 -0.654874 2.23506
-0.167937 0.287057 2.23579
-0.119091 -0.17001 2.34339
-0.0966289 -0.545158 2.44019
-0.0691405 -0.620471 2.34875
-0.295695 0.825695 2.10793
-0.566251 0.103502 2.24231
-0.471021 0.205154 2.21675
0.0921943 0.133094 2.33993
0.0687378 0.207152 2.249
-0.264587 0.289783 2.2665
-0.295367 0.605018 2.18427
-0.324589 0.908014 2.09285
-0.31404 1.01777 2.01101
-0.49578 0.805719 2.07289
-0.567445 0.546932 2.21931
-0.586375 0.290018 2.22753
-0.580234 0.197125 2.21744
-0.139203 0.827781 2.13401
-0.0414419 0.59575 2.29333
0.0503482 0.346552 2.32323
0.0640258 0.246339 2.33277
-0.343685 0.277182 2.21982
-0.353727 -0.186856 2.29022
-0.339759 -0.582185 2.33362
-0.340827 -0.656467 2.23536
-0.177723 0.293942 2.23941
-0.119575 -0.129746 2.36956
-0.097177 -0.498388 2.58478
-0.0592701 -0.574082 2.50411
-0.317669 0.834133 2.11751
-0.567455 0.0922307 2.238
-0.552294 0.174867 2.16464
0.0856982 0.14791 2.35483
0.0565555 0.227835 2.27408
-0.266174 0.293732 2.27492
-0.299951 0.612471 2.20065
-0.331434 0.918269 2.11622
-0.322332 1.03796 2.04819
-0.502955 0.810921 2.09654
-0.569089 0.54726 2.22972
-0.587613 0.28981 2.22926
-0.579261 0.201025 2.22689
-0.143099 0.831914 2.1511
-0.0445376 0.600118 2.3079
0.0467809 0.352912 2.33734
0.0627798 0.250538 2.34567
-0.344911 0.279328 2.22905
-0.35859 -0.194122 2.29729
-0.342268 -0.584004 2.33176
-0.340066 -0.658452 2.23329
-0.179156 0.298983 2.24679
-0.115934 -0.0997948 2.41922
-0.093946 -0.458218 2.68417
-0.0469971 -0.54541 2.63477
-0.324 0.843735 2.13925
-0.564095 0.0973081 2.23619
-0.552356 0.181881 2.17238
0.0802979 0.149138 2.37535
0.0534749 0.229473 2.28831
-0.264103 0.299117 2.30711
-0.293844 0.620476 2.23668
-0.320861 0.928807 2.15549
-0.314149 1.05606 2.09205
-0.494801 0.818501 2.14153
-0.558119 0.551094 2.26515
-0.578325 0.293617 2.25624
-0.568108 0.189824 2.25529
-0.133135 0.838073 2.19029
-0.0302964 0.600688 2.33919
0.0506686 0.357066 2.35874
0.0698389 0.256022 2.36684
-0.342586 0.285656 2.26246
-0.358951 -0.195844 2.3103
-0.342507 -0.582115 2.33244
-0.339811 -0.658499 2.2333
-0.177178 0.303042 2.27764
-0.113068 -0.0870042 2.48344
-0.093432 -0.435624 2.77212
-0.0619849 -0.521853 2.71527
-0.314537 0.853626 2.17775
-0.555071 0.0873219 2.27534
-0.543967 0.180207 2.20527
0.0857951 0.149809 2.38885
0.0577888 0.230582 2.31828
-0.251183 0.300753 2.36029
-0.275049 0.622501 2.28765
-0.296694 0.931337 2.20455
-0.288563 1.06658 2.1459
-0.473424 0.82107 2.19455
-0.535981 0.548798 2.31572
-0.558861 0.291652 2.30376
-0.55212 0.192239 2.29924
-0.10655 0.836953 2.24089
-0.004109 0.594796 2.38351
0.0731507 0.349611 2.39875
0.0920739 0.251319 2.40129
-0.330656 0.289767 2.31581
-0.353246 -0.207127 2.33884
-0.344085 -0.583814 2.33268
-0.33938 -0.658414 2.23299
-0.163798 0.302277 2.33057
-0.115122 -0.1056 2.55816
-0.100207 -0.447362 2.80576
-0.0672911 -0.526603 2.74963
-0.291651 0.856009 2.22727
-0.539279 0.0900468 2.31646
-0.527202 0.18135 2.251
0.112119 0.145375 2.42033
0.0799979 0.235394 2.35425
-0.224975 0.299908 2.45583
-0.234121 0.619939 2.37696
-0.241612 0.92762 2.28724
-0.233904 1.06336 2.22033
-0.422452 0.820403 2.27694
-0.495443 0.550849 2.40828
-0.524703 0.294558 2.39388
-0.520576 0.203983 2.38834
-0.0574144 0.830558 2.32143
0.0390453 0.587457 2.45997
0.117045 0.342789 2.47538
0.129714 0.245133 2.46867
-0.307038 0.293154 2.41033
-0.338751 -0.214364 2.39276
-0.346348 -0.580873 2.33761
-0.33926 -0.6509 2.22651
-0.136085 0.29757 2.42699
-0.115897 -0.10529 2.65357
-0.117417 -0.461781 2.86799
-0.0808992 -0.536762 2.79478
-0.240018 0.852518 2.31167
-0.514131 0.100463 2.39817
-0.498885 0.194232 2.33825
0.149501 0.135961 2.49095
0.119416 0.218373 2.419
-0.208527 0.314315 2.51765
-0.210451 0.630375 2.43088
-0.21129 0.934698 2.33353
-0.190976 1.06877 2.26477
-0.386412 0.834075 2.32325
-0.467705 0.568587 2.46085
-0.499981 0.31278 2.4579
-0.495157 0.216734 2.44999
-0.0249904 0.83429 2.36989
0.0678938 0.58652 2.51281
0.140891 0.34055 2.52932
0.153545 0.239292 2.52715
-0.2907 0.310633 2.47256
-0.322249 -0.177601 2.43586
-0.342662 -0.550586 2.37583
-0.345412 -0.605954 2.2482
-0.120176 0.30881 2.48844
-0.105203 -0.0762344 2.68151
-0.117875 -0.459674 2.86983
-0.0814379 -0.536009 2.79779
-0.211291 0.860379 2.35986
-0.490274 0.114457 2.46746
-0.471814 0.205579 2.39514
0.169146 0.133005 2.55584
0.143257 0.21278 2.47218
-0.198045 0.337739 2.56141
-0.193874 0.652179 2.47425
-0.188429 0.954849 2.3763
-0.162664 1.08675 2.30391
-0.361087 0.859792 2.36597
-0.453214 0.593942 2.50034
-0.485062 0.338228 2.50249
-0.480079 0.256823 2.50334
-0.00317401 0.851274 2.41589
0.0818254 0.60346 2.55773
0.153165 0.357431 2.57766
0.161946 0.25752 2.58137
-0.280214 0.335605 2.51527
-0.316127 -0.152592 2.47352
-0.341867 -0.526753 2.48488
-0.347669 -0.595695 2.36692
-0.11013 0.330111 2.53324
-0.100103 -0.058452 2.69651
-0.116575 -0.458124 2.87056
-0.0816835 -0.536227 2.79935
-0.189995 0.880941 2.4028
-0.475648 0.152938 2.52398
-0.45307 0.246707 2.457
0.177301 0.148519 2.60421
0.15274 0.235321 2.53071
-0.190603 0.355855 2.60494
-0.182323 0.668507 2.52031
-0.173003 0.969395 2.4252
-0.147294 1.09384 2.34565
-0.347164 0.878573 2.41455
-0.447276 0.6134 2.54675
-0.483891 0.357972 2.53374
-0.486908 0.276489 2.52939
0.0106836 0.866014 2.46186
0.0923688 0.613237 2.6112
0.154789 0.365499 2.63619
0.160644 0.266955 2.64139
-0.27282 0.355491 2.56033
-0.314605 -0.109348 2.55315
-0.357021 -0.472565 2.70376
-0.348328 -0.561831 2.60602
-0.102954 0.346117 2.57527
-0.101757 -0.057696 2.73211
-0.113221 -0.457764 2.87403
-0.08362 -0.539788 2.80454
-0.1755 0.895924 2.45097
-0.483277 0.177117 2.53734
-0.461909 0.267276 2.48205
0.171119 0.157836 2.6709
0.145563 0.247045 2.58711
-0.190004 0.362268 2.62747
-0.18187 0.674434 2.54247
-0.172926 0.974943 2.44644
-0.145359 1.09752 2.36727
-0.347294 0.885761 2.43731
-0.4487 0.617392 2.57211
-0.491422 0.362961 2.56034
-0.495539 0.285977 2.55681
0.0122636 0.871884 2.48656
0.0913592 0.619198 2.63556
0.149337 0.372323 2.67187
0.156296 0.273378 2.6705
-0.272029 0.361548 2.5817
-0.31878 -0.0970586 2.62421
-0.354396 -0.455694 2.79269
-0.33374 -0.533691 2.75977
-0.102616 0.352755 2.59896
-0.100587 -0.0639643 2.75222
-0.106916 -0.453947 2.88141
-0.0823299 -0.538501 2.80487
-0.175309 0.901552 2.47249
-0.490079 0.179928 2.56609
-0.472384 0.268157 2.50456
0.167296 0.162945 2.70398
0.145945 0.254135 2.61963
-0.196327 0.365305 2.64583
-0.187939 0.677852 2.55973
-0.17875 0.978809 2.46284
-0.153075 1.102 2.38281
-0.354173 0.889343 2.45337
-0.455674 0.620524 2.59026
-0.50143 0.366718 2.58527
-0.505898 0.289906 2.58308
0.00551748 0.874958 2.50194
0.0836226 0.62604 2.65193
0.143506 0.378077 2.67995
0.146863 0.274323 2.68577
-0.277573 0.363519 2.60054
-0.325471 -0.0951179 2.69371
-0.351689 -0.455569 2.84477
-0.337029 -0.536911 2.78683
-0.109578 0.356837 2.61685
-0.098652 -0.0371388 2.76115
-0.10179 -0.454169 2.88601
-0.0855773 -0.538799 2.80995
-0.181192 0.905296 2.48908
-0.50235 0.186092 2.60058
-0.484561 0.284701 2.53952
0.157111 0.168459 2.72682
0.135646 0.253674 2.63133
-0.207461 0.363661 2.65744
-0.205108 0.675963 2.57338
-0.202236 0.976901 2.47823
-0.180316 1.10106 2.39782
-0.3812 0.888786 2.47167
-0.476206 0.615487 2.61163
-0.518325 0.361157 2.61037
-0.525761 0.291727 2.60909
-0.0193429 0.87496 2.51433
0.0652918 0.623879 2.66157
0.126074 0.37589 2.68839
0.12524 0.272922 2.68369
-0.288274 0.359867 2.61212
-0.330552 -0.0903837 2.73373
-0.340589 -0.4634 2.87377
-0.340531 -0.53717 2.80193
-0.121032 0.357233 2.62858
-0.107327 -0.0577137 2.78629
-0.0986023 -0.454244 2.89149
-0.0885863 -0.534696 2.81681
-0.203101 0.903369 2.50407
-0.52476 0.185515 2.62566
-0.505416 0.277459 2.55893
0.13969 0.162704 2.7087
0.115671 0.243261 2.62855
-0.231394 0.363774 2.65796
-0.233636 0.675965 2.57782
-0.235222 0.976846 2.4871
-0.218196 1.10241 2.40287
-0.415999 0.890351 2.48133
-0.497499 0.619815 2.62176
-0.533621 0.364776 2.62597
-0.544021 0.29018 2.61744
-0.0486958 0.877548 2.51659
0.0357737 0.632148 2.65494
0.10118 0.385138 2.68109
0.101903 0.280344 2.67288
-0.312342 0.357761 2.61369
-0.337944 -0.0936274 2.74213
-0.341027 -0.463961 2.87628
-0.342328 -0.540512 2.79902
-0.144094 0.359598 2.62801
-0.118201 -0.0775477 2.7617
-0.102324 -0.455122 2.8902
-0.088065 -0.534916 2.81675
-0.234998 0.903318 2.51179
-0.540151 0.184845 2.63888
-0.524343 0.267072 2.56638
0.117309 0.167842 2.69742
0.0911888 0.248523 2.61878
-0.258182 0.361154 2.65206
-0.262237 0.672765 2.57471
-0.265175 0.97295 2.48652
-0.259724 1.09755 2.40319
-0.447987 0.883541 2.48247
-0.518985 0.61872 2.62462
-0.547622 0.362722 2.62965
-0.558328 0.264862 2.61853
-0.0846414 0.876971 2.51332
0.0114133 0.638932 2.6473
0.0783871 0.391825 2.67056
0.0786896 0.288848 2.65483
-0.339552 0.352046 2.60847
-0.347172 -0.0893089 2.74622
-0.342887 -0.465621 2.87947
-0.346955 -0.543794 2.79666
-0.169766 0.360067 2.62142
-0.116026 -0.0664696 2.65033
-0.106965 -0.455064 2.85882
-0.082395 -0.530637 2.80119
-0.264666 0.899603 2.5106
-0.549635 0.164697 2.64505
-0.540084 0.254516 2.56744
0.0950679 0.180914 2.66233
0.0635291 0.252084 2.604
-0.272449 0.35976 2.64472
-0.281119 0.669965 2.56821
-0.288539 0.968644 2.48091
-0.290518 1.08879 2.39011
-0.473373 0.875899 2.47606
-0.533362 0.611173 2.61981
-0.561001 0.35527 2.6274
-0.56734 0.283142 2.61671
-0.10657 0.878887 2.50787
-0.0042187 0.639937 2.63977
0.0619174 0.391991 2.6588
0.0639072 0.294662 2.64344
-0.352839 0.347764 2.6022
-0.353396 -0.0880479 2.74564
-0.344159 -0.46006 2.87958
-0.348924 -0.542795 2.79705
-0.1847 0.361785 2.61287
-0.113856 -0.0674398 2.58656
-0.103408 -0.468057 2.75095
-0.0567729 -0.55003 2.68585
-0.286943 0.895677 2.50477
-0.56363 0.174787 2.63059
-0.544714 0.250606 2.56369
0.0811973 0.187463 2.65604
0.051415 0.255229 2.5865
-0.282784 0.351236 2.62249
-0.296037 0.657934 2.5382
-0.307937 0.952855 2.44202
-0.310735 1.06811 2.34693
-0.48994 0.865622 2.45037
-0.540911 0.602322 2.60218
-0.564155 0.346382 2.61506
-0.566098 0.272103 2.59837
-0.125235 0.87249 2.46984
-0.0140912 0.631792 2.617
0.0566606 0.386205 2.6438
0.0609662 0.293116 2.62558
-0.363268 0.338238 2.58293
-0.356584 -0.0937404 2.74606
-0.345254 -0.466627 2.88108
-0.347942 -0.544755 2.79713
-0.194306 0.354392 2.58775
-0.115197 -0.102359 2.52789
-0.0853071 -0.503176 2.55352
-0.0535583 -0.55957 2.45313
-0.305243 0.880855 2.46819
-0.558878 0.166999 2.61934
-0.541999 0.246033 2.5444
0.0770797 0.183868 2.63937
0.039927 0.260669 2.57721
-0.282616 0.334864 2.58743
-0.291499 0.640692 2.49895
-0.298359 0.935095 2.39913
-0.303821 1.04387 2.29732
-0.484286 0.849118 2.40913
-0.533577 0.588735 2.57501
-0.55905 0.332844 2.58617
-0.555701 0.24174 2.57371
-0.120127 0.856295 2.42092
-0.0097135 0.621012 2.57594
0.0617092 0.372464 2.61237
0.0720438 0.277099 2.60248
-0.363098 0.322498 2.54978
-0.356749 -0.0982813 2.74078
-0.344397 -0.465074 2.88015
-0.349111 -0.545679 2.79557
-0.194008 0.337637 2.55084
-0.119225 -0.134287 2.49653
-0.072947 -0.532097 2.45487
-0.047817 -0.572574 2.34382
-0.296971 0.8632 2.42615
-0.54564 0.137945 2.60028
-0.538303 0.219376 2.5171
0.0875324 0.168671 2.6276
0.0552974 0.236098 2.553
-0.273106 0.314959 2.53604
-0.274629 0.618792 2.44839
-0.274493 0.911033 2.3493
-0.275767 1.01774 2.24006
-0.461505 0.834897 2.36156
-0.514151 0.569742 2.53372
-0.543715 0.315471 2.55543
-0.538488 0.216299 2.53839
-0.0962187 0.83077 2.36581
0.0161993 0.594361 2.52253
0.0802271 0.350783 2.56886
0.093916 0.24887 2.56021
-0.355181 0.306483 2.50079
-0.351848 -0.105559 2.703
-0.345216 -0.46495 2.87932
-0.349361 -0.545732 2.79098
-0.182942 0.313997 2.49688
-0.117413 -0.171693 2.46261
-0.0744714 -0.530484 2.44083
-0.0495784 -0.591901 2.31807
-0.274813 0.8397 2.37615
-0.527584 0.123299 2.56783
-0.522075 0.210366 2.4865
0.109588 0.140879 2.58943
0.0763101 0.214361 2.51279
-0.249264 0.302604 2.47601
-0.245494 0.605136 2.38567
-0.240354 0.89597 2.28408
-0.234382 1.00028 2.17698
-0.426915 0.829361 2.30477
-0.486021 0.558456 2.47891
-0.522274 0.305436 2.5036
-0.517529 0.229411 2.49298
-0.0623184 0.814554 2.3074
0.0415545 0.575821 2.4612
0.105369 0.332208 2.50779
0.117097 0.226861 2.49724
-0.332609 0.295109 2.43859
-0.339504 -0.114479 2.62272
-0.344041 -0.469546 2.86408
-0.351003 -0.545958 2.78705
-0.158408 0.301011 2.43909
-0.102056 -0.186414 2.41802
-0.0656992 -0.550614 2.41437
-0.0461873 -0.618992 2.31083
-0.241877 0.82501 2.31154
-0.512566 0.123064 2.52745
-0.499611 0.211295 2.43795
0.133446 0.122322 2.52571
0.0980265 0.194129 2.44687
-0.219097 0.3054 2.40453
-0.20776 0.60561 2.31365
-0.195372 0.893814 2.21134
-0.188102 0.991425 2.10177
-0.384887 0.835098 2.24105
-0.457151 0.570543 2.41313
-0.502929 0.318305 2.43301
-0.501347 0.240863 2.4234
-0.0213488 0.81293 2.23604
0.0798788 0.552942 2.38417
0.129687 0.303478 2.41903
0.131248 0.216081 2.40293
-0.302933 0.302063 2.36763
-0.345937 -0.116828 2.46634
-0.355771 -0.453331 2.77338
-0.360796 -0.540798 2.74196
-0.128443 0.29918 2.36686
-0.0932552 -0.170074 2.38658
-0.0675531 -0.557202 2.41436
-0.0462279 -0.624728 2.31281
-0.198655 0.823557 2.23898
-0.4976 0.143578 2.44335
-0.486668 0.235215 2.37248
0.139322 0.110517 2.42631
0.10973 0.184699 2.3553
-0.203602 0.30658 2.36319
-0.190795 0.605504 2.27508
-0.17723 0.892127 2.17526
-0.170792 0.987815 2.06321
-0.367484 0.839387 2.20853
-0.441765 0.572651 2.37443
-0.492304 0.321171 2.39361
-0.483611 0.22755 2.376
-0.00321385 0.809738 2.19231
0.0936376 0.556509 2.32458
0.137928 0.304352 2.35423
0.142811 0.207867 2.33792
-0.287616 0.306772 2.32625
-0.339609 -0.0993909 2.357
-0.358088 -0.440756 2.65877
-0.381836 -0.54248 2.62305
-0.113146 0.296729 2.32571
-0.0869544 -0.164269 2.37183
-0.0675125 -0.557595 2.41486
-0.0456899 -0.627377 2.31376
-0.180769 0.822298 2.2023
-0.490869 0.142837 2.41026
-0.394106 0.243641 2.2855
0.148754 0.0971265 2.3537
0.117439 0.180072 2.28929
-0.200781 0.307457 2.33378
-0.185342 0.606892 2.24551
-0.169086 0.893897 2.14597
-0.165283 0.987273 2.03668
-0.36051 0.841257 2.18166
-0.433804 0.574132 2.34755
-0.484924 0.322357 2.36427
-0.486559 0.225469 2.35241
0.0054769 0.808502 2.16126
0.102345 0.548992 2.29394
0.148396 0.295419 2.30702
0.152471 0.21033 2.28782
-0.284393 0.308543 2.2988
-0.333353 -0.115277 2.30357
-0.349413 -0.491308 2.52588
-0.376709 -0.581055 2.44531
-0.110763 0.296543 2.29439
-0.0834273 -0.160896 2.36095
-0.0677142 -0.55723 2.41575
-0.0460878 -0.62748 2.31625
-0.173297 0.823992 2.17289
-0.485177 0.146124 2.37164
-0.476407 0.2278 2.295
0.159486 0.0988991 2.2957
0.133151 0.167977 2.23592
-0.199984 0.304569 2.30667
-0.185497 0.605855 2.21935
-0.170313 0.894522 2.12076
-0.169125 0.985367 2.01559
-0.361553 0.838656 2.15263
-0.433002 0.568959 2.3234
-0.482721 0.316624 2.33835
-0.487306 0.233466 2.32746
0.00455633 0.808974 2.13519
0.104498 0.55691 2.26318
0.152743 0.304789 2.28616
0.161176 0.210479 2.26435
-0.283231 0.305552 2.27049
-0.325364 -0.151062 2.28266
-0.344248 -0.547028 2.3738
-0.357736 -0.630977 2.27404
-0.110262 0.293763 2.26852
-0.082161 -0.164297 2.35405
-0.0674961 -0.55772 2.41579
-0.0468084 -0.628119 2.32304
-0.174245 0.824224 2.14744
-0.486264 0.138657 2.34783
-0.478544 0.218033 2.27293
0.170084 0.0985463 2.27851
0.142835 0.179812 2.21732
-0.204501 0.29113 2.27123
-0.197308 0.597515 2.19087
-0.189351 0.890342 2.09757
-0.188773 0.983578 1.99427
-0.382361 0.827372 2.1201
-0.44934 0.557329 2.28709
-0.491404 0.30424 2.30843
-0.485271 0.20657 2.29026
-0.0101501 0.805975 2.11611
0.0938518 0.564556 2.2434
0.154438 0.315856 2.27179
0.164426 0.21343 2.26063
-0.286802 0.288976 2.233
-0.318216 -0.184878 2.27487
-0.332009 -0.579408 2.32241
-0.342996 -0.655953 2.21597
-0.115495 0.283676 2.23498
-0.0811902 -0.174854 2.34354
-0.0661557 -0.56003 2.41456
-0.0459109 -0.629805 2.3225
-0.191397 0.819053 2.12304
-0.490058 0.111696 2.32033
-0.396592 0.196043 2.19625
0.179197 0.0995514 2.28256
0.147534 0.184592 2.20992
-0.215338 0.286557 2.25026
-0.218093 0.596158 2.17499
-0.221721 0.892897 2.08825
-0.216862 0.990702 1.99031
-0.407773 0.819231 2.09705
-0.472762 0.552489 2.25689
-0.506616 0.2981 2.27864
-0.498516 0.197347 2.26135
-0.0380392 0.808106 2.10916
0.0672202 0.569977 2.24686
0.144277 0.325547 2.27318
0.15107 0.224652 2.26959
-0.297631 0.281928 2.21001
-0.318627 -0.195848 2.27067
-0.329064 -0.58374 2.32296
-0.339591 -0.659374 2.21317
-0.125924 0.281596 2.21609
-0.0842003 -0.17891 2.32317
-0.0647857 -0.563919 2.41184
-0.044035 -0.630904 2.31878
-0.22085 0.820571 2.11185
-0.501322 0.0999494 2.30496
-0.410115 0.18588 2.17218
0.171134 0.114823 2.30029
0.139302 0.198271 2.22189
-0.234068 0.286739 2.23881
-0.250366 0.60019 2.16317
-0.265901 0.900936 2.07657
-0.260877 1.01042 1.99874
-0.445949 0.809219 2.06914
-0.508241 0.544593 2.22279
-0.532243 0.28802 2.23662
-0.527956 0.180954 2.22646
-0.0807617 0.814661 2.10619
0.0193398 0.581858 2.26384
0.107732 0.340462 2.29204
0.113804 0.23717 2.29389
-0.315512 0.279132 2.19573
-0.329005 -0.19382 2.26614
-0.328355 -0.586239 2.32315
-0.338647 -0.659725 2.21307
-0.145314 0.284879 2.20753
-0.0927152 -0.178683 2.3039
-0.0670604 -0.562285 2.4068
-0.0442479 -0.629552 2.31473
-0.262276 0.827649 2.1002
-0.512299 0.081925 2.25813
-0.503581 0.172592 2.17208
0.133874 0.133439 2.32192
0.102102 0.215632 2.23825
-0.243251 0.288215 2.2409
-0.268432 0.60479 2.16563
-0.292517 0.908858 2.07946
-0.287148 1.02629 2.01264
-0.465399 0.805734 2.06287
-0.524689 0.542914 2.20623
-0.542239 0.285438 2.21704
-0.533571 0.177624 2.2056
-0.106869 0.821719 2.11411
-0.00711053 0.591231 2.27456
0.0772605 0.349723 2.31362
0.0862747 0.245499 2.3187
-0.322943 0.277976 2.19643
-0.334011 -0.189998 2.26691
-0.328692 -0.58628 2.32354
-0.338537 -0.660402 2.21338
-0.156115 0.289482 2.2114
-0.0958379 -0.169756 2.31397
-0.0717485 -0.536695 2.44422
-0.0367737 -0.603516 2.36523
-0.286809 0.834735 2.10295
-0.515797 0.0798247 2.2275
-0.505081 0.162175 2.15147
0.106113 0.141935 2.35527
0.0766207 0.223064 2.26562
-0.24845 0.290843 2.2459
-0.279139 0.611216 2.17662
-0.307963 0.918875 2.09742
-0.304294 1.04329 2.04148
-0.479606 0.808156 2.08026
-0.532782 0.539294 2.20972
-0.545294 0.280963 2.21337
-0.535766 0.178055 2.20443
-0.118948 0.829043 2.12912
-0.01817 0.59347 2.29097
0.0628395 0.352539 2.33015
0.0721883 0.252712 2.33903
-0.327163 0.278413 2.20124
-0.336714 -0.188304 2.26816
-0.328582 -0.586821 2.32392
-0.338475 -0.661356 2.21258
-0.16192 0.294158 2.2166
-0.0994634 -0.129439 2.35585
-0.0820746 -0.488486 2.58677
-0.0346375 -0.572754 2.51953
-0.301146 0.843872 2.1191
-0.518971 0.0755207 2.22707
-0.511422 0.160947 2.14828
0.0916959 0.148932 2.36356
0.0628967 0.220547 2.28906
-0.250959 0.296584 2.26656
-0.280552 0.618997 2.20704
-0.307412 0.928097 2.13706
-0.3067 1.06219 2.08663
-0.484916 0.815165 2.12182
-0.532565 0.537629 2.23915
-0.545323 0.278979 2.23207
-0.533559 0.176901 2.22811
-0.119538 0.834361 2.16851
-0.0177092 0.593995 2.31633
0.0615277 0.351313 2.34952
0.0762648 0.25132 2.35788
-0.329156 0.282877 2.22326
-0.339544 -0.18998 2.27298
-0.329526 -0.586513 2.32203
-0.337974 -0.661676 2.21113
-0.164628 0.300653 2.23571
-0.0996241 -0.0921287 2.41633
-0.0824418 -0.435731 2.69901
-0.0287489 -0.529616 2.67918
-0.301119 0.852749 2.15649
-0.518396 0.0773762 2.24436
-0.511927 0.172672 2.17525
0.0958735 0.148273 2.37849
0.0637479 0.222536 2.30562
-0.236538 0.301867 2.34137
-0.261047 0.625271 2.27978
-0.283394 0.935629 2.20745
-0.28378 1.07645 2.15734
-0.464372 0.820133 2.19174
-0.51287 0.534557 2.30331
-0.527276 0.276109 2.28935
-0.520868 0.190081 2.29003
-0.099606 0.835515 2.23169
0.00526409 0.590392 2.37222
0.0832652 0.345649 2.3943
0.101242 0.249248 2.39634
-0.315907 0.290592 2.29847
-0.333882 -0.202054 2.2987
-0.330578 -0.588596 2.3205
-0.337263 -0.663029 2.21011
-0.149677 0.303584 2.31005
-0.0998829 -0.103867 2.54507
-0.106896 -0.446872 2.83109
-0.0422894 -0.527491 2.75772
-0.278159 0.859926 2.2275
-0.505571 0.0874034 2.29394
-0.499596 0.17813 2.24314
0.120208 0.145155 2.4164
0.0866017 0.220274 2.34679
-0.216889 0.298777 2.42369
-0.234592 0.620738 2.34978
-0.250708 0.930156 2.26612
-0.248897 1.07411 2.21673
-0.42786 0.814765 2.26016
-0.488282 0.544613 2.37625
-0.510073 0.286826 2.36379
-0.503757 0.196819 2.35518
-0.064987 0.826897 2.30062
0.0396028 0.589203 2.44688
0.112457 0.341028 2.44694
0.128687 0.238527 2.44317
-0.298451 0.290364 2.37887
-0.323993 -0.221029 2.34284
-0.329943 -0.591443 2.32193
-0.336596 -0.662368 2.20967
-0.128616 0.297935 2.39421
-0.106653 -0.101761 2.61594
-0.108857 -0.461191 2.84786
-0.0526271 -0.533504 2.78216
-0.246981 0.854643 2.28893
-0.491222 0.0904434 2.35366
-0.485859 0.189375 2.30946
0.141891 0.134688 2.46081
0.120983 0.225669 2.3908
-0.203647 0.307427 2.50385
-0.209348 0.625975 2.42125
-0.213875 0.932546 2.32815
-0.201765 1.07851 2.277
-0.389379 0.823451 2.31994
-0.452667 0.560112 2.46763
-0.476871 0.293284 2.45293
-0.466967 0.208875 2.45237
-0.0287345 0.830017 2.3688
0.0711044 0.58673 2.51568
0.13918 0.337162 2.50993
0.149656 0.235902 2.49733
-0.285884 0.301531 2.45785
-0.315892 -0.191979 2.41515
-0.332945 -0.568053 2.36012
-0.336568 -0.609966 2.23853
-0.115353 0.304156 2.47549
-0.0962195 -0.0758123 2.66972
-0.115619 -0.460886 2.86951
-0.0632765 -0.535033 2.80557
-0.212975 0.857684 2.35339
-0.45927 0.101657 2.465
-0.396287 0.194555 2.40911
0.158259 0.137197 2.50669
0.147952 0.228952 2.44439
-0.193929 0.333317 2.56267
-0.192661 0.650453 2.47399
-0.190608 0.955853 2.37482
-0.166765 1.0968 2.32288
-0.363431 0.849933 2.36596
-0.436584 0.58919 2.51496
-0.464008 0.333466 2.53082
-0.453562 0.237445 2.52771
-0.006154 0.847768 2.42215
0.0810504 0.599585 2.56756
0.149145 0.350204 2.5662
0.159679 0.244309 2.57087
-0.275445 0.328979 2.5146
-0.310775 -0.160222 2.46378
-0.323307 -0.527696 2.44177
-0.342961 -0.584343 2.31544
-0.106787 0.327982 2.53647
-0.0936332 -0.0629621 2.70398
-0.105284 -0.454735 2.87507
-0.0641271 -0.535471 2.80905
-0.191292 0.881258 2.40159
-0.44428 0.143452 2.54152
-0.388975 0.236569 2.47792
0.168203 0.146117 2.59532
0.15972 0.245918 2.50612
-0.189322 0.359547 2.61549
-0.181025 0.676207 2.52715
-0.171868 0.981058 2.42775
-0.144725 1.12303 2.38051
-0.347248 0.877805 2.42256
-0.441058 0.615868 2.56307
-0.473364 0.360261 2.57448
-0.473811 0.263719 2.57569
0.0088622 0.864266 2.47375
0.0881061 0.61687 2.62512
0.145069 0.366755 2.64709
0.153922 0.261517 2.64871
-0.271167 0.357381 2.56966
-0.317892 -0.126156 2.54162
-0.352676 -0.495478 2.63727
-0.352295 -0.569336 2.5332
-0.102114 0.351489 2.58701
-0.0930822 -0.0463509 2.72967
-0.100863 -0.448101 2.87891
-0.0675842 -0.532662 2.81412
-0.174308 0.906606 2.45464
-0.46369 0.167236 2.60196
-0.450136 0.25532 2.52085
0.160526 0.158299 2.67898
0.14972 0.247422 2.59169
-0.189399 0.369024 2.64015
-0.180469 0.687142 2.5559
-0.170838 0.99361 2.46073
-0.142066 1.1334 2.41204
-0.345634 0.889321 2.4499
-0.445797 0.622425 2.5853
-0.481564 0.366663 2.58814
-0.486439 0.275152 2.58658
0.012232 0.871378 2.50662
0.089977 0.614367 2.65263
0.140834 0.363806 2.68038
0.148052 0.261506 2.68824
-0.270917 0.367776 2.59363
-0.322789 -0.097255 2.6017
-0.366301 -0.455093 2.77805
-0.375244 -0.549805 2.69336
-0.102605 0.359894 2.61251
-0.0951139 -0.0363598 2.75196
-0.0980403 -0.447308 2.8816
-0.0672574 -0.529879 2.81158
-0.173378 0.918734 2.48655
-0.480065 0.181679 2.60062
-0.462147 0.258765 2.53114
0.150286 0.161889 2.72155
0.137945 0.249068 2.63735
-0.19438 0.374377 2.65692
-0.186663 0.692774 2.57395
-0.178291 0.999628 2.47999
-0.147854 1.14102 2.43327
-0.352054 0.895348 2.46885
-0.451619 0.626957 2.59811
-0.488131 0.370984 2.59386
-0.493074 0.287495 2.59002
0.00469211 0.87768 2.52565
0.0799175 0.621766 2.67211
0.135433 0.371626 2.69628
0.139091 0.270553 2.70069
-0.274941 0.373271 2.60994
-0.332524 -0.0711937 2.65159
-0.371939 -0.430722 2.86563
-0.35648 -0.522011 2.79778
-0.10842 0.365007 2.62966
-0.0987668 -0.0408893 2.77502
-0.0963181 -0.445885 2.88547
-0.0671587 -0.529086 2.81105
-0.180518 0.924644 2.50552
-0.484552 0.183683 2.60981
-0.473764 0.263434 2.532
0.148067 0.168164 2.7197
0.130905 0.257952 2.64293
-0.21263 0.374981 2.67134
-0.209864 0.692103 2.59122
-0.206672 0.997387 2.50015
-0.177974 1.14062 2.45049
-0.382241 0.896925 2.48998
-0.471465 0.625598 2.61466
-0.501922 0.368704 2.60169
-0.511444 0.277568 2.59498
-0.020218 0.881611 2.539
0.058507 0.628585 2.6798
0.118102 0.379064 2.70212
0.117073 0.276709 2.69606
-0.292989 0.371659 2.62561
-0.345353 -0.0782944 2.74065
-0.363432 -0.453079 2.90388
-0.35609 -0.52936 2.83309
-0.126463 0.367848 2.64291
-0.10372 -0.0526754 2.78854
-0.0959058 -0.44641 2.88935
-0.0711427 -0.526622 2.81574
-0.207601 0.922813 2.52496
-0.500975 0.178188 2.61201
-0.492704 0.275057 2.5453
0.125627 0.168052 2.7177
0.108121 0.256347 2.642
-0.236904 0.371631 2.67694
-0.240279 0.688812 2.59884
-0.242623 0.994441 2.50978
-0.219599 1.13336 2.45394
-0.420266 0.89386 2.50437
-0.493021 0.625959 2.62515
-0.51921 0.368594 2.6164
-0.523093 0.291838 2.60749
-0.0563548 0.881411 2.5449
0.0275157 0.635247 2.67527
0.0961594 0.387618 2.69565
0.0957667 0.288163 2.68263
-0.316593 0.36495 2.63227
-0.349003 -0.0832062 2.77261
-0.355968 -0.457561 2.91423
-0.35315 -0.531115 2.83753
-0.150738 0.367943 2.6475
-0.11256 -0.0529691 2.7851
-0.0976041 -0.447463 2.8888
-0.0741989 -0.524324 2.81942
-0.242242 0.919751 2.53409
-0.524668 0.185451 2.61521
-0.515837 0.276113 2.55414
0.111024 0.175781 2.6957
0.0876671 0.259983 2.633
-0.264049 0.368924 2.67261
-0.269635 0.684609 2.59844
-0.273923 0.988761 2.5134
-0.263744 1.12518 2.44626
-0.45733 0.88924 2.50901
-0.518141 0.626808 2.63541
-0.5354 0.36866 2.62695
-0.532945 0.292273 2.62064
-0.0917545 0.881918 2.53801
2.4455e-005 0.642497 2.66631
0.0672465 0.393789 2.68025
0.0672611 0.292256 2.66456
-0.344291 0.360107 2.62955
-0.359472 -0.0814985 2.77776
-0.358853 -0.459008 2.91465
-0.365355 -0.536067 2.82977
-0.176649 0.36742 2.64154
-0.129886 -0.0755223 2.72424
-0.106219 -0.445579 2.877
-0.0738635 -0.523942 2.81513
-0.273097 0.914429 2.5367
-0.542172 0.184837 2.618
-0.561317 0.297212 2.58964
0.0797563 0.181272 2.67742
0.0528782 0.267319 2.61331
-0.282693 0.367324 2.66733
-0.293247 0.680825 2.59279
-0.302375 0.982622 2.50721
-0.29567 1.11497 2.43337
-0.48575 0.881495 2.50599
-0.537278 0.616554 2.64012
-0.555175 0.358576 2.63444
-0.55297 0.259462 2.63132
-0.118281 0.879457 2.53238
-0.0188406 0.642921 2.66103
0.044564 0.392385 2.66549
0.0414427 0.290183 2.64229
-0.362628 0.355722 2.62585
-0.367428 -0.0842674 2.77832
-0.362833 -0.459074 2.91511
-0.366552 -0.536595 2.83021
-0.195129 0.368705 2.63465
-0.118498 -0.069965 2.63681
-0.105485 -0.454069 2.81732
-0.06427 -0.529785 2.75
-0.300369 0.908891 2.53066
-0.54551 0.156175 2.64827
-0.581268 0.259796 2.60881
0.0521879 0.18049 2.66026
0.0269223 0.259781 2.59082
-0.292623 0.364281 2.6496
-0.307464 0.67607 2.5695
-0.320569 0.976302 2.47819
-0.316561 1.10822 2.40493
-0.502794 0.875009 2.47497
-0.550365 0.609656 2.62172
-0.564065 0.352304 2.63264
-0.559298 0.246439 2.61758
-0.137096 0.879236 2.5068
-0.0341859 0.641409 2.64075
0.0310692 0.391442 2.64715
0.0303889 0.312506 2.62228
-0.372551 0.350783 2.60818
-0.368972 -0.0827006 2.775
-0.361172 -0.460674 2.91645
-0.365902 -0.536615 2.83188
-0.204579 0.367593 2.61693
-0.119164 -0.0869468 2.56688
-0.0887992 -0.482919 2.63563
-0.0498657 -0.547852 2.55078
-0.317612 0.902951 2.50308
-0.544528 0.149507 2.6448
-0.575513 0.22545 2.59529
0.0453638 0.19911 2.6177
0.00931164 0.276259 2.56925
-0.293027 0.352908 2.61896
-0.305903 0.663485 2.53326
-0.316525 0.962473 2.43616
-0.314414 1.09764 2.3658
-0.498177 0.860783 2.43493
-0.547984 0.598821 2.58362
-0.563955 0.34207 2.59935
-0.552875 0.234519 2.58158
-0.13542 0.866731 2.4677
-0.0326978 0.629181 2.6102
0.0321933 0.379394 2.62015
0.0363416 0.295922 2.59994
-0.372906 0.339291 2.57942
-0.367269 -0.0825515 2.76771
-0.360386 -0.461669 2.91574
-0.358765 -0.536202 2.83994
-0.204852 0.356592 2.58439
-0.118474 -0.105414 2.52594
-0.067073 -0.501018 2.50261
-0.0361279 -0.549316 2.4004
-0.314229 0.889447 2.4625
-0.536714 0.132809 2.60044
-0.537714 0.220339 2.52455
0.0551372 0.190522 2.60327
0.00644886 0.250599 2.54225
-0.280281 0.329727 2.56673
-0.287914 0.64123 2.48506
-0.293889 0.941044 2.39198
-0.288905 1.07396 2.31159
-0.47784 0.840486 2.3886
-0.530889 0.571888 2.53324
-0.547742 0.314223 2.53735
-0.535534 0.212353 2.52235
-0.110079 0.839632 2.41288
-0.00835906 0.600372 2.5587
0.0511041 0.350869 2.58251
0.0583307 0.262527 2.56564
-0.360579 0.317351 2.52782
-0.361993 -0.093587 2.73569
-0.358782 -0.463054 2.9142
-0.361311 -0.536623 2.83761
-0.191846 0.33255 2.53145
-0.116678 -0.124151 2.48491
-0.0644734 -0.515336 2.44036
-0.038638 -0.567594 2.32874
-0.292692 0.867826 2.41732
-0.522843 0.115928 2.55052
-0.526986 0.205604 2.47053
0.0708755 0.153998 2.57759
0.0410811 0.215401 2.50918
-0.24396 0.306249 2.48063
-0.243257 0.618872 2.40226
-0.241241 0.919399 2.31265
-0.234299 1.05581 2.24191
-0.429362 0.827597 2.31792
-0.489556 0.557395 2.463
-0.519236 0.300713 2.46362
-0.511881 0.207983 2.44363
-0.0623867 0.814942 2.3351
0.0319571 0.567467 2.48682
0.0883643 0.316743 2.50679
0.096012 0.228217 2.49427
-0.326773 0.298609 2.44132
-0.34465 -0.103858 2.64365
-0.355345 -0.462388 2.89669
-0.365941 -0.534846 2.83338
-0.153787 0.304674 2.44559
-0.0949325 -0.181861 2.4245
-0.0536682 -0.551875 2.41203
-0.034037 -0.615815 2.3072
-0.241977 0.846049 2.33709
-0.500939 0.107468 2.46593
-0.499923 0.205773 2.3907
0.106221 0.116681 2.51572
0.077326 0.19624 2.44614
-0.218205 0.311306 2.42163
-0.210989 0.625316 2.34566
-0.202675 0.926955 2.25838
-0.195253 1.0585 2.19073
-0.391335 0.837121 2.26729
-0.463037 0.568586 2.41114
-0.496156 0.311998 2.40748
-0.4875 0.22482 2.39022
-0.0271954 0.819043 2.27783
0.0655382 0.559142 2.41414
0.117489 0.307126 2.4324
0.120318 0.222945 2.41937
-0.300321 0.30587 2.38323
-0.341002 -0.113626 2.5249
-0.362211 -0.454695 2.82653
-0.374564 -0.535923 2.78951
-0.129355 0.307075 2.38551
-0.0848451 -0.172589 2.39753
-0.0515519 -0.556154 2.41414
-0.0342523 -0.620507 2.30732
-0.204947 0.853367 2.28224
-0.480985 0.118356 2.41208
-0.435695 0.244547 2.3798
0.128903 0.112848 2.44126
0.101671 0.184604 2.37044
-0.19676 0.314361 2.37665
-0.187648 0.627622 2.30346
-0.177725 0.928253 2.21904
-0.171558 1.05934 2.15058
-0.369278 0.841011 2.23347
-0.442116 0.569052 2.37405
-0.482664 0.313464 2.36948
-0.480536 0.214942 2.34487
-0.002652 0.817518 2.23437
0.0944899 0.565137 2.34378
0.139282 0.31067 2.35344
0.143054 0.211566 2.33607
-0.278178 0.312073 2.33721
-0.334468 -0.106076 2.39721
-0.352884 -0.433565 2.71302
-0.367188 -0.536621 2.69922
-0.109111 0.306877 2.3416
-0.076024 -0.161845 2.3844
-0.0515063 -0.554879 2.41682
-0.0345684 -0.621317 2.31322
-0.180359 0.854948 2.24218
-0.473804 0.123186 2.36237
-0.486069 0.16676 2.31936
0.147734 0.09864 2.35081
0.122261 0.172709 2.2821
-0.187961 0.314208 2.34132
-0.17629 0.627941 2.27145
-0.163996 0.92883 2.19043
-0.160487 1.05676 2.1199
-0.355549 0.844188 2.20461
-0.430178 0.565433 2.34725
-0.471162 0.309777 2.33408
-0.470809 0.229639 2.31482
0.0113547 0.81638 2.19437
0.106262 0.566909 2.29772
0.154943 0.312205 2.29013
0.161783 0.214968 2.25877
-0.269554 0.314132 2.3037
-0.323841 -0.10654 2.31561
-0.339654 -0.466653 2.5885
-0.344727 -0.563477 2.54102
-0.100335 0.304251 2.30447
-0.0699581 -0.157631 2.37338
-0.0507889 -0.556603 2.41674
-0.0342648 -0.622832 2.31238
-0.167197 0.855484 2.21271
-0.462578 0.12815 2.33215
-0.453205 0.217557 2.25967
0.168006 0.100767 2.25127
0.142161 0.186482 2.20594
-0.185884 0.309108 2.30021
-0.172298 0.623743 2.23238
-0.158054 0.925315 2.15342
-0.159389 1.05299 2.08742
-0.353173 0.842882 2.17522
-0.422924 0.562425 2.3177
-0.465615 0.306998 2.30547
-0.468278 0.211346 2.28448
0.0158219 0.812019 2.1552
0.111787 0.559801 2.25155
0.157961 0.304694 2.23107
0.158388 0.212957 2.19634
-0.267874 0.30921 2.26409
-0.315934 -0.14857 2.2624
-0.331217 -0.543318 2.38495
-0.342951 -0.630481 2.2893
-0.0978845 0.299006 2.26198
-0.0667525 -0.154664 2.35937
-0.0506885 -0.556264 2.41707
-0.0343565 -0.624044 2.31379
-0.161741 0.851825 2.17517
-0.461091 0.120603 2.29455
-0.455346 0.217634 2.23031
0.161927 0.0982817 2.18459
0.139758 0.185138 2.14711
-0.188573 0.298369 2.2693
-0.178922 0.616857 2.20768
-0.167956 0.921632 2.13407
-0.16908 1.04624 2.06543
-0.363079 0.835088 2.14886
-0.42782 0.553353 2.29166
-0.46919 0.297681 2.2797
-0.472188 0.20195 2.26225
0.00801455 0.807297 2.13135
0.102987 0.556433 2.22904
0.150154 0.301462 2.20844
0.147065 0.214279 2.18076
-0.270309 0.296821 2.23184
-0.309198 -0.176719 2.24313
-0.323181 -0.573508 2.31847
-0.330592 -0.655911 2.21599
-0.100641 0.290098 2.23239
-0.0667161 -0.163139 2.34779
-0.0510154 -0.557297 2.41716
-0.0331819 -0.628075 2.31549
-0.170875 0.847402 2.15457
-0.464248 0.107344 2.27936
-0.457725 0.200139 2.20831
0.151268 0.0980447 2.16257
0.124939 0.18368 2.13389
-0.19566 0.289927 2.24314
-0.193565 0.609451 2.18562
-0.191291 0.91528 2.11634
-0.190272 1.04038 2.05
-0.384079 0.82574 2.1254
-0.447155 0.54858 2.26517
-0.478446 0.291418 2.25938
-0.481272 0.191978 2.23671
-0.0102533 0.803201 2.12137
0.0845482 0.546784 2.22263
0.137922 0.293006 2.20371
0.12783 0.210371 2.17925
-0.277261 0.28654 2.20402
-0.306413 -0.184168 2.23895
-0.312363 -0.584856 2.31274
-0.328166 -0.659739 2.21417
-0.107541 0.283599 2.20781
-0.0697079 -0.169326 2.33249
-0.0514121 -0.561216 2.41678
-0.0325622 -0.629836 2.31492
-0.191928 0.840772 2.13568
-0.472124 0.093896 2.26329
-0.449551 0.188585 2.18767
0.133399 0.0934636 2.1647
0.110061 0.176163 2.12525
-0.215913 0.29036 2.23007
-0.22519 0.610548 2.16798
-0.234345 0.917366 2.09408
-0.226577 1.03912 2.03448
-0.416783 0.821424 2.0888
-0.48206 0.549906 2.22517
-0.506771 0.29188 2.21854
-0.50115 0.200372 2.19831
-0.0494702 0.810755 2.1151
0.0411518 0.557224 2.23353
0.101344 0.304799 2.22133
0.0996049 0.208961 2.20267
-0.296677 0.284639 2.18811
-0.312596 -0.186164 2.24277
-0.311165 -0.586107 2.31364
-0.326678 -0.661128 2.21566
-0.128224 0.286358 2.19753
-0.0819291 -0.174807 2.31173
-0.0543102 -0.565019 2.41178
-0.0313268 -0.630396 2.30882
-0.232201 0.842596 2.11461
-0.493374 0.0928646 2.21715
-0.424053 0.210741 2.17358
0.107931 0.0980971 2.20982
0.0883196 0.195051 2.15835
-0.230137 0.291768 2.23423
-0.245116 0.611683 2.16513
-0.259749 0.918008 2.08359
-0.250072 1.04109 2.02705
-0.438537 0.814915 2.0685
-0.510356 0.547412 2.20035
-0.526942 0.288762 2.19855
-0.51974 0.198551 2.1818
-0.0761213 0.814543 2.11715
0.0154734 0.567168 2.24853
0.0820416 0.316801 2.25256
0.0883579 0.217061 2.23953
-0.308776 0.284045 2.18841
-0.322934 -0.188206 2.26193
-0.310875 -0.586881 2.31512
-0.326627 -0.66195 2.21627
-0.14438 0.290189 2.20651
-0.0837637 -0.173343 2.31111
-0.0543621 -0.558361 2.41121
-0.029174 -0.623542 2.31159
-0.256335 0.843395 2.10607
-0.506894 0.0896907 2.20188
-0.440997 0.199075 2.18714
0.100204 0.110747 2.24782
0.0770601 0.198851 2.18718
-0.240027 0.294184 2.24213
-0.259359 0.613982 2.17233
-0.277382 0.920216 2.09105
-0.270132 1.04435 2.03522
-0.453727 0.813481 2.0709
-0.524243 0.543549 2.1966
-0.540533 0.284745 2.18812
-0.542075 0.204483 2.17753
-0.0939745 0.819857 2.13282
-0.00345722 0.574596 2.27072
0.0701818 0.326846 2.28244
0.0811731 0.22527 2.28076
-0.31708 0.283278 2.19447
-0.328889 -0.183951 2.27191
-0.311999 -0.58662 2.3171
-0.32639 -0.662232 2.21781
-0.155247 0.295926 2.21598
-0.089828 -0.135421 2.32612
-0.0726251 -0.499027 2.53203
-0.0314941 -0.580566 2.4707
-0.273179 0.845617 2.11336
-0.525368 0.0942185 2.18427
-0.512757 0.184951 2.1303
0.0949793 0.119807 2.29734
0.0736036 0.19992 2.22438
-0.244896 0.297943 2.25648
-0.267559 0.618786 2.19163
-0.288453 0.926198 2.11603
-0.281353 1.0555 2.0651
-0.464386 0.815895 2.09861
-0.531859 0.544233 2.21245
-0.548881 0.285539 2.19817
-0.545336 0.204541 2.18995
-0.100627 0.826014 2.15838
-0.0117639 0.585047 2.29671
0.0625314 0.338053 2.31358
0.0775031 0.235567 2.31333
-0.32224 0.285045 2.20955
-0.333633 -0.192115 2.28208
-0.312668 -0.587077 2.31814
-0.325395 -0.662281 2.21868
-0.15956 0.301163 2.22932
-0.0931808 -0.0995885 2.37347
-0.0785267 -0.439544 2.66519
-0.0268561 -0.534968 2.61743
-0.283571 0.851285 2.13688
-0.529044 0.0958533 2.19774
-0.519671 0.184597 2.13973
0.0918279 0.125641 2.33042
0.0660496 0.214831 2.25822
-0.239148 0.304242 2.31118
-0.258517 0.625809 2.24819
-0.275846 0.934222 2.17444
-0.270526 1.07325 2.1264
-0.45444 0.822586 2.15763
-0.52158 0.546002 2.26717
-0.542436 0.28773 2.25354
-0.534927 0.205021 2.24757
-0.0909724 0.831124 2.21317
-0.000635432 0.58567 2.34827
0.0740638 0.338522 2.36123
0.0913057 0.239032 2.36082
-0.317319 0.292638 2.26261
-0.336823 -0.198123 2.30766
-0.315129 -0.588484 2.31863
-0.324368 -0.661455 2.22043
-0.153268 0.306044 2.28562
-0.0925413 -0.0869479 2.48353
-0.0763017 -0.434334 2.77421
-0.0452067 -0.525747 2.74258
-0.271849 0.859022 2.19485
-0.520679 0.0993007 2.25424
-0.510249 0.192887 2.20338
0.105541 0.130142 2.38401
0.0855011 0.221618 2.314
-0.22296 0.301778 2.37919
-0.239015 0.623898 2.31138
-0.253329 0.933164 2.23252
-0.243498 1.07403 2.17801
-0.427784 0.819364 2.21483
-0.503216 0.544161 2.32295
-0.532404 0.286987 2.30453
-0.523007 0.192696 2.30073
-0.0673963 0.827936 2.2735
0.0226047 0.585252 2.41027
0.0993306 0.338564 2.41944
0.120715 0.231991 2.41737
-0.302184 0.292883 2.33178
-0.330441 -0.208513 2.34315
-0.31597 -0.590429 2.32049
-0.322978 -0.660867 2.21865
-0.136781 0.301263 2.35233
-0.0978626 -0.109617 2.57826
-0.0869752 -0.458206 2.81571
-0.0472667 -0.53445 2.76745
-0.250042 0.857717 2.25424
-0.512907 0.094696 2.30633
-0.496819 0.178948 2.2534
0.13418 0.125977 2.4297
0.110954 0.221962 2.36132
-0.203849 0.303248 2.45774
-0.21225 0.621738 2.38213
-0.219379 0.927957 2.29544
-0.204873 1.06901 2.24011
-0.394191 0.82058 2.28491
-0.483689 0.54103 2.38959
-0.520759 0.28508 2.37064
-0.519394 0.194541 2.35523
-0.0337332 0.825431 2.34022
0.0597331 0.577812 2.48035
0.138399 0.332097 2.4909
0.152069 0.226997 2.48938
-0.285003 0.296199 2.40842
-0.319195 -0.216269 2.3819
-0.321841 -0.584674 2.33124
-0.325312 -0.647771 2.20826
-0.116484 0.300912 2.43284
-0.0999143 -0.086079 2.63889
-0.119484 -0.469694 2.86299
-0.061992 -0.536843 2.79057
-0.217824 0.853209 2.31913
-0.513366 0.0919458 2.3712
-0.499186 0.181996 2.30475
0.163686 0.124299 2.50814
0.14812 0.220993 2.43673
-0.186606 0.318878 2.52709
-0.189285 0.633439 2.44717
-0.190876 0.936095 2.3561
-0.169716 1.07404 2.29252
-0.367432 0.836046 2.3454
-0.464133 0.558208 2.44572
-0.511324 0.304027 2.42716
-0.512393 0.211622 2.41709
-0.004738 0.830059 2.4001
0.078566 0.587389 2.53708
0.154881 0.342316 2.55882
0.172028 0.234099 2.56683
-0.267844 0.314684 2.47916
-0.30016 -0.192788 2.43382
-0.318614 -0.55521 2.36424
-0.321005 -0.600645 2.23747
-0.0998906 0.313702 2.50061
-0.106418 -0.0981179 2.71783
-0.116515 -0.466329 2.86869
-0.0652941 -0.535594 2.80303
-0.190668 0.862195 2.38091
-0.510422 0.114259 2.43619
-0.489103 0.206021 2.36864
0.182323 0.124715 2.59407
0.167413 0.222661 2.51062
-0.18175 0.352498 2.59411
-0.176406 0.66589 2.5103
-0.170414 0.967629 2.41564
-0.13886 1.10166 2.3531
-0.344261 0.868144 2.39819
-0.450941 0.590692 2.50026
-0.502058 0.337369 2.49976
-0.501208 0.264317 2.49375
0.0147591 0.855483 2.46487
0.0913563 0.603101 2.60539
0.161384 0.356885 2.63182
0.17099 0.253589 2.63821
-0.262498 0.349912 2.54645
-0.306521 -0.135049 2.50457
-0.33827 -0.518053 2.52192
-0.341606 -0.579463 2.39584
-0.0958025 0.345038 2.56745
-0.0984581 -0.0463278 2.72694
-0.110779 -0.458104 2.87024
-0.0690007 -0.534904 2.80466
-0.172051 0.893931 2.44133
-0.504437 0.163412 2.51125
-0.47739 0.24103 2.444
0.177838 0.14867 2.67344
0.164481 0.241878 2.57987
-0.184021 0.366652 2.62718
-0.174165 0.678925 2.54363
-0.163655 0.979624 2.44901
-0.130647 1.11407 2.38676
-0.336518 0.883494 2.43477
-0.447503 0.611947 2.54151
-0.498168 0.358262 2.53091
-0.503892 0.276457 2.53476
0.0205365 0.86599 2.50094
0.0907291 0.619853 2.64148
0.156865 0.373698 2.67471
0.165296 0.269995 2.68203
-0.264102 0.365065 2.57941
-0.322279 -0.110388 2.56044
-0.371643 -0.485462 2.68612
-0.380127 -0.560059 2.58789
-0.0988647 0.358036 2.60081
-0.10214 -0.0385978 2.75098
-0.108056 -0.450509 2.87177
-0.0708427 -0.534188 2.80469
-0.166411 0.906178 2.47471
-0.508202 0.180006 2.55432
-0.481318 0.255194 2.48989
0.174492 0.158295 2.70583
0.157837 0.248143 2.62671
-0.189718 0.374027 2.65179
-0.178866 0.687938 2.57164
-0.167348 0.990557 2.48067
-0.133963 1.12536 2.42309
-0.339821 0.892967 2.46163
-0.452593 0.618227 2.57597
-0.506251 0.365552 2.57756
-0.512159 0.287177 2.58099
0.0158767 0.873134 2.53061
0.0873308 0.626404 2.67764
0.152413 0.379829 2.71003
0.163523 0.270504 2.72682
-0.269614 0.372925 2.60384
-0.340676 -0.0923661 2.63066
-0.394204 -0.451592 2.8279
-0.4023 -0.541614 2.74737
-0.10453 0.364674 2.62544
-0.105359 -0.0518062 2.77869
-0.10584 -0.449977 2.87685
-0.072709 -0.53313 2.80761
-0.170355 0.916601 2.50544
-0.508077 0.18155 2.59931
-0.490999 0.258193 2.52622
0.173644 0.170021 2.75219
0.155958 0.255197 2.67379
-0.200274 0.377115 2.66815
-0.190881 0.692377 2.59123
-0.18078 0.996294 2.5034
-0.144064 1.13262 2.4477
-0.352342 0.898582 2.48477
-0.464949 0.620558 2.60597
-0.51506 0.367369 2.61117
-0.52212 0.296074 2.61627
0.00374887 0.876462 2.55054
0.0761572 0.63007 2.6934
0.144735 0.385887 2.73306
0.151448 0.284763 2.74559
-0.279313 0.375309 2.6196
-0.357671 -0.0850573 2.71769
-0.398593 -0.444457 2.90476
-0.39275 -0.532017 2.84782
-0.115694 0.368491 2.64247
-0.106852 -0.0554646 2.78615
-0.104761 -0.448427 2.8793
-0.0776273 -0.530399 2.81705
-0.183443 0.922015 2.52739
-0.518161 0.188046 2.63887
-0.5033 0.277081 2.57006
0.164476 0.177924 2.77269
0.144739 0.25637 2.69327
-0.224139 0.377118 2.68813
-0.218278 0.694024 2.61098
-0.211706 0.999546 2.52279
-0.18041 1.14431 2.47812
-0.389457 0.902239 2.5116
-0.493415 0.616383 2.63373
-0.538411 0.362603 2.64366
-0.545003 0.294436 2.65075
-0.0286734 0.879834 2.56771
0.0449724 0.637642 2.70676
0.120625 0.395273 2.74535
0.121419 0.288948 2.75565
-0.302937 0.370878 2.64362
-0.359078 -0.0776818 2.79981
-0.391385 -0.450824 2.93771
-0.39985 -0.528655 2.86771
-0.139324 0.372832 2.65864
-0.114146 -0.0603183 2.79387
-0.105421 -0.444334 2.88076
-0.0796562 -0.527551 2.81846
-0.213503 0.924865 2.54689
-0.540277 0.187268 2.68344
-0.526743 0.271697 2.60117
0.136709 0.186792 2.7796
0.116243 0.257798 2.70408
-0.246261 0.38017 2.70027
-0.244152 0.698159 2.62203
-0.241151 1.00481 2.53262
-0.217321 1.15114 2.49279
-0.420694 0.903682 2.52748
-0.514876 0.622482 2.65182
-0.553945 0.367358 2.6577
-0.560844 0.296405 2.66261
-0.0583971 0.885207 2.57364
0.0202468 0.643905 2.70772
0.0939747 0.400476 2.74447
0.0912772 0.298285 2.74431
-0.325208 0.372269 2.65682
-0.36393 -0.0738789 2.83035
-0.390847 -0.448671 2.94494
-0.402293 -0.529319 2.8664
-0.16062 0.377553 2.66967
-0.125485 -0.0682492 2.79789
-0.109933 -0.449721 2.88065
-0.0793997 -0.527528 2.81591
-0.242088 0.92984 2.55704
-0.553509 0.188921 2.68143
-0.544431 0.2861 2.61624
0.104815 0.19322 2.75798
0.0775101 0.275133 2.6979
-0.263435 0.382776 2.71003
-0.264832 0.700671 2.63093
-0.265184 1.00714 2.54061
-0.254357 1.15696 2.49942
-0.448389 0.902645 2.54174
-0.529333 0.624431 2.66603
-0.566951 0.369156 2.67278
-0.573155 0.273409 2.67219
-0.0858858 0.890382 2.57217
0.00103372 0.651431 2.70717
0.0686955 0.405379 2.73988
0.0686699 0.302315 2.73511
-0.342273 0.373738 2.66823
-0.371742 -0.075615 2.83904
-0.39195 -0.447252 2.95005
-0.397265 -0.527438 2.87115
-0.177445 0.381309 2.67778
-0.132145 -0.0639411 2.79909
-0.113766 -0.450601 2.88348
-0.0825573 -0.524239 2.8174
-0.265312 0.932226 2.56525
-0.561758 0.174648 2.69714
-0.559639 0.258382 2.62278
0.077629 0.190998 2.75508
0.05529 0.26959 2.68636
-0.275485 0.384271 2.71667
-0.28133 0.701429 2.63738
-0.286247 1.00712 2.54678
-0.284533 1.15744 2.50372
-0.469255 0.899187 2.54929
-0.537228 0.625869 2.67628
-0.571918 0.370373 2.68571
-0.577465 0.27341 2.69357
-0.105228 0.895008 2.5742
-0.0104381 0.6573 2.70835
0.0582282 0.410811 2.73721
0.0581033 0.311429 2.73034
-0.354101 0.374919 2.67629
-0.377645 -0.0749079 2.84231
-0.392021 -0.448023 2.95183
-0.394165 -0.526991 2.87482
-0.189371 0.383121 2.68303
-0.139737 -0.0694404 2.8037
-0.115893 -0.454645 2.88323
-0.0830639 -0.524363 2.8177
-0.285241 0.932403 2.5715
-0.563974 0.177326 2.7101
-0.568134 0.275378 2.64731
0.0660958 0.197949 2.7547
0.0451784 0.270893 2.6785
-0.281174 0.384858 2.7198
-0.288935 0.701505 2.63991
-0.295604 1.00665 2.54869
-0.302281 1.15548 2.50503
-0.479307 0.896276 2.55354
-0.540984 0.627088 2.68069
-0.573012 0.371375 2.69184
-0.573645 0.268306 2.70235
-0.114695 0.896971 2.57516
-0.0150248 0.660757 2.70923
0.0549115 0.414234 2.73574
0.0568563 0.319959 2.73123
-0.360058 0.375309 2.68062
-0.380098 -0.0756174 2.84495
-0.39243 -0.448924 2.953
-0.392451 -0.526426 2.87485
-0.1947 0.383885 2.68508
-0.143818 -0.0707712 2.80559
-0.116281 -0.455645 2.88294
-0.0833173 -0.524266 2.81651
-0.294182 0.932071 2.57357
-0.563106 0.168227 2.72233
-0.561785 0.262593 2.65728
0.0655591 0.200118 2.7637
0.042199 0.282449 2.68392
-0.285981 0.385281 2.7235
-0.299306 0.701898 2.64281
-0.312436 1.00713 2.5503
-0.324169 1.15774 2.50767
-0.492974 0.893418 2.55661
-0.543932 0.628736 2.68537
-0.57228 0.373852 2.70793
-0.563013 0.266341 2.71639
-0.1287 0.902206 2.57558
-0.0203141 0.666725 2.71422
0.0546726 0.421397 2.7388
0.063253 0.328404 2.73697
-0.364311 0.37485 2.68486
-0.383819 -0.0757938 2.84701
-0.392622 -0.448802 2.95366
-0.39094 -0.525535 2.87511
-0.199995 0.385228 2.68828
-0.146053 -0.0685792 2.80647
-0.116763 -0.45541 2.88365
-0.0839994 -0.523977 2.81746
-0.309371 0.932515 2.57555
-0.551611 0.167917 2.74111
-0.5823 0.243075 2.70411
0.080248 0.229079 2.74836
0.044028 0.301501 2.68835
-0.28789 0.386247 2.72545
-0.302597 0.70264 2.64334
-0.316849 1.00779 2.54948
-0.330423 1.15785 2.50761
-0.496684 0.891727 2.55618
-0.545018 0.627111 2.6885
-0.569149 0.371589 2.70973
-0.555242 0.271073 2.71357
-0.134536 0.906157 2.57365
-0.0219806 0.670355 2.71575
0.0556271 0.426084 2.7419
0.0686143 0.333804 2.74141
-0.36584 0.375312 2.68692
-0.385466 -0.0762802 2.84746
-0.392646 -0.44899 2.95416
-0.391098 -0.524907 2.8763
-0.202231 0.386742 2.69005
-0.146606 -0.0697186 2.80726
-0.117293 -0.457524 2.88391
-0.0851711 -0.523247 2.81459
-0.313532 0.933191 2.57508
-0.541913 0.167994 2.74226
-0.574554 0.251542 2.69791
0.0879813 0.237172 2.75502
0.0508875 0.302316 2.69336
-0.286823 0.387157 2.7262
-0.302263 0.703162 2.64298
-0.316734 1.00821 2.54779
-0.330401 1.15788 2.50723
-0.49603 0.89033 2.55411
-0.544129 0.624974 2.68908
-0.563705 0.368894 2.7093
-0.550212 0.267459 2.70373
-0.134216 0.907215 2.573
-0.0208064 0.671699 2.71707
0.0609529 0.429088 2.745
0.0768222 0.333594 2.74418
-0.364805 0.375893 2.68768
-0.384759 -0.0764195 2.84876
-0.393333 -0.449795 2.95547
-0.391525 -0.525087 2.87714
-0.201096 0.387991 2.69076
-0.143655 -0.0705179 2.80573
-0.116721 -0.456805 2.88343
-0.0918659 -0.525161 2.81354
-0.313382 0.933664 2.57377
-0.530679 0.16275 2.73234
-0.531473 0.248988 2.65831
0.0960106 0.230767 2.76869
0.0602427 0.299657 2.69711
-0.263894 0.387971 2.71904
-0.279702 0.704148 2.63786
-0.293485 1.00902 2.54523
-0.300871 1.15696 2.50294
-0.470911 0.888944 2.54513
-0.527075 0.619624 2.67916
-0.546167 0.362959 2.69481
-0.5382 0.258176 2.68761
-0.110395 0.905125 2.56955
-0.00280872 0.669904 2.71683
0.0763532 0.42651 2.7451
0.0949988 0.324399 2.74201
-0.342134 0.377069 2.67976
-0.374453 -0.0752694 2.84479
-0.392932 -0.447566 2.95545
-0.399651 -0.527872 2.87221
-0.178409 0.388323 2.6842
-0.132986 -0.0677276 2.80038
-0.114413 -0.455273 2.88152
-0.0921686 -0.525309 2.81329
-0.290369 0.934504 2.57048
-0.523716 0.160578 2.72197
-0.519873 0.240211 2.6315
0.111415 0.216052 2.77436
0.0803119 0.288219 2.69436
-0.242282 0.386098 2.70721
-0.251385 0.702224 2.62862
-0.258179 1.00698 2.53938
-0.261824 1.15544 2.49692
-0.441726 0.891542 2.54
-0.504876 0.620688 2.66906
-0.531751 0.364254 2.6795
-0.522128 0.260392 2.66897
-0.075159 0.901027 2.56882
0.0244511 0.670067 2.70777
0.0959405 0.425301 2.74167
0.117496 0.324994 2.73191
-0.319612 0.375923 2.66669
-0.362001 -0.0738276 2.82488
-0.391846 -0.445385 2.95131
-0.398567 -0.526328 2.87253
-0.158284 0.385714 2.67352
-0.12344 -0.0633944 2.79516
-0.111195 -0.452314 2.87933
-0.0911557 -0.526053 2.81184
-0.25679 0.932489 2.5637
-0.510893 0.165228 2.69658
-0.507924 0.25646 2.6185
0.133083 0.214225 2.75118
0.101891 0.293115 2.68262
-0.223652 0.383588 2.69687
-0.227075 0.700917 2.62318
-0.228411 1.00694 2.53897
-0.22224 1.1541 2.49435
-0.408552 0.897836 2.53544
-0.48232 0.620371 2.66268
-0.519236 0.364742 2.66625
-0.509461 0.266235 2.65712
-0.0409013 0.897065 2.56721
0.0559368 0.655432 2.70699
0.125875 0.408678 2.7313
0.141741 0.307095 2.72348
-0.301115 0.374477 2.65558
-0.354837 -0.0718967 2.80065
-0.391093 -0.4476 2.94731
-0.398731 -0.527188 2.86798
-0.139996 0.382172 2.66394
-0.11314 -0.0611619 2.7896
-0.109265 -0.450236 2.87861
-0.0920755 -0.526534 2.81359
-0.228341 0.932121 2.56202
-0.499679 0.167274 2.69534
-0.492864 0.255357 2.60237
0.155051 0.190837 2.73985
0.126598 0.282933 2.67739
-0.206879 0.384389 2.68757
-0.203986 0.701711 2.61605
-0.199043 1.0074 2.53407
-0.184723 1.15401 2.48854
-0.378151 0.902005 2.52847
-0.46446 0.621965 2.6554
-0.502044 0.366304 2.65747
-0.497153 0.272751 2.64695
-0.0132202 0.893882 2.56288
0.0744612 0.650208 2.70076
0.143851 0.403148 2.72393
0.158173 0.300728 2.71202
-0.28519 0.376941 2.64609
-0.350986 -0.0766241 2.77921
-0.391617 -0.449767 2.93606
-0.395626 -0.527419 2.86725
-0.12266 0.381269 2.65468
-0.099306 -0.0373643 2.77379
-0.10767 -0.448287 2.87699
-0.0913459 -0.530335 2.81272
-0.200516 0.932697 2.55657
-0.493448 0.179438 2.67306
-0.480072 0.264311 2.59708
0.170284 0.183561 2.74352
0.144671 0.265016 2.65691
-0.194663 0.385264 2.68318
-0.185582 0.702683 2.6116
-0.175202 1.00853 2.52926
-0.157145 1.15416 2.48134
-0.356286 0.90519 2.5228
-0.450779 0.625221 2.65055
-0.493468 0.370342 2.65245
-0.489401 0.278576 2.64512
0.00691298 0.892985 2.55862
0.09266 0.639155 2.69848
0.156837 0.390168 2.71769
0.166621 0.290069 2.70831
-0.273199 0.379624 2.6412
-0.350408 -0.0789505 2.76966
-0.394977 -0.451018 2.92929
-0.400326 -0.530819 2.86308
-0.110586 0.380317 2.6508
-0.0962683 -0.0376822 2.77381
-0.106233 -0.447259 2.87654
-0.0940273 -0.530938 2.8155
-0.177963 0.933779 2.55188
-0.48532 0.187964 2.67032
-0.473912 0.284356 2.59586
0.172565 0.176449 2.73506
0.1544 0.252343 2.651
-0.187721 0.386294 2.68119
-0.175211 0.703637 2.60852
-0.161767 1.0093 2.52476
-0.138783 1.15445 2.47714
-0.340575 0.90738 2.5179
-0.440823 0.628886 2.64599
-0.486902 0.374661 2.64955
-0.486235 0.279879 2.64533
0.0228135 0.891666 2.55762
0.101644 0.634147 2.69689
0.161055 0.384109 2.7173
0.166548 0.285053 2.70763
-0.266015 0.381599 2.63796
-0.350612 -0.0812068 2.76713
-0.397897 -0.452007 2.92669
-0.411166 -0.532952 2.85141
-0.104001 0.380423 2.64997
-0.0952802 -0.040321 2.77491
-0.105093 -0.447075 2.87605
-0.0935194 -0.533972 2.8141
-0.165261 0.934611 2.54777
-0.481062 0.194374 2.66916
-0.467567 0.278188 2.59094
0.173809 0.177484 2.7268
0.150502 0.262053 2.65572
-0.18363 0.386528 2.68056
-0.168417 0.703992 2.60728
-0.152278 1.00979 2.52278
-0.126623 1.15253 2.47351
-0.330828 0.909851 2.51439
-0.435514 0.632221 2.64187
-0.483696 0.378493 2.64771
-0.486485 0.287897 2.64009
0.0302575 0.889466 2.55812
0.104755 0.630332 2.69933
0.161695 0.379479 2.71803
0.163415 0.278151 2.71298
-0.261815 0.382629 2.63704
-0.350205 -0.0817153 2.76665
-0.398216 -0.452366 2.92557
-0.413187 -0.53292 2.85029
-0.100167 0.37984 2.64968
-0.0929767 -0.0544476 2.77973
-0.104109 -0.447392 2.87572
-0.09172 -0.533754 2.8133
-0.156439 0.935066 2.54598
-0.485852 0.201246 2.67148
-0.466815 0.286667 2.58917
0.166941 0.170626 2.7368
0.148727 0.251505 2.66125
-0.180999 0.386382 2.68067
-0.165257 0.703762 2.60707
-0.148805 1.00953 2.52226
-0.121374 1.15115 2.47257
-0.327024 0.910228 2.51281
-0.433656 0.633942 2.64048
-0.482659 0.380354 2.64662
-0.488882 0.2999 2.64179
0.0333616 0.888351 2.55851
0.105384 0.629096 2.70111
0.159031 0.37769 2.72149
0.159139 0.278301 2.72197
-0.259362 0.382756 2.63663
-0.349881 -0.083138 2.76778
-0.399146 -0.45422 2.92494
-0.415296 -0.53417 2.84792
-0.0974293 0.379357 2.6504
-0.0925229 -0.0587543 2.78176
-0.104026 -0.447569 2.87578
-0.0920673 -0.534796 2.81368
-0.153028 0.934807 2.54553
-0.488186 0.1981 2.66798
-0.469586 0.283075 2.58969
0.163923 0.169142 2.73583
0.148084 0.261504 2.67579
-0.179769 0.386209 2.68205
-0.164067 0.703581 2.60793
-0.147689 1.00935 2.52301
-0.120266 1.1498 2.4724
-0.325786 0.910271 2.51311
-0.433068 0.634553 2.64016
-0.482695 0.381101 2.64698
-0.489238 0.304393 2.64151
0.0342932 0.888354 2.55929
0.105186 0.628627 2.7029
0.155825 0.377205 2.72794
0.155562 0.282369 2.7256
-0.258139 0.382745 2.6378
-0.349069 -0.082468 2.7685
-0.399327 -0.454657 2.92458
-0.40571 -0.531956 2.85589
-0.096274 0.378998 2.65203
-0.0929207 -0.0579585 2.78333
-0.103338 -0.448229 2.87648
-0.0900952 -0.532978 2.81259
-0.151902 0.934628 2.54628
-0.487409 0.202077 2.66437
-0.471792 0.277294 2.59008
0.161918 0.169944 2.74169
0.142276 0.263399 2.67487
-0.180178 0.385979 2.68536
-0.164518 0.703096 2.60973
-0.148303 1.00871 2.52372
-0.12134 1.14977 2.47387
-0.326861 0.910059 2.5142
-0.433332 0.634812 2.64067
-0.482582 0.381277 2.64787
-0.488412 0.286903 2.64756
0.0331983 0.888368 2.56283
0.104102 0.626626 2.70627
0.154739 0.375179 2.7313
0.15486 0.277746 2.72893
-0.258464 0.382545 2.64096
-0.34892 -0.0819658 2.76924
-0.398235 -0.455449 2.9248
-0.408957 -0.533373 2.84994
-0.0968306 0.378751 2.65551
-0.0935739 -0.0561254 2.78597
-0.102884 -0.447934 2.87743
-0.0906081 -0.53034 2.81387
-0.152452 0.934039 2.54722
-0.487555 0.195818 2.67859
-0.467545 0.283853 2.59761
0.159192 0.16874 2.74684
0.143281 0.261632 2.67696
-0.184947 0.385103 2.68873
-0.172474 0.702276 2.61431
-0.159859 1.00803 2.52905
-0.133986 1.14968 2.48036
-0.337503 0.908335 2.51989
-0.438763 0.633304 2.64535
-0.484965 0.379276 2.65427
-0.490489 0.287191 2.65371
0.022281 0.890156 2.56841
0.0962066 0.629977 2.70914
0.149677 0.378944 2.73334
0.14936 0.281008 2.72858
-0.263571 0.381068 2.64424
-0.348652 -0.0812747 2.77129
-0.39638 -0.455957 2.92705
-0.408906 -0.532447 2.85083
-0.101259 0.378498 2.65906
-0.0953422 -0.0413651 2.78584
-0.102194 -0.448123 2.87955
-0.0895202 -0.529612 2.81371
-0.16309 0.933306 2.55241
-0.485364 0.195281 2.67065
-0.472689 0.28123 2.60511
0.153619 0.170768 2.75903
0.138965 0.256604 2.67598
-0.193957 0.383699 2.69146
-0.184535 0.701453 2.61859
-0.174738 1.00788 2.53489
-0.153144 1.15078 2.48603
-0.353612 0.907118 2.5257
-0.450122 0.631823 2.65017
-0.494933 0.377333 2.65653
-0.500266 0.296609 2.65683
0.00660858 0.890321 2.57328
0.0854396 0.628749 2.71177
0.142059 0.37817 2.73443
0.137556 0.27945 2.72884
-0.272808 0.379441 2.64702
-0.349647 -0.0800127 2.77156
-0.395036 -0.455555 2.93018
-0.397198 -0.530248 2.86441
-0.10981 0.377349 2.66172
-0.099547 -0.0539346 2.78877
-0.10263 -0.448717 2.88027
-0.0906209 -0.528703 2.81546
-0.177297 0.932971 2.55786
-0.494582 0.195327 2.68607
-0.476269 0.265291 2.60363
0.146022 0.170727 2.75836
0.126213 0.252336 2.66663
-0.208367 0.382573 2.69212
-0.201713 0.701262 2.62129
-0.194505 1.00862 2.53974
-0.175025 1.15229 2.49204
-0.373075 0.906157 2.52934
-0.465915 0.630138 2.65582
-0.50426 0.374365 2.65956
-0.504451 0.296108 2.66273
-0.0128145 0.891165 2.57627
0.0689613 0.631313 2.71249
0.125253 0.380427 2.73384
0.120123 0.283137 2.72476
-0.286808 0.377637 2.64685
-0.355301 -0.0817287 2.78074
-0.394111 -0.454255 2.93392
-0.401187 -0.530591 2.86373
-0.124285 0.376958 2.66317
-0.105884 -0.0637368 2.77928
-0.103835 -0.449331 2.87881
-0.0918741 -0.530641 2.81572
-0.196443 0.933472 2.56216
-0.503993 0.187964 2.69062
-0.426878 0.289258 2.66691
0.127953 0.176926 2.74195
0.108322 0.255216 2.668
-0.226958 0.380474 2.69385
-0.221738 0.69926 2.6238
-0.215692 1.00662 2.54282
-0.198637 1.15269 2.49746
-0.396474 0.904061 2.53316
-0.480863 0.630143 2.66014
-0.517047 0.374098 2.66494
-0.521553 0.295014 2.66631
-0.0341152 0.891706 2.57975
0.0481828 0.633907 2.71592
0.104756 0.382669 2.73443
0.101884 0.284366 2.72572
-0.305538 0.374169 2.64954
-0.359107 -0.0846343 2.79923
-0.392745 -0.451322 2.93742
-0.400568 -0.529575 2.86456
-0.142189 0.376254 2.66397
-0.112119 -0.0717991 2.76482
-0.105108 -0.451495 2.87538
-0.0907259 -0.533017 2.8129
-0.217369 0.93148 2.56511
-0.520563 0.188078 2.69459
-0.434384 0.306752 2.65667
0.108058 0.175273 2.7307
0.0917455 0.271905 2.67555
