-0.139317 0.211104 2.37914
-0.136808 0.51267 2.28702
-0.133937 0.803058 2.18375
-0.112402 0.933898 2.12233
-0.29979 0.710126 2.22212
-0.431538 0.478486 2.28245
-0.546422 0.311969 2.27117
-0.611944 0.262074 2.26632
0.046428 0.699525 2.2374
0.176616 0.485128 2.31673
0.30547 0.328883 2.31707
0.37577 0.272344 2.32381
-0.214695 0.210803 2.33794
-0.228107 -0.154284 2.47818
-0.201388 -0.497686 2.60629
-0.203407 -0.580293 2.53421
-0.0597061 0.204953 2.34743
-0.00686897 -0.267759 2.32848
0.0293301 -0.607304 2.28711
0.0249129 -0.663383 2.18126
-0.134764 0.732152 2.2116
-0.683729 0.202258 2.27894
-0.619105 0.244399 2.2115
0.440879 0.213055 2.34921
0.38107 0.262176 2.25317
-0.141851 0.210552 2.37847
-0.139703 0.512176 2.2867
-0.137115 0.802491 2.18364
-0.116591 0.933682 2.1227
-0.303072 0.7097 2.22284
-0.435688 0.479153 2.28473
-0.554099 0.315237 2.27137
-0.61487 0.259295 2.26989
0.044042 0.699653 2.23713
0.178317 0.485706 2.31723
0.312155 0.334793 2.32632
0.381631 0.275067 2.33042
-0.217138 0.210246 2.33746
-0.228691 -0.153507 2.47763
-0.201402 -0.4967 2.60537
-0.202174 -0.581667 2.5307
-0.0622725 0.204394 2.34658
-0.00764193 -0.270991 2.32724
0.0295481 -0.608069 2.28783
0.0257471 -0.664878 2.18001
-0.137878 0.731613 2.21144
-0.691273 0.198215 2.28009
-0.623828 0.244303 2.21053
0.447735 0.219025 2.35689
0.385468 0.273284 2.25272
-0.143071 0.20964 2.37847
-0.140991 0.511699 2.28684
-0.138441 0.80233 2.18371
-0.118482 0.933582 2.12213
-0.304672 0.710155 2.22439
-0.435588 0.479113 2.28769
-0.553768 0.315038 2.27349
-0.609763 0.258315 2.26959
0.042376 0.699983 2.2369
0.177306 0.486864 2.31752
0.310907 0.335603 2.32571
0.380237 0.274915 2.32451
-0.218429 0.209131 2.33733
-0.22926 -0.153025 2.47792
-0.201725 -0.49813 2.60628
-0.200191 -0.581996 2.53131
-0.0634301 0.203649 2.34677
-0.00822568 -0.271599 2.32722
0.0300259 -0.608003 2.28765
0.0245103 -0.663348 2.18179
-0.139201 0.731375 2.21155
-0.689086 0.195015 2.27897
-0.62196 0.239643 2.21165
0.44727 0.219051 2.34696
0.379864 0.272978 2.2505
-0.127015 0.206784 2.34513
-0.123749 0.503865 2.24133
-0.119871 0.789363 2.12584
-0.100635 0.917151 2.05912
-0.286622 0.705416 2.1752
-0.414234 0.478307 2.25384
-0.523999 0.3085 2.25296
-0.572583 0.250145 2.23854
0.0547088 0.691292 2.18199
0.182494 0.479548 2.28022
0.30938 0.322554 2.28907
0.3697 0.261443 2.26314
-0.204009 0.204299 2.30814
-0.22294 -0.153751 2.46918
-0.19992 -0.499199 2.60902
-0.199461 -0.582034 2.52981
-0.0460763 0.202896 2.30923
0.00477842 -0.256327 2.2838
0.0261387 -0.603859 2.28259
0.0260362 -0.665558 2.17337
-0.120961 0.719717 2.15678
-0.648567 0.180313 2.24939
-0.580929 0.224141 2.18287
0.436971 0.185703 2.26638
0.36617 0.242313 2.20929
-0.0485524 0.169499 2.14791
-0.0453057 0.46874 2.05989
-0.0418396 0.75566 1.96039
-0.0214904 0.87761 1.88667
-0.210605 0.675272 2.01011
-0.339016 0.453127 2.10021
-0.452205 0.286581 2.112
-0.510459 0.227535 2.09749
0.133275 0.652192 2.00512
0.253759 0.429902 2.08721
0.365104 0.260249 2.0812
0.422675 0.187059 2.05506
-0.126308 0.168084 2.11173
-0.197497 -0.194 2.11908
-0.183731 -0.500187 2.41422
-0.190552 -0.578125 2.41016
0.0308678 0.165141 2.11105
0.0469359 -0.238768 2.16334
0.0253661 -0.590094 2.27887
0.0211114 -0.662788 2.17796
-0.0427435 0.685758 1.98729
-0.590236 0.158491 2.12086
-0.52623 0.206541 2.03813
0.476531 0.114726 2.06635
0.408563 0.157053 2.00846
-0.0496934 0.108974 1.93859
-0.0471719 0.410546 1.84987
-0.044426 0.698571 1.74927
-0.0269662 0.821922 1.67932
-0.213019 0.621947 1.79985
-0.336512 0.395126 1.88765
-0.444519 0.225249 1.90127
-0.503152 0.165085 1.89153
0.131386 0.597344 1.79174
0.244868 0.373888 1.86203
0.345 0.198474 1.82746
0.38915 0.12098 1.78949
-0.127634 0.109908 1.90193
-0.180192 -0.319647 1.84319
-0.218553 -0.669646 1.77748
-0.213283 -0.69932 1.66808
0.0301287 0.103926 1.90213
0.0483089 -0.250878 2.08055
0.0200975 -0.592376 2.27442
0.0189234 -0.670033 2.17486
-0.0451559 0.628557 1.77643
-0.577115 0.0966074 1.91357
-0.511908 0.144092 1.83861
0.433711 0.047812 1.78647
0.362239 0.0960932 1.74461
-0.130024 0.0370501 1.65938
-0.129671 0.342952 1.57799
-0.128015 0.633248 1.48426
-0.105611 0.738758 1.43032
-0.296097 0.542159 1.49833
-0.420667 0.300533 1.54307
-0.518532 0.126495 1.49582
-0.565399 0.0690636 1.46418
0.0448268 0.54307 1.53869
0.147634 0.315458 1.62815
0.243363 0.135448 1.6114
0.282077 0.0589854 1.57751
-0.208363 0.0345502 1.61731
-0.231539 -0.35853 1.63033
-0.21497 -0.738577 1.7004
-0.209139 -0.797405 1.62678
-0.045954 0.0378842 1.62829
0.00154441 -0.326908 1.64646
-0.0139678 -0.624799 1.94789
-0.0049164 -0.674755 1.83961
-0.12863 0.562935 1.50966
-0.630265 -0.00142934 1.45685
-0.560804 0.0560316 1.401
0.318115 -0.0187105 1.58249
0.257129 0.0372993 1.52778
-0.142497 0.0403893 1.62981
-0.146663 0.346301 1.54079
-0.149749 0.63656 1.43942
-0.125833 0.741728 1.3847
-0.316755 0.536648 1.45352
-0.443389 0.306537 1.47448
-0.530698 0.127742 1.42226
-0.579946 0.0697108 1.40026
0.0204908 0.550181 1.49923
0.124236 0.329069 1.58801
0.227358 0.153493 1.56221
0.272132 0.0842223 1.53105
-0.220457 0.0356946 1.58584
-0.232427 -0.358471 1.63539
-0.214726 -0.741111 1.70024
-0.21141 -0.800282 1.63111
-0.0581639 0.0433437 1.60076
-0.00801472 -0.328543 1.64635
-0.0148709 -0.686954 1.87868
-0.00695533 -0.752754 1.79819
-0.149199 0.566307 1.4667
-0.638319 -0.00129185 1.37701
-0.568677 0.0569775 1.33044
0.311605 0.0105192 1.53707
0.245243 0.0590003 1.48298
-0.0884433 0.0683666 1.81309
-0.106061 0.373768 1.72706
-0.122135 0.664818 1.62917
-0.103083 0.786763 1.57129
-0.288663 0.567392 1.6539
-0.402853 0.325881 1.68647
-0.491544 0.14524 1.64826
-0.540482 0.0825869 1.62689
0.0550031 0.570589 1.6828
0.157052 0.348109 1.76256
0.261743 0.175911 1.72211
0.304392 0.100072 1.69405
-0.166207 0.0624614 1.77313
-0.208841 -0.390877 1.72244
-0.216326 -0.746118 1.70293
-0.210114 -0.800924 1.62259
-0.00710134 0.0715463 1.78004
0.0259181 -0.252564 1.9687
-0.00346202 -0.565244 2.25564
-0.0105787 -0.656871 2.21117
-0.118354 0.594155 1.65562
-0.605203 0.00861662 1.61376
-0.53187 0.0688239 1.56493
0.343126 0.0273447 1.68865
0.274185 0.080493 1.64896
-0.0545536 0.172204 2.10305
-0.0496318 0.468124 1.99622
-0.0444894 0.75154 1.87802
-0.0196944 0.879603 1.81086
-0.211576 0.670864 1.91879
-0.341033 0.445343 1.99679
-0.445831 0.271619 1.99298
-0.499193 0.213042 1.99433
0.132757 0.647528 1.93943
0.244985 0.434217 2.03953
0.344546 0.258287 2.04928
0.390382 0.180237 2.04676
-0.132428 0.173248 2.06173
-0.193246 -0.21608 2.04298
-0.200646 -0.58036 2.19842
-0.206177 -0.64502 2.12695
0.0252036 0.165183 2.0714
0.0229064 -0.225192 2.19913
-0.00946171 -0.588603 2.32534
-0.0194516 -0.652164 2.23898
-0.0458181 0.682569 1.90957
-0.568298 0.141343 2.00854
-0.500549 0.185527 1.94186
0.425387 0.103789 2.06237
0.366554 0.148759 2.006
-0.111895 0.201521 2.28462
-0.10174 0.494976 2.16667
-0.0907606 0.777412 2.03856
-0.0598028 0.905953 1.97125
-0.257415 0.694155 2.07026
-0.388251 0.463204 2.1276
-0.487299 0.286559 2.10448
-0.546079 0.229191 2.0961
0.0826022 0.678839 2.11354
0.173796 0.45513 2.22084
0.273512 0.277981 2.21064
0.305855 0.202365 2.19923
-0.188426 0.195886 2.24387
-0.218013 -0.14421 2.44337
-0.21101 -0.489558 2.6416
-0.208855 -0.567895 2.56837
-0.0317917 0.200743 2.25257
0.00123629 -0.211277 2.27529
-0.00882728 -0.579031 2.33287
-0.0142603 -0.647339 2.2437
-0.0936023 0.708521 2.07249
-0.615679 0.152701 2.09866
-0.537346 0.210861 2.04695
0.338503 0.129776 2.20682
0.281343 0.176758 2.15615
-0.151354 0.247438 2.41633
-0.156337 0.52704 2.28086
-0.160532 0.796205 2.13447
-0.142312 0.920233 2.06
-0.327929 0.713903 2.17065
-0.450304 0.483061 2.23348
-0.541576 0.30222 2.21328
-0.595063 0.239802 2.20887
0.0100254 0.711982 2.20162
0.113651 0.489825 2.31618
0.208256 0.30878 2.30886
0.240034 0.229422 2.30474
-0.227556 0.238814 2.37578
-0.238053 -0.13516 2.53244
-0.208075 -0.48588 2.65926
-0.208327 -0.567507 2.58982
-0.0706354 0.248633 2.38422
-0.0377795 -0.140303 2.46545
-0.0710381 -0.470802 2.66172
-0.0628943 -0.550444 2.59911
-0.15965 0.730557 2.17308
-0.658966 0.163384 2.20549
-0.58224 0.218375 2.15937
0.270639 0.153017 2.33125
0.209969 0.200587 2.25986
-0.148032 0.242666 2.40231
-0.152534 0.52311 2.26823
-0.155924 0.792801 2.12276
-0.138895 0.918776 2.05128
-0.324125 0.711334 2.16244
-0.442671 0.481619 2.22901
-0.530984 0.299034 2.22002
-0.576341 0.229695 2.19519
0.0156409 0.708171 2.18973
0.121008 0.490393 2.30981
0.221021 0.308101 2.30474
0.254335 0.227302 2.28586
-0.224455 0.234601 2.36369
-0.236853 -0.136639 2.52988
-0.205875 -0.488931 2.6643
-0.207363 -0.567365 2.58846
-0.0670286 0.243217 2.36789
-0.0253234 -0.191896 2.39055
-0.010333 -0.53957 2.39811
-0.0213624 -0.610751 2.30561
-0.155262 0.727048 2.16118
-0.64624 0.153487 2.20494
-0.567309 0.205364 2.14623
0.284968 0.152189 2.30587
0.220271 0.201658 2.2474
-0.0834229 0.17474 2.18927
-0.0820698 0.470722 2.08746
-0.0804009 0.754195 1.97372
-0.0562244 0.881 1.90566
-0.248022 0.668303 2.00967
-0.373187 0.438172 2.07956
-0.473198 0.261705 2.07056
-0.523834 0.199235 2.04746
0.0959731 0.653495 2.0322
0.185709 0.429739 2.13808
0.275734 0.245502 2.14464
0.311474 0.165056 2.12598
-0.159907 0.169129 2.15149
-0.204621 -0.176457 2.31089
-0.207127 -0.489267 2.59969
-0.207671 -0.569001 2.56829
-0.00402361 0.174452 2.15395
0.0238083 -0.246225 2.17323
0.0012287 -0.602678 2.24537
0.00266783 -0.668801 2.14163
-0.0808874 0.685189 2.00426
-0.593055 0.122843 2.05658
-0.521104 0.175179 1.98937
0.340995 0.0885968 2.13445
0.285645 0.143742 2.09093
-0.043252 0.12522 1.95133
-0.0375218 0.427009 1.8601
-0.031678 0.715252 1.75718
-0.0157144 0.843173 1.69424
-0.201104 0.634758 1.80897
-0.317435 0.400153 1.88498
-0.419956 0.224832 1.87726
-0.47469 0.158384 1.86228
0.142423 0.607413 1.79288
0.242258 0.378394 1.86155
0.32312 0.187812 1.81798
0.346192 0.10799 1.78007
-0.120366 0.127383 1.91598
-0.172399 -0.303679 1.84139
-0.197324 -0.6759 1.82528
-0.201642 -0.728982 1.7432
0.0354965 0.118361 1.91354
0.0446858 -0.265379 2.07938
0.00297458 -0.604655 2.23331
0.000606695 -0.676834 2.14129
-0.0331615 0.645189 1.7849
-0.545311 0.0821796 1.88214
-0.472269 0.142046 1.806
0.367242 0.03333 1.77103
0.308817 0.0927216 1.74285
-0.0810361 0.0401455 1.67705
-0.0816315 0.351778 1.60874
-0.0814329 0.647606 1.52797
-0.0598763 0.76085 1.48009
-0.247441 0.554833 1.55456
-0.371966 0.313867 1.60629
-0.471576 0.137347 1.5827
-0.52303 0.0749766 1.56162
0.0917622 0.541358 1.5717
0.180343 0.306608 1.65138
0.266465 0.118396 1.62765
0.290077 0.0381878 1.59463
-0.15967 0.0391162 1.63595
-0.193719 -0.401225 1.60985
-0.192891 -0.770114 1.62012
-0.189828 -0.814085 1.53138
0.00113361 0.0393988 1.64489
0.0390254 -0.280895 1.78406
0.0110373 -0.572546 2.09095
0.0132423 -0.622906 1.98089
-0.0816062 0.5759 1.55015
-0.590446 -1.3591e-005 1.57124
-0.522664 0.0577984 1.49724
0.315495 -0.035507 1.58952
0.259047 0.0163505 1.55071
-0.125568 0.0203467 1.54656
-0.125636 0.33299 1.46825
-0.124277 0.628443 1.37722
-0.0861482 0.736662 1.32816
-0.287575 0.525229 1.38981
-0.41641 0.293888 1.39757
-0.503569 0.117907 1.33383
-0.546388 0.0591123 1.28504
0.0491578 0.528342 1.43428
0.13559 0.298418 1.52062
0.221123 0.113525 1.49395
0.251831 0.0367546 1.45585
-0.203583 0.0167678 1.50363
-0.205448 -0.384003 1.55702
-0.191786 -0.766125 1.61141
-0.191343 -0.820358 1.53596
-0.041592 0.0229148 1.51626
0.00502422 -0.339038 1.55038
-0.0196077 -0.656484 1.83161
-0.00911685 -0.704968 1.72362
-0.124827 0.557036 1.40191
-0.601946 -0.0144834 1.2634
-0.527184 0.0501898 1.2129
0.276758 -0.0389623 1.44998
0.222956 0.0156198 1.40758
-0.114054 0.0282837 1.58835
-0.12062 0.341497 1.50913
-0.125931 0.63806 1.41778
-0.0937897 0.748564 1.36892
-0.288777 0.528666 1.43163
-0.412733 0.294486 1.44821
-0.495488 0.112152 1.40128
-0.538287 0.0533262 1.38092
0.0489073 0.535851 1.47577
0.138358 0.311567 1.55979
0.22858 0.129078 1.53249
0.260931 0.0508516 1.51423
-0.191453 0.0233971 1.54506
-0.207545 -0.384745 1.56938
-0.194971 -0.767418 1.61058
-0.194461 -0.822821 1.53546
-0.0314088 0.0318668 1.55846
0.015513 -0.308416 1.65756
-0.00696762 -0.604263 1.96069
0.00335036 -0.654246 1.85217
-0.124807 0.566313 1.44252
-0.591904 -0.0204819 1.36841
-0.523832 0.0435197 1.32069
0.287793 -0.024154 1.51472
0.233694 0.0240505 1.4675
-0.0542989 0.0826805 1.84201
-0.0576366 0.384926 1.74361
-0.0606807 0.673242 1.63354
-0.0392844 0.792875 1.57482
-0.226844 0.582864 1.66175
-0.345447 0.344626 1.7185
-0.440192 0.165284 1.69496
-0.482242 0.102526 1.6842
0.114791 0.574205 1.69205
0.215576 0.346169 1.77052
0.308591 0.160325 1.75337
0.338959 0.0804495 1.74396
-0.132518 0.0804723 1.80078
-0.172331 -0.351729 1.74023
-0.198127 -0.691688 1.68136
-0.201325 -0.739679 1.59481
0.0260759 0.0816454 1.81006
0.030087 -0.294353 1.95396
-0.02488 -0.63473 2.12209
-0.0275658 -0.704253 2.03748
-0.059992 0.603236 1.66301
-0.541302 0.0226713 1.67162
-0.471688 0.0860581 1.62945
0.366342 0.0020285 1.75338
0.307289 0.0539798 1.70432
-0.0855003 0.153984 2.02901
-0.0716712 0.457373 1.93736
-0.057858 0.747512 1.83431
-0.0311765 0.876758 1.77207
-0.224506 0.657766 1.86511
-0.34514 0.419092 1.91557
-0.437788 0.238674 1.89115
-0.492583 0.177009 1.88254
0.117249 0.63825 1.89519
0.20109 0.420925 1.98861
0.287158 0.236436 1.98171
0.319301 0.157134 1.96864
-0.159999 0.154759 1.98758
-0.215933 -0.196549 2.13585
-0.231855 -0.506178 2.4273
-0.243042 -0.583984 2.38672
-0.00792819 0.147673 1.99747
0.00711793 -0.25974 2.05479
-0.0253916 -0.620425 2.14097
-0.0245216 -0.696047 2.05114
-0.0613289 0.676932 1.86205
-0.553194 0.0962868 1.88089
-0.485625 0.156242 1.82385
0.352199 0.0839891 1.96785
0.297833 0.120355 1.92138
-0.16856 0.207397 2.31146
-0.163026 0.492169 2.18046
-0.156193 0.766219 2.03835
-0.134274 0.896391 1.97015
-0.324321 0.681676 2.07306
-0.433339 0.442556 2.1032
-0.508007 0.256627 2.05915
-0.552703 0.185908 2.0432
0.015484 0.674846 2.10519
0.102044 0.452458 2.22446
0.189854 0.268997 2.20475
0.212803 0.190904 2.19835
-0.244123 0.201812 2.27266
-0.258017 -0.148664 2.45137
-0.238807 -0.496258 2.61078
-0.243035 -0.574773 2.54412
-0.0876672 0.20657 2.27755
-0.0430317 -0.230437 2.25146
-0.0274726 -0.553121 2.23961
-0.020462 -0.613281 2.13281
-0.158107 0.699381 2.07588
-0.605428 0.103899 2.03017
-0.526163 0.175967 1.99043
0.235664 0.11326 2.21309
0.18137 0.160658 2.15656
-0.190415 0.240129 2.37773
-0.193776 0.528129 2.25919
-0.196218 0.805193 2.12968
-0.180411 0.933889 2.06106
-0.365917 0.719287 2.16499
-0.476577 0.482466 2.22498
-0.562425 0.298742 2.21156
-0.613133 0.234072 2.20682
-0.0249836 0.713859 2.19242
0.0717699 0.490045 2.30974
0.158761 0.306018 2.30474
0.185266 0.227508 2.29883
-0.265573 0.232458 2.33703
-0.27002 -0.144831 2.49334
-0.237092 -0.494467 2.62229
-0.239251 -0.574539 2.55209
-0.109462 0.240536 2.34582
-0.0770988 -0.148639 2.4561
-0.0859937 -0.466471 2.69882
-0.0815895 -0.538679 2.63967
-0.195801 0.737611 2.16407
-0.678121 0.154637 2.22091
-0.610144 0.208975 2.15517
0.212851 0.152562 2.32041
0.155654 0.196976 2.25947
-0.18905 0.238947 2.36827
-0.19495 0.525407 2.24696
-0.199661 0.800657 2.11426
-0.183424 0.92726 2.04291
-0.368247 0.713756 2.15096
-0.476873 0.479574 2.22105
-0.561521 0.295285 2.2122
-0.603999 0.226924 2.18985
-0.0277229 0.71239 2.17701
0.0730079 0.489686 2.29335
0.160959 0.306026 2.27824
0.190901 0.225686 2.25067
-0.263847 0.231259 2.32895
-0.270004 -0.143756 2.48867
-0.237543 -0.492328 2.62257
-0.237423 -0.573241 2.55566
-0.108442 0.239292 2.33492
-0.0632952 -0.179051 2.36596
-0.0527558 -0.539942 2.43717
-0.059021 -0.619141 2.34766
-0.19871 0.733554 2.14948
-0.668601 0.145432 2.19765
-0.597626 0.202226 2.13872
0.216647 0.15236 2.26194
0.158291 0.20309 2.2102
-0.146445 0.16414 2.18888
-0.143693 0.460516 2.0821
-0.140251 0.744435 1.9629
-0.120638 0.870851 1.89236
-0.310641 0.658789 2.00546
-0.431553 0.428777 2.0777
-0.529171 0.251324 2.07369
-0.580449 0.188437 2.04932
0.0369448 0.646147 2.01906
0.134395 0.42267 2.13621
0.231819 0.243767 2.14252
0.268203 0.167733 2.13579
-0.220465 0.157222 2.15326
-0.249871 -0.170484 2.37438
-0.245324 -0.498455 2.59966
-0.246633 -0.57803 2.53997
-0.0675627 0.165572 2.15157
-0.0388168 -0.300307 2.1401
-0.0437283 -0.630843 2.12075
-0.0447148 -0.695394 2.01413
-0.141251 0.675306 1.99482
-0.652193 0.111027 2.06396
-0.575834 0.165027 1.991
0.30062 0.0908095 2.15124
0.245297 0.137367 2.09976
-0.0841643 0.130591 1.92844
-0.0778482 0.431651 1.84108
-0.0711214 0.719001 1.74208
-0.0534753 0.841384 1.67729
-0.239957 0.637099 1.79263
-0.348242 0.401936 1.87433
-0.449689 0.226125 1.86882
-0.505223 0.157004 1.85149
0.10578 0.613025 1.77562
0.205059 0.380882 1.84289
0.289195 0.188368 1.79656
0.311792 0.108859 1.75956
-0.16027 0.132866 1.89244
-0.212567 -0.236087 1.86581
-0.193738 -0.602048 2.08822
-0.185303 -0.673828 2.04297
-0.00485925 0.123348 1.89143
0.00684253 -0.267884 1.9976
-0.0372822 -0.628517 2.11768
-0.0422841 -0.697656 2.02726
-0.0728752 0.649176 1.76881
-0.572652 0.081507 1.87406
-0.506366 0.138812 1.78878
0.33085 0.0336899 1.75696
0.276103 0.0910471 1.71781
-0.103762 0.0350289 1.68229
-0.106826 0.345889 1.60634
-0.108653 0.641167 1.51822
-0.084393 0.752993 1.47005
-0.272995 0.549488 1.55172
-0.389895 0.310206 1.61988
-0.484078 0.130363 1.60545
-0.538355 0.0637599 1.58965
0.0652887 0.538996 1.56905
0.166293 0.306506 1.6476
0.253188 0.122802 1.61369
0.276727 0.041195 1.58172
-0.1817 0.0351927 1.63859
-0.217985 -0.402013 1.59879
-0.234305 -0.755095 1.5832
-0.230304 -0.80727 1.50048
-0.0213195 0.0333441 1.65278
-0.00622442 -0.296912 1.82564
-0.0415882 -0.630468 2.08847
-0.0401291 -0.706061 2.0203
-0.108381 0.569593 1.54221
-0.603063 -0.014082 1.60764
-0.538612 0.0443103 1.52563
0.301494 -0.0345893 1.57818
0.24553 0.0192357 1.5356
-0.151285 0.0103097 1.51527
-0.157716 0.326124 1.44047
-0.162526 0.624546 1.35324
-0.120608 0.730685 1.30438
-0.325034 0.514568 1.36355
-0.447923 0.278541 1.38726
-0.531229 0.0964069 1.34125
-0.581527 0.0320213 1.3033
0.0115561 0.522579 1.42081
0.0975369 0.298828 1.5149
0.186381 0.114755 1.49967
0.216555 0.0374214 1.47025
-0.228074 0.00733121 1.47036
-0.249238 -0.371698 1.50339
-0.236374 -0.762198 1.56487
-0.231542 -0.822437 1.50175
-0.0672241 0.0127874 1.4871
-0.019431 -0.330773 1.57813
-0.0285072 -0.621486 1.88623
-0.0144148 -0.670391 1.77817
-0.161593 0.552439 1.37695
-0.636739 -0.0448579 1.29964
-0.5679 0.0252979 1.23376
0.242848 -0.0398628 1.47146
0.196125 0.0110801 1.42283
-0.140759 0.0110328 1.50371
-0.156684 0.325744 1.42403
-0.168995 0.622993 1.33243
-0.12967 0.72478 1.27892
-0.333288 0.507076 1.33907
-0.444167 0.275084 1.35858
-0.515052 0.0874306 1.31246
-0.551022 0.0224198 1.28719
0.00726888 0.524263 1.40157
0.0993293 0.303245 1.49311
0.194306 0.122189 1.48036
0.237099 0.0466571 1.46668
-0.217587 0.00606997 1.45826
-0.249914 -0.36804 1.4849
-0.237849 -0.75752 1.55843
-0.232432 -0.821173 1.50525
-0.0570799 0.0154659 1.47608
-0.0099803 -0.309656 1.60548
-0.0208625 -0.610301 1.90467
-0.00541282 -0.659672 1.79696
-0.166378 0.551185 1.35713
-0.603005 -0.0597788 1.27803
-0.535295 0.0129466 1.21338
0.263855 -0.0306223 1.47179
0.215737 0.0168196 1.41971
-0.0678589 0.0420706 1.71723
-0.0714111 0.346671 1.62065
-0.0742899 0.636447 1.51243
-0.0443162 0.741548 1.46026
-0.232721 0.545401 1.53132
-0.344444 0.305617 1.58142
-0.4194 0.118645 1.54077
-0.456099 0.0536621 1.52293
0.100427 0.543981 1.58162
0.190918 0.312488 1.67284
0.279036 0.129639 1.64374
0.30538 0.0509117 1.62484
-0.146105 0.040414 1.67208
-0.198972 -0.40086 1.6211
-0.235184 -0.768849 1.57242
-0.231714 -0.822927 1.49744
0.0132555 0.0419336 1.68912
0.0230804 -0.292263 1.87284
-0.0155673 -0.637391 2.08956
-0.0199658 -0.705518 2.0121
-0.0737041 0.566207 1.54141
-0.507838 -0.0307475 1.50904
-0.439241 0.0395775 1.46724
0.328405 -0.022133 1.6185
0.27495 0.0289719 1.58388
-0.07102 0.109015 1.8641
-0.046626 0.40935 1.76623
-0.0223033 0.695787 1.65678
0.0183226 0.807983 1.59801
-0.186551 0.614142 1.68156
-0.312949 0.384144 1.7533
-0.403553 0.201973 1.73678
-0.440834 0.160801 1.73694
0.1473 0.587729 1.71953
0.216438 0.357387 1.82553
0.29475 0.169433 1.81943
0.315162 0.0859126 1.82037
-0.14809 0.113542 1.82086
-0.21189 -0.268002 1.87034
-0.219477 -0.626156 2.03587
-0.237671 -0.706055 1.96973
0.00882366 0.100222 1.83423
0.0157414 -0.277275 1.9498
-0.0106551 -0.634837 2.09838
-0.0224172 -0.703084 2.01803
-0.0283602 0.626249 1.68611
-0.501428 0.0792409 1.72754
-0.438015 0.124918 1.68091
0.339487 0.0139421 1.82494
0.289986 0.0423911 1.78032
-0.118889 0.144923 2.05354
-0.107172 0.450689 1.96291
-0.0945655 0.74354 1.86193
-0.0560853 0.876044 1.80463
-0.258528 0.654456 1.88877
-0.366398 0.418753 1.91203
-0.441909 0.237235 1.84919
-0.48434 0.170766 1.81731
0.0809984 0.631017 1.92281
0.146789 0.404682 2.00151
0.221497 0.217575 1.96011
0.245368 0.137912 1.92804
-0.196028 0.140241 2.01485
-0.246994 -0.164054 2.22411
-0.251942 -0.518266 2.4644
-0.255992 -0.59789 2.4245
-0.0375044 0.144474 2.01924
-0.00558671 -0.267964 2.01817
-0.0124833 -0.634614 2.10378
-0.020563 -0.699932 2.02051
-0.0978239 0.672242 1.88906
-0.533849 0.091685 1.79147
-0.468569 0.160482 1.75488
0.265618 0.0667101 1.91507
0.216064 0.113278 1.87983
-0.177133 0.211198 2.27162
-0.177317 0.502254 2.15172
-0.176285 0.781769 2.02061
-0.149188 0.91147 1.95667
-0.343353 0.688195 2.04917
-0.437979 0.448802 2.09662
-0.506236 0.257829 2.07236
-0.548357 0.186862 2.0601
-0.00573346 0.690092 2.09627
0.072307 0.463617 2.20938
0.149824 0.275219 2.19309
0.174763 0.197991 2.18169
-0.252521 0.202622 2.22879
-0.27083 -0.155315 2.37575
-0.254407 -0.519991 2.51123
-0.254202 -0.603935 2.43703
-0.0960722 0.213006 2.2418
-0.040475 -0.198269 2.24603
-0.027617 -0.549603 2.32045
-0.0236948 -0.618054 2.21536
-0.176749 0.713655 2.05539
-0.597217 0.110209 2.05338
-0.527441 0.176084 2.01493
0.195456 0.120351 2.19647
0.143293 0.171834 2.1393
-0.170676 0.22729 2.32015
-0.171873 0.5235 2.21267
-0.171949 0.808724 2.09474
-0.148131 0.94054 2.03556
-0.338625 0.715849 2.12655
-0.440921 0.479471 2.20192
-0.524618 0.294766 2.19859
-0.575054 0.228513 2.19968
0.000412342 0.710682 2.16299
0.0856997 0.485336 2.28283
0.175649 0.305303 2.30197
0.217431 0.228335 2.30307
-0.245901 0.220412 2.2774
-0.265446 -0.155771 2.40556
-0.254703 -0.517975 2.51452
-0.253662 -0.601128 2.44965
-0.0900256 0.227079 2.29028
-0.0397341 -0.168273 2.40101
-0.0275453 -0.520558 2.52555
-0.0220359 -0.601377 2.43117
-0.172118 0.739128 2.12619
-0.638238 0.148836 2.2087
-0.580052 0.205859 2.13782
0.250651 0.155733 2.31849
0.199088 0.191948 2.26137
-0.120658 0.22986 2.32142
-0.120148 0.533325 2.23137
-0.11802 0.825164 2.13064
-0.0906912 0.9575 2.07546
-0.283032 0.729448 2.1607
-0.391031 0.487011 2.22741
-0.480937 0.305067 2.21288
-0.528929 0.231621 2.19945
0.0593961 0.718839 2.19005
0.142719 0.491501 2.2799
0.23385 0.309663 2.26178
0.274851 0.233249 2.22873
-0.196241 0.226007 2.27987
-0.242427 -0.16135 2.40201
-0.255249 -0.517812 2.5159
-0.252531 -0.600423 2.44585
-0.0412278 0.226465 2.29014
-0.0235948 -0.161128 2.41002
-0.0220314 -0.521288 2.52935
-0.0207456 -0.599734 2.43818
-0.118727 0.753942 2.15776
-0.583686 0.160179 2.21666
-0.522583 0.227342 2.13717
0.311405 0.162938 2.22765
0.254585 0.199452 2.18364
-0.0925725 0.225173 2.3092
-0.0915266 0.531862 2.23054
-0.0891696 0.826423 2.14047
-0.0615517 0.962079 2.08779
-0.254228 0.731189 2.16901
-0.360214 0.484894 2.22728
-0.447037 0.301387 2.21036
-0.503726 0.230982 2.19662
0.0896038 0.716101 2.19692
0.174619 0.487087 2.27631
0.265863 0.305574 2.25469
0.30902 0.228561 2.23453
-0.168131 0.22189 2.26744
-0.222619 -0.171261 2.39523
-0.252081 -0.52242 2.51762
-0.254526 -0.599887 2.44458
-0.0140813 0.221352 2.27804
-0.00620918 -0.1616 2.40383
-0.0212251 -0.519147 2.531
-0.019338 -0.601483 2.4395
-0.0899197 0.754549 2.16497
-0.561278 0.158547 2.20719
-0.498969 0.22534 2.13679
0.34586 0.157408 2.23612
0.288912 0.192236 2.18847
-0.0882346 0.221637 2.30116
-0.087853 0.530317 2.22888
-0.0859736 0.825987 2.14298
-0.056557 0.962642 2.09113
-0.250253 0.72999 2.1697
-0.358756 0.484532 2.227
-0.447467 0.30192 2.21151
-0.512462 0.235366 2.19666
0.0942143 0.71436 2.20036
0.181209 0.483947 2.28007
0.275584 0.303825 2.26726
0.322552 0.228481 2.24606
-0.163967 0.218616 2.25865
-0.219798 -0.173566 2.39106
-0.250842 -0.522879 2.51807
-0.254164 -0.600959 2.44186
-0.00972055 0.217662 2.27071
-0.00386643 -0.162878 2.39923
-0.0214646 -0.519051 2.5316
-0.0192776 -0.600378 2.44242
-0.0867242 0.753953 2.1664
-0.571673 0.160909 2.20559
-0.503218 0.232766 2.13739
0.360346 0.158443 2.24518
0.303835 0.196529 2.19912
-0.0924345 0.218621 2.29167
-0.0913925 0.528369 2.2235
-0.0894657 0.825562 2.14249
-0.0583171 0.963038 2.09311
-0.254013 0.727286 2.16564
-0.365683 0.482554 2.22041
-0.459302 0.3027 2.19996
-0.515621 0.230641 2.18103
0.0902246 0.711817 2.20001
0.176894 0.4819 2.27519
0.270987 0.301669 2.25926
0.306372 0.226543 2.22741
-0.168272 0.215921 2.24877
-0.222613 -0.171879 2.38604
-0.251058 -0.518412 2.51575
-0.255219 -0.59757 2.4463
-0.0136642 0.214389 2.26163
-0.00635952 -0.163858 2.39476
-0.0213364 -0.517928 2.53028
-0.0198386 -0.601096 2.44189
-0.0900348 0.75317 2.16496
-0.575489 0.151882 2.19108
-0.510366 0.223768 2.12099
0.341077 0.156164 2.22411
0.290828 0.195868 2.18406
