-0.0733717 0.220695 2.30049
-0.0693289 0.526049 2.21114
-0.0649747 0.819496 2.11056
-0.0444368 0.954035 2.05698
-0.213326 0.716394 2.10347
-0.314365 0.60217 1.92614
-0.350631 0.460551 1.72305
-0.363613 0.409471 1.68675
0.0959891 0.708374 2.11274
0.181552 0.600635 1.87327
0.183589 0.41943 1.66744
0.182888 0.403651 1.65106
-0.148689 0.217319 2.26155
-0.197855 -0.163392 2.38544
-0.218304 -0.514392 2.4972
-0.240421 -0.593302 2.42219
0.0042219 0.217113 2.26675
0.0495652 -0.163987 2.38412
0.0697132 -0.519202 2.51094
0.0690478 -0.595894 2.4216
-0.0661203 0.747922 2.1377
-0.366744 0.341372 1.6645
-0.302681 0.384417 1.69939
0.174838 0.344859 1.62394
0.240017 0.387083 1.6392
-0.0734503 0.220443 2.30016
-0.0693847 0.52593 2.21093
-0.0649766 0.819388 2.11042
-0.0449144 0.953884 2.0565
-0.214467 0.716251 2.10401
-0.319418 0.610234 1.90434
-0.352829 0.458205 1.72383
-0.3637 0.407297 1.68815
0.095797 0.70812 2.11239
0.181458 0.602975 1.87348
0.185478 0.428106 1.67652
0.182211 0.402566 1.65184
-0.148784 0.217133 2.26109
-0.198384 -0.165536 2.38658
-0.218393 -0.51392 2.49756
-0.239885 -0.595276 2.41956
0.00416337 0.216786 2.26653
0.0499028 -0.166339 2.38505
0.0672311 -0.520054 2.50848
0.0685635 -0.595505 2.42093
-0.0661369 0.747817 2.13756
-0.371235 0.341611 1.66835
-0.303164 0.380851 1.70068
0.173845 0.344364 1.62659
0.235657 0.392868 1.6365
-0.0739478 0.220868 2.30072
-0.0696402 0.526214 2.2116
-0.065074 0.819632 2.11148
-0.0452184 0.95396 2.05718
-0.215267 0.718585 2.10484
-0.31685 0.607891 1.91059
-0.352348 0.459872 1.72408
-0.362239 0.409831 1.68821
0.0954656 0.708669 2.11305
0.17737 0.601877 1.88065
0.182507 0.424693 1.67024
0.183462 0.405862 1.6529
-0.149168 0.21763 2.26153
-0.198854 -0.16508 2.38676
-0.217984 -0.51416 2.49752
-0.240461 -0.593374 2.41896
0.00355074 0.217179 2.26739
0.0496893 -0.163548 2.38425
0.0678847 -0.521668 2.51013
0.0690261 -0.59764 2.42018
-0.0662812 0.748066 2.1385
-0.367871 0.344502 1.66776
-0.304396 0.391811 1.70379
0.17739 0.349922 1.62823
0.240895 0.386737 1.63895
-0.0713037 0.171155 2.35426
-0.0671385 0.456187 2.23815
-0.0626447 0.729085 2.10973
-0.0464813 0.860083 2.04589
-0.215717 0.646438 2.11183
-0.32113 0.549252 1.90781
-0.358834 0.4098 1.73134
-0.373829 0.34244 1.68443
0.0956122 0.630906 2.11756
0.166933 0.519922 1.95256
0.181822 0.381731 1.71483
0.18273 0.327758 1.64983
-0.147774 0.168548 2.31509
-0.229468 -0.185332 2.32743
-0.225625 -0.532959 2.49577
-0.242247 -0.600228 2.41485
0.00736901 0.168468 2.32069
0.0789196 -0.194595 2.31574
0.0696005 -0.530816 2.50008
0.0693366 -0.603977 2.41406
-0.0638262 0.662602 2.14403
-0.380951 0.278444 1.65862
-0.314051 0.310407 1.69732
0.17602 0.266415 1.61752
0.131762 0.301584 1.66724
-0.0717104 -0.0856289 2.49453
-0.0687481 0.180505 2.34032
-0.0654558 0.438762 2.17339
-0.0512801 0.569242 2.09947
-0.218563 0.368856 2.17373
-0.326525 0.274008 1.96387
-0.365361 0.146868 1.76783
-0.380911 0.077725 1.72659
0.0939546 0.354863 2.18217
0.173177 0.231883 1.98054
0.195421 0.157411 1.78928
0.185251 0.0682917 1.69057
-0.146266 -0.084002 2.45525
-0.279165 -0.297543 2.17554
-0.233779 -0.559052 2.46456
-0.251222 -0.63015 2.40935
0.00493927 -0.0847628 2.46094
0.112065 -0.300709 2.17013
0.0639573 -0.572904 2.4743
0.0749935 -0.635678 2.39572
-0.0663441 0.375441 2.21741
-0.399359 0.014466 1.69945
-0.319948 0.0482879 1.73395
0.181379 0.0145757 1.65071
0.135987 0.0400777 1.70226
-0.0653593 -0.10202 2.497
-0.0596122 0.163055 2.33871
-0.0535092 0.420747 2.16765
-0.0398969 0.552004 2.09177
-0.208383 0.353513 2.16633
-0.314805 0.247784 1.95242
-0.353855 0.0925973 1.75813
-0.362904 0.0588175 1.72525
0.10351 0.332487 2.17806
0.179659 0.213871 1.99888
0.189404 0.0883763 1.75422
0.192562 0.0483338 1.68905
-0.139572 -0.0990428 2.45774
-0.270077 -0.310808 2.17535
-0.224121 -0.569393 2.46508
-0.255156 -0.635438 2.40958
0.0107776 -0.102016 2.46341
0.105546 -0.318 2.1681
0.0580599 -0.584865 2.47133
0.0815825 -0.639507 2.38628
-0.0550933 0.357515 2.21271
-0.379059 -0.00404966 1.69856
-0.301641 0.0318872 1.73345
0.192946 -0.0120671 1.64124
0.14382 0.0228135 1.70617
-0.0534901 0.211771 2.38292
-0.0466881 0.480675 2.23681
-0.0396906 0.739032 2.07812
-0.0225914 0.865907 2.00988
-0.193887 0.663594 2.08498
-0.297025 0.548078 1.88206
-0.340961 0.365555 1.71095
-0.354011 0.32274 1.67697
0.122978 0.646255 2.09242
0.188436 0.523034 1.93431
0.206261 0.428398 1.75183
0.195027 0.320603 1.63555
-0.129829 0.211381 2.34466
-0.206361 -0.155051 2.3752
-0.223567 -0.517971 2.48893
-0.243739 -0.604685 2.41489
0.024219 0.20555 2.34789
0.0842608 -0.16603 2.36752
0.0734554 -0.52447 2.49141
0.0721352 -0.608691 2.41265
-0.0415022 0.676008 2.11985
-0.370794 0.253768 1.65822
-0.290785 0.304223 1.69359
0.187302 0.257549 1.59962
0.146179 0.307993 1.65122
-0.058292 0.233469 2.33885
-0.0496695 0.521432 2.22276
-0.0422097 0.803364 2.09186
-0.0237705 0.938218 2.0336
-0.194894 0.713635 2.09005
-0.296157 0.606716 1.90161
-0.33881 0.446245 1.70506
-0.352218 0.406963 1.67543
0.115585 0.699241 2.101
0.18 0.574075 1.9439
0.188995 0.454101 1.69642
0.187651 0.412082 1.62687
-0.133593 0.231419 2.30134
-0.191457 -0.158175 2.41132
-0.221054 -0.515808 2.49968
-0.239903 -0.595855 2.41801
0.0187985 0.228275 2.30377
0.0642158 -0.154 2.41216
0.0724741 -0.523355 2.50764
0.0697122 -0.599073 2.42119
-0.0440627 0.734145 2.12564
-0.36302 0.343819 1.65273
-0.290605 0.386131 1.69238
0.185218 0.356287 1.58987
0.138286 0.40004 1.64085
-0.060371 0.232046 2.3222
-0.0533469 0.527639 2.21775
-0.0469495 0.813756 2.09992
-0.0266 0.948055 2.04472
-0.198142 0.720127 2.09603
-0.303268 0.616414 1.89602
-0.344777 0.464833 1.71115
-0.357922 0.412505 1.67524
0.112924 0.705669 2.10569
0.188982 0.595968 1.86977
0.199839 0.4575 1.71783
0.180558 0.39718 1.63574
-0.135279 0.229269 2.28409
-0.191723 -0.162217 2.40043
-0.220562 -0.5156 2.50121
-0.23936 -0.594083 2.41825
0.0164156 0.227542 2.28765
0.0626973 -0.157333 2.40005
0.0719618 -0.522614 2.50835
0.0695798 -0.595722 2.42172
-0.0484831 0.743741 2.13098
-0.369499 0.347554 1.65069
-0.296993 0.391017 1.68874
0.17397 0.337214 1.59442
0.129688 0.374262 1.65255
-0.0636651 0.173888 2.38396
-0.0559684 0.443769 2.2463
-0.048089 0.702803 2.09666
-0.0291289 0.830375 2.02344
-0.200982 0.628081 2.10278
-0.298277 0.500236 1.96892
-0.348287 0.338964 1.75251
-0.362306 0.287258 1.70153
0.10932 0.605871 2.10908
0.174693 0.479499 1.95378
0.183711 0.335752 1.73394
0.178941 0.266294 1.65417
-0.139979 0.173342 2.34741
-0.214083 -0.183577 2.3415
-0.224002 -0.52614 2.4964
-0.241164 -0.596906 2.41684
0.0145986 0.169113 2.34776
0.0809664 -0.195154 2.33645
0.0697535 -0.531033 2.50343
0.0692597 -0.601106 2.41832
-0.0500985 0.639677 2.13622
-0.373382 0.22013 1.66915
-0.29865 0.254241 1.71656
0.181 0.207599 1.6082
0.127037 0.24225 1.67325
-0.0654968 -0.0169429 2.47348
-0.0574501 0.241588 2.31378
-0.0491876 0.487641 2.14625
-0.0331495 0.615869 2.06879
-0.202643 0.427214 2.14951
-0.322981 0.29392 1.95385
-0.369654 0.151039 1.76322
-0.377514 0.0950407 1.74325
0.106726 0.408211 2.15277
0.175842 0.276142 2.00535
0.193424 0.144821 1.80166
0.187297 0.0485778 1.71667
-0.139788 -0.0149642 2.43525
-0.252464 -0.309757 2.24421
-0.232278 -0.549399 2.47397
-0.248741 -0.617564 2.40857
0.0106512 -0.0185746 2.43902
0.0874504 -0.323089 2.24356
0.0658034 -0.557379 2.48256
0.0726028 -0.619506 2.40158
-0.0512687 0.42826 2.1907
-0.392836 0.0270259 1.71541
-0.313491 0.0759002 1.74526
0.180743 -0.014274 1.67618
0.125531 0.00677887 1.73488
-0.0661756 -0.0735021 2.46255
-0.0569095 0.182792 2.31311
-0.047826 0.43523 2.15006
-0.0309737 0.562732 2.0709
-0.201951 0.372249 2.15317
-0.309229 0.254047 1.99715
-0.368328 0.0931497 1.78368
-0.379723 0.0462632 1.74708
0.107773 0.34169 2.15669
0.181028 0.214189 1.99031
0.189624 0.0626701 1.77235
0.185698 0.000959355 1.71288
-0.140826 -0.0678858 2.4253
-0.284007 -0.303285 2.17233
-0.230784 -0.559755 2.46643
-0.253832 -0.628976 2.41039
0.0104441 -0.0769578 2.4268
0.113498 -0.320451 2.15964
0.0622813 -0.571714 2.47037
0.0768432 -0.634659 2.39311
-0.0500762 0.373163 2.19323
-0.390361 -0.0236541 1.72835
-0.311819 0.0330925 1.74743
0.174138 -0.0666867 1.67877
0.252255 -0.0265524 1.70756
-0.050615 0.179035 2.38102
-0.0448215 0.438363 2.22692
-0.0388881 0.688319 2.06106
-0.0226216 0.817489 1.98521
-0.194843 0.618344 2.07175
-0.295178 0.497321 1.93409
-0.348855 0.315971 1.73607
-0.36124 0.261376 1.694
0.117954 0.590704 2.0752
0.185888 0.454839 1.93034
0.195989 0.307856 1.72842
0.189906 0.229443 1.655
-0.127202 0.178784 2.34643
-0.21714 -0.172373 2.33718
-0.226692 -0.538428 2.48278
-0.245986 -0.606633 2.41893
0.0275364 0.173847 2.3429
0.0929544 -0.183818 2.32763
0.0736256 -0.542011 2.48943
0.0728676 -0.61211 2.40979
-0.0404028 0.62734 2.10465
-0.372574 0.191903 1.68137
-0.291488 0.241324 1.696
0.184051 0.161651 1.6221
0.257142 0.201229 1.64436
-0.0562471 0.234803 2.34211
-0.0477118 0.512076 2.20823
-0.0392437 0.7837 2.06232
-0.0182863 0.917969 2.00116
-0.192942 0.699955 2.06736
-0.286073 0.573894 1.92863
-0.343405 0.419825 1.70919
-0.351262 0.365058 1.67761
0.120257 0.678001 2.07544
0.184369 0.545689 1.92505
0.214643 0.47035 1.73576
0.196709 0.362374 1.63917
-0.131144 0.233705 2.3055
-0.191127 -0.161225 2.41568
-0.220502 -0.516517 2.49928
-0.240725 -0.598232 2.41588
0.0204274 0.228622 2.30608
0.0664272 -0.15538 2.41467
0.073679 -0.526162 2.50833
0.0698159 -0.605217 2.41362
-0.0413489 0.717124 2.10028
-0.358085 0.29357 1.65924
-0.28436 0.348091 1.68404
0.193693 0.298494 1.59921
0.24414 0.358872 1.6209
-0.0598857 0.231486 2.31455
-0.0501041 0.521711 2.20371
-0.0415876 0.80371 2.07815
-0.0195109 0.939925 2.02398
-0.195057 0.713231 2.07814
-0.303501 0.604311 1.89702
-0.345973 0.431232 1.70769
-0.359618 0.386698 1.67996
0.118643 0.689023 2.08566
0.179426 0.557758 1.9328
0.203537 0.480371 1.74341
0.190548 0.380655 1.64003
-0.134421 0.229401 2.27658
-0.190681 -0.163294 2.40011
-0.22043 -0.51788 2.50184
-0.239391 -0.595269 2.41849
0.0165419 0.226298 2.27984
0.0613895 -0.156297 2.39887
0.0723495 -0.524266 2.50778
0.0691633 -0.599579 2.4197
-0.0437424 0.734588 2.11085
-0.365717 0.315511 1.65937
-0.286956 0.365287 1.69061
0.186841 0.314217 1.60026
0.132835 0.351278 1.65733
-0.0619568 0.228301 2.32373
-0.0536508 0.514578 2.19993
-0.0465779 0.782918 2.06058
-0.0262357 0.9107 1.99533
-0.198889 0.701257 2.06739
-0.313445 0.564064 1.88069
-0.355965 0.39955 1.7077
-0.364184 0.340228 1.6831
0.114169 0.677124 2.07284
0.168359 0.536075 1.92358
0.18283 0.37806 1.69989
0.18375 0.323041 1.64338
-0.137376 0.22658 2.28729
-0.193952 -0.166712 2.39469
-0.21895 -0.517748 2.49965
-0.240872 -0.595621 2.41942
0.0153504 0.222912 2.28767
0.0630881 -0.162598 2.39131
0.0711226 -0.525826 2.50809
0.0691114 -0.599792 2.41961
-0.0483819 0.717841 2.09808
-0.377837 0.270958 1.66411
-0.297974 0.314959 1.69541
0.181675 0.253623 1.60495
0.125757 0.294392 1.65559
-0.0697746 0.0525837 2.42632
-0.0620368 0.308985 2.26857
-0.0534799 0.5538 2.09989
-0.034602 0.681577 2.02102
-0.2074 0.49137 2.10535
-0.321282 0.347304 1.94206
-0.371976 0.195195 1.74817
-0.383618 0.137035 1.72136
0.101595 0.46078 2.11473
0.180783 0.336524 1.96582
0.19103 0.208625 1.76772
0.189324 0.115737 1.68523
-0.144152 0.0550093 2.39045
-0.247382 -0.269061 2.26155
-0.231083 -0.540269 2.4827
-0.24429 -0.607544 2.4131
0.00667116 0.0484713 2.38922
0.0809627 -0.283852 2.25946
0.0679648 -0.548365 2.48989
0.069495 -0.613345 2.41264
-0.0556951 0.494184 2.14415
-0.392201 0.0702125 1.69773
-0.319997 0.114841 1.72277
0.182671 0.0513327 1.64656
0.134416 0.104219 1.69092
-0.0714218 -0.103386 2.4694
-0.0619099 0.156311 2.31607
-0.0523566 0.408056 2.15347
-0.0374303 0.538406 2.07541
-0.2079 0.345943 2.15796
-0.32017 0.207667 2.00349
-0.37361 0.0491307 1.79035
-0.379394 -0.00247461 1.77026
0.103121 0.324232 2.15745
0.175176 0.193731 2.00689
0.185449 0.0312486 1.78701
0.185344 -0.0295109 1.72478
-0.145737 -0.0984934 2.43282
-0.260573 -0.371208 2.20884
-0.23219 -0.567709 2.46203
-0.257883 -0.635772 2.40573
0.00497347 -0.105193 2.43325
0.0811257 -0.391484 2.20875
0.05885 -0.575923 2.47172
0.0766535 -0.636113 2.39144
-0.0547434 0.346738 2.19644
-0.386553 -0.0696363 1.74559
-0.315875 -0.0299129 1.77838
0.179965 -0.0897966 1.68976
0.251003 -0.0698694 1.71592
-0.0636118 0.0886115 2.43811
-0.0524057 0.338997 2.27628
-0.0413724 0.577163 2.10491
-0.0235194 0.712112 2.03152
-0.197629 0.512235 2.11378
-0.307917 0.363489 1.95464
-0.358331 0.182456 1.7635
-0.371833 0.143287 1.73785
0.114305 0.484993 2.11796
0.183193 0.343518 1.98043
0.197847 0.18394 1.75839
0.201169 0.130657 1.69189
-0.137805 0.0920822 2.4024
-0.232098 -0.233987 2.26882
-0.230879 -0.542452 2.46609
-0.247589 -0.614548 2.41304
0.0124895 0.0824923 2.40095
0.0873164 -0.250124 2.27105
0.0650688 -0.559003 2.47467
0.0718502 -0.625073 2.40037
-0.0441521 0.518789 2.14957
-0.376226 0.074705 1.72675
-0.302645 0.126174 1.74221
0.203625 0.0541435 1.65822
0.263934 0.100485 1.68671
-0.0602357 0.235502 2.35384
-0.0504025 0.510018 2.21526
-0.0408717 0.778056 2.06646
-0.0195246 0.912345 2.00407
-0.196053 0.695725 2.07092
-0.292162 0.567794 1.93692
-0.351747 0.402884 1.72691
-0.362792 0.350093 1.6902
0.120331 0.671759 2.08313
0.189672 0.536656 1.93853
0.207654 0.439246 1.7584
0.209319 0.345959 1.64711
-0.135721 0.234724 2.31642
-0.195363 -0.156453 2.4074
-0.221163 -0.517409 2.4984
-0.24201 -0.597235 2.41856
0.0171545 0.228955 2.31838
0.0660668 -0.157081 2.40848
0.0712233 -0.526481 2.50653
0.0704143 -0.603166 2.41822
-0.0433012 0.712416 2.10536
-0.367224 0.279841 1.67287
-0.307399 0.334402 1.67747
0.203267 0.277945 1.61088
0.273109 0.312613 1.64144
-0.064533 0.23017 2.29666
-0.0570814 0.52954 2.20853
-0.0524487 0.822272 2.10355
-0.0257005 0.964953 2.06471
-0.20272 0.717538 2.09208
-0.308048 0.605667 1.92064
-0.347138 0.454615 1.72191
-0.357968 0.414307 1.68695
0.112736 0.700701 2.10676
0.180728 0.564183 1.96279
0.19337 0.469533 1.76496
0.204017 0.417275 1.65223
-0.138424 0.227424 2.25779
-0.193679 -0.165391 2.38815
-0.220519 -0.516777 2.50076
-0.239824 -0.596319 2.41543
0.0113763 0.225636 2.26288
0.0556641 -0.16614 2.39082
0.0709764 -0.5206 2.50767
0.0694063 -0.597543 2.42141
-0.0535847 0.750391 2.13027
-0.361085 0.344343 1.66531
-0.290355 0.395109 1.69896
0.19712 0.356366 1.61486
0.268425 0.380523 1.64773
-0.0678362 0.215271 2.25328
-0.0611052 0.529495 2.20156
-0.0570993 0.829469 2.13219
-0.0283861 0.976355 2.10473
-0.209144 0.718512 2.11297
-0.31122 0.618646 1.91919
-0.344842 0.460245 1.71797
-0.35169 0.426616 1.69604
0.105367 0.700538 2.12624
0.180129 0.600102 1.90373
0.217224 0.472673 1.74731
0.1977 0.433067 1.6633
-0.141531 0.213776 2.21363
-0.193044 -0.170397 2.35201
-0.219375 -0.515554 2.49496
-0.24037 -0.594646 2.4198
0.008056 0.209822 2.22029
0.0499357 -0.175053 2.35851
0.0718466 -0.521644 2.50639
0.0690362 -0.597528 2.42052
-0.0581127 0.755904 2.14962
-0.354118 0.356506 1.66881
-0.313193 0.413718 1.66628
0.188682 0.373136 1.62595
0.258044 0.402181 1.65422
-0.0690371 0.206299 2.2361
-0.0644939 0.524378 2.19713
-0.0612763 0.827415 2.14345
-0.0284734 0.976268 2.12102
-0.211297 0.712841 2.12023
-0.304738 0.6004 1.94735
-0.338455 0.445014 1.72433
-0.341177 0.415637 1.70609
0.102532 0.695045 2.13413
0.170667 0.576276 1.9069
0.189693 0.462832 1.7268
0.193278 0.425264 1.67204
-0.143157 0.204652 2.19561
-0.193516 -0.17433 2.34315
-0.219632 -0.517283 2.4921
-0.241326 -0.594977 2.41669
0.00732221 0.201236 2.20388
0.048732 -0.180946 2.34999
0.07201 -0.524769 2.50666
0.0692318 -0.597832 2.41917
-0.0619977 0.753377 2.1579
-0.341984 0.351103 1.67552
-0.277451 0.399833 1.71677
0.187734 0.36293 1.63377
0.230511 0.429664 1.65384
-0.0689607 0.204696 2.23297
-0.065103 0.523356 2.19654
-0.0621464 0.827612 2.14731
-0.0253466 0.976438 2.12928
-0.211632 0.712065 2.122
-0.310225 0.604046 1.9464
-0.337487 0.444133 1.72576
-0.341765 0.413494 1.71045
0.10256 0.694031 2.1363
0.165337 0.565698 1.96715
0.190634 0.449422 1.72018
0.195385 0.424386 1.6729
-0.143247 0.203056 2.19178
-0.193626 -0.176877 2.34234
-0.219467 -0.518169 2.49204
-0.241213 -0.595229 2.41724
0.00754204 0.199662 2.20143
0.0478084 -0.177201 2.34614
0.0719269 -0.525118 2.50743
0.0690594 -0.596211 2.42165
-0.0628896 0.753208 2.16099
-0.341325 0.345494 1.68376
-0.27969 0.401252 1.7176
0.185275 0.36657 1.63444
0.252064 0.393952 1.66521
