-0.207941 0.198002 2.33462
-0.213639 0.488935 2.28688
-0.214516 0.766786 2.22506
-0.190763 0.92016 2.21537
-0.363668 0.647514 2.20724
-0.426261 0.471089 2.08513
-0.425394 0.349126 1.81567
-0.397986 0.316077 1.76083
-0.0627341 0.6554 2.22213
-0.0272481 0.440755 2.13752
0.0243667 0.375711 1.90497
0.0454111 0.286645 1.75762
-0.278411 0.192815 2.2967
-0.319469 -0.175502 2.41309
-0.343181 -0.544329 2.56284
-0.351848 -0.602947 2.48991
-0.131537 0.197446 2.3055
-0.115785 -0.176917 2.41379
-0.131838 -0.538368 2.56372
-0.113625 -0.611901 2.50148
-0.214841 0.698494 2.2412
-0.364034 0.286555 1.72253
-0.378677 0.374604 1.73411
0.0368841 0.253608 1.72773
0.0396635 0.341717 1.72907
-0.207196 0.196648 2.33029
-0.21085 0.488038 2.2851
-0.210426 0.767118 2.2266
-0.185322 0.920351 2.21893
-0.36024 0.646625 2.21011
-0.425719 0.472489 2.08617
-0.424893 0.336571 1.91205
-0.398232 0.3101 1.76092
-0.0593728 0.654529 2.22274
-0.0264675 0.439754 2.13634
0.0283389 0.354407 1.87505
0.0454073 0.284426 1.75615
-0.277651 0.191676 2.29278
-0.318711 -0.177704 2.40989
-0.342894 -0.545243 2.56017
-0.351481 -0.602638 2.48986
-0.130807 0.195922 2.3008
-0.115318 -0.178581 2.40909
-0.132195 -0.539625 2.56122
-0.114297 -0.611501 2.50178
-0.211069 0.698604 2.24226
-0.367286 0.29108 1.72092
-0.395677 0.364251 1.75971
0.0381512 0.25534 1.7227
0.055324 0.28793 1.71823
-0.207324 0.194874 2.32516
-0.207792 0.486917 2.28315
-0.204398 0.767332 2.22887
-0.176762 0.918825 2.22344
-0.357388 0.645474 2.20494
-0.425999 0.47399 2.07892
-0.418744 0.352165 1.82102
-0.395645 0.314901 1.76118
-0.0549131 0.65076 2.22198
-0.0250281 0.438116 2.13343
0.0299366 0.352796 1.87442
0.0471889 0.285485 1.75631
-0.277509 0.1904 2.28752
-0.31846 -0.180631 2.407
-0.342175 -0.546261 2.55676
-0.351353 -0.603339 2.48799
-0.131176 0.193706 2.29575
-0.11645 -0.18686 2.4075
-0.132187 -0.540321 2.55891
-0.114992 -0.611198 2.50107
-0.20573 0.69855 2.24374
-0.364473 0.281397 1.72467
-0.374271 0.371845 1.72826
0.0380595 0.253113 1.71863
0.0431396 0.339249 1.72383
-0.207109 0.194461 2.32382
-0.205946 0.48667 2.28211
-0.201635 0.767766 2.22896
-0.171344 0.91873 2.22583
-0.353577 0.645029 2.2051
-0.422175 0.473795 2.0787
-0.421356 0.3493 1.81606
-0.393112 0.311484 1.75817
-0.0520825 0.650126 2.22187
-0.0226518 0.436153 2.13264
0.031527 0.36819 1.88963
0.0507853 0.281895 1.75433
-0.277228 0.190252 2.28615
-0.318562 -0.180574 2.40591
-0.341969 -0.54612 2.55591
-0.351947 -0.60339 2.48778
-0.13102 0.193039 2.29442
-0.116304 -0.188257 2.40729
-0.132162 -0.540581 2.55868
-0.11545 -0.610911 2.50117
-0.203097 0.698855 2.24373
-0.358359 0.279354 1.71961
-0.374434 0.3688 1.72632
0.0433202 0.250494 1.72134
0.0450772 0.337565 1.72216
-0.206938 0.194093 2.32365
-0.204302 0.486422 2.28138
-0.198641 0.768318 2.22788
-0.169285 0.919106 2.22603
-0.349012 0.644209 2.20691
-0.411714 0.479892 2.06785
-0.424561 0.348412 1.82025
-0.391853 0.307695 1.75704
-0.0506386 0.648667 2.22028
-0.0214788 0.435306 2.13153
0.0327829 0.372782 1.89518
0.0545439 0.280009 1.75378
-0.277109 0.190049 2.28601
-0.318898 -0.180298 2.40556
-0.343045 -0.546585 2.55596
-0.352884 -0.6038 2.48693
-0.130793 0.192447 2.29424
-0.116228 -0.187247 2.40657
-0.131712 -0.541865 2.55846
-0.1155 -0.61102 2.5011
-0.200392 0.699217 2.24289
-0.360744 0.272081 1.72017
-0.369642 0.361445 1.71867
0.0443802 0.246142 1.71998
0.0481949 0.333179 1.72422
-0.206784 0.19402 2.32368
-0.203294 0.486472 2.28075
-0.197085 0.768702 2.2263
-0.167967 0.919501 2.2255
-0.348236 0.645051 2.20399
-0.41313 0.477331 2.05687
-0.424675 0.34869 1.82215
-0.388875 0.305498 1.75566
-0.0494755 0.648223 2.21932
-0.0200907 0.434209 2.13156
0.0341263 0.372173 1.89682
0.0567071 0.27861 1.75924
-0.276987 0.189993 2.28592
-0.318744 -0.179685 2.40592
-0.343561 -0.546614 2.55631
-0.351985 -0.603843 2.48755
-0.13057 0.192348 2.29449
-0.116298 -0.186232 2.40701
-0.131662 -0.542141 2.55825
-0.115316 -0.611399 2.50066
-0.19894 0.699542 2.24168
-0.357253 0.273766 1.71534
-0.367224 0.359467 1.71991
0.0492695 0.24592 1.72247
0.0521884 0.326509 1.73025
-0.206373 0.194123 2.3238
-0.202243 0.486487 2.27951
-0.195855 0.768467 2.22268
-0.167064 0.919677 2.22259
-0.347332 0.645367 2.20169
-0.414745 0.481888 2.06404
-0.413306 0.350467 1.88639
-0.384924 0.298692 1.75392
-0.0484013 0.647948 2.21747
-0.0196582 0.43334 2.13142
0.0379588 0.349094 1.88026
0.0571071 0.270989 1.75871
-0.276642 0.190202 2.28591
-0.3188 -0.179525 2.40605
-0.343034 -0.546057 2.55708
-0.35238 -0.60293 2.48801
-0.130007 0.192346 2.2949
-0.116015 -0.18471 2.40763
-0.132266 -0.541762 2.55853
-0.114771 -0.611377 2.50095
-0.197696 0.699426 2.23885
-0.352497 0.270127 1.71596
-0.367098 0.357684 1.71677
0.0477886 0.240046 1.72459
0.0517863 0.321605 1.72383
-0.205841 0.195839 2.32741
-0.201695 0.486682 2.27895
-0.194484 0.767633 2.21718
-0.16585 0.91928 2.21471
-0.348574 0.646203 2.19718
-0.41234 0.473641 2.05829
-0.415109 0.324138 1.89609
-0.384566 0.290045 1.758
-0.0472379 0.648586 2.21537
-0.0193501 0.433346 2.1322
0.0379041 0.34735 1.88241
0.0546914 0.266341 1.76291
-0.276251 0.192053 2.28919
-0.319894 -0.180557 2.39739
-0.342384 -0.547748 2.55293
-0.35174 -0.605421 2.48534
-0.129414 0.193918 2.29876
-0.117232 -0.193629 2.40916
-0.132499 -0.543258 2.55778
-0.1149 -0.611407 2.50067
-0.196499 0.699005 2.23498
-0.352245 0.265189 1.7168
-0.365111 0.345102 1.71829
0.0455289 0.232444 1.72989
0.0494377 0.314393 1.73143
-0.205408 0.197587 2.33845
-0.200895 0.486255 2.27869
-0.192135 0.76283 2.20653
-0.164302 0.914659 2.19863
-0.342322 0.643845 2.19438
-0.411201 0.460542 2.06719
-0.40717 0.336902 1.87088
-0.382041 0.273271 1.76785
-0.0439325 0.649773 2.21345
-0.0198768 0.431266 2.13727
0.035482 0.339371 1.89456
0.0468378 0.249068 1.77045
-0.27606 0.194294 2.2995
-0.323348 -0.187309 2.37834
-0.340826 -0.553419 2.54523
-0.352648 -0.612091 2.4808
-0.128832 0.195173 2.31049
-0.11315 -0.205118 2.39518
-0.131174 -0.548802 2.55046
-0.113607 -0.614786 2.49783
-0.194476 0.695566 2.22758
-0.355055 0.242777 1.73333
-0.364707 0.326774 1.73013
0.0348767 0.216535 1.73738
0.0447637 0.300491 1.7492
-0.210983 0.16692 2.38377
-0.19961 0.44137 2.29288
-0.186919 0.7038 2.191
-0.160168 0.857575 2.17268
-0.334326 0.607966 2.19262
-0.414667 0.399089 2.07727
-0.408298 0.280105 1.87659
-0.377622 0.219585 1.77951
-0.0349974 0.602663 2.21345
-0.0184852 0.38331 2.15841
0.0448508 0.294688 1.90973
0.0475462 0.204735 1.78444
-0.282012 0.166619 2.34546
-0.341368 -0.204466 2.33136
-0.349246 -0.567248 2.5275
-0.370865 -0.624927 2.46839
-0.133917 0.162569 2.35519
-0.093027 -0.221774 2.34361
-0.116319 -0.562541 2.52169
-0.106038 -0.629632 2.48372
-0.190282 0.639803 2.2187
-0.346471 0.186821 1.74211
-0.361911 0.27894 1.74687
0.0311315 0.173907 1.7468
0.0399231 0.255459 1.753
-0.212424 0.111768 2.42256
-0.19899 0.375912 2.31289
-0.184597 0.630641 2.19214
-0.158504 0.783804 2.16465
-0.331971 0.527489 2.2013
-0.412791 0.340199 2.11606
-0.399326 0.205467 1.8571
-0.381027 0.159541 1.78499
-0.0359979 0.533564 2.22559
-0.0173701 0.322998 2.16117
0.0527848 0.224889 1.92248
0.0512915 0.138151 1.79771
-0.285389 0.11179 2.38468
-0.352502 -0.245511 2.30725
-0.35468 -0.572799 2.51002
-0.373813 -0.635407 2.4646
-0.13357 0.108659 2.39331
-0.0846374 -0.252804 2.31668
-0.11485 -0.576663 2.51336
-0.106291 -0.643867 2.47731
-0.188365 0.56834 2.22438
-0.349679 0.126828 1.74501
-0.366944 0.222133 1.75767
0.0370554 0.11163 1.76572
0.0444056 0.196 1.7706
-0.221248 0.0533201 2.49039
-0.200546 0.309869 2.34128
-0.180168 0.554609 2.19341
-0.155943 0.708581 2.16028
-0.32884 0.462195 2.2075
-0.413936 0.272975 2.07731
-0.39997 0.136109 1.87023
-0.383154 0.100143 1.78108
-0.0356591 0.470162 2.22952
-0.0129108 0.255838 2.18993
0.0334429 0.133108 1.94019
0.0567127 0.0735153 1.8084
-0.292978 0.0548763 2.45194
-0.35509 -0.27769 2.27973
-0.349521 -0.578552 2.50425
-0.374661 -0.638867 2.45934
-0.143547 0.0503257 2.46167
-0.0812536 -0.285331 2.29429
-0.118973 -0.588912 2.5091
-0.101263 -0.654548 2.4807
-0.185499 0.495843 2.23206
-0.355575 0.0740952 1.74187
-0.368912 0.166337 1.75543
0.042386 0.0507415 1.77293
0.0505839 0.133553 1.78817
-0.214434 -0.0311968 2.48164
-0.196881 0.225557 2.34164
-0.178082 0.473565 2.18722
-0.15111 0.630981 2.15234
-0.32596 0.396208 2.20622
-0.410187 0.208414 2.07601
-0.409001 0.104518 1.85836
-0.3869 0.0455811 1.77013
-0.0293712 0.395825 2.22947
3.45414e-005 0.181271 2.20677
0.062409 0.0989155 1.95
0.0694365 -0.000174127 1.80888
-0.285337 -0.0284586 2.44165
-0.407956 -0.306134 2.20736
-0.345703 -0.581216 2.49583
-0.373322 -0.641422 2.45861
-0.137735 -0.0328605 2.45465
-0.0461959 -0.323926 2.21967
-0.119732 -0.592903 2.49969
-0.097 -0.655924 2.48154
-0.182994 0.412885 2.22818
-0.359039 0.016335 1.72727
-0.370838 0.110242 1.74471
0.054778 -0.028358 1.77474
0.060332 0.0551102 1.786
-0.218833 -0.0487635 2.50644
-0.19759 0.19764 2.34597
-0.175011 0.436384 2.1849
-0.149536 0.587483 2.14772
-0.323346 0.355361 2.20284
-0.4081 0.158645 2.06575
-0.399473 0.0389715 1.80739
-0.390374 0.0128009 1.76051
-0.0277278 0.359341 2.2259
-0.00862428 0.144828 2.19097
0.0682665 0.0581858 1.94644
0.0762266 -0.0374037 1.80293
-0.288696 -0.0462151 2.46692
-0.376468 -0.352039 2.25637
-0.346647 -0.591959 2.4938
-0.377534 -0.650249 2.45525
-0.143112 -0.0498992 2.47892
-0.062442 -0.361883 2.27295
-0.110954 -0.597236 2.48585
-0.102435 -0.660903 2.47594
-0.180972 0.379232 2.22778
-0.364546 -0.0188841 1.71986
-0.374568 0.0770829 1.73617
0.0637094 -0.0640688 1.76948
0.0692646 0.0202622 1.78471
-0.218798 -0.0915444 2.48542
-0.195901 0.166511 2.33792
-0.172792 0.412002 2.17761
-0.146386 0.564008 2.14466
-0.321313 0.332933 2.19994
-0.406187 0.161386 2.08795
-0.409778 0.0234189 1.83375
-0.389993 -0.00888678 1.75593
-0.0259719 0.336481 2.22294
0.00876036 0.10253 2.22137
0.0716255 0.0280673 1.94218
0.0812218 -0.0626076 1.79743
-0.286705 -0.0867941 2.44611
-0.411256 -0.342836 2.18709
-0.343623 -0.589883 2.48733
-0.375972 -0.64774 2.45676
-0.145099 -0.094065 2.45749
-0.0225479 -0.361563 2.20779
-0.109125 -0.599065 2.48048
-0.109604 -0.66173 2.47441
-0.178746 0.351984 2.21982
-0.362903 -0.038671 1.71198
-0.372717 0.0573998 1.73114
0.0666841 -0.0876326 1.76416
0.0747828 -0.000842649 1.7764
-0.216678 -0.0603962 2.50075
-0.194842 0.169485 2.33704
-0.171532 0.408319 2.1717
-0.143308 0.558867 2.13683
-0.318331 0.328052 2.19354
-0.403629 0.146139 2.06742
-0.406686 0.0273558 1.83816
-0.384532 -0.0151076 1.75059
-0.0245724 0.330483 2.21816
0.00145988 0.116715 2.18499
0.0549202 -0.00219747 1.92896
0.0854523 -0.0650442 1.79505
-0.285911 -0.0582273 2.4591
-0.374521 -0.360764 2.24366
-0.343778 -0.592488 2.48769
-0.372536 -0.652098 2.45202
-0.141574 -0.0604957 2.47543
-0.057296 -0.367113 2.26199
-0.107708 -0.603691 2.47642
-0.102939 -0.666538 2.46951
-0.177816 0.349522 2.21566
-0.35798 -0.0425041 1.71058
-0.372232 0.0554471 1.72998
0.0722666 -0.0891342 1.76243
0.081493 0.0016607 1.78017
-0.204796 -0.00455392 2.46037
-0.183959 0.233171 2.30742
-0.162461 0.464065 2.14313
-0.132168 0.611975 2.10651
-0.307962 0.378611 2.1641
-0.396987 0.204863 2.0357
-0.397865 0.0792871 1.85423
-0.374649 0.0303363 1.73531
-0.0143351 0.387227 2.18818
0.00782898 0.169976 2.17419
0.0831305 0.0845084 1.93687
0.0948628 -0.007764 1.7813
-0.277051 -0.00324012 2.42003
-0.370063 -0.331922 2.25878
-0.345338 -0.593138 2.49041
-0.372819 -0.653117 2.45178
-0.12695 -0.00577586 2.43353
-0.0624733 -0.345418 2.27975
-0.108849 -0.60178 2.4811
-0.10032 -0.667456 2.46272
-0.167982 0.407432 2.18629
-0.347635 0.00234117 1.6972
-0.357523 0.0293159 1.6895
0.0840271 -0.0362036 1.75057
0.0912754 0.0552726 1.76471
-0.192724 0.0635538 2.43778
-0.173454 0.307351 2.28491
-0.154 0.544969 2.12073
-0.12443 0.69077 2.0878
-0.299967 0.450052 2.14067
-0.389468 0.268422 2.01085
-0.398953 0.151569 1.82365
-0.361828 0.103862 1.7156
-0.00911778 0.456734 2.17035
0.0150753 0.241688 2.13914
0.0957749 0.143669 1.90172
0.103477 0.066984 1.76634
-0.26493 0.064222 2.39843
-0.357435 -0.27918 2.28048
-0.350727 -0.585052 2.49042
-0.370609 -0.648519 2.45713
-0.115205 0.0611716 2.40989
-0.0592718 -0.292667 2.29759
-0.11194 -0.594358 2.49505
-0.107786 -0.661681 2.46446
-0.158946 0.48666 2.16382
-0.334079 0.0807658 1.67307
-0.348719 0.108159 1.67481
0.0918928 0.0350113 1.7355
0.101304 0.126516 1.74778
-0.183002 0.132293 2.41031
-0.164655 0.377707 2.26375
-0.145737 0.615238 2.10607
-0.117872 0.766474 2.07647
-0.292036 0.52141 2.12085
-0.382921 0.334684 1.99281
-0.393807 0.225424 1.80095
-0.346075 0.17372 1.69877
0.000292926 0.532456 2.15239
0.0939132 0.321604 2.04239
0.107748 0.202507 1.85175
0.112148 0.141113 1.74833
-0.255138 0.131338 2.36938
-0.336585 -0.22479 2.30923
-0.350572 -0.573066 2.49678
-0.368792 -0.637016 2.4591
-0.105782 0.129596 2.38408
-0.0628479 -0.234252 2.32272
-0.113398 -0.581518 2.50661
-0.0978633 -0.64775 2.47377
-0.150585 0.557105 2.14751
-0.314367 0.147243 1.65824
-0.335629 0.234643 1.6885
0.0909537 0.103799 1.71638
0.10942 0.204519 1.71417
-0.177484 0.182962 2.38526
-0.157873 0.437125 2.24566
-0.137727 0.683359 2.09566
-0.114595 0.832492 2.07238
-0.28602 0.585323 2.10596
-0.375371 0.391279 1.98651
-0.362323 0.266428 1.75968
-0.336877 0.225923 1.68924
0.00579116 0.588764 2.14108
0.0867545 0.390469 2.08875
0.107959 0.282071 1.85808
0.120729 0.209021 1.73401
-0.248752 0.181733 2.34503
-0.320217 -0.200747 2.34675
-0.344038 -0.563142 2.52249
-0.363774 -0.62099 2.46195
-0.101228 0.179053 2.35841
-0.0709755 -0.206166 2.35696
-0.115479 -0.561495 2.52761
-0.104124 -0.627152 2.47789
-0.142863 0.62312 2.13507
-0.30437 0.183655 1.64619
-0.300507 0.213407 1.63555
0.109679 0.177904 1.70012
0.121316 0.270957 1.69611
-0.169976 0.209296 2.36612
-0.153823 0.471577 2.23839
-0.137209 0.727703 2.1008
-0.110721 0.883131 2.08461
-0.283098 0.622929 2.10459
-0.379254 0.448775 2.00557
-0.371689 0.34645 1.80946
-0.335012 0.269681 1.69053
0.00999711 0.625361 2.14026
0.0777164 0.419297 2.10526
0.110859 0.324138 1.85344
0.130425 0.258592 1.72388
-0.241444 0.206443 2.32655
-0.305417 -0.176427 2.40988
-0.340397 -0.548535 2.55391
-0.355228 -0.607692 2.47943
-0.0936896 0.206239 2.33859
-0.0906783 -0.188555 2.4041
-0.123327 -0.542522 2.55092
-0.115154 -0.611656 2.49639
-0.14142 0.664917 2.13688
-0.299668 0.240324 1.65063
-0.316239 0.330208 1.661
0.115822 0.229657 1.68471
0.129773 0.31996 1.687
-0.168717 0.209746 2.35618
-0.152585 0.47742 2.23887
-0.134749 0.743042 2.11589
-0.109794 0.900282 2.10557
-0.282932 0.633182 2.11303
-0.367726 0.454233 1.98856
-0.371282 0.33469 1.78612
-0.338613 0.284584 1.69386
0.0109907 0.628108 2.14165
0.106072 0.428881 2.03624
0.132089 0.315827 1.76942
0.132449 0.274757 1.72415
-0.240352 0.206828 2.31615
-0.299691 -0.173509 2.43773
-0.333377 -0.542779 2.55926
-0.354165 -0.605965 2.48343
-0.092295 0.206677 2.32911
-0.0971207 -0.170645 2.42875
-0.124579 -0.533943 2.56371
-0.114755 -0.605886 2.5075
-0.139257 0.677927 2.14772
-0.308141 0.25326 1.65724
-0.320211 0.343189 1.66541
0.113189 0.243192 1.68723
0.130573 0.339575 1.6905
-0.168335 0.208934 2.35015
-0.151887 0.482656 2.24216
-0.134083 0.754376 2.13176
-0.110223 0.911549 2.12991
-0.284114 0.63963 2.12376
-0.368081 0.456449 1.992
-0.374742 0.325119 1.81445
-0.34525 0.287293 1.70358
0.012172 0.631652 2.14601
0.0785257 0.424388 2.12009
0.108526 0.336546 1.86319
0.129023 0.279085 1.73508
-0.239989 0.206088 2.3092
-0.30066 -0.16786 2.43002
-0.333787 -0.542892 2.56002
-0.354212 -0.606031 2.48403
-0.0918954 0.205813 2.32397
-0.0967961 -0.168385 2.43593
-0.124147 -0.529807 2.56616
-0.112225 -0.60728 2.51008
-0.138566 0.687986 2.16072
-0.313172 0.2636 1.66354
-0.33847 0.344725 1.69777
0.116265 0.254983 1.69619
0.129315 0.342094 1.70382
-0.168762 0.207604 2.34541
-0.153164 0.4859 2.2489
-0.137508 0.759255 2.15147
-0.11338 0.918824 2.15493
-0.286654 0.643327 2.13729
-0.371615 0.466729 2.00854
-0.377424 0.331824 1.78051
-0.349171 0.289564 1.71389
0.0125961 0.63866 2.16308
0.0655804 0.427434 2.13872
0.107072 0.33352 1.87829
0.125005 0.277073 1.75222
-0.240378 0.204677 2.3028
-0.301572 -0.161029 2.42207
-0.33433 -0.540267 2.56056
-0.353937 -0.606052 2.48481
-0.09234 0.204598 2.32066
-0.0975895 -0.167494 2.43569
-0.124912 -0.531146 2.56735
-0.111168 -0.608238 2.50879
-0.141492 0.692511 2.17749
-0.319147 0.258245 1.68051
-0.32757 0.349058 1.67986
0.112618 0.248686 1.71419
0.125746 0.338368 1.71954
-0.169373 0.207281 2.34479
-0.155229 0.488091 2.25516
-0.140308 0.762031 2.1615
-0.114996 0.922106 2.16579
-0.288644 0.645889 2.14533
-0.372637 0.466129 2.00937
-0.378843 0.337785 1.79349
-0.352996 0.285697 1.72098
0.011835 0.640247 2.17023
0.0920253 0.43819 2.07189
0.130258 0.298913 1.90502
0.121087 0.267219 1.76531
-0.241023 0.204281 2.30206
-0.302103 -0.161074 2.42136
-0.334379 -0.53861 2.56114
-0.35395 -0.605729 2.48545
-0.0929047 0.204346 2.32022
-0.0983265 -0.167196 2.43488
-0.124887 -0.531522 2.56734
-0.109923 -0.608962 2.50831
-0.144144 0.695104 2.18674
-0.322286 0.249369 1.68587
-0.328525 0.347673 1.68341
0.109007 0.246241 1.7247
0.134832 0.277892 1.72532
-0.172979 0.20849 2.34792
-0.158881 0.489773 2.2604
-0.143307 0.762521 2.16495
-0.117313 0.922585 2.16795
-0.291309 0.647239 2.14936
-0.375713 0.465158 2.01452
-0.381139 0.340454 1.81374
-0.355103 0.279581 1.73286
0.0105471 0.641621 2.17388
0.0613164 0.429824 2.15015
0.0968102 0.33078 1.9088
0.1159 0.268706 1.77384
-0.244271 0.205566 2.30454
-0.304113 -0.163683 2.42003
-0.334824 -0.5379 2.56082
-0.354136 -0.605786 2.48559
-0.0968291 0.205457 2.32424
-0.100231 -0.168901 2.43263
-0.125906 -0.531928 2.56742
-0.11152 -0.608627 2.50875
-0.147287 0.69583 2.19063
-0.327118 0.246311 1.69814
-0.331612 0.339999 1.70133
0.106237 0.239092 1.73487
0.115925 0.328097 1.73244
-0.186322 0.204911 2.37584
-0.170739 0.480291 2.27394
-0.156179 0.745222 2.16471
-0.130434 0.903515 2.16112
-0.302572 0.635666 2.15709
-0.384735 0.439381 2.02906
-0.384905 0.295387 1.8618
-0.356633 0.242511 1.75445
-0.00472401 0.637376 2.19489
0.0570001 0.431348 2.14633
0.101371 0.302273 1.88403
0.0983322 0.235312 1.79293
-0.257966 0.202324 2.33497
-0.3151 -0.193296 2.38634
-0.337311 -0.547673 2.55078
-0.354777 -0.60805 2.48235
-0.109473 0.201772 2.35003
-0.0995508 -0.205874 2.38995
-0.131638 -0.545344 2.55071
-0.115943 -0.609914 2.50059
-0.159671 0.680798 2.19396
-0.325852 0.208139 1.71881
-0.336213 0.302382 1.724
0.0861959 0.205164 1.75576
0.0932463 0.292352 1.7645
-0.195813 0.162284 2.41004
-0.185828 0.425017 2.29854
-0.175502 0.677552 2.17562
-0.151899 0.836841 2.15624
-0.31881 0.571387 2.18124
-0.398271 0.373773 2.05582
-0.375707 0.220089 1.82098
-0.357188 0.188104 1.77215
-0.0227209 0.590378 2.21383
0.068057 0.359809 2.10783
0.090331 0.217338 1.88293
0.0822853 0.17416 1.81192
-0.267683 0.160367 2.36831
-0.331714 -0.200602 2.33442
-0.339303 -0.562735 2.52436
-0.368523 -0.619387 2.46979
-0.118484 0.159718 2.38475
-0.0866116 -0.220596 2.3525
-0.114549 -0.568419 2.52077
-0.103396 -0.635547 2.48725
-0.178201 0.615881 2.20841
-0.323512 0.157526 1.73285
-0.342308 0.252611 1.74912
0.0690554 0.146302 1.7808
0.0733085 0.23929 1.7908
-0.203562 0.0968719 2.43727
-0.195204 0.353403 2.31892
-0.185909 0.601549 2.18928
-0.167812 0.761028 2.1612
-0.327406 0.501511 2.19873
-0.400228 0.308923 2.11902
-0.376928 0.163342 1.86285
-0.359599 0.122611 1.78761
-0.0359681 0.524788 2.23207
0.0588699 0.301755 2.12645
0.0917614 0.179303 1.94565
0.0711529 0.106735 1.82843
-0.2763 0.0956868 2.39594
-0.346238 -0.257445 2.29587
-0.343879 -0.575085 2.50586
-0.375186 -0.633214 2.46556
-0.125225 0.0953288 2.41152
-0.0825417 -0.263919 2.3155
-0.113483 -0.580329 2.51291
-0.102786 -0.647333 2.47881
-0.188406 0.540796 2.22372
-0.325617 0.096157 1.75203
-0.34512 0.189175 1.7685
0.0578049 0.0765416 1.7991
0.0576853 0.0974304 1.7752
-0.222124 0.0354041 2.48633
-0.206637 0.291964 2.35039
-0.192086 0.53967 2.20387
-0.179459 0.697946 2.17124
-0.334486 0.464195 2.20838
-0.412575 0.252303 2.09059
-0.402848 0.122925 1.89349
-0.36871 0.0708104 1.79623
-0.0395529 0.477324 2.24472
0.0519504 0.239234 2.14169
0.0830408 0.11274 1.96357
0.0685889 0.0522372 1.84313
-0.292299 0.0368695 2.4426
-0.37098 -0.265745 2.22061
-0.359965 -0.649472 2.43599
-0.34706 -0.703746 2.34299
-0.146191 0.0325608 2.4631
-0.0682425 -0.276018 2.24811
-0.11821 -0.586526 2.50576
-0.0986081 -0.651672 2.47848
-0.195844 0.479097 2.24244
-0.342182 0.0409921 1.76153
-0.35002 0.136288 1.77314
0.0548784 0.0191536 1.80372
0.0578785 0.116321 1.8276
-0.228093 -0.0260644 2.48664
-0.21466 0.233093 2.35394
-0.200681 0.48424 2.20999
-0.186413 0.644376 2.17842
-0.345591 0.396889 2.21818
-0.415384 0.191511 2.0902
-0.418705 0.0709176 1.9054
-0.375647 0.0173902 1.79268
-0.0476518 0.420578 2.25345
0.0460448 0.178157 2.13125
0.0853761 0.0363608 1.96749
0.0643294 -0.00723515 1.84331
-0.295609 -0.027126 2.44416
-0.386862 -0.303509 2.19193
-0.336703 -0.576962 2.48064
-0.370819 -0.631798 2.46555
-0.154332 -0.0246023 2.46203
-0.0608187 -0.311691 2.22218
-0.121942 -0.597061 2.49765
-0.0918514 -0.657826 2.47719
-0.204319 0.422655 2.24803
-0.349612 -0.00918795 1.75819
-0.359251 0.0817108 1.773
0.0518586 -0.0348852 1.80695
0.054218 0.0589063 1.82767
-0.235617 -0.0533102 2.48774
-0.219883 0.208667 2.35556
-0.203544 0.463221 2.21197
-0.189334 0.624411 2.18066
-0.349703 0.37448 2.21932
-0.418925 0.169872 2.09171
-0.405234 0.0424918 1.8799
-0.381487 -0.00328819 1.79677
-0.0523582 0.386843 2.25523
0.04368 0.167896 2.1354
0.0720247 0.0333024 1.96318
0.0621498 -0.0254231 1.84434
-0.304119 -0.0525288 2.44298
-0.390758 -0.320817 2.17961
-0.336889 -0.577863 2.47318
-0.367254 -0.632764 2.46465
-0.160773 -0.0528214 2.46548
-0.0591362 -0.325668 2.21125
-0.122242 -0.601996 2.49252
-0.0925558 -0.661433 2.47864
-0.207772 0.40074 2.24995
-0.354426 -0.0306511 1.75958
-0.364635 0.0620796 1.78089
0.0509653 -0.0540453 1.80618
0.0510349 0.0393466 1.82188
-0.235944 -0.0585645 2.48513
-0.221213 0.202796 2.353
-0.205774 0.456838 2.20936
-0.191391 0.617767 2.17881
-0.351062 0.367833 2.21664
-0.420899 0.159612 2.08759
-0.383317 -0.0035453 1.84431
-0.37778 -0.0276797 1.78346
-0.0537242 0.381029 2.25255
0.0417282 0.164789 2.13545
0.0694741 0.0206546 1.97136
0.062065 -0.027461 1.84139
-0.304344 -0.05778 2.44003
-0.390606 -0.325666 2.17612
-0.335923 -0.577881 2.46997
-0.365858 -0.633506 2.46007
-0.161162 -0.0578654 2.46315
-0.0609978 -0.331107 2.20882
-0.121506 -0.603366 2.48841
-0.0939562 -0.66291 2.47704
-0.209793 0.394463 2.24735
-0.349461 -0.0389406 1.7532
-0.38989 0.0117544 1.76954
0.0490175 -0.057473 1.80537
0.0523533 0.0407825 1.81865
-0.23424 -0.0405623 2.47807
-0.222256 0.219418 2.34258
-0.20937 0.472345 2.19528
-0.194272 0.628837 2.16654
-0.352877 0.378822 2.2057
-0.423195 0.175028 2.07947
-0.406156 0.04747 1.85168
-0.377889 0.00642576 1.78536
-0.056025 0.395207 2.24248
0.0402946 0.169126 2.12983
0.0743962 0.0357026 1.95775
0.0645925 -0.0077219 1.83519
-0.302278 -0.0409961 2.435
-0.389104 -0.318593 2.18267
-0.335849 -0.577994 2.46951
-0.365551 -0.633746 2.45959
-0.159873 -0.0390937 2.45371
-0.0583109 -0.32209 2.21216
-0.122653 -0.602854 2.48871
-0.0928733 -0.661659 2.47684
-0.212763 0.410248 2.23422
-0.347341 -0.0177165 1.74748
-0.364604 0.07176 1.76
0.0528206 -0.0402736 1.80329
0.0565763 0.0589179 1.8174
-0.235959 0.0305746 2.46556
-0.223665 0.29031 2.32187
-0.210536 0.542874 2.16642
-0.198275 0.699022 2.13401
-0.353761 0.448012 2.17701
-0.422653 0.236935 2.06578
-0.407572 0.121407 1.87805
-0.368733 0.0665528 1.7738
-0.0603665 0.473518 2.21649
0.0399356 0.241177 2.11819
0.0746507 0.118342 1.9381
0.0708958 0.0601427 1.8306
-0.303025 0.0285873 2.42141
-0.391612 -0.27386 2.20393
-0.370412 -0.65904 2.41626
-0.355231 -0.713824 2.32435
-0.162504 0.0320669 2.4425
-0.0441691 -0.272398 2.2422
-0.088006 -0.661796 2.44335
-0.0764926 -0.716547 2.3511
-0.213991 0.48091 2.20738
-0.338187 0.043054 1.73476
-0.355747 0.128816 1.74714
0.0598702 0.0241281 1.79697
0.065269 0.121152 1.8102
-0.231635 0.110654 2.44932
-0.222277 0.363385 2.30428
-0.209826 0.610009 2.14854
-0.199153 0.766679 2.1177
-0.35483 0.514431 2.15813
-0.420179 0.303997 2.04338
-0.411214 0.179372 1.86125
-0.359502 0.129361 1.75584
-0.0604142 0.535078 2.19984
0.041431 0.320399 2.10373
0.0748215 0.173934 1.94249
0.0732126 0.127385 1.81634
-0.29916 0.103207 2.40379
-0.381194 -0.232842 2.25036
-0.369992 -0.631255 2.43993
-0.354906 -0.686782 2.34825
-0.157477 0.116173 2.4281
-0.0586494 -0.222774 2.29135
-0.0904148 -0.627736 2.46511
-0.0789354 -0.683303 2.37308
-0.213263 0.549489 2.18947
-0.323458 0.104936 1.72032
-0.34887 0.193349 1.73067
0.0655729 0.0928605 1.78342
0.0695348 0.190131 1.79357
-0.213447 0.187364 2.39462
-0.213905 0.448461 2.26945
-0.212923 0.700922 2.1325
-0.197718 0.854565 2.10756
-0.350488 0.594292 2.14051
-0.418579 0.391424 2.02271
-0.386323 0.27344 1.81404
-0.349692 0.218134 1.74006
-0.0586245 0.618446 2.18176
0.042781 0.412076 2.09544
0.0739632 0.283011 1.88773
0.0703822 0.221073 1.80208
-0.283732 0.18136 2.35254
-0.34476 -0.196743 2.35383
-0.343312 -0.559684 2.52344
-0.370413 -0.622894 2.46437
-0.137201 0.188176 2.36957
-0.100293 -0.210914 2.37547
-0.118914 -0.550969 2.5289
-0.10606 -0.622668 2.48951
-0.213428 0.639104 2.16869
-0.311659 0.185923 1.70393
-0.334356 0.283562 1.71411
0.057571 0.179576 1.76364
0.0702845 0.282838 1.77333
-0.208458 0.21129 2.38465
-0.210113 0.476962 2.26497
-0.210465 0.734621 2.13502
-0.195116 0.890553 2.11632
-0.350515 0.62256 2.13917
-0.422235 0.435557 2.02615
-0.391702 0.320574 1.8286
-0.349689 0.265146 1.74202
-0.0542797 0.646678 2.18405
0.0412858 0.423041 2.09346
0.0663987 0.285677 1.85366
0.0649747 0.258933 1.79996
-0.278856 0.204073 2.34324
-0.328295 -0.18598 2.39941
-0.343511 -0.551914 2.54395
-0.361691 -0.612015 2.47844
-0.132196 0.21259 2.35904
-0.116328 -0.190022 2.41992
-0.12369 -0.543215 2.55433
-0.105679 -0.622289 2.49057
-0.210586 0.671543 2.16933
-0.311069 0.234819 1.70331
-0.332239 0.327174 1.71478
0.05223 0.223125 1.76045
0.0693137 0.318729 1.766
-0.205495 0.217092 2.3796
-0.207506 0.486324 2.26716
-0.207846 0.749924 2.14805
-0.190441 0.907757 2.13369
-0.351195 0.636515 2.14802
-0.425293 0.44809 2.03965
-0.416795 0.320795 1.85918
-0.352567 0.276853 1.75169
-0.0491503 0.659215 2.19418
-0.00854208 0.445291 2.19273
0.0387277 0.334426 1.94073
0.0589267 0.273666 1.80729
-0.2757 0.21007 2.33858
-0.32248 -0.173434 2.42573
-0.342376 -0.545273 2.55682
-0.355343 -0.606571 2.48595
-0.129481 0.218057 2.35362
-0.122138 -0.177271 2.44116
-0.126986 -0.538873 2.56308
-0.112031 -0.614331 2.49842
-0.207916 0.685367 2.17927
-0.310305 0.249478 1.71095
-0.351311 0.337435 1.7454
0.0471377 0.239277 1.76485
0.0667114 0.331004 1.77642
-0.20325 0.218907 2.37443
-0.204607 0.491296 2.27016
-0.2032 0.758708 2.16167
-0.184202 0.918152 2.15302
-0.349405 0.642626 2.15864
-0.423065 0.453453 2.05149
-0.422507 0.314461 1.87995
-0.359905 0.281416 1.76755
-0.0450185 0.664437 2.2041
0.0350733 0.434114 2.11876
0.050195 0.299811 1.88185
0.0533911 0.270361 1.81823
-0.272969 0.212399 2.33258
-0.320948 -0.168613 2.43701
-0.343575 -0.543526 2.56087
-0.355658 -0.60666 2.48607
-0.127765 0.219315 2.34928
-0.12185 -0.172649 2.44903
-0.127349 -0.536907 2.56775
-0.110098 -0.615445 2.4983
-0.203691 0.693326 2.19019
-0.317526 0.255888 1.72448
-0.358565 0.341068 1.76289
0.0372046 0.233653 1.77615
0.064979 0.265126 1.77265
-0.201832 0.218476 2.37152
-0.202498 0.493759 2.27414
-0.200552 0.763509 2.17441
-0.180309 0.923493 2.17036
-0.347403 0.644122 2.17074
-0.422558 0.455898 2.06442
-0.421979 0.322379 1.88848
-0.3613 0.286012 1.78146
-0.0419929 0.666682 2.21114
-0.00751815 0.443006 2.20214
0.0308082 0.332104 1.95115
0.049052 0.273529 1.82278
-0.271668 0.212052 2.33047
-0.319975 -0.166311 2.43662
-0.343758 -0.543127 2.56252
-0.355854 -0.606882 2.48587
-0.126241 0.21869 2.34541
-0.120311 -0.171505 2.44972
-0.127557 -0.533031 2.56886
-0.109 -0.615837 2.49871
-0.201122 0.697565 2.20086
-0.321488 0.25801 1.74201
-0.360787 0.345478 1.77258
0.035189 0.243826 1.77503
0.0610301 0.331506 1.78669
-0.201367 0.215232 2.36413
-0.201534 0.495026 2.27807
-0.199243 0.768357 2.19042
-0.179282 0.92858 2.18896
-0.347463 0.642453 2.1714
-0.420971 0.454887 2.06499
-0.41295 0.327843 1.87294
-0.361183 0.291472 1.78843
-0.0404413 0.667327 2.2199
-0.0126202 0.44869 2.20604
0.0267468 0.341224 1.957
0.0431029 0.283869 1.823
-0.270587 0.209296 2.32365
-0.318376 -0.167832 2.43672
-0.343316 -0.542103 2.56325
-0.356 -0.607368 2.48487
-0.126467 0.215052 2.3376
-0.118213 -0.171278 2.44785
-0.128062 -0.533283 2.56938
-0.109443 -0.615021 2.49994
-0.19991 0.701432 2.21386
-0.321939 0.259152 1.75162
-0.360454 0.354385 1.779
0.0318303 0.253726 1.77928
0.0539956 0.342435 1.78789
-0.201127 0.213351 2.35995
-0.201013 0.495498 2.28064
-0.198655 0.770332 2.19929
-0.178076 0.930537 2.19934
-0.347553 0.641423 2.17313
-0.419769 0.445257 2.10154
-0.437805 0.345747 1.90489
-0.364509 0.296721 1.79124
-0.039523 0.667209 2.22621
0.0238361 0.446043 2.13021
0.0506426 0.32347 1.86906
0.0414693 0.285852 1.8214
-0.269911 0.207543 2.31955
-0.317923 -0.168645 2.43552
-0.342908 -0.541436 2.56309
-0.356196 -0.607473 2.48476
-0.126655 0.21308 2.33334
-0.118441 -0.173174 2.44555
-0.128553 -0.533359 2.56932
-0.108841 -0.615375 2.50023
-0.199344 0.703033 2.22125
-0.328398 0.268619 1.75057
-0.360492 0.356053 1.77814
0.0233282 0.252944 1.77981
0.0524226 0.346862 1.79158
-0.200901 0.211659 2.35625
-0.200139 0.49596 2.28235
-0.196666 0.77255 2.20523
-0.176728 0.931577 2.2074
-0.347044 0.643885 2.18289
-0.417441 0.458217 2.08261
-0.426501 0.335162 1.8993
-0.365674 0.292713 1.7935
-0.0381485 0.666263 2.23199
-0.00995659 0.433568 2.21194
0.0382567 0.343885 1.93422
0.0440758 0.286267 1.82622
-0.26963 0.206213 2.3155
-0.317812 -0.169441 2.43278
-0.342938 -0.541452 2.56318
-0.35623 -0.609081 2.48362
-0.126472 0.211078 2.32994
-0.117311 -0.171705 2.44276
-0.128731 -0.533749 2.56949
-0.109006 -0.615013 2.50065
-0.197661 0.70479 2.22618
-0.328594 0.262876 1.75213
-0.359554 0.355282 1.77704
0.0323529 0.256689 1.78033
0.0562563 0.28059 1.77583
-0.200797 0.210722 2.35339
-0.199115 0.496337 2.28367
-0.194565 0.773573 2.20889
-0.174463 0.933453 2.21512
-0.346564 0.644273 2.18547
-0.419311 0.457723 2.08518
-0.416333 0.333406 1.88994
-0.36878 0.288885 1.79869
-0.037205 0.665963 2.23501
-0.0115127 0.428858 2.21391
0.0381028 0.340078 1.93614
0.0500332 0.280745 1.83225
-0.269348 0.205587 2.31235
-0.317812 -0.168869 2.42995
-0.343204 -0.541531 2.56344
-0.355138 -0.60704 2.48616
-0.126529 0.209873 2.32738
-0.115975 -0.171012 2.44013
-0.128971 -0.533473 2.56943
-0.108954 -0.614703 2.50119
-0.195845 0.705688 2.22932
-0.328039 0.2561 1.75868
-0.358141 0.353891 1.77644
0.036608 0.253007 1.78639
0.0589546 0.335877 1.79275
-0.200735 0.21031 2.35167
-0.198807 0.49647 2.28393
-0.19415 0.773872 2.20986
-0.173156 0.934117 2.21783
-0.345335 0.646125 2.19069
-0.419779 0.457131 2.08467
-0.417689 0.330927 1.89256
-0.367646 0.287971 1.79844
-0.0364753 0.665684 2.23667
0.0334485 0.434871 2.12552
0.0475772 0.309984 1.88952
0.0495708 0.269061 1.83521
-0.269213 0.205336 2.31044
-0.317851 -0.169731 2.42986
-0.34259 -0.541056 2.56349
-0.35458 -0.606282 2.48791
-0.126542 0.209318 2.32583
-0.115564 -0.171448 2.4392
-0.128843 -0.533286 2.56928
-0.109012 -0.614761 2.50147
-0.195452 0.70596 2.23013
-0.326387 0.256338 1.75657
-0.351668 0.350949 1.77129
0.0335828 0.239946 1.7977
0.0583411 0.263317 1.78457
-0.200655 0.209567 2.34994
-0.198508 0.496512 2.28402
-0.193597 0.774206 2.21054
-0.172544 0.934369 2.21924
-0.345154 0.645724 2.18997
-0.419798 0.457283 2.0849
-0.405631 0.325944 1.86903
-0.364493 0.287181 1.79804
-0.0360064 0.664554 2.23762
-0.0107464 0.428121 2.21196
0.0325103 0.319899 1.9681
0.0523684 0.266574 1.84211
-0.269022 0.204617 2.30838
-0.316909 -0.170688 2.42955
-0.342887 -0.541191 2.5635
-0.354687 -0.606376 2.48754
-0.126566 0.20856 2.32444
-0.115429 -0.17211 2.43751
-0.128535 -0.533004 2.56894
-0.10903 -0.614991 2.50159
-0.194973 0.706213 2.23066
-0.327825 0.254935 1.75722
-0.349686 0.349884 1.77224
0.0412977 0.24265 1.79931
0.0643556 0.325526 1.80698
-0.20025 0.208393 2.34695
-0.198111 0.49631 2.28369
-0.193394 0.774173 2.21065
-0.17243 0.934471 2.21988
-0.344984 0.645293 2.18906
-0.418137 0.45506 2.08454
-0.416155 0.335318 1.89872
-0.360672 0.285424 1.797
-0.0355554 0.663709 2.2386
0.0396878 0.433243 2.13449
0.0501591 0.301016 1.89845
0.0512689 0.263719 1.84487
-0.268509 0.203593 2.30519
-0.31622 -0.171113 2.42876
-0.342342 -0.540792 2.56309
-0.355037 -0.60688 2.48702
-0.126282 0.20725 2.32168
-0.115196 -0.172063 2.43577
-0.128322 -0.532761 2.56833
-0.10876 -0.615694 2.50065
-0.194767 0.706159 2.23071
-0.321047 0.257104 1.75032
-0.344196 0.3456 1.76989
0.0331843 0.233017 1.80497
0.0669549 0.320759 1.80941
-0.199936 0.207651 2.34491
-0.197833 0.496163 2.2833
-0.193327 0.774203 2.21072
-0.172487 0.934498 2.22051
-0.344811 0.644985 2.18856
-0.417662 0.452401 2.08077
-0.402888 0.31758 1.87335
-0.356172 0.280895 1.79554
-0.0354561 0.663342 2.23873
0.034739 0.431087 2.13358
0.0440488 0.314761 1.94571
0.0527439 0.262266 1.84498
-0.268153 0.202782 2.30284
-0.316242 -0.171148 2.42735
-0.342276 -0.540621 2.56307
-0.355244 -0.606634 2.48727
-0.126022 0.206595 2.31993
-0.115352 -0.17148 2.43367
-0.128349 -0.532862 2.56817
-0.108259 -0.617376 2.50047
-0.194694 0.706166 2.23072
-0.317614 0.24905 1.75541
-0.3431 0.345755 1.77021
0.0382604 0.23408 1.80352
0.0686235 0.323044 1.80988
-0.199403 0.206637 2.34209
-0.197032 0.495719 2.28233
-0.19268 0.77414 2.21091
-0.172493 0.93438 2.22108
-0.344118 0.644889 2.18853
-0.420122 0.447921 2.07448
-0.403825 0.323445 1.87882
-0.355744 0.281985 1.79452
-0.0356625 0.662397 2.23935
0.0303226 0.413914 2.12968
0.0508258 0.303759 1.92203
0.0545371 0.263376 1.8463
-0.267657 0.201961 2.30015
-0.315302 -0.171641 2.42596
-0.342801 -0.541101 2.56344
-0.354825 -0.606179 2.4879
-0.125465 0.205405 2.31702
-0.115365 -0.171497 2.43061
-0.128764 -0.532701 2.56769
-0.109746 -0.615782 2.50081
-0.194051 0.706029 2.23065
-0.317412 0.253149 1.7533
-0.344155 0.34607 1.76971
0.0415655 0.235869 1.80576
0.0677507 0.261634 1.79738
-0.199227 0.205754 2.33936
-0.196793 0.495436 2.28149
-0.192501 0.774195 2.21113
-0.172554 0.934287 2.22146
-0.344213 0.644484 2.18799
-0.419854 0.447805 2.07427
-0.413155 0.325007 1.8906
-0.355716 0.281348 1.79156
-0.0357561 0.661277 2.23983
-0.00953883 0.425903 2.20805
0.0354622 0.320476 1.96745
0.0546231 0.265634 1.843
-0.267463 0.200948 2.29665
-0.314629 -0.170818 2.42386
-0.342944 -0.54127 2.56329
-0.354491 -0.606216 2.48692
-0.125305 0.204666 2.315
-0.115083 -0.172143 2.42879
-0.1294 -0.533019 2.56702
-0.109266 -0.616359 2.5005
-0.193918 0.706013 2.23059
-0.318698 0.254075 1.75034
-0.352293 0.34314 1.78346
0.0399428 0.239128 1.79864
0.0711766 0.324508 1.8075
-0.198942 0.204864 2.3372
-0.196346 0.494735 2.28096
-0.191913 0.773434 2.21217
-0.17254 0.93372 2.22245
-0.344433 0.644113 2.1877
-0.415383 0.447108 2.07807
-0.408125 0.325661 1.87742
-0.356157 0.283199 1.7898
-0.0359338 0.660412 2.24001
0.0285039 0.424045 2.12723
0.0496624 0.299765 1.90822
0.0527101 0.265603 1.84152
-0.26715 0.200043 2.29441
-0.314861 -0.171901 2.42284
-0.343352 -0.541746 2.56355
-0.354549 -0.606677 2.48636
-0.125057 0.203806 2.31296
-0.114608 -0.17307 2.42772
-0.1295 -0.533629 2.5671
-0.108799 -0.616819 2.50029
-0.193387 0.705336 2.23114
-0.320477 0.25646 1.7503
-0.348618 0.34634 1.77268
0.0370801 0.236497 1.80203
0.070513 0.324533 1.80899
-0.198949 0.203955 2.33441
-0.196311 0.494196 2.28053
-0.192084 0.772731 2.21385
-0.172612 0.933097 2.22456
-0.343735 0.644459 2.19071
-0.414212 0.447879 2.07926
-0.405145 0.323921 1.86813
-0.358625 0.28341 1.79211
-0.0360125 0.659634 2.24106
0.0288335 0.419241 2.12413
0.046191 0.307689 1.92809
0.0507632 0.266807 1.84074
-0.267194 0.199321 2.29195
-0.315474 -0.17063 2.41996
-0.343442 -0.542026 2.56362
-0.354947 -0.607327 2.48597
-0.125003 0.202724 2.30987
-0.113545 -0.173246 2.42634
-0.129558 -0.533805 2.56685
-0.108697 -0.61675 2.50068
-0.193436 0.704731 2.23205
-0.319828 0.252842 1.74905
-0.348786 0.346612 1.77411
0.0368989 0.238273 1.80092
0.068047 0.325758 1.81383
-0.199064 0.201743 2.33055
-0.19658 0.493031 2.27998
-0.192898 0.771733 2.21666
-0.17223 0.931751 2.2258
-0.343586 0.644415 2.19394
-0.409797 0.446442 2.08244
-0.419392 0.334588 1.89199
-0.360105 0.282147 1.78996
-0.0358519 0.656452 2.24258
0.0316697 0.415779 2.12201
0.0474935 0.314219 1.92604
0.0564305 0.274071 1.83652
-0.267326 0.197168 2.28795
-0.315599 -0.168592 2.41531
-0.343303 -0.541526 2.56323
-0.354871 -0.606803 2.48662
-0.125089 0.200497 2.30609
-0.113198 -0.170147 2.42169
-0.129857 -0.533799 2.56661
-0.108052 -0.617001 2.50054
-0.194006 0.703668 2.23377
-0.327735 0.252425 1.74662
-0.348669 0.345963 1.76286
0.0435306 0.249546 1.79284
0.0738978 0.332814 1.80637
-0.199265 0.199621 2.32765
-0.196682 0.491852 2.28014
-0.193237 0.770819 2.22165
-0.171647 0.929707 2.22841
-0.343148 0.644271 2.1966
-0.408595 0.448412 2.08272
-0.388099 0.337488 1.89211
-0.363289 0.285726 1.78869
-0.0356956 0.653046 2.24477
0.0346444 0.429586 2.12962
0.06224 0.311726 1.91346
0.0684701 0.281887 1.83184
-0.26755 0.195247 2.28489
-0.315386 -0.168595 2.41338
-0.343739 -0.54188 2.56264
-0.353269 -0.605602 2.4873
-0.125255 0.198225 2.3033
-0.112487 -0.172449 2.42065
-0.129637 -0.534434 2.56605
-0.107818 -0.617241 2.50031
-0.194268 0.702509 2.23742
-0.337055 0.255148 1.73913
-0.356692 0.34757 1.74883
0.0551172 0.253858 1.7927
0.0799376 0.283773 1.77855
-0.199177 0.19707 2.3242
-0.196851 0.490101 2.28053
-0.193858 0.769544 2.22724
-0.169846 0.927309 2.23203
-0.341847 0.643195 2.20029
-0.404321 0.453544 2.08608
-0.395604 0.326306 1.89757
-0.366029 0.29061 1.78736
-0.0339869 0.650238 2.24896
0.0419479 0.429252 2.12403
0.0650126 0.329786 1.92772
0.0795095 0.289798 1.83358
-0.267409 0.192989 2.281
-0.315587 -0.167911 2.41033
-0.343773 -0.541745 2.56206
-0.353593 -0.606585 2.48743
-0.125201 0.195473 2.30032
-0.112337 -0.173746 2.41878
-0.129946 -0.534754 2.56563
-0.111339 -0.613964 2.50255
-0.194763 0.701016 2.24178
-0.339797 0.258235 1.737
-0.363967 0.348292 1.76275
0.0639291 0.262226 1.78947
0.0905052 0.292731 1.78182
