-0.0386851 0.294831 2.47358
-0.0351842 0.613715 2.4057
-0.0311373 0.919813 2.32603
-0.000365922 1.05386 2.26377
-0.204109 0.814559 2.35101
-0.269652 0.55038 2.41418
-0.292454 0.268519 2.36418
-0.288872 0.183058 2.35118
0.153758 0.792222 2.35387
0.193565 0.521955 2.40256
0.232161 0.263023 2.35367
0.227251 0.17217 2.3211
-0.119332 0.292412 2.43442
-0.137379 -0.140811 2.57487
-0.156776 -0.51175 2.68764
-0.196751 -0.595874 2.60514
0.0432561 0.287997 2.43534
0.0382592 -0.143092 2.55394
0.0260993 -0.535311 2.70611
0.0624277 -0.608041 2.62006
-0.0321814 0.845161 2.34814
-0.272438 0.102584 2.36111
-0.251876 0.169234 2.30786
0.21427 0.0921643 2.30771
0.18477 0.158311 2.28746
-0.038601 0.29475 2.47378
-0.0349057 0.61354 2.40565
-0.0307525 0.919407 2.32565
-0.000342415 1.05353 2.26225
-0.204262 0.81409 2.35155
-0.269219 0.550444 2.41564
-0.292347 0.269649 2.36736
-0.287711 0.181307 2.34976
0.153678 0.792132 2.354
0.19367 0.523103 2.40278
0.232074 0.261306 2.35433
0.224177 0.168088 2.32167
-0.119194 0.29239 2.43464
-0.137306 -0.140948 2.57496
-0.156836 -0.516011 2.68883
-0.196214 -0.595888 2.60788
0.0432935 0.287838 2.43557
0.0380388 -0.14316 2.55399
0.0261667 -0.535233 2.70613
0.063712 -0.60842 2.62165
-0.0318203 0.844816 2.34784
-0.268862 0.101665 2.35624
-0.25325 0.169193 2.30868
0.210274 0.0874212 2.31091
0.183037 0.158927 2.28992
-0.0388401 0.294905 2.4741
-0.0349359 0.613416 2.40562
-0.030673 0.918935 2.32504
-0.000474668 1.05289 2.26104
-0.204754 0.814656 2.3527
-0.269668 0.550886 2.41655
-0.292917 0.271601 2.36834
-0.290413 0.179901 2.34123
0.15281 0.792265 2.35399
0.193408 0.523124 2.40277
0.231472 0.26064 2.35403
0.223863 0.166298 2.31939
-0.119491 0.292658 2.43513
-0.137431 -0.140397 2.57461
-0.156119 -0.513021 2.68859
-0.195018 -0.593825 2.60501
0.0430353 0.287951 2.43576
0.0377576 -0.143421 2.5542
0.0259984 -0.534656 2.7059
0.0632192 -0.606714 2.62056
-0.0317654 0.844445 2.34739
-0.273865 0.102693 2.3483
-0.258331 0.176874 2.30033
0.209801 0.0868029 2.30949
0.181408 0.158719 2.29105
-0.0361224 0.270977 2.49244
-0.0294016 0.579964 2.4128
-0.0223139 0.875821 2.32051
0.00232329 1.01377 2.25367
-0.195597 0.780581 2.34861
-0.289892 0.542261 2.37884
-0.332634 0.292301 2.26025
-0.341943 0.199361 2.18408
0.161542 0.760376 2.35199
0.218513 0.503451 2.37972
0.256494 0.242552 2.25116
0.243436 0.148682 2.18143
-0.119171 0.270175 2.45325
-0.169002 -0.150483 2.48781
-0.161955 -0.517564 2.68111
-0.198137 -0.596795 2.60362
0.0480765 0.263235 2.45412
0.065644 -0.157315 2.48767
0.024865 -0.534386 2.70021
0.0611998 -0.607244 2.62507
-0.0241128 0.803715 2.34585
-0.332584 0.124023 2.15023
-0.312039 0.187708 2.13146
0.215232 0.0781647 2.15782
0.210156 0.16459 2.13706
-0.0302448 0.087629 2.53301
-0.0188756 0.389626 2.45856
-0.00766149 0.68084 2.3714
0.0108997 0.826397 2.30761
-0.179502 0.585682 2.39102
-0.287368 0.365643 2.3679
-0.345377 0.173654 2.22994
-0.3586 0.085532 2.14129
0.171717 0.570501 2.39469
0.236748 0.326621 2.38038
0.276469 0.0893305 2.20171
0.266423 -0.000990739 2.11745
-0.116624 0.0901408 2.49352
-0.193534 -0.2874 2.35653
-0.16764 -0.536053 2.64924
-0.204718 -0.605745 2.59688
0.0570687 0.0823792 2.49451
0.0835438 -0.305271 2.37056
0.0194553 -0.549953 2.66061
0.0640746 -0.617938 2.62125
-0.0104456 0.609625 2.39549
-0.366052 0.0175491 2.07537
-0.334746 0.0585592 2.06463
0.237131 -0.0625936 2.07405
0.230834 0.0186182 2.08175
-0.0278075 0.026872 2.53949
-0.0144682 0.32749 2.46798
-0.00105571 0.618112 2.38336
0.0219701 0.763789 2.32233
-0.171135 0.519346 2.39832
-0.282636 0.306251 2.37063
-0.345947 0.107195 2.23304
-0.365796 0.03044 2.13916
0.179736 0.504405 2.40538
0.250945 0.260481 2.38131
0.298231 0.021202 2.20778
0.294228 -0.0652851 2.12802
-0.115757 0.0310502 2.50021
-0.187575 -0.331886 2.31787
-0.163977 -0.549755 2.64124
-0.211506 -0.613457 2.5914
0.0610107 0.0218638 2.50079
0.0770297 -0.352738 2.33146
0.0167845 -0.558094 2.64139
0.0662841 -0.620442 2.62275
-0.00442487 0.546971 2.40692
-0.371539 -0.040777 2.07591
-0.337395 0.00031309 2.06137
0.270694 -0.129257 2.09946
0.256641 -0.043977 2.08475
-0.00797393 0.230238 2.51081
0.00457988 0.533914 2.42412
0.0167443 0.825938 2.32527
0.0421276 0.965533 2.26159
-0.153776 0.725495 2.34808
-0.266834 0.48639 2.36716
-0.32549 0.251439 2.26456
-0.337435 0.166086 2.18656
0.197442 0.706003 2.34863
0.25959 0.456949 2.35597
0.30239 0.192827 2.22301
0.288263 0.104005 2.16074
-0.0941855 0.232957 2.47283
-0.166177 -0.159654 2.44026
-0.167982 -0.529942 2.66086
-0.204671 -0.603954 2.59705
0.0784971 0.220396 2.47104
0.0810765 -0.17885 2.44042
0.0234776 -0.535266 2.67272
0.0590036 -0.610654 2.62754
0.0137578 0.754671 2.35219
-0.329938 0.0874245 2.15593
-0.31103 0.155414 2.13529
0.261325 0.0364086 2.1493
0.248508 0.118804 2.11916
0.00129566 0.299769 2.49176
0.0107649 0.610248 2.40622
0.0197425 0.90898 2.30927
0.0441311 1.04684 2.24992
-0.154989 0.804504 2.34287
-0.26146 0.565387 2.39183
-0.319445 0.322379 2.30629
-0.328105 0.232218 2.24911
0.200963 0.786604 2.33575
0.264278 0.530023 2.35795
0.304939 0.268075 2.23486
0.287841 0.177436 2.17777
-0.0813447 0.299294 2.45431
-0.127171 -0.149248 2.56367
-0.160377 -0.515719 2.67959
-0.197014 -0.595228 2.60401
0.0838242 0.291031 2.4517
0.0682203 -0.13999 2.53981
0.0268474 -0.529013 2.69683
0.0575365 -0.608737 2.62817
0.017559 0.836092 2.33562
-0.32381 0.156757 2.21825
-0.299694 0.209405 2.18973
0.264818 0.115932 2.16911
0.252145 0.191169 2.13703
-0.00440596 0.304864 2.48547
0.00546491 0.616805 2.40554
0.0141437 0.917002 2.31356
0.0387832 1.05398 2.25372
-0.160874 0.813827 2.34791
-0.264147 0.568275 2.39578
-0.324367 0.323739 2.30141
-0.337475 0.233843 2.23017
0.196933 0.793658 2.33741
0.262601 0.53914 2.35817
0.304369 0.278324 2.22837
0.286686 0.183442 2.15505
-0.0859461 0.303907 2.44904
-0.125062 -0.149228 2.57387
-0.158605 -0.514224 2.68298
-0.196733 -0.594974 2.60455
0.0772449 0.296343 2.44439
0.0610728 -0.141088 2.54938
0.0265735 -0.530457 2.70221
0.0617481 -0.608395 2.61821
0.0120868 0.843729 2.33863
-0.328839 0.15726 2.20403
-0.314996 0.231622 2.18287
0.265288 0.122256 2.14366
0.254056 0.204338 2.112
-0.0177401 0.190598 2.50609
-0.00494375 0.492754 2.4343
0.00757705 0.783535 2.35024
0.0281168 0.929152 2.28866
-0.165552 0.685653 2.37479
-0.274091 0.454777 2.37029
-0.346364 0.198857 2.23964
-0.357972 0.115176 2.15961
0.187923 0.667838 2.36821
0.250601 0.423455 2.35479
0.292683 0.173876 2.22517
0.299374 0.0841401 2.13414
-0.102131 0.19269 2.4691
-0.187839 -0.196369 2.41448
-0.168837 -0.522003 2.66699
-0.201196 -0.59734 2.60025
0.0672071 0.182577 2.46525
0.0826722 -0.215908 2.41688
0.0227037 -0.536347 2.67845
0.0585282 -0.608471 2.63084
0.00448676 0.712521 2.37349
-0.353813 0.040784 2.1299
-0.332616 0.112817 2.11067
0.280704 0.0152538 2.09109
0.269712 0.0898358 2.08964
-0.0247367 0.0350166 2.53268
-0.00954695 0.333374 2.4662
0.0052754 0.621427 2.38676
0.0270242 0.770426 2.3298
-0.165244 0.520219 2.40038
-0.277975 0.300949 2.37394
-0.345704 0.0820898 2.24112
-0.364246 -0.00718091 2.16026
0.184813 0.505425 2.4013
0.252966 0.260257 2.36696
0.300829 0.0166393 2.20007
0.298468 -0.0753548 2.13209
-0.111126 0.039333 2.49514
-0.187133 -0.326468 2.3222
-0.163025 -0.550566 2.64491
-0.211317 -0.613577 2.5942
0.0624238 0.0295805 2.49217
0.0777135 -0.348227 2.33195
0.0180745 -0.556296 2.63626
0.0650337 -0.616719 2.62832
0.00161922 0.550926 2.40896
-0.368157 -0.0694602 2.10898
-0.332605 -0.0506525 2.0878
0.28162 -0.140293 2.0936
0.264072 -0.0677638 2.08289
-0.0133192 0.102065 2.53467
0.00203116 0.395986 2.45749
0.0169553 0.679727 2.36772
0.0381932 0.82859 2.3044
-0.153798 0.582904 2.38622
-0.263122 0.353071 2.36866
-0.330007 0.112656 2.23242
-0.347374 0.0264731 2.15824
0.194618 0.56461 2.38251
0.257669 0.313124 2.36314
0.302007 0.066484 2.19974
0.292794 -0.0245975 2.12939
-0.099572 0.10569 2.49677
-0.180376 -0.271268 2.35961
-0.163651 -0.547527 2.64841
-0.209295 -0.612161 2.59644
0.0733655 0.0953298 2.4946
0.0799594 -0.291651 2.36278
0.017961 -0.554374 2.64949
0.0673117 -0.61891 2.61978
0.0132839 0.610319 2.39246
-0.343123 -0.0452765 2.13185
-0.31216 0.00935073 2.0956
0.272188 -0.0911034 2.10729
0.25588 -0.0057447 2.08125
0.00281859 0.281632 2.50041
0.0167449 0.583329 2.41219
0.0301179 0.87313 2.312
0.0561418 1.01152 2.25042
-0.140932 0.772071 2.33824
-0.251089 0.533302 2.35304
-0.30829 0.295157 2.25216
-0.321714 0.204288 2.18072
0.210644 0.751448 2.33201
0.26108 0.489656 2.33423
0.29879 0.230784 2.18985
0.281139 0.13835 2.13026
-0.0797275 0.283524 2.46305
-0.148045 -0.146646 2.49893
-0.165606 -0.520951 2.66974
-0.202628 -0.602009 2.59945
0.0853011 0.271075 2.46019
0.0782301 -0.159728 2.48927
0.0268907 -0.530928 2.68373
0.0582223 -0.608737 2.62965
0.0268516 0.802459 2.33922
-0.315296 0.130053 2.15233
-0.295121 0.19748 2.13243
0.261017 0.0778335 2.12293
0.243418 0.156193 2.08076
0.00108649 0.309622 2.49031
0.0132042 0.614668 2.40633
0.024669 0.908116 2.31062
0.0509029 1.04708 2.2504
-0.148225 0.804495 2.33801
-0.257001 0.563296 2.36583
-0.317868 0.32684 2.27664
-0.334384 0.233338 2.21609
0.205308 0.785056 2.33133
0.261084 0.525523 2.3359
0.302109 0.263468 2.20251
0.286027 0.168952 2.14313
-0.0797477 0.310151 2.45377
-0.130243 -0.149703 2.55998
-0.159725 -0.515462 2.68045
-0.198214 -0.596422 2.60265
0.0818228 0.299488 2.44929
0.0667381 -0.143288 2.53395
0.0275441 -0.527484 2.69724
0.0575502 -0.607884 2.62853
0.0218881 0.836521 2.33666
-0.334042 0.157247 2.18177
-0.300747 0.202891 2.15202
0.263469 0.106343 2.13352
0.24757 0.179788 2.0994
-0.00236485 0.311171 2.48519
0.00839413 0.617172 2.40399
0.0181898 0.911217 2.31111
0.0439294 1.0485 2.25173
-0.15439 0.805405 2.3388
-0.258589 0.566578 2.37018
-0.320661 0.321405 2.28126
-0.33324 0.227989 2.2137
0.200214 0.787267 2.33038
0.257285 0.528426 2.33678
0.301649 0.265686 2.20386
0.285635 0.16863 2.14571
-0.0828277 0.311265 2.44853
-0.133045 -0.14777 2.55244
-0.159074 -0.51422 2.68171
-0.198024 -0.595235 2.60448
0.0781637 0.301382 2.44429
0.065913 -0.1443 2.53081
0.0273386 -0.527791 2.6988
0.057238 -0.607298 2.62739
0.0158437 0.83951 2.33643
-0.334098 0.155684 2.17865
-0.300995 0.194779 2.15167
0.259244 0.100904 2.13117
0.246409 0.179022 2.09578
-0.0140905 0.175907 2.50217
0.00155272 0.474293 2.43132
0.0167658 0.761417 2.34816
0.0404043 0.90847 2.2874
-0.153552 0.658202 2.36593
-0.259895 0.426937 2.37774
-0.323758 0.189334 2.27023
-0.337958 0.0914179 2.20433
0.19894 0.641489 2.36521
0.2563 0.388712 2.36039
0.307018 0.134621 2.21086
0.304865 0.0382183 2.14754
-0.0969508 0.179368 2.46362
-0.189426 -0.207404 2.39732
-0.179149 -0.563897 2.65878
-0.217851 -0.624626 2.58501
0.0692143 0.166898 2.46293
0.086507 -0.230821 2.4003
0.0212056 -0.537632 2.67081
0.0581511 -0.609777 2.62946
0.0130233 0.691296 2.3712
-0.346937 0.0224071 2.16601
-0.305854 0.0544375 2.1437
0.284043 -0.0292334 2.11616
0.266863 0.0446214 2.10495
-0.0246863 0.0392903 2.5333
-0.00714497 0.333993 2.4662
0.00993644 0.618431 2.38623
0.0290337 0.766572 2.32778
-0.162109 0.515471 2.39919
-0.268499 0.281184 2.38376
-0.332011 0.0701427 2.2748
-0.354989 -0.0211442 2.20452
0.188929 0.502872 2.40291
0.255383 0.256059 2.37996
0.309237 0.00407556 2.22878
0.304741 -0.0878581 2.16265
-0.109792 0.0439914 2.49471
-0.195371 -0.321318 2.32619
-0.16398 -0.548894 2.64293
-0.211972 -0.612193 2.59257
0.0611821 0.0333626 2.49385
0.07589 -0.344756 2.33433
0.0158361 -0.555701 2.63673
0.0640556 -0.616623 2.62545
0.00572762 0.548824 2.40856
-0.358644 -0.0891143 2.14917
-0.334231 -0.0534802 2.13078
0.289541 -0.153821 2.12849
0.275935 -0.0765582 2.11665
-0.0138686 0.106845 2.54208
0.000165429 0.402807 2.46822
0.013812 0.688372 2.38158
0.0314628 0.832215 2.32265
-0.156774 0.584745 2.40089
-0.260834 0.345468 2.39181
-0.324442 0.131997 2.29142
-0.346066 0.0438015 2.21106
0.192068 0.57177 2.39694
0.253605 0.314498 2.3841
0.299535 0.0635874 2.24627
0.288789 -0.0245621 2.16679
-0.0992856 0.110021 2.50473
-0.184929 -0.26523 2.36506
-0.164207 -0.546171 2.64921
-0.208169 -0.611103 2.59369
0.0719852 0.100402 2.50144
0.0786752 -0.287464 2.37322
0.0171516 -0.552196 2.6467
0.0638814 -0.617035 2.6259
0.0104553 0.618531 2.40555
-0.355114 -0.0252806 2.16692
-0.315558 0.0052918 2.14665
0.265488 -0.0932071 2.14619
0.256546 -0.00331681 2.122
0.00514659 0.299981 2.51428
0.0169768 0.603832 2.42971
0.0284181 0.89604 2.33351
0.0508362 1.03106 2.27392
-0.14341 0.786199 2.35813
-0.246299 0.545784 2.39072
-0.307292 0.276421 2.298
-0.309795 0.189554 2.24531
0.209523 0.771543 2.34941
0.260091 0.506307 2.36023
0.292402 0.253981 2.23752
0.276849 0.157618 2.17646
-0.0763365 0.301096 2.47581
-0.140653 -0.139334 2.53107
-0.162563 -0.522107 2.67548
-0.199809 -0.601892 2.60209
0.0864709 0.289726 2.47522
0.0830319 -0.146986 2.51389
0.0269932 -0.52523 2.68813
0.0575738 -0.608801 2.6274
0.0256169 0.824745 2.35971
-0.295459 0.117002 2.24306
-0.280342 0.186567 2.19035
0.248833 0.0913641 2.16843
0.242284 0.172556 2.12291
0.00315371 0.317386 2.50519
0.0164037 0.624279 2.4244
0.028979 0.919657 2.33227
0.0552839 1.05603 2.27329
-0.144449 0.811313 2.35489
-0.247177 0.568001 2.39351
-0.304219 0.314568 2.30979
-0.31161 0.224025 2.25534
0.210332 0.791959 2.35151
0.259151 0.525473 2.35985
0.294681 0.262273 2.23439
0.276834 0.17041 2.17766
-0.07654 0.317751 2.46712
-0.123358 -0.1465 2.58989
-0.158556 -0.511654 2.68373
-0.197353 -0.596167 2.60465
0.0827116 0.307317 2.46577
0.0665663 -0.138061 2.55226
0.0264474 -0.526821 2.70115
0.0566812 -0.606991 2.62792
0.0259168 0.84758 2.35738
-0.303703 0.145719 2.23748
-0.287435 0.221694 2.2073
0.252018 0.105838 2.16781
0.239396 0.181318 2.13471
-0.00215573 0.318435 2.49646
0.0107816 0.626477 2.41828
0.0231176 0.922383 2.32828
0.0482943 1.06029 2.27229
-0.15078 0.81188 2.34934
-0.24887 0.570448 2.38715
-0.30577 0.308456 2.29504
-0.312824 0.222762 2.234
0.204258 0.794346 2.348
0.253742 0.528867 2.35618
0.291623 0.266493 2.23098
0.274113 0.17218 2.16946
-0.0818429 0.317935 2.45803
-0.122596 -0.146096 2.58891
-0.157113 -0.508599 2.685
-0.196724 -0.594077 2.60616
0.0775627 0.309007 2.45737
0.0621711 -0.138222 2.55301
0.0267177 -0.527363 2.70349
0.0565284 -0.606179 2.62663
0.0201161 0.850211 2.35292
-0.304069 0.144131 2.20876
-0.288472 0.223558 2.18862
0.251307 0.10832 2.16028
0.238207 0.184595 2.12227
-0.00494739 0.272554 2.48908
0.00815109 0.57433 2.40966
0.0209142 0.863897 2.31824
0.039566 1.00863 2.26166
-0.152928 0.764198 2.3429
-0.251832 0.522053 2.36901
-0.307242 0.274473 2.27104
-0.319301 0.180715 2.20434
0.200994 0.745512 2.34095
0.255054 0.484522 2.34896
0.287357 0.261273 2.24034
0.294361 0.160599 2.17391
-0.0863211 0.27403 2.45214
-0.161989 -0.14472 2.47335
-0.161679 -0.516955 2.67883
-0.197407 -0.595335 2.60519
0.0765977 0.262521 2.44843
0.0792801 -0.161533 2.46614
0.0259138 -0.530258 2.69629
0.0580853 -0.607318 2.62953
0.0177754 0.7933 2.34328
-0.322327 0.104064 2.1653
-0.286754 0.144469 2.14271
0.280237 0.0901778 2.12846
0.253371 0.138482 2.11115
-0.0176419 0.0829286 2.51705
-9.36691e-005 0.379469 2.44565
0.0170223 0.665176 2.36165
0.0339858 0.814279 2.30417
-0.154699 0.564249 2.37955
-0.256918 0.330995 2.37257
-0.317073 0.114088 2.26441
-0.33755 0.0180733 2.18925
0.195755 0.549705 2.38051
0.256009 0.298063 2.37156
0.302984 0.0450677 2.21918
0.301174 -0.0455869 2.15231
-0.102086 0.0873667 2.47893
-0.197966 -0.287611 2.34937
-0.161679 -0.54311 2.64881
-0.207912 -0.606808 2.59402
0.0673517 0.0759066 2.47714
0.0903196 -0.312528 2.35607
0.0205256 -0.550942 2.64108
0.0629121 -0.616094 2.62859
0.0128053 0.595331 2.38494
-0.339293 -0.0501802 2.13928
-0.311617 -0.0227418 2.118
0.288438 -0.113304 2.11535
0.263314 -0.0479618 2.099
-0.0110382 0.0899791 2.5071
0.00434677 0.388692 2.43108
0.0191351 0.676976 2.34182
0.0361971 0.824662 2.2835
-0.152318 0.571168 2.36307
-0.251455 0.333829 2.35843
-0.310375 0.104211 2.25617
-0.328355 0.0168537 2.17877
0.197158 0.555316 2.36409
0.255861 0.302992 2.36007
0.300419 0.0425299 2.22082
0.293797 -0.0480775 2.15647
-0.0960685 0.0937413 2.46837
-0.19237 -0.283126 2.34692
-0.15962 -0.547986 2.6453
-0.20702 -0.611574 2.59386
0.0743512 0.083445 2.46781
0.0931943 -0.30652 2.35251
0.0198002 -0.554488 2.64143
0.065028 -0.618177 2.62802
0.0155203 0.60647 2.36649
-0.336666 -0.0545968 2.13639
-0.303478 -0.00845805 2.1146
0.274466 -0.119772 2.13508
0.259314 -0.0330276 2.11093
0.000181237 0.260468 2.46046
0.0126955 0.565622 2.3741
0.0247349 0.858767 2.27576
0.0484661 0.998602 2.22053
-0.147312 0.750946 2.29954
-0.24464 0.504517 2.3361
-0.299287 0.247967 2.24898
-0.309263 0.157229 2.19303
0.205435 0.730742 2.30215
0.260502 0.466063 2.32055
0.311514 0.197382 2.20046
0.29594 0.110135 2.14105
-0.0831888 0.261042 2.42191
-0.164409 -0.145182 2.45495
-0.162832 -0.528955 2.66658
-0.201242 -0.602589 2.60313
0.0835561 0.25171 2.42139
0.103119 -0.159886 2.44122
0.0259568 -0.525675 2.6705
0.0575066 -0.60968 2.63185
0.0217932 0.787275 2.30252
-0.301261 0.0779788 2.17766
-0.279698 0.137082 2.13853
0.272664 0.040943 2.1339
0.262813 0.127498 2.08953
