-0.0428842 0.112706 2.21119
-0.0127134 0.406275 2.15232
0.0184141 0.688607 2.08248
0.0506656 0.832071 2.01707
-0.155711 0.634209 2.12233
-0.379701 0.595028 2.11599
-0.359982 0.780832 1.99584
-0.35737 0.825366 2.00238
0.188309 0.592608 2.15866
0.207402 0.304443 2.22994
0.232724 0.0889902 2.25622
0.243595 0.000587119 2.27073
-0.123184 0.121552 2.16618
-0.1989 -0.238472 2.21215
-0.262342 -0.60786 2.36919
-0.288584 -0.663068 2.29154
0.0384271 0.10004 2.18385
0.0186403 -0.267643 2.30945
-0.0654016 -0.599602 2.40051
-0.0800968 -0.670394 2.30863
0.0106331 0.619718 2.10204
-0.345086 0.903588 2.01439
-0.310078 0.801189 1.97607
0.249562 -0.0661387 2.29592
0.220452 0.000140835 2.23543
-0.0428265 0.112834 2.21252
-0.0120617 0.406233 2.15355
0.0190805 0.688386 2.08333
0.0510176 0.831895 2.01767
-0.154864 0.633837 2.12342
-0.378745 0.592179 2.11664
-0.363476 0.777967 1.9958
-0.360448 0.823857 2.00342
0.184825 0.596143 2.15892
0.207362 0.308073 2.22972
0.236227 0.0935739 2.25869
0.243173 0.00116465 2.26898
-0.12313 0.121805 2.16744
-0.19925 -0.238567 2.21322
-0.262414 -0.607903 2.36927
-0.28849 -0.662899 2.29193
0.0385904 0.100078 2.18515
0.0182829 -0.268715 2.30988
-0.0652892 -0.599486 2.40052
-0.0800861 -0.669999 2.30868
0.0113301 0.619526 2.10298
-0.346942 0.898062 2.01217
-0.314732 0.795405 1.9724
0.248904 -0.0654792 2.29021
0.220108 -0.00486835 2.23135
-0.0422989 0.112644 2.21329
-0.0113853 0.406025 2.1545
0.0195158 0.688187 2.0842
0.0511952 0.831553 2.01826
-0.153945 0.633211 2.12468
-0.379463 0.588214 2.11833
-0.365573 0.774911 1.99885
-0.362161 0.81951 2.00318
0.185849 0.595343 2.15931
0.207627 0.307238 2.23017
0.235346 0.092357 2.25795
0.241683 -0.000292533 2.26714
-0.122807 0.121721 2.16817
-0.199323 -0.238288 2.21375
-0.263094 -0.608722 2.37046
-0.288662 -0.663008 2.29117
0.0394145 0.0997815 2.18593
0.0178891 -0.269687 2.31073
-0.0652829 -0.599509 2.40063
-0.0800941 -0.669923 2.30867
0.0118448 0.619315 2.10388
-0.34943 0.897243 2.01599
-0.313883 0.797618 1.97426
0.250437 -0.0709661 2.29312
0.219872 -0.0054332 2.2311
-0.0418498 0.112626 2.21382
-0.0108811 0.405911 2.15533
0.0198505 0.687945 2.0853
0.0510834 0.831148 2.01897
-0.153705 0.632897 2.12679
-0.380092 0.586454 2.1196
-0.36729 0.77359 2.00076
-0.364553 0.8184 2.00639
0.186392 0.594662 2.1594
0.208181 0.306396 2.22973
0.237019 0.0912123 2.25497
0.241856 -0.00219048 2.26294
-0.122429 0.121677 2.1689
-0.199062 -0.237913 2.21406
-0.26262 -0.608579 2.37015
-0.288218 -0.662042 2.29157
0.0399874 0.0997952 2.18631
0.0178546 -0.270289 2.3113
-0.0651492 -0.599466 2.40059
-0.0801082 -0.670123 2.30854
0.0122381 0.619101 2.10489
-0.355852 0.898953 2.01883
-0.317257 0.798779 1.98062
0.248451 -0.0709518 2.28804
0.219536 -0.0146725 2.228
-0.0414479 0.112653 2.21413
-0.0104685 0.405815 2.15589
0.0201165 0.687704 2.08614
0.0509277 0.83109 2.01931
-0.153348 0.632929 2.12835
-0.379528 0.585303 2.12135
-0.369163 0.772713 2.00276
-0.366268 0.819375 2.00913
0.184663 0.59578 2.1582
0.208261 0.307681 2.22862
0.237815 0.0919604 2.25009
0.243721 -0.00149656 2.25798
-0.122153 0.121696 2.16934
-0.199353 -0.238131 2.21411
-0.262638 -0.608549 2.37003
-0.288829 -0.662698 2.29037
0.0406146 0.0998483 2.18651
0.0181091 -0.2707 2.31179
-0.065214 -0.59974 2.40067
-0.0802756 -0.670076 2.30869
0.0125549 0.618893 2.10566
-0.353964 0.900492 2.02097
-0.321905 0.793529 1.97826
0.251055 -0.0711204 2.28334
0.219794 0.00103978 2.21939
-0.0411275 0.112619 2.2143
-0.00989669 0.405645 2.1565
0.0208402 0.687314 2.08731
0.0508097 0.830942 2.0198
-0.153046 0.632819 2.12951
-0.379922 0.58464 2.12287
-0.37045 0.772005 2.00413
-0.366897 0.819901 2.00853
0.186272 0.594802 2.15831
0.209225 0.306332 2.22768
0.23725 0.0900465 2.24679
0.245806 -0.00373557 2.25273
-0.121952 0.121747 2.16973
-0.199313 -0.238057 2.21429
-0.262587 -0.608575 2.37007
-0.28888 -0.662702 2.2905
0.0411931 0.0996653 2.18628
0.0205087 -0.26644 2.31097
-0.064887 -0.599513 2.40112
-0.080306 -0.669847 2.30877
0.0132525 0.618559 2.10668
-0.358131 0.899803 2.01841
-0.316706 0.80868 1.9874
0.252282 -0.072652 2.27835
0.224286 -0.00321671 2.212
-0.040934 0.112725 2.21436
-0.00951457 0.405629 2.15684
0.0213916 0.687092 2.08801
0.050298 0.831057 2.02099
-0.152973 0.633048 2.13113
-0.379699 0.583174 2.1203
-0.362967 0.762482 1.98916
-0.344055 0.807372 1.98271
0.187828 0.593779 2.15837
0.210171 0.305133 2.22731
0.237913 0.0887295 2.24582
0.246954 -0.00461219 2.25171
-0.121663 0.122 2.17058
-0.199258 -0.23785 2.21438
-0.263209 -0.608905 2.37095
-0.288771 -0.662875 2.29085
0.041441 0.0998166 2.18583
0.0214979 -0.26531 2.31015
-0.0647363 -0.599586 2.40079
-0.0802357 -0.669962 2.30882
0.0137663 0.618391 2.10729
-0.323157 0.883195 1.9903
-0.301921 0.78049 1.95093
0.252661 -0.0716555 2.2732
0.224255 -0.0524527 2.23367
-0.0406707 0.112827 2.21424
-0.00940587 0.405745 2.15707
0.0212418 0.687424 2.08904
0.0474432 0.83236 2.02512
-0.153716 0.633108 2.13357
-0.380331 0.573862 2.10545
-0.303712 0.706361 1.94015
-0.271372 0.733099 1.92317
0.18627 0.595293 2.15739
0.211733 0.30624 2.22413
0.24412 0.0900663 2.23942
0.247601 -0.00252351 2.2494
-0.121461 0.122111 2.17083
-0.199314 -0.237883 2.21425
-0.263056 -0.608995 2.37059
-0.288538 -0.662742 2.2912
0.0419047 0.0999431 2.18486
0.024287 -0.263169 2.30605
-0.0638842 -0.599823 2.40273
-0.0802312 -0.669794 2.30888
0.0137167 0.618654 2.10807
-0.212967 0.78943 1.90993
-0.237091 0.692645 1.88346
0.251814 -0.071273 2.27521
0.225654 -0.00963367 2.21565
-0.0408728 0.113714 2.21381
-0.00980685 0.406882 2.15742
0.0203176 0.689158 2.09034
0.0437441 0.835066 2.03156
-0.156707 0.629939 2.12999
-0.367899 0.570409 2.09469
-0.234528 0.628599 1.97395
-0.197794 0.647798 1.91948
0.184461 0.596812 2.15675
0.212594 0.30757 2.222
0.244478 0.0911488 2.23602
0.249484 -0.000472159 2.24016
-0.122068 0.123128 2.17105
-0.198076 -0.235984 2.21362
-0.263388 -0.609141 2.37073
-0.289281 -0.663133 2.29113
0.0419698 0.100986 2.18351
0.0284888 -0.250866 2.29414
-0.0645626 -0.600747 2.40159
-0.0802676 -0.670752 2.30866
0.0129356 0.62023 2.10911
-0.126237 0.656109 1.91183
-0.173497 0.601203 1.90587
0.25539 -0.0705928 2.26647
0.228629 -0.0132099 2.20664
-0.0400188 0.115807 2.21337
-0.00968143 0.408978 2.15796
0.0197441 0.691469 2.09154
0.0431566 0.837765 2.03461
-0.156812 0.630524 2.12957
-0.393382 0.588729 2.06855
-0.303986 0.725368 1.91394
-0.276009 0.752876 1.90254
0.183461 0.597754 2.15631
0.215376 0.308445 2.21993
0.246562 0.0914315 2.22966
0.257634 -0.000978152 2.2301
-0.121845 0.124849 2.17105
-0.1971 -0.236105 2.21319
-0.26364 -0.609482 2.37075
-0.289859 -0.66379 2.29095
0.0433894 0.103427 2.18277
0.0243415 -0.26599 2.30876
-0.0648498 -0.600514 2.4009
-0.0800373 -0.671091 2.30863
0.01254 0.622472 2.11015
-0.210589 0.797586 1.90405
-0.287153 0.780289 1.904
0.266293 -0.0706663 2.25777
0.238254 -0.0442838 2.20775
-0.0395136 0.116811 2.21354
-0.00951273 0.410268 2.1582
0.0195631 0.692886 2.09161
0.0445721 0.839199 2.03502
-0.157062 0.635207 2.12835
-0.403933 0.615517 2.06599
-0.405823 0.792676 1.93116
-0.403439 0.848889 1.92091
0.184603 0.597015 2.15676
0.21539 0.307422 2.21982
0.248899 0.0906937 2.22873
0.259855 -0.00187431 2.2332
-0.121261 0.125709 2.17091
-0.196518 -0.236078 2.2134
-0.263512 -0.60961 2.37133
-0.290464 -0.664329 2.29077
0.0436966 0.10444 2.18339
0.0223358 -0.267884 2.31072
-0.0649487 -0.600323 2.40085
-0.0800669 -0.670979 2.30866
0.0124406 0.623858 2.11028
-0.376866 0.923911 1.92664
-0.425256 0.871102 1.91273
0.268342 -0.0711243 2.25739
0.239105 -0.0089494 2.19414
-0.0397689 0.117323 2.2136
-0.00970989 0.411687 2.15875
0.019416 0.695853 2.09295
0.0504776 0.840406 2.03451
-0.155882 0.637349 2.12638
-0.38587 0.622308 2.08575
-0.50945 0.775809 1.97581
-0.548089 0.832134 1.96939
0.187221 0.596471 2.15945
0.214938 0.306043 2.22065
0.24821 0.0892128 2.22881
0.252342 -0.0046823 2.23479
-0.121299 0.126645 2.17042
-0.19601 -0.235645 2.21384
-0.262916 -0.609276 2.37109
-0.29044 -0.664306 2.29098
0.0430019 0.104644 2.18411
0.0241089 -0.262464 2.30837
-0.0648754 -0.599618 2.40117
-0.0802554 -0.670839 2.30886
0.0121938 0.626406 2.11146
-0.586578 0.907144 1.99483
-0.584443 0.830425 1.96675
0.262543 -0.0758453 2.25827
0.231128 -0.00818419 2.19877
-0.0418815 0.117065 2.21426
-0.00946241 0.411536 2.15895
0.0230641 0.694726 2.0928
0.0620708 0.837927 2.03584
-0.153825 0.635503 2.12282
-0.387298 0.609868 2.10039
-0.573213 0.704373 2.03438
-0.623473 0.721642 2.02776
0.191671 0.590674 2.16436
0.21035 0.298729 2.22259
0.237637 0.081868 2.23801
0.239097 -0.00843669 2.24875
-0.122297 0.127086 2.17028
-0.197861 -0.235792 2.21302
-0.262362 -0.609117 2.37047
-0.290029 -0.664173 2.29139
0.0392376 0.102943 2.18614
0.0265293 -0.258004 2.3025
-0.0646733 -0.598467 2.40119
-0.0801824 -0.671103 2.3087
0.0147269 0.625621 2.11147
-0.691307 0.757895 2.06966
-0.660582 0.69647 2.03046
0.244031 -0.0786895 2.27152
0.21763 -0.0125041 2.21224
-0.0453681 0.116449 2.21469
-0.0101899 0.411345 2.15954
0.0234565 0.694602 2.09346
0.0632227 0.838163 2.03746
-0.154817 0.634292 2.12255
-0.386776 0.60389 2.10433
-0.56623 0.70884 2.03611
-0.613265 0.752702 2.0248
0.191494 0.589333 2.16414
0.209065 0.297152 2.22173
0.23763 0.0812374 2.24258
0.241631 -0.00213945 2.25726
-0.124952 0.127142 2.17018
-0.20212 -0.236016 2.21224
-0.262121 -0.609177 2.37001
-0.290323 -0.664166 2.29136
0.0353139 0.101691 2.18699
0.0213957 -0.26076 2.30461
-0.0646465 -0.598317 2.40125
-0.0801551 -0.671254 2.3085
0.0149028 0.625482 2.11205
-0.683079 0.78727 2.0684
-0.676124 0.743895 2.046
0.2522 -0.074623 2.2847
0.219942 -0.016181 2.2271
-0.0482138 0.116951 2.21458
-0.013824 0.412994 2.16033
0.0190885 0.69782 2.09503
0.0547569 0.842839 2.04153
-0.158744 0.636788 2.1267
-0.393015 0.616919 2.10171
-0.510504 0.773091 1.99435
-0.540951 0.841755 1.98
0.189244 0.589758 2.16319
0.212801 0.298166 2.22129
0.243557 0.0828918 2.2442
0.255124 -0.000582115 2.25574
-0.128231 0.1276 2.17115
-0.206008 -0.236352 2.21296
-0.263269 -0.609225 2.36933
-0.290305 -0.663672 2.29199
0.0328185 0.102363 2.18564
0.0204158 -0.256236 2.30073
-0.0648302 -0.598392 2.40109
-0.0801841 -0.671229 2.30836
0.0109051 0.62822 2.11339
-0.585816 0.916143 2.00644
-0.572106 0.824009 1.96904
0.264684 -0.0668643 2.2879
0.231997 -0.00457956 2.222
-0.0542012 0.118859 2.21481
-0.0227824 0.415971 2.16348
0.00718452 0.701891 2.10151
0.0361932 0.848371 2.04858
-0.171766 0.640561 2.13433
-0.414262 0.622408 2.08265
-0.383106 0.778992 1.9253
-0.366928 0.816843 1.90969
0.178041 0.596837 2.1611
0.213455 0.31056 2.21655
0.251114 0.095106 2.2308
0.266277 0.00455431 2.22956
-0.134745 0.12855 2.17277
-0.211022 -0.241609 2.21908
-0.26549 -0.610143 2.37087
-0.28997 -0.663439 2.29232
0.0276454 0.105184 2.18439
0.0190202 -0.25047 2.29369
-0.0653358 -0.598576 2.40053
-0.0803135 -0.671048 2.30843
-0.000183878 0.632034 2.11901
-0.320117 0.886479 1.89957
-0.382086 0.863497 1.92275
0.27689 -0.0632585 2.26283
0.244051 -0.0065455 2.19619
-0.0550209 0.1186 2.21426
-0.0257745 0.415923 2.16484
0.00109057 0.702224 2.10599
0.0272174 0.850236 2.05371
-0.177406 0.639256 2.14084
-0.412923 0.594253 2.09092
-0.323743 0.690134 1.90617
-0.284053 0.689592 1.90786
0.171336 0.598615 2.16194
0.211849 0.314689 2.21282
0.253588 0.0989615 2.21668
0.265207 0.0111724 2.21005
-0.136135 0.127541 2.17288
-0.210682 -0.242356 2.21946
-0.265906 -0.610768 2.3712
-0.289853 -0.663406 2.29229
0.0270832 0.1055 2.18304
0.0212956 -0.24797 2.29058
-0.0657645 -0.598807 2.39983
-0.0810468 -0.670688 2.30983
-0.00547427 0.63227 2.12264
-0.20724 0.709243 1.89227
-0.259924 0.733505 1.8923
0.277868 -0.065751 2.2409
0.242762 -0.00417377 2.17888
-0.0552478 0.117779 2.21425
-0.027238 0.415283 2.16626
-0.00134955 0.701775 2.10873
0.0227638 0.850826 2.05773
-0.180019 0.635668 2.14383
-0.415016 0.581716 2.08444
-0.327591 0.698196 1.91187
-0.308429 0.732815 1.90746
0.165782 0.600311 2.16322
0.209517 0.318511 2.20715
0.255386 0.103116 2.20081
0.267611 0.0122246 2.19734
-0.136807 0.125765 2.17364
-0.20956 -0.242637 2.21716
-0.266036 -0.611419 2.3711
-0.290068 -0.66366 2.29171
0.0272496 0.105234 2.18243
0.0214886 -0.247643 2.29089
-0.0663288 -0.599029 2.39939
-0.0813397 -0.670939 2.30983
-0.00769548 0.631767 2.1251
-0.237123 0.778898 1.89958
-0.318103 0.764859 1.89721
0.277816 -0.057834 2.22297
0.245152 0.0107139 2.16258
-0.0552779 0.11754 2.21443
-0.0286275 0.415757 2.16765
-0.0043228 0.70336 2.11111
0.0216333 0.85203 2.05948
-0.183276 0.636614 2.14282
-0.450261 0.613848 2.05908
-0.427645 0.796384 1.93416
-0.41579 0.842486 1.91783
0.161942 0.601072 2.16567
0.20782 0.320376 2.20483
0.257789 0.105874 2.19704
0.272524 0.0162483 2.18855
-0.136886 0.125264 2.17378
-0.209634 -0.243618 2.21709
-0.265587 -0.611585 2.37154
-0.290071 -0.663821 2.29243
0.0273679 0.105402 2.18273
0.0211139 -0.247904 2.29345
-0.0668237 -0.599228 2.39901
-0.0812678 -0.671652 2.30937
-0.0102731 0.633066 2.12727
-0.377881 0.918215 1.92148
-0.443308 0.862226 1.91269
0.283194 -0.0567837 2.21298
0.253277 0.00417873 2.15379
-0.0559897 0.118566 2.21329
-0.0297399 0.417422 2.16728
-0.00536558 0.70541 2.11087
0.0269719 0.853254 2.05998
-0.185969 0.640114 2.13624
-0.419975 0.633651 2.08404
-0.543783 0.784904 1.97477
-0.594401 0.843454 1.97038
0.162042 0.600047 2.16894
0.201828 0.319622 2.20853
0.255176 0.105925 2.19809
0.262849 0.0160383 2.19911
-0.137541 0.126565 2.17005
-0.209663 -0.244089 2.21744
-0.2658 -0.611437 2.37353
-0.290408 -0.663274 2.29245
0.0267912 0.106603 2.18292
0.021715 -0.246538 2.29336
-0.0672005 -0.599106 2.39933
-0.0813532 -0.67118 2.30971
-0.0113536 0.635035 2.12702
-0.639737 0.911851 1.99583
-0.62659 0.827205 1.95783
0.277669 -0.0564063 2.21519
0.243285 0.00820309 2.16545
-0.0572322 0.119151 2.21251
-0.0300023 0.417821 2.16705
-0.00493095 0.705736 2.11065
0.0339625 0.852928 2.05997
-0.184808 0.640317 2.1336
-0.417794 0.632139 2.08464
-0.588501 0.745271 2.00698
-0.629308 0.774666 1.9983
0.163765 0.598591 2.1718
0.199278 0.316801 2.21336
0.245472 0.101585 2.21041
0.251905 0.0108129 2.21772
-0.138533 0.127293 2.16857
-0.210929 -0.243621 2.21727
-0.266038 -0.611218 2.37284
-0.290407 -0.663253 2.29272
0.0254294 0.107118 2.18293
0.0219984 -0.246016 2.29221
-0.0673646 -0.599066 2.39935
-0.0816965 -0.670969 2.30974
-0.0111373 0.635343 2.12684
-0.703542 0.800566 2.02023
-0.699906 0.769825 2.00238
0.266528 -0.061972 2.23692
0.230935 -0.00673225 2.18573
-0.0631678 0.118673 2.21183
-0.0305297 0.417779 2.16641
-0.00158245 0.705644 2.10885
0.0452302 0.850676 2.05978
-0.179761 0.63674 2.12676
-0.412976 0.617854 2.08815
-0.600173 0.710004 2.023
-0.645527 0.725008 2.02123
0.167905 0.595388 2.17598
0.194383 0.308843 2.21694
0.233785 0.0936735 2.23106
0.239612 0.00881925 2.24981
-0.142957 0.12765 2.16679
-0.21892 -0.242325 2.21492
-0.267235 -0.610778 2.37058
-0.290997 -0.663664 2.29191
0.0182703 0.105667 2.18395
0.0188911 -0.243758 2.28624
-0.068295 -0.599476 2.39873
-0.0818736 -0.671312 2.30941
-0.00928449 0.635306 2.12548
-0.717942 0.737036 2.05439
-0.706257 0.697671 2.02514
0.248113 -0.0608391 2.27331
0.217939 0.000767927 2.216
-0.0698809 0.119607 2.21247
-0.0326625 0.418102 2.16621
-0.000922293 0.705634 2.10842
0.0450292 0.850946 2.05933
-0.179954 0.637423 2.12705
-0.411572 0.615763 2.08987
-0.575395 0.741097 2.01709
-0.602238 0.784108 1.99981
0.168147 0.594609 2.17356
0.195342 0.307683 2.21738
0.236299 0.0935766 2.23702
0.249905 0.00323157 2.26008
-0.149254 0.129497 2.16805
-0.223274 -0.241279 2.21491
-0.267919 -0.610642 2.36982
-0.29139 -0.6642 2.29166
0.0114943 0.105745 2.18416
0.0138503 -0.240597 2.28208
-0.0688411 -0.599654 2.39847
-0.0817515 -0.67185 2.30868
-0.00906419 0.635346 2.12518
-0.678128 0.819353 2.03239
-0.688573 0.787521 2.011
0.257763 -0.068206 2.30133
0.230063 -0.00472043 2.22703
-0.0756784 0.121865 2.21397
-0.0406065 0.42 2.166
-0.00805585 0.706375 2.10631
0.0235832 0.853928 2.05459
-0.189365 0.642217 2.13098
-0.429206 0.637625 2.08324
-0.472698 0.816854 1.96049
-0.464712 0.875002 1.9534
0.160086 0.597221 2.16558
0.198816 0.314908 2.21452
0.251955 0.102794 2.2288
0.268193 0.00980912 2.23499
-0.15513 0.131606 2.17066
-0.229564 -0.245096 2.22166
-0.268041 -0.610186 2.37006
-0.291903 -0.663857 2.29181
0.00598187 0.108153 2.1847
0.010147 -0.242278 2.28138
-0.0689329 -0.600194 2.39873
-0.0818729 -0.671783 2.30857
-0.0160856 0.636409 2.12343
-0.470017 0.96133 1.97235
-0.5051 0.883269 1.94769
0.277943 -0.0614682 2.27719
0.249017 0.000647132 2.20148
-0.0772653 0.122468 2.21454
-0.0451802 0.420173 2.16565
-0.0160565 0.705767 2.10436
0.00689918 0.853453 2.0537
-0.195014 0.64272 2.13547
-0.436658 0.623979 2.07423
-0.34616 0.774525 1.93523
-0.322199 0.79891 1.92694
0.152851 0.603732 2.15997
0.200211 0.320015 2.20989
0.257427 0.107747 2.21136
0.269717 0.0142236 2.2103
-0.157611 0.131428 2.17331
-0.22969 -0.244809 2.2222
-0.26831 -0.609755 2.37029
-0.292205 -0.664007 2.29174
0.00491971 0.109739 2.18379
0.00909908 -0.243196 2.28136
-0.0692686 -0.600282 2.39841
-0.0819218 -0.671887 2.30847
-0.0231638 0.636045 2.12188
-0.260648 0.857914 1.92795
-0.322828 0.848372 1.94167
0.280745 -0.056596 2.24428
0.251079 0.0026205 2.178
