-0.0545915 0.373769 2.82528
-0.0381052 0.696695 2.75999
-0.0228188 1.00798 2.68281
0.0129351 1.1439 2.62397
-0.207664 0.90841 2.68524
-0.443456 0.851201 2.6371
-0.342563 1.03767 2.46756
-0.321134 1.08013 2.45663
0.156991 0.88125 2.73158
0.219919 0.631716 2.85143
0.28444 0.383408 2.82276
0.287716 0.279383 2.80427
-0.134857 0.373745 2.78478
-0.186489 -0.0644946 2.94609
-0.233635 -0.407198 3.0586
-0.272551 -0.496127 2.97512
0.0270471 0.363543 2.78782
-0.00296851 -0.0571342 2.9306
-0.0330359 -0.425117 3.06017
0.00128738 -0.51405 2.99853
-0.0265436 0.931867 2.70427
-0.279899 1.14039 2.41742
-0.257257 1.04721 2.44248
0.290426 0.188385 2.81708
0.311684 0.264051 2.78493
-0.056714 0.373704 2.82426
-0.0408622 0.6968 2.75919
-0.0258837 1.00834 2.68232
0.00939209 1.14464 2.62365
-0.210241 0.907864 2.68468
-0.444731 0.850682 2.63292
-0.423226 1.05023 2.43227
-0.430781 1.09706 2.40841
0.154276 0.881451 2.72972
0.218075 0.631817 2.85055
0.281314 0.38083 2.82169
0.280043 0.274918 2.8132
-0.13712 0.373394 2.78389
-0.186681 -0.0629477 2.94457
-0.233828 -0.406297 3.05869
-0.269642 -0.490553 2.97969
0.0251162 0.363727 2.7867
-0.00241603 -0.051913 2.92737
-0.03305 -0.427089 3.06032
0.00148093 -0.514001 2.9977
-0.0295656 0.932174 2.70372
-0.409169 1.158 2.35219
-0.363432 1.08203 2.38472
0.278092 0.180467 2.82871
0.298077 0.269053 2.7677
-0.0563323 0.373961 2.8247
-0.0396549 0.697378 2.75944
-0.0226793 1.00953 2.6823
0.0146433 1.14451 2.62351
-0.20663 0.909332 2.68126
-0.456872 0.864956 2.62233
-0.586939 1.01992 2.42299
-0.63472 1.0867 2.38635
0.155937 0.879367 2.73116
0.217956 0.62647 2.85638
0.278509 0.381686 2.82908
0.280194 0.275231 2.82142
-0.136657 0.373635 2.78393
-0.187098 -0.0640151 2.94504
-0.233789 -0.405038 3.05866
-0.262738 -0.482105 2.98491
0.0254329 0.364036 2.78786
-0.00373764 -0.0538608 2.92897
-0.033074 -0.428288 3.06074
0.00115109 -0.514538 3.00091
-0.0269651 0.933187 2.70378
-0.663705 1.14951 2.34323
-0.577364 1.09361 2.33671
0.280967 0.182204 2.83621
0.303991 0.264223 2.80143
-0.0560277 0.374102 2.82439
-0.0382007 0.698005 2.7589
-0.0198973 1.01066 2.68156
0.022009 1.14537 2.62416
-0.204013 0.910803 2.68035
-0.4566 0.860791 2.62637
-0.542511 1.00602 2.42427
-0.553748 1.07769 2.38597
0.157338 0.878973 2.73253
0.21764 0.627566 2.8568
0.279335 0.378402 2.83051
0.283629 0.273543 2.82091
-0.136215 0.374102 2.783
-0.188062 -0.0672281 2.94639
-0.234535 -0.404994 3.0582
-0.267071 -0.488235 2.97774
0.0256733 0.363868 2.78802
-0.00435417 -0.0537442 2.92858
-0.0331044 -0.427212 3.0605
0.00223586 -0.514393 2.99826
-0.0245179 0.9342 2.70308
-0.562059 1.1385 2.31455
-0.48753 1.07194 2.34371
0.284061 0.181534 2.83034
0.306606 0.265337 2.79343
-0.0570607 0.374306 2.82558
-0.0403352 0.698225 2.75981
-0.0242258 1.01066 2.68234
0.0143421 1.14545 2.6225
-0.209339 0.909383 2.68378
-0.442048 0.861933 2.62664
-0.335968 1.04405 2.47031
-0.306027 1.09327 2.45589
0.154555 0.880923 2.73108
0.218102 0.633821 2.85222
0.283128 0.385986 2.82548
0.287159 0.281062 2.80806
-0.137274 0.374121 2.78447
-0.18822 -0.0671099 2.94639
-0.23482 -0.405613 3.05792
-0.26621 -0.48636 2.98099
0.0246513 0.364255 2.78897
-0.00521524 -0.0552261 2.93014
-0.034661 -0.426884 3.06137
0.000809127 -0.513765 3.00179
-0.02819 0.934272 2.70388
-0.264602 1.157 2.42591
-0.244456 1.06022 2.44828
0.292783 0.188992 2.81195
0.313513 0.267544 2.78956
-0.0568561 0.374942 2.8285
-0.0387413 0.698632 2.76278
-0.0204489 1.01073 2.6858
0.0192639 1.14388 2.62483
-0.204972 0.911879 2.68543
-0.445105 0.869706 2.62368
-0.516397 1.06372 2.41454
-0.534331 1.11736 2.38709
0.158909 0.880763 2.73433
0.21836 0.632996 2.85449
0.280482 0.37665 2.82931
0.281405 0.270724 2.82108
-0.137015 0.375005 2.78805
-0.188279 -0.0668676 2.948
-0.235099 -0.405528 3.05809
-0.273474 -0.497708 2.97548
0.024854 0.364677 2.79141
-0.00476055 -0.0548624 2.93184
-0.0336542 -0.428851 3.06207
0.000645919 -0.514197 3.00205
-0.0250667 0.934431 2.70721
-0.540354 1.1887 2.33709
-0.471996 1.11617 2.34789
0.283386 0.181101 2.82371
0.305167 0.244059 2.79425
-0.0561408 0.375035 2.82983
-0.0338372 0.698611 2.76442
-0.0100677 1.01057 2.68714
0.0376176 1.14226 2.62803
-0.191859 0.914439 2.68296
-0.454475 0.877773 2.61827
-0.650978 0.991274 2.44283
-0.717216 1.04394 2.41581
0.169108 0.876118 2.74238
0.21978 0.626876 2.86205
0.280781 0.367436 2.83526
0.278477 0.261335 2.82739
-0.136052 0.375698 2.78881
-0.188994 -0.0678836 2.94945
-0.235293 -0.405538 3.05823
-0.27091 -0.494395 2.97689
0.025288 0.363926 2.79368
-0.00432008 -0.0532934 2.93234
-0.0335378 -0.424562 3.06097
-0.00243457 -0.51221 3.00176
-0.0160447 0.934299 2.70867
-0.770229 1.09246 2.37271
-0.674932 1.07102 2.35491
0.273696 0.167664 2.84333
0.295975 0.248625 2.79027
-0.0566601 0.375479 2.83108
-0.0334723 0.6987 2.76594
-0.0105489 1.01018 2.68957
0.035087 1.14175 2.62966
-0.196471 0.91502 2.6925
-0.440148 0.863341 2.64368
-0.42581 1.0261 2.45279
-0.41311 1.10448 2.41348
0.16799 0.877744 2.74163
0.221272 0.628555 2.85856
0.281062 0.37107 2.82851
0.284848 0.269468 2.81076
-0.136801 0.376733 2.79106
-0.189733 -0.0677176 2.95028
-0.235279 -0.406125 3.05838
-0.272227 -0.494216 2.97541
0.0249988 0.363877 2.79415
-0.00544585 -0.0552083 2.93343
-0.0326829 -0.425942 3.06074
0.000206932 -0.512898 3.00104
-0.0161817 0.934058 2.71081
-0.399165 1.16966 2.3663
-0.336254 1.09253 2.37067
0.283562 0.176324 2.82977
0.314591 0.247826 2.7932
-0.0567105 0.375622 2.83274
-0.0359233 0.698673 2.76826
-0.0163914 1.01003 2.69238
0.0276435 1.14272 2.63109
-0.201946 0.91344 2.69521
-0.436953 0.870107 2.62679
-0.341025 1.05602 2.45883
-0.333481 1.10117 2.43641
0.14914 0.884088 2.7448
0.218248 0.628009 2.85861
0.275837 0.377399 2.83053
0.274193 0.271038 2.82351
-0.13703 0.376209 2.79337
-0.190207 -0.0692297 2.95194
-0.235511 -0.405986 3.05884
-0.269258 -0.489466 2.98007
0.0250983 0.364669 2.79502
-0.0059034 -0.0544141 2.93419
-0.0330502 -0.425917 3.06084
0.000529027 -0.512479 2.9988
-0.0211708 0.933919 2.71353
-0.294071 1.15826 2.3908
-0.269602 1.0757 2.42286
0.276115 0.181404 2.82821
0.299679 0.259606 2.7966
-0.0563815 0.376074 2.83512
-0.033618 0.699421 2.77117
-0.0104517 1.01149 2.69617
0.03858 1.14612 2.6403
-0.196022 0.915785 2.69593
-0.442248 0.874958 2.63332
-0.618774 1.01073 2.43011
-0.674784 1.06795 2.39597
0.164841 0.878267 2.74832
0.213618 0.622916 2.86491
0.270274 0.361363 2.83603
0.272087 0.258948 2.82149
-0.136473 0.377126 2.79486
-0.190352 -0.0692349 2.95228
-0.236071 -0.406603 3.05869
-0.269745 -0.492516 2.97925
0.0252559 0.3646 2.79835
-0.00617245 -0.0545892 2.93518
-0.0327093 -0.426616 3.06087
0.000703786 -0.513297 3.00033
-0.0162726 0.935169 2.71708
-0.717062 1.11237 2.33911
-0.63012 1.09138 2.34875
0.267072 0.163917 2.8318
0.296089 0.235059 2.80364
-0.0568312 0.375877 2.83524
-0.033585 0.699596 2.77218
-0.0105222 1.01204 2.69807
0.0403367 1.14586 2.64465
-0.194265 0.914019 2.69815
-0.451496 0.855253 2.65034
-0.616603 0.983562 2.46019
-0.647346 1.05483 2.42891
0.164572 0.878408 2.74796
0.215247 0.623014 2.86623
0.274344 0.373125 2.83743
0.278527 0.269979 2.82484
-0.136896 0.377018 2.79434
-0.191574 -0.0696672 2.95288
-0.235985 -0.407131 3.05911
-0.271809 -0.494938 2.97772
0.0246665 0.36442 2.79887
-0.00668643 -0.0564704 2.93618
-0.0320462 -0.425103 3.0605
0.000912285 -0.51339 3.00004
-0.0162345 0.935629 2.71874
-0.68096 1.11291 2.37766
-0.590993 1.06613 2.37561
0.273484 0.174461 2.84093
0.30771 0.24934 2.81
-0.0590392 0.376069 2.83663
-0.0468703 0.700531 2.7735
-0.0369537 1.01345 2.69813
0.00391594 1.15052 2.6439
-0.22061 0.90807 2.70622
-0.460383 0.861468 2.6425
-0.361367 1.05619 2.47982
-0.331192 1.09426 2.47084
0.146704 0.885811 2.73744
0.217526 0.642493 2.84848
0.286656 0.384121 2.81487
0.291257 0.284579 2.79607
-0.14007 0.375644 2.79759
-0.191174 -0.0688225 2.95381
-0.236067 -0.406345 3.05843
-0.268934 -0.49038 2.97741
0.0230934 0.36592 2.7987
-0.00664456 -0.0567078 2.93757
-0.0322295 -0.42842 3.06066
0.00138372 -0.51361 2.99864
-0.0393609 0.936937 2.71919
-0.280564 1.15026 2.43114
-0.277805 1.05005 2.448
0.293283 0.19028 2.8222
0.315296 0.274878 2.77333
-0.0628972 0.376328 2.83668
-0.0529495 0.701145 2.77296
-0.0440449 1.01446 2.69761
-0.00336445 1.15085 2.64152
-0.227336 0.907608 2.70477
-0.464536 0.857079 2.63616
-0.537329 1.0225 2.4296
-0.54926 1.09657 2.39075
0.140861 0.888409 2.73977
0.208378 0.641317 2.85365
0.277773 0.384379 2.82494
0.278946 0.283593 2.8199
-0.14396 0.375036 2.79768
-0.191951 -0.0717919 2.95542
-0.235808 -0.405354 3.0589
-0.268925 -0.491074 2.97908
0.0195157 0.367307 2.79831
-0.00777444 -0.058729 2.93844
-0.0320199 -0.428453 3.06299
0.00124284 -0.514143 2.99978
-0.0462289 0.937833 2.7186
-0.55198 1.15436 2.32848
-0.488519 1.09762 2.3665
0.280191 0.189285 2.83035
0.303358 0.287353 2.79579
-0.0639915 0.376972 2.83523
-0.0539677 0.701331 2.77163
-0.0446923 1.01424 2.6961
0.00117261 1.15004 2.63961
-0.225381 0.907699 2.69834
-0.473465 0.846143 2.6361
-0.670086 0.954457 2.44417
-0.727457 1.00708 2.4087
0.140587 0.888219 2.74354
0.204957 0.641954 2.85969
0.275349 0.389924 2.83374
0.278064 0.28729 2.8256
-0.144695 0.375772 2.79414
-0.193666 -0.0717604 2.95424
-0.23602 -0.406043 3.05868
-0.267584 -0.488252 2.98084
0.0183056 0.367909 2.79812
-0.00832091 -0.0545963 2.9358
-0.0315457 -0.424112 3.06134
0.0011165 -0.512731 3.00023
-0.0470005 0.937727 2.71717
-0.779424 1.04782 2.35383
-0.684699 1.0486 2.36224
0.277788 0.188801 2.83964
0.304732 0.261008 2.80748
-0.0666472 0.37556 2.83227
-0.060685 0.699765 2.76767
-0.0558643 1.01269 2.69109
-0.0225485 1.14892 2.63422
-0.238952 0.901551 2.69795
-0.475523 0.842327 2.63669
-0.441489 1.05817 2.44799
-0.421067 1.1078 2.43219
0.128953 0.890275 2.73192
0.208072 0.647604 2.84915
0.28683 0.389754 2.81781
0.295516 0.291984 2.80012
-0.147636 0.372932 2.79225
-0.193087 -0.0696375 2.95264
-0.235704 -0.406418 3.05862
-0.267075 -0.48989 2.98017
0.0159772 0.367464 2.79449
-0.0086388 -0.0578083 2.93526
-0.0308822 -0.426547 3.06102
0.00274719 -0.514531 2.99662
-0.057024 0.936145 2.71243
-0.400629 1.17114 2.39075
-0.352477 1.08662 2.40132
0.303764 0.207535 2.81619
0.320553 0.287215 2.77315
-0.0669303 0.374701 2.82795
-0.0602274 0.698715 2.76474
-0.0535503 1.01091 2.68929
-0.0227519 1.15152 2.63586
-0.238843 0.900899 2.69664
-0.468517 0.856567 2.61888
-0.377703 1.05492 2.44889
-0.37373 1.09874 2.42945
0.129306 0.890253 2.72832
0.208168 0.642482 2.84259
0.282728 0.375188 2.80841
0.280846 0.278341 2.79703
-0.147902 0.371859 2.78938
-0.19282 -0.068391 2.94916
-0.235649 -0.405193 3.05749
-0.272611 -0.497665 2.97388
0.0158592 0.367143 2.78866
-0.00868188 -0.0577184 2.93288
-0.0307654 -0.426587 3.06037
-2.5677e-005 -0.512801 3.00075
-0.055324 0.934597 2.71031
-0.336726 1.16295 2.39317
-0.307434 1.07877 2.40965
0.277493 0.180622 2.81605
0.302805 0.262288 2.76538
-0.0618322 0.374866 2.82516
-0.0465614 0.698873 2.76244
-0.0300171 1.01131 2.68863
0.0122671 1.15149 2.6404
-0.217453 0.909894 2.69176
-0.464231 0.864994 2.61644
-0.607518 1.0055 2.41196
-0.665567 1.06109 2.37388
0.149589 0.880834 2.73525
0.209402 0.628558 2.84936
0.275019 0.376741 2.81904
0.276596 0.271192 2.81015
-0.142019 0.373231 2.78508
-0.191215 -0.0665786 2.94656
-0.234787 -0.404976 3.05757
-0.267501 -0.488035 2.98203
0.0203318 0.366389 2.78722
-0.00760686 -0.0563145 2.93074
-0.0311154 -0.426476 3.06033
0.00102685 -0.51338 2.99863
-0.0342111 0.934907 2.70921
-0.699781 1.1124 2.31661
-0.61712 1.0916 2.319
0.279401 0.182825 2.81471
0.305881 0.253212 2.78697
-0.0571077 0.375133 2.8253
-0.037603 0.699747 2.76273
-0.0177181 1.01273 2.68862
0.0314621 1.15198 2.6417
-0.201181 0.910828 2.68946
-0.45862 0.859772 2.63263
-0.651679 0.977947 2.46204
-0.693764 1.04848 2.43228
0.161325 0.878531 2.73544
0.218359 0.625628 2.85408
0.281232 0.370644 2.82536
0.286867 0.27154 2.81402
-0.136759 0.375166 2.78403
-0.18883 -0.0677274 2.94795
-0.234452 -0.405542 3.05802
-0.269812 -0.489131 2.97908
0.0244252 0.365025 2.7888
-0.00579287 -0.0572949 2.93187
-0.0330032 -0.427912 3.06065
-6.00545e-005 -0.514951 3.0015
-0.0226955 0.936198 2.70932
-0.739693 1.101 2.38556
-0.645871 1.07633 2.36694
0.283942 0.174991 2.82921
0.310899 0.251858 2.78997
-0.0530887 0.376202 2.82664
-0.0371367 0.700141 2.76308
-0.0219674 1.01218 2.68825
0.0159261 1.15352 2.63936
-0.210526 0.910641 2.70167
-0.448233 0.857615 2.65496
-0.44207 1.04567 2.47549
-0.417177 1.12682 2.4518
0.158594 0.880883 2.72912
0.227671 0.63698 2.83952
0.296284 0.377394 2.80309
0.302265 0.277869 2.78528
-0.133497 0.376067 2.78788
-0.183147 -0.0685124 2.95083
-0.233948 -0.408532 3.05809
-0.271784 -0.49193 2.97912
0.0295002 0.366332 2.78785
-0.00342913 -0.0566678 2.93302
-0.0333056 -0.424005 3.0604
0.000906567 -0.513786 2.99794
-0.0254936 0.935921 2.70916
-0.398822 1.19151 2.4171
-0.351603 1.10456 2.42157
0.300452 0.179746 2.80292
0.326345 0.277089 2.76422
-0.0540455 0.376657 2.82863
-0.0400916 0.700457 2.76522
-0.0272807 1.01241 2.69066
0.00909787 1.15403 2.63957
-0.214389 0.90844 2.70487
-0.453596 0.865016 2.64606
-0.377529 1.06122 2.4791
-0.369586 1.11404 2.45261
0.154789 0.883665 2.73181
0.224149 0.638592 2.84555
0.295139 0.374764 2.813
0.298468 0.276681 2.80953
-0.134888 0.376016 2.79076
-0.18269 -0.0634541 2.94962
-0.233959 -0.408797 3.0584
-0.271037 -0.491388 2.97803
0.0284963 0.367106 2.78914
-0.00262511 -0.0560417 2.93441
-0.032897 -0.422563 3.06009
0.000399793 -0.51314 2.99842
-0.0303285 0.936161 2.71148
-0.330957 1.17898 2.41035
-0.302722 1.09579 2.43822
0.302343 0.184564 2.8251
0.324386 0.269678 2.78756
-0.0556794 0.37848 2.83288
-0.0390266 0.703128 2.76917
-0.0223006 1.01675 2.69467
0.0207406 1.15449 2.64666
-0.206363 0.914407 2.69999
-0.456374 0.876391 2.6408
-0.603808 1.01893 2.43267
-0.654047 1.0751 2.39006
0.157255 0.88063 2.74135
0.220545 0.633414 2.86209
0.289545 0.380487 2.83001
0.2915 0.276106 2.82247
-0.135738 0.377819 2.79261
-0.18546 -0.0659345 2.95311
-0.234054 -0.408289 3.05882
-0.271497 -0.494609 2.97784
0.02577 0.368614 2.79621
-0.00385603 -0.057938 2.93711
-0.0323997 -0.426922 3.06064
0.000249486 -0.513746 2.99939
-0.0265698 0.939996 2.71545
-0.678088 1.129 2.32534
-0.597791 1.09158 2.32943
0.292755 0.184418 2.83033
0.31932 0.262132 2.79759
-0.0567482 0.379317 2.83503
-0.0399223 0.704141 2.77065
-0.0237071 1.01783 2.69505
0.022332 1.15472 2.64879
-0.206694 0.915557 2.69946
-0.463633 0.862084 2.64744
-0.577377 0.998143 2.45034
-0.591674 1.06697 2.4021
0.154431 0.881297 2.74655
0.215309 0.638473 2.86854
0.28412 0.388364 2.8412
0.295405 0.283999 2.82799
-0.136788 0.378735 2.79411
-0.18955 -0.067409 2.95373
-0.23521 -0.40771 3.05885
-0.270872 -0.492888 2.97764
0.02483 0.36948 2.79875
-0.00457038 -0.0539197 2.93645
-0.0323706 -0.426336 3.06077
0.000443177 -0.512207 3.0017
-0.0277311 0.941067 2.71615
-0.609996 1.11878 2.33356
-0.530072 1.05968 2.3585
0.299904 0.190958 2.83906
0.322457 0.248783 2.80486
