-0.163781 0.133293 2.19269
-0.149221 0.431692 2.11898
-0.134101 0.719041 2.0337
-0.13055 0.867862 2.00779
-0.30434 0.636902 2.07281
-0.519746 0.542291 2.04399
-0.43559 0.656931 1.86828
-0.377908 0.684184 1.87815
0.0403153 0.629711 2.08878
0.0900242 0.348122 2.17004
0.137322 0.135561 2.19303
0.143049 0.0502851 2.20813
-0.243386 0.133349 2.15399
-0.290138 -0.208829 2.27369
-0.262417 -0.582772 2.40282
-0.273107 -0.649686 2.3362
-0.0788437 0.128909 2.15903
-0.0586781 -0.221619 2.2674
-0.0797203 -0.595083 2.38977
-0.0816829 -0.672987 2.30784
-0.138034 0.648875 2.05709
-0.314065 0.722548 1.88453
-0.392383 0.715599 1.86906
0.161071 -0.0249625 2.23674
0.117938 0.0360121 2.17595
-0.163715 0.133477 2.19299
-0.149006 0.431828 2.11937
-0.13369 0.718989 2.0342
-0.130118 0.867483 2.00775
-0.302956 0.636537 2.07201
-0.515967 0.538083 2.04307
-0.422202 0.666089 1.88292
-0.388567 0.716269 1.88543
0.0405096 0.629842 2.08893
0.0899018 0.349309 2.17323
0.136106 0.136689 2.19732
0.144639 0.0517747 2.21319
-0.243372 0.133558 2.15404
-0.289722 -0.206765 2.27326
-0.262554 -0.582326 2.40243
-0.273201 -0.649582 2.33635
-0.0786499 0.129033 2.15968
-0.0597426 -0.220743 2.26862
-0.0797386 -0.595194 2.38971
-0.081702 -0.672863 2.308
-0.137667 0.648884 2.05756
-0.322432 0.7601 1.89395
-0.416067 0.737223 1.87645
0.164203 -0.0244691 2.24444
0.120447 0.0315444 2.18422
-0.163443 0.133294 2.19348
-0.148748 0.431787 2.11952
-0.133362 0.718973 2.03411
-0.1292 0.866817 2.00717
-0.302437 0.636643 2.07152
-0.517148 0.536479 2.0455
-0.446057 0.681884 1.88936
-0.424153 0.733355 1.88257
0.0413229 0.62923 2.08993
0.0899652 0.348977 2.17529
0.135924 0.136441 2.20014
0.144253 0.0492554 2.21698
-0.243194 0.133426 2.15419
-0.289058 -0.206804 2.27439
-0.263017 -0.582104 2.40207
-0.273241 -0.649528 2.33639
-0.0782678 0.128788 2.16065
-0.0596516 -0.22202 2.27019
-0.0796618 -0.595027 2.38955
-0.0820744 -0.67218 2.30874
-0.137359 0.648866 2.05753
-0.360501 0.789445 1.88829
-0.450973 0.753915 1.87337
0.162577 -0.0257872 2.24821
0.120635 0.036383 2.18327
-0.163298 0.133225 2.19413
-0.148475 0.431687 2.11977
-0.132929 0.718728 2.0341
-0.127925 0.865905 2.00612
-0.302091 0.636962 2.07133
-0.525993 0.53922 2.05495
-0.467649 0.687265 1.89611
-0.450869 0.740537 1.88111
0.0415434 0.629179 2.09014
0.0873078 0.348526 2.17576
0.135249 0.136712 2.20213
0.140887 0.0457922 2.2174
-0.243073 0.133352 2.15451
-0.288538 -0.210357 2.27733
-0.263343 -0.58162 2.40175
-0.273033 -0.64942 2.33619
-0.0781314 0.128734 2.16163
-0.0598935 -0.223584 2.27176
-0.0795756 -0.595083 2.38983
-0.0821256 -0.672142 2.30891
-0.136974 0.648671 2.05759
-0.390074 0.799458 1.88074
-0.476592 0.762508 1.87629
0.156494 -0.0263754 2.24499
0.114768 0.0209202 2.18579
-0.163257 0.133156 2.19439
-0.148146 0.431459 2.11997
-0.132079 0.71814 2.03413
-0.127335 0.865398 2.00534
-0.301732 0.637267 2.07133
-0.530511 0.540817 2.05869
-0.501094 0.700446 1.90399
-0.500237 0.758097 1.8869
0.041656 0.629114 2.09029
0.0871794 0.348362 2.17575
0.133294 0.136025 2.20152
0.137449 0.0452168 2.21195
-0.243018 0.133282 2.15468
-0.288715 -0.211213 2.2777
-0.263436 -0.581142 2.40141
-0.273122 -0.649305 2.33601
-0.0781099 0.128659 2.16192
-0.0596154 -0.224729 2.27233
-0.0795578 -0.595119 2.38983
-0.0820503 -0.672285 2.30886
-0.136262 0.648192 2.05766
-0.460309 0.826663 1.8879
-0.537493 0.76513 1.88544
0.148408 -0.0262265 2.2371
0.113114 0.0342629 2.1785
-0.16313 0.132941 2.19441
-0.147393 0.431075 2.12014
-0.130467 0.717479 2.03448
-0.125799 0.865103 2.00443
-0.300754 0.63762 2.07147
-0.528927 0.544902 2.05489
-0.60356 0.691806 1.90461
-0.644593 0.733955 1.89694
0.0433719 0.628244 2.09044
0.0869831 0.34702 2.17545
0.131134 0.133725 2.19809
0.136373 0.0396851 2.20523
-0.242912 0.133123 2.15463
-0.28801 -0.213124 2.2788
-0.263514 -0.581091 2.40125
-0.273076 -0.649312 2.336
-0.0779364 0.128344 2.16194
-0.0591177 -0.228497 2.27359
-0.0795239 -0.594951 2.38979
-0.0817265 -0.672329 2.30817
-0.134861 0.647602 2.05797
-0.686686 0.802002 1.90189
-0.673027 0.721541 1.88241
0.148444 -0.0317873 2.23147
0.112829 0.0332366 2.17234
-0.162556 0.132652 2.19416
-0.146388 0.430879 2.12002
-0.129178 0.717417 2.03446
-0.122357 0.864696 2.00395
-0.299583 0.637931 2.07123
-0.5091 0.556352 2.0551
-0.658318 0.657505 1.92595
-0.705128 0.66721 1.91842
0.0451701 0.626441 2.09098
0.0873527 0.34446 2.1745
0.129476 0.130289 2.19416
0.135358 0.0381504 2.19806
-0.242371 0.132868 2.15436
-0.287971 -0.211928 2.27798
-0.263519 -0.581075 2.40109
-0.273181 -0.649544 2.33585
-0.0773035 0.128003 2.16163
-0.0589424 -0.229629 2.27389
-0.0794616 -0.594707 2.3898
-0.0818494 -0.672201 2.30863
-0.13362 0.647504 2.05792
-0.776173 0.687331 1.93342
-0.75029 0.628163 1.91767
0.147577 -0.0325464 2.22463
0.109949 0.0321019 2.16176
-0.162182 0.132428 2.19406
-0.145581 0.430921 2.12006
-0.127796 0.717848 2.03467
-0.120749 0.864863 2.00459
-0.299004 0.637868 2.07126
-0.505707 0.557689 2.05507
-0.666528 0.650469 1.9346
-0.712927 0.670648 1.92494
0.046268 0.625954 2.09176
0.0883177 0.342932 2.17244
0.130556 0.128556 2.1905
0.14015 0.0364834 2.19575
-0.241964 0.132716 2.15411
-0.288074 -0.211759 2.27822
-0.263503 -0.581535 2.40198
-0.273016 -0.649517 2.33684
-0.0769368 0.127685 2.1616
-0.0592093 -0.228951 2.27307
-0.0793776 -0.59463 2.3899
-0.0817262 -0.672198 2.3083
-0.132383 0.647827 2.05807
-0.78787 0.684023 1.94661
-0.779606 0.638662 1.92044
0.152145 -0.0372867 2.22373
0.113573 0.0249038 2.16406
-0.162683 0.13274 2.19372
-0.145835 0.431197 2.12013
-0.128106 0.718196 2.03521
-0.124526 0.865003 2.00582
-0.300014 0.638978 2.072
-0.512798 0.565935 2.04202
-0.635794 0.699696 1.91542
-0.665336 0.739159 1.89931
0.0460545 0.625902 2.09121
0.0924007 0.342455 2.16872
0.134606 0.128093 2.18692
0.149384 0.036139 2.19191
-0.242484 0.133201 2.1541
-0.288048 -0.211928 2.27853
-0.263474 -0.581378 2.40226
-0.272547 -0.649527 2.33702
-0.0775065 0.127871 2.16072
-0.0600692 -0.227183 2.27075
-0.0792799 -0.594743 2.38965
-0.0816237 -0.672328 2.30826
-0.132655 0.648156 2.05848
-0.742153 0.776898 1.91717
-0.710891 0.721376 1.88127
0.158566 -0.033367 2.22627
0.12658 0.0277459 2.15758
-0.165036 0.134011 2.19306
-0.15033 0.432383 2.12027
-0.13591 0.719047 2.03642
-0.141387 0.865572 2.00878
-0.307959 0.642833 2.07432
-0.518314 0.57562 2.03518
-0.532648 0.730381 1.87393
-0.529708 0.783661 1.85355
0.0424952 0.626194 2.08814
0.096756 0.343201 2.1628
0.140705 0.129232 2.18131
0.156218 0.0394556 2.1828
-0.244682 0.134546 2.15484
-0.287164 -0.212769 2.27935
-0.263409 -0.581488 2.40225
-0.272164 -0.649481 2.3371
-0.0803892 0.129236 2.1583
-0.0595148 -0.227141 2.26821
-0.0789068 -0.595002 2.38913
-0.0819302 -0.672174 2.30821
-0.139553 0.64912 2.05939
-0.535025 0.862273 1.85241
-0.572682 0.829771 1.874
0.167696 -0.0297011 2.21827
0.132138 0.0250487 2.14797
-0.165991 0.13435 2.19279
-0.15218 0.432659 2.1203
-0.138607 0.719114 2.03675
-0.147067 0.865647 2.0095
-0.31092 0.643832 2.0754
-0.517406 0.563393 2.0347
-0.440649 0.68094 1.85767
-0.408823 0.704745 1.84025
0.0391095 0.625537 2.08513
0.0970884 0.342904 2.15865
0.142734 0.128674 2.17253
0.151283 0.0393393 2.17321
-0.245719 0.134904 2.15527
-0.286388 -0.212908 2.27992
-0.263425 -0.581546 2.40226
-0.272163 -0.649461 2.33695
-0.0812799 0.1296 2.15729
-0.058761 -0.226372 2.26693
-0.0788754 -0.594989 2.38909
-0.0819903 -0.672187 2.30824
-0.142059 0.649249 2.05966
-0.337477 0.754256 1.83043
-0.425682 0.712685 1.78937
0.164354 -0.0322483 2.20445
0.128091 0.0203769 2.13984
-0.167034 0.136163 2.19178
-0.154081 0.433832 2.11991
-0.141361 0.719778 2.03678
-0.148827 0.86557 2.00963
-0.312029 0.643663 2.07442
-0.520888 0.558797 2.03024
-0.426776 0.658337 1.84997
-0.363859 0.679883 1.85645
0.0365692 0.626426 2.08385
0.0954078 0.343234 2.15515
0.141532 0.12883 2.16673
0.146216 0.0415175 2.16323
-0.246822 0.136721 2.15475
-0.286242 -0.211635 2.27903
-0.263528 -0.581511 2.40205
-0.272218 -0.649413 2.33641
-0.0820379 0.131254 2.15594
-0.0591144 -0.220915 2.263
-0.0789192 -0.594848 2.38896
-0.0819424 -0.672436 2.30798
-0.144598 0.650039 2.05958
-0.287968 0.698698 1.85513
-0.335236 0.623382 1.8245
0.159633 -0.0315081 2.19427
0.1226 0.0344345 2.12835
-0.167159 0.13645 2.19164
-0.154555 0.434345 2.11961
-0.142123 0.72061 2.03609
-0.148529 0.866068 2.00906
-0.30992 0.641042 2.06891
-0.524202 0.572442 2.01612
-0.478676 0.721797 1.85458
-0.460834 0.772118 1.83551
0.0385997 0.628908 2.08519
0.0948616 0.344573 2.15462
0.141253 0.12996 2.16372
0.150596 0.0415651 2.16431
-0.246927 0.137045 2.15445
-0.285896 -0.211886 2.2791
-0.263526 -0.58108 2.40193
-0.272467 -0.64962 2.33607
-0.0821445 0.13152 2.15595
-0.0581231 -0.222475 2.26531
-0.078847 -0.594633 2.38889
-0.0821328 -0.672705 2.30792
-0.145304 0.650773 2.05902
-0.406113 0.833195 1.83657
-0.421527 0.726929 1.7874
0.164022 -0.0315669 2.18964
0.126208 0.0280989 2.12989
-0.16707 0.136801 2.19077
-0.15378 0.435353 2.11771
-0.139895 0.72253 2.03266
-0.141769 0.867032 2.00621
-0.30763 0.645564 2.06125
-0.543346 0.597023 2.01318
-0.575979 0.755222 1.85904
-0.589859 0.816273 1.83953
0.0390619 0.62871 2.08567
0.0946309 0.344979 2.15742
0.141142 0.130335 2.16591
0.15145 0.0442776 2.1741
-0.246964 0.137418 2.15192
-0.285494 -0.211559 2.27855
-0.263967 -0.580309 2.40143
-0.272295 -0.649591 2.3359
-0.0819841 0.131789 2.15593
-0.0577523 -0.22279 2.266
-0.0787675 -0.594697 2.38921
-0.0823082 -0.672424 2.30873
-0.143512 0.652443 2.05602
-0.576072 0.8969 1.8382
-0.544919 0.797109 1.79686
0.1701 -0.0320714 2.19852
0.126317 0.0256574 2.13512
-0.166409 0.137631 2.18909
-0.14868 0.436447 2.11478
-0.12517 0.723278 2.02844
-0.127476 0.867162 2.00128
-0.303111 0.650169 2.05612
-0.523894 0.616944 2.01574
-0.675246 0.736877 1.89832
-0.723949 0.78445 1.87674
0.0429964 0.628126 2.08686
0.0934058 0.344393 2.16156
0.138249 0.130218 2.1773
0.144454 0.0429377 2.19146
-0.246152 0.138931 2.14812
-0.28508 -0.21098 2.27696
-0.264194 -0.580394 2.40096
-0.272148 -0.649691 2.33581
-0.0815 0.132127 2.15583
-0.0580786 -0.22213 2.26619
-0.0787712 -0.594706 2.38977
-0.0820527 -0.672658 2.3087
-0.131608 0.653349 2.05208
-0.771003 0.849508 1.88243
-0.683114 0.793101 1.83684
0.165137 -0.0327172 2.21295
0.121579 0.0186753 2.16126
-0.16442 0.137627 2.18658
-0.142678 0.436282 2.11168
-0.117732 0.723029 2.02577
-0.112339 0.865904 1.99635
-0.295235 0.650727 2.05069
-0.521821 0.615071 2.02062
-0.71083 0.68772 1.93677
-0.778446 0.701051 1.93821
0.0498531 0.626225 2.08716
0.0917793 0.343152 2.1678
0.128779 0.13005 2.19892
0.133705 0.0390596 2.22047
-0.243627 0.139795 2.1435
-0.285444 -0.203717 2.26984
-0.26422 -0.580506 2.40065
-0.2717 -0.649932 2.33548
-0.0799223 0.131413 2.15541
-0.0606143 -0.222905 2.26712
-0.0786377 -0.59473 2.39085
-0.0815682 -0.672388 2.30843
-0.124185 0.653088 2.04927
-0.827675 0.706335 1.9637
-0.789388 0.741921 1.92143
0.148097 -0.0328629 2.24459
0.106863 0.0161678 2.19109
-0.163698 0.137141 2.18595
-0.141364 0.435819 2.11035
-0.116802 0.722691 2.02347
-0.108556 0.865156 1.99462
-0.291918 0.64955 2.04892
-0.518239 0.611134 2.02538
-0.701766 0.692284 1.93671
-0.757682 0.729486 1.92946
0.053394 0.624764 2.08698
0.0934026 0.342544 2.17072
0.126425 0.130642 2.21005
0.135978 0.0428426 2.23508
-0.242917 0.139546 2.14249
-0.286433 -0.202069 2.26862
-0.264063 -0.580762 2.4007
-0.272264 -0.650053 2.33472
-0.0790328 0.130451 2.15545
-0.061539 -0.222397 2.26691
-0.0787219 -0.594259 2.39161
-0.0808932 -0.672297 2.30812
-0.123103 0.652718 2.04725
-0.807443 0.739778 1.95971
-0.774965 0.771078 1.92833
0.151421 -0.0337369 2.26252
0.112412 0.0146005 2.2101
-0.163686 0.137098 2.1856
-0.141298 0.435633 2.10956
-0.117456 0.722198 2.02176
-0.109847 0.864727 1.99369
-0.291593 0.649829 2.04916
-0.513189 0.619022 2.02629
-0.647701 0.745457 1.90485
-0.689886 0.788915 1.88253
0.0556017 0.623873 2.08451
0.0958288 0.342911 2.17151
0.130814 0.131786 2.21263
0.147865 0.0382094 2.23368
-0.242964 0.13946 2.14263
-0.285817 -0.204983 2.26911
-0.263357 -0.581288 2.40117
-0.271855 -0.650751 2.33439
-0.0788771 0.130497 2.1544
-0.0619415 -0.221937 2.26532
-0.0788036 -0.594517 2.39186
-0.0812454 -0.672059 2.30856
-0.123485 0.652322 2.04581
-0.759777 0.842428 1.90405
-0.667399 0.816625 1.8494
0.162245 -0.0317056 2.26389
0.125853 0.0233662 2.20449
-0.163805 0.137399 2.18513
-0.142425 0.435467 2.10899
-0.121563 0.720984 2.02105
-0.117722 0.862967 1.99292
-0.294252 0.651818 2.0517
-0.511065 0.63212 2.02276
-0.569025 0.771912 1.85815
-0.584674 0.832214 1.82894
0.054949 0.623335 2.08054
0.0996865 0.343585 2.1689
0.139977 0.132275 2.20533
0.157391 0.0356546 2.21453
-0.243199 0.139855 2.1432
-0.285141 -0.207391 2.27162
-0.263158 -0.581468 2.40142
-0.271679 -0.650603 2.33552
-0.0789653 0.130811 2.15259
-0.0616365 -0.222447 2.26362
-0.0789689 -0.59426 2.3921
-0.0814201 -0.671594 2.30948
-0.126706 0.651422 2.0451
-0.61244 0.904041 1.82085
-0.608186 0.858912 1.762
0.169215 -0.0324813 2.24521
0.136461 0.0175998 2.18404
-0.164446 0.137865 2.1844
-0.144657 0.435448 2.10866
-0.126134 0.720371 2.02161
-0.126216 0.86158 1.99349
-0.297883 0.653695 2.05531
-0.512457 0.621321 2.01366
-0.465659 0.749594 1.83427
-0.441936 0.799553 1.8119
0.0525653 0.62426 2.07854
0.102721 0.34346 2.16169
0.145401 0.130647 2.18875
0.157125 0.0361743 2.1846
-0.24393 0.140264 2.14385
-0.284214 -0.209109 2.27571
-0.263312 -0.581848 2.40199
-0.271526 -0.650514 2.33571
-0.0797167 0.131466 2.15005
-0.0597747 -0.221391 2.25993
-0.0789855 -0.594443 2.39222
-0.0814237 -0.671861 2.30933
-0.130726 0.650947 2.04539
-0.414842 0.86873 1.79986
-0.473312 0.850129 1.8414
0.167064 -0.0340799 2.21254
0.134781 0.0273368 2.14796
-0.164952 0.138104 2.18385
-0.145763 0.435198 2.10877
-0.127782 0.719653 2.02269
-0.129405 0.861646 1.9943
-0.299721 0.651493 2.05811
-0.50743 0.586638 2.01438
-0.387348 0.681262 1.84777
-0.352994 0.711402 1.83859
0.051659 0.62472 2.07841
0.102431 0.341561 2.15462
0.1419 0.125434 2.16237
0.148839 0.0339621 2.15309
-0.244679 0.140333 2.14434
-0.283523 -0.207074 2.27698
-0.263179 -0.582845 2.40337
-0.271435 -0.650395 2.33583
-0.0800533 0.131809 2.14856
-0.056248 -0.219395 2.25553
-0.0789431 -0.594264 2.392
-0.0815563 -0.672091 2.30927
-0.132276 0.650337 2.0462
-0.28769 0.758839 1.81853
-0.351586 0.772883 1.86575
0.155854 -0.0380518 2.17522
0.125717 0.0278528 2.11442
-0.165145 0.137682 2.18269
-0.146426 0.434862 2.10867
-0.128466 0.719351 2.02324
-0.130082 0.862381 1.99524
-0.299466 0.648137 2.05946
-0.506572 0.583333 2.01131
-0.41496 0.70861 1.84781
-0.395298 0.751441 1.83328
0.0495677 0.622925 2.07555
0.101498 0.338945 2.14866
0.138235 0.121526 2.14297
0.143667 0.0334748 2.13178
-0.245176 0.140019 2.14432
-0.283552 -0.205442 2.27575
-0.263343 -0.582944 2.40304
-0.272194 -0.65037 2.33605
-0.0798265 0.131047 2.14674
-0.0554364 -0.219213 2.25528
-0.0789482 -0.593698 2.39167
-0.0817449 -0.672281 2.30882
-0.132957 0.650004 2.04659
-0.345671 0.814876 1.83075
-0.397118 0.810927 1.86517
0.150984 -0.0427826 2.15641
0.12152 0.022107 2.09579
-0.164392 0.136988 2.18202
-0.1461 0.434726 2.10836
-0.128088 0.719713 2.02301
-0.127727 0.863044 1.9959
-0.298546 0.648452 2.05778
-0.526908 0.605256 2.01095
-0.5107 0.761251 1.85089
-0.511095 0.824018 1.82416
0.0496536 0.622499 2.07531
0.10137 0.338359 2.14805
0.138231 0.120942 2.14156
0.148395 0.0324898 2.13571
-0.244342 0.139155 2.14352
-0.281827 -0.208696 2.27631
-0.263577 -0.581718 2.40224
-0.272567 -0.650209 2.33602
-0.0791401 0.130488 2.14657
-0.0553578 -0.220213 2.25683
-0.0790413 -0.593694 2.39197
-0.082246 -0.670628 2.31015
-0.13264 0.65021 2.04637
-0.485554 0.902113 1.81731
-0.52762 0.87893 1.853
0.159766 -0.0428151 2.1582
0.124065 0.0216961 2.10363
-0.163288 0.136146 2.18092
-0.14315 0.434557 2.10778
-0.120887 0.721211 2.02352
-0.117179 0.864672 1.99532
-0.296286 0.649993 2.05468
-0.513268 0.629254 2.014
-0.615612 0.763254 1.86912
-0.649042 0.82195 1.84973
0.0518292 0.621189 2.07696
0.100333 0.336839 2.15077
0.138648 0.119922 2.15033
0.146795 0.0324521 2.15783
-0.243095 0.138358 2.14184
-0.281732 -0.208557 2.27562
-0.263921 -0.580417 2.40164
-0.272404 -0.650606 2.33605
-0.0781523 0.129597 2.14628
-0.0558868 -0.223462 2.259
-0.0793413 -0.594403 2.39272
-0.0818812 -0.671289 2.30996
-0.126722 0.651175 2.04653
-0.673232 0.901101 1.85067
-0.665331 0.781585 1.82125
0.160126 -0.0433438 2.17844
0.124434 0.0218493 2.12546
