-0.0634378 0.0244499 2.23059
-0.0672744 0.318138 2.20026
-0.0703479 0.602034 2.15915
-0.0656365 0.741966 2.12675
-0.229487 0.502995 2.14095
-0.398305 0.443343 1.99933
-0.345744 0.642669 1.92004
-0.342397 0.685046 1.91639
0.0918521 0.47844 2.1695
0.135787 0.224602 2.20164
0.170554 0.00842538 2.17156
0.152838 -0.0106016 2.17719
-0.132718 0.0238747 2.19327
-0.154009 -0.249005 2.28049
-0.152492 -0.583414 2.38172
-0.162011 -0.67431 2.2998
0.00776063 0.0243858 2.20141
0.0346409 -0.265353 2.30507
0.0573929 -0.571826 2.38384
0.0773381 -0.666644 2.30708
-0.0696836 0.532492 2.17146
-0.337473 0.76165 1.91279
-0.290874 0.665108 1.88123
0.1635 -0.0920491 2.18848
0.192637 -0.0147224 2.1663
-0.0634184 0.0245214 2.23063
-0.0671872 0.318125 2.20011
-0.0701012 0.601803 2.15841
-0.0657281 0.742283 2.12699
-0.22941 0.503125 2.14106
-0.398158 0.443414 1.99938
-0.345487 0.642837 1.92046
-0.343008 0.685087 1.91781
0.0919248 0.478546 2.16941
0.136009 0.224444 2.20151
0.171084 0.00834691 2.17113
0.153362 -0.0103661 2.17668
-0.132705 0.0239665 2.19336
-0.153876 -0.248962 2.28025
-0.152348 -0.583079 2.38159
-0.16201 -0.673984 2.29967
0.00778819 0.024437 2.2014
0.034762 -0.265249 2.30497
0.0574702 -0.571877 2.38422
0.07786 -0.666684 2.30552
-0.0694747 0.532325 2.17089
-0.336268 0.759943 1.91108
-0.291075 0.667106 1.88172
0.162652 -0.0917933 2.18614
0.194734 -0.00308534 2.17267
-0.0633523 0.0246027 2.23076
-0.0671183 0.318166 2.20016
-0.0700506 0.601848 2.15839
-0.0657599 0.742371 2.12724
-0.229414 0.503256 2.14116
-0.398346 0.443138 1.99989
-0.346434 0.642839 1.92123
-0.344512 0.683371 1.91751
0.0919083 0.478727 2.16909
0.136155 0.224472 2.20149
0.172484 0.00870797 2.16984
0.154315 -0.0109975 2.17421
-0.132647 0.0240764 2.19348
-0.153632 -0.248922 2.2808
-0.152419 -0.583021 2.38193
-0.161792 -0.673895 2.29981
0.00785045 0.0244954 2.20154
0.0347753 -0.266019 2.3056
0.0575242 -0.571351 2.38431
0.077849 -0.666417 2.30537
-0.0694195 0.532365 2.17088
-0.337878 0.760216 1.91131
-0.292463 0.664994 1.88256
0.163683 -0.0912001 2.19002
0.191051 0.000601243 2.15896
-0.0633487 0.0246902 2.23081
-0.0671276 0.318337 2.2003
-0.0702119 0.602196 2.15872
-0.0659728 0.742389 2.12733
-0.229451 0.503326 2.14114
-0.398572 0.442948 2.00025
-0.347328 0.642889 1.92181
-0.346909 0.684827 1.91783
0.0919129 0.478717 2.16896
0.136433 0.224532 2.20085
0.172764 0.00879577 2.16892
0.154418 -0.010524 2.17322
-0.132621 0.024216 2.19368
-0.154025 -0.248247 2.28055
-0.152383 -0.58286 2.38195
-0.161823 -0.673991 2.29999
0.00784958 0.024565 2.2015
0.0347645 -0.265363 2.30525
0.0575545 -0.571841 2.38432
0.0778001 -0.666096 2.30545
-0.0695233 0.532652 2.17113
-0.343418 0.762121 1.91771
-0.29341 0.667933 1.88114
0.162628 -0.0907082 2.18586
0.193495 -0.0169915 2.16076
-0.0633129 0.0246888 2.2308
-0.0671217 0.318303 2.20034
-0.0703927 0.602076 2.15881
-0.0660487 0.742403 2.12728
-0.229259 0.503273 2.14094
-0.398545 0.442984 2.00022
-0.347949 0.64301 1.92157
-0.348808 0.68297 1.91709
0.0914648 0.478958 2.16825
0.136762 0.224436 2.20052
0.172769 0.00863045 2.16873
0.154245 -0.0108868 2.17391
-0.132554 0.0242002 2.1938
-0.154006 -0.24829 2.28099
-0.152339 -0.582605 2.38175
-0.161862 -0.673986 2.29994
0.00789621 0.0245695 2.20135
0.0347304 -0.264883 2.30493
0.0576906 -0.570687 2.38448
0.0776497 -0.664846 2.30671
-0.0696415 0.532551 2.17119
-0.341375 0.758137 1.90767
-0.294227 0.666136 1.88108
0.163394 -0.0919949 2.18714
0.194828 -0.00598576 2.16916
-0.0632904 0.0246923 2.23079
-0.0671183 0.31825 2.20008
-0.0704773 0.601853 2.15785
-0.06631 0.742031 2.12682
-0.229352 0.503088 2.1406
-0.398858 0.442541 2.00029
-0.348683 0.642426 1.92092
-0.348179 0.682798 1.91603
0.0915505 0.478761 2.16756
0.136836 0.22443 2.20007
0.172647 0.0085992 2.16819
0.153322 -0.00952465 2.17425
-0.132525 0.0241864 2.19385
-0.154029 -0.248479 2.28077
-0.152409 -0.58295 2.38183
-0.161824 -0.674164 2.29988
0.00792065 0.0245603 2.20124
0.034759 -0.264628 2.30442
0.0576121 -0.571252 2.38473
0.077559 -0.665147 2.30678
-0.0696996 0.532375 2.17044
-0.342369 0.760476 1.9111
-0.294014 0.665402 1.88111
0.165218 -0.087088 2.18064
0.193883 -0.0083622 2.16686
-0.0634633 0.0246966 2.23054
-0.0672041 0.318168 2.19982
-0.0705206 0.601805 2.15789
-0.0665544 0.741972 2.12651
-0.229287 0.503166 2.14047
-0.398855 0.442671 2.00022
-0.348758 0.642435 1.92044
-0.347131 0.685254 1.91546
0.0915974 0.478713 2.1675
0.136881 0.224278 2.19992
0.17257 0.0084655 2.16766
0.153639 -0.0103531 2.17414
-0.132839 0.0242378 2.19359
-0.154216 -0.248126 2.28067
-0.152356 -0.583004 2.38227
-0.16185 -0.674053 2.29996
0.0078509 0.0245149 2.20092
0.0348183 -0.264173 2.30416
0.0577117 -0.570483 2.38428
0.0775592 -0.664026 2.30636
-0.0697599 0.532299 2.17034
-0.341242 0.763832 1.91034
-0.294697 0.666907 1.88166
0.163261 -0.0919171 2.18526
0.198271 -0.027381 2.18286
-0.0634352 0.0247012 2.23035
-0.0672176 0.318169 2.19968
-0.0705863 0.601894 2.15802
-0.0667531 0.742316 2.12688
-0.229313 0.503314 2.14037
-0.397306 0.446413 1.99651
-0.342918 0.644093 1.91393
-0.336764 0.690419 1.91259
0.0916393 0.478653 2.16755
0.136787 0.223895 2.19966
0.172597 0.00809101 2.16754
0.151347 -0.00993035 2.17344
-0.132801 0.0242156 2.19343
-0.153906 -0.248727 2.28064
-0.152502 -0.583413 2.38284
-0.161885 -0.674016 2.30009
0.00786224 0.024521 2.2006
0.03476 -0.265638 2.30479
0.0576557 -0.571911 2.38399
0.0765765 -0.66658 2.30926
-0.0698052 0.532358 2.17038
-0.332575 0.766891 1.90678
-0.289797 0.66981 1.87961
0.162402 -0.0905765 2.18272
0.190963 -0.00762503 2.16742
-0.0634201 0.0248761 2.23027
-0.0671899 0.318399 2.19997
-0.0704843 0.6022 2.15903
-0.0665866 0.742429 2.12757
-0.228907 0.503688 2.14008
-0.393603 0.454272 1.98933
-0.325042 0.650852 1.9161
-0.309202 0.694511 1.91397
0.0920604 0.478512 2.16868
0.136532 0.223238 2.19992
0.1724 0.0074595 2.16767
0.151034 -0.0113846 2.17547
-0.132694 0.0244842 2.19286
-0.153939 -0.248671 2.28034
-0.152704 -0.583865 2.38282
-0.162025 -0.673538 2.30047
0.00780652 0.024678 2.20099
0.0346479 -0.264349 2.30395
0.0576364 -0.570758 2.38409
0.0766754 -0.666079 2.30913
-0.0697313 0.532646 2.17118
-0.296936 0.77316 1.90956
-0.258344 0.675416 1.88175
0.160714 -0.0920033 2.18415
0.192411 -0.0128113 2.17862
-0.0634472 0.0249456 2.23027
-0.0670568 0.318361 2.19999
-0.0698325 0.601835 2.15902
-0.0659741 0.743293 2.12954
-0.228191 0.504793 2.1398
-0.391536 0.456821 1.98697
-0.303632 0.647723 1.91981
-0.278723 0.686025 1.91763
0.0924502 0.478185 2.16975
0.136429 0.22263 2.20079
0.172052 0.00682801 2.1684
0.149221 -0.0105199 2.1759
-0.132726 0.0246472 2.19259
-0.154364 -0.247363 2.27969
-0.152522 -0.583741 2.38259
-0.162011 -0.673964 2.30027
0.00771116 0.0247287 2.20127
0.0345074 -0.264153 2.30387
0.0575633 -0.570513 2.384
0.076831 -0.666019 2.3085
-0.0692457 0.53239 2.1712
-0.252954 0.756586 1.91208
-0.232117 0.659869 1.88946
0.15917 -0.0925411 2.18403
0.189558 -0.0227603 2.17367
-0.0638841 0.0255685 2.23022
-0.0669914 0.318583 2.20023
-0.0690114 0.601795 2.15966
-0.0656911 0.743395 2.13066
-0.226006 0.508111 2.14006
-0.388654 0.457993 1.98711
-0.274536 0.636649 1.9256
-0.249268 0.672779 1.92311
0.09257 0.478261 2.17069
0.136401 0.221834 2.20185
0.171224 0.00587478 2.16975
0.14789 -0.0143936 2.17959
-0.133408 0.0257037 2.1926
-0.154469 -0.245722 2.27881
-0.152318 -0.583084 2.38211
-0.162 -0.67397 2.30018
0.00746248 0.0249915 2.2012
0.0343066 -0.261852 2.30281
0.057468 -0.569962 2.38367
0.0780176 -0.667219 2.30595
-0.0686676 0.532445 2.17173
-0.219389 0.74138 1.92092
-0.201059 0.643758 1.89661
0.157308 -0.0919448 2.18581
0.189349 -0.00994766 2.18585
-0.0651484 0.0276717 2.22994
-0.067317 0.319762 2.20133
-0.0687907 0.602576 2.1626
-0.0659851 0.74404 2.13305
-0.22189 0.508168 2.13902
-0.385549 0.460493 1.98642
-0.233139 0.642333 1.92994
-0.218001 0.658312 1.9286
0.0903964 0.479483 2.17151
0.135863 0.223684 2.20446
0.169914 0.00750407 2.17326
0.14847 -0.0120157 2.1846
-0.135367 0.0283181 2.19166
-0.155272 -0.241991 2.27737
-0.152528 -0.583358 2.38253
-0.162028 -0.673494 2.30059
0.00687132 0.026541 2.20146
0.0335205 -0.257984 2.30136
0.0570613 -0.570055 2.38413
0.078081 -0.666923 2.30542
-0.0685755 0.53332 2.17413
-0.166966 0.721426 1.92469
-0.165568 0.632087 1.90158
0.16042 -0.0922435 2.19699
0.192024 -0.0274406 2.18722
-0.0653976 0.0285362 2.2303
-0.0673222 0.320249 2.20201
-0.0686412 0.602678 2.16339
-0.0650364 0.743363 2.13287
-0.219497 0.506262 2.1398
-0.379385 0.466095 1.98076
-0.21765 0.64336 1.92883
-0.205737 0.653254 1.92478
0.0886762 0.480097 2.17139
0.13578 0.224707 2.2054
0.169183 0.00830107 2.17548
0.148892 -0.012068 2.18489
-0.13594 0.0292633 2.19215
-0.155 -0.238817 2.27563
-0.152642 -0.583445 2.38234
-0.161989 -0.673788 2.30043
0.0069102 0.0272641 2.20176
0.0363133 -0.249323 2.29857
0.0571742 -0.569475 2.38438
0.0782579 -0.666743 2.30483
-0.0684486 0.533506 2.17492
-0.154537 0.709887 1.9241
-0.154909 0.620563 1.9
0.159992 -0.0925426 2.19399
0.189646 -0.0119589 2.18301
-0.0655456 0.029473 2.23081
-0.0673547 0.320818 2.20272
-0.0686291 0.602828 2.16409
-0.0648388 0.743335 2.13295
-0.218227 0.50516 2.14006
-0.377123 0.46793 1.97923
-0.210851 0.642655 1.92554
-0.205548 0.649911 1.9171
0.0873459 0.480493 2.17121
0.135928 0.226391 2.20646
0.16895 0.0098853 2.1769
0.149385 -0.0118367 2.18545
-0.136312 0.0301629 2.193
-0.155018 -0.237259 2.27511
-0.152588 -0.583531 2.38282
-0.16199 -0.673851 2.30049
0.00699446 0.0281787 2.20201
0.0356621 -0.249492 2.29834
0.0573357 -0.570189 2.38472
0.0775961 -0.666728 2.30757
-0.068432 0.533744 2.17565
-0.158172 0.703647 1.90937
-0.154752 0.614936 1.8928
0.160532 -0.0928106 2.19881
0.190057 -0.0168424 2.18178
-0.0653993 0.0297661 2.2313
-0.0671877 0.320992 2.20328
-0.0684793 0.602811 2.1646
-0.0651153 0.743611 2.13384
-0.218036 0.505271 2.14038
-0.37747 0.466614 1.98047
-0.235024 0.622868 1.91499
-0.225526 0.652858 1.90473
0.0871157 0.480634 2.17114
0.135989 0.226337 2.20698
0.169105 0.00982579 2.17767
0.150085 -0.012051 2.18371
-0.136234 0.0304336 2.19352
-0.154376 -0.238245 2.27613
-0.152225 -0.582544 2.38226
-0.161998 -0.673396 2.30031
0.00723092 0.0284383 2.20247
0.0357114 -0.252272 2.29987
0.0573022 -0.570705 2.38413
0.0778484 -0.667359 2.30552
-0.0682667 0.533768 2.17619
-0.178511 0.707759 1.89124
-0.180543 0.615679 1.87993
0.160891 -0.092827 2.19277
0.189834 -0.0133467 2.17885
-0.0644169 0.0293966 2.23255
-0.0658923 0.320603 2.20359
-0.0662645 0.602011 2.16362
-0.063886 0.743676 2.13432
-0.219028 0.5078 2.14134
-0.381016 0.46424 1.98555
-0.280942 0.644347 1.9044
-0.284712 0.679892 1.89581
0.0910707 0.480117 2.17348
0.136363 0.226104 2.20747
0.170366 0.00978632 2.17759
0.152722 -0.0117633 2.18471
-0.134589 0.0297416 2.19521
-0.153462 -0.241648 2.27962
-0.152424 -0.582589 2.38257
-0.162017 -0.673252 2.30049
0.00776119 0.0282445 2.20339
0.0355057 -0.258021 2.30353
0.0574017 -0.570416 2.38381
0.0777799 -0.667352 2.30671
-0.0663171 0.533091 2.17562
-0.26859 0.755374 1.88448
-0.230294 0.656702 1.8595
0.16279 -0.0930897 2.19825
0.192062 -0.013465 2.18131
-0.063749 0.0288536 2.2331
-0.0652128 0.320412 2.2035
-0.0653039 0.602148 2.16267
-0.0604391 0.742768 2.13347
-0.219207 0.507804 2.14148
-0.385022 0.466374 1.98956
-0.334234 0.663108 1.90234
-0.344744 0.703249 1.90024
0.0936397 0.479807 2.17453
0.136874 0.22588 2.20788
0.171231 0.00968602 2.1773
0.153479 -0.0122802 2.18522
-0.133527 0.0289583 2.19522
-0.151498 -0.24763 2.28297
-0.152483 -0.583172 2.38269
-0.162025 -0.673343 2.3004
0.00816316 0.0277982 2.20459
0.035916 -0.26033 2.30491
0.0576395 -0.570113 2.38361
0.0773472 -0.666732 2.30708
-0.0654223 0.533111 2.17494
-0.341272 0.781059 1.89106
-0.290179 0.687241 1.8606
0.1628 -0.0931223 2.19624
0.192019 -0.0185251 2.17985
-0.0633094 0.028413 2.23376
-0.0645871 0.320223 2.20365
-0.0645736 0.602165 2.16242
-0.0582755 0.743159 2.13367
-0.219289 0.507778 2.14151
-0.390385 0.469159 1.99538
-0.381917 0.671555 1.90785
-0.399811 0.710624 1.91172
0.0952495 0.479179 2.17494
0.137323 0.226273 2.20791
0.170814 0.00991315 2.1776
0.152016 -0.0154957 2.18459
-0.132884 0.0284277 2.1959
-0.151442 -0.248831 2.28379
-0.152234 -0.583015 2.38255
-0.162004 -0.673447 2.30028
0.0083576 0.0274839 2.20515
0.0360211 -0.260775 2.3053
0.0577471 -0.570358 2.38389
0.0774328 -0.66651 2.306
-0.0647117 0.533073 2.17478
-0.407839 0.787342 1.90472
-0.348123 0.694699 1.86805
0.1626 -0.0930017 2.19344
0.190876 -0.0160751 2.17657
-0.0630315 0.02821 2.23396
-0.063993 0.320107 2.20355
-0.0636407 0.602214 2.16185
-0.0565153 0.742966 2.13313
-0.219714 0.507758 2.14184
-0.397637 0.467924 2.00538
-0.426092 0.670939 1.92565
-0.44753 0.704019 1.92368
0.0953312 0.479087 2.17457
0.137544 0.226762 2.20785
0.17069 0.0103373 2.17763
0.150901 -0.0143657 2.1824
-0.132479 0.0281723 2.1961
-0.15169 -0.24887 2.28405
-0.152061 -0.582743 2.38231
-0.163053 -0.67454 2.30507
0.00848603 0.0273271 2.20533
0.0361112 -0.261039 2.30524
0.057756 -0.570516 2.38387
0.0774158 -0.666293 2.30521
-0.0638506 0.533073 2.17433
-0.46743 0.779512 1.92426
-0.399124 0.704542 1.87939
0.158676 -0.0928397 2.19327
0.190426 -0.010625 2.17617
-0.0626639 0.0278905 2.23446
-0.0635649 0.319984 2.20352
-0.0631391 0.60232 2.16117
-0.0556715 0.743073 2.13309
-0.221164 0.50765 2.14349
-0.410748 0.456806 2.02805
-0.477254 0.644722 1.9338
-0.507319 0.675003 1.93701
0.0961075 0.478833 2.17396
0.137847 0.226909 2.20768
0.170766 0.0104745 2.17719
0.152006 -0.016258 2.18205
-0.131847 0.0276894 2.19697
-0.151606 -0.250177 2.28457
-0.152056 -0.582736 2.38203
-0.162608 -0.674828 2.30299
0.00861661 0.0271595 2.20556
0.036009 -0.261128 2.30534
0.0576135 -0.568812 2.38374
0.077438 -0.66577 2.30529
-0.0633558 0.533104 2.17385
-0.540284 0.747294 1.94887
-0.467648 0.688138 1.88928
0.158981 -0.0990421 2.19752
0.197321 -0.0334724 2.19129
-0.0626454 0.0276997 2.23457
-0.0633772 0.319891 2.2035
-0.0627687 0.602286 2.16097
-0.0549258 0.742277 2.13217
-0.222041 0.506815 2.14491
-0.416693 0.448405 2.03675
-0.515718 0.621696 1.94345
-0.547278 0.646221 1.94744
0.096694 0.478632 2.17322
0.138457 0.225965 2.2071
0.171531 0.00966125 2.17553
0.154989 -0.0148862 2.17991
-0.13181 0.0274728 2.19715
-0.151685 -0.250431 2.28435
-0.15202 -0.582722 2.38195
-0.162609 -0.674183 2.30227
0.00858719 0.0269916 2.20559
0.0356801 -0.263347 2.30606
0.0575466 -0.569587 2.38352
0.0776067 -0.664969 2.30562
-0.0630304 0.533049 2.17368
-0.592043 0.718828 1.96509
-0.512795 0.665669 1.89859
0.163253 -0.0970598 2.19414
0.196452 -0.028611 2.18339
-0.0626854 0.0275047 2.23478
-0.0631645 0.319723 2.20344
-0.0622678 0.602091 2.16052
-0.0549157 0.742305 2.13216
-0.222872 0.506287 2.14577
-0.419111 0.439188 2.04217
-0.540746 0.598421 1.95091
-0.576117 0.618877 1.9602
0.0968661 0.478504 2.17276
0.139129 0.225811 2.20619
0.172233 0.00962543 2.1735
0.155824 -0.0129989 2.17801
-0.131849 0.0272776 2.1975
-0.152059 -0.249793 2.28399
-0.152231 -0.582738 2.38219
-0.162597 -0.67402 2.30209
0.00850887 0.0267958 2.20569
0.0355279 -0.264104 2.30633
0.0575147 -0.569755 2.38364
0.0775574 -0.66499 2.30562
-0.0626014 0.53286 2.17333
-0.632465 0.681095 1.97797
-0.549444 0.644746 1.91168
0.164001 -0.092457 2.18427
0.194299 -0.0157313 2.16597
-0.0627438 0.0272581 2.23493
-0.0630098 0.319658 2.20333
-0.0620159 0.60223 2.16009
-0.0553573 0.742246 2.13208
-0.223803 0.50555 2.1464
-0.414664 0.427487 2.05065
-0.551062 0.572968 1.9569
-0.587711 0.59282 1.96219
0.0971506 0.478689 2.17198
0.139901 0.225461 2.20497
0.173057 0.0092609 2.17251
0.15686 -0.0127781 2.17513
-0.131934 0.027083 2.19808
-0.152905 -0.249282 2.28377
-0.152254 -0.582828 2.38249
-0.162415 -0.673922 2.30151
0.00837607 0.0264645 2.20544
0.035198 -0.265871 2.30723
0.0571788 -0.569952 2.38392
0.0777331 -0.66496 2.30486
-0.0623723 0.532942 2.17297
-0.655294 0.653636 1.9806
-0.56983 0.62183 1.91494
0.165903 -0.0916487 2.18605
0.19462 -0.0173825 2.1599
-0.0627302 0.0271819 2.23495
-0.0628959 0.319575 2.20305
-0.0618603 0.602149 2.15945
-0.0555271 0.742279 2.1319
-0.224382 0.505185 2.14647
-0.414551 0.426553 2.05054
-0.552378 0.570672 1.95677
-0.585887 0.600219 1.95754
0.0973606 0.478612 2.17134
0.140505 0.225048 2.2039
0.173852 0.00890798 2.17115
0.156969 -0.0130288 2.17446
-0.131877 0.0269567 2.19825
-0.153021 -0.24917 2.28366
-0.152419 -0.583294 2.38287
-0.162438 -0.67361 2.30109
0.00837298 0.0264205 2.20538
0.0350846 -0.267529 2.30756
0.0572205 -0.570245 2.38392
0.0769294 -0.666443 2.30843
-0.0622156 0.532864 2.17241
-0.654858 0.648042 1.9759
-0.56569 0.631035 1.91383
0.166815 -0.0920684 2.18574
0.195038 -0.0153106 2.16
-0.0628242 0.0271463 2.2348
-0.0629345 0.319605 2.20285
-0.0619722 0.602258 2.15927
-0.0562085 0.742216 2.13163
-0.224826 0.504725 2.14616
-0.413316 0.428091 2.0479
-0.536082 0.582575 1.9492
-0.562979 0.622759 1.94833
0.0974225 0.478596 2.17093
0.141103 0.224348 2.20312
0.174812 0.00831958 2.16988
0.157836 -0.0132909 2.1741
-0.131985 0.0269431 2.19819
-0.152699 -0.249682 2.28393
-0.152365 -0.583136 2.38279
-0.162349 -0.673466 2.30097
0.00826475 0.0263658 2.205
0.0352468 -0.266416 2.3072
0.0572709 -0.570415 2.38398
0.0769344 -0.664304 2.30831
-0.0622992 0.532958 2.17221
-0.627461 0.67538 1.96318
-0.535191 0.653561 1.90443
0.167766 -0.0925361 2.18254
0.197062 -0.020263 2.16767
-0.0628604 0.0271325 2.23458
-0.0629714 0.319589 2.20254
-0.0621454 0.602316 2.15893
-0.0566384 0.741268 2.13063
-0.224914 0.504434 2.14555
-0.411948 0.438679 2.03615
-0.502558 0.613813 1.93701
-0.522746 0.658073 1.93315
0.0975812 0.478566 2.17038
0.141325 0.224131 2.20283
0.175043 0.00810301 2.16961
0.158307 -0.0124759 2.17506
-0.132027 0.0269561 2.19784
-0.152955 -0.24795 2.28291
-0.152269 -0.583188 2.38264
-0.162242 -0.673529 2.30076
0.00822495 0.0263569 2.20481
0.0352728 -0.26514 2.30631
0.0573783 -0.569841 2.38391
0.0770356 -0.664509 2.30729
-0.0624256 0.532996 2.17186
-0.576644 0.71893 1.94062
-0.480434 0.678166 1.89576
0.165753 -0.0918311 2.18325
0.201049 -0.0303921 2.1805
-0.0628293 0.0271879 2.23415
-0.0630838 0.319645 2.20212
-0.0625763 0.602386 2.1585
-0.0570531 0.741169 2.13048
-0.225105 0.505361 2.14385
-0.410699 0.453093 2.02432
-0.44751 0.646026 1.92287
-0.447663 0.695237 1.9104
0.0974525 0.478435 2.1701
0.141247 0.224306 2.20253
0.17524 0.00831179 2.1694
0.15701 -0.0123963 2.17553
-0.131849 0.0270143 2.19703
-0.153184 -0.248229 2.28221
-0.152134 -0.583129 2.38268
-0.162151 -0.673521 2.30028
0.00814508 0.0264253 2.20456
0.0350235 -0.265675 2.30625
0.0573349 -0.570067 2.38348
0.0772053 -0.66494 2.30654
-0.0627569 0.533067 2.17144
-0.478538 0.771585 1.90718
-0.396017 0.703546 1.88691
0.165738 -0.091822 2.18303
0.198022 -0.0168373 2.17136
-0.0629111 0.0272263 2.23367
-0.0631848 0.319627 2.20201
-0.0628374 0.602305 2.15862
-0.0574628 0.741426 2.13057
-0.225106 0.506088 2.14322
-0.408065 0.466389 2.01442
-0.404723 0.661242 1.90908
-0.397574 0.709392 1.89643
0.0974196 0.478235 2.17005
0.14102 0.224036 2.20255
0.174691 0.00797102 2.1696
0.155607 -0.0130257 2.1772
-0.131903 0.027113 2.19622
-0.153297 -0.248148 2.28188
-0.152276 -0.583414 2.38289
-0.162135 -0.673534 2.30031
0.00804456 0.0264339 2.20429
0.035134 -0.265096 2.30573
0.0572327 -0.570302 2.3838
0.0785287 -0.666517 2.30517
-0.0629491 0.533015 2.17147
-0.406175 0.789733 1.89217
-0.343452 0.703987 1.86513
0.163049 -0.0918163 2.1827
0.195484 -0.0263221 2.17214
-0.0627647 0.02719 2.23345
-0.0631234 0.319622 2.20184
-0.0628705 0.602345 2.15856
-0.0576913 0.741874 2.13063
-0.224818 0.506389 2.14267
-0.402705 0.474087 2.00421
-0.371478 0.665201 1.89584
-0.358434 0.709351 1.88784
0.0975065 0.478046 2.17015
0.140354 0.223727 2.20279
0.17449 0.00772956 2.16993
0.154414 -0.0129374 2.1784
-0.131587 0.0271343 2.1957
-0.153455 -0.248181 2.28165
-0.152408 -0.583277 2.383
-0.161984 -0.673676 2.29994
0.00808964 0.0263586 2.20427
0.0350577 -0.265032 2.30548
0.0571382 -0.570511 2.38363
0.0784493 -0.66651 2.30481
-0.0629628 0.533041 2.17138
-0.358733 0.787331 1.88355
-0.304813 0.695314 1.85657
0.161898 -0.0925979 2.18404
0.196514 -0.0366777 2.18736
-0.0629029 0.0272463 2.23309
-0.0630403 0.319562 2.20148
-0.0625559 0.602136 2.15821
-0.0575465 0.741694 2.13032
-0.223279 0.506981 2.14112
-0.39724 0.473925 1.9974
-0.336315 0.657566 1.88797
-0.323499 0.699431 1.88313
0.0976594 0.477858 2.17045
0.139726 0.223744 2.20331
0.17327 0.00758958 2.17104
0.152157 -0.0116072 2.17931
-0.13182 0.0272867 2.195
-0.152986 -0.249511 2.28194
-0.152419 -0.583851 2.38332
-0.161964 -0.673774 2.2999
0.00792781 0.0263539 2.20425
0.0350138 -0.264486 2.30515
0.0572988 -0.571592 2.38356
0.0784082 -0.666342 2.30428
-0.0627257 0.532878 2.17103
-0.313169 0.774707 1.87353
-0.268158 0.684202 1.85424
0.16269 -0.0916211 2.18961
0.189356 -0.00968042 2.16852
-0.0627853 0.0272415 2.23298
-0.0628864 0.319536 2.20136
-0.0624037 0.602083 2.15814
-0.0574347 0.74164 2.13014
-0.222654 0.506839 2.1403
-0.39195 0.469781 1.9915
-0.319273 0.651065 1.88537
-0.303606 0.688552 1.87874
0.0977636 0.477921 2.17088
0.13954 0.22354 2.2038
0.173305 0.00742142 2.17154
0.154376 -0.0129754 2.18068
-0.131572 0.0273016 2.19452
-0.153395 -0.248537 2.28157
-0.152525 -0.584017 2.38347
-0.16198 -0.673883 2.29998
0.00799292 0.026357 2.20437
0.0351056 -0.264248 2.30496
0.0576033 -0.57027 2.38388
0.0782988 -0.666144 2.30432
-0.0625769 0.532833 2.17095
-0.287346 0.761262 1.86875
-0.253665 0.659503 1.84984
0.16358 -0.0920924 2.1888
0.196073 -0.0219798 2.186
-0.0625691 0.0272629 2.23278
-0.0626029 0.31937 2.20099
-0.0620296 0.601658 2.15763
-0.057561 0.741835 2.13013
-0.221736 0.507038 2.1399
-0.388482 0.466021 1.989
-0.30577 0.644041 1.88458
-0.287411 0.679367 1.87715
0.0967449 0.478342 2.17105
0.139428 0.223523 2.20415
0.173714 0.00747944 2.17199
0.155117 -0.0129661 2.1811
-0.131326 0.0272719 2.19411
-0.153516 -0.248089 2.28091
-0.152358 -0.583648 2.38293
-0.162003 -0.673943 2.30002
0.00815416 0.0264046 2.20436
0.0351997 -0.264643 2.30501
0.057528 -0.570292 2.38373
0.078229 -0.666028 2.30447
-0.0622327 0.532481 2.17048
-0.267505 0.749688 1.86484
-0.236729 0.648985 1.84856
0.164459 -0.0926786 2.19087
0.19533 -0.022557 2.18173
-0.0623689 0.0272921 2.23258
-0.0624127 0.319259 2.20086
-0.061833 0.601376 2.15761
-0.0578458 0.742188 2.13021
-0.221671 0.506903 2.13988
-0.386649 0.463845 1.98744
-0.293915 0.637927 1.88468
-0.277241 0.671651 1.87835
0.0969716 0.478209 2.17109
0.139443 0.223372 2.2044
0.174407 0.00745704 2.17208
0.155405 -0.0120987 2.18189
-0.131155 0.0273051 2.19385
-0.154019 -0.245871 2.28029
-0.152423 -0.583622 2.38295
-0.162013 -0.673806 2.30004
0.00833646 0.0264301 2.20426
0.0353051 -0.264202 2.3047
0.0578564 -0.569517 2.38335
0.078171 -0.665893 2.30442
-0.0620446 0.532253 2.17043
-0.250497 0.74017 1.86633
-0.229719 0.638799 1.85321
0.164362 -0.0926516 2.18901
0.196104 -0.0250809 2.1797
-0.062146 0.0272198 2.23242
-0.0622964 0.319163 2.20086
-0.061761 0.601215 2.15784
-0.0582803 0.742413 2.13073
-0.221556 0.506668 2.14021
-0.38555 0.46249 1.98693
-0.289 0.63544 1.88584
-0.277343 0.670183 1.87988
0.0962765 0.478479 2.17123
0.139434 0.223132 2.20468
0.175579 0.00738557 2.17267
0.155136 -0.0123748 2.18098
-0.131043 0.0272429 2.19361
-0.153765 -0.245312 2.28017
-0.152459 -0.583266 2.38333
-0.16217 -0.67369 2.30044
0.00865402 0.0263539 2.20416
0.0355819 -0.264775 2.30454
0.0577054 -0.569838 2.38329
0.0778258 -0.665779 2.30575
-0.0619582 0.532109 2.17056
-0.250739 0.740611 1.86975
-0.227601 0.640887 1.84904
0.16554 -0.0927462 2.18914
0.194607 -0.00909065 2.17718
-0.062018 0.0271777 2.23231
-0.0621547 0.319061 2.20074
-0.0616478 0.601036 2.15775
-0.0582967 0.742232 2.13066
-0.221716 0.506701 2.14028
-0.386025 0.462379 1.98741
-0.292351 0.63735 1.88729
-0.290685 0.676101 1.88271
0.0955912 0.478764 2.17123
0.139402 0.222794 2.20474
0.175666 0.00706785 2.17275
0.155118 -0.0136431 2.18088
-0.130964 0.0272027 2.19356
-0.153251 -0.246343 2.28065
-0.152306 -0.583245 2.38313
-0.162119 -0.673931 2.30009
0.00882629 0.026301 2.20403
0.0355926 -0.26593 2.30515
0.0576478 -0.57111 2.38358
0.07836 -0.66603 2.30481
-0.0618378 0.531951 2.17046
-0.266667 0.74614 1.87223
-0.239158 0.645768 1.84875
0.165156 -0.0915426 2.18744
0.196645 -0.0276008 2.18342
-0.0619439 0.0271269 2.23227
-0.0621098 0.319036 2.20073
-0.0616149 0.601015 2.15781
-0.0580325 0.741764 2.13072
-0.221681 0.506787 2.14046
-0.388305 0.462258 1.99043
-0.32608 0.651131 1.89217
-0.331088 0.690806 1.89175
0.0959045 0.478667 2.17132
0.139362 0.222788 2.20481
0.175589 0.00705911 2.17279
0.154553 -0.0132948 2.18039
-0.130858 0.0270966 2.1935
-0.152612 -0.247779 2.2815
-0.152307 -0.583278 2.3832
-0.162109 -0.673913 2.30003
0.00886683 0.0262888 2.20403
0.0355805 -0.266618 2.30558
0.0576222 -0.572723 2.38367
0.0782511 -0.666265 2.30457
-0.0618064 0.53193 2.1705
-0.32026 0.769524 1.88601
-0.275888 0.672668 1.85273
0.159525 -0.0977492 2.19029
0.194867 -0.0106778 2.18029
-0.0619352 0.0270913 2.23245
-0.0620846 0.319017 2.20078
-0.0616187 0.601032 2.15784
-0.0573829 0.74167 2.13057
-0.221591 0.506732 2.14051
-0.392637 0.462813 1.99586
-0.39045 0.665172 1.90788
-0.411485 0.703161 1.90792
0.0963963 0.478454 2.17156
0.13915 0.222987 2.20482
0.174737 0.00708671 2.17342
0.151846 -0.0159051 2.18047
-0.130834 0.0271019 2.19388
-0.152506 -0.247811 2.28156
-0.152213 -0.582907 2.38303
-0.162069 -0.673954 2.30031
0.00886368 0.0261473 2.20411
0.0356393 -0.267033 2.30596
0.0575169 -0.572491 2.38362
0.0768081 -0.666693 2.31083
-0.0618029 0.531934 2.17054
-0.423695 0.779334 1.90792
-0.357636 0.697379 1.87005
0.16214 -0.092735 2.18724
0.192195 -0.0426322 2.18156
-0.0619709 0.0270813 2.23246
-0.0620703 0.319028 2.20072
-0.0615385 0.601116 2.15762
-0.0563332 0.741675 2.13012
-0.221551 0.506657 2.14054
-0.399434 0.459483 2.00646
-0.441973 0.655469 1.91479
-0.464725 0.694423 1.91865
0.0967237 0.478254 2.17165
0.138911 0.223646 2.20478
0.17315 0.00739612 2.17469
0.151694 -0.0168663 2.18176
-0.130925 0.0270937 2.19397
-0.152394 -0.248802 2.28232
-0.152112 -0.582817 2.3827
-0.16207 -0.673952 2.30032
0.0088466 0.0261455 2.2041
0.0354375 -0.267057 2.30588
0.0572935 -0.572503 2.38385
0.0776295 -0.666778 2.30819
-0.0617436 0.531991 2.17037
-0.487406 0.770763 1.92765
-0.418897 0.702628 1.87995
0.157095 -0.098053 2.19215
0.191799 -0.0262405 2.17921
-0.0620341 0.0269206 2.23263
-0.0620717 0.318926 2.20078
-0.0615368 0.601062 2.15761
-0.0549484 0.741401 2.12915
-0.22186 0.506252 2.14089
-0.40861 0.448839 2.02013
-0.472928 0.636145 1.92271
-0.500765 0.67101 1.92782
0.0971129 0.478054 2.17173
0.138778 0.223815 2.20478
0.172887 0.00753275 2.17479
0.150202 -0.0156622 2.18263
-0.130979 0.026915 2.19426
-0.152402 -0.249135 2.28244
-0.151984 -0.582876 2.38245
-0.162127 -0.673986 2.30009
0.00877314 0.0260033 2.20421
0.0354239 -0.265821 2.30538
0.0573554 -0.571768 2.38386
0.0775653 -0.666301 2.30742
-0.0617417 0.53192 2.17039
-0.526163 0.74791 1.9327
-0.457776 0.677266 1.88542
0.160502 -0.0924823 2.19065
0.190106 -0.0255107 2.179
-0.0623179 0.0267752 2.23288
-0.0621333 0.318845 2.20064
-0.0614647 0.600947 2.15692
-0.0544313 0.741623 2.1289
-0.22239 0.50557 2.14156
-0.414673 0.438224 2.02997
-0.504133 0.614341 1.93162
-0.533496 0.645666 1.93859
0.0971505 0.478013 2.17163
0.138585 0.223869 2.2048
0.172182 0.00747498 2.17515
0.149806 -0.0172221 2.18275
-0.13141 0.0268134 2.19476
-0.152588 -0.24928 2.28247
-0.151926 -0.583148 2.38254
-0.162124 -0.673965 2.30004
0.00856803 0.025857 2.2043
0.0353746 -0.265812 2.3054
0.0573489 -0.573353 2.38415
0.0775487 -0.666264 2.30639
-0.061711 0.531809 2.16989
-0.569518 0.717948 1.94984
-0.496095 0.657767 1.8935
0.15887 -0.0923208 2.19165
0.191165 -0.0245917 2.18032
-0.0624353 0.0265285 2.23296
-0.0621626 0.318678 2.20051
-0.0614177 0.600875 2.15646
-0.0532723 0.740454 2.12715
-0.223167 0.504338 2.14251
-0.416817 0.425072 2.03911
-0.533481 0.584354 1.94064
-0.568157 0.609179 1.9512
0.0970009 0.477744 2.17119
0.13831 0.223856 2.20471
0.171509 0.00742449 2.17477
0.149078 -0.0166769 2.17896
-0.131578 0.0265026 2.19514
-0.152684 -0.249371 2.28245
-0.152125 -0.583992 2.3829
-0.162126 -0.673973 2.30009
0.00847042 0.0256223 2.20414
0.0351612 -0.264914 2.3049
0.0573064 -0.571523 2.38331
0.0775116 -0.66596 2.30563
-0.061681 0.531701 2.16953
-0.616774 0.675812 1.96521
-0.537585 0.62889 1.90683
0.159957 -0.0916588 2.18633
0.190671 -0.0270655 2.17957
-0.0625351 0.0263393 2.23332
-0.0621359 0.318569 2.20052
-0.0613449 0.600759 2.15625
-0.0532118 0.74073 2.12705
-0.223789 0.503427 2.1431
-0.416288 0.418575 2.04381
-0.55071 0.563641 1.9461
-0.588041 0.58271 1.95414
0.0970157 0.477737 2.17116
0.138169 0.223908 2.2046
0.17121 0.00747253 2.17442
0.14944 -0.0164596 2.17992
-0.131674 0.0263049 2.19579
-0.152697 -0.249871 2.28271
-0.15237 -0.583888 2.38321
-0.162233 -0.673509 2.30019
0.00839439 0.0254756 2.20429
0.0351888 -0.26473 2.30487
0.0574012 -0.571103 2.38356
0.0775472 -0.66589 2.3054
-0.0616251 0.531592 2.16938
-0.644868 0.641539 1.96756
-0.561432 0.605417 1.90838
0.1588 -0.097652 2.19952
0.191038 -0.0181346 2.17515
-0.062498 0.0261515 2.23329
-0.0621384 0.31846 2.20046
-0.0613696 0.600716 2.15621
-0.0530659 0.740146 2.12644
-0.224119 0.502701 2.14348
-0.415891 0.41722 2.04431
-0.560667 0.55159 1.94601
-0.599062 0.569415 1.94891
0.0970059 0.477393 2.1705
0.138359 0.223882 2.20443
0.171385 0.00743453 2.17436
0.154069 -0.0151011 2.18059
-0.131607 0.02611 2.19593
-0.15259 -0.249892 2.28267
-0.152329 -0.58367 2.38283
-0.162198 -0.673614 2.3001
0.00844597 0.0252633 2.20408
0.0352636 -0.264841 2.30496
0.0572463 -0.573424 2.38366
0.0774949 -0.666346 2.30476
-0.0616419 0.531537 2.16933
-0.665532 0.61862 1.95996
-0.574474 0.592584 1.90034
0.163347 -0.0919786 2.18659
0.194796 -0.00904423 2.17775
-0.0623848 0.0259641 2.23344
-0.0621461 0.31838 2.20043
-0.0614234 0.600714 2.1561
-0.0537796 0.740769 2.1273
-0.224302 0.502209 2.14381
-0.415459 0.417946 2.04335
-0.561165 0.550629 1.94402
-0.594132 0.582595 1.9418
0.0969946 0.477394 2.17037
0.13861 0.223901 2.20428
0.172016 0.00749737 2.17439
0.155107 -0.0149127 2.18238
-0.131483 0.0259326 2.1961
-0.153296 -0.248336 2.2824
-0.15223 -0.583942 2.38256
-0.162204 -0.673798 2.30023
0.0085556 0.0250912 2.20418
0.0352919 -0.265297 2.30542
0.0570761 -0.572423 2.38441
0.0769942 -0.6647 2.30765
-0.061675 0.531515 2.16923
-0.661427 0.62842 1.95197
-0.573401 0.611195 1.89359
0.166233 -0.092107 2.1897
0.197845 -0.0210159 2.17794
-0.0623808 0.0258716 2.23343
-0.0622293 0.318393 2.20043
-0.0618032 0.600967 2.15612
-0.0540825 0.740886 2.12738
-0.224347 0.501976 2.1437
-0.411867 0.426325 2.03434
-0.526458 0.581205 1.92573
-0.549861 0.622011 1.91898
0.0968176 0.476935 2.16967
0.139242 0.224149 2.20378
0.173886 0.00801559 2.17311
0.157311 -0.0133557 2.17807
-0.131464 0.0257906 2.19622
-0.153702 -0.247695 2.28212
-0.152256 -0.58403 2.38269
-0.162191 -0.673861 2.2999
0.00855974 0.025029 2.20408
0.035133 -0.265914 2.30557
0.0571567 -0.572867 2.38437
0.0770311 -0.66551 2.30787
-0.061952 0.531686 2.16924
-0.611454 0.679372 1.92205
-0.511088 0.639303 1.8732
0.168133 -0.0927362 2.18734
0.195699 -0.0160906 2.16652
-0.0624672 0.0260095 2.23347
-0.0622996 0.318507 2.20041
-0.0618842 0.601126 2.15607
-0.054737 0.74128 2.12762
-0.224543 0.502677 2.14309
-0.408262 0.437426 2.02713
-0.482771 0.612042 1.91291
-0.496953 0.657996 1.90335
0.096984 0.477205 2.16963
0.139551 0.223086 2.20314
0.173409 0.00698368 2.17088
0.154507 -0.0142467 2.17533
-0.131504 0.025927 2.19625
-0.15387 -0.247319 2.28185
-0.152239 -0.583683 2.38267
-0.162166 -0.674075 2.29966
0.00840987 0.0252024 2.20412
0.0350381 -0.266032 2.30572
0.057156 -0.572356 2.38419
0.0771212 -0.66554 2.30743
-0.0620299 0.531836 2.16919
-0.542475 0.72662 1.90025
-0.452439 0.672047 1.85835
0.164156 -0.0919287 2.18224
0.19312 -0.0220451 2.16528
-0.0629121 0.026446 2.23341
-0.0624476 0.318705 2.20025
-0.0618119 0.601188 2.1558
-0.0549686 0.741201 2.12833
-0.22387 0.504364 2.14164
-0.40725 0.450727 2.01891
-0.440919 0.637717 1.90457
-0.44148 0.688482 1.89184
0.0974528 0.477183 2.16959
0.139105 0.222731 2.20252
0.169777 0.00638163 2.16802
0.145823 -0.0158975 2.17292
-0.131993 0.026578 2.19594
-0.154162 -0.246751 2.28166
-0.152455 -0.583926 2.38241
-0.162153 -0.673977 2.29971
0.00798956 0.02551 2.20422
0.0349968 -0.264543 2.30528
0.0569727 -0.571911 2.38424
0.0774724 -0.665552 2.30675
-0.0620142 0.531935 2.16894
-0.465197 0.764323 1.88544
-0.391791 0.686808 1.85293
0.150999 -0.0977346 2.18126
0.181432 -0.0209995 2.15992
-0.0636362 0.02684 2.23326
-0.0626167 0.319022 2.20005
-0.0616005 0.601608 2.15552
-0.0546784 0.741268 2.1287
-0.222331 0.507159 2.13902
-0.402488 0.471105 2.0048
-0.386989 0.661789 1.89222
-0.376462 0.708991 1.88478
0.0965233 0.477724 2.1693
0.13868 0.221563 2.20217
0.166264 0.00501799 2.16573
0.142555 -0.014927 2.1723
-0.132633 0.0270726 2.19552
-0.153839 -0.247922 2.28215
-0.152629 -0.584202 2.38275
-0.162138 -0.673982 2.29972
0.00715208 0.0258367 2.2043
0.034689 -0.264349 2.30546
0.0565633 -0.572216 2.38404
0.0784212 -0.66646 2.3049
-0.0619269 0.532319 2.16868
-0.374288 0.784811 1.8777
-0.323535 0.697074 1.849
0.146904 -0.0983283 2.17959
0.181851 -0.0137862 2.17473
-0.0638404 0.0269421 2.23319
-0.0627026 0.319268 2.19991
-0.0614933 0.602071 2.15527
-0.0545105 0.741275 2.12878
-0.221262 0.508574 2.13747
-0.399236 0.476086 1.99914
-0.346829 0.664239 1.89364
-0.338186 0.709162 1.88705
0.0975677 0.477317 2.16917
0.13822 0.221007 2.20178
0.165805 0.00445037 2.16544
0.143651 -0.0153379 2.17318
-0.13284 0.0272711 2.19516
-0.153534 -0.248754 2.28294
-0.152381 -0.582504 2.38202
-0.163452 -0.675689 2.30562
0.00685454 0.025898 2.20446
0.0347792 -0.264091 2.30522
0.0563799 -0.571813 2.38361
0.0775904 -0.667053 2.30851
-0.0618749 0.532727 2.16845
-0.332519 0.784291 1.87941
-0.282662 0.699539 1.85632
0.151838 -0.0976699 2.17695
0.188201 -0.0319522 2.17785
-0.063952 0.0270875 2.23314
-0.0626931 0.319513 2.19981
-0.0613144 0.60245 2.1551
-0.0545275 0.741548 2.12917
-0.220894 0.508924 2.13702
-0.39802 0.476773 1.99741
-0.323229 0.661716 1.90036
-0.311008 0.70582 1.89348
0.0975339 0.477592 2.16936
0.138102 0.220588 2.20153
0.167117 0.00415965 2.16574
0.151072 -0.016625 2.17636
-0.132879 0.0274935 2.1949
-0.153615 -0.24863 2.28297
-0.152565 -0.582822 2.38251
-0.162928 -0.675142 2.30399
0.00669329 0.0260046 2.20462
0.0345941 -0.2642 2.30526
0.0564681 -0.571819 2.38381
0.0776205 -0.666671 2.30822
-0.0617411 0.533076 2.1683
-0.302616 0.781399 1.88176
-0.256695 0.685572 1.87616
0.163322 -0.0969817 2.18514
0.187619 -0.0165769 2.16423
-0.0640098 0.0272889 2.23301
-0.0626966 0.319664 2.19968
-0.0611727 0.602535 2.155
-0.0564809 0.742694 2.1301
-0.221189 0.509551 2.13606
-0.39804 0.478303 1.99586
-0.307398 0.660082 1.90717
-0.289737 0.701949 1.90137
0.098259 0.477456 2.16907
0.138188 0.22031 2.20145
0.171496 0.00456272 2.16528
0.156521 -0.0126199 2.17542
-0.132875 0.0278061 2.19438
-0.153385 -0.247744 2.28194
-0.152532 -0.582642 2.3823
-0.162611 -0.674781 2.30281
0.00659788 0.0261902 2.20473
0.0343794 -0.265462 2.30592
0.0564621 -0.572166 2.38412
0.0776657 -0.666646 2.30726
-0.0616434 0.533185 2.16818
-0.272466 0.776693 1.89122
-0.239129 0.675112 1.88487
0.170022 -0.0984577 2.18477
0.194959 -0.017389 2.1661
-0.0640473 0.0274818 2.23287
-0.0627209 0.319782 2.19945
-0.0611726 0.602519 2.15468
-0.0578968 0.743058 2.13037
-0.221277 0.509703 2.13616
-0.397773 0.478326 1.9955
-0.295013 0.655324 1.91042
-0.275178 0.692506 1.90325
0.098343 0.477598 2.16893
0.138249 0.220155 2.20132
0.173237 0.00461214 2.16573
0.157619 -0.0144868 2.17586
-0.132923 0.0280738 2.19423
-0.154791 -0.245258 2.28061
-0.152626 -0.583092 2.38243
-0.162495 -0.674695 2.30259
0.00658242 0.0263004 2.20458
0.0347116 -0.264842 2.30562
0.0563684 -0.57367 2.38385
0.0776758 -0.666813 2.30618
-0.0616454 0.533211 2.16788
-0.252165 0.764959 1.89322
-0.224203 0.66312 1.88327
0.168822 -0.0977212 2.18884
0.19616 -0.010851 2.16885
-0.0646521 0.0281319 2.2322
-0.0629365 0.319821 2.19932
-0.0613359 0.602009 2.15494
-0.0595171 0.742936 2.13056
-0.221735 0.510745 2.13684
-0.39792 0.476007 1.99654
-0.284732 0.646217 1.91027
-0.265008 0.679486 1.90247
0.0970237 0.478198 2.16852
0.138182 0.219946 2.20117
0.173975 0.00451299 2.1658
0.153636 -0.0128748 2.17453
-0.133693 0.028739 2.19375
-0.155174 -0.243277 2.27973
-0.152625 -0.583304 2.38241
-0.16233 -0.674532 2.30184
0.00618099 0.0268599 2.20377
0.0346435 -0.263397 2.3044
0.0566016 -0.573292 2.38394
0.0778246 -0.66657 2.30512
-0.0618085 0.532913 2.16799
-0.235733 0.747317 1.89017
-0.216351 0.645597 1.88003
0.163719 -0.0916834 2.17644
0.192459 -0.0170456 2.16696
