-0.128769 0.174552 2.26325
-0.143602 0.474772 2.20772
-0.156742 0.763101 2.14079
-0.14644 0.885175 2.08071
-0.330398 0.677515 2.13332
-0.508463 0.635238 2.04032
-0.532443 0.781336 1.90147
-0.537412 0.888663 1.84611
0.0205295 0.681481 2.19442
0.0822883 0.496162 2.23732
0.134773 0.302644 2.23863
0.155712 0.218195 2.24771
-0.204695 0.16854 2.22216
-0.236213 -0.196105 2.33484
-0.229513 -0.550558 2.42028
-0.233249 -0.634454 2.32809
-0.0485864 0.174933 2.2313
-0.0254446 -0.198466 2.36802
-0.018569 -0.543825 2.44176
0.0026427 -0.62145 2.34897
-0.153698 0.692737 2.15958
-0.540694 0.957547 1.82494
-0.479231 0.873203 1.81938
0.167451 0.142261 2.24254
0.0702275 0.187485 2.22026
-0.128907 0.174604 2.26345
-0.14358 0.474798 2.20797
-0.156555 0.763123 2.14118
-0.146335 0.885071 2.08078
-0.330339 0.677744 2.13375
-0.50853 0.634796 2.04138
-0.532604 0.779799 1.90129
-0.539465 0.884967 1.84699
0.0206312 0.681599 2.19447
0.0827174 0.496462 2.23758
0.139701 0.304582 2.24312
0.166211 0.21909 2.25847
-0.204825 0.168615 2.22231
-0.236128 -0.1956 2.33526
-0.229606 -0.550116 2.42026
-0.232964 -0.634069 2.32841
-0.048759 0.174948 2.23165
-0.0253879 -0.198299 2.36801
-0.018543 -0.543784 2.44202
0.00259654 -0.621453 2.34912
-0.153556 0.692757 2.15993
-0.546742 0.955745 1.83073
-0.480544 0.869397 1.81757
0.178692 0.14296 2.25884
0.139437 0.1575 2.23962
-0.129568 0.174565 2.26358
-0.143671 0.474725 2.20804
-0.156432 0.763 2.14125
-0.146086 0.884694 2.08048
-0.330278 0.677844 2.13383
-0.508767 0.633962 2.04263
-0.533291 0.777178 1.90062
-0.540819 0.881999 1.84628
0.0206533 0.681729 2.19408
0.0846815 0.497923 2.23906
0.149232 0.30963 2.25413
0.177923 0.225346 2.27567
-0.205562 0.168692 2.22231
-0.23618 -0.195876 2.33553
-0.22951 -0.549752 2.4203
-0.232903 -0.633682 2.32839
-0.0493939 0.174804 2.23192
-0.0252953 -0.19806 2.36784
-0.0181208 -0.543414 2.44196
0.00246133 -0.621362 2.34939
-0.153487 0.692658 2.15999
-0.546783 0.952522 1.82841
-0.485898 0.855885 1.8193
0.193332 0.150041 2.28028
0.157561 0.162309 2.261
-0.130736 0.174541 2.26362
-0.143914 0.474596 2.20789
-0.15621 0.762711 2.14084
-0.145873 0.884457 2.08011
-0.330259 0.677979 2.13391
-0.509466 0.632854 2.04512
-0.534506 0.774799 1.90181
-0.545525 0.879577 1.84642
0.0207436 0.681917 2.19327
0.0877554 0.50037 2.24144
0.155232 0.31434 2.26381
0.182734 0.233952 2.28649
-0.20681 0.16878 2.22231
-0.238702 -0.198159 2.33627
-0.229432 -0.550138 2.42054
-0.232975 -0.633786 2.32836
-0.0505062 0.174665 2.23194
-0.0258792 -0.197981 2.36745
-0.0177729 -0.543604 2.44181
0.00243234 -0.621352 2.34965
-0.153411 0.692429 2.15969
-0.55037 0.948469 1.82664
-0.487128 0.860644 1.81893
0.202982 0.155545 2.2956
0.164079 0.167835 2.27583
-0.131106 0.174638 2.26356
-0.144053 0.474613 2.20783
-0.156068 0.762642 2.14072
-0.145759 0.884215 2.07918
-0.330308 0.678081 2.13388
-0.509808 0.632355 2.04616
-0.536219 0.773449 1.90221
-0.547604 0.878521 1.84638
0.0208385 0.682326 2.19228
0.0883481 0.501527 2.24194
0.155858 0.316025 2.26696
0.179308 0.233019 2.28778
-0.20725 0.169007 2.22212
-0.239302 -0.197845 2.33584
-0.229632 -0.549732 2.42062
-0.23307 -0.633473 2.32875
-0.0508569 0.174671 2.23196
-0.0260008 -0.197824 2.36732
-0.0177024 -0.543528 2.4418
0.00242917 -0.62135 2.34965
-0.153339 0.692383 2.15959
-0.556155 0.948227 1.82564
-0.487248 0.858158 1.81708
0.201798 0.155632 2.30234
0.158671 0.167293 2.2735
-0.131539 0.174862 2.26367
-0.144259 0.474745 2.20773
-0.156155 0.762809 2.14034
-0.145743 0.88459 2.0787
-0.330468 0.678306 2.13383
-0.510166 0.631878 2.04701
-0.53754 0.772125 1.90237
-0.549637 0.876537 1.84865
0.0209218 0.682753 2.19143
0.0887957 0.502397 2.24188
0.155374 0.316749 2.26789
0.175901 0.234216 2.28708
-0.207681 0.169309 2.22223
-0.240833 -0.198871 2.33563
-0.229888 -0.549908 2.42059
-0.232982 -0.633403 2.32958
-0.0512685 0.174814 2.23207
-0.0263065 -0.197488 2.36724
-0.0175043 -0.543066 2.44222
0.00228142 -0.621171 2.34965
-0.153455 0.69253 2.15931
-0.553845 0.945676 1.82732
-0.49051 0.855412 1.81635
0.194866 0.156356 2.2936
0.154972 0.163762 2.2698
-0.131851 0.17496 2.26363
-0.144394 0.474891 2.2076
-0.156124 0.763112 2.14003
-0.145715 0.884938 2.07824
-0.33061 0.678438 2.13326
-0.510443 0.631482 2.04711
-0.538461 0.77163 1.9025
-0.550245 0.87726 1.84846
0.0212057 0.683004 2.19041
0.0888613 0.502781 2.24142
0.154829 0.317013 2.26794
0.174671 0.23401 2.28364
-0.208011 0.169404 2.22217
-0.240033 -0.196607 2.33521
-0.23008 -0.549896 2.42072
-0.233239 -0.632177 2.33123
-0.051537 0.1749 2.23206
-0.0263142 -0.197403 2.36716
-0.0173265 -0.54294 2.44201
0.00218618 -0.621062 2.34982
-0.153476 0.692779 2.15904
-0.557225 0.945163 1.82765
-0.490891 0.856705 1.81813
0.195568 0.156003 2.29197
0.156862 0.165437 2.26887
-0.132318 0.175097 2.26365
-0.144644 0.474994 2.20737
-0.156189 0.763295 2.13933
-0.145656 0.885192 2.07801
-0.33069 0.678442 2.13307
-0.510135 0.631304 2.04603
-0.537326 0.770966 1.90072
-0.540013 0.873956 1.83987
0.0213403 0.683239 2.1895
0.0890418 0.503032 2.24053
0.154057 0.31692 2.26705
0.174226 0.234073 2.28072
-0.20859 0.169577 2.22192
-0.23966 -0.196504 2.33534
-0.230164 -0.54992 2.42084
-0.233071 -0.632422 2.33072
-0.051942 0.175004 2.2322
-0.0264019 -0.197296 2.36708
-0.0172274 -0.542853 2.44217
0.00220997 -0.620998 2.34992
-0.153581 0.692935 2.15848
-0.546355 0.940332 1.8182
-0.483259 0.855365 1.80575
0.195273 0.15576 2.28833
0.153895 0.164179 2.26823
-0.132661 0.175023 2.2635
-0.144872 0.475053 2.20723
-0.156301 0.76343 2.13923
-0.146051 0.885427 2.07812
-0.330853 0.678443 2.13342
-0.506564 0.633598 2.03638
-0.509979 0.772231 1.88696
-0.498889 0.873337 1.82136
0.0213287 0.68326 2.18881
0.0890397 0.503162 2.24011
0.154092 0.316906 2.26589
0.176207 0.233391 2.27955
-0.208932 0.169543 2.222
-0.239664 -0.196911 2.33494
-0.230059 -0.5501 2.42076
-0.233064 -0.633725 2.33006
-0.0523042 0.174869 2.23181
-0.0264259 -0.197193 2.36681
-0.01722 -0.542865 2.44192
0.00223241 -0.621076 2.34986
-0.153705 0.693046 2.15836
-0.504227 0.943484 1.79576
-0.440231 0.84797 1.79013
0.197778 0.156034 2.28941
0.15556 0.162316 2.26582
-0.133018 0.174998 2.26318
-0.145139 0.475061 2.20716
-0.156536 0.763457 2.13945
-0.148122 0.886015 2.07892
-0.331081 0.678718 2.13401
-0.502376 0.638226 2.02619
-0.464342 0.766051 1.87086
-0.429374 0.857761 1.80707
0.0207304 0.683418 2.18798
0.0889367 0.503542 2.23937
0.154316 0.317439 2.26534
0.179472 0.234573 2.28122
-0.209212 0.169494 2.22196
-0.239828 -0.196596 2.33486
-0.230161 -0.55021 2.42082
-0.233149 -0.633962 2.32976
-0.0527246 0.174885 2.23108
-0.0265835 -0.197141 2.36599
-0.0172095 -0.542779 2.44187
0.00215293 -0.621056 2.3499
-0.153931 0.693067 2.15846
-0.407648 0.923111 1.77783
-0.375769 0.817616 1.78206
0.195063 0.157387 2.28595
0.156115 0.165427 2.26995
-0.134171 0.174976 2.26218
-0.14641 0.475461 2.20727
-0.158327 0.764523 2.14114
-0.153399 0.885291 2.08362
-0.332545 0.678017 2.13735
-0.493712 0.645952 2.01034
-0.397388 0.751939 1.8633
-0.335059 0.816006 1.80692
0.0195738 0.683161 2.18654
0.0897941 0.504296 2.23846
0.156249 0.318759 2.26529
0.183781 0.238834 2.28093
-0.210408 0.169514 2.22216
-0.241472 -0.19632 2.33463
-0.230461 -0.549851 2.42099
-0.233224 -0.632974 2.33094
-0.0539428 0.17479 2.22806
-0.0265379 -0.19484 2.36284
-0.0169403 -0.542479 2.44172
0.00210045 -0.62104 2.35001
-0.155535 0.693923 2.15964
-0.288575 0.864364 1.76381
-0.287439 0.772736 1.80135
0.209863 0.161956 2.28478
0.165182 0.16935 2.26553
-0.136546 0.176693 2.26043
-0.14739 0.47622 2.20717
-0.158614 0.764966 2.14213
-0.158394 0.885556 2.08626
-0.341184 0.67897 2.14143
-0.48878 0.647089 1.99701
-0.368642 0.741941 1.86031
-0.291728 0.80684 1.81197
0.012153 0.684231 2.1892
0.0880359 0.506619 2.23829
0.156002 0.321633 2.26514
0.181512 0.240795 2.28156
-0.212747 0.170861 2.22233
-0.242758 -0.193065 2.33359
-0.230812 -0.549448 2.42094
-0.232756 -0.631596 2.33448
-0.0562835 0.177029 2.2241
-0.0265001 -0.19463 2.36237
-0.0166724 -0.542163 2.4414
0.00196235 -0.620913 2.35033
-0.155907 0.694369 2.16037
-0.240931 0.851369 1.78262
-0.240062 0.754784 1.80888
0.200012 0.162313 2.28356
0.163527 0.173057 2.26823
-0.137648 0.177593 2.25912
-0.148154 0.476877 2.2069
-0.158996 0.765378 2.1426
-0.159916 0.885626 2.08664
-0.347345 0.67865 2.14105
-0.486639 0.646797 1.99011
-0.362621 0.741472 1.85697
-0.296206 0.80627 1.80907
0.00933597 0.684772 2.18819
0.0870885 0.507917 2.23712
0.155587 0.323096 2.26386
0.17895 0.241309 2.27638
-0.213703 0.171439 2.22196
-0.244388 -0.194168 2.33384
-0.23078 -0.549525 2.42098
-0.232753 -0.632229 2.33399
-0.0572645 0.178123 2.22209
-0.0262251 -0.194216 2.36151
-0.0166858 -0.54208 2.4411
0.00191395 -0.62082 2.35055
-0.156414 0.694879 2.16064
-0.243292 0.852488 1.77772
-0.253035 0.75444 1.80236
0.20092 0.162048 2.27708
0.160769 0.165539 2.2614
-0.137605 0.177069 2.2588
-0.148244 0.476856 2.20696
-0.158895 0.765586 2.1433
-0.16023 0.885418 2.08762
-0.340104 0.678085 2.14125
-0.487058 0.64539 1.99626
-0.385312 0.750845 1.85264
-0.34738 0.818997 1.79941
0.0126005 0.68336 2.1866
0.0885884 0.50611 2.23649
0.156247 0.32076 2.26217
0.176727 0.241314 2.27179
-0.213852 0.171098 2.2218
-0.244464 -0.194316 2.33398
-0.230876 -0.549108 2.42076
-0.232333 -0.632549 2.3338
-0.0570209 0.177332 2.22183
-0.0261459 -0.194273 2.36117
-0.0166325 -0.542137 2.44103
0.00187444 -0.620697 2.35065
-0.156405 0.695041 2.16115
-0.306159 0.8733 1.75378
-0.298056 0.781489 1.78944
0.191951 0.161504 2.26989
0.150379 0.181358 2.26444
-0.136577 0.17569 2.25764
-0.147771 0.476079 2.20604
-0.158451 0.764995 2.1426
-0.158467 0.886685 2.08548
-0.336177 0.67911 2.13912
-0.497974 0.636166 2.01633
-0.463515 0.758983 1.85586
-0.449329 0.839345 1.79707
0.0172358 0.682141 2.18331
0.0901606 0.504352 2.23514
0.15738 0.318921 2.26117
0.183572 0.240833 2.27689
-0.212861 0.169751 2.21983
-0.244431 -0.197439 2.33376
-0.230877 -0.549503 2.42047
-0.232824 -0.634479 2.32968
-0.0558942 0.175874 2.22167
-0.0259432 -0.194105 2.36033
-0.0162606 -0.541943 2.44068
0.00190266 -0.620656 2.35064
-0.155975 0.694442 2.16045
-0.427028 0.894676 1.75353
-0.400344 0.790562 1.77018
0.207176 0.161527 2.28154
0.166081 0.169098 2.26039
-0.13584 0.174986 2.25654
-0.147056 0.475502 2.20513
-0.157507 0.764393 2.14189
-0.156463 0.887362 2.08305
-0.334238 0.679211 2.13804
-0.505994 0.62808 2.03602
-0.523473 0.751029 1.87349
-0.539584 0.845865 1.81391
0.0197997 0.681417 2.18236
0.0926093 0.503904 2.23497
0.160481 0.319044 2.26251
0.190262 0.242267 2.28152
-0.212196 0.169162 2.21831
-0.244448 -0.198738 2.3333
-0.231209 -0.548623 2.42026
-0.232673 -0.63289 2.33103
-0.0551363 0.175142 2.22111
-0.0259148 -0.194337 2.36048
-0.0156212 -0.541447 2.44048
0.00194213 -0.620782 2.35079
-0.155102 0.69386 2.15972
-0.540491 0.914527 1.78586
-0.482368 0.810797 1.77419
0.210893 0.164072 2.28467
0.155629 0.207636 2.28257
-0.134444 0.173894 2.25447
-0.145472 0.474495 2.20308
-0.155543 0.763383 2.13999
-0.154419 0.886701 2.07878
-0.332018 0.677489 2.13521
-0.508865 0.618565 2.04958
-0.579108 0.741411 1.90379
-0.626602 0.829426 1.84525
0.0214155 0.680997 2.1802
0.0952637 0.504418 2.23398
0.166245 0.321348 2.26413
0.196524 0.241839 2.28372
-0.211064 0.168265 2.21552
-0.2433 -0.200628 2.33306
-0.231014 -0.548849 2.42014
-0.232564 -0.63417 2.32968
-0.0534882 0.173885 2.2197
-0.0258827 -0.194324 2.36033
-0.0154782 -0.541346 2.44044
0.00199062 -0.620799 2.35071
-0.153237 0.692861 2.1578
-0.653125 0.898165 1.82604
-0.572605 0.825918 1.80188
0.220072 0.163108 2.29002
0.176996 0.1815 2.27324
-0.133476 0.173043 2.25381
-0.14425 0.473443 2.20133
-0.153916 0.762083 2.13685
-0.151804 0.88589 2.07524
-0.329838 0.675515 2.13298
-0.50733 0.595238 2.0737
-0.615832 0.706747 1.94466
-0.695561 0.789957 1.8874
0.0224155 0.680506 2.17881
0.097092 0.504968 2.23419
0.168495 0.322215 2.26496
0.194088 0.242855 2.28396
-0.210361 0.167557 2.21477
-0.243047 -0.201803 2.33269
-0.230891 -0.548909 2.42017
-0.232892 -0.63358 2.33038
-0.052179 0.172899 2.21939
-0.0257804 -0.194618 2.36051
-0.0152391 -0.540892 2.4404
0.0019751 -0.620775 2.35088
-0.151707 0.691625 2.15505
-0.740623 0.856245 1.87334
-0.649893 0.796896 1.83977
0.222783 0.162256 2.28924
0.180034 0.171205 2.26677
-0.132559 0.17244 2.25319
-0.143328 0.472834 2.20034
-0.152974 0.761454 2.13562
-0.150529 0.884845 2.07295
-0.329009 0.673887 2.13246
-0.506106 0.58902 2.08039
-0.6269 0.68467 1.94921
-0.71309 0.774352 1.89381
0.0228768 0.680151 2.17795
0.0971448 0.504741 2.23403
0.168074 0.321833 2.26493
0.188752 0.242103 2.28153
-0.209705 0.167156 2.21434
-0.24272 -0.202132 2.33166
-0.230639 -0.549091 2.41995
-0.232671 -0.635015 2.32829
-0.0510428 0.172103 2.21867
-0.025637 -0.194187 2.36021
-0.0152226 -0.54071 2.44031
0.00197845 -0.620815 2.35083
-0.150765 0.691003 2.15388
-0.760579 0.839114 1.88307
-0.671518 0.787303 1.84604
0.209334 0.162264 2.28568
0.146682 0.224336 2.28517
-0.131877 0.172044 2.25323
-0.142998 0.472578 2.20016
-0.152842 0.761285 2.1353
-0.150235 0.884735 2.07273
-0.328714 0.673441 2.13238
-0.505735 0.588134 2.0809
-0.625684 0.683545 1.94867
-0.708426 0.777138 1.88506
0.022848 0.68011 2.17774
0.0960961 0.504479 2.23433
0.166098 0.321272 2.26552
0.184802 0.241724 2.2842
-0.209022 0.166613 2.21429
-0.242103 -0.203553 2.33239
-0.230339 -0.549582 2.41991
-0.232917 -0.635493 2.32738
-0.0503651 0.171851 2.21887
-0.0252892 -0.194232 2.36018
-0.015093 -0.540901 2.44022
0.00202384 -0.620887 2.35074
-0.150592 0.690816 2.15359
-0.76172 0.839306 1.87324
-0.663289 0.781896 1.83496
0.205664 0.162427 2.28532
0.164541 0.18272 2.26985
-0.131529 0.17189 2.25369
-0.142958 0.472506 2.20045
-0.153137 0.761287 2.13562
-0.150002 0.884667 2.07295
-0.328683 0.673327 2.13233
-0.505347 0.597052 2.06382
-0.612153 0.69773 1.92378
-0.675644 0.790867 1.85499
0.0228652 0.680088 2.17843
0.094982 0.504228 2.2356
0.164583 0.320843 2.26668
0.183824 0.241717 2.28456
-0.208704 0.166439 2.21432
-0.241835 -0.204831 2.33365
-0.230329 -0.549529 2.41996
-0.233125 -0.634456 2.32859
-0.0499682 0.171753 2.22021
-0.0250301 -0.195091 2.3608
-0.0151032 -0.540886 2.44024
0.00205641 -0.620997 2.35081
-0.150785 0.690794 2.1539
-0.724201 0.856951 1.83862
-0.628374 0.794862 1.80364
0.212054 0.162191 2.29217
0.168633 0.170746 2.2615
-0.131236 0.17188 2.25416
-0.142815 0.472546 2.2013
-0.153205 0.761365 2.13734
-0.149991 0.884572 2.07414
-0.328674 0.673182 2.13221
-0.497964 0.604133 2.03686
-0.549915 0.727024 1.88272
-0.576998 0.824727 1.80146
0.0225634 0.680874 2.18163
0.093774 0.504511 2.23851
0.161679 0.320201 2.26841
0.17964 0.241385 2.28637
-0.208333 0.166388 2.21454
-0.24064 -0.201238 2.33269
-0.23005 -0.548519 2.41948
-0.232979 -0.634132 2.32837
-0.0498008 0.171819 2.22098
-0.0250797 -0.19565 2.36077
-0.0152166 -0.540836 2.44043
0.00200816 -0.620853 2.35077
-0.150788 0.690864 2.15536
-0.607059 0.890226 1.77241
-0.519944 0.820506 1.74727
0.198503 0.162346 2.28183
0.16187 0.171827 2.26683
-0.131689 0.172244 2.25558
-0.143976 0.472893 2.20273
-0.1553 0.761751 2.13874
-0.151555 0.885378 2.07618
-0.327867 0.673581 2.13195
-0.482689 0.618122 2.00403
-0.478256 0.744685 1.84321
-0.477841 0.843376 1.77327
0.0218295 0.681653 2.18357
0.0924839 0.505262 2.24091
0.160043 0.32055 2.26962
0.179916 0.240911 2.28394
-0.20848 0.166682 2.21586
-0.240616 -0.201681 2.33318
-0.229947 -0.549145 2.41987
-0.233088 -0.634313 2.32847
-0.0506057 0.172244 2.22249
-0.0252605 -0.196221 2.36098
-0.0156002 -0.541264 2.44014
0.001971 -0.620933 2.35084
-0.152631 0.691237 2.15678
-0.484544 0.909231 1.7408
-0.420394 0.826924 1.73733
0.203476 0.16185 2.28317
0.165712 0.174826 2.26248
-0.132568 0.172485 2.25689
-0.145532 0.473286 2.20397
-0.15757 0.76233 2.13978
-0.154913 0.886122 2.07827
-0.327021 0.674451 2.13194
-0.469795 0.629192 1.98548
-0.427505 0.757151 1.83135
-0.393021 0.847888 1.76735
0.019774 0.682843 2.18513
0.0908773 0.506806 2.24287
0.158213 0.321834 2.27082
0.18052 0.241855 2.28725
-0.208983 0.166934 2.21701
-0.24083 -0.202495 2.33472
-0.23012 -0.54884 2.42004
-0.233081 -0.634428 2.3287
-0.0519066 0.17245 2.22394
-0.0255036 -0.196176 2.36101
-0.0157632 -0.541829 2.44025
0.00197199 -0.620919 2.35079
-0.154729 0.691768 2.15788
-0.379402 0.908495 1.72608
-0.337668 0.815081 1.75051
0.198601 0.16241 2.28272
0.143141 0.218305 2.28547
-0.133287 0.172714 2.25763
-0.146668 0.473769 2.20488
-0.159065 0.763109 2.14082
-0.158789 0.884913 2.08131
-0.326998 0.674368 2.13208
-0.462441 0.633731 1.9768
-0.385888 0.754673 1.83027
-0.329937 0.842108 1.77048
0.0162046 0.683538 2.18711
0.0895694 0.508124 2.24411
0.157886 0.323361 2.27135
0.183238 0.241737 2.28431
-0.209708 0.167069 2.21778
-0.242134 -0.201756 2.33421
-0.229988 -0.549597 2.41949
-0.232693 -0.634867 2.3284
-0.0525829 0.172764 2.2246
-0.025674 -0.196225 2.36091
-0.0156877 -0.542029 2.44014
0.00201948 -0.621029 2.35072
-0.156145 0.692471 2.15889
-0.304653 0.901728 1.73047
-0.274486 0.807511 1.76819
0.202402 0.163602 2.28128
0.158872 0.18027 2.26755
-0.136448 0.1751 2.25822
-0.14928 0.475216 2.20571
-0.162208 0.763959 2.14203
-0.164377 0.883102 2.08514
-0.32802 0.674538 2.13267
-0.457237 0.636365 1.97105
-0.363338 0.751016 1.8296
-0.297171 0.83367 1.77589
0.0106234 0.685158 2.18923
0.0881583 0.510566 2.24391
0.158517 0.326199 2.26939
0.184616 0.246385 2.27984
-0.213239 0.169263 2.21965
-0.243225 -0.200067 2.33369
-0.230093 -0.549974 2.41959
-0.232474 -0.635043 2.32812
-0.0554413 0.175444 2.22389
-0.0262366 -0.195182 2.36031
-0.0157765 -0.542726 2.4403
0.00188964 -0.620842 2.35091
-0.159059 0.693426 2.15997
-0.261356 0.890364 1.74874
-0.243161 0.787512 1.76642
0.204034 0.167664 2.27167
0.166577 0.174687 2.25949
-0.136832 0.17522 2.25832
-0.150026 0.47565 2.20594
-0.162905 0.764641 2.14234
-0.165224 0.882607 2.08601
-0.328131 0.674391 2.13259
-0.458196 0.637914 1.97134
-0.371324 0.756227 1.82853
-0.334233 0.841778 1.77149
0.0102791 0.685486 2.18837
0.088152 0.511117 2.24322
0.159099 0.326879 2.26823
0.185396 0.246674 2.27778
-0.213626 0.169267 2.21993
-0.244294 -0.198148 2.33274
-0.230625 -0.549591 2.42009
-0.231974 -0.633782 2.33132
-0.0558119 0.175692 2.22374
-0.0264253 -0.195273 2.36029
-0.0157234 -0.542778 2.44026
0.00189635 -0.620844 2.35092
-0.159848 0.694062 2.16028
-0.303334 0.903271 1.72824
-0.288375 0.789239 1.75203
0.205941 0.167346 2.27265
0.166202 0.176872 2.25797
-0.136824 0.174919 2.25858
-0.15015 0.475546 2.206
-0.163162 0.764595 2.14226
-0.165279 0.883721 2.08479
-0.328439 0.67529 2.13172
-0.469108 0.639409 1.98052
-0.428962 0.769422 1.82775
-0.416766 0.856316 1.77017
0.0106955 0.685983 2.18593
0.0882496 0.511959 2.24194
0.159673 0.327776 2.26633
0.186516 0.246883 2.27514
-0.213513 0.16909 2.21989
-0.244097 -0.198966 2.33302
-0.230665 -0.549592 2.42035
-0.231913 -0.634254 2.33061
-0.0559245 0.1751 2.22457
-0.0265415 -0.195809 2.36037
-0.0157319 -0.542576 2.44025
0.00205228 -0.620862 2.35066
-0.160068 0.694007 2.16025
-0.409843 0.915701 1.72697
-0.359353 0.811799 1.7349
0.212571 0.167634 2.2685
0.171146 0.175634 2.2491
-0.136509 0.1745 2.25871
-0.150096 0.475356 2.20561
-0.163283 0.764563 2.14078
-0.163885 0.886018 2.08205
-0.328927 0.676413 2.13091
-0.492239 0.62967 2.01181
-0.525095 0.762786 1.86121
-0.55485 0.866059 1.79587
0.0130189 0.685658 2.18415
0.0894572 0.511477 2.24095
0.161084 0.327218 2.26453
0.189773 0.246606 2.27236
-0.212988 0.168841 2.21964
-0.243441 -0.200196 2.33362
-0.230591 -0.549509 2.42023
-0.232845 -0.633609 2.33163
-0.0557575 0.174386 2.22506
-0.0265345 -0.195432 2.36029
-0.015736 -0.54207 2.44033
0.00194111 -0.620602 2.35088
-0.160144 0.693927 2.15912
-0.571733 0.934892 1.76679
-0.493876 0.844269 1.7484
0.207303 0.167191 2.26558
0.172422 0.169993 2.254
-0.136256 0.174289 2.25873
-0.149806 0.475085 2.20514
-0.16269 0.764087 2.1394
-0.162357 0.886447 2.08012
-0.329693 0.676754 2.13055
-0.50072 0.624725 2.02748
-0.582677 0.749808 1.89091
-0.641936 0.844344 1.82682
0.0146561 0.684769 2.18281
0.0909002 0.510637 2.2399
0.162362 0.326368 2.26374
0.190903 0.246957 2.27284
-0.212683 0.168714 2.21953
-0.243048 -0.201027 2.3336
-0.230477 -0.549386 2.42008
-0.232735 -0.634095 2.33054
-0.0555293 0.174091 2.22516
-0.0264001 -0.195321 2.36066
-0.0157067 -0.542093 2.44053
0.00193539 -0.62059 2.35084
-0.15965 0.693513 2.15798
-0.675002 0.910011 1.80644
-0.584846 0.840028 1.7755
0.209382 0.167292 2.26448
0.148134 0.237098 2.28517
-0.135525 0.173593 2.25858
-0.14914 0.474216 2.204
-0.161882 0.762954 2.13693
-0.160601 0.885779 2.0772
-0.330089 0.676221 2.12964
-0.507181 0.617663 2.04431
-0.613893 0.728278 1.91294
-0.693989 0.81205 1.8501
0.0158796 0.684031 2.18072
0.0918101 0.509963 2.23827
0.163248 0.325831 2.26283
0.191122 0.245815 2.27144
-0.211935 0.167981 2.21901
-0.241801 -0.202065 2.33373
-0.230467 -0.549237 2.42003
-0.23234 -0.632973 2.33121
-0.0547551 0.173416 2.22529
-0.0264179 -0.195396 2.36073
-0.0153495 -0.541921 2.4407
0.00191376 -0.620532 2.35084
-0.158882 0.692451 2.15585
-0.736654 0.869743 1.82673
-0.646402 0.817858 1.798
0.211573 0.167607 2.26602
0.16439 0.193735 2.2615
-0.134824 0.172893 2.25835
-0.148466 0.47341 2.20314
-0.16114 0.762084 2.1356
-0.159775 0.885158 2.07509
-0.330925 0.67459 2.12998
-0.509838 0.607993 2.05718
-0.64056 0.695787 1.93063
-0.726754 0.771868 1.87716
0.016642 0.683473 2.17845
0.0927018 0.509363 2.23578
0.164127 0.325285 2.26063
0.190906 0.245989 2.26723
-0.211333 0.167269 2.21886
-0.241814 -0.20222 2.33357
-0.230221 -0.549369 2.41991
-0.232033 -0.633995 2.32926
-0.0539525 0.17278 2.2249
-0.0263221 -0.195485 2.36083
-0.015148 -0.541667 2.44044
0.001894 -0.620567 2.3508
-0.158162 0.6916 2.15461
-0.785406 0.835166 1.86609
-0.687743 0.781009 1.82652
0.212455 0.167333 2.26043
0.175024 0.176289 2.24347
-0.134347 0.172337 2.2582
-0.148139 0.472991 2.20291
-0.160868 0.761769 2.13543
-0.15964 0.88481 2.07466
-0.331236 0.67344 2.13
-0.508552 0.597587 2.06322
-0.636697 0.688456 1.93612
-0.72961 0.770199 1.87719
0.0167311 0.683073 2.17786
0.092883 0.508997 2.23517
0.164464 0.324783 2.25903
0.191574 0.244208 2.26519
-0.210924 0.166665 2.21867
-0.240957 -0.201209 2.3334
-0.230119 -0.549176 2.41984
-0.231726 -0.633032 2.3298
-0.0534038 0.172306 2.22476
-0.0262858 -0.195454 2.36094
-0.0150676 -0.541678 2.44026
0.00194651 -0.620528 2.35054
-0.157884 0.691268 2.15442
-0.792981 0.825431 1.86604
-0.690244 0.778846 1.82396
0.21319 0.167384 2.25505
0.171361 0.181966 2.24689
-0.134034 0.172249 2.2581
-0.148048 0.472884 2.20281
-0.160928 0.761559 2.13549
-0.159654 0.884803 2.07463
-0.331779 0.673012 2.12999
-0.50896 0.604769 2.05364
-0.624904 0.70227 1.91931
-0.703546 0.800195 1.85426
0.0166166 0.683111 2.17793
0.0928447 0.508966 2.23501
0.164785 0.324671 2.25772
0.191703 0.243935 2.26411
-0.210624 0.166599 2.21855
-0.24084 -0.200969 2.33331
-0.230031 -0.549189 2.41995
-0.231981 -0.632779 2.32998
-0.0530781 0.172207 2.22464
-0.0261361 -0.195101 2.36067
-0.0149283 -0.54153 2.44014
0.00186977 -0.620576 2.35038
-0.157894 0.691099 2.15441
-0.760653 0.857979 1.84417
-0.655513 0.801362 1.80567
0.216992 0.166994 2.25778
0.174895 0.174584 2.24203
-0.133883 0.172113 2.25785
-0.148245 0.472793 2.20288
-0.162122 0.761566 2.13652
-0.160606 0.884852 2.07562
-0.333374 0.673151 2.13059
-0.506368 0.616949 2.03407
-0.581357 0.741971 1.89302
-0.630945 0.844557 1.81382
0.0158218 0.683422 2.17851
0.0924675 0.509166 2.23492
0.16471 0.324851 2.25689
0.192111 0.24386 2.26617
-0.210416 0.166379 2.21822
-0.240859 -0.201965 2.33354
-0.229968 -0.549581 2.41999
-0.231536 -0.634212 2.32845
-0.0529754 0.17215 2.22443
-0.025982 -0.194732 2.36057
-0.0149152 -0.541519 2.44006
0.00179571 -0.62049 2.35049
-0.158766 0.69106 2.1551
-0.668671 0.904301 1.786
-0.579949 0.842145 1.76482
0.217016 0.167027 2.25831
0.16426 0.207325 2.26291
-0.13371 0.172018 2.25723
-0.149328 0.472926 2.20348
-0.165792 0.762432 2.13998
-0.166785 0.886249 2.08118
-0.334906 0.672796 2.13193
-0.492088 0.638405 1.99994
-0.479057 0.7709 1.8449
-0.478671 0.867359 1.77227
0.0132461 0.68448 2.18207
0.0907987 0.509766 2.23648
0.16409 0.32575 2.2578
0.189434 0.245318 2.27174
-0.210091 0.166006 2.21742
-0.240288 -0.20116 2.33298
-0.229833 -0.549679 2.42007
-0.232462 -0.633557 2.32966
-0.0529642 0.172287 2.22386
-0.0258485 -0.195691 2.36015
-0.0149163 -0.541359 2.43982
0.00177086 -0.620565 2.35049
-0.161777 0.691717 2.15774
-0.485479 0.926441 1.72655
-0.425018 0.850333 1.7335
0.2121 0.167658 2.26661
0.172579 0.177487 2.24887
-0.133877 0.171934 2.25674
-0.150846 0.473157 2.20417
-0.169038 0.763135 2.14256
-0.173141 0.885737 2.08566
-0.336232 0.672481 2.13336
-0.479598 0.650532 1.98255
-0.41208 0.771392 1.8315
-0.367581 0.862184 1.75595
0.0105559 0.685348 2.18439
0.0888366 0.510512 2.23774
0.162712 0.326734 2.25909
0.185333 0.245435 2.27431
-0.210127 0.165728 2.21703
-0.24109 -0.200207 2.33219
-0.229866 -0.549223 2.41979
-0.232077 -0.63271 2.33078
-0.0533094 0.172528 2.2231
-0.0259331 -0.19588 2.35963
-0.0150244 -0.541372 2.43961
0.00182919 -0.620602 2.35051
-0.164635 0.692308 2.15986
-0.35668 0.923692 1.71188
-0.316351 0.82449 1.74111
0.208065 0.16823 2.26632
0.169336 0.172271 2.24972
-0.134926 0.173286 2.25534
-0.151379 0.473869 2.20398
-0.168223 0.763295 2.14285
-0.179656 0.883744 2.09075
-0.336559 0.67065 2.13532
-0.462951 0.655615 1.96789
-0.363067 0.764458 1.82579
-0.296042 0.845981 1.76025
0.00534328 0.686546 2.1889
0.0859819 0.511672 2.2395
0.16081 0.32807 2.25968
0.181788 0.24694 2.2735
-0.21119 0.1663 2.2162
-0.242763 -0.199322 2.331
-0.229941 -0.549306 2.41998
-0.232141 -0.632743 2.33085
-0.0542654 0.174861 2.22101
-0.0258068 -0.195476 2.3582
-0.0152179 -0.541569 2.43933
0.00179352 -0.620587 2.35069
-0.164234 0.692588 2.16006
-0.27258 0.904527 1.72655
-0.240317 0.808134 1.756
0.205401 0.167632 2.26626
0.167328 0.17423 2.24777
-0.137282 0.176162 2.25321
-0.155199 0.477163 2.20224
-0.173812 0.767003 2.14081
-0.182591 0.883918 2.0895
-0.33902 0.668318 2.1359
-0.457072 0.652768 1.96195
-0.343764 0.759107 1.8286
-0.275132 0.843769 1.76833
-0.00462354 0.689536 2.18687
0.0801211 0.51684 2.23804
0.15643 0.333913 2.25874
0.180248 0.253778 2.27092
-0.213593 0.168384 2.2143
-0.243585 -0.199328 2.33086
-0.230126 -0.54963 2.41988
-0.232187 -0.633062 2.32978
-0.056464 0.17838 2.21881
-0.0258433 -0.195229 2.3573
-0.0152722 -0.541636 2.43932
0.00182383 -0.620586 2.35064
-0.169297 0.696183 2.15816
-0.243493 0.897563 1.74145
-0.22135 0.804071 1.76719
0.203429 0.172622 2.25757
0.166456 0.177117 2.24664
-0.137688 0.177277 2.25208
-0.154999 0.477375 2.20192
-0.171894 0.766415 2.14073
-0.184106 0.883302 2.08964
-0.338734 0.668447 2.13518
-0.458506 0.650484 1.96272
-0.356795 0.758899 1.8216
-0.317104 0.837213 1.76136
-0.00343695 0.688935 2.18888
0.0808223 0.515746 2.23939
0.15704 0.332691 2.25955
0.184091 0.252403 2.2715
-0.214225 0.169116 2.21332
-0.244541 -0.198479 2.33079
-0.230396 -0.549543 2.41984
-0.232098 -0.632781 2.33018
-0.0566315 0.179811 2.21761
-0.0260582 -0.195198 2.35684
-0.0155202 -0.541746 2.4393
0.00181699 -0.620513 2.35061
-0.16805 0.695857 2.15808
-0.2835 0.890022 1.71311
-0.270398 0.786454 1.74637
0.209826 0.172808 2.26013
0.158761 0.198255 2.25992
-0.137852 0.17584 2.25249
-0.155663 0.476042 2.20227
-0.17289 0.76464 2.14093
-0.1849 0.883491 2.08864
-0.338557 0.669609 2.1344
-0.473987 0.640403 1.97673
-0.420147 0.759909 1.81898
-0.407775 0.840147 1.75953
-0.00145971 0.688558 2.1872
0.0814823 0.515317 2.23918
0.157718 0.332373 2.25989
0.184981 0.252909 2.27343
-0.214207 0.168038 2.21356
-0.24452 -0.199276 2.33094
-0.230428 -0.550328 2.41977
-0.232857 -0.636049 2.32779
-0.057073 0.177878 2.21833
-0.0264181 -0.196693 2.35703
-0.0156193 -0.541833 2.4391
0.00185531 -0.620532 2.35058
-0.168863 0.694208 2.15834
-0.406737 0.897223 1.69693
-0.350314 0.806383 1.7316
0.208598 0.17342 2.26365
0.167634 0.181918 2.25188
-0.137711 0.174745 2.25253
-0.156328 0.474636 2.202
-0.174507 0.76247 2.14001
-0.185211 0.883939 2.08515
-0.339473 0.670055 2.13284
-0.494241 0.616322 2.00421
-0.518683 0.746471 1.84895
-0.530034 0.832203 1.77539
9.20848e-005 0.688261 2.18573
0.0820534 0.514969 2.23872
0.15817 0.332088 2.26005
0.18503 0.252403 2.27327
-0.213888 0.167225 2.21346
-0.244595 -0.199916 2.33041
-0.230615 -0.55016 2.41943
-0.232806 -0.635639 2.32799
-0.0571239 0.176485 2.21852
-0.0264375 -0.196955 2.35702
-0.0156008 -0.541955 2.43908
0.00187143 -0.620386 2.35073
-0.170182 0.692249 2.15761
-0.551217 0.8913 1.73281
-0.467692 0.815771 1.72254
0.213162 0.173173 2.26496
0.170137 0.177432 2.25027
-0.136299 0.173429 2.25143
-0.156653 0.47324 2.20082
-0.176481 0.760672 2.1383
-0.184791 0.88335 2.0811
-0.341076 0.669555 2.1311
-0.502703 0.598005 2.02303
-0.598515 0.700872 1.87619
-0.676746 0.781667 1.81573
0.00152523 0.688295 2.18467
0.0826134 0.514875 2.23836
0.158863 0.332132 2.26012
0.187242 0.252066 2.27262
-0.212417 0.166088 2.2119
-0.243515 -0.201489 2.33018
-0.23055 -0.550193 2.41966
-0.233399 -0.634783 2.32896
-0.0557529 0.175036 2.21781
-0.0265403 -0.197659 2.35735
-0.0156275 -0.541839 2.43872
0.00173102 -0.619993 2.35087
-0.171684 0.690549 2.15603
-0.737724 0.839307 1.79348
-0.624921 0.788618 1.761
0.21003 0.172974 2.26231
0.172071 0.176816 2.2476
-0.134927 0.171959 2.25024
-0.156703 0.471775 2.1994
-0.177629 0.759173 2.13657
-0.184865 0.882758 2.07917
-0.342026 0.667371 2.13057
-0.505316 0.587047 2.03272
-0.630062 0.671593 1.89722
-0.726767 0.740159 1.83996
0.00208117 0.688011 2.18287
0.0829494 0.51484 2.2374
0.160069 0.332573 2.2597
0.191308 0.252711 2.27151
-0.211099 0.164541 2.21022
-0.243184 -0.203112 2.32995
-0.230453 -0.550383 2.41952
-0.23315 -0.635715 2.32787
-0.0543634 0.173675 2.21704
-0.0263374 -0.198175 2.35735
-0.0153764 -0.541514 2.43923
0.00172487 -0.620001 2.35077
-0.172568 0.689051 2.15437
-0.792888 0.789198 1.82147
-0.687759 0.75731 1.79049
0.217754 0.173795 2.26602
0.17786 0.1784 2.24873
-0.134365 0.170766 2.24926
-0.156564 0.470721 2.19855
-0.177652 0.758441 2.13602
-0.185048 0.882563 2.07797
-0.34283 0.665553 2.13001
-0.506285 0.5772 2.04066
-0.635152 0.658182 1.90694
-0.735334 0.726579 1.84615
0.00246349 0.687751 2.18133
0.083455 0.514881 2.23641
0.161735 0.333011 2.25815
0.194556 0.2509 2.26644
-0.210635 0.163356 2.20901
-0.242645 -0.203342 2.32917
-0.230412 -0.54967 2.41919
-0.233172 -0.635131 2.32883
-0.053724 0.172532 2.21625
-0.0261909 -0.19832 2.3569
-0.015204 -0.541024 2.43915
0.00176004 -0.620063 2.35071
-0.172577 0.688236 2.15374
-0.802049 0.773134 1.82766
-0.695814 0.741387 1.80029
0.218497 0.173419 2.25931
0.176546 0.181612 2.24548
-0.134035 0.170235 2.24881
-0.156588 0.470357 2.1983
-0.177911 0.758206 2.136
-0.185123 0.882537 2.07793
-0.343242 0.665121 2.12994
-0.506694 0.580518 2.03657
-0.624042 0.669461 1.89696
-0.711226 0.759057 1.82478
0.00263676 0.687743 2.18125
0.0839854 0.514824 2.23583
0.163445 0.333241 2.25628
0.194316 0.249977 2.26434
-0.21035 0.16279 2.20834
-0.242896 -0.203355 2.32825
-0.230474 -0.549483 2.41915
-0.232518 -0.635325 2.32861
-0.053357 0.172056 2.216
-0.0262204 -0.198775 2.35663
-0.015289 -0.541249 2.43887
0.00172404 -0.620018 2.35087
-0.172776 0.687968 2.15364
-0.772097 0.805564 1.80425
-0.657641 0.763205 1.77779
0.22281 0.172917 2.25472
0.177219 0.178814 2.24395
-0.134117 0.169798 2.24766
-0.15667 0.470295 2.19786
-0.178019 0.758448 2.13601
-0.184853 0.882739 2.07872
-0.342778 0.665748 2.1297
-0.494165 0.598122 2.00337
-0.550815 0.719568 1.84981
-0.592162 0.822604 1.7809
0.00299106 0.687458 2.18166
0.0840461 0.513978 2.23525
0.163299 0.332178 2.25499
0.18647 0.250712 2.26251
-0.210389 0.162546 2.20719
-0.242862 -0.20482 2.32751
-0.23023 -0.549929 2.41899
-0.233438 -0.63594 2.32809
-0.0534822 0.171457 2.21489
-0.0260353 -0.199616 2.35553
-0.0153276 -0.540584 2.43865
0.00167474 -0.619983 2.35097
-0.172875 0.688106 2.15354
-0.632054 0.880247 1.749
-0.54245 0.831948 1.72729
0.217806 0.171947 2.24902
0.166592 0.188082 2.24127
-0.13524 0.169233 2.24746
-0.157016 0.470298 2.19794
-0.178045 0.759054 2.13656
-0.184869 0.883321 2.08067
-0.33872 0.667705 2.12843
-0.469432 0.617588 1.9715
-0.455136 0.756203 1.82238
-0.456931 0.847164 1.75733
0.0033606 0.686932 2.18305
0.0834462 0.512767 2.23609
0.160701 0.329934 2.25489
0.17929 0.25135 2.26425
-0.211119 0.1622 2.20706
-0.243681 -0.204374 2.32692
-0.23057 -0.549171 2.41829
-0.232526 -0.634333 2.33103
-0.0550318 0.17067 2.21467
-0.026195 -0.199901 2.35433
-0.0158841 -0.540447 2.43856
0.00183713 -0.620213 2.35059
-0.173027 0.688485 2.1539
-0.468545 0.904257 1.71992
-0.40608 0.82925 1.7256
0.20371 0.172034 2.25258
0.165002 0.17885 2.23866
-0.136304 0.16893 2.24736
-0.156789 0.470358 2.19829
-0.1743 0.760072 2.13848
-0.184907 0.882488 2.08442
-0.335441 0.668777 2.12817
-0.447464 0.630691 1.95304
-0.383067 0.764543 1.81287
-0.341109 0.854575 1.75328
0.00311898 0.686341 2.18595
0.0828428 0.511379 2.23744
0.157206 0.32739 2.25657
0.176977 0.246177 2.26947
-0.212372 0.161734 2.20701
-0.245714 -0.203029 2.32587
-0.230822 -0.548683 2.41802
-0.232328 -0.634368 2.33118
-0.0559194 0.170536 2.21455
-0.0272329 -0.199728 2.3532
-0.0164506 -0.540205 2.43855
0.00184662 -0.619873 2.35067
-0.170458 0.689219 2.15533
-0.327921 0.915204 1.7064
-0.287522 0.827784 1.74411
0.196459 0.166852 2.25832
0.159792 0.174317 2.24627
-0.142525 0.176107 2.24512
-0.162171 0.477898 2.19521
-0.180167 0.768223 2.13401
-0.185311 0.882817 2.08502
-0.333859 0.668567 2.12707
-0.433189 0.637284 1.94254
-0.323249 0.755906 1.81793
-0.252321 0.851656 1.75991
-0.00553248 0.689272 2.18371
0.0777968 0.516198 2.23571
0.15209 0.332474 2.25673
0.174294 0.254026 2.27309
-0.218762 0.168938 2.20519
-0.246592 -0.201773 2.32553
-0.231116 -0.549144 2.4178
-0.231852 -0.635905 2.32844
-0.0617306 0.177522 2.21196
-0.0310464 -0.175442 2.33969
-0.0175793 -0.540953 2.43873
0.00200969 -0.620088 2.35056
-0.175972 0.697282 2.15133
-0.219339 0.900499 1.73152
-0.202183 0.811771 1.76088
0.198214 0.172622 2.26019
0.149862 0.202364 2.26733
-0.144422 0.17877 2.24315
-0.163155 0.480718 2.19313
-0.180715 0.771376 2.13135
-0.184613 0.883401 2.0833
-0.330966 0.672711 2.12442
-0.428589 0.640434 1.93906
-0.314864 0.754467 1.81334
-0.246308 0.840323 1.75365
-0.0066916 0.689382 2.18272
0.0768444 0.516888 2.23588
0.151134 0.333239 2.25734
0.174789 0.254612 2.27281
-0.220771 0.171697 2.20356
-0.246616 -0.1964 2.32388
-0.23092 -0.54921 2.41765
-0.231589 -0.635076 2.33043
-0.0634337 0.180037 2.20965
-0.0313363 -0.171675 2.33783
-0.018045 -0.541531 2.43895
0.00230719 -0.620352 2.35012
-0.176592 0.70035 2.14887
-0.206052 0.894224 1.72668
-0.195278 0.80043 1.75805
0.199369 0.17316 2.25945
0.159687 0.175725 2.24833
-0.144677 0.179399 2.24213
-0.162241 0.480622 2.19294
-0.177377 0.769918 2.1327
-0.184468 0.882698 2.08365
-0.332074 0.673374 2.12237
-0.432086 0.640867 1.93844
-0.33081 0.753472 1.80064
-0.288489 0.833026 1.73809
-0.00679593 0.688824 2.18272
0.076789 0.516485 2.23617
0.15096 0.332785 2.2576
0.174704 0.254477 2.27232
-0.221123 0.172202 2.20251
-0.247032 -0.196483 2.32358
-0.231133 -0.549888 2.41743
-0.232057 -0.635887 2.32994
-0.0635832 0.180752 2.20858
-0.0311062 -0.184981 2.3434
-0.0184839 -0.541904 2.43894
0.00262762 -0.620505 2.34969
-0.173968 0.699338 2.1497
-0.253221 0.887747 1.69728
-0.229044 0.805666 1.73413
0.205176 0.17286 2.2658
0.155823 0.188499 2.25107
-0.143452 0.17526 2.24167
-0.160235 0.476977 2.19334
-0.174165 0.766584 2.13388
-0.184319 0.881833 2.08397
-0.331793 0.672553 2.12267
-0.445841 0.637848 1.94828
-0.388212 0.755996 1.7908
-0.370974 0.834642 1.72215
-0.000556935 0.686127 2.18279
0.0800464 0.512526 2.2366
0.152781 0.328326 2.25835
0.175619 0.248438 2.27112
-0.219774 0.168329 2.20228
-0.246993 -0.198133 2.32331
-0.231183 -0.550009 2.41744
-0.232141 -0.636142 2.32912
-0.062496 0.17642 2.20795
-0.0307513 -0.191994 2.34533
-0.0188062 -0.542025 2.4391
0.00262799 -0.620411 2.3497
-0.171063 0.695928 2.15074
-0.357184 0.890857 1.66529
-0.313598 0.785816 1.69307
0.196493 0.166883 2.25877
0.147465 0.20222 2.26134
-0.14215 0.171918 2.24056
-0.159317 0.473871 2.19213
-0.174202 0.76376 2.13246
-0.185102 0.88258 2.08154
-0.332225 0.672697 2.12212
-0.474341 0.613609 1.98003
-0.487007 0.731853 1.81316
-0.507301 0.818994 1.72624
0.00254975 0.684634 2.17871
0.0814099 0.510554 2.23331
0.153917 0.326296 2.2552
0.180719 0.246205 2.26094
-0.218142 0.165293 2.20111
-0.246761 -0.202355 2.32312
-0.231276 -0.549934 2.4172
-0.232501 -0.636569 2.32835
-0.0615473 0.172863 2.2069
-0.0296654 -0.195317 2.34543
-0.0187541 -0.541614 2.43913
0.00249198 -0.620229 2.34985
-0.170803 0.693037 2.1494
-0.528431 0.8752 1.6697
-0.444954 0.799133 1.68315
0.203921 0.166421 2.24985
0.165542 0.167202 2.23612
-0.140621 0.169939 2.23798
-0.158847 0.472039 2.19016
-0.17483 0.761949 2.13072
-0.185908 0.882468 2.07998
-0.333394 0.671755 2.12118
-0.481602 0.603164 1.99105
-0.545251 0.707322 1.82703
-0.599527 0.79285 1.74806
0.00377325 0.683826 2.17606
0.0828838 0.509405 2.22959
0.157307 0.325553 2.24939
0.186005 0.245445 2.2548
-0.216649 0.163242 2.19807
-0.246885 -0.206939 2.32325
-0.231268 -0.549967 2.41712
-0.232294 -0.636131 2.33023
-0.0600154 0.171043 2.20474
-0.0293218 -0.196444 2.34482
-0.0186288 -0.541441 2.43898
0.00254052 -0.620203 2.34973
-0.171127 0.69124 2.14765
-0.636059 0.847465 1.70645
-0.53737 0.782991 1.69688
0.205094 0.165413 2.24148
0.170349 0.170245 2.23359
-0.139758 0.168521 2.2355
-0.158885 0.470425 2.18819
-0.176032 0.760058 2.1291
-0.187243 0.88266 2.07806
-0.335871 0.670936 2.12064
-0.489964 0.589629 2.00724
-0.58023 0.682767 1.84972
-0.658272 0.758437 1.77822
0.00379478 0.683061 2.17359
0.083742 0.508752 2.22647
0.15972 0.325372 2.24525
0.190063 0.246335 2.24831
-0.216005 0.162028 2.196
-0.247024 -0.206715 2.32164
-0.231399 -0.549661 2.41735
-0.232 -0.63544 2.33172
-0.0589541 0.169465 2.2018
-0.0291195 -0.197549 2.34423
-0.0183592 -0.541392 2.43891
0.00253569 -0.620099 2.34989
-0.171995 0.689423 2.14595
-0.706059 0.814941 1.7409
-0.60574 0.761995 1.72246
0.214985 0.165459 2.23708
0.130323 0.266655 2.28325
-0.138329 0.16705 2.23312
-0.158631 0.46852 2.18596
-0.177141 0.757678 2.12694
-0.188734 0.882057 2.07561
-0.340145 0.667456 2.12078
-0.497135 0.571228 2.02664
-0.603813 0.654356 1.87419
-0.70257 0.729155 1.79736
0.00389713 0.682728 2.17123
0.0848476 0.50839 2.22289
0.162479 0.325409 2.23982
0.19114 0.245516 2.24564
-0.21469 0.160352 2.19364
-0.246477 -0.209736 2.32019
-0.23149 -0.549404 2.41708
-0.231379 -0.635569 2.33127
-0.0574559 0.168246 2.19939
-0.0287824 -0.198331 2.34306
-0.018067 -0.541238 2.43861
0.00253604 -0.620021 2.35013
-0.17274 0.687157 2.14378
-0.756365 0.777668 1.76697
-0.655718 0.736355 1.74632
0.214258 0.165637 2.23589
0.176272 0.174584 2.22327
-0.13774 0.166293 2.23255
-0.158721 0.467826 2.18537
-0.178043 0.756945 2.12624
-0.189365 0.881925 2.07474
-0.342129 0.665208 2.12109
-0.499496 0.567091 2.03002
-0.61033 0.647162 1.87899
-0.706868 0.717994 1.80107
0.00372249 0.682519 2.17024
0.0848273 0.508189 2.22175
0.16259 0.325355 2.23925
0.189645 0.245812 2.24738
-0.214142 0.159476 2.19298
-0.245915 -0.211133 2.32044
-0.231424 -0.549446 2.41705
-0.231086 -0.634787 2.3316
-0.0568433 0.167627 2.19891
-0.0286396 -0.198719 2.34249
-0.0180669 -0.541369 2.43858
0.00259096 -0.619904 2.35007
-0.173411 0.686429 2.14311
-0.76493 0.768147 1.77841
-0.661615 0.724743 1.74727
0.215009 0.165481 2.23743
0.154709 0.216104 2.242
-0.137519 0.165926 2.23224
-0.158938 0.467491 2.18497
-0.179096 0.756702 2.12572
-0.190326 0.881798 2.074
-0.343233 0.664088 2.12104
-0.500225 0.566311 2.0288
-0.605754 0.647884 1.87455
-0.693197 0.730266 1.78335
0.00355273 0.682456 2.16999
0.0846461 0.508186 2.22167
0.162355 0.325337 2.23921
0.188367 0.244855 2.24974
-0.213939 0.158976 2.19257
-0.245479 -0.210862 2.32032
-0.231594 -0.548987 2.41649
-0.230728 -0.633921 2.33226
-0.0566161 0.167382 2.19869
-0.0283683 -0.199327 2.34208
-0.0179713 -0.541451 2.43851
0.00255213 -0.619967 2.35011
-0.174222 0.686139 2.14262
-0.744251 0.777109 1.75532
-0.633091 0.723251 1.73298
0.218082 0.165972 2.24311
0.170032 0.182546 2.23062
-0.137338 0.165755 2.23219
-0.159078 0.467362 2.18496
-0.179706 0.756632 2.12583
-0.191342 0.881801 2.07396
-0.343637 0.664117 2.12102
-0.495364 0.578152 2.00774
-0.57248 0.669557 1.84169
-0.632108 0.757471 1.74665
0.0031427 0.682457 2.17033
0.0840323 0.508166 2.2222
0.161601 0.325458 2.24095
0.186075 0.24578 2.25562
-0.213775 0.158847 2.1925
-0.245046 -0.212352 2.32073
-0.231471 -0.549233 2.4164
-0.231059 -0.634248 2.33212
-0.0564273 0.167175 2.19871
-0.0282872 -0.199467 2.34197
-0.0181171 -0.541824 2.43831
0.00237871 -0.619622 2.35012
-0.174705 0.686042 2.14269
-0.670228 0.806168 1.69747
-0.57257 0.744449 1.70459
0.210982 0.166388 2.24893
0.140066 0.242241 2.27057
-0.137684 0.165542 2.23347
-0.160502 0.467096 2.18657
-0.182459 0.756493 2.12808
-0.195518 0.881827 2.0753
-0.34366 0.663845 2.12188
-0.478107 0.593972 1.97662
-0.491433 0.705196 1.80459
-0.49383 0.792914 1.7101
0.00142781 0.683344 2.17178
0.0818471 0.509136 2.2244
0.15851 0.326387 2.24518
0.181701 0.244658 2.26148
-0.214053 0.158373 2.19413
-0.24441 -0.213765 2.3227
-0.231633 -0.54954 2.41664
-0.232111 -0.636002 2.33
-0.0568186 0.167235 2.19981
-0.0280249 -0.200566 2.34305
-0.0181147 -0.54175 2.43853
0.00236884 -0.619694 2.35025
-0.177148 0.685855 2.14477
-0.493606 0.843452 1.63651
-0.543325 0.818588 1.729
0.204358 0.166788 2.25491
0.161519 0.18534 2.24281
-0.139533 0.164935 2.23642
-0.162343 0.466577 2.18842
-0.184019 0.756136 2.12911
-0.200547 0.881332 2.07684
-0.343686 0.663289 2.12218
-0.456662 0.607396 1.95257
-0.420081 0.723203 1.7869
-0.388525 0.805732 1.71236
-0.000905948 0.68408 2.1726
0.079347 0.510265 2.22637
0.15547 0.327661 2.24919
0.179037 0.245288 2.2681
-0.215696 0.157447 2.19689
-0.246008 -0.210814 2.32209
-0.231528 -0.549688 2.41658
-0.231932 -0.636879 2.32894
-0.058827 0.167019 2.20298
-0.0278441 -0.200631 2.34355
-0.0180573 -0.542224 2.43874
0.00229858 -0.619719 2.3502
-0.1788 0.685458 2.14599
-0.387136 0.853416 1.65083
-0.402457 0.871769 1.7408
0.209198 0.16762 2.26447
0.162681 0.171144 2.2454
-0.140236 0.165669 2.23799
-0.165051 0.467795 2.19008
-0.189513 0.758204 2.13067
-0.203344 0.878842 2.07851
-0.345069 0.656778 2.12269
-0.445682 0.610914 1.94195
-0.36602 0.726431 1.7923
-0.309076 0.808783 1.73161
-0.0156992 0.68771 2.17253
0.0704107 0.517746 2.22861
0.14828 0.336128 2.25288
0.174172 0.259359 2.27283
-0.216359 0.157358 2.19851
-0.246027 -0.208508 2.322
-0.231697 -0.549407 2.4166
-0.231644 -0.636771 2.32914
-0.0596372 0.168757 2.20462
-0.0280808 -0.199962 2.34394
-0.0182965 -0.542431 2.4388
0.00238281 -0.619716 2.35
-0.183559 0.687295 2.14761
-0.284961 0.868132 1.68917
-0.257098 0.775193 1.72384
0.196163 0.179288 2.25937
0.130299 0.248857 2.28
-0.143253 0.170616 2.23962
-0.169012 0.471563 2.18991
-0.193932 0.760988 2.12877
-0.20121 0.874903 2.07616
-0.345754 0.658342 2.12236
-0.439824 0.612855 1.93772
-0.340086 0.725446 1.79856
-0.268081 0.811 1.74957
-0.0206251 0.689694 2.1728
0.066895 0.521542 2.23126
0.145343 0.340569 2.25751
0.172365 0.261381 2.28052
-0.219077 0.162066 2.20092
-0.246422 -0.207424 2.32226
-0.231571 -0.549597 2.41632
-0.231378 -0.637335 2.32839
-0.0628438 0.173775 2.20541
-0.0285695 -0.199005 2.34436
-0.018596 -0.542944 2.43873
0.0023858 -0.619739 2.34998
-0.1879 0.690313 2.14613
-0.22517 0.861552 1.72131
-0.220231 0.769048 1.75745
0.200949 0.179135 2.27139
0.125651 0.253854 2.29157
-0.145168 0.172952 2.24052
-0.169892 0.472978 2.1902
-0.19389 0.761763 2.12876
-0.197151 0.870137 2.07426
-0.344717 0.662308 2.12213
-0.437752 0.614877 1.9374
-0.333724 0.725435 1.79977
-0.267256 0.808549 1.75038
-0.0207669 0.690121 2.17458
0.0650632 0.522415 2.23584
0.143416 0.342363 2.26632
0.170248 0.263488 2.29029
-0.220962 0.164663 2.20224
-0.247052 -0.204312 2.3224
-0.231855 -0.549481 2.41674
-0.231442 -0.635741 2.33136
-0.0646657 0.175721 2.20587
-0.0289197 -0.197065 2.34397
-0.0192889 -0.543205 2.43883
0.00235161 -0.619655 2.34984
-0.1881 0.691196 2.14618
-0.220009 0.857418 1.72709
-0.226781 0.759271 1.75072
0.201647 0.179419 2.27996
0.162276 0.181588 2.2623
-0.145431 0.173562 2.24265
-0.16784 0.47408 2.1927
-0.186724 0.763462 2.13205
-0.198169 0.873826 2.07653
-0.343082 0.663282 2.12318
-0.441568 0.617278 1.94119
-0.348171 0.72941 1.79713
-0.305202 0.80619 1.73914
-0.0156437 0.690351 2.18322
0.0669171 0.519944 2.24223
0.14425 0.339246 2.27175
0.169768 0.26168 2.29366
-0.221009 0.165229 2.20403
-0.247306 -0.203743 2.32283
-0.231846 -0.549823 2.41662
-0.231964 -0.635873 2.33057
-0.0651557 0.176302 2.20833
-0.0291052 -0.197426 2.34497
-0.0196211 -0.543651 2.43918
0.0024109 -0.619928 2.34971
-0.182508 0.692745 2.14925
-0.262998 0.859337 1.69231
-0.255339 0.76608 1.73016
0.200586 0.181576 2.27889
0.161988 0.183922 2.26149
-0.14501 0.1721 2.24398
-0.167302 0.47267 2.19428
-0.186696 0.761787 2.13379
-0.19784 0.875524 2.08034
-0.341894 0.664467 2.12391
-0.454704 0.616371 1.95181
-0.403655 0.730539 1.78881
-0.382401 0.808947 1.72611
-0.0104263 0.689394 2.18717
0.0694012 0.517255 2.24523
0.145265 0.335802 2.27412
0.170747 0.255583 2.29078
-0.220645 0.164092 2.20505
-0.247088 -0.203347 2.32318
-0.231956 -0.54988 2.41674
-0.231684 -0.636598 2.32989
-0.0646777 0.174476 2.21003
-0.029523 -0.198026 2.34624
-0.0199341 -0.543893 2.43938
0.00250873 -0.620071 2.3495
-0.182268 0.691186 2.15093
-0.358926 0.86233 1.67444
-0.332581 0.766677 1.70608
0.200892 0.174207 2.2814
0.155766 0.181206 2.26927
-0.144322 0.170451 2.24634
-0.166333 0.471602 2.19603
-0.186018 0.761159 2.13473
-0.1966 0.878936 2.08098
-0.342019 0.665658 2.12388
-0.48205 0.601783 1.98169
-0.492993 0.71754 1.81274
-0.510359 0.799734 1.73026
-0.00766952 0.689017 2.18765
0.0709463 0.516395 2.24588
0.146208 0.334415 2.27352
0.172188 0.25544 2.28609
-0.219918 0.163238 2.20644
-0.244464 -0.205458 2.3276
-0.232134 -0.549622 2.41705
-0.232094 -0.63587 2.33033
-0.0641252 0.171962 2.21346
-0.0296788 -0.198583 2.34788
-0.0202497 -0.543762 2.43967
0.00252229 -0.620082 2.34941
-0.18146 0.690456 2.15207
-0.520017 0.8601 1.68124
-0.45027 0.772308 1.69239
0.197121 0.174218 2.27377
0.160309 0.176416 2.25711
-0.144094 0.16989 2.24713
-0.165768 0.471158 2.19654
-0.185199 0.76076 2.13498
-0.194525 0.880858 2.08133
-0.342555 0.666104 2.12412
-0.495658 0.58554 2.0087
-0.543529 0.689591 1.83876
-0.593214 0.782254 1.75167
-0.00571626 0.68848 2.18792
0.07217 0.51556 2.24622
0.147104 0.333382 2.27355
0.174721 0.254381 2.28582
-0.219654 0.162834 2.20702
-0.244819 -0.20566 2.32803
-0.231948 -0.550063 2.41751
-0.231902 -0.636098 2.33009
-0.0638739 0.171193 2.21452
-0.0293951 -0.198888 2.34889
-0.0205056 -0.543776 2.44006
0.00232046 -0.619724 2.34984
-0.180681 0.69005 2.15238
-0.62083 0.840591 1.70125
-0.53089 0.763259 1.70561
0.200579 0.174223 2.27338
0.142634 0.227883 2.29533
-0.143815 0.169659 2.24738
-0.165117 0.470944 2.19682
-0.184264 0.760564 2.13518
-0.191997 0.882087 2.08069
-0.343205 0.666713 2.12427
-0.503466 0.579725 2.02678
-0.577689 0.673602 1.86081
-0.648958 0.75864 1.77342
-0.00442274 0.687663 2.18756
0.0735631 0.514823 2.24591
0.14865 0.332608 2.27275
0.17797 0.25336 2.28515
-0.219467 0.162775 2.2071
-0.245093 -0.206668 2.32888
-0.231828 -0.550589 2.41775
-0.231991 -0.636584 2.32897
-0.0633606 0.17075 2.21499
-0.0293692 -0.199007 2.34919
-0.0204988 -0.543962 2.44007
0.00237923 -0.619788 2.34963
-0.179792 0.68985 2.15262
-0.678641 0.814021 1.73225
-0.593785 0.75598 1.72085
0.204912 0.173894 2.27426
0.163663 0.181044 2.26187
-0.143401 0.169443 2.24799
-0.16422 0.470767 2.19728
-0.182868 0.760404 2.13537
-0.189679 0.882758 2.0803
-0.343491 0.666738 2.12459
-0.508621 0.577057 2.0407
-0.602127 0.661025 1.87963
-0.688319 0.742844 1.7937
-0.00319397 0.686707 2.18712
0.0747994 0.514103 2.24594
0.14955 0.331782 2.27291
0.176403 0.254383 2.28741
-0.219338 0.162734 2.20737
-0.245316 -0.206087 2.32889
-0.23189 -0.550206 2.41809
-0.232328 -0.634636 2.33011
-0.0625857 0.170378 2.21593
-0.0294207 -0.199303 2.34947
-0.020278 -0.544059 2.44032
0.00224813 -0.619664 2.34964
-0.178514 0.689689 2.1529
-0.728605 0.798043 1.76177
-0.6339 0.736094 1.7429
0.195815 0.174208 2.27606
0.162026 0.176085 2.26189
-0.142945 0.169097 2.24948
-0.163132 0.470583 2.1979
-0.180941 0.760306 2.13522
-0.186767 0.882943 2.07887
-0.343693 0.66633 2.12511
-0.510595 0.576514 2.04592
-0.613418 0.655046 1.88805
-0.701267 0.730643 1.80616
-0.00168146 0.685817 2.18658
0.0761881 0.513273 2.24564
0.150278 0.330804 2.27316
0.175711 0.248481 2.28786
-0.219041 0.162657 2.20872
-0.245739 -0.205836 2.32942
-0.232153 -0.549485 2.4182
-0.231887 -0.633438 2.33293
-0.0620617 0.169879 2.21748
-0.0298361 -0.199537 2.34979
-0.0204615 -0.544437 2.44026
0.00238798 -0.619886 2.34893
-0.176826 0.689569 2.15298
-0.743616 0.787386 1.77666
-0.652595 0.726673 1.75488
0.198515 0.168594 2.28188
0.159743 0.173691 2.26535
-0.142781 0.169159 2.25042
-0.162535 0.470622 2.19835
-0.179842 0.760311 2.13523
-0.185721 0.883012 2.07853
-0.343891 0.666517 2.12586
-0.509869 0.574828 2.04675
-0.610349 0.654231 1.88771
-0.685912 0.739906 1.79421
-0.000995328 0.685764 2.18661
0.0766128 0.513126 2.24572
0.150278 0.330526 2.27343
0.173896 0.249352 2.29073
-0.218922 0.162901 2.20965
-0.245026 -0.205921 2.33059
-0.232235 -0.549618 2.4184
-0.232175 -0.63337 2.33272
-0.0618815 0.16979 2.21837
-0.0301524 -0.199667 2.35022
-0.0205167 -0.54438 2.44028
0.0023413 -0.619869 2.34887
-0.175862 0.689585 2.15311
-0.729399 0.790996 1.76478
-0.629785 0.726492 1.74918
0.203722 0.16952 2.28679
0.159594 0.17273 2.26573
-0.142849 0.16941 2.25163
-0.162265 0.470827 2.1991
-0.179521 0.760446 2.13559
-0.185306 0.883032 2.07862
-0.343815 0.667167 2.12619
-0.506498 0.581663 2.03212
-0.579481 0.66968 1.86212
-0.625741 0.752616 1.76153
-0.000771432 0.685689 2.18663
0.0768555 0.513156 2.24594
0.150323 0.330525 2.27388
0.173667 0.249461 2.29247
-0.218913 0.163309 2.21106
-0.245087 -0.206359 2.3309
-0.232138 -0.550015 2.41846
-0.231821 -0.635998 2.32845
-0.0620384 0.169958 2.21938
-0.0303081 -0.199748 2.35044
-0.0204704 -0.544357 2.44024
0.00225384 -0.619874 2.34894
-0.175535 0.689737 2.15354
-0.651526 0.805342 1.70488
-0.573397 0.737332 1.71604
0.19416 0.16935 2.28271
0.150757 0.187673 2.27098
-0.143129 0.16951 2.25239
-0.162196 0.47112 2.20005
-0.179241 0.760972 2.13671
-0.185502 0.883603 2.08003
-0.343316 0.667499 2.12703
-0.495282 0.591215 2.00687
-0.50902 0.690823 1.82736
-0.504723 0.779901 1.72887
3.87303e-005 0.685765 2.18764
0.0771482 0.513063 2.2471
0.150472 0.330399 2.27514
0.174359 0.249206 2.29309
-0.219171 0.163387 2.21199
-0.245392 -0.205439 2.33038
-0.231947 -0.550055 2.41827
-0.231931 -0.635039 2.32921
-0.0623651 0.170088 2.21997
-0.0303273 -0.199628 2.35041
-0.020507 -0.544543 2.44009
0.00232465 -0.619969 2.34866
-0.175292 0.6902 2.15461
-0.505073 0.83123 1.66949
-0.482301 0.777529 1.6713
0.203796 0.168373 2.28694
0.148424 0.198184 2.27892
-0.143296 0.169827 2.25329
-0.162362 0.471492 2.20086
-0.179518 0.76137 2.13734
-0.186518 0.884849 2.08146
-0.341687 0.669351 2.12842
-0.476549 0.60396 1.98143
-0.442171 0.711076 1.80908
-0.40962 0.788907 1.72995
-2.09344e-005 0.685814 2.18775
0.0769951 0.51324 2.24758
0.150371 0.33053 2.27531
0.173579 0.249612 2.29183
-0.21924 0.163781 2.2133
-0.245471 -0.205397 2.3308
-0.232002 -0.550498 2.41874
-0.232053 -0.634725 2.33017
-0.0626051 0.17035 2.2205
-0.030293 -0.199679 2.35055
-0.0204369 -0.544649 2.4402
0.00241428 -0.620022 2.34806
-0.175524 0.690592 2.15527
-0.393394 0.840919 1.6572
-0.41118 0.797463 1.662
0.19498 0.169151 2.28138
0.144249 0.204619 2.27756
-0.143319 0.170136 2.25345
-0.161842 0.47199 2.20152
-0.177586 0.762081 2.1388
-0.187927 0.883786 2.08538
-0.340815 0.669477 2.12856
-0.463467 0.609924 1.96782
-0.383662 0.712627 1.80839
-0.327706 0.781509 1.74338
-0.0006687 0.685995 2.18897
0.0762411 0.513536 2.24914
0.14973 0.330675 2.27597
0.172226 0.249763 2.29104
-0.219256 0.163895 2.2137
-0.246095 -0.204035 2.33047
-0.231826 -0.551182 2.4188
-0.232298 -0.635643 2.3292
-0.0626642 0.170911 2.22047
-0.0303729 -0.199208 2.35039
-0.0204654 -0.544676 2.44016
0.00238012 -0.61997 2.3481
-0.174013 0.691266 2.1565
-0.297749 0.835757 1.69204
-0.350303 0.812941 1.68674
0.191193 0.1679 2.27962
0.156668 0.177051 2.26685
-0.143867 0.171925 2.25261
-0.160987 0.473086 2.20144
-0.175149 0.762927 2.13935
-0.186116 0.882567 2.08474
-0.338163 0.670541 2.1284
-0.452534 0.613017 1.96034
-0.343471 0.702961 1.81082
-0.272915 0.774804 1.75793
-0.00871839 0.686234 2.18645
0.0724181 0.516561 2.24832
0.146174 0.334202 2.27704
0.169228 0.256758 2.29515
-0.219889 0.164937 2.21361
-0.24638 -0.197804 2.32847
-0.231796 -0.550559 2.41881
-0.232765 -0.634555 2.33065
-0.0630506 0.173705 2.21837
-0.0304677 -0.195385 2.34871
-0.0207174 -0.544537 2.44062
0.00243558 -0.619962 2.3484
-0.171993 0.692194 2.15687
-0.226424 0.827699 1.72534
-0.292408 0.809822 1.7151
0.196143 0.174591 2.28318
0.155086 0.177518 2.27111
-0.144199 0.172689 2.25162
-0.159837 0.473413 2.20107
-0.172059 0.762589 2.13945
-0.180795 0.879333 2.0838
-0.335846 0.671172 2.12787
-0.447175 0.615835 1.95685
-0.328308 0.705422 1.81513
-0.267964 0.773377 1.76121
-0.0115625 0.685377 2.18475
0.0711158 0.517109 2.24792
0.144848 0.335044 2.27798
0.169255 0.257174 2.29646
-0.220084 0.165604 2.2132
-0.246832 -0.195776 2.32684
-0.231981 -0.550794 2.41893
-0.232855 -0.634632 2.33023
-0.0635695 0.174404 2.2167
-0.0304374 -0.193357 2.34744
-0.0206676 -0.545195 2.44094
0.00257257 -0.620089 2.34824
-0.169375 0.692059 2.15684
-0.221806 0.826288 1.72944
-0.286769 0.808711 1.71887
0.196238 0.174667 2.28418
0.155424 0.178905 2.274
-0.144186 0.173416 2.25016
-0.159749 0.474142 2.2005
-0.172949 0.763483 2.13948
-0.181929 0.880088 2.08451
-0.335393 0.671603 2.12759
-0.450926 0.616445 1.95959
-0.342709 0.712397 1.81357
-0.297938 0.777389 1.7544
-0.0085077 0.685483 2.18811
0.0726281 0.515732 2.24979
0.145647 0.333259 2.2793
0.169628 0.257357 2.29675
-0.220164 0.166369 2.2118
-0.247045 -0.196089 2.3263
-0.231939 -0.55096 2.4189
-0.233175 -0.634817 2.32948
-0.0634629 0.174987 2.2153
-0.0300425 -0.194059 2.34723
-0.0208691 -0.545204 2.44086
0.00264554 -0.620122 2.34816
-0.169887 0.692869 2.1567
-0.250556 0.829903 1.72302
-0.329612 0.806728 1.72
0.196286 0.174711 2.28475
0.160186 0.17596 2.26573
-0.143622 0.17262 2.2494
-0.159909 0.473992 2.20037
-0.174818 0.763867 2.13997
-0.184097 0.880924 2.08679
-0.336354 0.670364 2.12708
-0.465801 0.617002 1.97004
-0.384297 0.71459 1.80806
-0.348589 0.781127 1.74306
-0.00556486 0.685615 2.18962
0.073891 0.514692 2.25053
0.146213 0.33185 2.27962
0.171287 0.25134 2.294
-0.219547 0.165578 2.21078
-0.247059 -0.197271 2.32557
-0.231797 -0.551239 2.41887
-0.233536 -0.634136 2.33069
-0.0629782 0.174131 2.21479
-0.0301227 -0.196204 2.34738
-0.020899 -0.545168 2.44072
0.00263286 -0.6201 2.34824
-0.171163 0.693081 2.157
-0.30604 0.832266 1.69833
-0.382654 0.81234 1.71806
0.202039 0.168023 2.28871
0.158268 0.173035 2.2702
-0.142643 0.171032 2.24867
-0.159791 0.473262 2.1999
-0.175191 0.763456 2.13959
-0.184556 0.882457 2.08621
-0.336987 0.670315 2.1267
-0.481174 0.609986 1.98757
-0.462786 0.717403 1.81309
-0.461781 0.791719 1.74317
-0.00128257 0.685315 2.18811
0.0764523 0.512919 2.2476
0.14839 0.329599 2.27521
0.174524 0.249949 2.28697
-0.218419 0.164327 2.20923
-0.245482 -0.198629 2.32469
-0.231914 -0.550418 2.4186
-0.233074 -0.633964 2.33097
-0.0621084 0.171997 2.21492
-0.0302013 -0.198398 2.3474
-0.0209176 -0.545217 2.44055
0.00268384 -0.620124 2.3483
-0.171444 0.692627 2.15665
-0.459336 0.845693 1.68885
-0.502586 0.813927 1.73493
0.19988 0.168207 2.27391
0.153135 0.187088 2.2695
-0.141667 0.170184 2.24804
-0.159418 0.472601 2.19937
-0.175294 0.762906 2.13908
-0.184162 0.883383 2.08512
-0.337137 0.670071 2.12642
-0.491902 0.596081 2.00879
-0.525038 0.69671 1.83285
-0.55695 0.780239 1.74894
0.000934771 0.68542 2.18762
0.0782598 0.512356 2.24607
0.150384 0.328829 2.27235
0.177554 0.248664 2.28236
-0.217385 0.163699 2.20816
-0.245326 -0.201981 2.32567
-0.232109 -0.550233 2.41852
-0.2329 -0.635026 2.33046
-0.0612124 0.170994 2.21469
-0.0298595 -0.199448 2.34728
-0.0208577 -0.545514 2.44065
0.00274638 -0.620134 2.3483
-0.171466 0.69207 2.15617
-0.581056 0.838247 1.70735
-0.603545 0.776917 1.75433
0.198925 0.167865 2.27006
0.143764 0.21631 2.27912
-0.140981 0.169671 2.24752
-0.158794 0.471958 2.19857
-0.174885 0.762199 2.13804
-0.183343 0.883885 2.08405
-0.337638 0.670099 2.12626
-0.498149 0.588072 2.02449
-0.566034 0.673345 1.85071
-0.626756 0.749466 1.75862
0.0027766 0.685029 2.18688
0.079901 0.511536 2.24456
0.152175 0.327948 2.27025
0.17879 0.248916 2.28026
-0.216678 0.163286 2.20739
-0.245179 -0.204293 2.32655
-0.232129 -0.549978 2.41814
-0.231852 -0.635974 2.33056
-0.0605994 0.170429 2.21441
-0.02913 -0.200682 2.34682
-0.0206702 -0.545534 2.44052
0.00276782 -0.620125 2.3482
-0.171027 0.691379 2.15521
-0.657759 0.804481 1.7134
-0.670474 0.739865 1.76492
0.208719 0.168076 2.27132
0.165621 0.171612 2.2518
-0.140004 0.169284 2.24729
-0.157894 0.471495 2.1982
-0.174132 0.761703 2.13756
-0.181903 0.884219 2.08306
-0.338329 0.669547 2.12671
-0.502748 0.582688 2.03774
-0.597671 0.649354 1.86888
-0.680714 0.71769 1.77908
0.00401621 0.684633 2.18598
0.0808166 0.511078 2.24385
0.153048 0.327481 2.26956
0.179308 0.248382 2.28189
-0.215852 0.163034 2.20712
-0.24509 -0.204437 2.32673
-0.232545 -0.549762 2.41833
-0.23164 -0.635158 2.33207
-0.0595337 0.169939 2.21427
-0.0291459 -0.201255 2.34699
-0.0204339 -0.545423 2.44039
0.00279336 -0.620275 2.34846
-0.170263 0.69089 2.15477
-0.725848 0.77116 1.74504
-0.730461 0.714508 1.80192
0.207152 0.168271 2.27701
0.167036 0.171516 2.25356
-0.139211 0.168712 2.24668
-0.156839 0.470943 2.19755
-0.172857 0.761208 2.13689
-0.180214 0.884532 2.08211
-0.338728 0.668806 2.1274
-0.504689 0.577414 2.04772
-0.615353 0.63355 1.88511
-0.708703 0.69737 1.7987
0.00514147 0.684137 2.18522
0.0817535 0.510532 2.24315
0.153558 0.326744 2.26875
0.177546 0.248448 2.28163
-0.21533 0.162582 2.2066
-0.243198 -0.20327 2.32723
-0.232552 -0.549278 2.4184
-0.231065 -0.635277 2.33279
-0.0584826 0.169287 2.21356
-0.0291238 -0.202228 2.34765
-0.0200375 -0.545883 2.44073
0.00290264 -0.620419 2.34844
-0.169065 0.690376 2.15411
-0.756381 0.754362 1.76716
-0.745703 0.679922 1.80798
0.19748 0.167716 2.27005
0.141953 0.220216 2.27843
-0.138921 0.168531 2.24651
-0.15662 0.470789 2.19754
-0.172669 0.761057 2.1371
-0.179292 0.884599 2.08174
-0.339059 0.668381 2.12797
-0.505617 0.576976 2.04991
-0.615492 0.633983 1.88705
-0.697821 0.708463 1.79413
0.00557439 0.683908 2.18485
0.081972 0.510226 2.24283
0.153663 0.326376 2.26834
0.177907 0.24766 2.28109
-0.215107 0.162465 2.20643
-0.243662 -0.204215 2.32768
-0.232501 -0.549669 2.41856
-0.231719 -0.635081 2.33248
-0.0581393 0.169049 2.21342
-0.0292927 -0.202471 2.34788
-0.0200434 -0.54575 2.44047
0.00278736 -0.620448 2.34904
-0.168877 0.690223 2.15426
-0.745975 0.765461 1.75893
-0.75359 0.716543 1.8087
0.20903 0.167538 2.2757
0.13745 0.230187 2.28322
-0.138538 0.168493 2.2462
-0.156518 0.470744 2.19746
-0.172785 0.761001 2.13707
-0.179155 0.884672 2.0816
-0.339797 0.668541 2.12903
-0.506088 0.582878 2.0431
-0.589952 0.655027 1.87042
-0.644559 0.738569 1.76801
0.00581589 0.683648 2.18473
0.082182 0.509868 2.24252
0.153966 0.325896 2.26725
0.179145 0.247544 2.27822
-0.21482 0.1625 2.20623
-0.24371 -0.204598 2.32767
-0.232517 -0.549631 2.41877
-0.231899 -0.635119 2.33347
-0.0576762 0.16893 2.21298
-0.0292396 -0.202716 2.34792
-0.0200159 -0.545822 2.44052
0.00274531 -0.620381 2.34903
-0.168936 0.690174 2.15422
-0.681306 0.796489 1.72145
-0.687354 0.741281 1.76685
0.199927 0.168051 2.26662
0.160009 0.1813 2.25579
-0.138548 0.168471 2.2461
-0.156549 0.470658 2.19756
-0.172916 0.760604 2.13775
-0.179496 0.884594 2.08194
-0.340247 0.668683 2.13056
-0.503055 0.589143 2.03102
-0.540562 0.676383 1.84845
-0.560566 0.764676 1.74592
0.00602989 0.683665 2.185
0.0823875 0.509664 2.2423
0.154494 0.325729 2.26657
0.180313 0.248074 2.27798
-0.214819 0.162489 2.20627
-0.243309 -0.20506 2.32833
-0.232472 -0.549609 2.41891
-0.231354 -0.635263 2.33401
-0.0577448 0.168886 2.21263
-0.0292548 -0.202755 2.34795
-0.0199487 -0.545733 2.44091
0.00271396 -0.620475 2.35
-0.169036 0.689869 2.15471
-0.584607 0.815601 1.69394
-0.609322 0.794682 1.76171
0.206286 0.167567 2.26751
0.164157 0.176166 2.25346
-0.138658 0.168391 2.246
-0.156705 0.470541 2.19794
-0.173206 0.760425 2.13926
-0.182254 0.884422 2.0841
-0.340175 0.668828 2.13232
-0.490229 0.59955 2.00509
-0.479825 0.701798 1.82668
-0.469392 0.784366 1.73674
0.00597537 0.683734 2.18499
0.082526 0.509564 2.24172
0.155112 0.325717 2.26546
0.182777 0.246555 2.27511
-0.21497 0.162353 2.20646
-0.243912 -0.205632 2.32887
-0.232658 -0.54978 2.41891
-0.231911 -0.634264 2.33393
-0.0579047 0.168851 2.21219
-0.0291737 -0.202384 2.34784
-0.0196499 -0.545301 2.44095
0.00269064 -0.620306 2.34974
-0.169299 0.689689 2.15589
-0.46635 0.841625 1.68527
-0.506236 0.806319 1.73509
0.212976 0.167418 2.26805
0.168064 0.174969 2.25354
-0.138883 0.168216 2.24572
-0.15711 0.47021 2.19838
-0.174254 0.759791 2.14125
-0.185028 0.884391 2.08608
-0.340484 0.668448 2.13344
-0.477371 0.606717 1.98691
-0.423173 0.710277 1.81736
-0.382802 0.786406 1.74399
0.00559226 0.683662 2.18489
0.0825585 0.509317 2.2408
0.155914 0.325534 2.26326
0.181412 0.246245 2.2703
-0.215191 0.162111 2.20633
-0.244367 -0.205411 2.32893
-0.232445 -0.550121 2.41911
-0.231491 -0.634976 2.3331
-0.0581201 0.168769 2.21172
-0.0294434 -0.202199 2.34779
-0.0195887 -0.544923 2.44097
0.00263776 -0.620157 2.34973
-0.170175 0.689116 2.15745
-0.361837 0.838838 1.69656
-0.397634 0.85385 1.75775
0.20032 0.16655 2.2568
0.152278 0.205841 2.26423
-0.139831 0.169493 2.24453
-0.159325 0.471321 2.1979
-0.178394 0.761147 2.14116
-0.187894 0.882804 2.08801
-0.340788 0.667594 2.13403
-0.471278 0.611893 1.97881
-0.368227 0.692125 1.81915
-0.312046 0.765492 1.76207
0.00142519 0.683884 2.18585
0.081207 0.509738 2.23921
0.155178 0.325896 2.26004
0.179302 0.245223 2.26308
-0.215797 0.162646 2.20635
-0.246038 -0.204614 2.32791
-0.232411 -0.550038 2.41911
-0.23166 -0.635651 2.33202
-0.0595724 0.171252 2.20829
-0.0297941 -0.199438 2.346
-0.0199137 -0.544232 2.44108
0.0026278 -0.620172 2.34964
-0.173784 0.690406 2.15729
-0.264113 0.820526 1.72328
-0.338244 0.799974 1.70865
0.201662 0.166036 2.24738
0.16613 0.170842 2.23383
-0.141223 0.171096 2.24331
-0.159751 0.471915 2.19741
-0.176164 0.761015 2.14035
-0.187276 0.881286 2.08582
-0.339097 0.669358 2.13287
-0.460992 0.619246 1.96829
-0.341601 0.708894 1.82705
-0.279364 0.770366 1.7785
-0.00964491 0.683521 2.17857
0.0762513 0.513264 2.23405
0.151589 0.329683 2.25337
0.17484 0.251028 2.2588
-0.216975 0.163753 2.2066
-0.247735 -0.202807 2.3255
-0.232468 -0.550672 2.4189
-0.231355 -0.636626 2.33053
-0.0610516 0.173278 2.20561
-0.0294454 -0.19748 2.3445
-0.0199608 -0.543781 2.44095
0.00252736 -0.620519 2.35038
-0.172574 0.690536 2.15662
-0.235687 0.826991 1.75158
-0.301848 0.805933 1.73595
0.204399 0.172173 2.24663
0.160069 0.174943 2.22758
-0.142321 0.171521 2.24257
-0.159963 0.471892 2.19665
-0.174674 0.76034 2.1387
-0.185305 0.878994 2.08304
-0.337644 0.66984 2.13145
-0.459408 0.620088 1.96665
-0.338655 0.71163 1.82799
-0.278172 0.780363 1.78491
-0.0134441 0.683771 2.1746
0.0748572 0.514953 2.23052
0.149751 0.331176 2.24989
0.172685 0.252573 2.25912
-0.217911 0.164052 2.20645
-0.248039 -0.201719 2.32427
-0.232554 -0.550826 2.41862
-0.231662 -0.637212 2.32905
-0.0621514 0.173701 2.2046
-0.0296615 -0.194173 2.3422
-0.0202218 -0.54385 2.44079
0.00282203 -0.620691 2.34965
-0.171534 0.690042 2.15522
-0.236851 0.832965 1.76368
-0.300135 0.817279 1.74463
0.198049 0.172015 2.24451
0.132615 0.233181 2.2678
-0.143114 0.172152 2.2407
-0.163364 0.472783 2.19386
-0.182994 0.761691 2.13505
-0.187416 0.879768 2.08086
-0.340122 0.669637 2.1297
-0.465927 0.619055 1.96855
-0.350844 0.714789 1.82794
-0.311806 0.778002 1.77768
-0.0157074 0.684178 2.1724
0.0731723 0.515951 2.22897
0.148574 0.332498 2.24906
0.172514 0.253654 2.26261
-0.218828 0.164334 2.20531
-0.24851 -0.199802 2.32102
-0.23247 -0.551012 2.41805
-0.231002 -0.635266 2.33057
-0.0626803 0.174552 2.20242
-0.029931 -0.192313 2.33973
-0.0203864 -0.544066 2.44057
0.00332731 -0.620871 2.34858
-0.178254 0.691199 2.15182
-0.268146 0.833974 1.74294
-0.340505 0.81217 1.73946
0.193673 0.172283 2.24497
0.160027 0.173888 2.23455
-0.142908 0.171128 2.24012
-0.163369 0.472176 2.19344
-0.183071 0.761372 2.1348
-0.189108 0.879429 2.08131
-0.343444 0.668341 2.12828
-0.479174 0.614439 1.97749
-0.397977 0.722964 1.82305
-0.371475 0.792842 1.77127
-0.0105913 0.683515 2.17496
0.0754142 0.513172 2.23017
0.150245 0.329437 2.24988
0.175541 0.251909 2.26284
-0.218698 0.16317 2.20404
-0.248247 -0.199876 2.32063
-0.232422 -0.550925 2.41783
-0.231375 -0.635389 2.33061
-0.0624252 0.173476 2.20244
-0.0302642 -0.194344 2.3402
-0.020474 -0.54423 2.44049
0.00330999 -0.620814 2.34857
-0.178326 0.690806 2.15153
-0.345107 0.853925 1.72613
-0.409521 0.826927 1.74823
0.20344 0.172006 2.25302
0.161258 0.176291 2.23573
-0.143103 0.169316 2.2395
-0.163264 0.470933 2.19239
-0.182516 0.760478 2.13329
-0.190098 0.880535 2.07895
-0.34366 0.668123 2.12712
-0.488297 0.607349 1.98878
-0.455044 0.728503 1.82656
-0.452804 0.805918 1.77058
-0.00591501 0.683162 2.17433
0.0770276 0.511343 2.22968
0.151339 0.327489 2.24987
0.176325 0.24531 2.26079
-0.219044 0.161777 2.2026
-0.246946 -0.206566 2.323
-0.23255 -0.551823 2.41787
-0.23136 -0.636561 2.33021
-0.0625594 0.171027 2.2028
-0.0307337 -0.195838 2.34052
-0.0205946 -0.54421 2.4404
0.00322315 -0.620636 2.34881
-0.177911 0.689833 2.15016
-0.444359 0.869547 1.7233
-0.500198 0.834024 1.767
0.204118 0.166579 2.25203
0.160809 0.17338 2.23573
-0.143171 0.168537 2.23903
-0.163195 0.469931 2.1913
-0.182045 0.759326 2.13152
-0.190371 0.880895 2.07692
-0.344398 0.668116 2.12539
-0.500904 0.593379 2.01107
-0.512394 0.712897 1.84499
-0.529844 0.792047 1.77166
-0.00381091 0.683419 2.17387
0.077534 0.510656 2.22886
0.151739 0.326721 2.24882
0.176418 0.245344 2.25767
-0.219192 0.161208 2.20148
-0.246072 -0.20847 2.32334
-0.233026 -0.551223 2.41733
-0.231179 -0.636161 2.33008
-0.0625445 0.170065 2.20291
-0.0308658 -0.196443 2.34068
-0.0204779 -0.544199 2.43998
0.00311865 -0.620483 2.34864
-0.177563 0.688705 2.14856
-0.540158 0.855417 1.7259
-0.579453 0.796251 1.76342
0.203803 0.166323 2.2485
0.15307 0.184082 2.2422
-0.14303 0.168127 2.23846
-0.162834 0.469123 2.19
-0.181325 0.758073 2.12943
-0.190353 0.881135 2.07505
-0.345633 0.66746 2.1237
-0.509234 0.582944 2.03057
-0.550289 0.688489 1.85965
-0.594534 0.773454 1.78136
-0.00260945 0.683404 2.17326
0.0779954 0.51027 2.22821
0.152161 0.326327 2.24821
0.177347 0.245624 2.25573
-0.219081 0.160992 2.2004
-0.246142 -0.207423 2.32249
-0.233164 -0.551077 2.41731
-0.230976 -0.634848 2.33177
-0.062332 0.169548 2.2028
-0.031012 -0.196504 2.34078
-0.020556 -0.544084 2.43976
0.003081 -0.620451 2.34863
-0.176941 0.687562 2.14667
-0.615241 0.83542 1.73879
-0.640162 0.759908 1.77816
0.203788 0.166315 2.2485
0.162455 0.171303 2.23153
