-0.11667 0.132363 2.22233
-0.101905 0.43038 2.14077
-0.0867352 0.716976 2.04793
-0.0682224 0.873147 2.00397
-0.269459 0.638813 2.09739
-0.488249 0.525243 2.14039
-0.579787 0.686616 2.02044
-0.588494 0.729194 2.01077
0.08657 0.629769 2.11377
0.112869 0.357459 2.1983
0.125649 0.142137 2.23017
0.114568 0.0837501 2.23623
-0.195891 0.131062 2.18568
-0.258213 -0.213025 2.29307
-0.240878 -0.584385 2.41027
-0.249994 -0.65806 2.33423
-0.0335864 0.129359 2.18707
-0.025207 -0.221158 2.30548
-0.0508884 -0.587162 2.43865
-0.0614549 -0.660095 2.35001
-0.0905991 0.647033 2.07316
-0.604106 0.813214 2.0236
-0.619003 0.686887 2.00956
0.11149 0.00877948 2.24653
0.084446 0.0970664 2.181
-0.116682 0.133033 2.22338
-0.10164 0.430917 2.14187
-0.0862586 0.717355 2.04897
-0.0667245 0.873363 2.00519
-0.269264 0.639199 2.09791
-0.491123 0.535226 2.13581
-0.576686 0.697803 2.01285
-0.582421 0.743141 2.00141
0.0877042 0.630121 2.11606
0.111961 0.357923 2.1971
0.123401 0.142826 2.23044
0.115135 0.0635346 2.24199
-0.195831 0.131733 2.18643
-0.258426 -0.213187 2.29421
-0.241133 -0.584337 2.41024
-0.249757 -0.657863 2.3339
-0.0337126 0.129995 2.18839
-0.0251213 -0.220652 2.30533
-0.0509432 -0.588434 2.44032
-0.0614559 -0.660151 2.34998
-0.0901675 0.64745 2.07423
-0.592528 0.834365 2.01496
-0.616321 0.699066 1.996
0.11094 -0.0134573 2.27025
0.0844709 0.0565379 2.1976
-0.116543 0.13348 2.22456
-0.101089 0.431387 2.1431
-0.0852338 0.717854 2.05022
-0.0641064 0.87369 2.00637
-0.268663 0.639337 2.09787
-0.491888 0.538743 2.13456
-0.574126 0.701856 2.00988
-0.578823 0.748422 1.99863
0.0889289 0.62965 2.11776
0.11311 0.358579 2.1999
0.121448 0.142558 2.22946
0.113638 0.0857121 2.23477
-0.195788 0.132343 2.18742
-0.258715 -0.212178 2.2951
-0.241391 -0.583981 2.41047
-0.249558 -0.657665 2.33385
-0.0334784 0.130264 2.18974
-0.0248818 -0.220568 2.30497
-0.0514559 -0.588391 2.43947
-0.0614695 -0.660132 2.34998
-0.0892678 0.64794 2.07548
-0.588352 0.837896 2.01293
-0.619035 0.770396 2.00493
0.114072 0.00839468 2.24557
0.0842692 0.075688 2.19369
-0.116442 0.133975 2.22528
-0.100579 0.4319 2.1437
-0.0842073 0.718438 2.05075
-0.0618339 0.874127 2.00725
-0.267572 0.640012 2.09748
-0.491836 0.540326 2.1325
-0.572111 0.704457 2.00787
-0.577537 0.751451 1.99714
0.0896134 0.62947 2.11852
0.114046 0.357919 2.20107
0.12082 0.141715 2.22997
0.112047 0.0831705 2.23585
-0.195766 0.133021 2.18795
-0.2588 -0.211676 2.296
-0.241582 -0.583902 2.41055
-0.24947 -0.657667 2.33371
-0.0333153 0.130595 2.19065
-0.0250127 -0.220705 2.30529
-0.0514901 -0.588659 2.43904
-0.0614775 -0.659976 2.3495
-0.0883898 0.648508 2.07603
-0.587197 0.838406 2.0099
-0.613015 0.696401 1.99629
0.109454 0.00734705 2.25002
0.0825808 0.0827739 2.18811
-0.116385 0.134741 2.22625
-0.100064 0.432693 2.1446
-0.0832523 0.719263 2.05153
-0.0604081 0.874897 2.00851
-0.263919 0.642443 2.10079
-0.488604 0.593464 2.11169
-0.571449 0.74595 1.97369
-0.559631 0.799344 1.96317
0.0900036 0.629423 2.11855
0.113695 0.357422 2.19995
0.120381 0.14137 2.22978
0.114924 0.0894598 2.23303
-0.195797 0.134161 2.18917
-0.258309 -0.211224 2.29683
-0.241606 -0.583785 2.4106
-0.249424 -0.657511 2.33328
-0.0331982 0.131039 2.19139
-0.0249467 -0.220698 2.30524
-0.0512811 -0.589358 2.43984
-0.0613724 -0.660137 2.34944
-0.0875436 0.649322 2.07685
-0.559264 0.882835 1.97067
-0.597003 0.742381 1.97463
0.113348 0.0146189 2.24186
0.0848743 0.0864078 2.18736
-0.11716 0.135476 2.22648
-0.100422 0.433341 2.14544
-0.083305 0.719926 2.05327
-0.0603909 0.875547 2.01069
-0.266067 0.646572 2.10183
-0.48849 0.616951 2.09601
-0.497566 0.768873 1.93239
-0.47381 0.815216 1.90719
0.090116 0.629316 2.11859
0.113645 0.357566 2.19864
0.120701 0.141161 2.22628
0.114974 0.0608384 2.23298
-0.196637 0.135024 2.18979
-0.257212 -0.211434 2.29977
-0.241558 -0.583429 2.41079
-0.249397 -0.657254 2.33359
-0.0339603 0.131715 2.19115
-0.0247691 -0.220633 2.30467
-0.0507512 -0.589193 2.44042
-0.0614135 -0.660142 2.34954
-0.0876692 0.64998 2.07832
-0.444321 0.887237 1.90065
-0.497919 0.868811 1.94525
0.119379 -0.0198126 2.2592
0.0785626 0.0502668 2.17833
-0.119484 0.136662 2.22672
-0.101746 0.434271 2.14676
-0.084018 0.720721 2.05584
-0.0613057 0.876073 2.01391
-0.268339 0.649711 2.10426
-0.483031 0.61135 2.08831
-0.409684 0.693258 1.89058
-0.379776 0.713716 1.88486
0.0897357 0.628677 2.11842
0.112111 0.356513 2.19633
0.12122 0.139927 2.22241
0.112159 0.0834612 2.2221
-0.199435 0.136737 2.19138
-0.255511 -0.212357 2.30465
-0.241525 -0.582928 2.41095
-0.249242 -0.657059 2.33379
-0.0360045 0.132478 2.19025
-0.0240661 -0.22186 2.30181
-0.050504 -0.58931 2.44127
-0.061368 -0.660241 2.34952
-0.0885228 0.650803 2.08054
-0.316322 0.760593 1.85595
-0.380399 0.771449 1.89133
0.112884 0.00260912 2.23398
0.0784764 0.0651667 2.176
-0.122885 0.137415 2.22792
-0.103169 0.434843 2.14844
-0.0839638 0.721141 2.0578
-0.0618047 0.87655 2.0161
-0.268843 0.650072 2.10618
-0.478961 0.59423 2.06645
-0.371792 0.664521 1.87998
-0.366327 0.690033 1.88675
0.0892653 0.627706 2.11772
0.111731 0.355819 2.19508
0.120989 0.139008 2.21983
0.112275 0.0884502 2.22108
-0.203058 0.138326 2.1935
-0.257776 -0.209163 2.30935
-0.241917 -0.583517 2.41111
-0.249016 -0.656928 2.33438
-0.0390029 0.132326 2.19051
-0.0249585 -0.2223 2.29999
-0.0512181 -0.590991 2.44201
-0.0614373 -0.660265 2.34955
-0.0888077 0.651251 2.08244
-0.304097 0.746895 1.86422
-0.322109 0.635111 1.8631
0.111567 0.00930123 2.22948
0.0784312 0.10381 2.17506
-0.123153 0.137246 2.22764
-0.103307 0.43489 2.14855
-0.0840419 0.721374 2.0583
-0.0619224 0.876786 2.01669
-0.265678 0.64942 2.10805
-0.477802 0.600481 2.07311
-0.430826 0.71837 1.88698
-0.42124 0.758045 1.88183
0.0887536 0.626981 2.11657
0.111622 0.355553 2.19437
0.121641 0.138748 2.21893
0.114184 0.0831978 2.22322
-0.20326 0.138263 2.19347
-0.257758 -0.209513 2.31041
-0.242352 -0.583696 2.41127
-0.248786 -0.656802 2.33412
-0.0393171 0.1319 2.18975
-0.024736 -0.22241 2.29996
-0.0513314 -0.590159 2.44067
-0.0614305 -0.660278 2.34948
-0.0889037 0.651426 2.08283
-0.372215 0.819601 1.86154
-0.374349 0.704308 1.84635
0.114796 0.00357886 2.23541
0.0794588 0.0832972 2.17617
-0.123162 0.137513 2.22756
-0.103464 0.435189 2.1486
-0.0842418 0.721674 2.05842
-0.0619509 0.876854 2.01679
-0.267432 0.651162 2.10613
-0.487604 0.627739 2.07252
-0.488821 0.783517 1.9126
-0.482597 0.837316 1.9036
0.0886393 0.626958 2.11624
0.111316 0.355227 2.19277
0.120869 0.13868 2.21895
0.112503 0.0617751 2.22934
-0.203229 0.13846 2.19334
-0.256445 -0.210918 2.31189
-0.24248 -0.583794 2.41143
-0.248599 -0.656612 2.33387
-0.0393008 0.132226 2.1897
-0.0254685 -0.222373 2.3004
-0.0512438 -0.590242 2.44075
-0.0614599 -0.660286 2.34957
-0.0890873 0.651729 2.08294
-0.457597 0.910496 1.89935
-0.430725 0.794924 1.87
0.116185 -0.0200116 2.2522
0.0790327 0.04459 2.19133
-0.123006 0.13823 2.22777
-0.103617 0.435857 2.14843
-0.0845573 0.722397 2.05772
-0.0614624 0.877405 2.01623
-0.269235 0.653406 2.10295
-0.49678 0.641666 2.08216
-0.549179 0.811942 1.95122
-0.558071 0.87465 1.94559
0.0883082 0.625692 2.11508
0.109448 0.355076 2.19056
0.120044 0.138969 2.21852
0.11047 0.0829743 2.22193
-0.203085 0.138927 2.19336
-0.255392 -0.212794 2.31157
-0.242493 -0.583349 2.41139
-0.248583 -0.656526 2.33366
-0.0391058 0.133223 2.1901
-0.0252651 -0.222088 2.30017
-0.0511592 -0.589373 2.44002
-0.0615011 -0.660284 2.34966
-0.0893575 0.652428 2.08243
-0.554256 0.95494 1.95496
-0.500963 0.867711 1.91353
0.113281 0.000976746 2.2348
0.078264 0.0916952 2.17031
-0.12365 0.139411 2.22833
-0.10352 0.436897 2.14791
-0.0832669 0.72377 2.05536
-0.0585972 0.877803 2.01396
-0.2697 0.654983 2.09987
-0.514804 0.650252 2.09426
-0.636871 0.807119 2.00373
-0.656293 0.855434 2.00765
0.088757 0.625654 2.11423
0.108854 0.355211 2.1908
0.119015 0.138976 2.21832
0.107529 0.0612126 2.22844
-0.20367 0.140012 2.1934
-0.254809 -0.213777 2.31194
-0.242661 -0.583527 2.41146
-0.248531 -0.656498 2.33362
-0.0397544 0.134509 2.1913
-0.0250336 -0.221657 2.30021
-0.0512565 -0.588676 2.43889
-0.0615118 -0.660314 2.34981
-0.0884525 0.653728 2.08066
-0.676347 0.931836 2.03357
-0.611474 0.882505 1.97638
0.103994 -0.026218 2.25537
0.0785235 0.0621411 2.17731
-0.124096 0.139603 2.22865
-0.103461 0.437052 2.1478
-0.0823346 0.723941 2.0545
-0.0560174 0.877855 2.01224
-0.269432 0.654655 2.09939
-0.521126 0.643312 2.10767
-0.668419 0.782253 2.02727
-0.69402 0.818566 2.02773
0.0891859 0.625063 2.11355
0.108562 0.354681 2.19057
0.11898 0.138581 2.21873
0.108714 0.0608553 2.23
-0.204071 0.140218 2.19354
-0.254378 -0.21495 2.31218
-0.242749 -0.583589 2.41143
-0.248677 -0.65664 2.33471
-0.0402137 0.134632 2.19181
-0.0251227 -0.221017 2.30002
-0.0513393 -0.588419 2.43877
-0.0614333 -0.660349 2.34992
-0.0877826 0.653918 2.08002
-0.732739 0.890681 2.06044
-0.659371 0.847619 1.99464
0.106792 -0.0255991 2.25629
0.0787525 0.0600056 2.18172
-0.124233 0.139584 2.22858
-0.103437 0.437086 2.1476
-0.0821612 0.723912 2.0542
-0.0555785 0.877647 2.01187
-0.269337 0.654207 2.09924
-0.523187 0.639502 2.11135
-0.675273 0.773558 2.03161
-0.703412 0.814873 2.02585
0.0892058 0.623524 2.1106
0.108827 0.354018 2.18976
0.118996 0.137961 2.2182
0.110199 0.0575777 2.2279
-0.204201 0.140294 2.19349
-0.254002 -0.216187 2.31203
-0.242999 -0.583658 2.41127
-0.248505 -0.656473 2.33462
-0.0403756 0.134503 2.19168
-0.0256581 -0.220935 2.29987
-0.0512164 -0.588271 2.43857
-0.0614906 -0.660322 2.34971
-0.0876273 0.653908 2.07971
-0.75209 0.876994 2.05687
-0.663057 0.851395 1.9964
0.106786 -0.0268616 2.25653
0.0786387 0.0578655 2.18276
-0.125837 0.139594 2.22752
-0.104223 0.437479 2.14724
-0.0826343 0.724477 2.05448
-0.0583634 0.878596 2.0134
-0.270693 0.654622 2.10143
-0.522004 0.647182 2.10241
-0.628026 0.802919 1.98922
-0.632332 0.864088 1.97619
0.0885492 0.623963 2.10951
0.109725 0.351904 2.18627
0.120309 0.135866 2.21467
0.112963 0.0575059 2.22059
-0.205744 0.140497 2.19289
-0.254299 -0.21687 2.31171
-0.243178 -0.58388 2.41141
-0.24825 -0.656157 2.33533
-0.042069 0.134231 2.18986
-0.0268384 -0.220745 2.29901
-0.0513129 -0.59015 2.4407
-0.0614987 -0.660325 2.34961
-0.0881106 0.6544 2.0798
-0.659918 0.946073 1.99468
-0.580502 0.884302 1.94657
0.112488 -0.0268026 2.24698
0.0799102 0.0407272 2.18803
-0.127145 0.140144 2.2269
-0.105873 0.438248 2.14688
-0.0846715 0.72529 2.05475
-0.0631399 0.879454 2.01522
-0.273842 0.657399 2.10283
-0.511345 0.656248 2.09066
-0.554835 0.813941 1.94023
-0.539916 0.871106 1.92046
0.0859873 0.623668 2.107
0.108934 0.351671 2.18216
0.119626 0.135063 2.2076
0.11301 0.0547887 2.21011
-0.206924 0.141037 2.19287
-0.254173 -0.216035 2.31105
-0.24323 -0.583929 2.41139
-0.24831 -0.656252 2.33556
-0.0434516 0.134762 2.18851
-0.0281207 -0.220409 2.298
-0.0513189 -0.590553 2.44111
-0.0615086 -0.660288 2.34953
-0.0900104 0.655204 2.07987
-0.524235 0.946116 1.91279
-0.486928 0.84922 1.88505
0.114612 -0.0263707 2.23647
0.0799107 0.0424465 2.17738
-0.129316 0.140856 2.2264
-0.107689 0.438917 2.147
-0.086279 0.725823 2.05567
-0.0677184 0.879978 2.01752
-0.276171 0.659164 2.10506
-0.504831 0.654042 2.0835
-0.477073 0.789929 1.90716
-0.452125 0.823556 1.8847
0.0843763 0.624165 2.10601
0.108588 0.351734 2.17884
0.119157 0.134608 2.20133
0.108876 0.0563157 2.19999
-0.208974 0.141865 2.19302
-0.253309 -0.217268 2.31192
-0.243281 -0.584101 2.41155
-0.248334 -0.656239 2.33564
-0.0457211 0.135348 2.18735
-0.02841 -0.219862 2.29731
-0.0511496 -0.590839 2.44142
-0.0615652 -0.660252 2.34955
-0.0916456 0.655775 2.08056
-0.409102 0.882601 1.86697
-0.41586 0.766608 1.85618
0.107363 -0.0261858 2.22763
0.0718059 0.0479596 2.1547
-0.129672 0.1409 2.22636
-0.108223 0.438985 2.14711
-0.0870182 0.72582 2.0561
-0.0696006 0.880013 2.0184
-0.276728 0.658583 2.10672
-0.490846 0.621326 2.07216
-0.434546 0.730319 1.88295
-0.40826 0.745156 1.87713
0.0840527 0.62496 2.10636
0.108817 0.35208 2.17823
0.11868 0.134507 2.19806
0.106385 0.056536 2.20045
-0.209376 0.141927 2.19322
-0.253614 -0.217176 2.31277
-0.243293 -0.584283 2.41168
-0.248309 -0.656182 2.33528
-0.0460479 0.135371 2.18709
-0.0284206 -0.219465 2.29554
-0.0513892 -0.588383 2.43771
-0.0615689 -0.660203 2.3494
-0.092329 0.655799 2.0809
-0.344109 0.786633 1.84586
-0.37579 0.686234 1.85715
0.106274 -0.025642 2.22771
0.0729757 0.0412473 2.16268
-0.129303 0.140356 2.22584
-0.108402 0.438715 2.14685
-0.0876528 0.725607 2.05599
-0.0706251 0.88008 2.01869
-0.276539 0.656233 2.10782
-0.488812 0.60983 2.06993
-0.420606 0.70015 1.87426
-0.398336 0.717044 1.87235
0.0837275 0.625838 2.10672
0.109204 0.35278 2.17838
0.118705 0.135156 2.19801
0.108547 0.0574914 2.20558
-0.209103 0.141347 2.19319
-0.255582 -0.213002 2.31292
-0.243119 -0.583953 2.41145
-0.248206 -0.656189 2.33494
-0.0454886 0.13479 2.18602
-0.0275537 -0.21953 2.29488
-0.0511237 -0.588272 2.43807
-0.0615803 -0.660221 2.34935
-0.0928354 0.65558 2.08076
-0.331466 0.75832 1.84449
-0.360185 0.659124 1.85674
0.110636 -0.0210256 2.22333
0.0724502 0.04925 2.15795
-0.127801 0.139882 2.22542
-0.108287 0.438552 2.14664
-0.0883374 0.725551 2.05581
-0.0707823 0.880088 2.01854
-0.276645 0.655316 2.10659
-0.48989 0.616901 2.06487
-0.447894 0.736407 1.87871
-0.435511 0.770544 1.87175
0.0837503 0.626745 2.10743
0.109385 0.352772 2.17966
0.119323 0.135214 2.19957
0.112631 0.0604183 2.21598
-0.207474 0.140442 2.19279
-0.255515 -0.212262 2.31297
-0.243101 -0.58394 2.41163
-0.248267 -0.656474 2.33557
-0.0440156 0.134717 2.18564
-0.026673 -0.220035 2.29583
-0.0510381 -0.589271 2.43921
-0.0616341 -0.660344 2.34972
-0.0932415 0.655499 2.08057
-0.382644 0.825169 1.84677
-0.400737 0.712961 1.84429
0.117226 -0.0211525 2.24125
0.0725518 0.0433 2.15983
-0.127269 0.139731 2.22487
-0.108284 0.438398 2.1457
-0.0891478 0.725399 2.05428
-0.0705718 0.879994 2.01635
-0.276439 0.654721 2.10148
-0.491236 0.625001 2.06347
-0.505309 0.77866 1.90217
-0.504314 0.836762 1.88047
0.0837399 0.626944 2.10733
0.109629 0.353266 2.18046
0.119304 0.136066 2.2028
0.115128 0.0601628 2.21762
-0.206916 0.140201 2.19184
-0.255311 -0.211326 2.31203
-0.242924 -0.583647 2.41156
-0.248444 -0.656739 2.33521
-0.0434781 0.134642 2.18543
-0.0259469 -0.220003 2.29678
-0.0509338 -0.5897 2.43986
-0.0616251 -0.660381 2.34962
-0.0938444 0.655349 2.07921
-0.47675 0.905429 1.86882
-0.457194 0.792845 1.851
0.119879 -0.0148054 2.2442
0.0771295 0.0537256 2.16529
-0.126086 0.139668 2.2243
-0.106517 0.438421 2.14353
-0.0866666 0.72561 2.05023
-0.0655204 0.879578 2.01107
-0.273166 0.654533 2.09328
-0.503691 0.635636 2.06146
-0.609852 0.779774 1.93216
-0.636186 0.843414 1.92981
0.0852208 0.626601 2.10751
0.109503 0.353332 2.18133
0.119003 0.13688 2.20799
0.111867 0.0605111 2.22221
-0.205633 0.139866 2.19028
-0.256248 -0.209532 2.30747
-0.242852 -0.583395 2.41144
-0.248504 -0.656769 2.33539
-0.042258 0.134809 2.18566
-0.0246702 -0.219673 2.29838
-0.0505603 -0.589353 2.43964
-0.0616351 -0.660345 2.3497
-0.0916189 0.655512 2.07568
-0.65797 0.919077 1.93722
-0.583807 0.845549 1.9
0.114658 -0.0202868 2.2475
0.0781649 0.0677042 2.16741
-0.123775 0.139617 2.22387
-0.103792 0.438221 2.14174
-0.0835852 0.725238 2.04709
-0.0591048 0.878541 2.00745
-0.267892 0.652354 2.08735
-0.516142 0.629435 2.06349
-0.673971 0.744264 1.96377
-0.706511 0.779989 1.96254
0.0868635 0.626104 2.10723
0.109605 0.353776 2.18201
0.120852 0.137842 2.21109
0.109575 0.0601558 2.22613
-0.203442 0.139959 2.18868
-0.256599 -0.208953 2.30595
-0.24289 -0.583245 2.41154
-0.248598 -0.656677 2.33499
-0.0396009 0.134646 2.1865
-0.0243462 -0.219671 2.29835
-0.0499617 -0.588593 2.43972
-0.0616622 -0.660393 2.34961
-0.0886457 0.655192 2.07288
-0.769625 0.828788 1.9839
-0.669155 0.821451 1.93292
0.107012 -0.0282545 2.25371
0.0786524 0.0503462 2.18082
-0.121328 0.138826 2.22325
-0.100952 0.437639 2.14018
-0.0804345 0.724881 2.04485
-0.0542442 0.877544 2.0057
-0.264882 0.650176 2.0837
-0.522266 0.618866 2.06821
-0.693241 0.713307 1.96842
-0.729594 0.753928 1.97165
0.0886308 0.624571 2.1059
0.110354 0.35439 2.18198
0.121206 0.138597 2.21191
0.111096 0.0601722 2.22414
-0.201312 0.139084 2.18687
-0.254598 -0.212289 2.30487
-0.242519 -0.582823 2.41141
-0.248569 -0.656761 2.33481
-0.0368366 0.133953 2.18709
-0.0243916 -0.220399 2.29831
-0.0498361 -0.587012 2.43831
-0.0616809 -0.660332 2.34961
-0.0855812 0.654782 2.07078
-0.798488 0.812193 1.99386
-0.697487 0.794206 1.94254
0.112129 -0.022001 2.25852
0.0781598 0.0553022 2.17293
-0.119255 0.138451 2.22215
-0.0995023 0.437387 2.13919
-0.0794995 0.724732 2.04416
-0.0530471 0.877757 2.00539
-0.263579 0.649544 2.08192
-0.522853 0.620623 2.06333
-0.66579 0.745389 1.95239
-0.704714 0.795164 1.94348
0.0897622 0.623357 2.10467
0.113016 0.355278 2.18127
0.121428 0.139137 2.21004
0.118149 0.0591674 2.21917
-0.199447 0.139006 2.18505
-0.25491 -0.209801 2.30158
-0.242284 -0.582425 2.41137
-0.248781 -0.65673 2.33489
-0.0347948 0.13331 2.18681
-0.0249658 -0.221002 2.29801
-0.0496205 -0.587213 2.43981
-0.061683 -0.660328 2.34969
-0.0845368 0.654612 2.07001
-0.768026 0.855875 1.96313
-0.658593 0.82009 1.91285
0.119666 -0.025893 2.25008
0.0831875 0.0485109 2.17688
-0.119684 0.138128 2.22024
-0.0998102 0.437504 2.13834
-0.0798008 0.725069 2.04397
-0.054388 0.878387 2.00573
-0.264451 0.650134 2.08131
-0.515625 0.637785 2.04954
-0.623688 0.783489 1.92408
-0.638035 0.847924 1.90557
0.0899562 0.623703 2.10389
0.114578 0.352097 2.18026
0.123215 0.135731 2.2077
0.122128 0.0557921 2.21285
-0.199896 0.13872 2.18333
-0.2553 -0.209384 2.2998
-0.242025 -0.582043 2.41156
-0.248816 -0.656704 2.33456
-0.0352964 0.132984 2.18478
-0.0246559 -0.22208 2.29789
-0.0493527 -0.587513 2.44018
-0.0616648 -0.66043 2.34968
-0.084818 0.654894 2.0697
-0.677402 0.925802 1.91507
-0.582665 0.867183 1.87829
0.127497 -0.0271004 2.24346
0.086236 0.0353555 2.17921
-0.121542 0.13804 2.21848
-0.101361 0.437732 2.13731
-0.0812562 0.725666 2.04368
-0.0575622 0.878938 2.00646
-0.266967 0.650983 2.08065
-0.50451 0.644298 2.04359
-0.557013 0.796563 1.89024
-0.546003 0.857774 1.86569
0.0896785 0.624688 2.1033
0.116069 0.349696 2.1801
0.123684 0.132516 2.20301
0.122302 0.0545342 2.20691
-0.201614 0.138565 2.18127
-0.255437 -0.209318 2.29929
-0.241846 -0.581969 2.41151
-0.248966 -0.656855 2.3345
-0.0373824 0.132983 2.18331
-0.0246612 -0.222073 2.29784
-0.0489385 -0.587827 2.44092
-0.0616697 -0.660292 2.34986
-0.0862704 0.655389 2.06922
-0.537494 0.932989 1.85754
-0.489886 0.83512 1.83347
0.125816 -0.0266075 2.23528
0.0852842 0.0509497 2.17378
-0.122397 0.137934 2.21791
-0.102771 0.437528 2.1372
-0.0835353 0.725352 2.04451
-0.0615202 0.878981 2.00745
-0.268484 0.651537 2.08152
-0.497702 0.638556 2.04191
-0.478523 0.772287 1.86261
-0.456311 0.806342 1.84224
0.0890606 0.625533 2.10346
0.115405 0.350125 2.17904
0.122617 0.132438 2.19906
0.116163 0.0539183 2.20152
-0.20224 0.138325 2.18104
-0.255358 -0.21142 2.3007
-0.241688 -0.581661 2.41153
-0.248871 -0.656689 2.33462
-0.0385935 0.133074 2.18225
-0.0248206 -0.222359 2.29724
-0.0488324 -0.58786 2.44121
-0.061643 -0.660266 2.34991
-0.0883135 0.655108 2.06974
-0.416541 0.864148 1.81708
-0.401862 0.758309 1.804
0.119262 -0.0274009 2.22957
0.0798013 0.0513004 2.15787
-0.123033 0.137071 2.2172
-0.103628 0.436944 2.1371
-0.0847454 0.724902 2.04506
-0.0646268 0.878661 2.00859
-0.271116 0.64962 2.08628
-0.483082 0.606113 2.04032
-0.42053 0.706954 1.84819
-0.389815 0.726084 1.84288
0.088259 0.625832 2.10369
0.114814 0.350907 2.17914
0.12249 0.133056 2.19791
0.109831 0.0560407 2.20525
-0.20293 0.137381 2.1811
-0.256212 -0.211407 2.30093
-0.241713 -0.581679 2.41156
-0.249217 -0.656454 2.33592
-0.0391968 0.132156 2.18059
-0.0250156 -0.222883 2.29549
-0.0488733 -0.587255 2.44023
-0.061638 -0.660268 2.34996
-0.0894235 0.654633 2.07011
-0.334055 0.773946 1.81023
-0.347658 0.670747 1.835
0.11259 -0.0218077 2.22591
0.0777076 0.0514597 2.15868
