-0.0629043 0.0206168 2.23036
-0.0635194 0.310957 2.18614
-0.0632675 0.591594 2.13069
-0.0574071 0.734992 2.09507
-0.221404 0.469392 2.12412
-0.258308 0.223308 2.15006
-0.316475 0.0158215 2.12749
-0.326225 -0.00909473 2.14332
0.0977195 0.482124 2.15736
0.146158 0.229298 2.20999
0.206253 0.0220898 2.19062
0.20219 -0.00687249 2.18486
-0.132278 0.0195857 2.18955
-0.126515 -0.284756 2.27245
-0.114054 -0.596768 2.35472
-0.118709 -0.683102 2.27982
0.00837017 0.0210482 2.20509
0.00969484 -0.294041 2.31332
-0.0131033 -0.571789 2.3724
-0.00492788 -0.672666 2.30133
-0.063426 0.522827 2.14654
-0.33929 -0.0870937 2.1613
-0.348947 -0.0293439 2.1144
0.203572 -0.0753682 2.18802
0.177991 -0.0113749 2.1782
-0.0613 0.0211118 2.23178
-0.0607537 0.311189 2.1872
-0.0590843 0.591545 2.13134
-0.0547164 0.735581 2.09568
-0.218717 0.470037 2.12586
-0.255985 0.224438 2.15246
-0.315007 0.017038 2.13285
-0.326145 -0.00829147 2.14803
0.10027 0.481733 2.15768
0.148481 0.227872 2.21029
0.207931 0.0204773 2.19102
0.203053 -0.00924806 2.18877
-0.130644 0.0203238 2.19104
-0.12428 -0.28349 2.27032
-0.113933 -0.596163 2.35438
-0.118335 -0.683049 2.27935
0.00989246 0.0213054 2.20645
0.0107258 -0.293455 2.31364
-0.0113045 -0.570502 2.3726
-0.00436586 -0.67267 2.3033
-0.0596178 0.522853 2.14731
-0.340916 -0.0817662 2.1648
-0.346069 -0.0251536 2.11708
0.20351 -0.080243 2.19518
0.180798 -0.0236613 2.18493
-0.0580568 0.0222396 2.23525
-0.0553734 0.311631 2.18963
-0.0516852 0.591345 2.13279
-0.046196 0.73525 2.09623
-0.213189 0.471147 2.1286
-0.252985 0.225387 2.15681
-0.315486 0.0189491 2.13912
-0.328048 -0.00548795 2.15409
0.106701 0.480622 2.15843
0.150851 0.227233 2.21144
0.210104 0.0197628 2.19261
0.203419 -0.0113451 2.19367
-0.127527 0.0221362 2.19444
-0.119555 -0.282241 2.26342
-0.113257 -0.595212 2.35413
-0.116456 -0.682842 2.27751
0.0131811 0.0217269 2.21003
0.0120157 -0.295126 2.31552
-0.00995617 -0.569852 2.37318
-0.00376276 -0.672302 2.30296
-0.0527023 0.522811 2.149
-0.341707 -0.0815579 2.17614
-0.346772 -0.0194991 2.11932
0.204342 -0.0804019 2.19909
0.182682 -0.0205653 2.18624
-0.0559774 0.0232898 2.23823
-0.0526458 0.312037 2.19127
-0.0483806 0.59118 2.13335
-0.0419954 0.734763 2.09672
-0.210538 0.472045 2.1305
-0.25178 0.225613 2.16026
-0.31621 0.019754 2.14339
-0.329834 -0.00576533 2.15888
0.110084 0.48045 2.15947
0.152727 0.22598 2.21288
0.211247 0.0182738 2.19485
0.202099 -0.0117619 2.19789
-0.125546 0.0235299 2.19714
-0.117373 -0.283429 2.25942
-0.112859 -0.595345 2.35268
-0.116355 -0.682774 2.27645
0.0152712 0.0223733 2.21329
0.0134188 -0.294985 2.3171
-0.00952066 -0.570018 2.37363
-0.00366768 -0.67243 2.30304
-0.049546 0.52279 2.14981
-0.337047 -0.0801286 2.17857
-0.354057 -0.017906 2.12775
0.203521 -0.0810402 2.20776
0.222831 -0.0240985 2.17924
-0.0547973 0.0236504 2.23995
-0.0511878 0.312219 2.1922
-0.0468049 0.591269 2.13363
-0.0385973 0.734222 2.09669
-0.208934 0.472253 2.13083
-0.251311 0.224863 2.16277
-0.316546 0.0192954 2.14512
-0.329995 -0.00712851 2.15929
0.111862 0.479885 2.16036
0.153577 0.224784 2.21387
0.211004 0.0167824 2.19567
0.20029 -0.013787 2.19505
-0.124385 0.0240162 2.19865
-0.115513 -0.28355 2.25849
-0.112758 -0.595455 2.35196
-0.116181 -0.682641 2.27573
0.0164197 0.0225939 2.21521
0.0142945 -0.29576 2.3193
-0.00869236 -0.569563 2.37399
-0.00330001 -0.671821 2.30237
-0.0479931 0.522895 2.15025
-0.34029 -0.0788738 2.18367
-0.354507 -0.0195014 2.13459
0.199895 -0.0814456 2.20116
0.216777 -0.0286025 2.16751
-0.0535165 0.0236852 2.24119
-0.0498901 0.31213 2.19341
-0.0457452 0.591089 2.13471
-0.0367609 0.733524 2.0973
-0.207938 0.472058 2.13087
-0.250293 0.223962 2.16346
-0.316464 0.0186945 2.14609
-0.32426 -0.0103298 2.15869
0.112855 0.479461 2.16173
0.154401 0.223975 2.21505
0.211165 0.0158221 2.19613
0.202836 -0.0143123 2.19486
-0.123107 0.0242516 2.19986
-0.117232 -0.282792 2.24056
-0.113421 -0.598271 2.35036
-0.116434 -0.682674 2.27496
0.0176628 0.0224242 2.21647
0.0160471 -0.296041 2.31964
-0.00879657 -0.570091 2.37467
-0.00172838 -0.671573 2.30125
-0.0468539 0.522731 2.15136
-0.335174 -0.0800087 2.17939
-0.345831 -0.022926 2.12851
0.202444 -0.0822285 2.20445
0.212151 -0.0229927 2.16046
-0.0513546 0.0233923 2.24155
-0.0488097 0.311694 2.19413
-0.0453835 0.590413 2.13583
-0.0366679 0.732531 2.09866
-0.207234 0.471259 2.13137
-0.247724 0.22057 2.16466
-0.314137 0.0154948 2.14477
-0.317079 -0.0161 2.15146
0.113981 0.479359 2.16469
0.156044 0.224588 2.21872
0.213005 0.0165061 2.19951
0.207896 -0.0156211 2.20147
-0.121054 0.0241505 2.20042
-0.116752 -0.281401 2.1819
-0.109716 -0.603751 2.32779
-0.112742 -0.681731 2.2584
0.0199206 0.0218895 2.21658
0.0243456 -0.30326 2.32213
-0.00856405 -0.57386 2.37543
-0.00165186 -0.671855 2.30079
-0.0463142 0.522132 2.15234
-0.32611 -0.0901497 2.17385
-0.340147 -0.029369 2.12172
0.208368 -0.0823563 2.20801
0.228634 -0.0304451 2.17874
-0.0469723 0.0211208 2.23909
-0.047939 0.310188 2.19399
-0.0466159 0.588424 2.13712
-0.0378343 0.731247 2.10043
-0.207654 0.469357 2.13223
-0.2456 0.216296 2.16521
-0.30674 0.00974637 2.14193
-0.310377 -0.0204309 2.14549
0.113858 0.477808 2.16492
0.157248 0.22461 2.2197
0.216606 0.0170745 2.2051
0.216039 -0.0131221 2.20712
-0.116795 0.0218999 2.19857
-0.113799 -0.288334 2.14368
-0.102556 -0.617522 2.19601
-0.0896365 -0.66661 2.08203
0.0243056 0.0196732 2.21345
0.0302729 -0.328823 2.32745
-0.0101067 -0.585675 2.37226
-0.02018 -0.671008 2.2707
-0.0468679 0.520419 2.15317
-0.316889 -0.0945733 2.16161
-0.334355 -0.0384044 2.11722
0.218346 -0.0824716 2.21825
0.228306 -0.0229175 2.172
-0.0447276 0.0152612 2.22711
-0.0488313 0.306178 2.18858
-0.0503487 0.586041 2.13612
-0.0438654 0.727438 2.09955
-0.210122 0.464645 2.13166
-0.24484 0.213127 2.16274
-0.302703 0.00564738 2.13906
-0.308988 -0.0230272 2.14775
0.112017 0.474364 2.15901
0.159999 0.223477 2.21327
0.220876 0.016393 2.20642
0.221329 -0.0165601 2.20737
-0.114429 0.0158084 2.1894
-0.109657 -0.327557 2.11359
-0.104287 -0.637065 2.05906
-0.105813 -0.716088 1.95181
0.026283 0.0143502 2.19847
0.030594 -0.340984 2.32364
-0.01247 -0.597154 2.36926
0.00156419 -0.673914 2.29205
-0.0498984 0.517733 2.15135
-0.322329 -0.0996177 2.16941
-0.330087 -0.0312089 2.11281
0.222921 -0.0859157 2.22717
0.231491 -0.0269906 2.17192
-0.046399 6.08542e-006 2.19362
-0.054297 0.291739 2.16529
-0.0603205 0.573853 2.12452
-0.0586356 0.715999 2.08694
-0.218832 0.449858 2.12148
-0.247636 0.202067 2.1497
-0.305987 -0.00557676 2.13352
-0.318298 -0.035705 2.14508
0.105107 0.463562 2.13723
0.164197 0.212328 2.18618
0.232832 0.00778137 2.18087
0.229177 -0.0234328 2.16867
-0.115829 -0.00080571 2.15902
-0.115417 -0.336539 2.05759
-0.107781 -0.65143 1.96502
-0.0995104 -0.69815 1.8503
0.0244458 0.000893105 2.16193
0.0296825 -0.341703 2.3112
-0.00882671 -0.595733 2.36815
0.00423014 -0.674474 2.29256
-0.0589772 0.504752 2.13686
-0.334473 -0.111738 2.16498
-0.336192 -0.0316977 2.11278
0.232972 -0.0929251 2.18807
0.243168 -0.0343605 2.13175
-0.0511146 -0.0146545 2.16009
-0.0606798 0.27849 2.13746
-0.0691309 0.561891 2.10326
-0.070402 0.706064 2.06848
-0.227119 0.437099 2.10087
-0.252941 0.19068 2.12688
-0.307202 -0.0179072 2.12579
-0.316976 -0.0498841 2.13989
0.0964054 0.45117 2.1092
0.163494 0.203284 2.1567
0.232788 -0.00106195 2.1413
0.227234 -0.0323353 2.12685
-0.121346 -0.016106 2.12354
-0.117035 -0.352633 2.03605
-0.116025 -0.674181 1.95145
-0.101459 -0.746931 1.85117
0.0206645 -0.0127362 2.1305
0.0290847 -0.340786 2.28977
-0.00967998 -0.599533 2.37103
0.00457691 -0.673861 2.29453
-0.0671674 0.492425 2.11384
-0.328893 -0.123569 2.16481
-0.345492 -0.0879248 2.1324
0.23045 -0.105505 2.14546
0.24329 -0.0469812 2.09519
-0.0541095 -0.0234891 2.1311
-0.0674001 0.271162 2.10599
-0.0800876 0.555948 2.06947
-0.0809661 0.702183 2.04018
-0.236499 0.425366 2.06464
-0.258034 0.181028 2.09106
-0.309995 -0.0271519 2.10261
-0.320921 -0.067415 2.11746
0.0871769 0.442137 2.07115
0.156808 0.193896 2.12
0.223794 -0.011296 2.10811
0.215132 -0.0385287 2.0896
-0.12382 -0.0250836 2.09722
-0.118917 -0.35701 2.02792
-0.11713 -0.685499 1.95381
-0.102704 -0.754067 1.85219
0.0172669 -0.0211283 2.09882
0.0214352 -0.346385 2.27004
-0.0135515 -0.60351 2.36391
0.00420654 -0.673918 2.29412
-0.0770212 0.486151 2.08059
-0.32696 -0.134747 2.14783
-0.342828 -0.078007 2.09842
0.221182 -0.112144 2.10877
0.231799 -0.0541755 2.05406
-0.060579 -0.0225497 2.1083
-0.073773 0.273004 2.0771
-0.0860711 0.558517 2.03439
-0.0879674 0.704973 2.01187
-0.241847 0.423773 2.02733
-0.261347 0.178751 2.04943
-0.322448 -0.0281507 2.03817
-0.334935 -0.066818 2.04481
0.0830291 0.441882 2.03653
0.1521 0.189794 2.0888
0.214894 -0.0164935 2.06717
0.200862 -0.0321454 2.05436
-0.130339 -0.0243557 2.07399
-0.125966 -0.3453 2.01297
-0.118345 -0.686693 1.95354
-0.104015 -0.755867 1.85347
0.0110835 -0.020022 2.07647
0.0113715 -0.342328 2.23826
-0.0158649 -0.604136 2.35907
0.00429908 -0.6741 2.29417
-0.0831299 0.48857 2.04706
-0.347046 -0.135894 2.0695
-0.359367 -0.0706445 2.02068
0.201967 -0.107944 2.07128
0.213007 -0.0486706 2.01909
-0.0612804 -0.0226612 2.10434
-0.074057 0.27248 2.07191
-0.0858725 0.557413 2.02785
-0.0877269 0.704137 2.00492
-0.240447 0.424637 2.01728
-0.261918 0.177364 2.03438
-0.324915 -0.0274409 1.9987
-0.340935 -0.0625453 1.99612
0.082475 0.441289 2.03291
0.151169 0.189166 2.08404
0.21314 -0.0171039 2.05801
0.201502 -0.0348332 2.04427
-0.131126 -0.0243467 2.06864
-0.125758 -0.345082 2.01058
-0.119275 -0.685723 1.95641
-0.105553 -0.755625 1.85701
0.0104862 -0.0202696 2.07358
0.00812637 -0.348384 2.24359
-0.0166041 -0.604809 2.35731
0.00437384 -0.674669 2.29462
-0.0830577 0.487628 2.04086
-0.352826 -0.127467 2.00506
-0.368359 -0.0748097 1.97137
0.206478 -0.107004 2.052
0.216598 -0.0524524 2.00709
-0.0599576 -0.0210169 2.10837
-0.0726592 0.27349 2.07517
-0.0844145 0.557965 2.03067
-0.0861725 0.704423 2.00538
-0.236677 0.426638 2.01578
-0.261451 0.179191 2.03369
-0.321954 -0.0249099 1.988
-0.329185 -0.0459922 1.98393
0.084603 0.444718 2.04714
0.150426 0.191311 2.09173
0.211147 -0.0147142 2.05888
0.198698 -0.02984 2.06245
-0.129956 -0.0232318 2.07024
-0.12354 -0.350333 2.0098
-0.119406 -0.685879 1.95604
-0.105841 -0.756215 1.85672
0.0119274 -0.0179636 2.08113
0.00912203 -0.347876 2.24614
-0.0167996 -0.604905 2.35649
0.00441373 -0.67499 2.29453
-0.0816155 0.488281 2.04378
-0.33772 -0.111352 1.99556
-0.353078 -0.0618356 1.95457
0.204124 -0.0978109 2.06159
0.229928 -0.0411821 2.06157
-0.0565346 -0.0175596 2.12528
-0.0674946 0.276152 2.09586
-0.0775066 0.559803 2.05547
-0.0794845 0.705478 2.02276
-0.227091 0.429635 2.03721
-0.256076 0.184674 2.05303
-0.308366 -0.0212677 2.00464
-0.316184 -0.0416047 2.00931
0.0898499 0.447145 2.07605
0.151205 0.194895 2.11552
0.20448 -0.0136457 2.08726
0.195762 -0.0281853 2.09497
-0.126228 -0.0201184 2.08535
-0.123987 -0.34995 2.01083
-0.120139 -0.686138 1.95435
-0.10638 -0.755821 1.85638
0.0148282 -0.0144353 2.09917
0.0133171 -0.343 2.25612
-0.0179293 -0.606496 2.35855
0.00404186 -0.675445 2.29436
-0.075133 0.490315 2.06752
-0.325437 -0.103017 2.00841
-0.34418 -0.058189 1.98208
0.199288 -0.0941213 2.09443
0.22557 -0.0272064 2.09458
-0.0520172 -0.0111191 2.15595
-0.0599462 0.280525 2.12909
-0.0672722 0.56233 2.09116
-0.071054 0.70799 2.05448
-0.21823 0.436324 2.07446
-0.245864 0.19086 2.09033
-0.295001 -0.0179453 2.05564
-0.303249 -0.0355626 2.07052
0.0976834 0.452215 2.11542
0.154181 0.199366 2.15488
0.204711 -0.00981094 2.12641
0.196863 -0.0235372 2.13854
-0.121973 -0.0131632 2.11506
-0.126654 -0.344219 2.01217
-0.140256 -0.676573 1.96676
-0.115187 -0.753869 1.87167
0.0195047 -0.00873055 2.13075
0.0202892 -0.321713 2.26331
-0.0186809 -0.60543 2.36239
0.00199568 -0.675108 2.29902
-0.0655331 0.493271 2.10261
-0.312775 -0.0993775 2.07616
-0.320983 -0.0124374 2.06179
0.2059 -0.0868572 2.13849
0.225536 -0.0111439 2.13356
-0.0481721 -0.00239305 2.16861
-0.0569502 0.288221 2.14588
-0.065179 0.568928 2.11258
-0.0656769 0.711102 2.07283
-0.216256 0.443421 2.09323
-0.244523 0.19302 2.10584
-0.29703 -0.0160883 2.08498
-0.300646 -0.0224175 2.10307
0.101462 0.458212 2.13601
0.15608 0.203569 2.17514
0.211496 -0.00495888 2.15664
0.204807 -0.0192953 2.16803
-0.118222 -0.00267974 2.12802
-0.126995 -0.304287 2.02888
-0.156804 -0.635638 2.13432
-0.159302 -0.715332 2.04883
0.0233354 -0.00191711 2.14313
0.0191992 -0.312867 2.2654
-0.0182647 -0.598969 2.36191
-0.000348601 -0.675485 2.3002
-0.0632045 0.50015 2.12283
-0.315077 -0.0892561 2.11294
-0.331307 -0.0257017 2.08771
0.21276 -0.0868553 2.17592
0.229093 0.00370411 2.162
-0.0515091 0.00533433 2.18339
-0.0586591 0.294579 2.15995
-0.0654249 0.574095 2.12557
-0.0645897 0.716635 2.08993
-0.216395 0.448651 2.10535
-0.246086 0.199053 2.12002
-0.305196 -0.00829411 2.10007
-0.314901 -0.0172134 2.1143
0.101577 0.462641 2.14793
0.15647 0.207987 2.19161
0.216175 0.000522038 2.17972
0.209965 -0.0169432 2.19175
-0.121708 0.00672324 2.14227
-0.123637 -0.283487 2.10505
-0.163907 -0.563113 2.31514
-0.163818 -0.666504 2.2832
0.0202166 0.00386517 2.15847
0.0170734 -0.307015 2.26799
-0.0182329 -0.595173 2.36221
-0.0076842 -0.676345 2.30675
-0.0638014 0.505592 2.13612
-0.3267 -0.0821382 2.12716
-0.332606 -0.0278502 2.08297
0.216196 -0.0844989 2.20122
0.230915 -0.0305701 2.16774
-0.0577308 0.011968 2.21245
-0.0642512 0.301015 2.17714
-0.0701343 0.580114 2.13401
-0.0693685 0.725656 2.10278
-0.221074 0.454418 2.1121
-0.253941 0.204378 2.13352
-0.306126 -0.00439704 2.10611
-0.314307 -0.0123957 2.11983
0.0955784 0.468389 2.16085
0.151345 0.214161 2.20333
0.215062 0.00790948 2.19559
0.205681 -0.0115793 2.20168
-0.127034 0.0122683 2.16893
-0.133322 -0.275477 2.25093
-0.160969 -0.525219 2.49544
-0.15625 -0.629395 2.47461
0.0132517 0.0114022 2.18994
-0.0010228 -0.288682 2.27402
-0.0187087 -0.579188 2.36712
-0.00998769 -0.674226 2.30856
-0.068691 0.511698 2.14644
-0.330604 -0.0744751 2.13331
-0.339641 -0.0174414 2.09342
0.215159 -0.0836888 2.21523
0.219029 -0.0252212 2.16908
-0.0767286 0.0154804 2.25624
-0.0805082 0.306351 2.19764
-0.0837098 0.586758 2.13528
-0.0805392 0.732364 2.10968
-0.232249 0.458879 2.11287
-0.264026 0.206904 2.14447
-0.301276 -0.00574205 2.12866
-0.306571 -0.0145331 2.14542
0.0844465 0.472154 2.16668
0.145629 0.219534 2.21466
0.213603 0.01463 2.20245
0.207421 -0.000214957 2.20657
-0.14557 0.0107781 2.21592
-0.137147 -0.269334 2.37624
-0.149135 -0.555789 2.58114
-0.151307 -0.636119 2.51546
-0.00569727 0.0194873 2.23096
-0.0056071 -0.26858 2.30252
-0.0136922 -0.568745 2.36875
-0.00905233 -0.672559 2.30882
-0.0825796 0.517951 2.15192
-0.319325 -0.0799394 2.16471
-0.312394 -0.0332535 2.1049
0.215321 -0.0697716 2.22031
0.22297 -0.016016 2.17612
-0.0857253 0.0233003 2.2879
-0.0921621 0.312012 2.2143
-0.0968023 0.591493 2.13565
-0.0944872 0.737631 2.11366
-0.243872 0.462349 2.11704
-0.271769 0.206783 2.15678
-0.296934 -0.00768435 2.15132
-0.304051 -0.011987 2.16911
0.0710078 0.478754 2.16969
0.13686 0.229159 2.22696
0.210413 0.0262204 2.22061
0.203925 0.00968808 2.22245
-0.154093 0.0162794 2.24998
-0.145434 -0.246896 2.42782
-0.144916 -0.557941 2.5929
-0.154276 -0.636988 2.52636
-0.0148713 0.0295316 2.25988
0.00732833 -0.259183 2.32594
-0.00932687 -0.558206 2.37425
-0.00612092 -0.662463 2.3078
-0.0954382 0.522843 2.15644
-0.309924 -0.0770159 2.18811
-0.272675 -0.0296746 2.16406
0.215679 -0.0571989 2.2328
0.219868 0.00104781 2.19221
-0.0900329 0.0245359 2.30406
-0.0983665 0.312518 2.22734
-0.10467 0.591455 2.14142
-0.102622 0.737534 2.12066
-0.252022 0.462066 2.12728
-0.277937 0.205952 2.1716
-0.299619 -0.00885344 2.16744
-0.314178 -0.0191036 2.18343
0.0653169 0.479835 2.17675
0.127892 0.230911 2.24155
0.204624 0.0292339 2.23764
0.19526 0.00831006 2.24515
-0.158288 0.0175984 2.26577
-0.144175 -0.243763 2.43363
-0.14339 -0.555778 2.59918
-0.151406 -0.638384 2.52332
-0.0192292 0.0307848 2.2765
0.00829588 -0.25972 2.34202
-0.00943067 -0.557421 2.37928
-0.00521667 -0.660266 2.30864
-0.103252 0.522994 2.16453
-0.315538 -0.081065 2.20529
-0.283899 -0.0470842 2.17931
0.212154 -0.0622632 2.25728
0.214479 0.0252393 2.23215
-0.0929456 0.0240315 2.3107
-0.101561 0.312502 2.24036
-0.108501 0.592108 2.16123
-0.101854 0.736176 2.13379
-0.256464 0.463544 2.14431
-0.283527 0.21017 2.18216
-0.315299 -0.00334791 2.17653
-0.335693 -0.0137524 2.18496
0.0580222 0.481853 2.2053
0.117165 0.233206 2.26061
0.190511 0.0303563 2.25926
0.17829 0.00597791 2.2648
-0.160593 0.0170185 2.27006
-0.145705 -0.244211 2.43384
-0.142862 -0.555637 2.60239
-0.146791 -0.639753 2.51829
-0.0228191 0.0304671 2.28625
0.00513081 -0.258917 2.35363
-0.00952599 -0.561911 2.38532
-0.00267261 -0.660718 2.30519
-0.106943 0.523522 2.18285
-0.335799 -0.0726822 2.2074
-0.306996 -0.0361825 2.18633
0.191264 -0.0652439 2.28275
0.200338 0.0119308 2.25414
-0.0938758 0.024922 2.31094
-0.10155 0.315069 2.24673
-0.106608 0.59634 2.17644
-0.0958934 0.740599 2.14774
-0.254625 0.46765 2.15081
-0.286509 0.215177 2.18507
-0.325548 0.00284995 2.1726
-0.345021 -0.0105952 2.17278
0.0602811 0.484632 2.22068
0.11338 0.236488 2.27324
0.185457 0.0330957 2.2701
0.179901 0.00496614 2.27539
-0.161668 0.018476 2.2686
-0.148746 -0.246083 2.43197
-0.144117 -0.555851 2.60326
-0.146053 -0.639798 2.51855
-0.0240049 0.0312853 2.28784
0.00131987 -0.255754 2.35312
-0.00955436 -0.561427 2.38592
-0.00158143 -0.658924 2.30317
-0.10555 0.527378 2.1958
-0.358734 -0.0726924 2.20117
-0.330926 -0.0476679 2.19038
0.185695 -0.0708639 2.29118
0.202288 0.00602549 2.26385
-0.0950403 0.0254085 2.30978
-0.100848 0.31615 2.24861
-0.10331 0.598754 2.18198
-0.088611 0.7432 2.15617
-0.250711 0.470144 2.15334
-0.287048 0.216418 2.18434
-0.329825 0.00526798 2.1601
-0.340651 -0.00889516 2.15658
0.0631833 0.484351 2.22911
0.112975 0.236542 2.27855
0.186787 0.0338911 2.27774
0.188654 -0.0292162 2.29615
-0.163016 0.0196601 2.26456
-0.14964 -0.246412 2.42605
-0.144086 -0.553035 2.60245
-0.148183 -0.640341 2.5223
-0.0249309 0.0312869 2.28797
-4.83071e-005 -0.25538 2.35155
-0.0097969 -0.560849 2.38648
-0.00134282 -0.65813 2.30335
-0.102949 0.52945 2.20042
-0.356587 -0.0702496 2.18354
-0.348402 -0.0750808 2.18325
0.190807 -0.0793483 2.31602
0.207635 -0.0227811 2.26553
-0.0920292 0.0259996 2.30075
-0.0954259 0.317734 2.24681
-0.0955414 0.600946 2.18293
-0.077516 0.746242 2.16044
-0.242575 0.472653 2.15164
-0.284511 0.221293 2.17485
-0.32463 0.0115535 2.13245
-0.327659 0.00138052 2.12675
0.0687464 0.484817 2.22969
0.115177 0.235293 2.27834
0.189964 0.033213 2.28102
0.192017 -0.032438 2.28777
-0.159173 0.0214034 2.25384
-0.145571 -0.258199 2.4038
-0.142479 -0.555265 2.59465
-0.147465 -0.640436 2.52066
-0.0224838 0.0304134 2.28122
-0.00280902 -0.260026 2.34776
-0.00989674 -0.561083 2.38633
-0.000763249 -0.657837 2.30227
-0.0957474 0.531493 2.20077
-0.34184 -0.0658227 2.14714
-0.334974 -0.0435273 2.14183
0.194388 -0.0816967 2.30503
0.210521 -0.0506544 2.26658
-0.082092 0.0250623 2.28443
-0.0840628 0.317796 2.23855
-0.0846566 0.601273 2.18053
-0.0689877 0.74607 2.15987
-0.233573 0.473307 2.14841
-0.279114 0.223678 2.16763
-0.317013 0.0146134 2.11858
-0.321395 0.00144887 2.1131
0.0785077 0.48297 2.22365
0.122285 0.230155 2.26967
0.194919 0.0271363 2.26969
0.19278 -0.0399179 2.27003
-0.149626 0.0220733 2.2377
-0.145612 -0.26617 2.34045
-0.142828 -0.53914 2.56223
-0.148372 -0.640527 2.51677
-0.0122312 0.0274405 2.26493
-0.00408118 -0.262388 2.33556
-0.0107551 -0.56126 2.38505
-0.00036765 -0.658469 2.30214
-0.0846978 0.531763 2.19707
-0.335498 -0.0678942 2.13107
-0.294091 -0.0183348 2.10859
0.191935 -0.0904825 2.2859
0.210555 -0.0635004 2.25045
-0.0709881 0.024633 2.26904
-0.074256 0.316559 2.22892
-0.0768823 0.599394 2.17647
-0.0620836 0.744251 2.15422
-0.227174 0.472327 2.14686
-0.26949 0.221318 2.16079
-0.313482 0.0133002 2.11269
-0.315297 0.00218517 2.11452
0.08914 0.478759 2.20971
0.131027 0.22696 2.25454
0.200581 0.0225986 2.24749
0.197812 -0.0193669 2.23823
-0.139877 0.0241494 2.22369
-0.148427 -0.264964 2.20946
-0.151458 -0.516212 2.45413
-0.129148 -0.566516 2.34077
1.76284e-005 0.0242584 2.24815
0.00375258 -0.270132 2.32225
-0.0113083 -0.560743 2.38347
-0.000853445 -0.65975 2.30438
-0.0763718 0.530013 2.1917
-0.331021 -0.0710916 2.13185
-0.285104 -0.00240514 2.11092
0.197235 -0.0939525 2.26043
0.214112 -0.0393981 2.20982
-0.0605641 0.019999 2.25776
-0.0660833 0.310785 2.21693
-0.0710207 0.59223 2.16462
-0.0550896 0.734413 2.14057
-0.224327 0.469691 2.14528
-0.260045 0.217462 2.15455
-0.301795 0.00880876 2.10729
-0.30261 -0.00296878 2.1126
0.0936523 0.468563 2.1835
0.14118 0.220503 2.23277
0.208947 0.0155553 2.22611
0.208257 -0.0251136 2.21734
-0.130653 0.0212024 2.21572
-0.134285 -0.266262 2.13884
-0.143657 -0.555953 2.33972
-0.165283 -0.643066 2.30859
0.011233 0.0180163 2.23338
0.0175402 -0.286543 2.32412
-0.011412 -0.567185 2.38233
-0.00018266 -0.665733 2.3026
-0.0698848 0.523213 2.17971
-0.321911 -0.0757214 2.12448
-0.271389 -0.0210629 2.10232
0.210534 -0.101103 2.23673
0.221852 -0.0359111 2.18193
-0.053814 0.0118894 2.23524
-0.0631312 0.301827 2.19387
-0.0717534 0.582212 2.14118
-0.0601207 0.724933 2.11357
-0.225685 0.464867 2.14033
-0.256496 0.215977 2.15206
-0.292905 0.00735718 2.09923
-0.295811 -0.00681992 2.09576
0.0914501 0.459916 2.14538
0.151029 0.211928 2.1945
0.215433 0.00590158 2.18868
0.211155 -0.0243359 2.18346
-0.124117 0.0129813 2.20025
-0.116477 -0.314898 2.08529
-0.119799 -0.642727 2.09716
-0.125244 -0.721191 1.99707
0.0179373 0.010658 2.20363
0.0264148 -0.328404 2.32437
-0.010323 -0.583051 2.38024
-0.00453824 -0.672353 2.29561
-0.0697002 0.513488 2.15635
-0.309618 -0.0908965 2.10594
-0.301453 -0.0983298 2.105
0.214079 -0.102086 2.21576
0.224113 -0.0484897 2.14833
-0.0490266 -0.000862777 2.20829
-0.0615088 0.290665 2.16775
-0.0731053 0.572484 2.11583
-0.0683161 0.714446 2.08557
-0.228732 0.451529 2.12205
-0.250106 0.202385 2.14007
-0.296026 -0.00533036 2.0928
-0.301354 -0.0178963 2.10249
0.090892 0.454771 2.11972
0.154644 0.207765 2.16812
0.214017 0.000773698 2.14124
0.206181 -0.0270552 2.13507
-0.118567 -0.00336351 2.17525
-0.115677 -0.338855 2.06118
-0.114331 -0.671762 1.95619
-0.106466 -0.734762 1.85559
0.0220018 0.00163198 2.17505
0.0288112 -0.331843 2.31648
-0.0106466 -0.593796 2.37722
-0.000493969 -0.67251 2.29583
-0.0703258 0.503419 2.13081
-0.324132 -0.0991496 2.1126
-0.291142 -0.0921885 2.10114
0.203555 -0.107682 2.16039
0.214298 -0.0431267 2.09764
-0.0467028 -0.015448 2.17256
-0.0631757 0.277689 2.13627
-0.0784942 0.561014 2.08855
-0.075015 0.70676 2.06249
-0.235229 0.435451 2.09303
-0.250937 0.186133 2.11704
-0.299313 -0.0239676 2.09593
-0.304988 -0.0364265 2.10956
0.0882612 0.446277 2.09218
0.157769 0.198266 2.13769
0.211127 -0.00867911 2.09607
0.202812 -0.0479899 2.0862
-0.116564 -0.0191428 2.13871
-0.117309 -0.346082 2.04177
-0.117654 -0.682853 1.96024
-0.114186 -0.729736 1.84587
0.0245829 -0.0113151 2.14028
0.0306819 -0.334772 2.30186
-0.00964736 -0.595498 2.37279
0.00104099 -0.672517 2.29602
-0.0748219 0.491584 2.10249
-0.326377 -0.114564 2.12993
-0.23464 -0.0233779 2.098
0.201719 -0.102117 2.09594
0.212337 -0.0797121 2.0536
-0.0475088 -0.0187005 2.13973
-0.0662036 0.275589 2.10317
-0.0841486 0.559914 2.05509
-0.0823526 0.70647 2.02993
-0.239215 0.429051 2.05644
-0.25531 0.181156 2.08526
-0.302513 -0.0290645 2.08769
-0.314021 -0.054484 2.09902
0.0846889 0.443323 2.05663
0.156185 0.195427 2.09913
0.211114 -0.0124021 2.0673
0.203738 -0.0302582 2.05119
-0.11736 -0.0220263 2.10654
-0.115178 -0.34839 2.02808
-0.115157 -0.68544 1.97023
-0.101196 -0.757299 1.87698
0.0238123 -0.0148055 2.1068
0.0280428 -0.342154 2.28048
-0.0111508 -0.599168 2.3696
0.00266168 -0.672166 2.29564
-0.0797859 0.490254 2.06911
-0.327232 -0.125274 2.13714
-0.236132 -0.0258053 2.061
0.204152 -0.107514 2.06216
0.213803 -0.0486992 2.00812
-0.0508702 -0.0175011 2.1195
-0.0678231 0.276892 2.07736
-0.0836155 0.561149 2.02355
-0.0843311 0.709017 2.00196
-0.238163 0.428138 2.02376
-0.256387 0.184169 2.05141
-0.312516 -0.0242699 2.0417
-0.327813 -0.0661563 2.05042
0.0854331 0.444621 2.02423
0.158022 0.195944 2.06996
0.215035 -0.0107801 2.03319
0.205984 -0.048331 2.01809
-0.120755 -0.0198176 2.08678
-0.118388 -0.341302 2.01541
-0.114895 -0.689456 1.97195
-0.100819 -0.758286 1.87831
0.0205894 -0.014628 2.08608
0.0214573 -0.338765 2.26422
-0.0143206 -0.602392 2.36269
0.00400352 -0.672301 2.2949
-0.0798292 0.491532 2.039
-0.334131 -0.137988 2.0874
-0.301386 -0.0782597 2.02633
0.205763 -0.104753 2.032
0.21727 -0.0420908 1.9797
-0.0502161 -0.0175815 2.1172
-0.066492 0.276251 2.07337
-0.0816436 0.55983 2.01781
-0.0821788 0.708487 1.99538
-0.23633 0.428297 2.01638
-0.255639 0.182252 2.03948
-0.313823 -0.0249767 2.01251
-0.330459 -0.0624993 2.01263
0.0858061 0.443386 2.02138
0.157632 0.194596 2.06554
0.215319 -0.011688 2.02689
0.204314 -0.030142 2.01824
-0.119995 -0.0198476 2.08382
-0.118391 -0.341694 2.01446
-0.114992 -0.690427 1.97263
-0.100762 -0.758855 1.87871
0.0211463 -0.0147428 2.08432
0.0206254 -0.338771 2.26252
-0.0147682 -0.602303 2.36186
0.00490475 -0.672537 2.29432
-0.0780067 0.49039 2.0337
-0.342419 -0.132506 2.03732
-0.317962 -0.0985229 2.027
0.210396 -0.110758 2.02845
0.215333 -0.0556844 1.97826
-0.047488 -0.0165936 2.12227
-0.0638184 0.276444 2.07803
-0.0790843 0.5594 2.02243
-0.0795402 0.70765 1.99594
-0.233525 0.430009 2.01887
-0.25537 0.182078 2.03819
-0.312544 -0.024293 2.00043
-0.324992 -0.0547224 2.00107
0.0885467 0.443953 2.03254
0.156404 0.193235 2.07333
0.209374 -0.0140395 2.03272
0.194748 -0.0311456 2.03389
-0.11755 -0.0191925 2.08765
-0.117766 -0.341826 2.01572
-0.114725 -0.689633 1.97495
-0.100435 -0.759062 1.87969
0.0240746 -0.0134057 2.09089
0.0231245 -0.338271 2.26503
-0.0148253 -0.603448 2.36105
0.00538778 -0.673209 2.2939
-0.0754121 0.490105 2.03831
-0.335697 -0.127126 2.01828
-0.296428 -0.059987 1.9887
0.199124 -0.109921 2.03988
0.212609 -0.0515056 2.0033
-0.042722 -0.0148678 2.14554
-0.0585698 0.278212 2.10603
-0.0735857 0.561412 2.05539
-0.0689473 0.706448 2.02178
-0.225473 0.434816 2.04564
-0.251803 0.183928 2.06302
-0.304669 -0.023027 2.02121
-0.313957 -0.0400205 2.03842
0.0909198 0.446275 2.07034
0.15343 0.195719 2.1081
0.19861 -0.0146116 2.07748
0.193746 -0.0329967 2.07826
-0.112846 -0.0178693 2.10679
-0.115204 -0.34758 2.02063
-0.11367 -0.69438 1.97337
-0.10007 -0.759804 1.87969
0.0286573 -0.0113846 2.11826
0.0290227 -0.339533 2.28227
-0.0143103 -0.601887 2.36201
0.00559356 -0.673229 2.29505
-0.0699547 0.492027 2.07002
-0.333941 -0.118921 2.05027
-0.290971 -0.0551331 2.00919
0.198407 -0.107735 2.07701
0.213543 -0.0395829 2.05072
-0.0368059 -0.00988867 2.16758
-0.0544277 0.282527 2.12906
-0.0712266 0.565155 2.07944
-0.0661099 0.711672 2.04992
-0.221942 0.439003 2.06888
-0.24625 0.187689 2.09387
-0.294959 -0.0224306 2.07351
-0.302319 -0.0352956 2.09124
0.0948063 0.453282 2.10367
0.158135 0.202874 2.14492
0.206304 -0.00632557 2.11025
0.204246 -0.0414692 2.11753
-0.107396 -0.0137916 2.12675
-0.111922 -0.347705 2.02418
-0.113671 -0.692929 1.96255
-0.0998974 -0.759879 1.8789
0.0348745 -0.00565614 2.14235
0.0313324 -0.336947 2.29366
-0.0135914 -0.600323 2.3641
0.0055192 -0.673059 2.29531
-0.0671491 0.495899 2.09382
-0.322421 -0.116292 2.10732
-0.277061 -0.0597639 2.0727
0.207215 -0.101056 2.12976
0.227677 -0.0369114 2.10046
-0.0356641 -0.0065944 2.18798
-0.0531454 0.285249 2.14995
-0.0697792 0.567396 2.10083
-0.0649741 0.713787 2.07163
-0.218697 0.440505 2.09041
-0.240806 0.191957 2.11795
-0.284447 -0.0195011 2.11047
-0.29776 -0.0548242 2.13473
0.0974094 0.456683 2.12725
0.162667 0.207609 2.17449
0.221922 0.000333095 2.15112
0.21758 -0.0122736 2.15874
-0.106267 -0.0107481 2.14708
-0.109706 -0.345502 2.02802
-0.118383 -0.684029 1.97103
-0.100531 -0.757162 1.8768
0.0359723 -0.00226224 2.1628
0.0340456 -0.329814 2.30544
-0.0114843 -0.594943 2.36786
0.00524612 -0.672616 2.29594
-0.0657445 0.498247 2.11508
-0.301789 -0.101989 2.15725
-0.271416 -0.0756128 2.12078
0.226967 -0.0938309 2.16525
0.22781 -0.0316451 2.121
-0.0324276 -0.000973794 2.2036
-0.0507294 0.289885 2.16584
-0.0680492 0.571097 2.11711
-0.0647637 0.716993 2.08949
-0.217448 0.444468 2.10705
-0.240218 0.193511 2.13311
-0.28179 -0.0183298 2.12748
-0.285284 -0.0270509 2.15075
0.099185 0.460203 2.14435
0.166217 0.209707 2.19637
0.232883 0.00437571 2.18774
0.22997 -0.0109206 2.19915
-0.103474 -0.00404036 2.16274
-0.105658 -0.322496 2.05615
-0.139838 -0.642586 2.13039
-0.14624 -0.712402 2.0293
0.0395533 0.00225346 2.1784
0.0373233 -0.321196 2.31073
-0.00972322 -0.591242 2.37113
0.0049483 -0.67234 2.29664
-0.0638521 0.502175 2.13126
-0.311643 -0.110098 2.17174
-0.221194 -0.0191901 2.13423
0.235874 -0.0926017 2.21884
0.252748 -0.00125461 2.18955
-0.0334525 0.00607677 2.2172
-0.0506242 0.296475 2.17946
-0.0669948 0.577262 2.13087
-0.0654217 0.724183 2.10581
-0.216313 0.449214 2.1179
-0.240791 0.197051 2.14021
-0.284164 -0.0144784 2.13145
-0.298179 -0.0332267 2.14276
0.101421 0.464491 2.15765
0.167221 0.214481 2.21544
0.242259 0.012561 2.21808
0.236773 -0.00825828 2.22814
-0.104274 0.00509639 2.17612
-0.107139 -0.290607 2.12934
-0.165065 -0.559113 2.34882
-0.16748 -0.65625 2.3125
0.0383393 0.00700722 2.19225
0.0380504 -0.304984 2.31271
-0.00589702 -0.580848 2.37239
-0.0159005 -0.672078 2.29809
-0.0630199 0.50844 2.14497
-0.311466 -0.10954 2.16924
-0.295631 -0.107199 2.1675
0.245661 -0.0847955 2.24814
0.256558 0.0120697 2.21678
-0.0335412 0.00686156 2.22796
-0.0509805 0.298233 2.18831
-0.0676167 0.579849 2.13795
-0.0639907 0.725754 2.11278
-0.215794 0.449993 2.11897
-0.241651 0.197765 2.14048
-0.288037 -0.0130806 2.12589
-0.302581 -0.0312744 2.13142
0.10093 0.466876 2.17003
0.16597 0.215909 2.22438
0.240652 0.0138855 2.22743
0.228902 -0.0111793 2.23958
-0.10361 0.005431 2.18272
-0.118733 -0.279473 2.23162
-0.175097 -0.508153 2.49041
-0.179199 -0.601563 2.49219
0.0371753 0.00830949 2.20791
0.0321334 -0.291946 2.30932
-0.00398121 -0.574441 2.37607
-0.0121579 -0.669778 2.30428
-0.0635754 0.510833 2.15247
-0.315405 -0.108854 2.15576
-0.299508 -0.106485 2.1581
0.234931 -0.0884539 2.26817
0.250811 -0.0279385 2.22545
-0.0396836 0.0065918 2.24397
-0.0550817 0.29883 2.19756
-0.0699634 0.580976 2.14193
-0.0641913 0.726938 2.11768
-0.216024 0.450099 2.1188
-0.24622 0.197284 2.13836
-0.299054 -0.0119521 2.12216
-0.318279 -0.0241922 2.13427
0.0972901 0.467527 2.18073
0.161435 0.218007 2.23305
0.233107 0.0150636 2.23862
0.216255 -0.0447098 2.26709
-0.108679 0.00326923 2.19801
-0.134403 -0.260518 2.30687
-0.165413 -0.472791 2.58253
-0.142945 -0.524103 2.46916
0.0303863 0.00982279 2.22393
0.0305111 -0.273387 2.31923
-0.00338802 -0.567266 2.37684
-0.00436933 -0.668786 2.30283
-0.0663166 0.511873 2.15757
-0.335033 -0.10415 2.15785
-0.301738 -0.0776053 2.13176
0.216997 -0.0933402 2.28618
0.236309 -0.0422163 2.24211
-0.0630817 0.0121668 2.27922
-0.0714662 0.302389 2.21481
-0.0797248 0.583347 2.14395
-0.0715851 0.730156 2.12134
-0.224158 0.452673 2.11726
-0.259804 0.199571 2.14265
-0.317414 -0.00839571 2.13502
-0.335868 -0.0258808 2.14774
0.0881262 0.471097 2.18863
0.150176 0.223708 2.24696
0.224832 0.0218368 2.25263
0.208974 -0.0361687 2.2833
-0.130757 0.00604848 2.23422
-0.146308 -0.242609 2.42517
-0.166884 -0.496137 2.66688
-0.169946 -0.591767 2.66261
0.00639116 0.0179453 2.2582
0.0195941 -0.259673 2.33916
-0.00246983 -0.561279 2.37996
-0.00129362 -0.662588 2.30518
-0.0774651 0.51445 2.16297
-0.360147 -0.0977671 2.16791
-0.314665 -0.0608655 2.1425
0.210341 -0.0877764 2.30534
0.223911 -0.047102 2.27183
-0.0704686 0.0187121 2.29889
-0.0806527 0.304942 2.22204
-0.0921993 0.583322 2.13953
-0.0838212 0.729291 2.11621
-0.234622 0.45265 2.11768
-0.268439 0.201154 2.15269
-0.320636 -0.00811134 2.15031
-0.337383 -0.0273121 2.16636
0.0777604 0.472289 2.18824
0.142678 0.227968 2.25598
0.22074 0.0277916 2.26591
0.208793 -0.0259938 2.30301
-0.1392 0.0124607 2.25663
-0.161957 -0.243888 2.4938
-0.172783 -0.51347 2.70009
-0.171023 -0.593956 2.6662
0.000234749 0.0243793 2.27515
0.0160324 -0.256284 2.35058
-0.00394623 -0.560382 2.38043
-0.000464729 -0.661258 2.30467
-0.0887176 0.515061 2.16204
-0.365837 -0.0999655 2.18859
-0.314054 -0.0627363 2.16724
0.211301 -0.0753508 2.32653
0.228338 -0.0248439 2.27633
-0.0768834 0.0217608 2.3113
-0.0879427 0.305723 2.22752
-0.0998504 0.581693 2.13698
-0.093997 0.727266 2.11075
-0.240152 0.449531 2.11808
-0.271598 0.199437 2.16204
-0.315415 -0.0113797 2.16662
-0.327886 -0.0379328 2.18457
0.0703392 0.473757 2.18698
0.138585 0.229689 2.26567
0.219877 0.0312643 2.27944
0.212294 -0.0220276 2.31732
-0.145499 0.0147046 2.2689
-0.165761 -0.242966 2.50674
-0.178531 -0.514097 2.70782
-0.172585 -0.5942 2.6686
-0.00610699 0.0282056 2.28769
0.0162655 -0.256974 2.35289
-0.00574005 -0.559775 2.38123
0.00015623 -0.660597 2.30555
-0.0964193 0.514061 2.16153
-0.346144 -0.108066 2.2168
-0.302897 -0.0584415 2.18758
0.214424 -0.0656621 2.34593
0.23371 -0.0112646 2.28764
-0.0804131 0.0215098 2.31443
-0.0916072 0.304824 2.22892
-0.103417 0.579645 2.13499
-0.101422 0.725214 2.10618
-0.242782 0.446349 2.11748
-0.27066 0.197056 2.16536
-0.30426 -0.015452 2.17287
-0.30953 -0.0406707 2.18997
0.0657557 0.475264 2.1862
0.138533 0.231913 2.27057
0.222002 0.0352806 2.29044
0.220284 -0.0183708 2.32904
-0.149005 0.0140667 2.27258
-0.165919 -0.243913 2.50721
-0.179807 -0.5171 2.71036
-0.173883 -0.596952 2.66893
-0.00959474 0.028316 2.29029
0.0153737 -0.257269 2.35482
-0.00644943 -0.558175 2.38173
0.000144094 -0.658714 2.30541
-0.100221 0.512319 2.16046
-0.328261 -0.113013 2.22416
-0.278615 -0.0649719 2.1925
0.227767 -0.0663448 2.36535
0.236811 -0.01939 2.29611
-0.0800683 0.0200794 2.30821
-0.0926364 0.303891 2.22582
-0.105003 0.578796 2.13246
-0.105029 0.724874 2.10107
-0.243173 0.443559 2.11476
-0.263659 0.193252 2.15754
-0.283984 -0.0210709 2.16449
-0.296567 -0.0500299 2.16764
0.0643241 0.477596 2.18179
0.14571 0.231457 2.26928
0.229583 0.0358749 2.29411
0.229794 0.0151718 2.3029
-0.14839 0.0130583 2.26727
-0.15637 -0.242755 2.45814
-0.178921 -0.503589 2.69225
-0.17418 -0.593298 2.66926
-0.00951088 0.0265052 2.28297
0.0140113 -0.254748 2.35207
-0.00719837 -0.557693 2.38185
1.38097e-005 -0.658058 2.30519
-0.10187 0.511423 2.15781
-0.306174 -0.124392 2.20985
-0.275866 -0.0833424 2.18217
0.236393 -0.0532089 2.34029
0.250583 -0.0201863 2.29418
-0.0683332 0.015514 2.28961
-0.0870312 0.301679 2.21577
-0.103525 0.578233 2.12906
-0.105338 0.723632 2.09789
-0.242127 0.442447 2.11322
-0.259983 0.195409 2.14859
-0.278062 -0.0198821 2.14074
-0.294739 -0.0463001 2.13617
0.0683076 0.477581 2.17186
0.156505 0.230135 2.255
0.242651 0.0358128 2.2811
0.242362 0.00666796 2.28309
-0.136928 0.00821574 2.25144
-0.13479 -0.266661 2.37404
-0.171436 -0.497076 2.63482
-0.149205 -0.551024 2.52344
0.00215774 0.0223868 2.26161
0.0182947 -0.256923 2.33967
-0.00722202 -0.558094 2.38125
-0.000241231 -0.658487 2.30462
-0.0996447 0.510525 2.15299
-0.305329 -0.125033 2.16863
-0.253155 0.0242778 2.1665
0.25031 -0.0608598 2.32145
0.260886 0.0186365 2.26446
-0.0499018 0.0122752 2.27319
-0.0761276 0.29908 2.20764
-0.0997851 0.576792 2.12812
-0.10322 0.722154 2.09542
-0.240677 0.442174 2.11381
-0.256075 0.194578 2.14546
-0.277859 -0.0197923 2.11917
-0.291851 -0.0454265 2.11092
0.0736664 0.47452 2.16289
0.163039 0.226842 2.23821
0.249904 0.0308726 2.25207
0.246944 0.00053744 2.24618
-0.11996 0.0064362 2.23517
-0.122105 -0.276936 2.25772
-0.15819 -0.495278 2.52816
-0.13909 -0.548271 2.41557
0.0216586 0.0176568 2.24499
0.028731 -0.267168 2.32799
-0.00560354 -0.560499 2.38203
-0.00236497 -0.661362 2.30619
-0.0943184 0.508758 2.15049
-0.299467 -0.124562 2.13222
-0.283564 -0.0925358 2.13225
0.2591 -0.0710975 2.2828
0.260958 -0.00854073 2.21189
-0.0441512 0.0125466 2.26445
-0.0706862 0.298711 2.20289
-0.0956584 0.575952 2.12769
-0.100136 0.721195 2.09361
-0.238968 0.443852 2.11732
-0.254553 0.196656 2.14564
-0.275859 -0.0167751 2.10923
-0.285426 -0.0360822 2.10154
0.0769416 0.472068 2.15703
0.161763 0.222257 2.22187
0.245628 0.0236005 2.22014
0.235943 -0.00186394 2.21347
-0.114347 0.00838997 2.22785
-0.112625 -0.281274 2.20465
-0.137981 -0.546895 2.43314
-0.153809 -0.633789 2.39844
0.0274029 0.016169 2.2347
0.0317288 -0.280043 2.31964
-0.00296059 -0.559447 2.38066
-0.00448249 -0.660482 2.30513
-0.0897556 0.507985 2.1489
-0.296412 -0.116307 2.11728
-0.278165 -0.0995373 2.1154
0.246966 -0.075767 2.24
0.252603 -0.0116126 2.17537
-0.0446901 0.0134034 2.25455
-0.0683481 0.29976 2.1986
-0.0909562 0.577193 2.12802
-0.0951364 0.721874 2.09259
-0.237892 0.447578 2.1213
-0.252314 0.199806 2.14776
-0.275717 -0.0129027 2.10755
-0.292367 -0.0303109 2.11612
0.0798469 0.472204 2.15147
0.158901 0.221589 2.20976
0.232914 0.0187693 2.19962
0.220708 -0.00516807 2.19359
-0.114738 0.00999912 2.2197
-0.107449 -0.281897 2.19554
-0.106561 -0.594752 2.36142
-0.0925363 -0.672799 2.29229
0.0267272 0.0162716 2.22307
0.0299065 -0.306836 2.32156
-0.00940218 -0.57112 2.37949
-0.0090412 -0.671674 2.30983
-0.0857816 0.509114 2.14794
-0.302196 -0.107525 2.13163
-0.272219 -0.0828343 2.11671
0.227776 -0.0864693 2.22363
0.234929 -0.0207859 2.16307
-0.0466414 0.0125231 2.24652
-0.0682347 0.300032 2.19536
-0.0897802 0.577848 2.12836
-0.0922148 0.722907 2.09223
-0.237957 0.448728 2.12192
-0.252716 0.200394 2.14801
-0.2839 -0.012411 2.11735
-0.303879 -0.0278735 2.13442
0.0830626 0.471153 2.15388
0.153787 0.221926 2.20576
0.227456 0.0189616 2.19626
0.21538 -0.00675331 2.19503
-0.116796 0.0091483 2.20973
-0.104741 -0.291684 2.19914
-0.100394 -0.602996 2.3573
-0.0875846 -0.676413 2.28684
0.0249333 0.0154615 2.2169
0.0290677 -0.313277 2.32209
-0.0199895 -0.580333 2.37521
-0.00976497 -0.672099 2.30798
-0.0848627 0.509605 2.14757
-0.316991 -0.10234 2.14902
-0.290958 -0.10017 2.144
0.22658 -0.0862974 2.21926
0.22856 -0.0219874 2.16247
-0.0520175 0.0145961 2.2386
-0.0707412 0.30312 2.19027
-0.0897899 0.581397 2.12751
-0.09017 0.726908 2.09223
-0.238787 0.453378 2.12032
-0.257715 0.205482 2.14621
-0.298381 -0.00645522 2.12676
-0.317739 -0.0184052 2.14346
0.0815317 0.473064 2.15368
0.150042 0.223415 2.20563
0.222577 0.0200471 2.19865
0.210268 -0.00355245 2.20634
-0.122379 0.0111502 2.19955
-0.104658 -0.297094 2.21564
-0.0957902 -0.606391 2.35641
-0.0849087 -0.677315 2.28707
0.0199319 0.0175423 2.21122
0.0238828 -0.314492 2.3194
-0.0287905 -0.587804 2.37505
-0.0113389 -0.672106 2.30589
-0.0852528 0.513067 2.14568
-0.336272 -0.0974064 2.16304
-0.30253 -0.0874476 2.15043
0.218788 -0.0808702 2.23002
0.225074 0.0159754 2.2125
-0.061797 0.0179548 2.23114
-0.0766949 0.307779 2.18457
-0.0917848 0.587289 2.1253
-0.0903472 0.733218 2.09335
-0.240218 0.458723 2.11455
-0.26628 0.210962 2.14144
-0.315928 0.000803509 2.12957
-0.337998 -0.0259939 2.13952
0.0785836 0.476411 2.1539
0.143274 0.227999 2.21022
0.215854 0.0250493 2.21313
0.207935 0.000779906 2.21768
-0.131856 0.0150855 2.19026
-0.086523 -0.324199 2.26492
-0.0952311 -0.608646 2.36022
-0.0848124 -0.678574 2.28685
0.0100933 0.020305 2.20569
-0.0122822 -0.312812 2.3044
-0.0358354 -0.598979 2.37323
-0.0135874 -0.672334 2.30217
-0.088103 0.518753 2.14238
-0.353188 -0.0963952 2.16491
-0.33328 -0.092014 2.15957
0.217245 -0.0727031 2.23802
0.195456 -0.0389737 2.2322
-0.066542 0.0193899 2.22701
-0.0797452 0.309781 2.18181
-0.0931256 0.589911 2.12421
-0.0914275 0.736363 2.09296
-0.242352 0.461858 2.11004
-0.271652 0.213079 2.13519
-0.325167 0.00392465 2.12033
-0.34418 -0.0277037 2.12395
0.0753264 0.479381 2.15567
0.138533 0.230795 2.2147
0.210764 0.0278011 2.21903
0.199281 0.00355089 2.22541
-0.136217 0.0162071 2.18413
-0.0908338 -0.327025 2.27282
-0.0963131 -0.60932 2.36504
-0.0898579 -0.679194 2.28741
0.00499885 0.0220168 2.20326
-0.020083 -0.312433 2.30407
-0.0369158 -0.599559 2.37244
-0.0150862 -0.672325 2.29981
-0.0898284 0.521244 2.14082
-0.355663 -0.0967785 2.1505
-0.330803 -0.0914592 2.14625
0.203985 -0.074713 2.24588
0.180232 -0.0153072 2.23025
-0.0714533 0.0195621 2.22354
-0.0839333 0.311231 2.17984
-0.0964882 0.592791 2.12403
-0.0921483 0.73766 2.09338
-0.244076 0.463862 2.10702
-0.275642 0.213671 2.12923
-0.329307 0.00476852 2.10819
-0.342696 -0.0263225 2.10355
0.072496 0.480866 2.15865
0.13268 0.231942 2.21745
0.201767 0.0281441 2.22549
0.185865 0.00387082 2.22644
-0.140325 0.0162324 2.17994
-0.0980114 -0.330033 2.28007
-0.0962545 -0.608504 2.36639
-0.0901239 -0.679146 2.29018
-0.00055942 0.0223265 2.20077
-0.0267285 -0.31041 2.30448
-0.0368897 -0.599346 2.37179
-0.0143679 -0.67265 2.29951
-0.0933809 0.523761 2.1401
-0.354999 -0.10095 2.12655
-0.339287 -0.0915191 2.12617
0.186408 -0.0701994 2.23791
0.163113 -0.00816073 2.226
-0.0780813 0.0179602 2.2196
-0.0888796 0.310853 2.17821
-0.0997119 0.593436 2.12461
-0.0947125 0.739051 2.09569
-0.247018 0.464496 2.10582
-0.279845 0.213899 2.12291
-0.329333 0.00518711 2.08723
-0.338011 -0.0212197 2.07965
0.0682608 0.4815 2.16128
0.125458 0.231978 2.21823
0.188433 0.0262281 2.22696
0.173537 -0.000404222 2.22256
-0.146154 0.014981 2.17554
-0.129572 -0.295504 2.28088
-0.100702 -0.608166 2.36851
-0.0990901 -0.679241 2.29129
-0.00779074 0.020397 2.19744
-0.0301808 -0.309323 2.30507
-0.0375127 -0.598105 2.37184
-0.0143834 -0.673265 2.29828
-0.0969971 0.524194 2.14013
-0.350011 -0.0975162 2.09202
-0.321719 -0.0641357 2.08687
0.173457 -0.072884 2.24044
0.149376 -0.00726408 2.21392
-0.082684 0.0164367 2.21748
-0.0927667 0.310255 2.17745
-0.102778 0.593786 2.12534
-0.0990894 0.74005 2.09823
-0.250851 0.464705 2.10567
-0.28277 0.213545 2.12108
-0.33027 0.00516067 2.07955
-0.341215 -0.0196429 2.07525
0.0654976 0.48105 2.16125
0.121132 0.230193 2.2165
0.183933 0.0239667 2.22024
0.173628 -0.00423513 2.21053
-0.150505 0.0136573 2.17344
-0.132011 -0.294892 2.28103
-0.104508 -0.604785 2.36804
-0.0985276 -0.679109 2.29266
-0.0124707 0.0187087 2.19531
-0.0313458 -0.308695 2.30498
-0.0370107 -0.595636 2.37174
-0.0134169 -0.673328 2.29843
-0.100277 0.524322 2.14044
-0.352779 -0.0971254 2.0843
-0.318942 -0.0505788 2.0702
0.175483 -0.0729135 2.23487
0.162913 -0.0221551 2.2208
-0.0867098 0.0155229 2.21555
-0.0968754 0.309677 2.17664
-0.106722 0.593736 2.12601
-0.102899 0.741057 2.10045
-0.255155 0.463768 2.10558
-0.287747 0.213364 2.12011
-0.334908 0.004577 2.08081
-0.351917 -0.0175429 2.08494
0.061296 0.480683 2.16113
0.117415 0.229363 2.21301
0.181283 0.0231017 2.21046
0.173046 -0.00726707 2.19811
-0.154405 0.0127778 2.17121
-0.134045 -0.294837 2.28163
-0.105655 -0.602669 2.36747
-0.0998278 -0.679788 2.29265
-0.0164847 0.0177808 2.19373
-0.0331449 -0.308133 2.30477
-0.0368692 -0.595955 2.37207
-0.0126928 -0.673735 2.29785
-0.10431 0.524134 2.1407
-0.366326 -0.0919559 2.0921
-0.327242 -0.0545802 2.07016
0.176221 -0.0772788 2.22695
0.148144 0.0130579 2.1925
-0.0907048 0.0149495 2.21418
-0.101064 0.309608 2.17635
-0.111007 0.594288 2.12715
-0.106097 0.741603 2.10182
-0.259045 0.463517 2.10535
-0.292803 0.212266 2.11934
-0.347934 0.00441149 2.08939
-0.364604 -0.0206287 2.10125
0.0576061 0.480425 2.16057
0.114305 0.228287 2.20909
0.177566 0.0216733 2.20052
0.167849 -0.00527622 2.18912
-0.158344 0.0124137 2.16956
-0.136562 -0.294057 2.28286
-0.106891 -0.600962 2.36674
-0.0988518 -0.679346 2.29317
-0.0204143 0.0170247 2.19267
-0.0340858 -0.30636 2.30438
-0.0360294 -0.59524 2.3722
-0.0128525 -0.673599 2.29752
-0.108599 0.524524 2.14144
-0.380525 -0.0943647 2.11446
-0.339693 -0.0476179 2.08959
0.171921 -0.0756417 2.21294
0.148736 -0.0103231 2.1917
-0.0931771 0.0142667 2.21355
-0.10394 0.309333 2.17617
-0.11427 0.594573 2.12755
-0.109175 0.741407 2.10285
-0.262292 0.463285 2.10426
-0.297338 0.210437 2.12007
-0.354768 0.00269343 2.09723
-0.370841 -0.0210481 2.11126
0.0546545 0.480059 2.161
0.112043 0.22736 2.20739
0.173317 0.0201273 2.19591
0.163348 -0.00414018 2.19029
-0.160818 0.0116544 2.16898
-0.139688 -0.292696 2.28385
-0.109501 -0.597258 2.36654
-0.0994489 -0.679713 2.29161
-0.0228116 0.0164422 2.192
-0.0347024 -0.305097 2.30424
-0.0318869 -0.588318 2.37091
-0.0134696 -0.673694 2.29684
-0.111781 0.524658 2.14167
-0.386602 -0.0950429 2.12937
-0.344609 -0.045321 2.10096
0.165781 -0.0703243 2.20129
0.145803 -0.0250923 2.19118
-0.0944582 0.0142111 2.21348
-0.106317 0.309378 2.17574
-0.117758 0.594739 2.12671
-0.112455 0.741126 2.10367
-0.266063 0.462502 2.10214
-0.301182 0.209793 2.12119
-0.358357 0.00188917 2.10015
-0.37196 -0.0244215 2.11152
0.050667 0.479169 2.16
0.110349 0.227217 2.20734
0.170732 0.0197173 2.19711
0.161647 -0.00204987 2.19691
-0.161924 0.0115243 2.1688
-0.141875 -0.291966 2.28484
-0.111707 -0.592163 2.36767
-0.10118 -0.679268 2.29225
-0.0242472 0.0164789 2.19206
-0.0351588 -0.304551 2.30425
-0.0316738 -0.589445 2.37108
-0.0140228 -0.673959 2.29576
-0.115006 0.524796 2.14094
-0.388034 -0.0982659 2.13634
-0.34933 -0.0415606 2.113
0.165919 -0.0695728 2.20962
0.14149 -0.0276474 2.202
-0.0964209 0.0140211 2.21447
-0.10946 0.309399 2.17581
-0.12221 0.595067 2.12564
-0.119487 0.74096 2.10372
-0.269866 0.462421 2.10213
-0.302937 0.20884 2.12148
-0.357889 0.000334469 2.10028
-0.365821 -0.0272296 2.10418
0.0470089 0.479913 2.1588
0.10855 0.227974 2.20845
0.171084 0.0211829 2.20291
0.167015 0.000928609 2.20923
-0.163833 0.0112069 2.16959
-0.14329 -0.291183 2.28573
-0.112222 -0.600529 2.36835
-0.10264 -0.678591 2.29209
-0.0262231 0.0164346 2.19333
-0.0356384 -0.303828 2.30453
-0.0291004 -0.586592 2.37116
-0.0153432 -0.674204 2.2945
-0.119136 0.525043 2.14018
-0.378825 -0.100021 2.12221
-0.347382 -0.0603552 2.10964
0.171174 -0.0685477 2.22512
0.13881 -0.0145344 2.20473
-0.0981824 0.0138887 2.21622
-0.111833 0.309526 2.17672
-0.125134 0.595454 2.12587
-0.125304 0.741705 2.10451
-0.273155 0.462103 2.10292
-0.303441 0.208601 2.12169
-0.355651 -0.000431125 2.09714
-0.36052 -0.0302502 2.09712
0.0439617 0.479801 2.15743
0.107542 0.228792 2.20985
0.173226 0.0230649 2.20666
0.169155 0.00257114 2.21152
-0.166016 0.0108356 2.17232
-0.143444 -0.290098 2.2877
-0.111665 -0.602891 2.36967
-0.102747 -0.678775 2.29281
-0.0275363 0.0164702 2.19434
-0.0359659 -0.30316 2.30542
-0.0291437 -0.585594 2.37092
-0.0152783 -0.674272 2.29513
-0.121927 0.525365 2.14057
-0.368958 -0.10523 2.11972
-0.347305 -0.0637871 2.10622
0.172604 -0.0664479 2.2302
0.141613 -0.0146609 2.20758
-0.0994049 0.0135697 2.21746
-0.113981 0.309338 2.17733
-0.128303 0.595405 2.12576
-0.129639 0.741302 2.10404
-0.274949 0.461967 2.10329
-0.303783 0.208728 2.12205
-0.352284 -0.00106217 2.09525
-0.35654 -0.0290802 2.09567
0.0408174 0.480111 2.157
0.107007 0.229519 2.21125
0.173699 0.0241148 2.20796
0.167974 0.00445663 2.20991
-0.167282 0.010248 2.17392
-0.143537 -0.290962 2.28875
-0.11121 -0.603133 2.3688
-0.100989 -0.678761 2.29269
-0.0286299 0.016392 2.19518
-0.0364054 -0.303362 2.30641
-0.0321821 -0.586245 2.37127
-0.0153079 -0.674043 2.29545
-0.12484 0.525281 2.14065
-0.364201 -0.106183 2.11622
-0.32458 -0.0318063 2.08736
0.174033 -0.0656717 2.23275
0.153236 -0.0363358 2.22225
-0.100534 0.0137169 2.21968
-0.116043 0.309256 2.17895
-0.131248 0.595039 2.12696
-0.133559 0.741152 2.1043
-0.277679 0.4617 2.10517
-0.304271 0.209278 2.12256
-0.349393 -0.00133889 2.09634
-0.356833 -0.031051 2.10043
0.0388653 0.481268 2.15864
0.106404 0.230239 2.21327
0.174007 0.0251178 2.20949
0.167044 0.00462833 2.21166
-0.16823 0.0101933 2.17614
-0.143544 -0.291237 2.29025
-0.110836 -0.608817 2.3719
-0.101933 -0.678683 2.29353
-0.029881 0.0167524 2.19733
-0.0363013 -0.30277 2.30758
-0.0339976 -0.58792 2.37161
-0.0149951 -0.673637 2.29544
-0.127566 0.524995 2.14195
-0.365737 -0.10733 2.12168
-0.325456 -0.0318987 2.093
0.170638 -0.0659159 2.2355
0.152004 -0.00213571 2.21537
-0.102125 0.0141229 2.22178
-0.11784 0.309343 2.18033
-0.133195 0.594857 2.12792
-0.137052 0.741652 2.10532
-0.280785 0.461763 2.10847
-0.30485 0.209374 2.12505
-0.34707 -0.00194568 2.09996
-0.358918 -0.0302456 2.10937
0.0370784 0.482591 2.16069
0.10613 0.230945 2.21546
0.173743 0.0257824 2.21028
0.166347 0.0083948 2.21462
-0.169755 0.0104311 2.17863
-0.143799 -0.291803 2.29194
-0.117841 -0.615718 2.37685
-0.10163 -0.678997 2.29327
-0.0314817 0.0173207 2.19904
-0.0362847 -0.302402 2.30828
-0.0341286 -0.588064 2.37179
-0.0150435 -0.67382 2.29589
-0.129468 0.52488 2.14299
-0.370343 -0.106737 2.12944
-0.329689 -0.0488581 2.0946
0.173798 -0.0597223 2.23185
0.143791 0.00325195 2.2175
-0.102276 0.0142151 2.22329
-0.118502 0.309109 2.1814
-0.134226 0.594307 2.12872
-0.138499 0.741212 2.10549
-0.281838 0.461537 2.10988
-0.305532 0.208787 2.12845
-0.346159 -0.00297031 2.10522
-0.359864 -0.0318773 2.11657
0.0359985 0.482941 2.16136
0.105721 0.231284 2.21674
0.17388 0.0263284 2.21238
0.167332 0.00825643 2.21597
-0.169923 0.0103055 2.18045
-0.143875 -0.293 2.29363
-0.118057 -0.595516 2.37364
-0.103249 -0.678887 2.293
-0.0316042 0.0176044 2.20024
-0.036247 -0.30277 2.30946
-0.0353399 -0.588464 2.37164
-0.0147796 -0.673868 2.29595
-0.130411 0.524415 2.14386
-0.371822 -0.106834 2.13753
-0.330864 -0.0452218 2.10925
0.173601 -0.0595875 2.22895
0.147229 -0.00912688 2.21773
-0.102425 0.0147273 2.22519
-0.119523 0.309326 2.18325
-0.136017 0.594175 2.13063
-0.139728 0.740668 2.10631
-0.282793 0.461459 2.11183
-0.307043 0.208968 2.13322
-0.346293 -0.00323692 2.11356
-0.360696 -0.0324199 2.1253
0.0348678 0.484104 2.16258
0.105622 0.232028 2.21834
0.174074 0.0271804 2.21431
0.168233 0.00993956 2.2179
-0.170081 0.0107714 2.18272
-0.143732 -0.293477 2.29481
-0.113909 -0.60099 2.37207
-0.103226 -0.678842 2.29274
-0.0317354 0.0181659 2.20176
-0.0359819 -0.302794 2.31018
-0.0353771 -0.588169 2.37149
-0.0150091 -0.673677 2.29615
-0.132019 0.524373 2.14573
-0.372834 -0.108167 2.14639
-0.332664 -0.0302778 2.119
0.172073 -0.0582974 2.23574
0.150601 -0.0128984 2.21927
-0.103382 0.0152357 2.22826
-0.120607 0.309334 2.18598
-0.137182 0.593799 2.13306
-0.141229 0.740406 2.10768
-0.283703 0.461231 2.11587
-0.307878 0.209525 2.13944
-0.345977 -0.0029289 2.12067
-0.359167 -0.0325851 2.13174
0.0337679 0.484956 2.1638
0.105964 0.232954 2.22074
0.174058 0.0279553 2.21573
0.167586 0.00954978 2.21735
-0.170941 0.0111949 2.18667
-0.143629 -0.293935 2.29576
-0.11122 -0.608042 2.37474
-0.104106 -0.678132 2.2951
-0.0327994 0.0187376 2.20409
-0.0359863 -0.30308 2.31152
-0.0360289 -0.587029 2.37185
-0.01492 -0.673771 2.29658
-0.133163 0.524082 2.14823
-0.37096 -0.10765 2.15464
-0.335702 -0.01511 2.1253
0.173866 -0.0585706 2.2324
0.148616 -0.00473245 2.21955
-0.10294 0.0156915 2.23003
-0.120549 0.309303 2.18745
-0.137296 0.593372 2.13428
-0.141883 0.740015 2.10817
-0.283887 0.460914 2.11914
-0.308177 0.209378 2.14301
-0.345328 -0.00323517 2.12399
-0.357913 -0.0307969 2.13338
0.0335428 0.485354 2.1647
0.106216 0.233232 2.22122
0.173927 0.0280847 2.21551
0.167101 0.00813901 2.21557
-0.170483 0.0116143 2.18878
-0.143645 -0.295111 2.29728
-0.109549 -0.606214 2.37257
-0.103768 -0.678143 2.29509
-0.0323709 0.0192544 2.2056
-0.0361659 -0.303008 2.31193
-0.0361376 -0.586838 2.37185
-0.0145039 -0.673948 2.29616
-0.133251 0.523752 2.1495
-0.369676 -0.107155 2.15661
-0.331565 -0.0446839 2.12664
0.169739 -0.0594388 2.22679
0.152605 -0.0255162 2.2312
-0.102687 0.0160104 2.23189
-0.120278 0.309238 2.189
-0.136931 0.592965 2.13545
-0.142237 0.740283 2.1094
-0.284027 0.461389 2.12244
-0.307508 0.209155 2.14611
-0.345096 -0.0034325 2.12872
-0.358185 -0.0320748 2.13687
0.0331102 0.485483 2.16517
0.106365 0.233628 2.2216
0.173947 0.028415 2.21493
0.166478 0.0080696 2.2125
-0.170286 0.0119932 2.1913
-0.143613 -0.294896 2.29747
-0.109478 -0.608858 2.37228
-0.104083 -0.678442 2.29674
-0.0320924 0.0195002 2.20674
-0.0362947 -0.302993 2.31222
-0.0364865 -0.588123 2.37166
-0.0147596 -0.67387 2.29606
-0.132921 0.523423 2.15077
-0.360655 -0.107417 2.15983
-0.336209 -0.0624173 2.134
0.168699 -0.0594297 2.22646
0.147649 -0.015136 2.21688
-0.102246 0.0163672 2.23317
-0.119792 0.309433 2.19076
-0.136352 0.592914 2.1376
-0.142082 0.740439 2.11039
-0.284263 0.462033 2.1269
-0.30715 0.209329 2.14913
-0.345667 -0.00306885 2.13137
-0.359641 -0.0336805 2.13942
0.0332592 0.485777 2.16618
0.106489 0.233687 2.22159
0.173227 0.0281732 2.21366
0.165911 0.00704712 2.20761
-0.169894 0.0124826 2.19296
-0.143359 -0.294223 2.29764
-0.110452 -0.606152 2.37247
-0.103314 -0.678505 2.29641
-0.031645 0.0197359 2.20761
-0.0363804 -0.303035 2.31243
-0.0375994 -0.589392 2.37216
-0.0153591 -0.673879 2.29586
-0.132373 0.523435 2.15283
-0.367418 -0.107653 2.16629
-0.339605 -0.035065 2.13485
0.167661 -0.0624711 2.22615
0.158082 -0.0217314 2.22094
-0.101912 0.016529 2.23384
-0.119304 0.309774 2.19227
-0.135643 0.593462 2.14009
-0.141283 0.740095 2.11265
-0.284156 0.462571 2.12989
-0.306768 0.209803 2.15311
-0.346227 -0.00241016 2.13529
-0.361164 -0.0323676 2.14453
0.0333888 0.485928 2.16662
0.106601 0.233884 2.22129
0.172389 0.0280392 2.21117
0.164387 0.00570677 2.20375
-0.169654 0.0126699 2.19354
-0.143274 -0.294453 2.29799
-0.109572 -0.608415 2.37216
-0.104285 -0.678361 2.29581
-0.0312231 0.0198665 2.20828
-0.0364214 -0.30307 2.31254
-0.0375514 -0.589099 2.37187
-0.0157457 -0.6739 2.29552
-0.131728 0.523926 2.15506
-0.368622 -0.108012 2.16982
-0.334604 -0.0498475 2.12885
0.16921 -0.0634955 2.22637
0.144177 0.0033488 2.202
-0.101449 0.0167152 2.2342
-0.11865 0.309954 2.19342
-0.134753 0.593531 2.14231
-0.139174 0.73958 2.11437
-0.283959 0.462577 2.13289
-0.30678 0.209815 2.1563
-0.347772 -0.00212974 2.13973
-0.36248 -0.0291521 2.14972
0.0342224 0.486146 2.16735
0.106353 0.234211 2.22014
0.170702 0.0279443 2.20522
0.163414 0.00482619 2.1992
-0.169178 0.013012 2.19407
-0.143249 -0.294368 2.29824
-0.109761 -0.603734 2.37161
-0.103268 -0.678031 2.29733
-0.0307637 0.0199298 2.20848
-0.0367379 -0.302881 2.31232
-0.0367293 -0.589445 2.37258
-0.0158238 -0.673575 2.29542
-0.130901 0.524032 2.157
-0.370735 -0.102682 2.17076
-0.33533 -0.0317647 2.14189
0.173044 -0.0639287 2.22734
0.167189 0.0253322 2.20057
-0.101 0.0168656 2.23428
-0.117725 0.310333 2.19448
-0.133171 0.594215 2.14477
-0.137079 0.739891 2.11747
-0.283378 0.46299 2.1364
-0.306558 0.211286 2.15905
-0.348459 -0.00051245 2.1439
-0.364316 -0.0295816 2.15211
0.0350402 0.486189 2.16762
0.106753 0.234337 2.21831
0.168954 0.0275097 2.19974
0.161658 0.00599138 2.1936
-0.168803 0.013281 2.19437
-0.14329 -0.294088 2.29854
-0.109019 -0.604618 2.37075
-0.102009 -0.678602 2.29545
-0.0301313 0.0200098 2.20832
-0.0369356 -0.303179 2.31215
-0.0359694 -0.590181 2.3723
-0.0159683 -0.673704 2.29555
-0.129491 0.524631 2.15909
-0.372381 -0.103735 2.1765
-0.336314 -0.0478721 2.14501
0.171124 -0.0636009 2.21826
0.137425 -0.0127508 2.19963
-0.100803 0.016998 2.23426
-0.117111 0.310516 2.19506
-0.131999 0.594364 2.14606
-0.13579 0.740452 2.11904
-0.283046 0.462703 2.13719
-0.306403 0.212259 2.16022
-0.348798 0.000567633 2.14472
-0.363277 -0.0288503 2.15054
0.0362135 0.486245 2.16828
0.107042 0.234481 2.2168
0.167693 0.0272442 2.19684
0.162371 0.00504931 2.19335
-0.168584 0.0136555 2.19462
-0.143217 -0.29419 2.2989
-0.108626 -0.606374 2.37093
-0.103434 -0.678272 2.29417
-0.0298872 0.0199993 2.20807
-0.0369108 -0.303301 2.31191
-0.03552 -0.590826 2.37224
-0.0164449 -0.673561 2.2953
-0.128462 0.524795 2.1602
-0.373449 -0.102944 2.16989
-0.335231 -0.0425933 2.14259
0.169022 -0.0635672 2.21464
0.141948 0.0094821 2.1978
-0.100532 0.0169683 2.23442
-0.116517 0.310502 2.19548
-0.13116 0.594347 2.1465
-0.135072 0.740564 2.11977
-0.282531 0.462423 2.13796
-0.306275 0.212516 2.16061
-0.348571 0.000802546 2.14513
-0.362651 -0.030379 2.14999
0.0371951 0.486254 2.16847
0.107441 0.234522 2.21591
0.167697 0.0272059 2.19514
0.162306 0.00556597 2.19265
-0.168398 0.013711 2.19474
-0.14317 -0.29405 2.299
-0.10882 -0.605772 2.37088
-0.103594 -0.678186 2.29414
-0.0295482 0.0198505 2.20824
-0.0368856 -0.303373 2.31189
-0.0351406 -0.591011 2.37186
-0.0166581 -0.673648 2.29514
-0.127682 0.524778 2.16065
-0.373613 -0.102983 2.17078
-0.336086 -0.0398045 2.14039
0.167682 -0.0640263 2.2094
0.145578 -0.0276985 2.1982
-0.100253 0.0169183 2.23444
-0.115877 0.310417 2.19565
-0.130142 0.594259 2.14666
-0.134502 0.740707 2.12003
-0.282333 0.461916 2.13848
-0.30593 0.213138 2.16121
-0.347992 0.00137976 2.14547
-0.361252 -0.0298136 2.14891
0.0380419 0.485966 2.16797
0.10813 0.234712 2.21485
0.167763 0.0271576 2.19525
0.164579 0.00602931 2.19346
-0.168161 0.0137561 2.1948
-0.142796 -0.294352 2.29954
-0.108818 -0.606888 2.37073
-0.102255 -0.678948 2.29388
-0.0292024 0.0196531 2.20822
-0.0368307 -0.303633 2.31183
-0.0352454 -0.592034 2.37243
-0.0167695 -0.674144 2.29526
-0.126761 0.524687 2.16084
-0.373802 -0.10304 2.17189
-0.350463 -0.0619096 2.157
0.169746 -0.0595988 2.2059
0.140734 -0.0162125 2.19959
