-0.0884118 0.0188605 2.23159
-0.100668 0.311451 2.19099
-0.112093 0.593984 2.13861
-0.116498 0.739104 2.10945
-0.264214 0.464944 2.12971
-0.29786 0.219157 2.15779
-0.355123 0.00769273 2.1362
-0.369228 -0.0324754 2.13607
0.0608613 0.485234 2.16169
0.112349 0.233837 2.21472
0.176314 0.0244649 2.18685
0.182276 0.00155932 2.18406
-0.160134 0.0167907 2.18945
-0.138783 -0.298624 2.28785
-0.109321 -0.611644 2.3644
-0.0997867 -0.682032 2.27296
-0.0139922 0.020334 2.20452
-0.026054 -0.304188 2.30794
-0.0261133 -0.587291 2.37425
-0.0153662 -0.67547 2.28649
-0.109377 0.524804 2.15378
-0.368027 -0.101387 2.14751
-0.346589 -0.0457528 2.13115
0.187329 -0.0634447 2.18986
0.200893 0.0117936 2.15878
-0.0889194 0.0190372 2.23115
-0.100881 0.311481 2.19064
-0.112107 0.593916 2.13832
-0.116084 0.738648 2.10841
-0.264677 0.464941 2.12946
-0.298711 0.219549 2.15805
-0.360061 0.0091881 2.13831
-0.374724 -0.0296166 2.1401
0.0600616 0.485447 2.16248
0.113568 0.234541 2.21555
0.190216 0.0291133 2.19391
0.196481 0.00649167 2.19109
-0.160635 0.0169851 2.18899
-0.139041 -0.29816 2.28775
-0.109326 -0.611599 2.36462
-0.0996277 -0.681812 2.27292
-0.0144765 0.020488 2.20413
-0.0261763 -0.304008 2.30775
-0.0253097 -0.586518 2.37413
-0.0148404 -0.675101 2.28718
-0.109435 0.524757 2.15348
-0.375253 -0.100017 2.15301
-0.351056 -0.0356156 2.1315
0.20403 -0.0620772 2.19817
0.214027 -0.000238872 2.15707
-0.0895555 0.0192104 2.23081
-0.101212 0.31146 2.19018
-0.112191 0.593709 2.13775
-0.115786 0.738008 2.10744
-0.26524 0.464844 2.12925
-0.299907 0.219496 2.15839
-0.364514 0.0100383 2.14201
-0.37429 -0.0288655 2.14808
0.0595456 0.48539 2.1626
0.115932 0.235599 2.2168
0.202273 0.0338692 2.20204
0.212651 -0.0218063 2.20625
-0.161357 0.0171361 2.18854
-0.139448 -0.297906 2.28765
-0.109515 -0.611989 2.36461
-0.10025 -0.681558 2.27524
-0.0150175 0.0206799 2.20389
-0.0261108 -0.303206 2.30742
-0.0240622 -0.585061 2.37422
-0.0151684 -0.674828 2.28785
-0.109578 0.524598 2.15294
-0.377324 -0.10028 2.16156
-0.348439 -0.0368258 2.13569
0.216614 -0.0665271 2.21819
0.22871 -0.0141531 2.1714
-0.0903879 0.0194239 2.23068
-0.101687 0.311459 2.18986
-0.112376 0.593412 2.13719
-0.115686 0.73815 2.10703
-0.265967 0.465023 2.129
-0.300955 0.219853 2.15922
-0.364896 0.0101377 2.14602
-0.370125 -0.0285777 2.14947
0.0586392 0.485417 2.16258
0.117408 0.234915 2.21756
0.206511 0.034418 2.20974
0.214674 -0.0253796 2.21219
-0.162209 0.0174337 2.18834
-0.139915 -0.296231 2.28668
-0.109181 -0.613169 2.36446
-0.0999837 -0.681993 2.27406
-0.0158211 0.0208286 2.20386
-0.0264521 -0.301899 2.30649
-0.0226049 -0.582308 2.37382
-0.0150019 -0.674593 2.28713
-0.109844 0.524388 2.15246
-0.368393 -0.10181 2.15955
-0.342282 -0.0249245 2.13094
0.215411 -0.0678575 2.22611
0.231728 -0.0514008 2.18883
-0.0909502 0.0196646 2.23069
-0.101964 0.311549 2.18977
-0.112457 0.593427 2.13708
-0.115515 0.73766 2.10632
-0.266334 0.465062 2.1287
-0.301799 0.220014 2.15955
-0.36487 0.0100228 2.14789
-0.367137 -0.0313669 2.14982
0.0582077 0.485483 2.16268
0.117726 0.233393 2.21772
0.206576 0.0328676 2.21282
0.209272 -0.0275138 2.21788
-0.162741 0.017629 2.18839
-0.139988 -0.296291 2.28687
-0.110296 -0.608707 2.36422
-0.0999408 -0.681642 2.27442
-0.0163893 0.0211082 2.20385
-0.0264323 -0.301495 2.30629
-0.0236823 -0.582654 2.37469
-0.0150818 -0.67448 2.28701
-0.109964 0.524415 2.15235
-0.365523 -0.101412 2.16177
-0.338519 -0.0280127 2.13544
0.211728 -0.0703775 2.22746
0.198883 -0.0367729 2.18978
-0.0911253 0.0197312 2.23073
-0.102056 0.311571 2.18968
-0.112454 0.593354 2.1368
-0.115619 0.738086 2.10619
-0.266357 0.465212 2.12831
-0.302306 0.219857 2.15965
-0.364781 0.00968554 2.14799
-0.365976 -0.0286111 2.14555
0.0577527 0.485283 2.16229
0.117921 0.233039 2.21785
0.205813 0.0321658 2.21495
0.208517 -0.0264571 2.21648
-0.162961 0.0177096 2.18858
-0.140319 -0.295841 2.28685
-0.111456 -0.608947 2.36438
-0.0993602 -0.682136 2.27285
-0.0165588 0.0211834 2.20377
-0.0266535 -0.301401 2.30628
-0.0240464 -0.582534 2.37424
-0.0151193 -0.674429 2.28799
-0.109994 0.524372 2.15212
-0.365004 -0.102722 2.16224
-0.341826 -0.0101955 2.13929
0.205474 -0.0737259 2.22907
0.22528 -0.0440521 2.18756
-0.0913021 0.0199848 2.23089
-0.102089 0.311733 2.18974
-0.112264 0.593532 2.13686
-0.115185 0.738095 2.10639
-0.266337 0.465316 2.12829
-0.302518 0.219914 2.1597
-0.36236 0.00896804 2.14611
-0.362085 -0.028923 2.14067
0.0574783 0.485658 2.16205
0.118186 0.232939 2.21815
0.205738 0.0319276 2.21547
0.209906 -0.0265837 2.21318
-0.163115 0.017884 2.18876
-0.140528 -0.295772 2.28748
-0.111762 -0.612511 2.36619
-0.0996705 -0.681579 2.27375
-0.0167536 0.0215374 2.2039
-0.0261789 -0.300163 2.30637
-0.0242449 -0.582829 2.37423
-0.0152033 -0.674221 2.28848
-0.109871 0.524538 2.15218
-0.363536 -0.101763 2.15536
-0.333987 -0.00916394 2.13122
0.207944 -0.070647 2.22883
0.225119 -0.0407004 2.18438
-0.0911207 0.020016 2.23097
-0.10175 0.311967 2.18981
-0.111603 0.594104 2.13694
-0.114121 0.738683 2.10758
-0.265439 0.465457 2.12782
-0.301858 0.22047 2.15945
-0.359862 0.00900969 2.14459
-0.359098 -0.026883 2.14091
0.0577174 0.485768 2.16221
0.119028 0.232922 2.21791
0.206748 0.0319585 2.21453
0.212941 -0.0246201 2.20896
-0.162905 0.0178996 2.18886
-0.140854 -0.296112 2.28758
-0.112458 -0.613458 2.36557
-0.101889 -0.682001 2.27385
-0.01658 0.0215827 2.20402
-0.0239735 -0.297279 2.30572
-0.0218817 -0.580862 2.37371
-0.0155004 -0.674638 2.28861
-0.109301 0.52501 2.15224
-0.359056 -0.102493 2.15508
-0.330565 -0.029501 2.12586
0.21105 -0.0697488 2.22382
0.229458 -0.0206641 2.17812
-0.0890047 0.0204865 2.23045
-0.099962 0.312749 2.18969
-0.109945 0.595176 2.13722
-0.112341 0.739812 2.10842
-0.262102 0.465892 2.12616
-0.299269 0.220373 2.15809
-0.357508 0.00896798 2.14363
-0.354575 -0.0270158 2.14107
0.06016 0.486645 2.16279
0.121343 0.233689 2.21762
0.210877 0.0334563 2.21183
0.220122 -0.0229138 2.2088
-0.160649 0.0183249 2.18789
-0.14105 -0.297093 2.28569
-0.115228 -0.609114 2.36371
-0.103556 -0.68241 2.27379
-0.0145823 0.0220707 2.2039
-0.0207709 -0.296831 2.30356
-0.0227451 -0.587105 2.37468
-0.0149206 -0.674806 2.2888
-0.107616 0.526005 2.15242
-0.357729 -0.101177 2.15628
-0.327128 -0.025689 2.13017
0.222085 -0.0648539 2.21578
0.236534 -0.0332587 2.178
-0.0792 0.0205968 2.22495
-0.0928109 0.31327 2.18782
-0.104731 0.59585 2.13818
-0.107298 0.740357 2.11076
-0.255401 0.464845 2.12362
-0.291691 0.21867 2.15366
-0.349997 0.00726237 2.14007
-0.344475 -0.0288718 2.13525
0.0657174 0.486881 2.16359
0.129123 0.232698 2.21797
0.221737 0.033916 2.21222
0.233541 -0.0225367 2.21278
-0.151319 0.0181902 2.18277
-0.129974 -0.299319 2.26085
-0.113927 -0.611811 2.36052
-0.103738 -0.682817 2.27235
-0.0045904 0.0223919 2.19794
-0.0126707 -0.298221 2.29686
-0.0213723 -0.586145 2.37361
-0.0144144 -0.674615 2.28955
-0.102 0.526648 2.15272
-0.344191 -0.106211 2.15523
-0.317634 -0.0251452 2.11918
0.234735 -0.0649999 2.22089
0.251576 -0.0143793 2.17933
-0.0625392 0.0177164 2.21822
-0.077062 0.30991 2.18542
-0.0902662 0.591987 2.14064
-0.0935371 0.736129 2.11414
-0.238479 0.459836 2.12311
-0.272621 0.212916 2.14985
-0.329564 0.00135353 2.12833
-0.321454 -0.0345129 2.12155
0.0798349 0.482678 2.16448
0.148062 0.226316 2.22158
0.240728 0.0277268 2.21833
0.251011 -0.0294914 2.2204
-0.135439 0.0163519 2.17601
-0.118144 -0.28833 2.15661
-0.116135 -0.608824 2.32963
-0.103201 -0.689125 2.26604
0.0123228 0.0185179 2.19125
0.0160941 -0.31091 2.29779
-0.0150442 -0.58951 2.37387
-0.0133962 -0.674207 2.29671
-0.0871601 0.522911 2.15391
-0.322621 -0.112 2.13527
-0.304904 -0.0514246 2.12633
0.252003 -0.0734247 2.23077
0.266945 -0.0237893 2.18865
-0.0513436 0.0127556 2.21411
-0.0663884 0.305032 2.18264
-0.080426 0.587183 2.13941
-0.0842197 0.733371 2.11518
-0.229537 0.455081 2.12312
-0.258135 0.204902 2.14941
-0.308643 -0.00788372 2.12115
-0.305225 -0.0409205 2.11567
0.0893227 0.476283 2.16109
0.157266 0.221978 2.22032
0.246759 0.0221842 2.22141
0.257555 -0.0353775 2.22275
-0.125137 0.0123125 2.17325
-0.116833 -0.286305 2.10361
-0.121214 -0.610961 2.22384
-0.128264 -0.691287 2.15717
0.0240904 0.0127474 2.18571
0.0252218 -0.306171 2.30122
-0.00771352 -0.583324 2.37195
-0.0156089 -0.674651 2.28817
-0.0770664 0.518086 2.15229
-0.31959 -0.116774 2.12687
-0.277715 -0.0559778 2.09
0.260087 -0.0789718 2.22729
0.273487 -0.023982 2.19029
-0.0460971 0.0113484 2.20811
-0.0600361 0.303698 2.17693
-0.0730864 0.585884 2.13412
-0.0766077 0.732767 2.11006
-0.22443 0.454215 2.12033
-0.250724 0.204462 2.14665
-0.303202 -0.00791705 2.11922
-0.301541 -0.0394693 2.11807
0.0966037 0.474465 2.1522
0.166916 0.21978 2.21377
0.251793 0.0184064 2.22049
0.25344 -0.00351364 2.21102
-0.120013 0.0104986 2.16789
-0.116112 -0.310528 2.08622
-0.131048 -0.632766 2.09755
-0.136353 -0.712891 1.98438
0.0292986 0.0118489 2.17907
0.0297176 -0.311352 2.30193
-0.00620587 -0.585524 2.37099
-0.0061383 -0.674821 2.29275
-0.069953 0.516783 2.14688
-0.323494 -0.106643 2.12772
-0.273059 -0.0524927 2.09549
0.25872 -0.0739271 2.22304
0.273917 -0.0485431 2.1963
-0.0401332 0.00295518 2.19376
-0.0523336 0.296844 2.16286
-0.0638048 0.580479 2.12025
-0.0685125 0.726219 2.09426
-0.217669 0.448352 2.11049
-0.24599 0.200437 2.14075
-0.301518 -0.0115065 2.11894
-0.308166 -0.0493443 2.12068
0.105416 0.468859 2.13492
0.176409 0.215855 2.19627
0.264893 0.0157923 2.19958
0.265473 -0.0138295 2.18701
-0.113358 0.00060424 2.15535
-0.1218 -0.336858 2.06117
-0.129658 -0.665288 1.96838
-0.115261 -0.735629 1.85728
0.0344004 0.00521477 2.1629
0.0329577 -0.312044 2.29607
-0.00638304 -0.589238 2.37105
-0.00376798 -0.674094 2.29421
-0.0610458 0.511027 2.13297
-0.334203 -0.118973 2.13757
-0.283517 -0.066443 2.0953
0.271523 -0.0860935 2.20429
0.283011 -0.0266472 2.15614
-0.0373371 -0.0074361 2.17061
-0.0495022 0.287121 2.14477
-0.0610231 0.571487 2.10673
-0.0668172 0.716118 2.07787
-0.216285 0.441617 2.10175
-0.245108 0.193413 2.13216
-0.304104 -0.017788 2.11769
-0.314356 -0.0581887 2.11891
0.107352 0.461702 2.12181
0.178334 0.208956 2.17551
0.265503 0.00807045 2.17507
0.263715 -0.0233964 2.15585
-0.110836 -0.0100775 2.13298
-0.122313 -0.348293 2.03998
-0.131969 -0.673575 1.96211
-0.121188 -0.724629 1.83806
0.0373461 -0.00454087 2.13908
0.0357409 -0.320704 2.28951
-0.00566168 -0.590196 2.36949
-0.00358392 -0.673835 2.29444
-0.0582416 0.501847 2.11835
-0.335002 -0.120838 2.13947
-0.327648 -0.0258005 2.11786
0.27209 -0.0946882 2.16871
0.27936 -0.0292733 2.12265
-0.0372708 -0.0126286 2.14685
-0.050392 0.282398 2.1255
-0.0626934 0.567109 2.09224
-0.0695595 0.712501 2.06164
-0.218382 0.434854 2.08701
-0.245753 0.188699 2.11337
-0.306296 -0.0218682 2.11124
-0.319575 -0.0663845 2.11007
0.105403 0.455109 2.09844
0.178141 0.204778 2.15041
0.261425 0.00190908 2.13978
0.254677 -0.0256223 2.1206
-0.110781 -0.015156 2.11153
-0.121722 -0.352199 2.03544
-0.131884 -0.674557 1.96722
-0.12397 -0.725541 1.84288
0.0374377 -0.00968765 2.11298
0.0347605 -0.323564 2.27467
-0.00595757 -0.591444 2.36649
-0.0028227 -0.673914 2.29543
-0.0597375 0.497388 2.10265
-0.336741 -0.126436 2.133
-0.34346 -0.108636 2.1274
0.265008 -0.0993093 2.13258
0.272505 -0.0760982 2.09229
-0.0395737 -0.0117448 2.13329
-0.0521371 0.283478 2.11081
-0.0640537 0.568177 2.07622
-0.070776 0.713898 2.04615
-0.218354 0.435188 2.06953
-0.24541 0.189293 2.09471
-0.307789 -0.0207238 2.09314
-0.323205 -0.0631532 2.08581
0.105056 0.456571 2.08103
0.177988 0.207685 2.13053
0.258054 0.00373028 2.10882
0.25177 -0.0203708 2.08844
-0.112942 -0.0139829 2.09829
-0.12285 -0.350527 2.02857
-0.131591 -0.674998 1.96797
-0.122776 -0.75155 1.87583
0.0350772 -0.00911683 2.09907
0.0324146 -0.323736 2.26644
-0.00686289 -0.595096 2.3648
-0.00173577 -0.673625 2.29436
-0.0611758 0.498484 2.08697
-0.346119 -0.123013 2.11124
-0.35234 -0.105784 2.101
0.259592 -0.096392 2.09731
0.269755 -0.0325852 2.04894
-0.0388989 -0.0107755 2.13057
-0.0504971 0.284281 2.10403
-0.0608297 0.568476 2.06399
-0.0660611 0.714314 2.03547
-0.215561 0.436616 2.05698
-0.244209 0.190888 2.08106
-0.311751 -0.017715 2.06621
-0.327603 -0.0616821 2.06055
0.106877 0.455565 2.07274
0.177172 0.205663 2.11485
0.257581 0.00206471 2.08945
0.24942 -0.027615 2.07812
-0.112262 -0.0128788 2.09474
-0.122995 -0.344825 2.02404
-0.131606 -0.674558 1.96905
-0.123578 -0.751457 1.87787
0.0357224 -0.00824737 2.09711
0.0306684 -0.32161 2.26175
-0.00746972 -0.596341 2.36399
-0.00154857 -0.674985 2.29397
-0.0583907 0.498948 2.07618
-0.36031 -0.122367 2.0746
-0.353485 -0.0585679 2.04633
0.262224 -0.107959 2.08952
0.263202 -0.0427756 2.03714
-0.0324841 -0.00713335 2.14318
-0.0456792 0.285823 2.10735
-0.0566713 0.569131 2.06293
-0.0588079 0.715164 2.03303
-0.211849 0.438376 2.05639
-0.242148 0.191868 2.08136
-0.311832 -0.015903 2.06243
-0.322995 -0.0540665 2.06237
0.110825 0.456041 2.07494
0.176271 0.204463 2.11624
0.251242 -0.000969054 2.08759
0.235422 -0.0286215 2.08564
-0.106511 -0.00979417 2.10507
-0.121667 -0.346704 2.02475
-0.131806 -0.675421 1.96888
-0.124235 -0.750742 1.87766
0.0425682 -0.00420824 2.11223
0.0325273 -0.322704 2.26717
-0.00849616 -0.596796 2.36291
-0.00163086 -0.675708 2.2937
-0.054288 0.49975 2.07606
-0.354316 -0.111412 2.07207
-0.337462 -0.0277462 2.04387
0.243392 -0.109933 2.09423
0.249354 -0.0430583 2.04768
-0.0300029 -0.00117718 2.16602
-0.0382092 0.290205 2.12187
-0.0466574 0.571809 2.06864
-0.0474206 0.717477 2.03591
-0.203095 0.444968 2.06483
-0.233768 0.197077 2.09884
-0.304436 -0.0103138 2.07851
-0.310208 -0.0396577 2.08162
0.119852 0.458597 2.08677
0.175689 0.205478 2.13484
0.238243 -0.00452051 2.11181
0.228587 -0.0256484 2.12121
-0.10366 -0.00290643 2.12744
-0.121321 -0.344568 2.03323
-0.134852 -0.674489 1.96952
-0.127238 -0.749527 1.87603
0.0445972 0.000605163 2.13549
0.0347919 -0.312457 2.27637
-0.00669397 -0.591041 2.36371
-0.00147591 -0.672902 2.29533
-0.0447104 0.502813 2.08375
-0.354956 -0.0989169 2.07544
-0.319272 -0.0401143 2.0436
0.232553 -0.10652 2.13287
0.252515 -0.0269152 2.1078
-0.0274566 0.0082193 2.19169
-0.0303776 0.29828 2.14354
-0.0334216 0.578338 2.08446
-0.0305275 0.722158 2.04731
-0.19246 0.453889 2.08198
-0.227763 0.203789 2.12017
-0.292153 -0.00583851 2.11378
-0.295694 -0.0233305 2.12347
0.130587 0.465611 2.10532
0.178225 0.213439 2.16493
0.241899 0.00365044 2.16254
0.234924 -0.0183333 2.18025
-0.100854 0.00814844 2.15317
-0.125444 -0.307572 2.08551
-0.156648 -0.643944 2.14351
-0.150391 -0.724609 2.04883
0.0468069 0.00809355 2.16114
0.0366668 -0.29849 2.28794
-0.00507743 -0.584701 2.36673
-0.00152734 -0.672575 2.29527
-0.0326991 0.509769 2.10121
-0.338335 -0.0886342 2.12646
-0.307785 0.0147736 2.11363
0.236522 -0.0926771 2.19671
0.257803 -0.030639 2.16167
-0.0298892 0.01338 2.20345
-0.0285576 0.302169 2.15219
-0.0280237 0.581409 2.09078
-0.0197275 0.726697 2.05842
-0.187106 0.458887 2.08878
-0.22993 0.208777 2.13068
-0.301313 0.00228894 2.13817
-0.313212 -0.013772 2.147
0.137221 0.468971 2.12099
0.180719 0.217632 2.18769
0.24808 0.010156 2.19952
0.24263 -0.016255 2.21238
-0.103358 0.0144739 2.16186
-0.121135 -0.299543 2.1463
-0.160896 -0.609094 2.29851
-0.170654 -0.690918 2.21875
0.0444581 0.0117605 2.17642
0.0371498 -0.289758 2.29283
-0.0042344 -0.578879 2.36865
-0.00175294 -0.67253 2.29533
-0.0281991 0.512993 2.10805
-0.363615 -0.0850661 2.16425
-0.317363 0.0352347 2.1295
0.24642 -0.0910595 2.23574
0.252078 -0.0305554 2.17965
-0.0351825 0.0161626 2.21629
-0.0292615 0.304857 2.16181
-0.0247519 0.58378 2.0971
-0.0130836 0.728705 2.06609
-0.184258 0.46021 2.09006
-0.234168 0.213385 2.13673
-0.311113 0.00907745 2.14564
-0.325505 -0.00798658 2.15415
0.139394 0.468705 2.13109
0.18052 0.217418 2.20218
0.248847 0.0108279 2.21836
0.241761 -0.015991 2.23037
-0.10862 0.0187022 2.17222
-0.123254 -0.282154 2.20105
-0.166349 -0.553025 2.43628
-0.17041 -0.644531 2.37695
0.0393733 0.0129546 2.19149
0.0358902 -0.28137 2.29735
-0.00400994 -0.576207 2.37329
-0.00178928 -0.672372 2.29551
-0.0258257 0.515456 2.11515
-0.376941 -0.0784601 2.15958
-0.341629 0.015116 2.13654
0.246771 -0.0897912 2.25044
0.257002 -0.0325588 2.19736
-0.041268 0.0197858 2.23143
-0.0322219 0.308267 2.17264
-0.0244757 0.586632 2.10309
-0.0115463 0.730412 2.07056
-0.182978 0.462278 2.091
-0.23583 0.216554 2.13793
-0.312054 0.0117954 2.14521
-0.320575 -0.0126392 2.14487
0.139024 0.471715 2.14208
0.178344 0.218818 2.21393
0.244402 0.011607 2.23105
0.230295 -0.0176545 2.23791
-0.114145 0.0218959 2.18523
-0.12609 -0.260172 2.25779
-0.155051 -0.503179 2.52203
-0.162012 -0.605777 2.51263
0.0328917 0.0170212 2.2086
0.0339105 -0.268471 2.30178
-0.00353507 -0.571385 2.37646
-0.00144822 -0.671502 2.29589
-0.0262745 0.518497 2.12238
-0.367586 -0.0905131 2.15304
-0.337915 -0.0245386 2.10759
0.232707 -0.090893 2.26011
0.245724 -0.0380846 2.2115
-0.0510104 0.0218889 2.25499
-0.040302 0.310436 2.18929
-0.0298407 0.588984 2.11279
-0.0158815 0.732047 2.07993
-0.186084 0.465 2.09679
-0.236583 0.217514 2.13836
-0.308314 0.0105759 2.13882
-0.309424 -0.0141089 2.13449
0.132854 0.473056 2.14964
0.172278 0.219203 2.22123
0.23575 0.0110028 2.23722
0.219982 -0.0191042 2.23863
-0.124739 0.0209747 2.21125
-0.142069 -0.250096 2.36861
-0.16088 -0.51414 2.61416
-0.155526 -0.605806 2.59485
0.0241916 0.0219081 2.22987
0.0283589 -0.259028 2.31421
-0.00252518 -0.5677 2.37903
-0.000737953 -0.669428 2.29621
-0.0324235 0.520817 2.13386
-0.335414 -0.0836378 2.15501
-0.332008 0.00152236 2.12173
0.223405 -0.0944608 2.26311
0.20623 -0.041247 2.2426
-0.0587011 0.0241654 2.27187
-0.0476087 0.311568 2.20035
-0.0363153 0.589425 2.11856
-0.0230677 0.733301 2.08668
-0.193951 0.466659 2.10495
-0.242666 0.217808 2.14484
-0.308906 0.00872953 2.13817
-0.315996 -0.0120017 2.13924
0.126098 0.474094 2.15383
0.166864 0.219927 2.22427
0.230611 0.0113227 2.23645
0.218009 -0.0186911 2.23533
-0.132115 0.021891 2.22858
-0.140011 -0.240153 2.39689
-0.155093 -0.513258 2.63332
-0.156608 -0.609587 2.61141
0.0164541 0.0256492 2.24613
0.0245107 -0.256628 2.32654
-0.000668648 -0.563036 2.38165
-0.000467099 -0.667535 2.29698
-0.0391476 0.521389 2.1409
-0.342632 -0.0837808 2.15601
-0.333738 0.0032016 2.12233
0.220298 -0.0888188 2.25089
0.194102 -0.0153459 2.2062
-0.0632865 0.0280439 2.28306
-0.0532135 0.313554 2.20659
-0.0430656 0.589998 2.12048
-0.029157 0.734107 2.08911
-0.203787 0.468768 2.11314
-0.250699 0.220395 2.15831
-0.316165 0.011028 2.14684
-0.325627 -0.00877939 2.15582
0.119613 0.475684 2.15632
0.162117 0.223163 2.22622
0.22713 0.014476 2.23408
0.213028 -0.0172088 2.2314
-0.136761 0.0255703 2.24077
-0.140051 -0.232441 2.41165
-0.148847 -0.510665 2.64282
-0.155448 -0.60979 2.61837
0.0121006 0.029641 2.25631
0.0220613 -0.249986 2.33287
0.000739819 -0.559017 2.38465
-5.57664e-005 -0.667357 2.29805
-0.045519 0.522277 2.14388
-0.356666 -0.0855991 2.16917
-0.34969 -0.00376511 2.13931
0.219026 -0.0878959 2.25356
0.195075 -0.0398589 2.23264
-0.0662502 0.0291669 2.28636
-0.0563129 0.31439 2.20957
-0.0462099 0.590398 2.12227
-0.0321015 0.732969 2.09097
-0.207146 0.469624 2.11659
-0.256102 0.222092 2.16712
-0.323698 0.0134909 2.16087
-0.335191 -0.00575314 2.17328
0.116017 0.476065 2.15699
0.158058 0.224114 2.22729
0.221743 0.0148515 2.23356
0.205622 -0.016553 2.23267
-0.139622 0.0267536 2.24402
-0.141695 -0.230875 2.41353
-0.148889 -0.51025 2.64346
-0.155765 -0.609769 2.61979
0.009117 0.0306762 2.25969
0.0214365 -0.249419 2.33543
-0.000101288 -0.559534 2.38666
-9.87513e-005 -0.667135 2.2983
-0.0487109 0.522793 2.14604
-0.366236 -0.0810428 2.19382
-0.355959 0.0118722 2.15983
0.206265 -0.0938486 2.25432
0.179369 -0.0120623 2.2224
-0.0699138 0.0270194 2.27964
-0.0585337 0.314089 2.20892
-0.0481061 0.590656 2.12395
-0.0336544 0.732858 2.09216
-0.208565 0.469532 2.11734
-0.258321 0.222606 2.1685
-0.328904 0.015357 2.16994
-0.338316 -0.004737 2.18102
0.113284 0.475786 2.1574
0.153222 0.223827 2.22776
0.216377 0.0143099 2.23311
0.202807 -0.0190203 2.23151
-0.143044 0.0247877 2.23664
-0.143734 -0.237768 2.40252
-0.149366 -0.512165 2.63798
-0.156692 -0.612119 2.62007
0.00529223 0.0284205 2.25354
0.0179911 -0.251489 2.33357
-7.13616e-005 -0.555628 2.3836
-0.00022452 -0.665215 2.29891
-0.0505405 0.52294 2.14725
-0.368404 -0.0812647 2.21054
-0.357574 0.0173051 2.16658
0.203596 -0.0946996 2.24877
0.184881 -0.0460198 2.23177
-0.0667706 0.0242853 2.26015
-0.0580143 0.31358 2.20024
-0.0483389 0.591114 2.12356
-0.0343934 0.733091 2.09241
-0.207774 0.469416 2.11287
-0.25844 0.221617 2.15868
-0.331469 0.0157731 2.16693
-0.341843 -0.013233 2.17091
0.113121 0.476012 2.15635
0.152705 0.223323 2.22285
0.216073 0.0141967 2.23191
0.207117 -0.0214606 2.22805
-0.13969 0.0223022 2.216
-0.143978 -0.251096 2.3522
-0.158058 -0.509009 2.6041
-0.140387 -0.567474 2.48183
0.00817105 0.025519 2.23517
0.0175983 -0.25503 2.32111
-0.00324668 -0.557194 2.38076
-0.000541883 -0.667264 2.29814
-0.050769 0.523385 2.14572
-0.365353 -0.0788456 2.19623
-0.361268 0.0084013 2.1535
0.21012 -0.0954515 2.25357
0.186309 -0.0254058 2.22201
-0.0539532 0.0203267 2.24264
-0.05271 0.311212 2.18881
-0.0485921 0.590977 2.1209
-0.036581 0.732651 2.08935
-0.207123 0.467251 2.10756
-0.26278 0.218773 2.14763
-0.346898 0.0167593 2.14913
-0.366223 -0.0160381 2.15496
0.11413 0.472889 2.14807
0.153869 0.218822 2.20157
0.214606 0.00891416 2.21083
0.203818 -0.0223846 2.2078
-0.127848 0.0202895 2.19992
-0.141283 -0.257172 2.24231
-0.146657 -0.493915 2.51336
-0.129885 -0.551465 2.39032
0.0216328 0.0196073 2.21614
0.0244735 -0.260816 2.31007
-0.00401471 -0.55927 2.37928
-0.00134866 -0.667916 2.29772
-0.0500966 0.522738 2.14066
-0.394349 -0.0847187 2.1828
-0.387396 -0.00420145 2.12992
0.206584 -0.102828 2.24585
0.145245 0.00555517 2.194
-0.0462846 0.0162238 2.23216
-0.0489443 0.306025 2.1794
-0.049724 0.585675 2.11411
-0.0417114 0.726822 2.07926
-0.209016 0.464032 2.10508
-0.266305 0.213523 2.14062
-0.362317 0.0165969 2.13055
-0.380175 -0.0207222 2.13931
0.113914 0.467313 2.134
0.155193 0.213051 2.18175
0.213013 0.00136208 2.1763
0.204492 -0.0273258 2.16879
-0.120685 0.0172507 2.19186
-0.129075 -0.263086 2.15679
-0.140921 -0.527624 2.40221
-0.165039 -0.625 2.40234
0.0295035 0.0145747 2.20296
0.0319793 -0.26991 2.30363
-0.00282492 -0.560653 2.37672
-0.00203736 -0.668736 2.29674
-0.0498318 0.517244 2.13274
-0.411187 -0.0849607 2.16022
-0.396559 -0.00927128 2.1261
0.210872 -0.110545 2.19666
0.143074 0.00251723 2.1612
-0.0434937 0.0119976 2.2186
-0.0491183 0.299981 2.16639
-0.0538567 0.577945 2.10214
-0.051027 0.720114 2.06442
-0.212808 0.458335 2.10029
-0.265541 0.210625 2.13251
-0.353155 0.00975314 2.11864
-0.366134 -0.0302911 2.12908
0.108323 0.461595 2.10935
0.15462 0.208268 2.15048
0.210933 -0.00394004 2.13862
0.198594 -0.0244445 2.13474
-0.117898 0.0133507 2.18249
-0.11938 -0.28765 2.1026
-0.135406 -0.622396 2.2101
-0.134044 -0.703223 2.14792
0.0321285 0.0103921 2.18496
0.0326178 -0.286868 2.30073
-0.00455257 -0.574125 2.37361
-0.00872557 -0.671851 2.29793
-0.0528098 0.509905 2.12033
-0.396988 -0.0968152 2.15163
-0.393853 -0.0343963 2.1053
0.20706 -0.109852 2.15942
0.168036 -0.0394572 2.12412
-0.0445023 0.00367847 2.20361
-0.0525009 0.291597 2.14997
-0.0599421 0.569572 2.08447
-0.0592843 0.711949 2.0438
-0.218586 0.448329 2.08784
-0.258554 0.201628 2.11989
-0.337357 -0.00290942 2.10495
-0.345107 -0.0412133 2.11299
0.104215 0.456411 2.09127
0.15013 0.202038 2.12832
0.198709 -0.0120636 2.11233
0.191099 -0.0498426 2.1128
-0.118358 0.00314412 2.16922
-0.124191 -0.317914 2.06759
-0.136368 -0.657988 2.05458
-0.131714 -0.740723 1.94629
0.0306849 0.00414139 2.16863
0.0324019 -0.297303 2.30074
-0.00453286 -0.578597 2.37317
-0.00564568 -0.672566 2.29825
-0.0581739 0.501522 2.10293
-0.368906 -0.1063 2.13516
-0.357008 -0.032821 2.10542
0.195776 -0.12222 2.13456
0.178407 -0.0436363 2.1309
-0.0471781 -0.00731291 2.17455
-0.0576198 0.283464 2.12743
-0.0668578 0.563863 2.06784
-0.0670606 0.706829 2.02782
-0.225275 0.439785 2.07261
-0.252629 0.189592 2.10069
-0.322677 -0.0181148 2.09461
-0.333197 -0.0548025 2.10312
0.0994295 0.448219 2.07176
0.14803 0.197103 2.10952
0.198785 -0.0164688 2.09288
0.194054 -0.0542112 2.09099
-0.120409 -0.00906956 2.14036
-0.128651 -0.327908 2.04865
-0.139021 -0.658922 2.03031
-0.133754 -0.743957 1.93216
0.0275609 -0.00532518 2.13957
0.0322734 -0.306229 2.28924
-0.0050358 -0.582072 2.37191
-0.00408842 -0.67284 2.29864
-0.0646964 0.495251 2.08489
-0.36076 -0.123697 2.12999
-0.360801 -0.0596759 2.08725
0.200565 -0.127746 2.1133
0.158676 -0.0459138 2.07758
-0.0522347 -0.00933141 2.14364
-0.0626384 0.282166 2.10086
-0.0721734 0.563247 2.04616
-0.0741368 0.709336 2.00979
-0.230514 0.436371 2.05211
-0.253277 0.185884 2.07865
-0.320995 -0.022193 2.08141
-0.337764 -0.054478 2.09025
0.0972655 0.448599 2.04728
0.151831 0.198044 2.08825
0.216239 -0.0117397 2.07057
0.218528 -0.0356318 2.06562
-0.125165 -0.0105999 2.11113
-0.130341 -0.330256 2.0347
-0.13883 -0.665931 2.02364
-0.13401 -0.744826 1.92795
0.0223975 -0.00778266 2.10701
0.0265305 -0.312407 2.27027
-0.00857484 -0.589989 2.36771
-0.00243897 -0.672023 2.29521
-0.0699196 0.494469 2.06192
-0.35476 -0.123186 2.12119
-0.36446 -0.0609363 2.0686
0.225562 -0.117367 2.09354
0.205895 -0.0256183 2.07029
-0.0544673 -0.0103296 2.13382
-0.0632551 0.281065 2.0915
-0.071391 0.562084 2.0373
-0.0754207 0.708972 2.0021
-0.230967 0.435254 2.04483
-0.255148 0.185487 2.07117
-0.328168 -0.0207545 2.07376
-0.35051 -0.056916 2.08473
0.097749 0.447952 2.03692
0.156085 0.198894 2.07816
0.22984 -0.0078048 2.06301
0.234878 -0.0351343 2.06062
-0.127502 -0.0113742 2.10106
-0.131783 -0.328198 2.02852
-0.139541 -0.668968 2.02193
-0.134211 -0.74546 1.92692
0.0203265 -0.00895228 2.09738
0.0257894 -0.315032 2.26639
-0.00946449 -0.592944 2.36635
-0.00177407 -0.672273 2.29404
-0.0694642 0.493318 2.05292
-0.367734 -0.123966 2.11281
-0.37896 -0.0617811 2.06564
0.251426 -0.11677 2.08615
0.211052 -0.0325601 2.06557
-0.0534357 -0.0110435 2.131
-0.0621206 0.280403 2.08874
-0.0701316 0.561457 2.03459
-0.0740471 0.707857 1.99948
-0.229748 0.434321 2.04264
-0.255635 0.185185 2.07006
-0.331905 -0.0197979 2.07325
-0.353431 -0.0527414 2.087
0.0985275 0.44722 2.0343
0.15878 0.198015 2.07669
0.235441 -0.00762437 2.06407
0.237626 -0.0366275 2.06639
-0.126568 -0.0121532 2.09846
-0.131001 -0.328532 2.02349
-0.138691 -0.669425 2.0204
-0.133984 -0.745907 1.92588
0.0214415 -0.00957587 2.09437
0.0257952 -0.31708 2.26397
-0.00943918 -0.593834 2.365
-0.00101014 -0.672629 2.29242
-0.0682361 0.492684 2.0502
-0.371232 -0.122436 2.11099
-0.378103 -0.053099 2.05836
0.252844 -0.116252 2.08685
0.207273 -0.0351285 2.0645
-0.0473932 -0.00903908 2.13748
-0.0560605 0.282181 2.09371
-0.0640403 0.563105 2.03839
-0.0690407 0.708874 2.00095
-0.224532 0.435568 2.04668
-0.251001 0.188605 2.08149
-0.329693 -0.0154086 2.08518
-0.343822 -0.0414289 2.10813
0.103999 0.448556 2.03956
0.162307 0.198461 2.08418
0.236251 -0.00816754 2.07322
0.228062 -0.0331117 2.08459
-0.120682 -0.0103432 2.10519
-0.126876 -0.330881 2.02691
-0.137642 -0.666532 2.01872
-0.133502 -0.745497 1.92471
0.0274525 -0.00743741 2.10064
0.0278975 -0.317332 2.26532
-0.00763381 -0.592322 2.3643
-0.000449163 -0.672518 2.29359
-0.0621514 0.494356 2.05427
-0.366116 -0.111238 2.12807
-0.373483 -0.047066 2.08889
0.241176 -0.11161 2.09603
0.197729 -0.0461196 2.07693
-0.0388883 -0.00555114 2.1549
-0.0473795 0.284801 2.107
-0.0554649 0.564988 2.04777
-0.0590328 0.709126 2.01132
-0.215255 0.439376 2.05978
-0.243467 0.190043 2.10074
-0.320402 -0.0136917 2.11403
-0.331468 -0.0384753 2.13764
0.112433 0.451648 2.05444
0.168614 0.200908 2.10093
0.23583 -0.00801589 2.09091
0.229822 -0.0326024 2.10251
-0.112412 -0.00701672 2.12219
-0.123084 -0.337075 2.0459
-0.137044 -0.668947 2.01546
-0.133329 -0.746393 1.92208
0.0358953 -0.00390628 2.11848
0.0332249 -0.314824 2.27268
-0.0054473 -0.58966 2.36523
-0.000303669 -0.672642 2.29422
-0.053521 0.496411 2.06459
-0.35295 -0.105896 2.15959
-0.358549 -0.0518109 2.11588
0.241026 -0.113654 2.11771
0.201319 -0.0424368 2.07998
-0.0327866 -0.00193905 2.17301
-0.0388532 0.28739 2.12255
-0.0444511 0.566708 2.06091
-0.0476963 0.710033 2.02165
-0.204866 0.44368 2.07553
-0.236599 0.193007 2.1234
-0.309361 -0.0118607 2.13995
-0.319995 -0.0280579 2.16686
0.121516 0.454678 2.07035
0.174478 0.204799 2.12189
0.239121 -0.00492282 2.11251
0.23515 -0.0300118 2.12557
-0.106208 -0.00282197 2.13986
-0.121241 -0.335396 2.06373
-0.136998 -0.664482 2.01644
-0.133203 -0.745267 1.92097
0.0416876 -0.000989412 2.13704
0.0369261 -0.312616 2.28138
-0.00391645 -0.587787 2.3662
8.17738e-005 -0.672948 2.29529
-0.0431386 0.498336 2.07834
-0.344305 -0.102286 2.19747
-0.341578 -0.0343374 2.1367
0.245334 -0.108884 2.13497
0.205936 -0.0423642 2.11231
-0.0302066 0.000844447 2.1861
-0.0327168 0.289284 2.13458
-0.0345614 0.567829 2.07204
-0.0362638 0.710842 2.03154
-0.197501 0.447667 2.08606
-0.232981 0.197661 2.13908
-0.310153 -0.00411388 2.16447
-0.321764 -0.0237515 2.1914
0.129389 0.455771 2.08484
0.179124 0.207762 2.14117
0.241135 -0.00265288 2.13644
0.236359 -0.0304799 2.15033
-0.103904 0.000719963 2.15208
-0.12226 -0.327721 2.07467
-0.139149 -0.660559 2.03146
-0.13344 -0.741269 1.93148
0.0444638 0.0009031 2.15107
0.0398695 -0.306911 2.28788
-0.00287266 -0.586102 2.36697
-0.000143602 -0.672981 2.29602
-0.034213 0.49964 2.0897
-0.341878 -0.0924542 2.22127
-0.352229 -0.0542477 2.18387
0.248371 -0.110297 2.16741
0.202753 -0.0305496 2.1544
-0.0271104 0.00767696 2.19931
-0.0259263 0.295119 2.14683
-0.0244847 0.572736 2.08308
-0.0220723 0.71503 2.04214
-0.189516 0.454141 2.09487
-0.23137 0.204246 2.14897
-0.314279 0.00510765 2.17605
-0.332108 -0.0122915 2.19954
0.137944 0.45966 2.10081
0.182222 0.210802 2.15977
0.239583 -0.000411946 2.16465
0.23464 -0.0329139 2.17674
-0.100853 0.0093767 2.16469
-0.123323 -0.302108 2.0956
-0.161329 -0.635406 2.18061
-0.163677 -0.712171 2.08652
0.0475011 0.00577233 2.16493
0.0403196 -0.294542 2.29415
-0.00311837 -0.582888 2.36883
-0.000480753 -0.67293 2.29553
-0.0249001 0.504768 2.10106
-0.356493 -0.0750001 2.23139
-0.354046 -0.0116639 2.17415
0.243015 -0.110754 2.1975
0.207051 -0.0420006 2.15516
-0.0281889 0.0114198 2.20829
-0.023736 0.298311 2.15357
-0.0192693 0.575652 2.08816
-0.012184 0.719052 2.04906
-0.184272 0.457297 2.09534
-0.23214 0.207113 2.15039
-0.319982 0.00987225 2.17616
-0.33732 -0.00865913 2.19031
0.1426 0.460771 2.11034
0.182917 0.211065 2.17364
0.239805 -0.000186855 2.17948
0.235323 -0.0333354 2.19306
-0.10187 0.0136264 2.17045
-0.125057 -0.297156 2.14229
-0.177534 -0.604964 2.32832
-0.181333 -0.682936 2.25745
0.046388 0.00863575 2.17759
0.0405517 -0.284901 2.29655
-0.0035378 -0.579062 2.37044
-0.000164513 -0.672781 2.29711
-0.0204581 0.507726 2.10652
-0.360175 -0.0728812 2.21724
-0.360087 -0.00889757 2.16143
0.244136 -0.112695 2.21653
0.208633 -0.0406938 2.172
-0.0308438 0.0132518 2.21482
-0.0225186 0.300382 2.159
-0.014088 0.578151 2.09293
-0.0027116 0.721438 2.0553
-0.178999 0.458892 2.0926
-0.233629 0.208808 2.14581
-0.323063 0.0111192 2.16498
-0.337974 -0.00709803 2.17117
0.146539 0.461564 2.1239
0.1816 0.210114 2.18608
0.241042 -0.000188347 2.1943
0.237979 -0.039324 2.20987
-0.104 0.0161356 2.17397
-0.127287 -0.277796 2.19411
-0.185498 -0.545499 2.42967
-0.200981 -0.638936 2.40554
0.0432628 0.00949345 2.18748
0.0401888 -0.273073 2.29841
-0.0027241 -0.575724 2.37352
0.000463268 -0.67178 2.29777
-0.0163302 0.510104 2.11143
-0.357537 -0.0677589 2.19885
-0.361531 -0.00967896 2.14007
0.25445 -0.120057 2.24037
0.212718 -0.048241 2.18616
-0.0358135 0.0132943 2.2235
-0.0242936 0.302309 2.16626
-0.0132875 0.581341 2.0985
0.00483934 0.721417 2.06047
-0.172128 0.461825 2.08404
-0.238629 0.209823 2.12262
-0.331649 0.0114755 2.11753
-0.343984 -0.00987373 2.12414
0.14727 0.461377 2.13897
0.179253 0.204141 2.20328
0.24059 -0.00492799 2.2172
0.239015 -0.0678582 2.24305
-0.107796 0.0160759 2.17769
-0.133059 -0.256286 2.27331
-0.185741 -0.49127 2.54087
-0.164192 -0.549075 2.41877
0.0375156 0.0099841 2.20114
0.0392718 -0.259387 2.29917
-0.00166466 -0.567516 2.37866
0.00028581 -0.671402 2.29782
-0.0160567 0.513002 2.1174
-0.364094 -0.0730294 2.1483
-0.36686 -0.0182239 2.09782
0.248729 -0.113313 2.26898
0.23406 -0.0897363 2.2636
-0.0446538 0.0127816 2.23304
-0.0295232 0.302852 2.17152
-0.0153969 0.58241 2.10003
0.00541314 0.722434 2.06361
-0.171951 0.461918 2.08006
-0.242545 0.208336 2.11119
-0.335879 0.0100423 2.09847
-0.350395 -0.0115056 2.09735
0.143582 0.462244 2.14589
0.174971 0.203555 2.20819
0.237302 -0.0042756 2.22877
0.234682 -0.0679682 2.25438
-0.116388 0.0148274 2.18476
-0.149932 -0.251874 2.33173
-0.192597 -0.498852 2.5907
-0.204469 -0.603096 2.59967
0.0286154 0.010394 2.21263
0.035641 -0.254689 2.30169
-0.000717048 -0.564386 2.37944
0.00011923 -0.67119 2.29768
-0.0188169 0.514017 2.11973
-0.370803 -0.0774393 2.11993
-0.381375 -0.0535812 2.07843
0.246742 -0.112453 2.27337
0.233953 -0.0775472 2.27189
-0.0522715 0.0131663 2.2429
-0.0370292 0.303202 2.17693
-0.0226661 0.583072 2.10097
0.000416898 0.722726 2.06634
-0.17576 0.461163 2.077
-0.247085 0.20683 2.10668
-0.339352 0.00809808 2.09041
-0.352272 -0.0143141 2.09606
0.136604 0.462765 2.14917
0.169569 0.205146 2.21342
0.233334 -0.00129389 2.23956
0.231963 -0.0643043 2.26113
-0.124381 0.0139792 2.19443
-0.161278 -0.258295 2.37907
-0.197105 -0.516779 2.62825
-0.204688 -0.604511 2.61189
0.0214855 0.0119572 2.22241
0.0291645 -0.251747 2.30876
-0.00037049 -0.56298 2.379
0.00015255 -0.670996 2.29746
-0.0261052 0.514584 2.12186
-0.375171 -0.0820343 2.11935
-0.374808 -0.020173 2.06286
0.239424 -0.107192 2.28533
0.221478 -0.0830044 2.27537
-0.0582699 0.0154814 2.25016
-0.0452944 0.304409 2.18047
-0.0337778 0.583539 2.09995
-0.0111176 0.724365 2.06824
-0.185179 0.460613 2.07699
-0.25038 0.206423 2.10797
-0.340364 0.00664319 2.09153
-0.3505 -0.0175856 2.10855
0.126745 0.463804 2.14866
0.164095 0.209309 2.21608
0.230704 0.00391777 2.24307
0.230427 -0.0584586 2.26406
-0.130854 0.01494 2.20283
-0.163722 -0.254031 2.39465
-0.197654 -0.520143 2.63647
-0.204473 -0.60685 2.61781
0.0160302 0.0154932 2.22858
0.0253645 -0.249702 2.31607
-0.000481879 -0.561862 2.37875
0.000119357 -0.670203 2.29698
-0.0364834 0.51522 2.12216
-0.370861 -0.0882923 2.12823
-0.372256 -0.0233073 2.07427
0.240734 -0.103604 2.29261
0.220036 -0.08126 2.2852
-0.0632873 0.0181578 2.25439
-0.0540748 0.306251 2.18284
-0.0463113 0.584397 2.09961
-0.0267536 0.725701 2.06608
-0.198035 0.460157 2.07807
-0.253076 0.204416 2.11756
-0.335592 0.0013581 2.10914
-0.343828 -0.0283718 2.12954
0.1158 0.468215 2.14576
0.159576 0.215876 2.21828
0.230295 0.0115422 2.24365
0.23481 -0.0479947 2.26598
-0.136361 0.0165073 2.20865
-0.167374 -0.244471 2.40653
-0.198628 -0.51884 2.63998
-0.204441 -0.606493 2.61933
0.0115325 0.0192547 2.23139
0.0201399 -0.246333 2.32105
2.39988e-005 -0.557737 2.37813
1.57198e-005 -0.668703 2.29681
-0.0481681 0.516336 2.12254
-0.363908 -0.0972472 2.15062
-0.339173 -0.0237435 2.09109
0.244237 -0.0924781 2.29498
0.224944 -0.077213 2.28725
-0.063647 0.0186321 2.25464
-0.0561808 0.306745 2.18273
-0.0506642 0.584734 2.09894
-0.0352048 0.727126 2.06491
-0.203577 0.459408 2.07981
-0.252591 0.204285 2.12103
-0.329807 -0.000686487 2.11911
-0.337531 -0.0305199 2.13854
0.113011 0.469776 2.14516
0.159243 0.220603 2.2183
0.232461 0.0174924 2.24552
0.241443 -0.0443066 2.26317
-0.136654 0.0165898 2.20895
-0.168352 -0.246908 2.40804
-0.199822 -0.521153 2.64159
-0.204854 -0.608202 2.62167
0.0111441 0.0203529 2.2314
0.0167765 -0.242109 2.319
5.12685e-005 -0.556709 2.37789
-3.87789e-005 -0.667858 2.29698
-0.0519712 0.516716 2.122
-0.358671 -0.0990536 2.1692
-0.358696 -0.034172 2.10643
0.246419 -0.0871059 2.29295
0.228698 -0.0819481 2.28833
-0.0605707 0.0186703 2.24958
-0.0565981 0.306776 2.18112
-0.0527454 0.584823 2.09849
-0.0408334 0.727702 2.06504
-0.205883 0.458723 2.0809
-0.251618 0.204102 2.12194
-0.324448 -0.00234444 2.12305
-0.339082 -0.0594493 2.14561
0.111531 0.470878 2.14302
0.160908 0.224352 2.21491
0.235026 0.0216203 2.24249
0.246802 -0.041764 2.25291
-0.133964 0.01592 2.20459
-0.157574 -0.257958 2.36776
-0.197174 -0.512631 2.62006
-0.204593 -0.607661 2.6198
0.0146881 0.0210522 2.22535
0.0193763 -0.242105 2.3144
-4.20754e-005 -0.556792 2.37789
-0.000157428 -0.667828 2.2967
-0.0535274 0.516786 2.1213
-0.350534 -0.105005 2.16933
-0.316525 -0.0691539 2.11444
0.25112 -0.086569 2.27895
0.232427 -0.0818884 2.27969
-0.0535176 0.0161346 2.23977
-0.0545744 0.30532 2.1785
-0.052825 0.58388 2.09988
-0.0443569 0.726779 2.06626
-0.207124 0.45638 2.08596
-0.248119 0.201536 2.12427
-0.321023 -0.00505512 2.1221
-0.330447 -0.0374307 2.13004
0.112765 0.470197 2.13852
0.164387 0.223561 2.20954
0.242081 0.0211966 2.23169
0.251373 -0.0421816 2.23695
-0.127816 0.014127 2.19754
-0.142574 -0.258181 2.29649
-0.182281 -0.492121 2.56702
-0.16114 -0.550603 2.44529
0.0223935 0.0176374 2.21259
0.0271819 -0.246854 2.30615
-3.17346e-005 -0.557612 2.37768
9.82582e-007 -0.668462 2.29607
-0.0533314 0.516047 2.1217
-0.344382 -0.107283 2.15331
-0.306781 -0.0345101 2.11931
0.265535 -0.0987411 2.25793
0.251789 -0.0654907 2.2616
-0.0486864 0.0149725 2.23313
-0.0515501 0.30419 2.17588
-0.0517802 0.583073 2.10192
-0.0455815 0.726347 2.06697
-0.208347 0.455913 2.09736
-0.245528 0.200107 2.13412
-0.321812 -0.00542181 2.12506
-0.333471 -0.02318 2.13753
0.113945 0.468432 2.13008
0.167388 0.218862 2.19386
0.24673 0.0155422 2.20457
0.251253 -0.0298116 2.20086
-0.123435 0.0141238 2.19363
-0.131312 -0.266329 2.23447
-0.152031 -0.519053 2.49072
-0.188599 -0.618652 2.44922
0.0274883 0.015041 2.20289
0.0345276 -0.258025 2.30163
-0.00107438 -0.561202 2.37715
4.53092e-005 -0.669642 2.29503
-0.0521526 0.515201 2.12248
-0.352092 -0.0955097 2.15722
-0.354399 -0.0324263 2.10967
0.280549 -0.109526 2.24489
0.223968 -0.0390292 2.17827
-0.0481608 0.0151453 2.23192
-0.048602 0.303854 2.17413
-0.0469408 0.582133 2.10227
-0.0468843 0.726128 2.06809
-0.21091 0.457541 2.10404
-0.249861 0.202882 2.14577
-0.330229 -0.000998283 2.13923
-0.350494 -0.0226413 2.15674
0.113329 0.467805 2.12676
0.16557 0.218509 2.18442
0.243585 0.0140383 2.18867
0.242839 -0.0279043 2.17955
-0.122765 0.0147545 2.19322
-0.124179 -0.269207 2.20368
-0.134525 -0.573183 2.40212
-0.154786 -0.656737 2.32618
0.0278646 0.0147153 2.20054
0.0351568 -0.271227 2.30211
-0.000936901 -0.564394 2.37618
-0.000647685 -0.669884 2.29594
-0.0474264 0.514238 2.12198
-0.37104 -0.0920963 2.17526
-0.378366 -0.0360947 2.1364
0.269221 -0.107028 2.21222
0.216107 -0.040291 2.16226
-0.0488503 0.0154157 2.23038
-0.050113 0.303984 2.17437
-0.0522864 0.582494 2.10713
-0.0496787 0.725971 2.07016
-0.216495 0.458428 2.11196
-0.25606 0.2065 2.15628
-0.341076 0.00507697 2.15992
-0.358139 -0.0216449 2.17848
0.109905 0.46749 2.12519
0.160977 0.218296 2.17986
0.23841 0.013416 2.18183
0.233857 -0.0286946 2.17326
-0.123054 0.0151541 2.19262
-0.118871 -0.28251 2.19207
-0.134799 -0.58434 2.35094
-0.127319 -0.673415 2.2896
0.0267524 0.014804 2.19816
0.03139 -0.290266 2.30663
-0.00325342 -0.57204 2.37587
-0.00194788 -0.670027 2.29611
-0.0516846 0.51443 2.12552
-0.376037 -0.0927257 2.19847
-0.381711 -0.0237295 2.155
0.259614 -0.107169 2.20253
0.205129 -0.0394817 2.15373
-0.0537415 0.0147671 2.22558
-0.0576323 0.303218 2.17569
-0.0637307 0.581509 2.11633
-0.0605838 0.725631 2.07687
-0.226767 0.458643 2.12027
-0.263742 0.208784 2.16262
-0.342106 0.00565613 2.17637
-0.364447 -0.0210366 2.19757
0.0990814 0.467282 2.13082
0.150614 0.217636 2.18283
0.225805 0.0117185 2.18182
0.219208 -0.0292745 2.18498
-0.127542 0.0143985 2.1873
-0.120557 -0.289845 2.19341
-0.128805 -0.601073 2.34345
-0.121883 -0.681339 2.27772
0.0217303 0.0144928 2.19431
0.0266172 -0.300792 2.30824
-0.00576165 -0.575662 2.37525
-0.00376588 -0.67076 2.29667
-0.0622526 0.5134 2.13286
-0.387027 -0.0906228 2.22627
-0.391392 -0.027168 2.17019
0.24039 -0.1053 2.20929
0.190932 -0.0388531 2.17035
-0.0614401 0.0157342 2.22123
-0.0677463 0.305016 2.17677
-0.0753946 0.584526 2.12254
-0.0708095 0.727377 2.08178
-0.235275 0.460172 2.1231
-0.272512 0.214187 2.1635
-0.343642 0.00846056 2.1782
-0.370053 -0.0212097 2.19374
0.0905696 0.47119 2.13853
0.142253 0.219921 2.18954
0.211771 0.0124451 2.1955
0.203779 -0.0222456 2.20256
-0.1348 0.015067 2.18185
-0.126824 -0.290204 2.21583
-0.12791 -0.60482 2.3457
-0.12201 -0.683823 2.27675
0.0137981 0.0158219 2.19125
0.0143616 -0.30311 2.30256
-0.00749236 -0.576913 2.37332
-0.00481499 -0.670496 2.29621
-0.0735448 0.516069 2.13791
-0.391463 -0.0913753 2.22645
-0.397004 -0.0276335 2.16979
0.223808 -0.096613 2.22943
0.174605 -0.0320602 2.18568
-0.0701004 0.0167169 2.21817
-0.0768372 0.307073 2.17737
-0.0838856 0.5875 2.12591
-0.0820062 0.73219 2.08922
-0.243298 0.461555 2.12397
-0.279407 0.216655 2.16079
-0.351806 0.0107987 2.17052
-0.378625 -0.0253552 2.17483
0.0822065 0.475789 2.14456
0.136219 0.223054 2.19707
0.204013 0.01549 2.20818
0.197148 -0.0151545 2.21925
-0.14293 0.015793 2.17805
-0.130637 -0.287891 2.23624
-0.125182 -0.605626 2.3506
-0.122563 -0.683143 2.27805
0.00484827 0.0170749 2.18906
0.00365474 -0.300464 2.29938
-0.00935342 -0.577818 2.37293
-0.00519603 -0.670009 2.29524
-0.0822032 0.518824 2.14071
-0.393857 -0.0938256 2.2037
-0.405557 -0.0327645 2.14913
0.211846 -0.0889702 2.24807
0.171183 -0.0276514 2.20187
-0.0746574 0.0162431 2.21724
-0.0847773 0.308019 2.17868
-0.0948347 0.590162 2.12962
-0.0947449 0.73498 2.09587
-0.250847 0.4616 2.12434
-0.287529 0.217126 2.15558
-0.360138 0.0104005 2.15196
-0.382644 -0.0295503 2.15302
0.0739357 0.478474 2.14934
0.13128 0.224712 2.20215
0.201394 0.0180967 2.21476
0.198189 -0.0129722 2.22194
-0.147143 0.0147748 2.177
-0.135447 -0.288521 2.25915
-0.123326 -0.603197 2.35252
-0.121378 -0.682603 2.27692
6.94223e-005 0.017193 2.18829
-0.00468056 -0.29319 2.29616
-0.0109389 -0.575979 2.37232
-0.00767537 -0.67035 2.29423
-0.0924288 0.521044 2.14386
-0.398198 -0.0980093 2.17277
-0.408424 -0.0376744 2.126
0.211716 -0.0903307 2.26004
0.184465 -0.0342209 2.2314
-0.0789407 0.0152077 2.21664
-0.0898661 0.307852 2.1796
-0.100518 0.590713 2.13172
-0.101082 0.735631 2.09907
-0.254591 0.460935 2.12291
-0.289891 0.217087 2.15001
-0.360484 0.00952849 2.14209
-0.376573 -0.0338406 2.14298
0.0688572 0.477974 2.15228
0.129621 0.225329 2.20421
0.202039 0.019151 2.21346
0.198901 -0.00955339 2.21113
-0.151233 0.0134874 2.17588
-0.137141 -0.289311 2.26848
-0.122927 -0.602125 2.355
-0.121886 -0.683035 2.27944
-0.00433593 0.0164185 2.18824
-0.00676809 -0.291677 2.29627
-0.0119361 -0.574841 2.37216
-0.00762151 -0.670309 2.29406
-0.0979691 0.521424 2.14569
-0.389591 -0.10104 2.16106
-0.398147 -0.0372228 2.107
0.211648 -0.0822018 2.23442
0.181518 -0.0297903 2.20968
-0.0820945 0.014611 2.21566
-0.0935835 0.307706 2.17956
-0.104704 0.590909 2.13246
-0.104754 0.736425 2.10111
-0.256496 0.460576 2.12172
-0.290473 0.21687 2.14518
-0.357091 0.00794363 2.13555
-0.369356 -0.0365555 2.13717
0.0660959 0.478394 2.15341
0.128493 0.22595 2.20467
0.20185 0.0197165 2.20964
0.198892 -0.00869563 2.2051
-0.154283 0.0129064 2.17413
-0.138604 -0.289888 2.2708
-0.122703 -0.606002 2.35774
-0.122541 -0.683145 2.27947
-0.00751235 0.015822 2.18799
-0.00784507 -0.29206 2.29696
-0.0125973 -0.575194 2.37205
-0.00755668 -0.670487 2.2932
-0.102041 0.52154 2.14624
-0.37535 -0.108074 2.15997
-0.391803 -0.0485511 2.10912
0.209169 -0.081507 2.22879
0.176276 -0.000660102 2.19942
-0.0838655 0.0142754 2.21489
-0.0954263 0.307594 2.1793
-0.10649 0.590923 2.13252
-0.107356 0.736558 2.10286
-0.258565 0.459969 2.12166
-0.291061 0.216069 2.1436
-0.354976 0.00627735 2.13314
-0.370959 -0.0386827 2.13749
0.0637119 0.478685 2.1531
0.126743 0.226358 2.20352
0.200556 0.0201089 2.20611
0.195593 -0.0111525 2.20063
-0.155904 0.0126471 2.17349
-0.139371 -0.288783 2.27027
-0.122785 -0.603586 2.3569
-0.122712 -0.683189 2.27989
-0.00931461 0.0154342 2.18712
-0.0101423 -0.29149 2.29578
-0.0135033 -0.575563 2.3714
-0.00780296 -0.670833 2.2923
-0.103847 0.521528 2.14624
-0.379371 -0.107131 2.1595
-0.389926 -0.0435335 2.10269
0.203162 -0.0876593 2.22979
0.183606 -0.0263779 2.20773
-0.0856763 0.0139739 2.21321
-0.0967766 0.307602 2.17878
-0.107548 0.591092 2.13266
-0.109878 0.736742 2.10426
-0.260729 0.459479 2.12246
-0.293262 0.215706 2.1439
-0.35836 0.00631015 2.13459
-0.380676 -0.0352118 2.14444
0.062247 0.478731 2.15207
0.124199 0.225985 2.20037
0.196794 0.0190144 2.19795
0.189745 -0.0123398 2.19011
-0.157537 0.0122829 2.17215
-0.139951 -0.288671 2.27009
-0.122625 -0.603233 2.35726
-0.122681 -0.683124 2.27899
-0.0112055 0.0152129 2.18509
-0.0126015 -0.29017 2.29311
-0.0138306 -0.575926 2.37117
-0.00737182 -0.67123 2.29243
-0.104952 0.521662 2.14622
-0.392803 -0.102156 2.1617
-0.404873 -0.0384511 2.11707
0.197095 -0.0924512 2.22057
0.176895 -0.00988067 2.19656
-0.0866931 0.0136126 2.21182
-0.0974435 0.307496 2.17834
-0.107928 0.591093 2.13277
-0.110596 0.736936 2.10487
-0.262327 0.45911 2.12352
-0.296012 0.215838 2.14561
-0.364464 0.00764022 2.14039
-0.386234 -0.0331907 2.1551
0.0619008 0.478614 2.15121
0.122535 0.225139 2.19713
0.194269 0.0177614 2.19187
0.184634 -0.00936088 2.18254
-0.158572 0.0119475 2.1708
-0.140514 -0.289396 2.26934
-0.122413 -0.600998 2.35637
-0.122771 -0.683004 2.27812
-0.0121537 0.0148265 2.18369
-0.0140062 -0.290408 2.29162
-0.0137998 -0.575555 2.37035
-0.00714376 -0.671499 2.29149
-0.105378 0.52165 2.14623
-0.399841 -0.10155 2.17126
-0.407453 -0.0376795 2.127
0.194807 -0.0866547 2.20424
0.183636 -0.0717239 2.19817
