-0.0958003 0.01805 2.22553
-0.108273 0.311147 2.1874
-0.11992 0.594199 2.13792
-0.118046 0.738353 2.11077
-0.272025 0.462705 2.12121
-0.305862 0.213641 2.14551
-0.356509 0.000616232 2.12866
-0.36328 -0.0335922 2.1309
0.0495767 0.482715 2.16787
0.107505 0.231944 2.21587
0.17423 0.0233023 2.19588
0.167781 0.000339847 2.18847
-0.167157 0.0154613 2.18053
-0.14766 -0.290508 2.27952
-0.121691 -0.611195 2.35768
-0.121037 -0.684069 2.27336
-0.021444 0.0201049 2.20157
-0.026447 -0.298302 2.30427
-0.0288697 -0.584558 2.37047
-0.00979543 -0.67547 2.28853
-0.117144 0.524882 2.15234
-0.363354 -0.107643 2.14522
-0.380173 -0.0463084 2.09719
0.174554 -0.0684743 2.20282
0.152291 -0.0282206 2.191
-0.0961511 0.0181157 2.22564
-0.108913 0.311169 2.18741
-0.120918 0.594127 2.13772
-0.118668 0.738261 2.11056
-0.272486 0.46261 2.12122
-0.306403 0.213892 2.14551
-0.356704 0.000771707 2.12907
-0.363418 -0.0338563 2.13223
0.0484601 0.483038 2.16799
0.107055 0.232113 2.21621
0.173733 0.0235843 2.19362
0.166247 0.000482695 2.18312
-0.167534 0.0154817 2.18075
-0.147859 -0.290837 2.27953
-0.123925 -0.605685 2.3556
-0.121068 -0.683989 2.2732
-0.0217823 0.0202056 2.2016
-0.0264612 -0.298227 2.30415
-0.028917 -0.584376 2.37
-0.00981687 -0.675697 2.28851
-0.118051 0.524839 2.1522
-0.367354 -0.106437 2.14394
-0.381243 -0.048264 2.09918
0.170544 -0.0697137 2.19792
0.152082 -0.0216524 2.18891
-0.0970286 0.0180248 2.22587
-0.110173 0.310877 2.1875
-0.122634 0.593596 2.13757
-0.121202 0.738054 2.1096
-0.273675 0.462389 2.12104
-0.307427 0.213705 2.14577
-0.357815 0.000618835 2.12902
-0.364725 -0.0348532 2.13103
0.0474327 0.482857 2.16769
0.105303 0.231758 2.21543
0.172627 0.0235859 2.19046
0.163598 0.00115977 2.17797
-0.168322 0.0154029 2.18087
-0.148501 -0.291317 2.27969
-0.126213 -0.60479 2.35545
-0.121146 -0.683898 2.27316
-0.0227413 0.020097 2.20192
-0.0269497 -0.298566 2.30444
-0.0305294 -0.586785 2.37054
-0.0105923 -0.675853 2.28849
-0.119653 0.524369 2.15212
-0.365748 -0.107856 2.1431
-0.381403 -0.0509443 2.09712
0.167448 -0.0669491 2.18626
0.160144 -0.0704608 2.1842
-0.0979733 0.0179864 2.22578
-0.111612 0.310882 2.18753
-0.124511 0.593662 2.13779
-0.123014 0.737686 2.10904
-0.27516 0.462043 2.12092
-0.308172 0.214628 2.14546
-0.358402 0.0015098 2.12839
-0.36566 -0.0343659 2.13066
0.0463528 0.482708 2.16719
0.104775 0.23168 2.21499
0.17147 0.0233813 2.18891
0.161975 0.00121953 2.18003
-0.169291 0.0153367 2.18077
-0.14979 -0.292014 2.2801
-0.12657 -0.601472 2.35482
-0.121161 -0.683893 2.27312
-0.0236381 0.0200845 2.2018
-0.0269554 -0.298461 2.3043
-0.0300981 -0.58721 2.37077
-0.0112066 -0.676087 2.28754
-0.121429 0.524418 2.15228
-0.365405 -0.107764 2.14119
-0.365027 -0.0328358 2.09323
0.168645 -0.0667871 2.18645
0.14735 -0.0357378 2.1803
-0.0987816 0.0178583 2.22572
-0.112458 0.310782 2.18744
-0.125322 0.593614 2.13768
-0.124199 0.737565 2.10868
-0.276315 0.461926 2.12114
-0.308786 0.214756 2.14539
-0.359051 0.00165651 2.12802
-0.365756 -0.0349921 2.12949
0.0457681 0.482488 2.16693
0.104504 0.231419 2.21452
0.170973 0.0230499 2.18842
0.163333 0.00314471 2.18288
-0.170174 0.0151973 2.1808
-0.15092 -0.292301 2.28059
-0.126949 -0.602115 2.35541
-0.122469 -0.684492 2.2747
-0.0243766 0.0199648 2.20164
-0.0267908 -0.297984 2.3043
-0.0290623 -0.585952 2.37054
-0.0105211 -0.675751 2.28921
-0.122254 0.524354 2.15217
-0.365372 -0.10775 2.14094
-0.338512 -0.0351295 2.10797
0.169749 -0.0670639 2.19019
0.145288 -0.0232076 2.18087
-0.0991218 0.0178868 2.22556
-0.112956 0.310736 2.18699
-0.126003 0.593451 2.13676
-0.124995 0.737551 2.1081
-0.276689 0.461843 2.12075
-0.309151 0.214519 2.14494
-0.359163 0.00135941 2.12764
-0.363906 -0.0365665 2.12923
0.0450577 0.482788 2.1662
0.104328 0.231549 2.21414
0.171409 0.0232682 2.18965
0.167725 0.00418441 2.18887
-0.170557 0.0151152 2.18048
-0.152805 -0.290808 2.28065
-0.129266 -0.603075 2.35653
-0.122575 -0.684435 2.2738
-0.0246836 0.0200824 2.20156
-0.0266938 -0.294077 2.30184
-0.0290522 -0.584824 2.37044
-0.00997158 -0.675983 2.28942
-0.122892 0.524225 2.15139
-0.364076 -0.112583 2.14469
-0.383055 -0.0531689 2.09891
0.173157 -0.0676065 2.20053
0.166546 -0.0501362 2.19775
-0.0989334 0.0179558 2.22493
-0.112593 0.310825 2.18597
-0.125349 0.593567 2.13527
-0.124622 0.73796 2.10755
-0.275887 0.461813 2.11963
-0.30802 0.21372 2.1438
-0.357203 0.00034631 2.12708
-0.356883 -0.0344962 2.12838
0.0451987 0.48282 2.16564
0.105132 0.231658 2.21415
0.173706 0.0237293 2.19206
0.173355 0.00416901 2.19105
-0.170425 0.0151317 2.17996
-0.152982 -0.291214 2.28045
-0.131062 -0.602357 2.3566
-0.124582 -0.684412 2.27758
-0.02443 0.0201981 2.20076
-0.0261898 -0.292477 2.29949
-0.0286941 -0.584327 2.37012
-0.0100053 -0.67582 2.2905
-0.122321 0.524334 2.15002
-0.35846 -0.11266 2.14607
-0.372233 -0.055868 2.09588
0.178784 -0.065922 2.20073
0.158723 -0.0185733 2.19311
-0.0955143 0.0173971 2.22176
-0.109162 0.31052 2.18354
-0.121811 0.59348 2.13357
-0.121151 0.737546 2.10592
-0.270414 0.460848 2.11675
-0.302245 0.212471 2.14223
-0.349499 -0.0013136 2.124
-0.348323 -0.0400432 2.12481
0.0467266 0.482964 2.16545
0.109503 0.231003 2.21332
0.179141 0.0233222 2.19381
0.182236 0.00203122 2.1902
-0.166969 0.0145404 2.17725
-0.151219 -0.292439 2.27658
-0.131911 -0.604533 2.35626
-0.125337 -0.685064 2.2795
-0.0211292 0.0196951 2.19711
-0.0228609 -0.291951 2.29571
-0.0274697 -0.582533 2.36924
-0.00948495 -0.675834 2.29146
-0.118815 0.524195 2.14814
-0.350465 -0.107653 2.1398
-0.365185 -0.0544324 2.09306
0.187517 -0.0685394 2.20215
0.154038 -0.00663678 2.18987
-0.0860995 0.015713 2.21626
-0.09974 0.309023 2.17998
-0.11222 0.592128 2.13185
-0.111532 0.737176 2.10497
-0.262105 0.459429 2.11546
-0.292896 0.211187 2.13847
-0.339956 -0.00264494 2.12
-0.339442 -0.0380451 2.11953
0.0590381 0.48152 2.16389
0.118837 0.229173 2.21188
0.189606 0.0218476 2.19392
0.195106 -0.00185757 2.18955
-0.157643 0.0136977 2.17136
-0.14117 -0.295376 2.25685
-0.13118 -0.607622 2.35571
-0.125886 -0.685367 2.27998
-0.0118346 0.0171822 2.19195
-0.0140662 -0.293042 2.29024
-0.0257409 -0.583817 2.36913
-0.00918355 -0.674842 2.29046
-0.109278 0.522808 2.14596
-0.343772 -0.106596 2.13228
-0.360769 -0.0501685 2.08892
0.20122 -0.0737106 2.20348
0.185791 -0.0285895 2.19238
-0.0704629 0.0142475 2.20612
-0.0828518 0.306579 2.17436
-0.093726 0.588603 2.13094
-0.0940162 0.733953 2.10331
-0.244063 0.456058 2.11277
-0.27564 0.208352 2.13504
-0.327269 -0.00415952 2.11143
-0.322808 -0.0360461 2.1093
0.0757887 0.476492 2.15831
0.136537 0.220089 2.20715
0.207691 0.0129438 2.18992
0.209106 -0.00895098 2.18324
-0.143557 0.0136845 2.16229
-0.122091 -0.292418 2.16692
-0.122501 -0.606319 2.33329
-0.12253 -0.687686 2.27062
0.00488061 0.0142697 2.18072
0.00804633 -0.308099 2.28517
-0.0213233 -0.587556 2.36782
-0.00506499 -0.67407 2.29401
-0.0912043 0.519561 2.14383
-0.325492 -0.112003 2.12539
-0.338395 -0.0590466 2.07513
0.213511 -0.0788176 2.19038
0.184567 -0.0138068 2.15169
-0.0613371 0.011899 2.20138
-0.0727359 0.303372 2.16999
-0.083183 0.584625 2.12707
-0.0808947 0.72873 2.09764
-0.235705 0.453675 2.11214
-0.265631 0.205458 2.1357
-0.314939 -0.00730354 2.10756
-0.308347 -0.0378139 2.10699
0.0862109 0.472108 2.15122
0.145404 0.216849 2.20158
0.216332 0.00964415 2.18454
0.215863 -0.01517 2.17933
-0.135086 0.0116885 2.15925
-0.115825 -0.297189 2.12075
-0.1172 -0.609624 2.23172
-0.10645 -0.69483 2.19238
0.0144068 0.0116503 2.17411
0.0167516 -0.317744 2.289
-0.0195057 -0.596265 2.36912
-0.0264635 -0.673423 2.28278
-0.0807086 0.515764 2.13985
-0.307065 -0.118032 2.11982
-0.323613 -0.0591625 2.07257
0.220623 -0.0863158 2.1905
0.191461 -0.0312056 2.1772
-0.054137 0.00772691 2.19262
-0.0653077 0.29963 2.16285
-0.0756116 0.581236 2.12137
-0.0745042 0.727033 2.09044
-0.230751 0.451003 2.11014
-0.257743 0.203066 2.13556
-0.309221 -0.00917043 2.10749
-0.30035 -0.0385917 2.1128
0.0948869 0.467862 2.13821
0.153813 0.212631 2.18934
0.22336 0.00489006 2.17866
0.220496 -0.0208947 2.17089
-0.128008 0.00783211 2.15309
-0.113456 -0.319563 2.07984
-0.110134 -0.645263 2.0889
-0.116333 -0.726563 1.99805
0.0213898 0.00733402 2.16259
0.0219851 -0.331608 2.28953
-0.0189845 -0.588363 2.36249
0.00616803 -0.674822 2.29871
-0.0731627 0.512294 2.1338
-0.305934 -0.118157 2.12739
-0.318082 -0.0517016 2.0776
0.223665 -0.0927968 2.1857
0.207896 -0.0524982 2.177
-0.0503881 -0.00527242 2.16916
-0.0599793 0.288074 2.14233
-0.0690344 0.571053 2.10368
-0.0694756 0.714381 2.06868
-0.226029 0.441877 2.1001
-0.253273 0.195475 2.12748
-0.307164 -0.0166239 2.10756
-0.308682 -0.0483078 2.11653
0.0995995 0.458149 2.11469
0.160716 0.202264 2.16005
0.230821 -0.00525355 2.15074
0.227041 -0.0309426 2.13839
-0.123585 -0.00658697 2.13179
-0.114251 -0.34892 2.0382
-0.102973 -0.69254 1.91047
-0.0944482 -0.743167 1.78651
0.0243968 -0.00374659 2.13722
0.0233031 -0.333861 2.28012
-0.0168844 -0.604659 2.36641
0.00682878 -0.679767 2.29551
-0.0668621 0.501774 2.11542
-0.319812 -0.124203 2.13274
-0.329291 -0.0523526 2.08785
0.227185 -0.107423 2.16047
0.214701 -0.0789169 2.153
-0.0486471 -0.0163908 2.14448
-0.059728 0.278512 2.12228
-0.0699059 0.562933 2.08793
-0.0723356 0.708192 2.05582
-0.22672 0.430962 2.08312
-0.252788 0.185823 2.10885
-0.307778 -0.0260058 2.10491
-0.314844 -0.0595369 2.11337
0.0982371 0.446416 2.0919
0.162514 0.194817 2.13534
0.234595 -0.0118725 2.11642
0.228303 -0.0394878 2.10196
-0.122098 -0.0187658 2.10826
-0.113041 -0.360607 2.00992
-0.110144 -0.696261 1.91943
-0.10341 -0.746753 1.79527
0.026378 -0.0134751 2.11149
0.0243736 -0.333537 2.27064
-0.0166733 -0.605777 2.36431
0.00749185 -0.681257 2.29458
-0.0674848 0.493304 2.09863
-0.324037 -0.135606 2.13547
-0.335331 -0.0713164 2.08644
0.230827 -0.112296 2.11847
0.202237 -0.0424185 2.09989
-0.0505176 -0.0253149 2.11793
-0.0630745 0.27143 2.09843
-0.0747225 0.557491 2.06696
-0.0779305 0.705588 2.0406
-0.232131 0.419097 2.05416
-0.256463 0.179492 2.07488
-0.309611 -0.0316558 2.08675
-0.321746 -0.0713112 2.09435
0.0942549 0.43995 2.06501
0.163826 0.185747 2.10231
0.238324 -0.0200711 2.08346
0.231356 -0.0400644 2.06417
-0.123506 -0.0273659 2.08088
-0.114162 -0.35809 2.00857
-0.113017 -0.699953 1.93616
-0.0952839 -0.763715 1.83371
0.0241165 -0.0224822 2.08578
0.0235353 -0.333647 2.25791
-0.0169093 -0.607079 2.36277
0.00790302 -0.682749 2.29396
-0.0719402 0.487469 2.07692
-0.330885 -0.140754 2.11845
-0.347718 -0.118222 2.0903
0.235571 -0.114006 2.0776
0.217444 -0.0771523 2.07073
-0.0497014 -0.0262732 2.10535
-0.0649366 0.271337 2.08073
-0.0798458 0.558377 2.0437
-0.0831231 0.708243 2.02214
-0.233889 0.417308 2.03239
-0.253923 0.163859 2.04587
-0.317288 -0.0454035 2.04458
-0.324518 -0.0760257 2.04892
0.0924316 0.439105 2.04241
0.16665 0.183343 2.08235
0.24401 -0.0205995 2.05149
0.235509 -0.0318369 2.0345
-0.123051 -0.0288581 2.06942
-0.114821 -0.356624 2.00766
-0.113148 -0.700957 1.93886
-0.0961233 -0.76507 1.83579
0.0253096 -0.0227817 2.07207
0.0224466 -0.331283 2.24795
-0.017175 -0.607383 2.36166
0.008153 -0.683417 2.29408
-0.0762078 0.488113 2.05506
-0.332854 -0.147972 2.06902
-0.349996 -0.0873508 2.02278
0.241044 -0.104721 2.04618
0.219753 -0.0258079 2.04322
-0.0475466 -0.0254706 2.10293
-0.0641738 0.271897 2.07427
-0.0800949 0.558597 2.03253
-0.0845546 0.709139 2.01145
-0.231126 0.41623 2.01277
-0.250989 0.162286 2.02815
-0.312425 -0.047755 2.01073
-0.316722 -0.07829 2.01177
0.0922698 0.439887 2.03373
0.16859 0.185411 2.07426
0.249629 -0.0163563 2.03697
0.238537 -0.0290744 2.02606
-0.121067 -0.0283878 2.06624
-0.113403 -0.357743 2.00416
-0.111707 -0.702177 1.93956
-0.0959755 -0.76677 1.84059
0.0275699 -0.021684 2.0704
0.0241546 -0.330086 2.24645
-0.017264 -0.607443 2.36125
0.007466 -0.682869 2.29184
-0.0762069 0.48844 2.04513
-0.326755 -0.147615 2.02657
-0.339968 -0.0903407 1.98167
0.245314 -0.0998141 2.03586
0.209858 -0.00541876 2.0294
-0.0423448 -0.0207912 2.11332
-0.0602801 0.2744 2.07935
-0.0772434 0.559641 2.03451
-0.0813913 0.708956 2.01065
-0.22505 0.42095 2.01791
-0.244361 0.168061 2.0326
-0.303895 -0.0424361 2.01142
-0.306031 -0.0709313 2.02476
0.0967722 0.443825 2.04161
0.169991 0.191804 2.08214
0.248156 -0.0104415 2.04005
0.23616 -0.024312 2.04232
-0.116176 -0.024136 2.0746
-0.109678 -0.361193 2.00202
-0.108592 -0.70171 1.93364
-0.0956767 -0.766939 1.84172
0.0328565 -0.0167766 2.083
0.0300707 -0.328001 2.25524
-0.0174683 -0.578696 2.34164
0.00578334 -0.675064 2.29443
-0.0731487 0.489777 2.04771
-0.316175 -0.140062 2.03812
-0.29666 -0.0694251 1.98879
0.24521 -0.0943807 2.0461
0.214765 -0.0296203 2.04545
-0.0378087 -0.0128064 2.13795
-0.0527699 0.280346 2.09792
-0.0674673 0.563437 2.04694
-0.0730467 0.710823 2.01734
-0.216497 0.429037 2.03737
-0.233892 0.181099 2.06142
-0.288029 -0.0311022 2.04491
-0.293713 -0.0535517 2.06017
0.102568 0.451049 2.05832
0.171743 0.199541 2.10908
0.244777 -0.00493237 2.06896
0.231575 -0.0221548 2.07873
-0.111408 -0.0165236 2.10015
-0.10774 -0.35899 2.0023
-0.110603 -0.699199 1.91774
-0.0996392 -0.75045 1.79446
0.0370055 -0.00869196 2.10662
0.0336508 -0.325738 2.27055
-0.0175377 -0.605993 2.36226
0.00717398 -0.68089 2.2916
-0.0638794 0.49411 2.06164
-0.306032 -0.129554 2.07497
-0.316208 -0.0708643 2.03153
0.240506 -0.0915007 2.07904
0.203425 -0.0339057 2.0732
-0.0323641 -0.00165305 2.16641
-0.0450242 0.288395 2.12057
-0.0574753 0.568481 2.06352
-0.0630298 0.714036 2.02823
-0.210996 0.440247 2.06169
-0.228803 0.190532 2.09263
-0.28154 -0.022103 2.07989
-0.280337 -0.0380816 2.09763
0.111989 0.459062 2.07942
0.172864 0.206101 2.13612
0.237507 -0.00325036 2.1228
0.226354 -0.0166733 2.13414
-0.105703 -0.00356283 2.13048
-0.117795 -0.321618 2.04486
-0.145063 -0.65514 2.07502
-0.126587 -0.738281 1.98242
0.0420074 0.000399324 2.13322
0.0345694 -0.309411 2.27941
-0.0133261 -0.592994 2.36382
0.00293671 -0.674089 2.29587
-0.0544179 0.499897 2.07978
-0.299413 -0.114448 2.10836
-0.302081 -0.0165629 2.07444
0.233566 -0.0871549 2.14373
0.195716 -0.0315943 2.13333
-0.0332789 0.00605675 2.18207
-0.0432421 0.294323 2.13307
-0.0532083 0.572765 2.07297
-0.0582869 0.716413 2.03431
-0.20928 0.445787 2.07166
-0.229693 0.193826 2.10655
-0.286612 -0.0176981 2.09618
-0.296082 -0.0329348 2.1143
0.114447 0.46365 2.08783
0.172234 0.210214 2.14903
0.240878 0.00283646 2.15438
0.233896 -0.0110809 2.16826
-0.106875 0.00464661 2.14516
-0.114916 -0.310134 2.11856
-0.161988 -0.613771 2.26486
-0.162476 -0.694824 2.17773
0.0413743 0.00728748 2.14987
0.0337563 -0.299113 2.27892
-0.0112257 -0.5836 2.36396
-0.0108339 -0.674905 2.30005
-0.0507507 0.50458 2.08999
-0.308063 -0.105897 2.12717
-0.31731 -0.0464107 2.08394
0.24173 -0.0839377 2.18177
0.206356 -0.021137 2.15505
-0.0343755 0.0107059 2.19998
-0.043735 0.297397 2.14331
-0.0529863 0.57432 2.0768
-0.0564159 0.719041 2.04138
-0.209815 0.448282 2.07727
-0.233521 0.196119 2.11778
-0.293962 -0.0143334 2.11138
-0.307112 -0.0297303 2.13133
0.114939 0.464901 2.09351
0.172041 0.213219 2.16041
0.244548 0.00775951 2.17163
0.239006 -0.00991781 2.18955
-0.108306 0.00971424 2.16142
-0.115787 -0.294639 2.20106
-0.171302 -0.566811 2.4321
-0.17388 -0.652243 2.3822
0.0406614 0.0113155 2.1695
0.0326504 -0.290911 2.28247
-0.00681517 -0.579216 2.36786
-0.0109635 -0.674324 2.30265
-0.0506915 0.506504 2.09524
-0.319916 -0.105615 2.15171
-0.327568 -0.0411374 2.10042
0.245879 -0.0855698 2.21227
0.215328 0.00122191 2.1864
-0.0385461 0.0116302 2.2175
-0.046498 0.298392 2.15479
-0.054243 0.57515 2.08169
-0.0565611 0.719866 2.04535
-0.211309 0.448014 2.081
-0.238503 0.19692 2.12767
-0.301568 -0.0120899 2.13313
-0.313878 -0.0276064 2.15423
0.112279 0.465636 2.10461
0.170474 0.213666 2.17193
0.245401 0.00953408 2.18668
0.238083 -0.0123919 2.19908
-0.112406 0.0104252 2.17733
-0.113614 -0.280672 2.26798
-0.169304 -0.520264 2.53076
-0.171143 -0.609375 2.51563
0.0365315 0.012461 2.18857
0.0337484 -0.272011 2.28849
-0.00444513 -0.574438 2.37307
-0.00589995 -0.672433 2.30015
-0.0523401 0.50742 2.10182
-0.328642 -0.103194 2.17756
-0.328846 -0.0338747 2.11967
0.246378 -0.0861311 2.22144
0.225989 -0.011998 2.19825
-0.0539877 0.0142402 2.24153
-0.056545 0.299842 2.16947
-0.059038 0.575834 2.08734
-0.0585974 0.720423 2.05005
-0.215983 0.448777 2.0859
-0.247385 0.198252 2.1376
-0.31097 -0.00914619 2.15561
-0.325198 -0.0321417 2.18262
0.105904 0.465589 2.11602
0.163042 0.214872 2.18492
0.237118 0.0103177 2.19886
0.224749 -0.0109125 2.20506
-0.127382 0.0110546 2.20057
-0.139924 -0.266443 2.36291
-0.171709 -0.525136 2.61218
-0.181183 -0.611645 2.59223
0.0210348 0.0170439 2.21347
0.0263596 -0.256945 2.30287
-0.00275869 -0.563434 2.37505
-0.003815 -0.669107 2.29964
-0.0584248 0.508265 2.10967
-0.336699 -0.102556 2.21748
-0.345458 -0.0432273 2.15264
0.233452 -0.0875551 2.22778
0.19767 -0.0175954 2.19182
-0.0649219 0.0189927 2.25991
-0.0662397 0.302197 2.17975
-0.0671182 0.576486 2.09052
-0.0607508 0.720735 2.05348
-0.222326 0.450743 2.08775
-0.256333 0.199744 2.14549
-0.319644 -0.00724253 2.16662
-0.342272 -0.0549792 2.20766
0.0974805 0.467077 2.12668
0.152939 0.217622 2.19796
0.226244 0.0128239 2.21234
0.212284 -0.00807151 2.22208
-0.137836 0.0145772 2.21743
-0.147704 -0.245979 2.39604
-0.172427 -0.517007 2.63366
-0.180977 -0.606904 2.60509
0.00997236 0.0228647 2.23337
0.0199085 -0.252093 2.31947
-0.00264509 -0.558901 2.37704
-0.0034734 -0.6688 2.30032
-0.0669049 0.509282 2.11456
-0.351197 -0.0987685 2.23661
-0.359988 -0.0358459 2.16759
0.221049 -0.0826066 2.23856
0.184821 -0.0171731 2.2185
-0.0716627 0.0237973 2.27348
-0.0729987 0.304629 2.18794
-0.0733928 0.576777 2.09297
-0.0653258 0.72093 2.05722
-0.227417 0.452093 2.08822
-0.264077 0.200773 2.14983
-0.326708 -0.00595417 2.1737
-0.351016 -0.0571935 2.20796
0.0899555 0.469487 2.13495
0.143053 0.222902 2.21207
0.216828 0.0186967 2.22972
0.207166 -0.00164493 2.24179
-0.144372 0.0194394 2.22996
-0.159836 -0.234718 2.43317
-0.177655 -0.520245 2.65111
-0.182837 -0.607841 2.60946
0.00322495 0.027468 2.24801
0.0168893 -0.251255 2.327
-0.00482048 -0.559355 2.378
-0.00279127 -0.668746 2.30041
-0.0733463 0.510064 2.11844
-0.360703 -0.103358 2.23529
-0.365362 -0.0412233 2.16457
0.216662 -0.078053 2.26632
0.185985 0.0117184 2.23833
-0.0773405 0.0259371 2.28384
-0.0792323 0.305793 2.19502
-0.0803058 0.576756 2.09612
-0.0702404 0.721353 2.06156
-0.231998 0.452038 2.08945
-0.268785 0.201108 2.15224
-0.328431 -0.0066793 2.17516
-0.344152 -0.0601786 2.20528
0.083591 0.469848 2.14322
0.137134 0.22796 2.22475
0.212452 0.0259106 2.25182
0.206588 -0.00212779 2.26547
-0.149881 0.0210006 2.23962
-0.167252 -0.234497 2.45954
-0.179858 -0.511942 2.65317
-0.185236 -0.607418 2.61274
-0.00245039 0.0301318 2.25903
0.0151989 -0.250243 2.33251
-0.0070319 -0.5594 2.37879
-0.000850851 -0.669202 2.30015
-0.0801022 0.510368 2.1227
-0.352167 -0.10577 2.24224
-0.363292 -0.0558018 2.1691
0.216245 -0.0770813 2.29037
0.189485 -0.0124338 2.26392
-0.0792781 0.0276249 2.28995
-0.0816493 0.306721 2.1987
-0.0830597 0.576955 2.09739
-0.0719871 0.72125 2.06288
-0.233192 0.451735 2.08982
-0.270275 0.20172 2.15331
-0.326622 -0.00744666 2.17355
-0.336729 -0.0642236 2.19925
0.0805503 0.470635 2.14557
0.135905 0.230256 2.23089
0.210447 0.029314 2.26459
0.208491 -0.0304028 2.2936
-0.151883 0.0222801 2.24572
-0.167919 -0.23488 2.46608
-0.180725 -0.510546 2.65431
-0.185963 -0.608466 2.61439
-0.00427564 0.0321522 2.26512
0.0130739 -0.249252 2.33623
-0.00787643 -0.559781 2.37927
-0.00109054 -0.669033 2.2994
-0.0827872 0.510746 2.12457
-0.345587 -0.111558 2.23614
-0.3534 -0.0575195 2.15728
0.210149 -0.0747667 2.31391
0.185656 -0.0412328 2.28487
-0.0793826 0.0275987 2.2907
-0.0822461 0.306836 2.20006
-0.0844681 0.577147 2.09905
-0.072953 0.721032 2.06322
-0.233599 0.451145 2.09072
-0.269518 0.202598 2.15306
-0.318157 -0.00930732 2.16801
-0.325856 -0.0682275 2.18286
0.0797656 0.471409 2.14701
0.136452 0.231213 2.23302
0.211768 0.0306922 2.26728
0.213987 -0.028712 2.29003
-0.15197 0.0222209 2.2465
-0.167983 -0.235366 2.46587
-0.18131 -0.511434 2.65594
-0.186476 -0.608438 2.61493
-0.0043883 0.0321561 2.26589
0.0126515 -0.249772 2.33815
-0.00834562 -0.559788 2.38006
-0.000703914 -0.668911 2.30238
-0.0839896 0.510934 2.12623
-0.329243 -0.114211 2.20826
-0.343412 -0.0563755 2.138
0.213115 -0.0755117 2.31728
0.19194 -0.036506 2.28545
-0.0775878 0.0266042 2.28831
-0.0815253 0.306766 2.20018
-0.0838176 0.577641 2.1006
-0.073092 0.721486 2.06486
-0.23257 0.451674 2.0926
-0.265441 0.203709 2.15155
-0.30481 -0.0114138 2.15367
-0.307756 -0.0422931 2.15184
0.0818137 0.472211 2.14895
0.140809 0.229945 2.23365
0.216674 0.0292929 2.26635
0.225173 -0.0322916 2.27806
-0.150248 0.0215259 2.24437
-0.160173 -0.244527 2.44753
-0.179779 -0.517183 2.65566
-0.186359 -0.60894 2.61559
-0.00253849 0.0308024 2.26317
0.0123106 -0.252099 2.33848
-0.00735081 -0.557342 2.37896
-0.00092369 -0.668536 2.30148
-0.0833686 0.511241 2.12736
-0.314689 -0.113933 2.17693
-0.325447 -0.0510636 2.11593
0.221282 -0.0812798 2.30771
0.209848 -0.0764112 2.3105
-0.064716 0.0225973 2.26831
-0.071683 0.306944 2.19542
-0.0747634 0.580855 2.10621
-0.0668645 0.724493 2.06982
-0.226409 0.454774 2.09567
-0.253755 0.205665 2.14263
-0.292097 -0.0100305 2.12549
-0.298842 -0.0334714 2.11886
0.0893597 0.474066 2.14967
0.150238 0.227058 2.22901
0.226998 0.0250946 2.2534
0.229421 -0.0374291 2.25463
-0.137195 0.0180058 2.22323
-0.135013 -0.269529 2.34139
-0.170018 -0.513327 2.60399
-0.183886 -0.608775 2.60668
0.00972389 0.0265003 2.24426
0.0178928 -0.257239 2.32737
-0.00644931 -0.557021 2.37832
-0.000841862 -0.668647 2.30098
-0.0745846 0.513632 2.13038
-0.303442 -0.107178 2.13956
-0.316327 -0.0499201 2.08466
0.231971 -0.0822959 2.26956
0.216402 -0.0661135 2.26427
-0.0533249 0.01945 2.25595
-0.0616115 0.306218 2.19068
-0.0671991 0.582319 2.1099
-0.0584197 0.726421 2.07642
-0.219811 0.455382 2.09864
-0.247842 0.204841 2.13715
-0.289628 -0.00986098 2.11257
-0.297677 -0.0332613 2.10284
0.0988201 0.472325 2.15023
0.156879 0.223542 2.22328
0.231528 0.0199186 2.2424
0.23274 -0.0424372 2.24079
-0.126629 0.0170442 2.21081
-0.128052 -0.268835 2.24059
-0.152679 -0.505381 2.51048
-0.132008 -0.563814 2.38894
0.0217009 0.0211351 2.23182
0.0281052 -0.264688 2.31737
-0.0058049 -0.559316 2.37837
-0.00113858 -0.669078 2.29985
-0.0663903 0.514664 2.13216
-0.305866 -0.107068 2.12111
-0.316918 -0.0489178 2.06807
0.228704 -0.0918267 2.25656
0.214872 -0.0796768 2.25267
-0.0446724 0.0170104 2.24189
-0.0550501 0.304467 2.18555
-0.0631175 0.581502 2.11189
-0.05374 0.725137 2.07951
-0.215392 0.455266 2.10129
-0.244284 0.205235 2.13509
-0.286943 -0.0084378 2.10064
-0.291913 -0.0297005 2.09571
0.103976 0.469504 2.14918
0.161296 0.218889 2.21294
0.234342 0.0143143 2.22948
0.23318 -0.0225754 2.22139
-0.118329 0.0167924 2.19821
-0.117698 -0.272079 2.16912
-0.129967 -0.553109 2.39646
-0.130249 -0.649902 2.35547
0.0303674 0.0165223 2.21635
0.033003 -0.276275 2.31003
-0.00492601 -0.568033 2.38063
-0.00721998 -0.670231 2.31078
-0.0618337 0.513731 2.13273
-0.301489 -0.103816 2.1056
-0.310798 -0.0400247 2.05913
0.235679 -0.0939304 2.24678
0.215545 -0.0338166 2.2254
-0.037408 0.0141241 2.21958
-0.0488201 0.301897 2.17364
-0.0600678 0.580133 2.1116
-0.0519755 0.724738 2.07944
-0.214044 0.455045 2.10284
-0.240416 0.205332 2.13315
-0.287364 -0.00691143 2.09453
-0.29469 -0.0281956 2.09368
0.109376 0.467534 2.14089
0.165549 0.21478 2.19729
0.241208 0.0103614 2.20717
0.238777 -0.0249424 2.1981
-0.111284 0.0142479 2.1799
-0.101757 -0.299358 2.09611
-0.107059 -0.627484 2.17686
-0.104614 -0.708496 2.11523
0.0375436 0.0135566 2.1899
0.0349656 -0.328446 2.31082
-0.0125222 -0.60134 2.37628
-0.0224469 -0.679812 2.2725
-0.0577128 0.512005 2.13007
-0.307152 -0.104215 2.10742
-0.309114 -0.0374222 2.05977
0.242924 -0.093765 2.21661
0.22071 -0.0207061 2.2042
-0.0362026 0.00570444 2.19898
-0.0469503 0.296034 2.16116
-0.0581398 0.576847 2.10862
-0.0508206 0.720766 2.07475
-0.212479 0.452276 2.10123
-0.237386 0.200779 2.12491
-0.289617 -0.0104462 2.08834
-0.292431 -0.0317904 2.09313
0.110873 0.464114 2.13225
0.167991 0.208776 2.18304
0.246646 0.00517976 2.1894
0.24425 -0.0252784 2.17808
-0.109276 0.00444486 2.15874
-0.102282 -0.337774 2.05423
-0.108101 -0.673291 2.00846
-0.0942657 -0.725234 1.88514
0.0380079 0.00656941 2.16989
0.0345017 -0.329476 2.3023
-0.0153884 -0.588195 2.3642
0.00118351 -0.67334 2.29688
-0.0554516 0.507979 2.12455
-0.312947 -0.113705 2.10539
-0.312634 -0.0405395 2.0571
0.250032 -0.0975743 2.19441
0.241275 -0.0860521 2.19425
-0.0368447 -0.00696877 2.17218
-0.0481534 0.286682 2.14327
-0.0586896 0.570289 2.10042
-0.0521661 0.713573 2.06488
-0.212305 0.44155 2.08503
-0.237513 0.185732 2.09872
-0.292965 -0.0258046 2.07529
-0.294327 -0.0407731 2.07972
0.109871 0.454472 2.11801
0.170597 0.20002 2.16712
0.250311 -0.00303711 2.17447
0.246084 -0.034052 2.16379
-0.109875 -0.00963907 2.13153
-0.109499 -0.359435 2.0154
-0.108804 -0.695313 1.91294
-0.0943809 -0.759461 1.81599
0.0373584 -0.00411034 2.14366
0.0335329 -0.331298 2.29151
-0.0107043 -0.587974 2.36315
0.00152383 -0.67386 2.29514
-0.0561723 0.500732 2.11359
-0.316715 -0.126239 2.10017
-0.317804 -0.0195284 2.05933
0.249912 -0.108839 2.18561
0.237846 -0.111396 2.1905
-0.0345762 -0.0185347 2.14094
-0.050055 0.275343 2.11514
-0.0643258 0.558984 2.07699
-0.058253 0.704983 2.04727
-0.215958 0.429577 2.05871
-0.241919 0.174825 2.06646
-0.294244 -0.0375177 2.0431
-0.303138 -0.0612503 2.04349
0.104148 0.442845 2.09578
0.16932 0.190747 2.14481
0.24986 -0.0112443 2.15863
0.242773 -0.0418142 2.1472
-0.107645 -0.0216177 2.09762
-0.112677 -0.353136 1.98627
-0.112158 -0.696373 1.91132
-0.0979784 -0.760212 1.81909
0.039584 -0.0148808 2.11504
0.0344905 -0.33103 2.28006
-0.0100542 -0.599655 2.36765
0.00256797 -0.676653 2.29559
-0.0609178 0.489502 2.08868
-0.321055 -0.137905 2.06319
-0.320599 -0.0677342 2.00642
0.249994 -0.115702 2.16653
0.224222 -0.0744292 2.15343
-0.0416576 -0.0215256 2.10892
-0.0572575 0.273588 2.08231
-0.071864 0.558197 2.0436
-0.0661539 0.707428 2.01846
-0.220884 0.424492 2.02227
-0.244681 0.17191 2.02512
-0.298776 -0.0391869 1.99169
-0.307537 -0.062198 1.98775
0.0975555 0.440717 2.05466
0.168614 0.187324 2.10989
0.24993 -0.0150317 2.11803
0.241135 -0.0377211 2.10831
-0.115046 -0.0241792 2.06824
-0.112674 -0.356003 1.97245
-0.113454 -0.694473 1.91302
-0.100179 -0.7588 1.82414
0.0331144 -0.0181691 2.08044
0.0308496 -0.328267 2.25423
-0.0132673 -0.605085 2.36526
0.00429746 -0.681206 2.29336
-0.0683538 0.488528 2.05537
-0.322183 -0.136393 2.00264
-0.332695 -0.105718 1.96411
0.245202 -0.108437 2.13261
0.21712 -0.0219889 2.1102
-0.0413975 -0.0210564 2.10493
-0.0572795 0.274218 2.0751
-0.0722878 0.55889 2.03277
-0.0673601 0.708296 2.00836
-0.221425 0.423891 2.01075
-0.245005 0.173129 2.00925
-0.296921 -0.0373132 1.96626
-0.304508 -0.0579497 1.96555
0.097548 0.441123 2.04251
0.169472 0.186159 2.09438
0.255487 -0.0151544 2.08737
0.247374 -0.0362286 2.07625
-0.1149 -0.023828 2.06439
-0.1154 -0.350563 1.97062
-0.114557 -0.693159 1.91586
-0.101216 -0.758878 1.82685
0.0334691 -0.0175875 2.07621
0.0294116 -0.327497 2.25028
-0.014038 -0.605226 2.36396
0.00477757 -0.681508 2.29299
-0.0686594 0.489223 2.04547
-0.322201 -0.138493 1.98044
-0.323441 -0.0665374 1.92814
0.256142 -0.109019 2.09581
0.229309 -0.0581572 2.08457
-0.0408802 -0.0211658 2.10583
-0.0566403 0.27397 2.07536
-0.0714624 0.558535 2.03264
-0.066689 0.70787 2.00781
-0.220366 0.423555 2.00983
-0.244193 0.173668 2.00867
-0.295017 -0.0368425 1.96433
-0.29951 -0.0575996 1.97236
0.0980964 0.44099 2.04292
0.169534 0.185193 2.09076
0.255634 -0.0161273 2.0777
0.244112 -0.0387831 2.06489
-0.114285 -0.0241033 2.0653
-0.115839 -0.351222 1.97432
-0.115311 -0.692393 1.91865
-0.101854 -0.759181 1.8278
0.0338879 -0.0175401 2.07714
0.0292146 -0.327285 2.25143
-0.0142967 -0.605275 2.36361
0.00480252 -0.681792 2.29331
-0.067885 0.488894 2.04542
-0.313799 -0.135433 1.98215
-0.318961 -0.0727672 1.93423
0.25152 -0.113371 2.07788
0.221845 -0.0361059 2.06867
-0.0320786 -0.0184379 2.13168
-0.0483905 0.275323 2.09912
-0.0638471 0.558737 2.05489
-0.0612702 0.706196 2.02279
-0.214696 0.427393 2.04115
-0.235372 0.176376 2.05045
-0.28573 -0.034077 2.00527
-0.292199 -0.0486604 2.02342
0.104273 0.441831 2.06553
0.172286 0.187993 2.1059
0.251549 -0.0153598 2.07674
0.237724 -0.0330043 2.08344
-0.105654 -0.0223004 2.0919
-0.111645 -0.356721 1.98754
-0.115887 -0.693983 1.91636
-0.101767 -0.759339 1.82728
0.0425696 -0.0139307 2.10239
0.0336783 -0.331361 2.26545
-0.0127342 -0.606024 2.36471
0.00481913 -0.68234 2.29326
-0.0601061 0.489358 2.06801
-0.307956 -0.122764 2.02605
-0.316022 -0.0670139 1.99021
0.246946 -0.110033 2.09303
0.208153 -0.0308347 2.08267
-0.0259225 -0.0121889 2.15682
-0.0420894 0.279603 2.11917
-0.0576845 0.561336 2.07019
-0.0547706 0.707094 2.03685
-0.211204 0.432186 2.06371
-0.230515 0.183648 2.08612
-0.280749 -0.0295299 2.06943
-0.291445 -0.0501071 2.08382
0.110042 0.446405 2.08233
0.174635 0.194477 2.12783
0.247631 -0.0118255 2.10741
0.237718 -0.025781 2.11611
-0.0998991 -0.0164013 2.11838
-0.10996 -0.352407 1.99426
-0.121704 -0.68566 1.92064
-0.103778 -0.759418 1.82726
0.0488749 -0.00759041 2.12612
0.0381307 -0.322327 2.27844
-0.0072305 -0.596239 2.36537
0.00324887 -0.675154 2.29697
-0.053881 0.492348 2.08446
-0.304598 -0.121341 2.10012
-0.314451 -0.0642242 2.05642
0.248399 -0.105265 2.12728
0.207997 -0.0443797 2.10036
-0.0227846 -6.18967e-005 2.17708
-0.0365324 0.289632 2.13503
-0.0500326 0.569418 2.08187
-0.0478883 0.714152 2.04747
-0.206709 0.440704 2.07676
-0.227274 0.193101 2.1076
-0.281531 -0.0187606 2.10899
-0.286276 -0.0287966 2.13388
0.117993 0.456978 2.09843
0.178316 0.202643 2.14839
0.247795 -0.00509495 2.1385
0.237371 -0.0152618 2.14761
-0.0968444 -0.00276885 2.13846
-0.111288 -0.31856 2.026
-0.141278 -0.65226 2.0683
-0.137207 -0.729004 1.95117
0.0519922 0.00275553 2.14662
0.0390093 -0.307456 2.28489
-0.00455259 -0.585896 2.36753
0.00254137 -0.673111 2.29853
-0.0467229 0.500899 2.09716
-0.311705 -0.106034 2.15619
-0.312272 -0.0266032 2.11155
0.248829 -0.0914646 2.16241
0.209776 -0.0310825 2.13005
-0.0246724 0.00933645 2.1903
-0.0346044 0.296449 2.14361
-0.0448975 0.574287 2.08672
-0.0423715 0.719846 2.05285
-0.203382 0.447067 2.08314
-0.226685 0.194957 2.11839
-0.285713 -0.0147103 2.12988
-0.29367 -0.0250194 2.15303
0.122994 0.463284 2.10777
0.17993 0.211028 2.16555
0.248312 0.00295876 2.15915
0.241432 -0.0160914 2.17407
-0.098825 0.00854288 2.1516
-0.11232 -0.299928 2.08285
-0.157679 -0.617832 2.23747
-0.16272 -0.697266 2.15039
0.0502397 0.0099629 2.15994
0.0395261 -0.298007 2.28981
-0.00529664 -0.583918 2.36796
-0.00965627 -0.676421 2.29547
-0.042395 0.506173 2.10286
-0.315451 -0.101645 2.17924
-0.315242 -0.00694795 2.12823
0.252506 -0.0929185 2.19314
0.215207 -0.0323303 2.15938
-0.0240964 0.0129321 2.21215
-0.033097 0.299597 2.15571
-0.0425603 0.576442 2.09025
-0.0378224 0.722397 2.05893
-0.201121 0.448666 2.0854
-0.229101 0.195936 2.12354
-0.293685 -0.0127666 2.12726
-0.309775 -0.0294357 2.12884
0.124483 0.463484 2.11545
0.180961 0.212423 2.17982
0.249256 0.00496478 2.1852
0.242456 -0.0189097 2.19858
-0.0978839 0.012503 2.17028
-0.112648 -0.285091 2.1823
-0.170201 -0.550527 2.42018
-0.171387 -0.645508 2.38281
0.050382 0.0129827 2.18502
0.0442557 -0.289127 2.30297
-0.00280786 -0.577883 2.37279
-0.00476545 -0.674554 2.29949
-0.0401682 0.508622 2.10825
-0.325267 -0.102615 2.15325
-0.329773 -0.040439 2.09022
0.254412 -0.0985177 2.22229
0.21494 -0.0139943 2.19275
-0.028447 0.0137583 2.22573
-0.0356857 0.300412 2.16422
-0.0431734 0.577003 2.09272
-0.0371862 0.722349 2.06078
-0.201062 0.449172 2.08555
-0.23203 0.197896 2.12366
-0.297439 -0.0110155 2.11843
-0.311403 -0.032471 2.11431
0.123817 0.464975 2.12307
0.179233 0.212565 2.18741
0.24793 0.0052803 2.19319
0.238124 -0.017108 2.20412
-0.10195 0.0130067 2.1821
-0.109188 -0.27073 2.25461
-0.167631 -0.510717 2.51655
-0.168213 -0.605307 2.51584
0.0459257 0.0141196 2.20031
0.0426051 -0.275493 2.30754
-0.000778258 -0.568478 2.37608
-0.00370325 -0.672017 2.30215
-0.0412514 0.509313 2.11229
-0.327784 -0.106578 2.13929
-0.332224 -0.0450706 2.07865
0.252072 -0.0942901 2.22603
0.212171 -0.0330432 2.19327
-0.0343579 0.0151173 2.24159
-0.0406137 0.301403 2.17548
-0.0464723 0.577794 2.09861
-0.0390856 0.72375 2.06683
-0.201826 0.4501 2.08693
-0.233478 0.19793 2.12401
-0.297771 -0.011403 2.11568
-0.305012 -0.0367376 2.12263
0.120343 0.466123 2.13351
0.175091 0.212641 2.19777
0.245589 0.00609638 2.20487
0.235484 -0.017304 2.2105
-0.107646 0.0130634 2.19693
-0.119958 -0.26695 2.33577
-0.16846 -0.499905 2.60552
-0.149368 -0.558588 2.48354
0.0399749 0.0167757 2.21719
0.0365646 -0.264302 2.31631
0.000767976 -0.56499 2.3795
-0.00158733 -0.670017 2.30202
-0.0450702 0.510156 2.11972
-0.317293 -0.107646 2.1451
-0.324141 -0.0497651 2.08763
0.248503 -0.0938037 2.23345
0.224784 -0.0401768 2.21817
-0.045871 0.0159931 2.26232
-0.0492364 0.302043 2.1879
-0.0521354 0.578365 2.10373
-0.0418962 0.723992 2.07187
-0.204356 0.450298 2.0893
-0.235313 0.198341 2.12685
-0.294719 -0.0123791 2.12211
-0.298428 -0.0286732 2.13905
0.113123 0.467139 2.14438
0.169358 0.214162 2.21233
0.239566 0.00729149 2.21674
0.231157 -0.0134983 2.22575
-0.118479 0.0115125 2.21668
-0.130841 -0.24928 2.38037
-0.164874 -0.501897 2.63527
-0.143086 -0.561452 2.51446
0.0280926 0.0200592 2.23892
0.0263623 -0.260101 2.33001
0.00168344 -0.559423 2.37995
-0.000970367 -0.668856 2.30172
-0.0514765 0.510732 2.12657
-0.317553 -0.104975 2.16128
-0.312532 -0.0472163 2.103
0.248279 -0.0895749 2.24685
0.210106 -0.0257851 2.20098
-0.0544633 0.0192743 2.28418
-0.0583656 0.303321 2.20175
-0.061327 0.578292 2.10968
-0.0483582 0.722039 2.07775
-0.210697 0.44959 2.09427
-0.243021 0.198193 2.13759
-0.290959 -0.0152704 2.13777
-0.302268 -0.0335728 2.15496
0.102746 0.468766 2.15729
0.159891 0.219411 2.23405
0.229594 0.0135338 2.24963
0.221946 -0.010845 2.26435
-0.126876 0.0139604 2.23882
-0.137176 -0.24856 2.43415
-0.162083 -0.515788 2.67573
-0.164632 -0.602036 2.66227
0.0196024 0.0239337 2.26057
0.0202009 -0.2583 2.34555
0.00129412 -0.558074 2.38165
0.00122064 -0.668589 2.30162
-0.0606675 0.510934 2.13448
-0.317825 -0.109508 2.17997
-0.315566 -0.0475085 2.12045
0.233793 -0.083765 2.29078
0.194424 -0.0239474 2.2489
-0.0583104 0.0211644 2.29469
-0.0629812 0.303815 2.20949
-0.0666355 0.577508 2.11389
-0.0544921 0.721277 2.08194
-0.214998 0.449566 2.09976
-0.245775 0.199076 2.14255
-0.29035 -0.0150343 2.14442
-0.30223 -0.0359932 2.15761
0.0990192 0.470365 2.16563
0.157337 0.223315 2.24752
0.228125 0.0198492 2.27542
0.225127 -0.00511309 2.29048
-0.130686 0.0154456 2.25026
-0.145557 -0.242158 2.46108
-0.164208 -0.519483 2.69117
-0.165529 -0.60774 2.66191
0.0158273 0.0261894 2.27006
0.0199077 -0.256734 2.35053
-0.000288958 -0.559995 2.38361
0.00171118 -0.669015 2.30238
-0.0658354 0.510452 2.13967
-0.31493 -0.110942 2.1861
-0.316979 -0.0526626 2.12111
0.235911 -0.078662 2.32534
0.198143 -0.00769863 2.26554
-0.0605011 0.0220368 2.29641
-0.0651509 0.304616 2.21219
-0.0689631 0.578142 2.1173
-0.0574447 0.721871 2.08499
-0.215848 0.449815 2.10166
-0.246647 0.199454 2.14539
-0.288343 -0.0153147 2.14623
-0.296587 -0.0399124 2.15531
0.0973713 0.472171 2.16923
0.15729 0.224832 2.25312
0.231906 0.0234299 2.28424
0.23436 -0.0327125 2.31393
-0.132679 0.0164114 2.25166
-0.148506 -0.241891 2.46573
-0.166058 -0.517641 2.69254
-0.166402 -0.605938 2.66362
0.0134532 0.0269709 2.27216
0.0202337 -0.256312 2.35107
-0.00091641 -0.560093 2.38358
0.00237704 -0.668821 2.30121
-0.068128 0.511142 2.14299
-0.311681 -0.116392 2.18711
-0.313591 -0.0558855 2.12199
0.237055 -0.0798102 2.34215
0.213518 -0.0396305 2.31062
-0.0595911 0.0213207 2.2932
-0.0649638 0.30485 2.21229
-0.0685275 0.579388 2.11989
-0.0587928 0.723741 2.08766
-0.215633 0.451391 2.10448
-0.244222 0.200122 2.14583
-0.279777 -0.0158227 2.1462
-0.286235 -0.0418502 2.14453
0.0977952 0.473132 2.16938
0.160308 0.225197 2.25173
0.236812 0.0240789 2.28076
0.240484 -0.0372583 2.29311
-0.131773 0.0155821 2.24853
-0.138432 -0.236193 2.40397
-0.165135 -0.491396 2.65736
-0.168317 -0.594546 2.66071
0.0143487 0.0264162 2.26868
0.0203335 -0.256623 2.34975
-0.000672935 -0.559713 2.38376
0.00220763 -0.669145 2.30056
-0.067754 0.512016 2.14468
-0.296935 -0.113979 2.1775
-0.303836 -0.0631646 2.11256
0.243148 -0.0816425 2.31856
0.22889 -0.0587462 2.30518
-0.0501898 0.0200885 2.27886
-0.0587572 0.305444 2.20918
-0.0637583 0.581099 2.12383
-0.055791 0.725224 2.09064
-0.213031 0.453603 2.10885
-0.24015 0.202157 2.1457
-0.274562 -0.0143161 2.13516
-0.285272 -0.0388634 2.1312
0.102756 0.473398 2.16733
0.167441 0.224127 2.23866
0.242498 0.0203856 2.25578
0.244437 -0.0422159 2.25903
-0.123026 0.0158009 2.23459
-0.125738 -0.264367 2.34245
-0.161955 -0.492737 2.6177
-0.138904 -0.551996 2.49691
0.0242087 0.0236996 2.25384
0.0266292 -0.2604 2.33968
0.000464641 -0.559238 2.38425
0.00201417 -0.668651 2.29956
-0.0629745 0.513416 2.14691
-0.295508 -0.108404 2.15771
-0.298564 -0.0480899 2.09404
0.247612 -0.0876694 2.28399
0.233129 -0.0851589 2.291
-0.0426699 0.018763 2.26864
-0.0503468 0.305074 2.20525
-0.0552394 0.581499 2.12747
-0.0498152 0.725846 2.09384
-0.207414 0.455429 2.11595
-0.235759 0.203914 2.14583
-0.275424 -0.0115786 2.12947
-0.288822 -0.023666 2.1287
0.110296 0.471073 2.1614
0.170702 0.218971 2.22638
0.246056 0.0136273 2.226
0.242376 -0.0222263 2.21768
-0.116727 0.0164826 2.22665
-0.11892 -0.267765 2.27922
-0.153953 -0.508894 2.54415
-0.135158 -0.567215 2.42211
0.0327631 0.020145 2.24125
0.0350816 -0.263743 2.33342
0.000857239 -0.560421 2.38405
0.00192991 -0.668528 2.29937
-0.054467 0.513719 2.14878
-0.307266 -0.0982947 2.15087
-0.331543 -0.0302728 2.12191
0.25704 -0.102268 2.25379
0.234053 -0.0590051 2.239
-0.0398622 0.0198869 2.26137
-0.0444442 0.306267 2.20158
-0.0467397 0.583049 2.12867
-0.0412941 0.726724 2.0961
-0.202588 0.459875 2.11907
-0.232758 0.207471 2.14561
-0.280892 -0.00599835 2.1228
-0.296393 -0.0110322 2.12333
0.116859 0.469315 2.15631
0.167821 0.218364 2.20852
0.236869 0.0104546 2.19628
0.228911 -0.0284415 2.18612
-0.113761 0.0197694 2.21962
-0.11948 -0.264417 2.21527
-0.129501 -0.553459 2.43325
-0.161011 -0.646973 2.37891
0.0353472 0.0193587 2.2336
0.0386177 -0.275484 2.33068
0.00151736 -0.56246 2.38392
-0.00121445 -0.669693 2.30041
-0.0464901 0.515221 2.1488
-0.31751 -0.0829867 2.13969
-0.337933 -0.0145261 2.12007
0.244156 -0.112206 2.21621
0.217673 -0.0480177 2.19717
-0.0391082 0.0201243 2.25827
-0.042354 0.306871 2.19966
-0.0439252 0.583903 2.12825
-0.0373731 0.728471 2.09678
-0.201118 0.46125 2.11941
-0.232699 0.208458 2.1454
-0.285258 -0.00375513 2.11966
-0.301608 -0.0116324 2.12138
0.118812 0.468897 2.15492
0.165946 0.21834 2.20367
0.229464 0.00866837 2.18848
0.220312 -0.0315438 2.18262
-0.1129 0.0207648 2.21628
-0.114752 -0.275684 2.20227
-0.107971 -0.587648 2.37161
-0.119865 -0.672071 2.29867
0.0359501 0.0189031 2.2308
0.0378144 -0.294526 2.3314
-0.00243028 -0.571445 2.38416
-0.00464372 -0.672135 2.30152
-0.0437803 0.516026 2.14807
-0.320111 -0.0831075 2.13739
-0.33726 -0.012125 2.108
0.237096 -0.111827 2.20733
0.191191 -0.0370741 2.16325
-0.0388791 0.0202009 2.25191
-0.0414843 0.307384 2.19786
-0.0430938 0.584804 2.12885
-0.0360188 0.729703 2.09775
-0.200918 0.46181 2.11958
-0.233172 0.209052 2.14549
-0.289389 -0.00220306 2.11982
-0.304511 -0.00836594 2.12679
0.119006 0.469163 2.15483
0.165202 0.218271 2.20315
0.227416 0.00817955 2.18928
0.220598 -0.0277027 2.1918
-0.112384 0.020636 2.20912
-0.108961 -0.283913 2.19788
-0.107444 -0.601862 2.34264
-0.0915511 -0.681893 2.26326
0.0358698 0.0191319 2.22542
0.0377921 -0.29668 2.33058
-0.00505862 -0.577476 2.3804
-0.00350907 -0.67268 2.30237
-0.0429933 0.516697 2.1481
-0.323297 -0.0821621 2.14215
-0.336443 -0.00983657 2.11002
0.23467 -0.105445 2.21221
0.194621 -0.0343013 2.16814
-0.0394995 0.0197723 2.24402
-0.0420389 0.307565 2.19574
-0.0440708 0.585349 2.13025
-0.0361289 0.729844 2.09904
-0.201923 0.462235 2.12041
-0.23486 0.209099 2.14581
-0.294448 -0.00135839 2.12257
-0.308932 -0.00931907 2.13474
0.117822 0.469767 2.1557
0.16344 0.218174 2.20462
0.227552 0.00865325 2.19479
0.223215 -0.0208845 2.20214
-0.112827 0.0199714 2.2011
-0.107434 -0.286331 2.19714
-0.107772 -0.603662 2.34019
-0.0910716 -0.682805 2.26174
0.0350631 0.0189454 2.21774
0.0369048 -0.298684 2.32682
-0.00881152 -0.585157 2.38093
-0.00268597 -0.673093 2.30307
-0.0435477 0.517043 2.14848
-0.323322 -0.0849411 2.15135
-0.347331 -0.0169117 2.128
0.237594 -0.100305 2.22149
0.196031 -0.0297458 2.18125
-0.0412567 0.0187955 2.23743
-0.0448699 0.307621 2.19305
-0.0491691 0.586416 2.13281
-0.0416591 0.7319 2.1032
-0.20462 0.461912 2.12026
-0.237296 0.209103 2.14584
-0.300236 -0.000601246 2.12831
-0.314691 -0.0124731 2.14121
0.113915 0.471592 2.15824
0.161961 0.218779 2.20827
0.227708 0.00989308 2.2041
0.223319 -0.0162527 2.20956
-0.114378 0.0186505 2.19371
-0.106513 -0.288851 2.1971
-0.109081 -0.605852 2.33842
-0.0936569 -0.684153 2.26173
0.0331605 0.0183258 2.2119
0.0330516 -0.304001 2.32216
-0.00913341 -0.585882 2.37998
-0.00628999 -0.673962 2.30165
-0.0477645 0.517895 2.14958
-0.3318 -0.0855748 2.15693
-0.330512 -0.0273905 2.10527
0.238775 -0.0951242 2.23245
0.199187 -0.0272693 2.1886
-0.0462545 0.0185531 2.22907
-0.0527758 0.308738 2.18841
-0.0601979 0.58905 2.13452
-0.0538528 0.735775 2.10737
-0.213282 0.461721 2.12026
-0.245146 0.210237 2.14421
-0.305199 -0.000404063 2.13009
-0.316733 -0.0138105 2.14102
0.105745 0.473721 2.16145
0.158278 0.220349 2.21271
0.224188 0.0116761 2.21236
0.216459 -0.0147227 2.21888
-0.118939 0.0178124 2.18551
-0.111455 -0.2973 2.20536
-0.1091 -0.607437 2.33673
-0.0956401 -0.686121 2.2637
0.0278592 0.0187268 2.20341
0.0272804 -0.307403 2.31843
-0.00941135 -0.587116 2.3797
-0.00772786 -0.67397 2.302
-0.0581839 0.52029 2.14983
-0.336415 -0.0906776 2.16351
-0.347176 -0.00672843 2.12324
0.228864 -0.088142 2.24256
0.189804 -0.0255562 2.19681
-0.0511409 0.0195617 2.22555
-0.0603497 0.31101 2.18655
-0.0700155 0.592709 2.1358
-0.0626169 0.738018 2.10794
-0.221526 0.462694 2.1205
-0.252683 0.211553 2.14187
-0.309921 0.000114587 2.12741
-0.323064 -0.0160692 2.13562
0.0988823 0.476816 2.16101
0.154601 0.221076 2.21309
0.220442 0.012404 2.21334
0.208638 -0.0126507 2.21496
-0.123775 0.0187503 2.18191
-0.115114 -0.296158 2.21396
-0.110283 -0.605967 2.33702
-0.0999573 -0.685731 2.26337
0.0230605 0.019793 2.19998
0.0195588 -0.307139 2.31245
-0.0109388 -0.585919 2.37701
-0.00769735 -0.674564 2.30062
-0.0676062 0.523669 2.15038
-0.344376 -0.0902167 2.15473
-0.347612 0.00802917 2.11796
0.218975 -0.0905321 2.2424
0.192344 -0.0279738 2.22243
-0.0549392 0.0204994 2.22272
-0.0651014 0.31226 2.1856
-0.0756685 0.594202 2.13695
-0.0699109 0.740906 2.10983
-0.226824 0.463468 2.11978
-0.25895 0.214504 2.13823
-0.314574 0.00260882 2.12396
-0.329497 -0.0183463 2.12941
0.0927242 0.478705 2.1612
0.149568 0.222008 2.21183
0.216411 0.0134698 2.20844
0.207118 -0.0105502 2.2019
-0.127644 0.0195586 2.17864
-0.119933 -0.296433 2.22554
-0.111864 -0.608268 2.33937
-0.105176 -0.685788 2.26249
0.0194381 0.0208018 2.19754
0.0117859 -0.306172 2.3083
-0.011352 -0.582239 2.37558
-0.00799533 -0.673949 2.29886
-0.0730531 0.525128 2.15104
-0.351045 -0.0956848 2.15837
-0.347633 -0.032103 2.09058
0.21635 -0.0872354 2.22899
0.190522 -0.0128955 2.2045
-0.0587191 0.0206528 2.22034
-0.0690437 0.312965 2.18464
-0.0765529 0.594961 2.1374
-0.0768807 0.743476 2.11205
-0.23149 0.464287 2.11641
-0.26481 0.21632 2.13235
-0.318665 0.00394376 2.11819
-0.334611 -0.0244727 2.12081
0.0870101 0.481047 2.16454
0.144834 0.22472 2.21096
0.213348 0.0165612 2.20105
0.208379 -0.00614834 2.19548
-0.130998 0.0193128 2.1754
-0.123101 -0.299773 2.24318
-0.112379 -0.609278 2.34048
-0.10661 -0.685838 2.26398
0.0152543 0.021335 2.19597
0.00697248 -0.303545 2.30602
-0.0152245 -0.585716 2.375
-0.00961943 -0.673902 2.29646
-0.0750819 0.525937 2.15118
-0.350355 -0.0960874 2.14585
-0.348941 -0.0353256 2.08
0.217912 -0.0807765 2.21738
0.183916 -0.00939424 2.1679
-0.0613425 0.0199697 2.21915
-0.073301 0.313169 2.18402
-0.0847199 0.596579 2.13763
-0.0807897 0.74601 2.11498
-0.233442 0.464369 2.11372
-0.267246 0.216148 2.12829
-0.319553 0.00340791 2.11222
-0.332151 -0.0269992 2.11381
0.0847791 0.481575 2.1662
0.142581 0.225775 2.21125
0.21247 0.0180697 2.20072
0.204508 -0.00268243 2.20246
-0.133357 0.0179717 2.17302
-0.125674 -0.300472 2.25622
-0.110906 -0.613373 2.34834
-0.106825 -0.68569 2.26422
0.0122805 0.0212161 2.19578
0.00365437 -0.302688 2.30584
-0.0173876 -0.585504 2.37374
-0.0115805 -0.674002 2.29597
-0.081959 0.527127 2.15119
-0.342148 -0.100706 2.13955
-0.347115 -0.0422491 2.07682
0.217203 -0.0791864 2.22079
0.18313 -0.014777 2.17793
-0.0632568 0.0191251 2.21855
-0.0754802 0.313055 2.1837
-0.0873613 0.597035 2.1374
-0.0816139 0.746458 2.11565
-0.234173 0.464368 2.11208
-0.268126 0.215225 2.12555
-0.318611 0.00214153 2.10605
-0.32618 -0.0255335 2.10475
0.0844749 0.480897 2.16724
0.141728 0.225536 2.21281
0.211307 0.0177519 2.2048
0.204533 -0.00143811 2.20946
-0.134906 0.0170203 2.17212
-0.126787 -0.297781 2.26177
-0.111315 -0.614237 2.3504
-0.106959 -0.68564 2.26429
0.0101386 0.0205496 2.19561
0.00310714 -0.302138 2.30694
-0.0229087 -0.590119 2.3737
-0.0108426 -0.674536 2.29507
-0.0844774 0.527457 2.15097
-0.333474 -0.10471 2.12446
-0.349567 -0.0411449 2.08002
0.215887 -0.0759224 2.22644
0.180269 -0.00542303 2.17707
-0.0635883 0.0192027 2.21865
-0.0761077 0.313742 2.18344
-0.0884338 0.598779 2.13634
-0.0829517 0.748562 2.11732
-0.23409 0.464596 2.11049
-0.268643 0.214346 2.12429
-0.314224 0.000290178 2.10133
-0.316787 -0.0254907 2.10128
0.0836308 0.481331 2.16814
0.141663 0.22565 2.21658
0.211844 0.0182154 2.21347
0.205944 -0.000397687 2.21793
-0.135028 0.0169674 2.17221
-0.126886 -0.297358 2.26247
-0.110483 -0.610725 2.35066
-0.10742 -0.685914 2.26575
0.00959313 0.0207725 2.19586
0.0029047 -0.301385 2.30783
-0.0185547 -0.584592 2.37508
-0.0106218 -0.673837 2.29445
-0.0854453 0.528915 2.15017
-0.322341 -0.104825 2.11997
-0.329528 -0.0461853 2.06493
0.218809 -0.0757629 2.23786
0.196512 -0.0401684 2.23038
-0.0638808 0.0194575 2.21896
-0.0760649 0.314085 2.18339
-0.0877489 0.599403 2.13579
-0.0829163 0.750439 2.11909
-0.233722 0.464709 2.1095
-0.268847 0.213919 2.1241
-0.311996 -0.000602754 2.10019
-0.314908 -0.0256025 2.10261
0.0836621 0.48145 2.16836
0.142113 0.225821 2.21832
0.212491 0.0184704 2.21555
0.208886 -0.000682635 2.21746
-0.135249 0.0172001 2.17261
-0.12657 -0.29614 2.26194
-0.110264 -0.611201 2.35095
-0.107732 -0.685915 2.26563
0.00925177 0.0210628 2.19615
0.00307653 -0.300532 2.30877
-0.0171915 -0.583198 2.37496
-0.0102965 -0.674183 2.29479
-0.084984 0.529471 2.14979
-0.318048 -0.104571 2.1202
-0.323557 -0.0368511 2.06629
0.214718 -0.0764142 2.23637
0.189592 -0.017069 2.21795
-0.0640405 0.0197005 2.21962
-0.0758884 0.314527 2.18347
-0.0870065 0.600141 2.13531
-0.0824217 0.751331 2.12043
-0.233152 0.464877 2.10894
-0.268976 0.213784 2.12429
-0.311525 -0.000855271 2.10028
-0.316361 -0.0258435 2.10589
0.0837347 0.481564 2.16855
0.14268 0.225718 2.21914
0.213194 0.0183901 2.21576
0.208637 -0.00531201 2.218
-0.135342 0.0173838 2.17326
-0.126057 -0.292343 2.26212
-0.110359 -0.60857 2.34999
-0.107678 -0.685753 2.26746
0.00905816 0.0214111 2.19689
0.00302628 -0.299796 2.30934
-0.0148867 -0.582274 2.37554
-0.0104944 -0.673897 2.29579
-0.0844062 0.530141 2.14947
-0.321529 -0.104589 2.12192
-0.328371 -0.0398655 2.06784
0.219851 -0.075599 2.2486
0.195207 -0.0319884 2.2235
-0.0642086 0.0198452 2.22045
-0.075732 0.314952 2.18382
-0.0864768 0.600821 2.13543
-0.0813136 0.751734 2.12148
-0.23294 0.464873 2.10893
-0.269455 0.213414 2.12486
-0.311856 -0.00126417 2.10101
-0.320344 -0.0226276 2.10663
0.0839227 0.481628 2.16879
0.142983 0.225773 2.21912
0.213161 0.0183046 2.21509
0.205788 -0.0051881 2.21361
-0.135416 0.0174221 2.17393
-0.126218 -0.291513 2.26236
-0.111168 -0.609968 2.35142
-0.108132 -0.68582 2.26679
0.00882534 0.021685 2.19791
0.00295264 -0.299397 2.30973
-0.0143409 -0.582012 2.37546
-0.00980676 -0.674023 2.29532
-0.0839744 0.530755 2.14964
-0.32431 -0.0994396 2.12338
-0.335532 -0.0384848 2.07445
0.217725 -0.0750195 2.24519
0.195223 0.00480778 2.21543
-0.0644982 0.0200804 2.22129
-0.0755769 0.31537 2.18425
-0.0858163 0.601361 2.13558
-0.0812974 0.752057 2.12212
-0.232662 0.464811 2.10874
-0.269832 0.213273 2.126
-0.312431 -0.00139976 2.10278
-0.321839 -0.0222923 2.11088
0.0841768 0.481764 2.16885
0.143072 0.22558 2.21861
0.21246 0.0177638 2.21198
0.204599 -0.00562724 2.20901
-0.135669 0.0176218 2.17481
-0.126227 -0.291846 2.26261
-0.111359 -0.611284 2.35209
-0.108798 -0.685947 2.26595
0.00853972 0.0219402 2.1987
0.00303683 -0.298897 2.31006
-0.0138266 -0.581613 2.37563
-0.00976042 -0.674572 2.29515
-0.0834481 0.531273 2.14986
-0.326488 -0.0997151 2.12247
-0.345135 -0.0171909 2.09133
0.217444 -0.0764616 2.24232
0.218067 0.0568511 2.202
-0.0647727 0.0203528 2.22231
-0.0753827 0.315795 2.18489
-0.085208 0.601759 2.13606
-0.0810484 0.751945 2.12321
-0.232466 0.465042 2.10971
-0.270303 0.213076 2.12769
-0.31327 -0.00162399 2.10649
-0.321907 -0.0230862 2.1162
0.0844521 0.481902 2.16925
0.143353 0.225282 2.21819
0.212237 0.0172509 2.20885
0.203932 -0.00541661 2.20599
-0.135956 0.0178924 2.17591
-0.126241 -0.29172 2.26313
-0.111648 -0.610164 2.35209
-0.108926 -0.685762 2.26603
0.00831195 0.0222051 2.19964
0.00469156 -0.303034 2.31456
-0.014492 -0.583033 2.37624
-0.00995343 -0.674496 2.29546
-0.0829368 0.531687 2.15035
-0.325484 -0.101806 2.13448
-0.338106 -0.0464861 2.08561
0.211736 -0.0769479 2.23412
0.18154 0.0477177 2.19725
-0.0651828 0.0205694 2.22361
-0.0753339 0.316077 2.18569
-0.084832 0.601938 2.13659
-0.0805873 0.751987 2.12391
-0.232694 0.464873 2.11149
-0.271004 0.212975 2.13037
-0.313933 -0.00177056 2.11004
-0.321953 -0.0234038 2.11853
0.0846831 0.482098 2.1697
0.14339 0.224975 2.21796
0.212131 0.0168858 2.20721
0.203877 -0.00238151 2.20701
-0.13645 0.0181385 2.1774
-0.126454 -0.289817 2.26359
-0.111767 -0.612701 2.35144
-0.1085 -0.685957 2.26652
0.00801332 0.0223726 2.20078
0.00318756 -0.300879 2.31346
-0.0135982 -0.582219 2.37616
-0.0113689 -0.674605 2.29559
-0.0826302 0.531898 2.15091
-0.325636 -0.100063 2.13206
-0.338048 -0.0368461 2.08287
0.211818 -0.0725782 2.23137
0.190179 -0.0242159 2.209
-0.0655733 0.0208718 2.22544
-0.0753315 0.316616 2.18693
-0.0845696 0.602535 2.1373
-0.0799809 0.75197 2.12453
-0.232674 0.465459 2.11326
-0.271232 0.213051 2.13233
-0.314967 -0.00152642 2.11202
-0.322955 -0.0238205 2.11924
0.0850929 0.48256 2.17148
0.143143 0.224927 2.21878
0.211646 0.0167556 2.20785
0.201439 -0.00313262 2.21091
-0.136772 0.0183231 2.17925
-0.12649 -0.290194 2.26432
-0.111568 -0.611308 2.3513
-0.108897 -0.686068 2.26707
0.00759179 0.0227711 2.20257
0.00315867 -0.299943 2.31359
-0.0161132 -0.586132 2.3766
-0.0108962 -0.674784 2.29555
-0.0824091 0.532487 2.15173
-0.326607 -0.101297 2.13414
-0.337937 -0.0390895 2.08499
0.211854 -0.0713615 2.23167
0.182059 -0.0136333 2.21016
-0.0657236 0.0212181 2.22742
-0.0751811 0.31708 2.18841
-0.0841503 0.602985 2.13825
-0.0793879 0.751886 2.12461
-0.232512 0.465665 2.11419
-0.271607 0.213485 2.13481
-0.315514 -0.00102689 2.11384
-0.323033 -0.0226434 2.12326
0.0850712 0.483158 2.1729
0.141924 0.225627 2.22127
0.210554 0.0174943 2.2096
0.198429 0.000370421 2.21646
-0.136924 0.0186897 2.18119
-0.126621 -0.290773 2.26556
-0.111207 -0.611591 2.35202
-0.109319 -0.68575 2.26634
0.00745233 0.0230951 2.20467
0.00303163 -0.29978 2.31442
-0.0148229 -0.58311 2.37696
-0.0107494 -0.67385 2.29542
-0.0820412 0.532949 2.15281
-0.328477 -0.101893 2.14531
-0.33698 -0.0373138 2.08585
0.21036 -0.0657225 2.23066
0.175789 -0.0138794 2.2156
-0.0661632 0.0219496 2.22942
-0.0751656 0.317498 2.18963
-0.0838291 0.603162 2.13898
-0.0788342 0.752037 2.1249
-0.232176 0.466157 2.11541
-0.271616 0.213649 2.13648
-0.315829 -0.000849823 2.11669
-0.322721 -0.0229793 2.12451
0.0851364 0.483847 2.17538
0.140596 0.226638 2.22502
0.209316 0.0185338 2.21494
0.198295 0.000470749 2.22253
-0.137295 0.0194331 2.18291
-0.126736 -0.291282 2.26709
-0.110947 -0.611012 2.35175
-0.109339 -0.685512 2.26675
0.00697138 0.0237822 2.20695
0.00296972 -0.299057 2.31555
-0.013421 -0.580509 2.37717
-0.0113488 -0.673316 2.29659
-0.0817907 0.533178 2.15363
-0.327298 -0.101975 2.14449
-0.336822 -0.0383577 2.08735
0.207965 -0.0668528 2.23735
0.175812 -0.0226404 2.21588
-0.0658563 0.0226194 2.23188
-0.0747818 0.317723 2.19082
-0.0833196 0.603015 2.1393
-0.0781121 0.752246 2.12503
-0.231854 0.466651 2.11619
-0.271509 0.213572 2.13741
-0.31606 -0.000904836 2.11896
-0.323043 -0.021988 2.12578
0.0854757 0.48419 2.17754
0.139698 0.227596 2.22877
0.208313 0.0194618 2.21967
0.198804 0.0004999 2.22814
-0.136946 0.0199979 2.18444
-0.126988 -0.290841 2.26744
-0.111363 -0.609772 2.35104
-0.109011 -0.685851 2.26666
0.00719954 0.0245037 2.21056
0.00309147 -0.298603 2.31615
-0.014135 -0.581767 2.37746
-0.0102657 -0.674312 2.29576
-0.0813292 0.533122 2.15411
-0.32761 -0.100688 2.1401
-0.335795 -0.0386945 2.08836
0.210147 -0.0706622 2.24939
0.174856 -0.0116107 2.20918
-0.0657554 0.0237061 2.23509
-0.0743774 0.318138 2.19202
-0.0825852 0.603053 2.13933
-0.075591 0.751792 2.12352
-0.23134 0.46735 2.11702
-0.271713 0.213938 2.1389
-0.316229 -0.000550035 2.12047
-0.322746 -0.0233363 2.12595
0.08589 0.484523 2.17944
0.138958 0.229005 2.23139
0.207584 0.0209396 2.22597
0.196297 0.000701842 2.2305
-0.136779 0.0211726 2.1873
-0.127294 -0.290683 2.26864
-0.111825 -0.610313 2.35031
-0.10844 -0.685768 2.26626
0.00724553 0.0254479 2.21395
0.00300319 -0.29843 2.31793
-0.0133371 -0.579411 2.37691
-0.00976223 -0.674545 2.29653
-0.0807455 0.533229 2.15441
-0.32339 -0.100964 2.14598
-0.336683 -0.0377792 2.08762
0.203778 -0.068064 2.24367
0.178128 -0.0219343 2.22943
-0.0658333 0.0239551 2.23622
-0.0743176 0.318197 2.19234
-0.0823024 0.602929 2.13895
-0.0748184 0.751525 2.12242
-0.231275 0.467691 2.11719
-0.271775 0.214054 2.14002
-0.316457 -0.000403624 2.12171
-0.323109 -0.0216386 2.12917
0.0859955 0.484568 2.17974
0.138464 0.229367 2.23209
0.206145 0.0210743 2.22926
0.194686 -0.00226109 2.2314
-0.136903 0.0214355 2.18858
-0.12787 -0.289094 2.26889
-0.112082 -0.608388 2.35059
-0.108716 -0.68586 2.26612
0.00721894 0.0256836 2.21488
0.00284515 -0.29749 2.31887
-0.0130434 -0.579384 2.37801
-0.00841944 -0.674822 2.29712
-0.0805677 0.53318 2.15427
-0.326859 -0.0966073 2.14377
-0.336193 -0.0319044 2.09272
0.20475 -0.0734177 2.25923
0.173073 -0.00853386 2.22845
-0.0661807 0.0239452 2.23729
-0.0743522 0.318189 2.19253
-0.0821126 0.602784 2.1384
-0.0733922 0.750539 2.11956
-0.231329 0.467861 2.11702
-0.271977 0.214069 2.14111
-0.316945 -0.000340936 2.12323
-0.323163 -0.0211672 2.13079
0.0859571 0.484352 2.17955
0.138207 0.229411 2.23227
0.205562 0.0210214 2.22977
0.192894 -0.00321009 2.22846
-0.137387 0.0215768 2.1901
-0.12811 -0.288778 2.26916
-0.111936 -0.608503 2.35022
-0.108354 -0.686058 2.26732
0.00700186 0.0255767 2.21553
0.00258965 -0.297445 2.31971
-0.0119316 -0.577597 2.37775
-0.0100551 -0.674901 2.29634
-0.080456 0.533099 2.15405
-0.325893 -0.10067 2.15429
-0.338115 -0.0381406 2.09755
0.198704 -0.0738385 2.2557
0.165814 -0.0216864 2.2091
-0.0665254 0.0239478 2.23755
-0.0745607 0.318203 2.19245
-0.0823711 0.602669 2.13705
-0.0725352 0.749839 2.1168
-0.231388 0.467939 2.11663
-0.272179 0.214034 2.14188
-0.317619 -0.000289226 2.12447
-0.324332 -0.022858 2.1308
0.0856421 0.483805 2.17781
0.137883 0.229294 2.23174
0.205008 0.0207839 2.22822
0.192926 -0.00324518 2.2221
-0.137817 0.0215758 2.19034
-0.128502 -0.288396 2.26972
-0.11213 -0.60751 2.35015
-0.108498 -0.686249 2.26759
0.00674204 0.0255833 2.21584
0.00211597 -0.297597 2.32034
-0.0113455 -0.575781 2.3777
-0.00997268 -0.675205 2.29823
-0.0806811 0.533038 2.15315
-0.330518 -0.100942 2.14857
-0.337317 -0.0364627 2.09707
0.202799 -0.073993 2.25854
0.165297 -0.0269685 2.20021
-0.0669139 0.0238865 2.23757
-0.074711 0.318044 2.19209
-0.0820698 0.60208 2.13525
-0.0736442 0.750072 2.11526
-0.231527 0.467964 2.11624
-0.272204 0.214011 2.14186
-0.317737 -0.000294135 2.12451
-0.323987 -0.0242199 2.12989
0.0851532 0.483095 2.17612
0.137657 0.229289 2.23041
0.205029 0.0207709 2.2242
0.193842 -0.00132574 2.21624
-0.138306 0.0215627 2.19044
-0.128537 -0.288663 2.27004
-0.112161 -0.607165 2.35104
-0.108521 -0.686094 2.2674
0.0064442 0.0254807 2.21577
0.00172551 -0.297396 2.32029
-0.0117745 -0.576411 2.37799
-0.00904216 -0.675638 2.29725
-0.0805106 0.532565 2.15173
-0.327881 -0.100001 2.14675
-0.339345 -0.0406328 2.09474
0.205232 -0.0704665 2.25014
0.16731 -0.0232855 2.19195
-0.067612 0.0237324 2.23732
-0.0751066 0.317662 2.19092
-0.0818677 0.601289 2.13231
-0.0748476 0.749818 2.11126
-0.232187 0.46794 2.11493
-0.272388 0.213995 2.14141
-0.317476 -0.000400323 2.12368
-0.321919 -0.0269526 2.12478
0.0842226 0.482282 2.17232
0.137608 0.22853 2.22703
0.204906 0.0199262 2.21729
0.195008 -0.00456188 2.2122
-0.139147 0.0213407 2.19035
-0.128839 -0.288605 2.27077
-0.112161 -0.608088 2.3501
-0.108619 -0.686023 2.2681
0.0058676 0.0253775 2.21525
0.00103568 -0.297074 2.32033
-0.0120679 -0.576029 2.37741
-0.0100865 -0.674405 2.29648
-0.0804331 0.531862 2.14917
-0.323009 -0.101572 2.14769
-0.335811 -0.0384025 2.09341
0.200387 -0.0752432 2.2438
0.171505 -0.0218319 2.18476
-0.0679919 0.0235513 2.23702
-0.0754971 0.317334 2.18959
-0.0821556 0.600829 2.12938
-0.075656 0.749629 2.10748
-0.232409 0.467891 2.11315
-0.2723 0.213955 2.14038
-0.316948 -0.000465876 2.12061
-0.319888 -0.0250374 2.12091
0.0835412 0.481513 2.16923
0.137742 0.2284 2.22525
0.204502 0.0196167 2.21547
0.193718 -0.0026403 2.21084
-0.139592 0.021102 2.19022
-0.128812 -0.288758 2.27101
-0.112185 -0.61139 2.35099
-0.108373 -0.686077 2.26731
0.00552295 0.0252371 2.2147
0.000602288 -0.296928 2.32009
-0.0137416 -0.579552 2.37719
-0.0102003 -0.674292 2.29754
-0.0807096 0.531425 2.14661
-0.319077 -0.100811 2.14121
-0.335439 -0.0481873 2.08805
0.200415 -0.0709355 2.23721
0.206061 -0.0207341 2.17957
-0.0682661 0.0235052 2.23666
-0.0757401 0.317066 2.18807
-0.0822558 0.60035 2.12672
-0.0755384 0.747953 2.10265
-0.230474 0.466676 2.11112
-0.272161 0.214387 2.13901
-0.316602 -9.82683e-005 2.11956
-0.317469 -0.0251956 2.11827
0.08353 0.481684 2.16772
0.1376 0.228495 2.22395
0.20438 0.0197163 2.21457
0.193537 -0.00212312 2.21322
-0.13989 0.0210275 2.18997
-0.128862 -0.28845 2.27112
-0.111708 -0.613042 2.35163
-0.108565 -0.685965 2.26696
0.00531123 0.0252278 2.2142
0.000358454 -0.29664 2.31992
-0.0150058 -0.582229 2.37798
-0.0102814 -0.67436 2.29666
-0.0808171 0.530996 2.14419
-0.317514 -0.101563 2.14064
-0.332954 -0.0450267 2.0849
0.200036 -0.0702867 2.23608
0.173637 -0.0101276 2.18474
-0.068416 0.0234684 2.23657
-0.0759078 0.31683 2.18668
-0.0823623 0.599864 2.12356
-0.0747692 0.746839 2.09874
-0.230046 0.466247 2.10919
-0.271952 0.214386 2.13789
-0.315605 -0.000226519 2.11738
-0.317037 -0.0245162 2.11837
0.0835174 0.48177 2.16569
0.137743 0.228517 2.22345
0.204406 0.0197069 2.21483
0.194243 -0.000678302 2.21673
-0.140085 0.0209633 2.18998
-0.128819 -0.288216 2.27141
-0.112198 -0.611834 2.35205
-0.108124 -0.686065 2.26743
0.00519785 0.0252222 2.21396
4.23742e-005 -0.296303 2.31969
-0.0145911 -0.581175 2.37824
-0.0104504 -0.6743 2.29669
-0.0809168 0.530574 2.14147
-0.318134 -0.100544 2.13469
-0.330431 -0.0377055 2.08152
0.19984 -0.0667376 2.23366
0.204858 -0.00555316 2.18182
-0.0687556 0.0235018 2.23635
-0.0762674 0.316808 2.18507
-0.0826643 0.599858 2.12068
-0.0746686 0.746708 2.09566
-0.229971 0.465974 2.10779
-0.271625 0.214242 2.13659
-0.315178 -0.000441264 2.11718
-0.31763 -0.0266665 2.11889
0.0839545 0.481524 2.16399
0.137689 0.228694 2.22235
0.204569 0.0199816 2.2156
0.194476 -4.91559e-005 2.21767
-0.140495 0.0209199 2.18995
-0.12903 -0.286838 2.27178
-0.112383 -0.61242 2.35166
-0.107801 -0.686693 2.26735
0.00493182 0.0253442 2.21351
-8.60258e-005 -0.295744 2.31982
-0.0156078 -0.582664 2.37879
-0.0104337 -0.674398 2.29583
-0.0812192 0.530564 2.13889
-0.318113 -0.106464 2.13348
-0.333361 -0.0428626 2.08678
0.197703 -0.0708948 2.24158
0.204909 -0.0108454 2.18485
-0.0689922 0.0235664 2.23614
-0.0764415 0.316621 2.1839
-0.0827513 0.599281 2.11852
-0.0755413 0.746285 2.09325
-0.231142 0.466167 2.10543
-0.271429 0.214071 2.13614
-0.315341 -0.000552664 2.11709
-0.319605 -0.0278255 2.11982
0.0839101 0.482003 2.1618
0.137626 0.228543 2.22073
0.204585 0.019881 2.21515
0.193423 -0.00278505 2.21233
-0.140759 0.0210044 2.18978
-0.129204 -0.286641 2.27194
-0.111948 -0.613882 2.35192
-0.107783 -0.686737 2.26741
0.00474394 0.025399 2.21327
-0.00036147 -0.295412 2.31965
-0.0166678 -0.58549 2.37866
-0.00961864 -0.6748 2.29603
-0.0813177 0.530094 2.13698
-0.322345 -0.101375 2.13686
-0.333642 -0.0404571 2.08546
0.196664 -0.071544 2.23885
0.212069 -0.00386631 2.21483
-0.0692865 0.0235761 2.23593
-0.0767317 0.316445 2.18278
-0.0829888 0.598889 2.11665
-0.0758805 0.746122 2.09188
-0.232134 0.46644 2.10418
-0.271483 0.214028 2.13586
-0.315737 -0.0005124 2.11647
-0.3207 -0.0271962 2.11933
0.0833053 0.481897 2.15892
0.136885 0.229019 2.21826
0.20405 0.0204448 2.21364
0.192625 -0.00385624 2.20748
-0.141093 0.020973 2.18969
-0.129465 -0.286322 2.27224
-0.111953 -0.614893 2.35383
-0.109879 -0.687013 2.26845
0.00451028 0.0254538 2.21294
-0.000549227 -0.295548 2.31968
-0.0159587 -0.58412 2.37835
-0.00999441 -0.674563 2.29612
-0.0815648 0.529757 2.13528
-0.321874 -0.101219 2.14019
-0.331307 -0.0394338 2.08241
0.193554 -0.0728037 2.23174
0.174904 -0.00231975 2.20675
