-0.137706 0.306379 2.49978
-0.139576 0.625059 2.42464
-0.140751 0.930988 2.33748
-0.105868 1.06456 2.2756
-0.312099 0.82344 2.35323
-0.36635 0.565769 2.42796
-0.363623 0.301552 2.40738
-0.357556 0.217092 2.39855
0.0489715 0.810734 2.39219
0.0938056 0.562832 2.46503
0.0887572 0.312639 2.43206
0.0651683 0.231173 2.42586
-0.223897 0.301907 2.45548
-0.263383 -0.119424 2.62764
-0.312553 -0.479453 2.76287
-0.343466 -0.556901 2.68133
-0.0474318 0.301762 2.46886
-0.0599023 -0.127429 2.62853
-0.0516092 -0.500291 2.76644
-0.0165067 -0.586196 2.68724
-0.140598 0.856338 2.36137
-0.346034 0.141869 2.39951
-0.314546 0.257247 2.414
0.0577473 0.15048 2.419
0.103901 0.226007 2.42277
-0.138939 0.306604 2.49873
-0.141105 0.624884 2.42278
-0.142497 0.930584 2.33493
-0.109838 1.0633 2.27223
-0.314273 0.823337 2.35143
-0.368499 0.565962 2.42697
-0.365797 0.30138 2.40748
-0.363085 0.214894 2.3959
0.0470517 0.810027 2.38874
0.0927353 0.562598 2.46357
0.0856399 0.307146 2.42978
0.0632254 0.227828 2.42472
-0.225034 0.301907 2.45443
-0.263854 -0.119589 2.62763
-0.312554 -0.479247 2.763
-0.343938 -0.55704 2.68359
-0.0487227 0.302175 2.46776
-0.0612475 -0.128965 2.6287
-0.0515253 -0.499842 2.76651
-0.0169408 -0.584825 2.68846
-0.142291 0.85598 2.359
-0.351031 0.141613 2.39658
-0.319281 0.246555 2.41843
0.0586182 0.150008 2.42317
0.104036 0.229677 2.41903
-0.138646 0.307656 2.49724
-0.141812 0.624924 2.42094
-0.14355 0.930136 2.33275
-0.113032 1.0635 2.26965
-0.315231 0.823182 2.34956
-0.377876 0.568032 2.42558
-0.437247 0.331203 2.37934
-0.460361 0.235865 2.35139
0.0437828 0.812277 2.38446
0.0954291 0.562818 2.46327
0.145873 0.298157 2.4188
0.13691 0.214325 2.41141
-0.224909 0.302479 2.45297
-0.264712 -0.119654 2.62652
-0.312938 -0.479539 2.76234
-0.34677 -0.562948 2.67884
-0.0481716 0.30372 2.46621
-0.0622367 -0.130288 2.62736
-0.0514445 -0.500562 2.76584
-0.0165862 -0.585868 2.68737
-0.143223 0.855665 2.35695
-0.502263 0.160069 2.33664
-0.433384 0.205764 2.33083
0.137579 0.137532 2.42518
0.16668 0.217817 2.38814
-0.139164 0.338201 2.48228
-0.140052 0.639772 2.41075
-0.141132 0.932365 2.3275
-0.111982 1.06238 2.26131
-0.332974 0.860753 2.34349
-0.588354 0.905286 2.33939
-0.837836 0.953853 2.24013
-0.913468 0.973256 2.209
0.0728352 0.863404 2.37954
0.313793 0.895487 2.41213
0.501461 0.958706 2.38829
0.560594 0.976347 2.37778
-0.223909 0.332305 2.43699
-0.266129 -0.114928 2.62042
-0.314036 -0.480816 2.76215
-0.343149 -0.559876 2.67725
-0.0502054 0.333963 2.45239
-0.0563105 -0.122711 2.61943
-0.0511778 -0.500447 2.76485
-0.0164222 -0.587456 2.68754
-0.140897 0.860541 2.35056
-0.973225 1.00472 2.17434
-0.975039 1.01637 2.17733
0.637877 0.99801 2.35919
0.578391 0.98843 2.34327
-0.144111 0.344405 2.47566
-0.139584 0.646838 2.40445
-0.135576 0.935813 2.32253
-0.108194 1.0625 2.26153
-0.327063 0.871811 2.34916
-0.548396 0.792455 2.39889
-0.727264 0.703314 2.36961
-0.78097 0.678844 2.34502
0.0723979 0.872012 2.38694
0.303162 0.827834 2.46583
0.502481 0.812473 2.44486
0.53161 0.812279 2.43553
-0.228004 0.339441 2.43032
-0.268803 -0.110335 2.6143
-0.313069 -0.478729 2.76227
-0.342575 -0.558934 2.68009
-0.0559149 0.338848 2.44607
-0.0613793 -0.125979 2.61464
-0.0513376 -0.497619 2.76329
-0.0164762 -0.586349 2.68818
-0.13676 0.86519 2.34495
-0.851527 0.623545 2.30377
-0.794636 0.665723 2.294
0.610759 0.801555 2.41051
0.57875 0.814336 2.4065
-0.148595 0.321823 2.49082
-0.148207 0.633981 2.41314
-0.147452 0.932304 2.32522
-0.124468 1.06118 2.25951
-0.322164 0.838463 2.3597
-0.392352 0.619085 2.49718
-0.400037 0.355215 2.52368
-0.379772 0.292401 2.52308
0.0349067 0.839198 2.39484
0.100034 0.606458 2.51586
0.136672 0.333727 2.50471
0.124744 0.245159 2.49277
-0.234511 0.315913 2.44679
-0.27056 -0.112407 2.62027
-0.312497 -0.47631 2.7625
-0.342456 -0.555686 2.68398
-0.0582798 0.317987 2.45994
-0.0634211 -0.120166 2.61822
-0.0515636 -0.497317 2.76396
-0.016821 -0.585669 2.68903
-0.147612 0.859613 2.34919
-0.36033 0.195864 2.50654
-0.392358 0.265858 2.51336
0.11586 0.163609 2.51315
0.145886 0.238174 2.47967
-0.146824 0.324818 2.49996
-0.149158 0.638256 2.43067
-0.149664 0.939162 2.35253
-0.124461 1.06664 2.2818
-0.330364 0.84806 2.37546
-0.562163 0.755569 2.39395
-0.780268 0.679683 2.30555
-0.887942 0.64712 2.24885
0.0420446 0.850257 2.4169
0.26971 0.763311 2.46677
0.46383 0.718787 2.42883
0.55168 0.701919 2.41459
-0.232392 0.318093 2.45508
-0.269573 -0.115404 2.62756
-0.31227 -0.477815 2.76338
-0.342426 -0.558038 2.68351
-0.0569054 0.321824 2.47011
-0.0629305 -0.123853 2.62462
-0.0516147 -0.500174 2.76531
-0.016198 -0.587518 2.6879
-0.149727 0.865735 2.37403
-0.948073 0.631056 2.22215
-0.933353 0.61967 2.2579
0.622897 0.671336 2.37509
0.564897 0.684231 2.41465
-0.147687 0.345405 2.50081
-0.146216 0.650166 2.43435
-0.14395 0.944693 2.35684
-0.113972 1.06764 2.28478
-0.334858 0.874335 2.36903
-0.592743 0.924238 2.37491
-0.782112 0.956212 2.31607
-0.874753 0.964708 2.28558
0.0711855 0.881625 2.41995
0.312508 0.957424 2.44658
0.528571 1.06873 2.40348
0.59195 1.10029 2.38841
-0.231257 0.339768 2.45316
-0.271116 -0.112885 2.62956
-0.312739 -0.476236 2.7632
-0.340687 -0.557486 2.68649
-0.0596755 0.340858 2.47345
-0.0634762 -0.127947 2.62915
-0.0518009 -0.50071 2.76577
-0.0166541 -0.587485 2.6861
-0.144729 0.872662 2.37832
-0.941473 0.971296 2.2505
-0.849857 0.980845 2.2775
0.66571 1.13812 2.37728
0.669212 1.12862 2.4004
-0.147755 0.330036 2.5155
-0.147338 0.644682 2.44222
-0.145518 0.944995 2.35919
-0.122602 1.07216 2.2925
-0.321567 0.846404 2.38031
-0.404513 0.619113 2.49936
-0.43258 0.385008 2.51019
-0.440764 0.292775 2.49888
0.0481511 0.848204 2.42245
0.163838 0.625788 2.51337
0.26798 0.421323 2.47518
0.298069 0.324243 2.43881
-0.232999 0.324107 2.46882
-0.270066 -0.11729 2.6398
-0.313388 -0.477183 2.76402
-0.342113 -0.558023 2.68632
-0.0581289 0.326035 2.48724
-0.0640975 -0.1237 2.63243
-0.0514231 -0.500521 2.76625
-0.0167664 -0.58684 2.68878
-0.146115 0.871937 2.38173
-0.441302 0.206431 2.4828
-0.420518 0.25072 2.4647
0.311206 0.253528 2.41236
0.300813 0.308744 2.38994
-0.144172 0.325249 2.51871
-0.144725 0.641893 2.44845
-0.143334 0.945411 2.36934
-0.12866 1.07427 2.30021
-0.319374 0.846794 2.39264
-0.509557 0.701076 2.4393
-0.66551 0.579803 2.38836
-0.714521 0.544968 2.36234
0.0477655 0.841676 2.42027
0.208817 0.671908 2.46008
0.36115 0.542975 2.41333
0.435003 0.478101 2.38405
-0.230023 0.318861 2.47501
-0.26705 -0.120545 2.64279
-0.311698 -0.477259 2.76546
-0.341727 -0.557532 2.68681
-0.0537497 0.321854 2.48744
-0.057591 -0.123212 2.63098
-0.0504054 -0.500222 2.76599
-0.0165298 -0.586107 2.68838
-0.14384 0.871394 2.39101
-0.779659 0.471913 2.31179
-0.692531 0.535391 2.3417
0.492921 0.402988 2.33638
0.463667 0.446142 2.31771
-0.143766 0.357562 2.51081
-0.139683 0.656804 2.44354
-0.134678 0.947658 2.36444
-0.11496 1.07263 2.29513
-0.330897 0.896784 2.38827
-0.576702 0.990674 2.38817
-0.805875 1.09419 2.28378
-0.882147 1.13322 2.25783
0.0781259 0.890797 2.40481
0.326878 0.994339 2.40954
0.528889 1.10278 2.35688
0.602404 1.17012 2.33062
-0.227612 0.353495 2.46872
-0.267602 -0.12029 2.64149
-0.312222 -0.476642 2.76433
-0.340827 -0.55768 2.68763
-0.0555358 0.351108 2.47798
-0.0576312 -0.122758 2.63016
-0.0511611 -0.499836 2.7669
-0.0161443 -0.586231 2.68879
-0.136187 0.876586 2.38662
-0.956711 1.19072 2.21063
-0.867993 1.1403 2.265
0.676399 1.21554 2.29463
0.618256 1.17876 2.28065
-0.1438 0.342482 2.51892
-0.140465 0.652411 2.44466
-0.135624 0.946725 2.36086
-0.116395 1.07284 2.29355
-0.322805 0.865924 2.38694
-0.510572 0.697589 2.46196
-0.654202 0.477464 2.43144
-0.688467 0.430732 2.40805
0.0599502 0.860229 2.40595
0.232829 0.705192 2.47496
0.384828 0.568984 2.43568
0.454047 0.504128 2.4009
-0.22924 0.336033 2.47677
-0.267241 -0.121666 2.64491
-0.312511 -0.476701 2.76401
-0.339984 -0.556588 2.68486
-0.05412 0.338655 2.48599
-0.0588739 -0.126328 2.6339
-0.0507915 -0.499693 2.76692
-0.0162289 -0.5862 2.6883
-0.136894 0.875457 2.3838
-0.738257 0.344809 2.38662
-0.686138 0.427017 2.40345
0.509871 0.425555 2.34511
0.491442 0.430358 2.33011
-0.143541 0.330362 2.5168
-0.141846 0.645672 2.44405
-0.138494 0.946096 2.36018
-0.118464 1.07575 2.29676
-0.318423 0.856476 2.39225
-0.454145 0.661474 2.51617
-0.544705 0.426398 2.49431
-0.561424 0.347916 2.46945
0.0475704 0.843421 2.4139
0.163201 0.629629 2.53022
0.274636 0.419843 2.47518
0.292274 0.320114 2.44276
-0.229375 0.324352 2.47349
-0.266248 -0.122103 2.64443
-0.313021 -0.478085 2.76304
-0.339973 -0.558147 2.68472
-0.0534574 0.326365 2.48497
-0.0612829 -0.12382 2.62956
-0.0513941 -0.502629 2.76729
-0.0157556 -0.587804 2.68547
-0.139422 0.873185 2.38314
-0.569746 0.262009 2.45393
-0.541624 0.274134 2.39675
0.315601 0.251273 2.44188
0.274687 0.284679 2.44
-0.146862 0.346515 2.51114
-0.139754 0.651246 2.44753
-0.131994 0.947324 2.37395
-0.113718 1.0785 2.31211
-0.330579 0.885492 2.3989
-0.580843 0.954399 2.41303
-0.792775 1.02172 2.34316
-0.881468 1.05712 2.31026
0.0786159 0.877579 2.41677
0.333541 0.93908 2.44558
0.536223 1.01685 2.40518
0.6741 1.10544 2.37699
-0.231178 0.342072 2.46885
-0.268773 -0.119884 2.64175
-0.313035 -0.476375 2.76284
-0.340466 -0.55866 2.68781
-0.058164 0.340676 2.47828
-0.0635231 -0.130448 2.63209
-0.0510349 -0.502611 2.76731
-0.0170093 -0.586869 2.68858
-0.134181 0.874761 2.3943
-0.945035 1.08739 2.26545
-0.807246 1.04443 2.30486
0.753612 1.16384 2.38348
0.63964 1.06617 2.395
-0.143587 0.342798 2.51592
-0.135814 0.651462 2.45123
-0.127249 0.947712 2.37641
-0.110304 1.078 2.31347
-0.318262 0.868482 2.40489
-0.518917 0.704851 2.47189
-0.681535 0.539928 2.42247
-0.755634 0.467949 2.40238
0.0735591 0.868002 2.42593
0.264017 0.732664 2.4977
0.433898 0.629902 2.44887
0.506487 0.585123 2.41906
-0.228427 0.33797 2.47411
-0.267932 -0.120974 2.64252
-0.312849 -0.47665 2.76347
-0.339624 -0.557168 2.68473
-0.0544315 0.33731 2.4828
-0.0615961 -0.129575 2.63207
-0.0506559 -0.501763 2.76735
-0.0165145 -0.586808 2.68745
-0.129598 0.875383 2.39713
-0.82227 0.394168 2.38578
-0.788389 0.396962 2.34929
0.574972 0.524575 2.36681
0.518662 0.582984 2.40708
-0.136126 0.325573 2.5281
-0.1333 0.644197 2.45771
-0.128199 0.948007 2.37789
-0.110245 1.07918 2.3154
-0.305168 0.845717 2.40454
-0.406956 0.626197 2.52271
-0.473954 0.392867 2.52184
-0.492484 0.295212 2.51113
0.0584127 0.842219 2.42709
0.119323 0.595538 2.52458
0.191274 0.330369 2.50285
0.191512 0.241228 2.48663
-0.222088 0.32012 2.48461
-0.26406 -0.122345 2.64548
-0.311455 -0.477202 2.76501
-0.340027 -0.55853 2.6846
-0.0460702 0.321293 2.49647
-0.0523415 -0.123802 2.63235
-0.0498746 -0.501271 2.7676
-0.0165836 -0.586971 2.68964
-0.129743 0.874379 2.39952
-0.504201 0.214676 2.51755
-0.482391 0.265102 2.46775
0.192447 0.156709 2.49546
0.210531 0.217925 2.4815
-0.136349 0.339873 2.52734
-0.129627 0.648877 2.46135
-0.122175 0.948118 2.38459
-0.103426 1.07616 2.3171
-0.316362 0.878271 2.40448
-0.567178 0.918575 2.40561
-0.775793 0.970688 2.32405
-0.861377 0.989086 2.28597
0.0860751 0.868141 2.42681
0.328537 0.89443 2.44342
0.513178 0.955356 2.39182
0.571222 0.979032 2.37473
-0.22167 0.33544 2.48424
-0.26316 -0.120951 2.64731
-0.312821 -0.479628 2.76591
-0.340863 -0.558832 2.6802
-0.0469703 0.334362 2.4954
-0.0500954 -0.123958 2.63415
-0.0490732 -0.499804 2.76739
-0.0178511 -0.585881 2.68963
-0.124239 0.874987 2.40582
-0.92251 1.01033 2.23282
-0.889974 1.00145 2.2174
0.64653 1.00423 2.34248
0.577803 0.988936 2.34146
-0.134942 0.342129 2.52485
-0.127386 0.651767 2.45383
-0.119177 0.948165 2.37083
-0.0974925 1.07835 2.30968
-0.3096 0.866661 2.39152
-0.525935 0.729236 2.45748
-0.683489 0.608422 2.41211
-0.720864 0.587013 2.40122
0.0827786 0.866734 2.41882
0.305684 0.771088 2.4933
0.505757 0.728073 2.43513
0.567607 0.712004 2.41303
-0.220169 0.336574 2.48113
-0.263523 -0.120964 2.64778
-0.312687 -0.478818 2.76568
-0.341374 -0.558588 2.6816
-0.0457904 0.337323 2.49356
-0.0496972 -0.123767 2.63501
-0.049106 -0.500896 2.76697
-0.0179255 -0.586745 2.68853
-0.12132 0.875783 2.39389
-0.792165 0.516778 2.36387
-0.722907 0.584901 2.353
0.636636 0.684482 2.38284
0.61324 0.691407 2.35738
-0.132254 0.323736 2.52797
-0.131415 0.643271 2.45008
-0.130866 0.948375 2.35964
-0.117775 1.09123 2.31069
-0.303649 0.843197 2.39063
-0.391975 0.621159 2.51438
-0.460169 0.382529 2.51602
-0.480332 0.287848 2.49803
0.0517241 0.838865 2.40843
0.101193 0.594945 2.51667
0.145645 0.3449 2.49324
0.150858 0.253553 2.47708
-0.21879 0.317798 2.4846
-0.261977 -0.121777 2.64708
-0.312058 -0.479512 2.76519
-0.343246 -0.560351 2.68345
-0.0416401 0.319791 2.49619
-0.0482876 -0.122852 2.63411
-0.0489503 -0.50072 2.76705
-0.0179726 -0.586653 2.68976
-0.130888 0.873682 2.38465
-0.486747 0.206582 2.49329
-0.486037 0.266411 2.444
0.146173 0.172922 2.48259
0.111845 0.240783 2.44207
-0.136639 0.33547 2.5153
-0.131553 0.647742 2.44689
-0.126691 0.949693 2.36742
-0.111982 1.0895 2.31456
-0.320301 0.865076 2.39456
-0.577327 0.904952 2.3944
-0.787499 0.958327 2.31969
-0.877401 0.981867 2.28716
0.0792275 0.86719 2.41006
0.32291 0.881825 2.42931
0.510842 0.935178 2.38147
0.569815 0.956677 2.36408
-0.222446 0.330245 2.47204
-0.262966 -0.120311 2.64347
-0.313106 -0.48136 2.7651
-0.341715 -0.557935 2.68674
-0.0466776 0.330722 2.48318
-0.049738 -0.123065 2.62894
-0.0485103 -0.5003 2.76617
-0.018253 -0.586072 2.6911
-0.128207 0.875819 2.38916
-0.93646 1.0097 2.23756
-0.895606 0.990118 2.23514
0.641569 0.976881 2.32706
0.593917 0.941168 2.35887
-0.137499 0.342681 2.50869
-0.13178 0.653615 2.43267
-0.125891 0.951784 2.34437
-0.106129 1.09455 2.31054
-0.3201 0.86953 2.38306
-0.553636 0.792127 2.46033
-0.743185 0.731454 2.42997
-0.801545 0.708388 2.40919
0.0769247 0.874684 2.39815
0.303354 0.81941 2.47931
0.501917 0.800763 2.45004
0.560111 0.801181 2.43897
-0.222893 0.336825 2.46482
-0.264667 -0.120116 2.64091
-0.312537 -0.480075 2.76433
-0.343603 -0.560785 2.68522
-0.0480787 0.338091 2.47746
-0.0521081 -0.123032 2.62762
-0.049083 -0.500322 2.76561
-0.0171017 -0.586779 2.68884
-0.127457 0.87904 2.36864
-0.873774 0.669881 2.36534
-0.866197 0.712488 2.41767
0.635152 0.787285 2.40551
0.631672 0.766015 2.38
-0.136913 0.322613 2.52114
-0.139134 0.644013 2.43841
-0.140792 0.95099 2.3457
-0.126303 1.10114 2.31999
-0.313796 0.842601 2.3825
-0.380066 0.615199 2.51036
-0.394344 0.36504 2.51491
-0.388523 0.283629 2.49893
0.0429995 0.8412 2.40024
0.104675 0.604759 2.51672
0.124013 0.394549 2.48693
0.10396 0.304815 2.47246
-0.223706 0.315949 2.47813
-0.26427 -0.12164 2.64314
-0.31179 -0.478821 2.76514
-0.342498 -0.560228 2.68587
-0.0460445 0.319589 2.4891
-0.0510968 -0.122904 2.62882
-0.0492711 -0.500224 2.76629
-0.0168737 -0.586838 2.68787
-0.14024 0.876087 2.37091
-0.368287 0.200233 2.49431
-0.329851 0.314187 2.47045
0.0924507 0.219909 2.47044
0.131758 0.270548 2.4645
