-0.141952 -0.0556839 2.33141
-0.143479 0.251374 2.30937
-0.144144 0.548249 2.27492
-0.124156 0.694081 2.26411
-0.292396 0.421025 2.252
-0.350467 0.172291 2.27996
-0.387448 -0.0461061 2.27044
-0.383856 -0.0613054 2.26781
0.0218963 0.43184 2.29704
0.0744577 0.170809 2.34173
0.108523 -0.0481964 2.32383
0.102606 -0.0587263 2.323
-0.212487 -0.0571236 2.28543
-0.204985 -0.349716 2.36757
-0.205843 -0.654381 2.4198
-0.202302 -0.730454 2.33317
-0.0670846 -0.0524571 2.30493
-0.0675837 -0.361826 2.38037
-0.0777374 -0.643986 2.42841
-0.065094 -0.725129 2.34828
-0.144143 0.475474 2.28575
-0.399477 -0.14065 2.2791
-0.416407 -0.0509453 2.2455
0.107772 -0.127332 2.34392
0.133351 -0.04616 2.31259
-0.140856 -0.0555639 2.33203
-0.140829 0.251712 2.31044
-0.139498 0.548771 2.27647
-0.12092 0.69427 2.26585
-0.288067 0.422406 2.25332
-0.347694 0.174083 2.28112
-0.390548 -0.0431969 2.27137
-0.387703 -0.0581232 2.26911
0.0254986 0.430749 2.29649
0.0773625 0.171064 2.34052
0.109849 -0.0481562 2.32167
0.106329 -0.0609147 2.32309
-0.211542 -0.0568766 2.28618
-0.203775 -0.351584 2.36872
-0.205088 -0.654617 2.41986
-0.201144 -0.730343 2.33428
-0.065749 -0.0524961 2.30534
-0.0671014 -0.364215 2.38143
-0.0779353 -0.644918 2.42932
-0.0658694 -0.72461 2.34821
-0.140005 0.475954 2.28718
-0.404836 -0.133671 2.27985
-0.413867 -0.0394979 2.24586
0.111204 -0.133152 2.34279
0.138054 -0.0501886 2.31853
-0.137329 -0.0558163 2.332
-0.135207 0.251331 2.31123
-0.132008 0.548229 2.27811
-0.11403 0.694041 2.26746
-0.282908 0.422482 2.25557
-0.342876 0.17206 2.28232
-0.382192 -0.0459275 2.2708
-0.377812 -0.056982 2.26884
0.0324367 0.429239 2.29777
0.0835586 0.168451 2.34031
0.112759 -0.051219 2.32131
0.106481 -0.0610896 2.32072
-0.20818 -0.0569106 2.28639
-0.202947 -0.35216 2.36913
-0.204947 -0.654324 2.41921
-0.201154 -0.730345 2.33359
-0.0620209 -0.053033 2.30497
-0.0620224 -0.364891 2.38177
-0.0766083 -0.64331 2.42884
-0.0654547 -0.724685 2.34677
-0.132955 0.475451 2.2886
-0.392229 -0.133048 2.27923
-0.410224 -0.0412527 2.25494
0.107924 -0.13306 2.34129
0.140651 -0.0573206 2.31533
-0.132532 -0.0552318 2.33311
-0.13094 0.251787 2.31219
-0.128305 0.548508 2.27898
-0.110946 0.694417 2.26869
-0.279036 0.42283 2.25793
-0.339598 0.171801 2.28283
-0.378509 -0.0462563 2.27285
-0.374066 -0.0534464 2.27017
0.0359913 0.430521 2.29927
0.0871432 0.16834 2.34174
0.113947 -0.0515088 2.31957
0.0997653 -0.0605133 2.31849
-0.203759 -0.0562471 2.28778
-0.201896 -0.350457 2.36816
-0.204967 -0.654052 2.41974
-0.201023 -0.730585 2.3328
-0.0570585 -0.0525341 2.30566
-0.059734 -0.365005 2.38231
-0.0757691 -0.64246 2.42818
-0.065164 -0.723977 2.34746
-0.129123 0.475776 2.28948
-0.387305 -0.133802 2.28162
-0.394142 -0.0602617 2.22966
0.0969557 -0.13162 2.33458
0.121092 -0.0730697 2.28848
-0.132158 -0.0456798 2.33339
-0.129099 0.257519 2.31044
-0.125405 0.55199 2.27494
-0.108039 0.6937 2.26472
-0.285894 0.438626 2.25365
-0.495069 0.353279 2.19995
-0.705058 0.307852 2.14672
-0.758386 0.284962 2.12955
0.0499276 0.442927 2.30356
0.258304 0.360693 2.33782
0.47078 0.337427 2.37597
0.524824 0.304366 2.37398
-0.203298 -0.0463142 2.2885
-0.201497 -0.345026 2.36704
-0.204084 -0.652022 2.41871
-0.199897 -0.730287 2.3293
-0.056867 -0.0433898 2.30545
-0.0590251 -0.354322 2.37995
-0.0740971 -0.642053 2.42685
-0.0638335 -0.724969 2.34789
-0.126501 0.479734 2.28614
-0.818798 0.249291 2.12677
-0.729209 0.283632 2.09818
0.574006 0.279465 2.39688
0.520855 0.292125 2.37271
-0.125628 -0.00538048 2.33337
-0.121583 0.284065 2.29732
-0.116757 0.565096 2.24884
-0.108377 0.698316 2.24676
-0.296451 0.482445 2.24318
-0.552275 0.543927 2.1831
-0.753924 0.62073 2.14767
-0.80421 0.64606 2.1408
0.064521 0.501115 2.3023
0.274831 0.538562 2.33946
0.455857 0.64935 2.377
0.513143 0.661239 2.38795
-0.196474 -0.00665483 2.2867
-0.201558 -0.33161 2.36085
-0.204334 -0.652399 2.41939
-0.198627 -0.729365 2.3288
-0.0508666 -0.00388664 2.3072
-0.0581951 -0.344571 2.37862
-0.0748936 -0.643691 2.42804
-0.0620655 -0.724822 2.34804
-0.118106 0.496183 2.2633
-0.852909 0.660753 2.15352
-0.808594 0.629044 2.10227
0.567607 0.679288 2.40571
0.518871 0.652217 2.35536
-0.126241 -0.00160386 2.33213
-0.121375 0.287458 2.29499
-0.115853 0.567302 2.24541
-0.10862 0.699523 2.2432
-0.296302 0.487824 2.24214
-0.511121 0.51771 2.19221
-0.715894 0.588546 2.1631
-0.791391 0.593666 2.16352
0.0639626 0.505845 2.2998
0.276057 0.539872 2.33255
0.473752 0.615826 2.37342
0.523358 0.62279 2.37851
-0.196982 -0.00300252 2.28564
-0.202884 -0.330238 2.35951
-0.203707 -0.653737 2.42007
-0.199727 -0.730723 2.33181
-0.0515685 -0.000114231 2.3056
-0.0583892 -0.342037 2.37692
-0.0770432 -0.646988 2.42979
-0.0628099 -0.724998 2.34817
-0.11736 0.49873 2.26006
-0.868077 0.610219 2.16786
-0.808641 0.57947 2.21129
0.575468 0.635521 2.38187
0.486375 0.60361 2.3836
-0.127583 -0.0179743 2.32425
-0.123178 0.279399 2.29305
-0.118135 0.564388 2.24823
-0.110304 0.700541 2.24335
-0.295187 0.465509 2.2446
-0.499686 0.383159 2.2029
-0.707142 0.314727 2.17519
-0.791081 0.292193 2.16767
0.0543268 0.477998 2.28645
0.260011 0.382986 2.33052
0.470234 0.349898 2.37289
0.531031 0.34272 2.37214
-0.198624 -0.0189643 2.28097
-0.20023 -0.334183 2.36091
-0.203086 -0.654669 2.42072
-0.199002 -0.730151 2.33196
-0.0525417 -0.0167131 2.29439
-0.0600796 -0.345711 2.37718
-0.0757838 -0.64459 2.42911
-0.0623659 -0.72586 2.34741
-0.119434 0.494828 2.26161
-0.854243 0.273888 2.15385
-0.776293 0.27412 2.17486
0.595943 0.337142 2.39015
0.525966 0.332109 2.33721
-0.128274 -0.0450127 2.32434
-0.125444 0.261124 2.29724
-0.121672 0.555872 2.25706
-0.110086 0.698059 2.24451
-0.281479 0.432106 2.24618
-0.37005 0.194542 2.27421
-0.456007 -0.00829476 2.24335
-0.471173 -0.0578221 2.21661
0.042473 0.437161 2.27517
0.104051 0.18992 2.33843
0.159209 -0.0223215 2.35882
0.162095 -0.0404693 2.34106
-0.200098 -0.0457507 2.2837
-0.199268 -0.339034 2.36162
-0.201892 -0.651616 2.4195
-0.197737 -0.729263 2.33524
-0.0524249 -0.0429017 2.29213
-0.0574602 -0.354475 2.37709
-0.072945 -0.638254 2.42664
-0.062744 -0.725673 2.34922
-0.12275 0.483829 2.26936
-0.49321 -0.118323 2.21424
-0.488374 -0.0715304 2.22167
0.194975 -0.116856 2.36039
0.166137 -0.0429048 2.29032
-0.125729 -0.0500713 2.32635
-0.124068 0.256404 2.29843
-0.12123 0.552206 2.25809
-0.107048 0.693229 2.24141
-0.276053 0.426856 2.24386
-0.329214 0.178428 2.27995
-0.33531 -0.0429188 2.25501
-0.312759 -0.0770693 2.2552
0.0423575 0.432678 2.27423
0.0899697 0.185981 2.33577
0.106026 -0.0351042 2.31527
0.0805755 -0.066058 2.30108
-0.197208 -0.0511676 2.28357
-0.198945 -0.344695 2.36151
-0.201722 -0.652557 2.41998
-0.197542 -0.729034 2.33575
-0.0500091 -0.0476408 2.29659
-0.0572236 -0.361375 2.37717
-0.0739434 -0.640014 2.42801
-0.0640933 -0.725328 2.3484
-0.12207 0.479793 2.27039
-0.303378 -0.124671 2.26962
-0.345361 -0.0679049 2.25671
0.0767776 -0.114145 2.30447
0.0686017 -0.0485472 2.25276
-0.123634 -0.0516649 2.3265
-0.122397 0.254033 2.29731
-0.120284 0.549061 2.25531
-0.105135 0.691354 2.2384
-0.27396 0.425763 2.2396
-0.330454 0.177037 2.27684
-0.347277 -0.0434158 2.24828
-0.330523 -0.06929 2.25342
0.0429267 0.431546 2.27451
0.0891689 0.185074 2.33614
0.109615 -0.0355132 2.31303
0.0861883 -0.0626791 2.28569
-0.195223 -0.0529248 2.28278
-0.198607 -0.346444 2.36169
-0.201887 -0.653079 2.42054
-0.197475 -0.729243 2.33495
-0.0479591 -0.0489555 2.29752
-0.0570334 -0.362266 2.3772
-0.0739054 -0.639939 2.42758
-0.065213 -0.724791 2.34874
-0.120919 0.476801 2.26806
-0.315873 -0.123161 2.27068
-0.349353 -0.0767257 2.24417
0.0702271 -0.113778 2.29706
0.0846775 -0.0501496 2.24234
-0.125027 -0.0492082 2.32441
-0.122574 0.25479 2.29496
-0.119539 0.548722 2.25243
-0.104928 0.690454 2.23357
-0.279354 0.433164 2.23605
-0.473784 0.322098 2.18469
-0.677819 0.250824 2.1365
-0.723676 0.220928 2.11545
0.0488023 0.439506 2.28151
0.237706 0.316123 2.31463
0.452482 0.276715 2.32848
0.50789 0.242123 2.31568
-0.196681 -0.0504518 2.28126
-0.197646 -0.342788 2.36121
-0.201428 -0.651444 2.4188
-0.196119 -0.729882 2.33238
-0.0494498 -0.0465011 2.29459
-0.0553345 -0.356327 2.37628
-0.0716881 -0.638592 2.42539
-0.0633929 -0.725877 2.34826
-0.120426 0.476712 2.26534
-0.785177 0.174565 2.11033
-0.745376 0.193281 2.15767
0.574792 0.20398 2.3549
0.515146 0.238563 2.2759
-0.122071 -0.0190503 2.32146
-0.11743 0.274133 2.28586
-0.112235 0.558178 2.23799
-0.102081 0.69293 2.22767
-0.289459 0.464427 2.2264
-0.507545 0.454345 2.18155
-0.721778 0.493006 2.16879
-0.796687 0.503982 2.1678
0.0682232 0.480495 2.2871
0.284713 0.488639 2.31393
0.487083 0.551864 2.35458
0.526064 0.576724 2.3612
-0.192966 -0.0208586 2.27348
-0.197892 -0.333579 2.35735
-0.202361 -0.651323 2.4196
-0.196626 -0.729829 2.33343
-0.0473735 -0.016535 2.29654
-0.0549019 -0.346057 2.37745
-0.0726604 -0.639504 2.42744
-0.0634499 -0.726167 2.3501
-0.113667 0.488538 2.25221
-0.874399 0.494616 2.17299
-0.782061 0.481787 2.19918
0.594621 0.592022 2.37624
0.533688 0.573348 2.32614
-0.121649 -0.00914976 2.32323
-0.117995 0.281866 2.28567
-0.113664 0.563514 2.23623
-0.104786 0.695479 2.22942
-0.293399 0.478704 2.23116
-0.51078 0.490014 2.18442
-0.714745 0.561018 2.1473
-0.786635 0.559552 2.13923
0.068342 0.492804 2.29051
0.283188 0.513616 2.31982
0.482166 0.584844 2.36262
0.535538 0.594595 2.38011
-0.192517 -0.0104902 2.27674
-0.198747 -0.329807 2.35333
-0.202491 -0.651865 2.41967
-0.197472 -0.729906 2.33172
-0.0469669 -0.00740938 2.29689
-0.0545998 -0.343801 2.37665
-0.0713957 -0.637772 2.42696
-0.0628131 -0.725889 2.34902
-0.114859 0.49446 2.25077
-0.870459 0.576546 2.17702
-0.779989 0.54624 2.14333
0.589386 0.608495 2.39423
0.522902 0.596965 2.35184
-0.122578 -0.00685987 2.326
-0.118701 0.284142 2.28825
-0.114058 0.565689 2.23877
-0.105672 0.697065 2.23257
-0.293203 0.480989 2.23288
-0.51124 0.478675 2.18723
-0.73172 0.51688 2.1667
-0.80657 0.514092 2.16138
0.0677868 0.493345 2.29188
0.282897 0.498152 2.32543
0.48392 0.555245 2.37713
0.514381 0.551894 2.38972
-0.193518 -0.00806864 2.27983
-0.198481 -0.329274 2.35469
-0.203072 -0.65127 2.4196
-0.196712 -0.728525 2.33229
-0.0478182 -0.0053427 2.29941
-0.054436 -0.342597 2.37745
-0.0723119 -0.638483 2.42842
-0.0625357 -0.725735 2.34883
-0.115343 0.496681 2.2533
-0.87623 0.512539 2.15221
-0.799888 0.476601 2.17323
0.592685 0.568949 2.42734
0.551123 0.556011 2.362
-0.126574 -0.0260948 2.3238
-0.123412 0.273289 2.29152
-0.119574 0.561186 2.24671
-0.108941 0.698464 2.24146
-0.28523 0.457714 2.2333
-0.475656 0.322276 2.20987
-0.676227 0.212955 2.2035
-0.740395 0.18834 2.19441
0.0527006 0.467844 2.28943
0.237832 0.335109 2.34519
0.443864 0.279209 2.38614
0.500956 0.241284 2.37246
-0.197449 -0.0273503 2.28034
-0.195283 -0.334927 2.35748
-0.202691 -0.651921 2.41921
-0.197512 -0.729609 2.33172
-0.0517468 -0.0242769 2.29452
-0.0554772 -0.34544 2.37762
-0.0718165 -0.639893 2.42678
-0.0621467 -0.726268 2.34756
-0.120601 0.490751 2.26005
-0.801715 0.159068 2.17848
-0.718299 0.173231 2.22608
0.57363 0.225645 2.38566
0.506757 0.234805 2.32769
-0.12993 -0.046905 2.32513
-0.127026 0.257843 2.29287
-0.123384 0.551847 2.24811
-0.114017 0.695027 2.24112
-0.27908 0.431033 2.23194
-0.353791 0.179914 2.26935
-0.446396 -0.0200572 2.27395
-0.458694 -0.0666122 2.27671
0.0400982 0.434699 2.2723
0.0990022 0.177597 2.33074
0.162017 -0.0319943 2.35341
0.162693 -0.0969151 2.35503
-0.201254 -0.0480103 2.28335
-0.196313 -0.341643 2.3582
-0.202005 -0.651312 2.4181
-0.197289 -0.729572 2.33235
-0.0545148 -0.04464 2.294
-0.0549781 -0.354885 2.37843
-0.0710769 -0.637676 2.42633
-0.0648189 -0.724404 2.35023
-0.124417 0.479866 2.2615
-0.485777 -0.133742 2.2628
-0.423894 -0.0845776 2.29079
0.176845 -0.143743 2.37727
0.174646 -0.0872937 2.291
-0.127512 -0.0514193 2.31629
-0.12547 0.254643 2.28612
-0.122522 0.550167 2.24311
-0.110747 0.696439 2.2387
-0.275932 0.427518 2.224
-0.334788 0.174189 2.26602
-0.356033 -0.0463855 2.26087
-0.336941 -0.0468456 2.2522
0.0399086 0.430241 2.26527
0.0889382 0.175525 2.31108
0.0977942 -0.0437484 2.2671
0.0704126 -0.0363028 2.259
-0.198804 -0.0528305 2.27199
-0.197659 -0.344241 2.35798
-0.201929 -0.652091 2.41903
-0.19774 -0.729434 2.33383
-0.0522456 -0.0484617 2.28766
-0.0561724 -0.35905 2.37446
-0.0719114 -0.635556 2.4255
-0.065177 -0.724787 2.34788
-0.123404 0.477789 2.25611
-0.341182 -0.13441 2.26273
-0.36983 -0.02326 2.25054
0.0718433 -0.114208 2.26811
0.0441188 -0.0612563 2.2184
-0.12679 -0.0534551 2.31327
-0.124361 0.251856 2.28032
-0.121079 0.54684 2.23385
-0.108962 0.693873 2.22794
-0.274081 0.425352 2.2191
-0.344534 0.186206 2.24996
-0.43525 -0.0143391 2.21705
-0.430647 -0.0448578 2.1977
0.0390072 0.42891 2.25662
0.0936618 0.179175 2.30619
0.179756 -0.0249846 2.28971
0.173469 -0.0775338 2.28295
-0.19826 -0.0547155 2.26979
-0.198583 -0.345151 2.35722
-0.201305 -0.652213 2.41915
-0.197295 -0.728509 2.3353
-0.0512937 -0.0506004 2.28369
-0.0560793 -0.359412 2.37247
-0.0732855 -0.638635 2.42584
-0.0651317 -0.725795 2.34851
-0.122021 0.474552 2.24775
-0.4334 -0.112047 2.20806
-0.424443 -0.0698742 2.208
0.165149 -0.133047 2.30477
0.173839 -0.066812 2.23578
-0.126254 -0.0472672 2.31098
-0.123623 0.255291 2.27649
-0.120152 0.548236 2.2292
-0.108012 0.693049 2.22177
-0.280522 0.436251 2.21521
-0.491167 0.327109 2.18049
-0.700996 0.265885 2.15714
-0.745568 0.254363 2.14837
0.052124 0.443403 2.26477
0.26062 0.349315 2.31738
0.468283 0.320203 2.37034
0.532185 0.297209 2.38767
-0.197645 -0.0485992 2.26765
-0.198139 -0.339078 2.35519
-0.200486 -0.651414 2.41934
-0.196992 -0.729548 2.33523
-0.0508755 -0.0444245 2.28138
-0.0541196 -0.35104 2.3703
-0.0709045 -0.635484 2.42382
-0.0625486 -0.726115 2.34665
-0.121149 0.476419 2.24328
-0.809734 0.215528 2.14283
-0.736355 0.230702 2.18178
0.590555 0.262979 2.41563
0.50282 0.28863 2.428
-0.120375 -0.0238912 2.3102
-0.118427 0.27165 2.27062
-0.115657 0.55774 2.21881
-0.107863 0.694501 2.21649
-0.287634 0.457175 2.20391
-0.506288 0.432172 2.16047
-0.724364 0.430095 2.15229
-0.803289 0.442949 2.14735
0.0660745 0.475762 2.26702
0.277733 0.469973 2.31372
0.482304 0.524144 2.35651
0.527225 0.53986 2.36143
-0.191307 -0.0261598 2.26316
-0.198097 -0.331851 2.35307
-0.201877 -0.650234 2.41859
-0.197895 -0.729561 2.33606
-0.0456483 -0.0207815 2.2844
-0.0546952 -0.346047 2.36991
-0.0722639 -0.637452 2.42579
-0.0630481 -0.726204 2.34739
-0.116491 0.487604 2.23399
-0.877111 0.427858 2.1508
-0.790781 0.422589 2.17881
0.599359 0.537347 2.38983
0.492295 0.523002 2.36538
-0.119985 -0.0159028 2.30969
-0.118167 0.27721 2.26989
-0.115676 0.560767 2.21784
-0.108992 0.695636 2.21626
-0.290909 0.468347 2.20595
-0.508072 0.454554 2.15537
-0.723374 0.485233 2.13165
-0.801414 0.491163 2.11377
0.0668439 0.486073 2.27004
0.279642 0.497284 2.31106
0.481752 0.560317 2.35295
0.530565 0.564382 2.35501
-0.19083 -0.0184899 2.26287
-0.199882 -0.328757 2.3516
-0.202691 -0.649059 2.4181
-0.199042 -0.72959 2.33565
-0.0453792 -0.0127461 2.28365
-0.0549781 -0.341285 2.3682
-0.0712085 -0.634811 2.42458
-0.0642189 -0.723117 2.35009
-0.116421 0.491262 2.23307
-0.875448 0.487912 2.12125
-0.799011 0.474038 2.1564
0.604952 0.562164 2.40721
0.481452 0.548267 2.36519
-0.121977 -0.0150663 2.30952
-0.11967 0.278389 2.26932
-0.116854 0.562136 2.21668
-0.109742 0.696442 2.21633
-0.291529 0.469944 2.20505
-0.508141 0.458708 2.15042
-0.726956 0.486821 2.12482
-0.79687 0.495621 2.1128
0.0655043 0.485781 2.26966
0.278427 0.493072 2.31115
0.480654 0.554252 2.35481
0.528668 0.554341 2.36142
-0.192857 -0.0175294 2.26286
-0.200459 -0.328802 2.3519
-0.20167 -0.6528 2.41994
-0.198227 -0.729855 2.33556
-0.0473166 -0.0120703 2.28331
-0.0564893 -0.341107 2.36828
-0.0740586 -0.640041 2.42661
-0.0630993 -0.72501 2.34834
-0.117678 0.492612 2.23207
-0.872474 0.495125 2.11871
-0.7824 0.477545 2.14364
0.603634 0.551673 2.40702
0.487934 0.540031 2.36815
-0.125713 -0.0188484 2.30786
-0.121793 0.276328 2.26885
-0.117862 0.560956 2.21694
-0.110258 0.696354 2.21548
-0.291523 0.465958 2.20447
-0.504348 0.420632 2.1503
-0.777105 0.383125 2.09794
-0.791579 0.386511 2.10604
0.0613933 0.478676 2.27014
0.272707 0.442766 2.31014
0.484575 0.454098 2.35285
0.533538 0.440649 2.35753
-0.196254 -0.0206469 2.26132
-0.200755 -0.329527 2.35202
-0.201121 -0.654027 2.42118
-0.197619 -0.729226 2.33555
-0.0512709 -0.0164827 2.28149
-0.0580048 -0.341385 2.36781
-0.0766536 -0.645189 2.42818
-0.0627261 -0.72639 2.34748
-0.118911 0.491298 2.23217
-0.867464 0.386199 2.11216
-0.820011 0.377285 2.11781
0.612435 0.431095 2.40122
0.50952 0.427582 2.36167
-0.132164 -0.039606 2.30601
-0.129414 0.262708 2.27134
-0.126108 0.553953 2.22383
-0.115766 0.695494 2.2171
-0.28789 0.44493 2.20799
-0.446768 0.251981 2.19076
-0.605684 0.101864 2.15267
-0.618983 0.0828636 2.13716
0.0448715 0.451212 2.26706
0.191479 0.25004 2.31303
0.368144 0.12282 2.33769
0.418251 0.0749752 2.31527
-0.202805 -0.041162 2.2631
-0.19987 -0.336617 2.35567
-0.200344 -0.653781 2.42022
-0.198008 -0.729761 2.33489
-0.0574075 -0.0369852 2.27603
-0.0598293 -0.348839 2.37139
-0.0762066 -0.644223 2.42744
-0.0621475 -0.727383 2.34635
-0.127016 0.482688 2.23792
-0.694627 0.0288911 2.12424
-0.650192 0.0695916 2.12889
0.471525 0.0438643 2.35267
0.421806 0.0622291 2.34671
-0.13451 -0.0532635 2.30997
-0.132247 0.252734 2.27418
-0.129249 0.547992 2.22587
-0.117815 0.692366 2.21578
-0.282645 0.423275 2.20857
-0.344232 0.17445 2.24348
-0.38986 -0.0416815 2.24774
-0.382866 -0.0756959 2.22705
0.0308722 0.42915 2.24872
0.0842352 0.17926 2.29903
0.140225 -0.0353021 2.28632
0.118641 -0.0379028 2.26896
-0.205852 -0.0548045 2.26756
-0.202506 -0.344578 2.35925
-0.202527 -0.652572 2.42019
-0.199255 -0.729506 2.33642
-0.0589363 -0.0501338 2.27955
-0.0615126 -0.356219 2.37369
-0.0763479 -0.64414 2.42761
-0.0642738 -0.725651 2.34736
-0.130113 0.475695 2.24017
-0.41304 -0.159925 2.24458
-0.391824 -0.125689 2.23333
0.132889 -0.121454 2.27916
0.110968 -0.0522684 2.2804
-0.133847 -0.0554386 2.31075
-0.13266 0.250706 2.27334
-0.131062 0.545921 2.22263
-0.118909 0.691267 2.21468
-0.282924 0.420147 2.20833
-0.337176 0.1695 2.24888
-0.348478 -0.0519866 2.23762
-0.327144 -0.0858984 2.24114
0.0307565 0.428887 2.24719
0.0781415 0.175265 2.3031
0.083724 -0.0456817 2.27218
0.063918 -0.0506279 2.26408
-0.205248 -0.05677 2.26831
-0.202957 -0.347624 2.36075
-0.20299 -0.652 2.41987
-0.198472 -0.730018 2.33673
-0.0582101 -0.0525166 2.28044
-0.0625653 -0.361226 2.37446
-0.0761351 -0.642928 2.42735
-0.0644718 -0.72513 2.34712
-0.131531 0.47359 2.23762
-0.338708 -0.154857 2.25815
-0.294277 -0.0803613 2.21241
0.0682334 -0.139644 2.2828
0.0958321 -0.0222266 2.269
-0.134169 -0.0558404 2.30909
-0.133465 0.250465 2.27261
-0.132627 0.546334 2.22317
-0.124294 0.693195 2.22025
-0.284228 0.419623 2.20733
-0.337052 0.168378 2.24916
-0.345361 -0.0532436 2.23464
-0.319678 -0.0863602 2.23368
0.0293842 0.429286 2.24733
0.0776004 0.175861 2.30724
0.0840432 -0.0440979 2.2675
0.065183 -0.0463257 2.2595
-0.205399 -0.0573616 2.26521
-0.20333 -0.347718 2.35967
-0.203391 -0.651513 2.41945
-0.199095 -0.729277 2.33688
-0.0586261 -0.0527713 2.27954
-0.0627428 -0.361836 2.37375
-0.0764016 -0.642594 2.42719
-0.0653514 -0.724914 2.34731
-0.132879 0.473806 2.23771
-0.309727 -0.129648 2.2485
-0.287972 -0.0829295 2.20181
0.061484 -0.121013 2.27245
0.092005 -0.0400884 2.2622
-0.137794 -0.0546586 2.3065
-0.137101 0.252197 2.27255
-0.136261 0.548871 2.22591
-0.127409 0.694357 2.22447
-0.286446 0.425359 2.20635
-0.445552 0.238187 2.1819
-0.607123 0.0907765 2.14546
-0.619689 0.066022 2.1265
0.029108 0.436059 2.24996
0.182162 0.245366 2.28684
0.370263 0.133319 2.30266
0.412996 0.0746693 2.3061
-0.208957 -0.0563192 2.26351
-0.202961 -0.34691 2.35932
-0.201987 -0.652859 2.41939
-0.198775 -0.72927 2.33667
-0.0623296 -0.0513276 2.27646
-0.0664436 -0.352632 2.36874
-0.0776893 -0.645346 2.42691
-0.0646745 -0.726522 2.34883
-0.136555 0.47614 2.23972
-0.658563 -0.00395851 2.12629
-0.619342 0.0463905 2.15831
0.454128 0.0243477 2.32888
0.406795 0.0585272 2.365
-0.13483 -0.0309741 2.30357
-0.133606 0.266249 2.26765
-0.131869 0.554885 2.2195
-0.121326 0.695129 2.2201
-0.29821 0.452001 2.19828
-0.512763 0.414857 2.14633
-0.730916 0.405784 2.11756
-0.811765 0.417014 2.11334
0.0487968 0.466732 2.25929
0.263438 0.448577 2.29438
0.472639 0.484419 2.3359
0.521238 0.504942 2.33675
-0.205086 -0.0325309 2.25605
-0.207065 -0.335212 2.35412
-0.202585 -0.653518 2.41983
-0.199255 -0.72903 2.33505
-0.0602789 -0.028206 2.27811
-0.0666503 -0.345697 2.36659
-0.0786681 -0.647621 2.42824
-0.064203 -0.727219 2.34744
-0.132463 0.484013 2.23378
-0.888321 0.407472 2.1109
-0.806524 0.389949 2.14393
0.600824 0.503311 2.37799
0.483886 0.488801 2.34733
-0.131122 -0.0162069 2.30376
-0.129384 0.277521 2.26584
-0.126876 0.561689 2.21573
-0.118489 0.696343 2.21554
-0.299577 0.46878 2.19995
-0.514839 0.459155 2.13819
-0.727593 0.497569 2.10056
-0.800864 0.523087 2.10385
0.0536673 0.486593 2.26625
0.267973 0.501567 2.30094
0.468295 0.57145 2.34097
0.514189 0.585432 2.34299
-0.201441 -0.0189478 2.25617
-0.208381 -0.330795 2.35314
-0.20314 -0.654157 2.42027
-0.199454 -0.729654 2.33392
-0.0566644 -0.0128973 2.27853
-0.066212 -0.34253 2.3666
-0.0788677 -0.647514 2.42865
-0.0629343 -0.726426 2.3463
-0.127656 0.492039 2.23047
-0.871241 0.53397 2.11072
-0.81085 0.498264 2.14313
0.595837 0.592378 2.39436
0.470485 0.561422 2.34791
-0.129488 -0.0139767 2.30463
-0.126253 0.279763 2.26666
-0.121716 0.56348 2.21646
-0.112669 0.697664 2.21617
-0.296655 0.473123 2.20243
-0.514204 0.470536 2.15327
-0.72533 0.518484 2.1194
-0.790061 0.529949 2.12666
0.0588308 0.488088 2.26953
0.272356 0.50172 2.30747
0.47494 0.565432 2.34687
0.522405 0.572135 2.35313
-0.199902 -0.0167391 2.25722
-0.206635 -0.330711 2.35361
-0.203468 -0.653451 2.41991
-0.198567 -0.729158 2.33408
-0.0549835 -0.010698 2.27923
-0.0642031 -0.341921 2.36746
-0.0775851 -0.6465 2.42793
-0.0624375 -0.726719 2.34572
-0.123022 0.494006 2.23121
-0.867951 0.546662 2.13192
-0.786824 0.506714 2.16323
0.598747 0.574361 2.40085
0.482728 0.551774 2.3553
-0.127809 -0.0127973 2.30747
-0.123721 0.28052 2.26902
-0.118595 0.563787 2.2184
-0.109714 0.697615 2.21826
-0.293723 0.474284 2.2069
-0.511876 0.469384 2.16066
-0.724431 0.512519 2.13037
-0.80448 0.52166 2.13542
0.0616056 0.489155 2.27104
0.275311 0.502838 2.3082
0.477487 0.567649 2.3477
0.522367 0.582677 2.34928
-0.198348 -0.0154094 2.2605
-0.205245 -0.329681 2.35438
-0.203148 -0.653108 2.42086
-0.198076 -0.729766 2.33398
-0.0532351 -0.00972711 2.28174
-0.0615931 -0.33971 2.3664
-0.0760326 -0.645558 2.42806
-0.0620928 -0.726867 2.34611
-0.120028 0.494421 2.23325
-0.88207 0.533888 2.14508
-0.793093 0.497647 2.16744
0.597445 0.586151 2.39583
0.483244 0.558548 2.36356
-0.127015 -0.0141269 2.30871
-0.123049 0.279732 2.27067
-0.118317 0.563502 2.22067
-0.110933 0.697786 2.21942
-0.292741 0.471091 2.20972
-0.507015 0.419028 2.17031
-0.725083 0.416603 2.15287
-0.806168 0.417287 2.15395
0.0596296 0.485596 2.27029
0.271234 0.454047 2.31149
0.478172 0.47499 2.36784
0.533606 0.475194 2.37938
-0.197587 -0.0163783 2.26251
-0.2043 -0.329123 2.3549
-0.203556 -0.651527 2.41992
-0.197488 -0.729375 2.33349
-0.0524161 -0.0115072 2.28222
-0.0599874 -0.341549 2.36771
-0.0750457 -0.644489 2.42754
-0.0620744 -0.726757 2.34648
-0.119622 0.493994 2.23534
-0.876923 0.419853 2.15458
-0.814755 0.389537 2.16968
0.612104 0.473678 2.4289
0.505906 0.455919 2.3868
-0.130654 -0.0388601 2.30874
-0.130368 0.26384 2.27864
-0.129662 0.555204 2.23657
-0.11361 0.694996 2.22179
-0.290285 0.441839 2.22021
-0.435408 0.226153 2.20864
-0.569359 0.0549328 2.15998
-0.607533 0.0186476 2.12618
0.0401736 0.449316 2.27023
0.177144 0.235361 2.32085
0.340543 0.0884352 2.33238
0.376896 0.042661 2.31469
-0.201527 -0.0408792 2.26562
-0.199677 -0.337338 2.35862
-0.202379 -0.653278 2.42101
-0.198267 -0.729403 2.33545
-0.0556951 -0.0357744 2.27914
-0.058729 -0.348533 2.37085
-0.0746829 -0.642589 2.42676
-0.0628687 -0.726952 2.34739
-0.129901 0.483847 2.24919
-0.647831 -0.0155277 2.11262
-0.648566 0.00825699 2.122
0.41757 0.0080819 2.34396
0.387509 0.0240834 2.34233
-0.130236 -0.0492117 2.31318
-0.130868 0.256735 2.28188
-0.130594 0.551893 2.23817
-0.111446 0.693749 2.22255
-0.282152 0.424802 2.21651
-0.33705 0.171533 2.25535
-0.341324 -0.0502109 2.23891
-0.323938 -0.0587717 2.23227
0.0325284 0.433618 2.26101
0.073979 0.182138 2.30493
0.0807961 -0.0379686 2.26618
0.0617542 -0.0504801 2.25782
-0.201398 -0.0513272 2.26881
-0.202041 -0.344681 2.36184
-0.202666 -0.653322 2.4211
-0.197877 -0.729 2.33628
-0.0549463 -0.0457754 2.28502
-0.0613766 -0.358553 2.37389
-0.075929 -0.643284 2.42798
-0.0642736 -0.725391 2.34837
-0.1308 0.479627 2.25126
-0.327275 -0.144449 2.24871
-0.286848 -0.0577832 2.20208
0.0702671 -0.133574 2.27242
0.0881874 -0.0468883 2.2566
-0.131728 -0.0504018 2.31457
-0.131617 0.255458 2.28206
-0.130924 0.550435 2.23717
-0.111331 0.692237 2.22061
-0.283413 0.424791 2.2181
-0.344757 0.180917 2.26801
-0.340613 -0.0408578 2.24912
-0.331685 -0.0373941 2.25026
0.0328017 0.432957 2.2573
0.0737863 0.183209 2.3033
0.0749618 -0.0365261 2.26089
0.0561778 -0.0307775 2.25704
-0.202912 -0.052322 2.27064
-0.202696 -0.347813 2.3637
-0.202955 -0.653529 2.42132
-0.197809 -0.728709 2.337
-0.0563962 -0.0469979 2.28586
-0.0640134 -0.360402 2.37467
-0.0770421 -0.644225 2.42835
-0.0648103 -0.725529 2.34786
-0.131231 0.478221 2.25063
-0.328352 -0.119996 2.26662
-0.294624 -0.037422 2.20158
0.0475779 -0.106077 2.26681
0.0880093 -0.0313437 2.26793
-0.13299 -0.0514609 2.31586
-0.133307 0.254176 2.28239
-0.13315 0.549111 2.2365
-0.1139 0.690395 2.21812
-0.28438 0.425168 2.2199
-0.379341 0.195758 2.23607
-0.481503 0.00109894 2.20209
-0.510803 -0.0509297 2.19816
0.029345 0.432697 2.2561
0.119984 0.199687 2.3012
0.256791 0.0258279 2.2969
0.262328 -0.0365958 2.31484
-0.204451 -0.0532756 2.27262
-0.203728 -0.346246 2.36365
-0.202986 -0.652592 2.42097
-0.200002 -0.730114 2.33519
-0.0573748 -0.0480764 2.2865
-0.0649995 -0.359569 2.37465
-0.0763559 -0.643051 2.42764
-0.0655687 -0.72457 2.34708
-0.1333 0.476882 2.2502
-0.531608 -0.107312 2.18834
-0.502561 -0.0585287 2.22996
0.281682 -0.082387 2.31982
0.247834 -0.0387947 2.3716
-0.131019 -0.0399349 2.31537
-0.129995 0.260126 2.28197
-0.128298 0.551367 2.23614
-0.106066 0.691888 2.22166
-0.289051 0.442226 2.21778
-0.504488 0.357839 2.17618
-0.717677 0.310172 2.15452
-0.774104 0.316272 2.14719
0.0530377 0.452298 2.27327
0.263452 0.399375 2.30815
0.474285 0.399025 2.35634
0.501006 0.403366 2.34884
-0.201909 -0.041041 2.269
-0.202931 -0.342456 2.36285
-0.20233 -0.653958 2.42129
-0.199096 -0.730385 2.33506
-0.055947 -0.0371906 2.28877
-0.0662628 -0.348985 2.3712
-0.0774285 -0.646812 2.42826
-0.063988 -0.726167 2.34747
-0.128936 0.479934 2.24981
-0.852329 0.297651 2.1578
-0.771236 0.298094 2.17647
0.582761 0.381213 2.38113
0.474602 0.394269 2.36457
-0.127066 -0.0166109 2.31419
-0.122671 0.276906 2.27787
-0.117829 0.561088 2.22937
-0.103576 0.69567 2.22193
-0.291979 0.467946 2.21557
-0.509185 0.455069 2.16513
-0.723124 0.487202 2.1278
-0.793658 0.510049 2.12001
0.0640852 0.485373 2.27851
0.278944 0.49674 2.31173
0.479347 0.567241 2.35039
0.520302 0.576903 2.35371
-0.197604 -0.0186299 2.26645
-0.203077 -0.332669 2.35817
-0.203094 -0.654223 2.42152
-0.199071 -0.729536 2.33521
-0.0525458 -0.0139956 2.28907
-0.0638339 -0.344921 2.3697
-0.0776747 -0.648471 2.42877
-0.0633607 -0.726631 2.34724
-0.11917 0.491409 2.2437
-0.862965 0.520051 2.1232
-0.812744 0.497526 2.1485
0.586473 0.586042 2.36058
0.512624 0.560884 2.34848
-0.126985 -0.0140822 2.31384
-0.122275 0.279001 2.27687
-0.116967 0.562452 2.22748
-0.1048 0.696257 2.22135
-0.29336 0.472314 2.21622
-0.509913 0.463572 2.16097
-0.723371 0.498836 2.12416
-0.79777 0.509435 2.11866
0.0646519 0.486956 2.27824
0.279687 0.498572 2.31065
0.480267 0.56778 2.35038
0.535469 0.564093 2.35585
-0.197592 -0.0161907 2.26634
-0.203288 -0.330852 2.35751
-0.202752 -0.653983 2.42173
-0.197845 -0.729584 2.33529
-0.0523951 -0.0114491 2.28845
-0.0623003 -0.34268 2.36872
-0.0773632 -0.648524 2.42882
-0.0627809 -0.727335 2.34761
-0.118421 0.492997 2.24205
-0.870011 0.519621 2.12186
-0.808128 0.496375 2.1634
0.587341 0.574082 2.35959
0.525108 0.548491 2.34483
-0.125843 -0.0118839 2.31264
-0.121816 0.280775 2.27506
-0.117296 0.563701 2.2248
-0.106778 0.697177 2.21993
-0.294593 0.474202 2.21522
-0.51146 0.465562 2.16189
-0.72602 0.499691 2.13543
-0.808438 0.510094 2.13762
0.0650025 0.491191 2.27642
0.279285 0.505053 2.31114
0.477853 0.574452 2.35775
0.519616 0.579665 2.3609
-0.196522 -0.0143485 2.26522
-0.202481 -0.330084 2.35661
-0.203123 -0.651301 2.42183
-0.197901 -0.72949 2.33582
-0.051203 -0.00895089 2.28708
-0.0619738 -0.342768 2.36814
-0.0759695 -0.645096 2.42925
-0.0635206 -0.726308 2.34831
-0.118528 0.494397 2.23961
-0.87916 0.512854 2.1404
-0.809651 0.491705 2.17317
0.58767 0.591968 2.36977
0.497564 0.561757 2.36615
-0.125219 -0.0117628 2.31209
-0.12137 0.281019 2.27401
-0.116891 0.563828 2.22305
-0.10768 0.697438 2.21875
-0.293833 0.472775 2.21357
-0.510652 0.448585 2.16584
-0.733597 0.455602 2.14713
-0.816761 0.462915 2.14526
0.0649115 0.492155 2.27534
0.279002 0.497065 2.313
0.480098 0.54822 2.36952
0.531923 0.544713 2.38497
-0.195863 -0.0143183 2.26451
-0.202247 -0.329502 2.35645
-0.202513 -0.653807 2.42252
-0.19733 -0.729456 2.33623
-0.0505968 -0.0088009 2.28666
-0.0613639 -0.34217 2.36726
-0.0769854 -0.646775 2.42932
-0.0627163 -0.726476 2.3481
-0.118108 0.494568 2.23805
-0.881716 0.466727 2.14546
-0.812453 0.436465 2.17362
0.606543 0.549866 2.43163
0.512359 0.522059 2.39931
-0.129945 -0.0384586 2.31153
-0.126551 0.263547 2.27968
-0.122776 0.554147 2.23526
-0.110381 0.697426 2.22383
-0.285657 0.445062 2.2248
-0.430018 0.223502 2.23449
-0.568286 0.052695 2.20529
-0.605997 0.0127776 2.19532
0.0473729 0.450886 2.2735
0.187159 0.240671 2.31987
0.353546 0.0974757 2.33283
0.38925 0.0448303 2.3143
-0.201152 -0.0395475 2.26959
-0.19967 -0.334941 2.35946
-0.202203 -0.652975 2.42018
-0.198422 -0.729868 2.33634
-0.0546917 -0.0363952 2.28066
-0.0605483 -0.347043 2.37056
-0.0749004 -0.642572 2.42757
-0.0625959 -0.726557 2.34779
-0.12379 0.483045 2.2485
-0.650153 -0.0228753 2.19753
-0.594273 0.0110281 2.2162
0.445026 0.00790447 2.3543
0.363073 0.0477168 2.31175
-0.132629 -0.0493376 2.31432
-0.129878 0.255894 2.28421
-0.12711 0.550352 2.24182
-0.11532 0.696083 2.23075
-0.283192 0.430094 2.22852
-0.334354 0.180512 2.26494
-0.350085 -0.0406042 2.2596
-0.332933 -0.0426098 2.24823
0.0358002 0.431275 2.25693
0.0868838 0.178803 2.30521
0.1008 -0.0425257 2.28752
0.0762258 -0.0754168 2.27615
-0.204311 -0.0502765 2.27234
-0.20196 -0.341966 2.36176
-0.202382 -0.651563 2.42034
-0.199057 -0.729018 2.33723
-0.0567871 -0.0469173 2.28351
-0.0611452 -0.357243 2.37196
-0.0752212 -0.642458 2.42809
-0.0648919 -0.725158 2.34842
-0.12785 0.478215 2.25458
-0.338029 -0.132785 2.26516
-0.298375 -0.0528792 2.217
0.0888541 -0.149504 2.29029
0.0565603 -0.0778921 2.2777
-0.131029 -0.0504298 2.31514
-0.130931 0.25494 2.28419
-0.13157 0.5492 2.24016
-0.115357 0.695174 2.2294
-0.28516 0.428677 2.22816
-0.332282 0.177997 2.26007
-0.349886 -0.0430165 2.24417
-0.347364 -0.0452956 2.23881
0.034339 0.430977 2.25431
0.0836718 0.180814 2.3056
0.0928864 -0.0401603 2.27632
0.0534861 -0.0882194 2.27137
-0.202675 -0.051778 2.2729
-0.202154 -0.344028 2.36283
-0.202069 -0.652927 2.42063
-0.197377 -0.72967 2.33575
-0.0551268 -0.0476133 2.28468
-0.0590571 -0.359174 2.3726
-0.0749604 -0.642282 2.42768
-0.0655546 -0.724672 2.34942
-0.131379 0.47707 2.25344
-0.377154 -0.137791 2.25252
-0.336915 -0.0299831 2.26756
0.0384964 -0.131709 2.28047
0.071845 -0.0934227 2.2722
-0.131523 -0.0498572 2.31412
-0.131859 0.254977 2.28295
-0.132114 0.54909 2.23891
-0.1173 0.694391 2.22459
-0.287287 0.434075 2.22494
-0.443608 0.245626 2.19703
-0.618473 0.112888 2.1732
-0.643729 0.0854113 2.16867
0.0357812 0.435013 2.25508
0.18682 0.243855 2.28611
0.36744 0.120487 2.30406
0.386802 0.0910891 2.29425
-0.203352 -0.0514092 2.2719
-0.200573 -0.341618 2.36217
-0.201259 -0.652026 2.42063
-0.197279 -0.729712 2.33562
-0.0555415 -0.0467736 2.28352
-0.0590144 -0.353669 2.37193
-0.0747521 -0.641949 2.42687
-0.0639954 -0.725747 2.34763
-0.132088 0.477008 2.25217
-0.698395 0.0245648 2.1861
-0.617259 0.0855049 2.21288
0.439882 0.0237428 2.31059
0.395808 0.0624979 2.34133
-0.130321 -0.0227173 2.31148
-0.127354 0.27108 2.27175
-0.123314 0.556288 2.21884
-0.11814 0.694952 2.21563
-0.301494 0.459668 2.21579
-0.526004 0.433881 2.19341
-0.742656 0.454034 2.18996
-0.820311 0.466315 2.18669
0.0553913 0.477904 2.25284
0.270601 0.483158 2.28649
0.469629 0.570208 2.29727
0.534382 0.573356 2.30659
-0.201782 -0.0248433 2.2689
-0.20234 -0.333712 2.35897
-0.202566 -0.652517 2.42115
-0.199043 -0.729987 2.33713
-0.0547529 -0.0198453 2.28121
-0.0609953 -0.346609 2.36973
-0.0763177 -0.644444 2.42797
-0.0628107 -0.725587 2.3479
-0.124527 0.486419 2.23445
-0.888921 0.471067 2.20313
-0.842643 0.481409 2.17725
0.605699 0.586949 2.31002
0.518159 0.576928 2.294
-0.128875 -0.0127525 2.31088
-0.1264 0.2789 2.26927
-0.123136 0.56108 2.21522
-0.120331 0.696916 2.21349
-0.305954 0.472124 2.21541
-0.525177 0.465245 2.18368
-0.739142 0.504142 2.17758
-0.817174 0.519846 2.17869
0.0554024 0.491722 2.2569
0.269861 0.516825 2.28612
0.466222 0.595592 2.3279
0.52603 0.609365 2.32846
-0.200147 -0.0152416 2.26808
-0.204182 -0.329311 2.35663
-0.20291 -0.6537 2.42146
-0.198943 -0.730138 2.33617
-0.0535457 -0.00974641 2.28079
-0.061318 -0.339026 2.36669
-0.0763354 -0.645154 2.42768
-0.0631568 -0.725517 2.34764
-0.124108 0.491951 2.23099
-0.889849 0.535084 2.20143
-0.766052 0.514222 2.17725
0.590895 0.618318 2.36378
0.525279 0.598433 2.3486
-0.129567 -0.0093499 2.31008
-0.126874 0.282049 2.26789
-0.123469 0.563741 2.2132
-0.12 0.697453 2.21349
-0.306219 0.476148 2.21352
-0.526175 0.478603 2.18259
-0.736863 0.531794 2.17695
-0.807237 0.548861 2.16884
0.0564253 0.496499 2.26007
0.269761 0.525675 2.29149
0.464055 0.610324 2.33153
0.526996 0.611412 2.32767
-0.200674 -0.01187 2.26588
-0.204977 -0.328618 2.35605
-0.203113 -0.65425 2.42223
-0.198167 -0.729802 2.33602
-0.0543964 -0.00635028 2.28124
-0.062945 -0.340181 2.36698
-0.077697 -0.648614 2.42919
-0.0627119 -0.725967 2.34719
-0.12446 0.494745 2.22911
-0.883045 0.580936 2.19351
-0.792261 0.545794 2.18083
0.584831 0.62849 2.33851
0.536337 0.602886 2.328
-0.130173 -0.0167298 2.30752
-0.128277 0.27854 2.26833
-0.125891 0.562423 2.21642
-0.119535 0.698101 2.21416
-0.304214 0.465852 2.21293
-0.516005 0.391577 2.17496
-0.730689 0.35121 2.15673
-0.80287 0.35586 2.15807
0.0529105 0.483842 2.26172
0.264548 0.434386 2.29109
0.4781 0.429761 2.32901
0.528411 0.425636 2.33249
-0.201183 -0.0190736 2.26266
-0.204142 -0.330106 2.3558
-0.202849 -0.654145 2.42146
-0.198435 -0.729795 2.33511
-0.0550717 -0.0138554 2.27937
-0.0632933 -0.340227 2.36675
-0.0774549 -0.64805 2.42862
-0.062282 -0.726193 2.34633
-0.126532 0.492936 2.2315
-0.87375 0.367223 2.16666
-0.805872 0.367445 2.10624
0.611266 0.425733 2.37147
0.503571 0.407061 2.3396
-0.135349 -0.043567 2.30919
-0.135858 0.260366 2.27513
-0.135536 0.552892 2.22872
-0.123502 0.695753 2.21852
-0.296177 0.440244 2.21506
-0.42823 0.212611 2.21496
-0.568188 0.0424039 2.20533
-0.60422 -0.00209496 2.19042
0.0370091 0.444247 2.25956
0.16374 0.219617 2.30662
0.319254 0.0637739 2.31492
0.354257 0.00531588 2.31024
-0.206593 -0.045134 2.26652
-0.201797 -0.340644 2.36025
-0.203007 -0.651563 2.41981
-0.199177 -0.729731 2.33447
-0.0598385 -0.0406778 2.27907
-0.0649556 -0.35166 2.37201
-0.0766131 -0.645598 2.42739
-0.0628561 -0.726608 2.34759
-0.135717 0.481315 2.24245
-0.649145 -0.0391921 2.18918
-0.618178 -0.0217433 2.23225
0.391056 -0.035638 2.33815
0.34481 0.000629903 2.3174
-0.136832 -0.0520998 2.31264
-0.138278 0.254122 2.28003
-0.139024 0.549681 2.23562
-0.124736 0.694 2.22404
-0.291929 0.424681 2.21856
-0.341762 0.17688 2.2591
-0.347568 -0.0448848 2.24709
-0.333898 -0.0741857 2.24137
0.0271031 0.432071 2.24944
0.0767968 0.176934 2.30211
0.100011 -0.0435964 2.28452
0.0769748 -0.0519424 2.2724
-0.208336 -0.0538079 2.27034
-0.203206 -0.34627 2.36296
-0.203616 -0.652309 2.42088
-0.199243 -0.729382 2.33621
-0.0610677 -0.048909 2.28216
-0.0666168 -0.360032 2.37395
-0.0772402 -0.646004 2.42809
-0.064514 -0.725878 2.34755
-0.138967 0.477268 2.24886
-0.353681 -0.15267 2.26039
-0.301374 -0.0872963 2.21428
0.0824744 -0.138977 2.2873
0.100198 -0.065438 2.27346
-0.135025 -0.0534098 2.31635
-0.137983 0.253105 2.28238
-0.139736 0.548919 2.23723
-0.124037 0.694403 2.2272
-0.290965 0.424508 2.21896
-0.337855 0.173287 2.25566
-0.345266 -0.048363 2.23967
-0.336483 -0.0769422 2.24409
0.0260955 0.431952 2.25229
0.0734567 0.179984 2.30818
0.090874 -0.0409062 2.28551
0.0618593 -0.0714779 2.28323
-0.206649 -0.0551769 2.27346
-0.203808 -0.348906 2.36499
-0.203494 -0.653341 2.42103
-0.198277 -0.728483 2.33767
-0.0591591 -0.0500213 2.2866
-0.0675477 -0.360438 2.37414
-0.0775888 -0.646483 2.42867
-0.0659458 -0.725205 2.3479
-0.139392 0.47647 2.25067
-0.346301 -0.129582 2.25587
-0.297096 -0.0944598 2.2348
0.0468389 -0.119899 2.29913
0.081712 -0.0820469 2.28062
-0.13639 -0.0521042 2.32066
-0.13846 0.252624 2.28463
-0.139758 0.547526 2.23734
-0.122761 0.693822 2.22564
-0.293272 0.428935 2.22008
-0.458562 0.261683 2.18395
-0.636895 0.134136 2.15679
-0.676397 0.0989968 2.15918
0.0316645 0.436746 2.26145
0.196673 0.259223 2.29714
0.387358 0.158947 2.33202
0.424835 0.104903 2.3434
-0.207945 -0.0540032 2.27749
-0.202613 -0.347309 2.3668
-0.203072 -0.653782 2.42221
-0.198863 -0.729945 2.33499
-0.0606314 -0.048467 2.29138
-0.0676036 -0.358741 2.37632
-0.0774192 -0.645615 2.42883
-0.064009 -0.726339 2.3477
-0.13957 0.475322 2.25135
-0.722234 0.0377659 2.16034
-0.655434 0.0919306 2.20771
0.467071 0.0582618 2.36247
0.403576 0.102582 2.38623
-0.129559 -0.0241149 2.31633
-0.129648 0.270033 2.27673
-0.128941 0.555233 2.22495
-0.114278 0.695032 2.21988
-0.299682 0.4562 2.21479
-0.528256 0.430417 2.18804
-0.750662 0.445613 2.18984
-0.809968 0.453204 2.1855
0.0556392 0.478291 2.26775
0.270722 0.478031 2.30251
0.458973 0.574959 2.34322
0.51779 0.540025 2.35782
-0.200545 -0.0269017 2.26933
-0.204643 -0.336723 2.3622
-0.202615 -0.654925 2.42262
-0.198135 -0.729762 2.33502
-0.054521 -0.0204851 2.2905
-0.0666777 -0.349875 2.37267
-0.0784123 -0.648844 2.42972
-0.0634106 -0.726796 2.34632
-0.129295 0.485291 2.24014
-0.893102 0.448921 2.21626
-0.767434 0.434101 2.205
0.566266 0.534861 2.35549
0.490733 0.527652 2.3504
-0.125051 -0.0130477 2.31305
-0.12589 0.278899 2.27403
-0.125751 0.561341 2.22274
-0.111702 0.696279 2.22108
-0.30004 0.468685 2.21633
-0.521016 0.460077 2.18381
-0.736305 0.490915 2.18029
-0.815858 0.498299 2.18318
0.0586209 0.496047 2.27393
0.273508 0.51834 2.30266
0.473075 0.579809 2.35472
0.508181 0.5964 2.35253
-0.195923 -0.0164125 2.26582
-0.204322 -0.331436 2.35876
-0.202416 -0.654357 2.42172
-0.197944 -0.730082 2.33521
-0.0502411 -0.00913084 2.28742
-0.0630876 -0.344314 2.36958
-0.0774131 -0.646047 2.4288
-0.0632209 -0.726217 2.34712
-0.125948 0.492121 2.23777
-0.892927 0.500712 2.20184
-0.797126 0.471574 2.20643
0.580967 0.606209 2.36546
0.47113 0.575898 2.365
-0.124516 -0.010237 2.31304
-0.125076 0.282149 2.27477
-0.124755 0.564787 2.22434
-0.113416 0.697695 2.22531
-0.298513 0.473151 2.218
-0.517264 0.462003 2.18048
-0.733421 0.488386 2.17477
-0.81465 0.507045 2.18007
0.0587653 0.498743 2.27329
0.273347 0.523669 2.30185
0.473318 0.583462 2.35428
0.513304 0.598722 2.34938
-0.195454 -0.0135097 2.26665
-0.20397 -0.330167 2.35811
-0.203251 -0.653487 2.42142
-0.198411 -0.730036 2.33451
-0.0496315 -0.0064026 2.28654
-0.0591508 -0.340819 2.36747
-0.0755368 -0.644008 2.42795
-0.0630802 -0.726421 2.3472
-0.124977 0.495547 2.23913
-0.887519 0.518673 2.19662
-0.806173 0.478348 2.20994
0.590023 0.611966 2.37058
0.480559 0.578504 2.35625
-0.125861 -0.0184819 2.31209
-0.12601 0.278041 2.27847
-0.125524 0.563302 2.23375
-0.113816 0.697993 2.23026
-0.294082 0.462798 2.22312
-0.503193 0.38464 2.18327
-0.713543 0.324542 2.16494
-0.779401 0.327495 2.14046
0.0574808 0.48299 2.27386
0.270394 0.433048 2.29641
0.479218 0.419697 2.35022
0.534265 0.415536 2.36025
-0.196813 -0.0205338 2.26714
-0.203362 -0.330761 2.35811
-0.203407 -0.652001 2.41977
-0.198572 -0.729213 2.33456
-0.0509241 -0.0159443 2.28401
-0.0591475 -0.342612 2.36814
-0.0749203 -0.64291 2.42733
-0.0631134 -0.725922 2.34746
-0.12575 0.493397 2.24694
-0.858527 0.351563 2.15875
-0.791894 0.326624 2.10255
0.61725 0.41469 2.40073
0.494558 0.397562 2.36089
-0.130124 -0.041697 2.31338
-0.129898 0.264406 2.28324
-0.128725 0.558708 2.24038
-0.116354 0.698596 2.23766
-0.286652 0.439957 2.22436
-0.412731 0.21269 2.23841
-0.532251 0.0273069 2.23384
-0.566572 -0.0198972 2.2059
0.0428263 0.444396 2.26381
0.153998 0.209166 2.31074
0.287855 0.0336151 2.31395
0.314759 -0.0272269 2.31512
-0.201702 -0.0430977 2.27164
-0.201471 -0.336245 2.36127
-0.20188 -0.65275 2.42041
-0.200359 -0.731261 2.3395
-0.0544756 -0.0390677 2.28231
-0.0604552 -0.348104 2.37127
-0.0747034 -0.641864 2.42661
-0.0630545 -0.726591 2.34792
-0.129146 0.486804 2.25328
-0.613624 -0.0563503 2.20604
-0.576275 -0.0437053 2.16367
0.346534 -0.0691537 2.31751
0.305633 -0.0254387 2.338
-0.130562 -0.0524064 2.31518
-0.130323 0.255556 2.28426
-0.129327 0.552553 2.24073
-0.115544 0.696483 2.2373
-0.280896 0.423888 2.22388
-0.332586 0.171362 2.26791
-0.344567 -0.0499959 2.26163
-0.327524 -0.084392 2.25737
0.0352727 0.43365 2.25306
0.0855303 0.177439 2.30212
0.0905056 -0.0429752 2.2657
0.067315 -0.0352082 2.25474
-0.202344 -0.0537727 2.27319
-0.201105 -0.343302 2.36295
-0.202493 -0.651485 2.41942
-0.198295 -0.728745 2.33668
-0.0547113 -0.0494838 2.28437
-0.0588183 -0.357307 2.37266
-0.0735648 -0.638095 2.42671
-0.0646861 -0.725983 2.34851
-0.129738 0.479848 2.25381
-0.347768 -0.153035 2.27715
-0.290037 -0.110258 2.23556
0.0599818 -0.115353 2.26614
0.0409661 -0.0456633 2.21144
-0.13045 -0.0529884 2.3143
-0.129782 0.254405 2.283
-0.128226 0.551002 2.23896
-0.112682 0.695461 2.22966
-0.279914 0.423712 2.22354
-0.331846 0.175656 2.2658
-0.343846 -0.0457829 2.25629
-0.32424 -0.0766628 2.25799
0.036017 0.432942 2.25152
0.0840625 0.180013 2.29924
0.0881753 -0.0409119 2.26745
0.0581954 -0.0716792 2.26291
-0.2022 -0.0543539 2.27203
-0.201073 -0.344327 2.36296
-0.202245 -0.652996 2.42049
-0.198691 -0.72959 2.33787
-0.054603 -0.0500643 2.28363
-0.058281 -0.357852 2.37248
-0.0728258 -0.636795 2.42655
-0.0662818 -0.72365 2.35014
-0.128771 0.478361 2.25218
-0.314701 -0.128169 2.27702
-0.299489 -0.0680986 2.21641
0.0445337 -0.1186 2.26881
0.0400069 -0.0541133 2.21358
-0.130607 -0.0541839 2.31412
-0.130205 0.25283 2.28139
-0.129218 0.549081 2.23533
-0.11452 0.692192 2.22166
-0.278982 0.423083 2.22007
-0.398291 0.192856 2.2076
-0.524556 0.0143638 2.16639
-0.525183 -0.0161987 2.16784
0.0359617 0.432567 2.24954
0.156267 0.210867 2.28783
0.315079 0.0570591 2.27977
0.315566 0.0274806 2.27556
-0.20251 -0.0555661 2.27247
-0.201628 -0.342382 2.36281
-0.201339 -0.651327 2.41977
-0.197801 -0.730005 2.33718
-0.0546072 -0.0512782 2.28294
-0.0576138 -0.357059 2.37404
-0.0745659 -0.640863 2.42699
-0.0650287 -0.725008 2.349
-0.129594 0.476499 2.24913
-0.543478 -0.0910199 2.18909
-0.533665 -0.0145219 2.12336
0.341784 -0.0428145 2.30207
0.319954 0.0203563 2.23853
-0.129539 -0.0367522 2.31307
-0.129124 0.262238 2.27508
-0.127833 0.552896 2.22436
-0.118619 0.692583 2.21473
-0.296812 0.444395 2.21143
-0.510037 0.400278 2.15874
-0.727688 0.394419 2.13264
-0.783163 0.400953 2.12155
0.0510036 0.461806 2.25498
0.272417 0.4247 2.286
0.4832 0.445435 2.32971
0.522361 0.45231 2.32686
-0.200823 -0.0385767 2.27016
-0.200369 -0.337144 2.36086
-0.201111 -0.653526 2.42104
-0.197684 -0.730252 2.33693
-0.054161 -0.0336218 2.28311
-0.0589997 -0.349371 2.37166
-0.0767528 -0.646021 2.42765
-0.062599 -0.727203 2.34745
-0.128314 0.481613 2.23941
-0.849934 0.393383 2.1155
-0.785581 0.383899 2.08467
0.601342 0.434696 2.3332
0.539012 0.445813 2.28883
-0.125529 -0.0170944 2.30668
-0.124047 0.27654 2.26671
-0.121854 0.560694 2.21418
-0.117453 0.694265 2.20915
-0.298803 0.468504 2.20841
-0.517217 0.465948 2.16629
-0.72915 0.514863 2.15191
-0.793446 0.528136 2.14815
0.0588891 0.486931 2.26042
0.273563 0.500048 2.2941
0.523961 0.580646 2.3837
0.571293 0.606959 2.35615
-0.196773 -0.0198945 2.26286
-0.200996 -0.331103 2.35664
-0.202407 -0.653194 2.42075
-0.197365 -0.728748 2.33526
-0.050328 -0.0137253 2.27763
-0.0589089 -0.342426 2.36677
-0.0758152 -0.643432 2.42722
-0.0622725 -0.726823 2.34695
-0.122547 0.491057 2.22956
-0.876048 0.52711 2.1606
-0.803524 0.516632 2.10839
0.595287 0.616176 2.34952
0.533677 0.571608 2.4155
-0.12368 -0.0128677 2.30538
-0.122056 0.280036 2.26589
-0.11956 0.563262 2.21388
-0.116415 0.695408 2.20995
-0.298515 0.473277 2.21054
-0.516916 0.470883 2.16831
-0.731833 0.5051 2.15913
-0.804495 0.508728 2.15058
0.060612 0.49267 2.26294
0.27628 0.50449 2.29277
0.520021 0.582477 2.35549
0.564925 0.61137 2.34045
-0.194915 -0.0156069 2.26139
-0.201716 -0.328692 2.35461
-0.20209 -0.651091 2.42026
-0.198364 -0.728307 2.33455
-0.0485351 -0.0096875 2.27652
-0.057402 -0.340234 2.36566
-0.0742068 -0.641082 2.42654
-0.0627244 -0.727095 2.34769
-0.120329 0.49387 2.2291
-0.879677 0.509532 2.16206
-0.799673 0.492359 2.11708
0.587496 0.620987 2.35178
0.579895 0.608576 2.34458
-0.124189 -0.0148632 2.30771
-0.122138 0.27868 2.26701
-0.11931 0.562159 2.21423
-0.116413 0.695294 2.20995
-0.297448 0.470171 2.21239
-0.513777 0.431695 2.17698
-0.731818 0.427277 2.16074
-0.814775 0.441768 2.1617
0.0589731 0.488089 2.26183
0.273574 0.467276 2.296
0.48571 0.503502 2.32393
0.530846 0.51017 2.33036
-0.195494 -0.0173199 2.26379
-0.201471 -0.329073 2.35575
-0.20199 -0.651704 2.4204
-0.198734 -0.729642 2.33284
-0.048952 -0.0119268 2.27885
-0.0574425 -0.34108 2.36663
-0.0747411 -0.643558 2.42726
-0.0622925 -0.727291 2.34724
-0.120154 0.492746 2.22963
-0.875504 0.438817 2.15928
-0.800501 0.460349 2.10485
0.595713 0.534432 2.34374
0.561748 0.529565 2.3275
-0.131688 -0.0452575 2.31091
-0.129744 0.259271 2.27289
-0.126922 0.552339 2.2223
-0.11853 0.694224 2.21666
-0.28935 0.432138 2.21564
-0.401185 0.20297 2.2277
-0.508609 0.0100054 2.21785
-0.517159 0.00530139 2.19795
0.0391889 0.441383 2.25568
0.139223 0.203522 2.31183
0.272641 0.0269328 2.30161
0.287446 -0.000609943 2.29053
-0.203352 -0.0470788 2.27
-0.199692 -0.338806 2.36153
-0.202209 -0.651511 2.41983
-0.197721 -0.729967 2.33325
-0.0559242 -0.0421017 2.27903
-0.0581651 -0.348077 2.37096
-0.073984 -0.640484 2.42625
-0.062429 -0.726878 2.34721
-0.127737 0.480677 2.23714
-0.57999 -0.0684682 2.19338
-0.518694 -0.0198947 2.14812
0.349885 -0.0516842 2.33968
0.30141 -0.0153134 2.3028
-0.133911 -0.0534504 2.31379
-0.132282 0.252726 2.27577
-0.129978 0.548132 2.22515
-0.120631 0.69336 2.22088
-0.282774 0.419329 2.21553
-0.335986 0.170062 2.25961
-0.34269 -0.0516321 2.24775
-0.32105 -0.0858828 2.24967
0.0315028 0.433886 2.24989
0.0793917 0.182922 2.30039
0.0825009 -0.037115 2.26037
0.060211 -0.0612445 2.2534
-0.205552 -0.0549598 2.27308
-0.20097 -0.344544 2.36323
-0.202498 -0.653224 2.42058
-0.198667 -0.729978 2.33612
-0.0580876 -0.0502857 2.28178
-0.0606368 -0.358583 2.37447
-0.0748537 -0.641721 2.42738
-0.0642473 -0.726471 2.3472
-0.130675 0.475806 2.24002
-0.315012 -0.130118 2.26447
-0.293052 -0.0750269 2.20731
0.0701502 -0.139568 2.26867
0.0341161 -0.064947 2.22594
-0.134605 -0.0539572 2.31433
-0.133501 0.251658 2.27666
-0.131776 0.546659 2.22649
-0.122307 0.691257 2.21878
-0.284288 0.419173 2.21768
-0.340135 0.17719 2.26397
-0.347223 -0.0445171 2.25226
-0.333807 -0.0644199 2.25317
0.0303911 0.434015 2.24988
0.078695 0.185397 2.30163
0.0785262 -0.0345511 2.26066
0.0427422 -0.0339532 2.2511
-0.206194 -0.0555371 2.27348
-0.201717 -0.346749 2.36476
-0.203407 -0.65253 2.42093
-0.198301 -0.729299 2.33583
-0.058812 -0.0506958 2.28247
-0.0618298 -0.359634 2.37557
-0.0756653 -0.642328 2.42713
-0.0652344 -0.724884 2.34818
-0.132332 0.474401 2.24124
-0.328021 -0.112389 2.26038
-0.309348 -0.0493006 2.20968
0.0251317 -0.114855 2.25589
0.00182674 -0.00536562 2.19262
-0.134913 -0.0548582 2.31736
-0.13375 0.250725 2.27929
-0.131877 0.545838 2.22891
-0.122876 0.690956 2.22028
-0.283388 0.420088 2.21858
-0.384406 0.196887 2.21008
-0.478944 -9.77467e-005 2.16489
-0.485388 -0.0161873 2.15255
0.0298597 0.434836 2.25187
0.123954 0.203073 2.29589
0.258467 0.0274901 2.27445
0.254499 -0.0266165 2.26407
-0.206578 -0.0564743 2.27626
-0.202451 -0.347164 2.36602
-0.203079 -0.652027 2.42049
-0.197606 -0.729462 2.33475
-0.0590108 -0.0514869 2.28576
-0.0622555 -0.359691 2.37635
-0.0761925 -0.642317 2.42777
-0.0654391 -0.724953 2.34769
-0.132475 0.473546 2.2437
-0.502061 -0.0925961 2.15067
-0.460177 -0.0530386 2.12167
0.263768 -0.0922776 2.31273
0.251228 -0.0441146 2.23409
-0.134385 -0.0462673 2.31844
-0.13314 0.256264 2.28091
-0.13112 0.549176 2.23119
-0.122054 0.691984 2.2216
-0.291414 0.435165 2.21499
-0.497016 0.344449 2.16122
-0.706449 0.292574 2.11288
-0.763235 0.278991 2.10052
0.0421367 0.449141 2.2664
0.256097 0.366938 2.30634
0.470571 0.345676 2.33635
0.528431 0.324612 2.34034
-0.205676 -0.0479064 2.2761
-0.201984 -0.342072 2.36485
-0.202089 -0.652596 2.42065
-0.197157 -0.729534 2.33384
-0.0588493 -0.0429355 2.28805
-0.0631126 -0.351062 2.375
-0.0762202 -0.643888 2.42853
-0.0637563 -0.725856 2.34761
-0.131769 0.477351 2.2458
-0.83172 0.241231 2.1031
-0.758372 0.252331 2.06468
0.593531 0.293812 2.38344
0.525588 0.311879 2.411
-0.128755 -0.0186199 2.31254
-0.127702 0.275448 2.27428
-0.126058 0.559959 2.22393
-0.121878 0.694881 2.21957
-0.300519 0.46324 2.21113
-0.516732 0.452184 2.15467
-0.731471 0.484802 2.12755
-0.807954 0.502981 2.11708
0.0544379 0.488126 2.27035
0.270169 0.501603 2.29952
0.465359 0.593712 2.3202
0.526366 0.592062 2.32569
-0.199592 -0.0215598 2.2668
-0.203077 -0.334408 2.35893
-0.201706 -0.654597 2.42137
-0.197574 -0.729801 2.33574
-0.0538665 -0.0150343 2.28541
-0.0632829 -0.345324 2.37095
-0.0777207 -0.647934 2.42915
-0.0631449 -0.726466 2.34745
-0.126588 0.490203 2.23869
-0.878258 0.503196 2.12233
-0.804073 0.489397 2.07563
0.592055 0.592485 2.32654
0.500727 0.577095 2.32744
-0.128461 -0.0119298 2.31102
-0.127309 0.281116 2.2719
-0.125453 0.564321 2.22043
-0.122247 0.697522 2.21936
-0.302093 0.472806 2.21319
-0.518844 0.468748 2.15923
-0.732513 0.508848 2.13768
-0.81362 0.514285 2.13833
0.054582 0.497327 2.27014
0.269274 0.521737 2.29867
0.466128 0.608048 2.32473
0.523746 0.612114 2.33101
-0.19935 -0.0148498 2.26585
-0.204576 -0.330814 2.35651
-0.202479 -0.65442 2.42104
-0.197985 -0.73002 2.33489
-0.0535395 -0.00858471 2.28335
-0.0631563 -0.342112 2.3683
-0.0773208 -0.647396 2.42886
-0.0628635 -0.726891 2.3473
-0.126046 0.49494 2.2355
-0.883195 0.515544 2.14503
-0.802333 0.504199 2.09175
0.587686 0.613511 2.33453
0.514781 0.609406 2.29861
-0.127942 -0.0105771 2.31127
-0.126695 0.282297 2.2717
-0.124468 0.56548 2.21978
-0.122047 0.698122 2.21879
-0.301801 0.474239 2.21343
-0.518538 0.469968 2.15938
-0.732522 0.508563 2.13839
-0.809898 0.510865 2.12921
0.0549768 0.499484 2.27096
0.26948 0.524601 2.29989
0.465415 0.611834 2.32834
0.523087 0.61304 2.33587
-0.19887 -0.0136114 2.26611
-0.204349 -0.329522 2.35543
-0.202507 -0.654354 2.42132
-0.198471 -0.730097 2.33462
-0.0529935 -0.0071359 2.28366
-0.0631708 -0.341188 2.36792
-0.0776127 -0.648629 2.42894
-0.062659 -0.727032 2.34701
-0.125176 0.4961 2.23498
-0.888254 0.512097 2.14269
-0.828983 0.50268 2.089
0.585257 0.620302 2.33502
0.52401 0.596488 2.30827
-0.128815 -0.0147434 2.31211
-0.127013 0.279951 2.2731
-0.124475 0.56413 2.22185
-0.121714 0.698601 2.21846
-0.298404 0.467404 2.2142
-0.509161 0.410433 2.16361
-0.736459 0.391802 2.13697
-0.816655 0.386178 2.13785
0.0536085 0.489518 2.27151
0.268178 0.463119 2.30388
0.539384 0.480713 2.33109
0.588313 0.485723 2.34807
-0.199709 -0.0171088 2.26673
-0.204589 -0.329636 2.35605
-0.202783 -0.654504 2.42108
-0.198311 -0.730181 2.33531
-0.0538694 -0.0119568 2.28469
-0.0628798 -0.341879 2.36847
-0.0780934 -0.649036 2.42943
-0.0636949 -0.725879 2.35033
-0.125242 0.494548 2.23684
-0.882248 0.3829 2.14283
-0.807673 0.400843 2.0775
0.617935 0.486985 2.36605
0.592993 0.485819 2.32189
-0.133843 -0.0374392 2.31011
-0.131453 0.264824 2.27603
-0.128312 0.555903 2.22901
-0.121826 0.697122 2.22178
-0.292613 0.443122 2.21801
-0.440076 0.23416 2.21615
-0.594659 0.0778023 2.21524
-0.631061 0.0392423 2.18666
0.041408 0.455989 2.27163
0.192646 0.2542 2.32765
0.363275 0.115583 2.33735
0.41109 0.0695177 2.31871
-0.204923 -0.0393218 2.2692
-0.200425 -0.338207 2.36022
-0.201705 -0.65509 2.42138
-0.198272 -0.730514 2.33567
-0.058591 -0.0346068 2.27826
-0.0627532 -0.350244 2.37211
-0.0782002 -0.649227 2.4293
-0.0628427 -0.727092 2.34816
-0.12922 0.484719 2.24299
-0.684079 0.00106949 2.18272
-0.611221 0.0337538 2.14995
0.466242 0.0339663 2.36474
0.409171 0.0722941 2.27221
-0.135334 -0.0508675 2.31491
-0.13426 0.255145 2.2815
-0.132674 0.550262 2.23582
-0.121753 0.695307 2.22418
-0.286605 0.427281 2.22006
-0.336008 0.174892 2.24791
-0.352503 -0.046103 2.24393
-0.337428 -0.070828 2.24647
0.0277365 0.434155 2.2554
0.0743975 0.177057 2.28576
0.0994148 -0.0421406 2.2509
0.0836039 -0.0547523 2.24355
-0.206742 -0.0525878 2.27316
-0.202283 -0.348374 2.36456
-0.202911 -0.654154 2.42126
-0.19866 -0.729503 2.33655
-0.0596838 -0.0476625 2.28405
-0.0647724 -0.360052 2.37466
-0.0771828 -0.646152 2.42848
-0.0652177 -0.724792 2.34965
-0.133159 0.477995 2.2494
-0.349663 -0.14562 2.26742
-0.372647 -0.0748311 2.25645
0.0943117 -0.137969 2.24059
0.0994927 -0.0379032 2.208
-0.136916 -0.0524387 2.31664
-0.135243 0.253644 2.2827
-0.132961 0.549156 2.23648
-0.122053 0.693829 2.22398
-0.285132 0.424968 2.22146
-0.335008 0.175628 2.25388
-0.346242 -0.0458574 2.24521
-0.321586 -0.0774527 2.25676
0.0282018 0.433563 2.25434
0.0744044 0.183336 2.29902
0.0834563 -0.0366378 2.25985
0.0637047 -0.025588 2.25939
-0.208076 -0.053933 2.27478
-0.202733 -0.349005 2.36562
-0.203328 -0.652976 2.42062
-0.198929 -0.729559 2.33704
-0.0614332 -0.0493351 2.28583
-0.0637029 -0.361436 2.37513
-0.0772766 -0.64543 2.42817
-0.066031 -0.724934 2.34869
-0.133612 0.476776 2.25021
-0.312441 -0.12464 2.27563
-0.348099 -0.0764443 2.25851
0.0499392 -0.108431 2.2672
0.0888765 -0.0406555 2.26251
-0.135221 -0.0530332 2.31733
-0.134505 0.253056 2.2834
-0.132817 0.548643 2.23716
-0.123447 0.693875 2.22484
-0.283711 0.422365 2.22306
-0.335032 0.177006 2.2553
-0.347662 -0.0444 2.24041
-0.332099 -0.0741652 2.24326
0.0285648 0.433761 2.25591
0.0764875 0.186913 2.30452
0.0895925 -0.0326714 2.26392
0.0674852 -0.0613637 2.26528
-0.20643 -0.0547059 2.27596
-0.202551 -0.348814 2.36587
-0.203583 -0.653098 2.42077
-0.198745 -0.729197 2.33756
-0.0596986 -0.0497524 2.28603
-0.0621238 -0.361281 2.37515
-0.0761122 -0.642421 2.42863
-0.0658107 -0.725102 2.34822
-0.133356 0.476244 2.2509
-0.336582 -0.123363 2.25294
-0.369719 -0.0579236 2.22729
0.0621993 -0.118512 2.27911
0.096872 -0.0546797 2.25781
-0.136757 -0.0509175 2.32
-0.13594 0.253793 2.28506
-0.134418 0.548565 2.23801
-0.127154 0.693269 2.22546
-0.292172 0.430451 2.22746
-0.470109 0.286637 2.20162
-0.662397 0.180949 2.18635
-0.711511 0.148893 2.16059
0.0296078 0.442082 2.26168
0.20608 0.285481 2.30173
0.407959 0.201825 2.31843
0.456135 0.146732 2.32141
-0.208361 -0.0524532 2.28004
-0.200545 -0.347597 2.36742
-0.20163 -0.653613 2.42143
-0.198145 -0.72929 2.33603
-0.0609517 -0.0476072 2.28744
-0.0643648 -0.35802 2.37632
-0.0766281 -0.644247 2.42907
-0.0639209 -0.726079 2.3476
-0.134903 0.47633 2.25195
-0.768983 0.0881179 2.17134
-0.703845 0.166788 2.11092
0.485668 0.103418 2.31983
0.448188 0.126414 2.36436
