-0.135057 -0.0532239 2.32191
-0.132923 0.254431 2.2987
-0.130337 0.551796 2.26314
-0.120091 0.693481 2.247
-0.286457 0.429066 2.24171
-0.348343 0.175196 2.26424
-0.402158 -0.0389167 2.23457
-0.393507 -0.0531318 2.22359
0.028754 0.428303 2.27194
0.0802377 0.172653 2.308
0.115728 -0.0454808 2.27676
0.102967 -0.0605166 2.26281
-0.206641 -0.0547089 2.27791
-0.207076 -0.34661 2.36198
-0.210382 -0.653364 2.4227
-0.203651 -0.728587 2.33242
-0.0593363 -0.0500553 2.29326
-0.0614001 -0.360501 2.3767
-0.0748209 -0.642145 2.42732
-0.0635773 -0.724718 2.34539
-0.131086 0.478916 2.27423
-0.410395 -0.136371 2.23019
-0.348228 -0.0270732 2.24583
0.105518 -0.133145 2.28111
0.0872856 -0.0347604 2.27062
-0.136226 -0.0539603 2.32064
-0.134488 0.253674 2.29576
-0.132194 0.550986 2.25802
-0.122471 0.691873 2.24025
-0.288631 0.426974 2.23916
-0.348769 0.17352 2.26224
-0.400372 -0.0411149 2.23215
-0.393761 -0.0489485 2.23394
0.0272836 0.427554 2.26914
0.0789451 0.173276 2.30417
0.11363 -0.0449753 2.27269
0.103943 -0.0601729 2.26398
-0.20776 -0.055337 2.27638
-0.207611 -0.347124 2.36265
-0.21064 -0.653606 2.42252
-0.203684 -0.728468 2.33286
-0.0605231 -0.0508819 2.29203
-0.0628141 -0.359355 2.37559
-0.0760136 -0.643486 2.42823
-0.0649794 -0.724333 2.34667
-0.132889 0.478119 2.26969
-0.408067 -0.131151 2.23594
-0.343165 -0.0286485 2.2366
0.109476 -0.134244 2.28047
0.0899356 -0.0527765 2.2701
-0.135777 -0.054594 2.31847
-0.133596 0.252852 2.29293
-0.130479 0.549857 2.2546
-0.12058 0.691504 2.23805
-0.287083 0.425987 2.23593
-0.347464 0.172402 2.26007
-0.399199 -0.0424039 2.23254
-0.390376 -0.0495279 2.22599
0.0284031 0.426469 2.26434
0.0809529 0.172446 2.29942
0.114988 -0.0459861 2.26878
0.105109 -0.0600404 2.26013
-0.207516 -0.0559017 2.27453
-0.207807 -0.346812 2.36249
-0.210166 -0.653379 2.42205
-0.203775 -0.72861 2.33297
-0.0598126 -0.0515614 2.28945
-0.0623849 -0.358926 2.37466
-0.0751538 -0.643055 2.42719
-0.06463 -0.724726 2.34554
-0.131408 0.477076 2.26642
-0.402219 -0.130224 2.23143
-0.343646 -0.0284152 2.23791
0.108662 -0.138585 2.27842
0.0924013 -0.0284947 2.26986
-0.134681 -0.0552239 2.31744
-0.13147 0.251752 2.29148
-0.127158 0.548251 2.25291
-0.117171 0.691002 2.23625
-0.285165 0.426453 2.23504
-0.346178 0.172303 2.25939
-0.398253 -0.042449 2.2322
-0.391638 -0.0498715 2.23035
0.030877 0.425078 2.26447
0.083584 0.170764 2.30016
0.11496 -0.0480101 2.26891
0.104944 -0.0614003 2.26445
-0.206444 -0.0565465 2.27294
-0.207772 -0.346606 2.36217
-0.20944 -0.65254 2.42137
-0.203814 -0.728648 2.33263
-0.05865 -0.0521917 2.28885
-0.0610717 -0.359887 2.37461
-0.0741817 -0.642217 2.42642
-0.0641769 -0.724823 2.3455
-0.12839 0.475596 2.26476
-0.406083 -0.131495 2.24009
-0.342635 -0.0253648 2.23835
0.112606 -0.133938 2.27629
0.0597416 -0.0393797 2.26515
-0.134136 -0.0551917 2.31784
-0.130895 0.251526 2.2918
-0.12669 0.547829 2.25321
-0.116017 0.689964 2.23606
-0.284262 0.426709 2.23534
-0.352257 0.178829 2.2594
-0.423577 -0.0306984 2.24429
-0.424581 -0.0454515 2.24704
0.0320631 0.425363 2.26583
0.0864697 0.17399 2.3055
0.158975 -0.0355383 2.29785
0.130749 -0.0809801 2.30712
-0.205878 -0.0563988 2.27321
-0.206753 -0.346032 2.36218
-0.208842 -0.651264 2.42073
-0.203715 -0.728549 2.3323
-0.0581083 -0.0522295 2.28954
-0.0612754 -0.360101 2.37508
-0.0737859 -0.64232 2.42609
-0.064071 -0.724471 2.34572
-0.127885 0.475224 2.26507
-0.424917 -0.12027 2.26283
-0.391982 -0.0658134 2.24571
0.128548 -0.121648 2.32754
0.110935 -0.0833761 2.265
-0.13525 -0.0367443 2.31429
-0.131473 0.261517 2.28766
-0.127005 0.551361 2.24901
-0.118655 0.690247 2.23283
-0.298857 0.45132 2.23652
-0.517305 0.388996 2.22446
-0.735427 0.386622 2.20642
-0.767549 0.374105 2.19523
0.0454828 0.455309 2.28173
0.257392 0.398768 2.34951
0.466942 0.404549 2.40194
0.520444 0.390339 2.39185
-0.206265 -0.0375721 2.27014
-0.206634 -0.338583 2.35889
-0.207721 -0.65246 2.42025
-0.203376 -0.729223 2.33096
-0.05994 -0.0346624 2.28547
-0.0622541 -0.344547 2.36963
-0.0744425 -0.644343 2.42653
-0.061904 -0.725827 2.34433
-0.128264 0.480146 2.26092
-0.830418 0.347985 2.18491
-0.776103 0.376263 2.15861
0.570887 0.372857 2.40333
0.521648 0.391027 2.3558
-0.13372 -0.00117333 2.32045
-0.130905 0.287239 2.28202
-0.127443 0.567857 2.2315
-0.119596 0.693339 2.22234
-0.301385 0.493164 2.22603
-0.50865 0.560134 2.18855
-0.699205 0.663861 2.16974
-0.7619 0.692579 2.16243
0.0555869 0.50634 2.28737
0.259192 0.56522 2.32965
0.434954 0.678427 2.37928
0.47799 0.713367 2.38366
-0.204478 -0.00250006 2.27298
-0.21004 -0.327591 2.35452
-0.210493 -0.654654 2.42279
-0.203325 -0.729133 2.33125
-0.0587849 0.000225027 2.29512
-0.0632117 -0.333409 2.36897
-0.0762482 -0.646985 2.428
-0.0619465 -0.726028 2.34495
-0.128458 0.499005 2.24653
-0.846801 0.721534 2.17945
-0.772109 0.69469 2.12228
0.528992 0.743554 2.38995
0.447328 0.707449 2.35508
-0.133557 0.0039886 2.3217
-0.1297 0.291498 2.28063
-0.124772 0.570103 2.22736
-0.118101 0.695512 2.21904
-0.296541 0.49982 2.2222
-0.55782 0.595256 2.18467
-0.740341 0.710574 2.15415
-0.741234 0.691618 2.15051
0.0577295 0.512816 2.28832
0.262375 0.571308 2.32738
0.438597 0.684207 2.37617
0.494103 0.688033 2.38037
-0.204184 0.00277583 2.27318
-0.211425 -0.323445 2.35337
-0.211431 -0.654937 2.42339
-0.203713 -0.729349 2.33072
-0.058743 0.00520949 2.29742
-0.0625823 -0.332326 2.36948
-0.0761771 -0.645532 2.42825
-0.0624542 -0.725424 2.34508
-0.126165 0.501876 2.24297
-0.818312 0.719 2.14529
-0.763946 0.690264 2.11267
0.545501 0.713609 2.38381
0.486784 0.67279 2.34958
-0.134361 -0.00748576 2.3153
-0.128854 0.286103 2.27724
-0.122372 0.568404 2.22594
-0.116473 0.694862 2.21812
-0.292409 0.489361 2.22095
-0.523453 0.475694 2.20755
-0.757712 0.474799 2.21591
-0.810824 0.474027 2.21594
0.0548063 0.484823 2.28054
0.2604 0.454344 2.34045
0.466165 0.466339 2.40298
0.508204 0.473073 2.40345
-0.205242 -0.00784952 2.26802
-0.209935 -0.325908 2.35386
-0.210938 -0.654948 2.4229
-0.203593 -0.729081 2.33026
-0.0592555 -0.0069906 2.28963
-0.0625209 -0.334265 2.36971
-0.0752131 -0.644719 2.42868
-0.0624884 -0.724975 2.34478
-0.124178 0.49946 2.24111
-0.888052 0.471243 2.22235
-0.806815 0.477775 2.17659
0.590466 0.490149 2.41871
0.514438 0.480101 2.39975
-0.133185 -0.0382462 2.31379
-0.129344 0.264415 2.27925
-0.124678 0.555522 2.23228
-0.117532 0.69362 2.21845
-0.290538 0.445504 2.23173
-0.433643 0.24013 2.27034
-0.583366 0.0798359 2.27925
-0.617062 0.0243004 2.27178
0.0390315 0.44763 2.26809
0.155375 0.218397 2.34316
0.280803 0.0398216 2.36845
0.320928 -0.00254323 2.34005
-0.204501 -0.0400612 2.27099
-0.205227 -0.336083 2.35812
-0.209719 -0.654093 2.42192
-0.203565 -0.728866 2.33035
-0.0577003 -0.0355339 2.28385
-0.0595813 -0.341959 2.37194
-0.0744108 -0.644378 2.42712
-0.0614845 -0.726265 2.34434
-0.125964 0.484319 2.24616
-0.667887 -0.025338 2.28354
-0.62714 0.0167144 2.223
0.367519 -0.0393962 2.37117
0.365127 -0.0360185 2.36267
-0.13544 -0.0487258 2.31654
-0.132724 0.257299 2.28545
-0.129455 0.55249 2.24238
-0.119446 0.691455 2.22366
-0.288719 0.430663 2.23403
-0.345785 0.178565 2.27346
-0.36987 -0.041824 2.26758
-0.359042 -0.04551 2.25796
0.0296752 0.43314 2.25764
0.078464 0.17964 2.30062
0.0991837 -0.0409127 2.27504
0.0809473 -0.048285 2.2636
-0.206822 -0.0503471 2.27416
-0.207132 -0.343719 2.36061
-0.209171 -0.653004 2.42049
-0.203678 -0.728737 2.33209
-0.0598277 -0.0456512 2.28617
-0.0614368 -0.353993 2.37382
-0.0741281 -0.64266 2.42707
-0.062828 -0.725033 2.34514
-0.130367 0.48017 2.25527
-0.370708 -0.133153 2.27026
-0.316787 -0.0514565 2.23559
0.094218 -0.134107 2.26852
0.0863241 -0.0300569 2.2675
-0.135644 -0.0493938 2.31754
-0.133179 0.256737 2.28599
-0.130236 0.552069 2.24211
-0.121452 0.692207 2.22505
-0.288235 0.430155 2.23347
-0.344291 0.177112 2.2747
-0.352989 -0.0445984 2.25931
-0.329084 -0.0766848 2.25551
0.0288981 0.433458 2.25931
0.074729 0.180878 2.30766
0.0834922 -0.0395522 2.27136
0.0622472 -0.044012 2.26436
-0.206896 -0.0508549 2.27488
-0.207395 -0.345933 2.36178
-0.209543 -0.653544 2.42121
-0.203639 -0.729187 2.33342
-0.0601738 -0.0464675 2.28753
-0.0620064 -0.356676 2.37472
-0.0752643 -0.642989 2.42782
-0.0638788 -0.724545 2.34545
-0.131067 0.47973 2.25528
-0.317016 -0.124281 2.26665
-0.301081 -0.0628811 2.21658
0.0633697 -0.113383 2.27631
0.095234 -0.0334052 2.27021
-0.136681 -0.045664 2.31626
-0.13374 0.257729 2.28533
-0.130844 0.551857 2.24142
-0.122637 0.691252 2.22368
-0.291326 0.442094 2.23389
-0.475717 0.304025 2.2271
-0.674322 0.210804 2.21382
-0.716411 0.178899 2.20733
0.0349343 0.440024 2.26766
0.218326 0.301663 2.33546
0.422471 0.233928 2.37085
0.449362 0.204235 2.36954
-0.208181 -0.0467057 2.27375
-0.206692 -0.343132 2.36166
-0.208709 -0.653011 2.41996
-0.203272 -0.728698 2.3317
-0.0609778 -0.0431219 2.28602
-0.0623534 -0.351169 2.37315
-0.0742861 -0.642215 2.42756
-0.0630518 -0.725289 2.3447
-0.131619 0.479709 2.25468
-0.784043 0.112249 2.22418
-0.728903 0.168716 2.15781
0.506512 0.153787 2.40402
0.445507 0.191296 2.37037
-0.134906 -0.00802195 2.31287
-0.130429 0.283228 2.27735
-0.125409 0.565543 2.22979
-0.120008 0.694179 2.22213
-0.300456 0.484101 2.22444
-0.558631 0.567285 2.19512
-0.740009 0.684825 2.16658
-0.747857 0.659268 2.1643
0.0558057 0.500378 2.28547
0.259203 0.560096 2.32763
0.433807 0.678864 2.3696
0.482077 0.699667 2.37056
-0.205567 -0.00973334 2.2656
-0.211104 -0.332471 2.35546
-0.210075 -0.654781 2.42158
-0.203121 -0.72907 2.3316
-0.0600018 -0.00593436 2.28736
-0.0638761 -0.336829 2.36534
-0.0762904 -0.645202 2.42858
-0.0630488 -0.72523 2.34458
-0.126784 0.49628 2.2439
-0.818636 0.677779 2.14638
-0.775055 0.666378 2.1256
0.533184 0.715523 2.37223
0.500876 0.692479 2.356
-0.134289 0.00421575 2.31668
-0.130965 0.292156 2.27908
-0.126813 0.570628 2.22961
-0.119104 0.69873 2.22663
-0.297164 0.499978 2.22614
-0.553849 0.597795 2.19182
-0.744777 0.698532 2.15951
-0.777421 0.725057 2.14708
0.0562191 0.518347 2.29475
0.25746 0.597189 2.31821
0.431626 0.719039 2.35395
0.466424 0.734862 2.34522
-0.204486 0.00254285 2.26743
-0.212888 -0.325385 2.35257
-0.211409 -0.655359 2.42363
-0.20321 -0.729083 2.33147
-0.0598893 0.00590793 2.29316
-0.0630397 -0.332903 2.3658
-0.0768113 -0.645803 2.42862
-0.0626201 -0.725562 2.34564
-0.127995 0.502356 2.24415
-0.846459 0.748264 2.17183
-0.780299 0.731626 2.10542
0.530627 0.765247 2.34739
0.431158 0.720392 2.35014
-0.135074 0.00609252 2.32004
-0.131047 0.294371 2.28184
-0.126292 0.572672 2.23197
-0.117458 0.700467 2.22854
-0.295215 0.503157 2.22895
-0.501645 0.571255 2.18682
-0.692269 0.673361 2.15523
-0.763288 0.691031 2.14973
0.0575271 0.517408 2.29488
0.266598 0.578866 2.31018
0.449808 0.68765 2.34432
0.510038 0.692789 2.34454
-0.205509 0.00487109 2.2715
-0.212542 -0.324506 2.35282
-0.211937 -0.655673 2.4241
-0.203344 -0.72918 2.33156
-0.060444 0.00719886 2.29597
-0.0630433 -0.33254 2.3672
-0.0768259 -0.646265 2.42872
-0.0627235 -0.725628 2.34545
-0.127613 0.504514 2.2466
-0.832335 0.719723 2.15516
-0.772477 0.711139 2.09471
0.565898 0.715245 2.3611
0.482388 0.664475 2.35383
-0.134191 -0.0235226 2.31797
-0.13069 0.275316 2.28867
-0.12628 0.561924 2.24651
-0.114146 0.696975 2.23299
-0.290949 0.46609 2.2366
-0.481504 0.352501 2.1997
-0.682224 0.265447 2.17095
-0.740887 0.243891 2.15857
0.0490412 0.467726 2.29313
0.239716 0.34957 2.319
0.452367 0.295416 2.32513
0.511292 0.266102 2.32841
-0.204722 -0.0246163 2.27064
-0.208819 -0.3333 2.35802
-0.212006 -0.655977 2.42404
-0.203574 -0.729268 2.3311
-0.0593831 -0.0221027 2.29245
-0.065122 -0.339859 2.37168
-0.076337 -0.64639 2.42935
-0.0622835 -0.725863 2.34419
-0.127494 0.491879 2.25914
-0.811147 0.221082 2.14908
-0.742182 0.24549 2.09489
0.579715 0.242528 2.34513
0.485964 0.260497 2.3378
-0.134281 -0.0429599 2.31982
-0.13271 0.262834 2.29293
-0.130058 0.556921 2.25343
-0.114406 0.695282 2.23476
-0.289025 0.439203 2.23584
-0.39145 0.201845 2.25843
-0.500524 0.00979538 2.25264
-0.50087 -0.0236292 2.2395
0.0343795 0.439144 2.27746
0.112886 0.2019 2.32676
0.2057 0.000733163 2.32379
0.220316 -0.0571263 2.30184
-0.205536 -0.0450656 2.27576
-0.207393 -0.340807 2.36117
-0.210095 -0.654762 2.42223
-0.203118 -0.72942 2.33136
-0.0588442 -0.0397602 2.29123
-0.0624014 -0.34594 2.37409
-0.0749721 -0.643297 2.42713
-0.0618201 -0.725627 2.34553
-0.130855 0.48504 2.26545
-0.540573 -0.0948946 2.24951
-0.495843 -0.030536 2.19235
0.244347 -0.115739 2.33874
0.215515 -0.0729617 2.32157
-0.13363 -0.0477924 2.3197
-0.133225 0.259088 2.2919
-0.131835 0.554797 2.25135
-0.116376 0.694917 2.23295
-0.286269 0.430357 2.23131
-0.344276 0.174915 2.27474
-0.356117 -0.0466313 2.2652
-0.335238 -0.0796467 2.26159
0.0291767 0.434929 2.26454
0.0748406 0.185434 2.30979
0.0798958 -0.0338507 2.264
0.0607286 -0.0387757 2.25559
-0.204889 -0.04946 2.2759
-0.20666 -0.34541 2.36263
-0.209185 -0.653355 2.42173
-0.203114 -0.729304 2.3321
-0.0582413 -0.0447688 2.29064
-0.0613476 -0.355271 2.37555
-0.0743275 -0.642605 2.42705
-0.0635281 -0.724434 2.34617
-0.132304 0.482427 2.2637
-0.33212 -0.125376 2.2779
-0.303452 -0.0705953 2.22686
0.0648442 -0.120388 2.27331
0.0956386 -0.0132799 2.25914
-0.135684 -0.0473073 2.31538
-0.135006 0.257467 2.28708
-0.133592 0.551949 2.24578
-0.123472 0.692726 2.22756
-0.290423 0.435782 2.23156
-0.450648 0.261251 2.23659
-0.628297 0.132756 2.24097
-0.654762 0.0809565 2.23563
0.0290624 0.438254 2.25812
0.175075 0.241388 2.31332
0.348512 0.111316 2.34389
0.366873 0.0592803 2.36164
-0.207021 -0.0489389 2.27342
-0.205067 -0.34457 2.3613
-0.208497 -0.651866 2.4204
-0.203046 -0.729644 2.33231
-0.0600746 -0.0442946 2.28418
-0.0603021 -0.350673 2.37132
-0.0737708 -0.643074 2.42592
-0.0620241 -0.725019 2.34511
-0.134074 0.479815 2.25836
-0.702524 0.0486909 2.25623
-0.647547 0.0663451 2.20107
0.405879 0.0423071 2.40714
0.381665 0.0741651 2.35214
-0.136543 -0.017102 2.30912
-0.134541 0.276177 2.2747
-0.131971 0.560334 2.22797
-0.129281 0.693699 2.2135
-0.312194 0.473957 2.22285
-0.537337 0.484999 2.20508
-0.745864 0.544378 2.20856
-0.8081 0.551037 2.19498
0.0492277 0.482056 2.26242
0.263754 0.499629 2.29589
0.458971 0.584911 2.33221
0.517275 0.586215 2.33131
-0.207453 -0.0185662 2.26409
-0.207877 -0.334336 2.35466
-0.20916 -0.653329 2.4217
-0.203508 -0.729292 2.33137
-0.0613394 -0.0150334 2.28123
-0.060965 -0.339465 2.36632
-0.0738713 -0.6443 2.42613
-0.0616761 -0.724945 2.34511
-0.132734 0.490653 2.2419
-0.897115 0.567648 2.22737
-0.839196 0.547897 2.16167
0.577481 0.589782 2.33724
0.494484 0.573924 2.3315
-0.133286 -0.0055323 2.30901
-0.131132 0.284809 2.26834
-0.127776 0.56554 2.21397
-0.125015 0.695469 2.20615
-0.306564 0.488483 2.21811
-0.555976 0.561476 2.20072
-0.786995 0.647446 2.18149
-0.817516 0.655699 2.18748
0.0545159 0.501013 2.26217
0.264576 0.551749 2.28882
0.454611 0.650088 2.31962
0.506718 0.659415 2.32133
-0.204361 -0.00736469 2.2635
-0.210329 -0.328699 2.35241
-0.209489 -0.653874 2.42162
-0.203602 -0.729491 2.33091
-0.0580102 -0.00347751 2.28169
-0.0607846 -0.333109 2.3633
-0.0743998 -0.644818 2.42675
-0.0613526 -0.724841 2.34466
-0.128766 0.496855 2.2299
-0.883797 0.669182 2.2286
-0.815746 0.653874 2.15208
0.565025 0.674152 2.32422
0.476456 0.665244 2.2925
-0.131694 -0.00374084 2.30788
-0.125996 0.286465 2.2656
-0.118907 0.566456 2.21068
-0.114068 0.696219 2.20493
-0.297427 0.493856 2.21645
-0.553725 0.564493 2.19885
-0.749974 0.656784 2.19033
-0.809998 0.652095 2.17815
0.0624751 0.500013 2.26302
0.272188 0.544526 2.29731
0.46272 0.638971 2.33421
0.515892 0.642105 2.34791
-0.20263 -0.0048917 2.26126
-0.209705 -0.326435 2.35107
-0.20878 -0.6535 2.42106
-0.203228 -0.729418 2.33113
-0.0565866 -0.00227247 2.28142
-0.0603915 -0.332708 2.3627
-0.0744051 -0.646065 2.42741
-0.0621224 -0.725221 2.34521
-0.120831 0.497941 2.22662
-0.855906 0.667276 2.18837
-0.797234 0.650806 2.13752
0.579033 0.651419 2.3486
0.530342 0.639438 2.31178
-0.127502 -0.0247036 2.30265
-0.124255 0.272969 2.26805
-0.120156 0.558521 2.2212
-0.110935 0.694981 2.2089
-0.288254 0.46452 2.21861
-0.492683 0.357227 2.20221
-0.6953 0.273842 2.19884
-0.752301 0.252522 2.19576
0.0571586 0.466676 2.2704
0.251227 0.354976 2.3147
0.463735 0.310057 2.33758
0.518715 0.289544 2.32379
-0.1984 -0.0257486 2.25708
-0.205692 -0.329294 2.35141
-0.208228 -0.653438 2.42144
-0.202906 -0.728843 2.33166
-0.052575 -0.0229572 2.27535
-0.0575921 -0.336981 2.36359
-0.0743011 -0.646486 2.42748
-0.0617197 -0.726039 2.3443
-0.121257 0.4887 2.23494
-0.826639 0.225538 2.19322
-0.755113 0.254661 2.14817
0.576008 0.278545 2.33486
0.501409 0.284125 2.29294
-0.128587 -0.0497963 2.30448
-0.12898 0.255691 2.27895
-0.129 0.549836 2.24163
-0.116775 0.688984 2.2201
-0.2848 0.427747 2.22447
-0.353807 0.188551 2.25074
-0.426467 -0.0184441 2.26823
-0.411298 -0.040666 2.25732
0.0334945 0.431869 2.25635
0.0852653 0.182268 2.29346
0.131264 -0.0347774 2.27704
0.0945107 -0.0256998 2.26623
-0.200363 -0.0519879 2.26281
-0.20344 -0.34213 2.35539
-0.207676 -0.651162 2.42065
-0.202939 -0.728451 2.33235
-0.0527815 -0.0460993 2.27342
-0.0546358 -0.35262 2.36846
-0.0732399 -0.643234 2.42504
-0.0620878 -0.725635 2.3446
-0.129052 0.477749 2.25305
-0.428575 -0.12047 2.2688
-0.397271 -0.0632343 2.22008
0.122014 -0.110899 2.2767
0.0528266 -0.0356293 2.23152
-0.133223 -0.051945 2.30872
-0.132444 0.2534 2.28062
-0.131815 0.547825 2.24045
-0.11932 0.688267 2.22062
-0.287033 0.425444 2.22696
-0.337787 0.1737 2.25953
-0.351311 -0.0477656 2.24706
-0.338754 -0.0453481 2.24966
0.0306061 0.432666 2.252
0.0776482 0.180457 2.29293
0.0889941 -0.0401455 2.25919
0.0678082 -0.0359856 2.25478
-0.204675 -0.0538765 2.2674
-0.204978 -0.346052 2.35815
-0.207967 -0.65097 2.42007
-0.203039 -0.728347 2.33247
-0.0575987 -0.0483922 2.27733
-0.0572079 -0.356671 2.36909
-0.0727367 -0.642834 2.42453
-0.0628555 -0.724514 2.34535
-0.131985 0.475731 2.25272
-0.337444 -0.123102 2.27004
-0.300278 -0.0544296 2.20826
0.0674894 -0.114413 2.26502
0.0382495 -0.0444926 2.21042
-0.135354 -0.0456068 2.30857
-0.132739 0.256555 2.27894
-0.130339 0.549242 2.23702
-0.119004 0.688437 2.21959
-0.291319 0.438147 2.22937
-0.476948 0.312264 2.2289
-0.684627 0.225784 2.22553
-0.733348 0.202619 2.21375
0.0433645 0.445785 2.26042
0.249466 0.34981 2.33786
0.453785 0.326862 2.40289
0.506691 0.292538 2.40419
-0.207118 -0.0470331 2.26682
-0.206413 -0.340683 2.35841
-0.207118 -0.651895 2.41924
-0.202999 -0.72862 2.33223
-0.0594034 -0.0427022 2.27741
-0.0622695 -0.344368 2.36516
-0.0743665 -0.645078 2.42515
-0.0616578 -0.725807 2.3442
-0.131019 0.477506 2.24984
-0.807011 0.165374 2.22908
-0.72282 0.195969 2.17178
0.557268 0.265955 2.44192
0.511614 0.292106 2.36694
-0.127739 -0.0166207 2.31084
-0.12658 0.276862 2.27781
-0.124865 0.560718 2.2329
-0.116935 0.690903 2.21854
-0.298964 0.469732 2.2241
-0.517811 0.468124 2.1852
-0.735267 0.516211 2.15971
-0.822261 0.525341 2.161
0.0599322 0.485789 2.27479
0.271021 0.506397 2.31917
0.464659 0.584195 2.37157
0.524976 0.597151 2.38489
-0.198936 -0.0191184 2.26517
-0.206874 -0.332466 2.35464
-0.207991 -0.652345 2.42016
-0.203226 -0.728934 2.33137
-0.0525121 -0.0133624 2.28391
-0.06025 -0.339904 2.36434
-0.0746385 -0.64663 2.42571
-0.0614359 -0.725632 2.34515
-0.125412 0.491121 2.2463
-0.893497 0.514574 2.17064
-0.81508 0.534907 2.1027
0.597068 0.602177 2.4476
0.559286 0.598398 2.35625
-0.128632 -0.00850627 2.31323
-0.126599 0.283678 2.2782
-0.123971 0.566398 2.23114
-0.115624 0.694538 2.22132
-0.298315 0.480894 2.22342
-0.514997 0.495978 2.17326
-0.718774 0.56806 2.13722
-0.770742 0.573999 2.12797
0.0607273 0.496395 2.27826
0.271458 0.531794 2.31597
0.460914 0.618308 2.36918
0.518334 0.6263 2.37056
-0.199656 -0.0105056 2.26649
-0.208333 -0.328874 2.35353
-0.2085 -0.653449 2.42124
-0.202881 -0.729057 2.33245
-0.0535639 -0.00612453 2.28719
-0.0606523 -0.336332 2.36476
-0.0755 -0.646605 2.42727
-0.0624757 -0.725067 2.34593
-0.124753 0.497099 2.24512
-0.844212 0.583888 2.1221
-0.820381 0.582201 2.08355
0.585031 0.630707 2.42123
0.553593 0.628553 2.34175
-0.130295 -0.00664256 2.31425
-0.128374 0.28525 2.27767
-0.12634 0.567516 2.22828
-0.117547 0.696115 2.22082
-0.299019 0.481091 2.22192
-0.514964 0.50474 2.17299
-0.719306 0.576157 2.14019
-0.797858 0.573703 2.13531
0.058217 0.498564 2.27786
0.2703 0.532551 2.31145
0.463285 0.619769 2.35242
0.522905 0.619304 2.3512
-0.201366 -0.00857477 2.26782
-0.210324 -0.328499 2.35433
-0.20991 -0.654296 2.42245
-0.203262 -0.729055 2.33203
-0.0551481 -0.00446093 2.28791
-0.0623167 -0.334824 2.36573
-0.0755386 -0.645683 2.42833
-0.0626913 -0.725199 2.34593
-0.126957 0.498371 2.24294
-0.873823 0.581323 2.1482
-0.811829 0.575334 2.09198
0.595189 0.626488 2.41355
0.553095 0.621698 2.32612
-0.133011 -0.0105933 2.31348
-0.129437 0.282946 2.27687
-0.126039 0.56583 2.22709
-0.117138 0.695138 2.21735
-0.299495 0.480002 2.22025
-0.517528 0.456927 2.18151
-0.801411 0.443981 2.17405
-0.83532 0.439358 2.16828
0.0569979 0.485563 2.27174
0.272947 0.46786 2.30169
0.484704 0.501084 2.33465
0.537905 0.493377 2.34607
-0.203986 -0.0119685 2.26725
-0.210618 -0.329244 2.35501
-0.210348 -0.654795 2.42224
-0.202969 -0.729773 2.33162
-0.057885 -0.008931 2.28689
-0.0630152 -0.336845 2.36721
-0.0755713 -0.644921 2.42797
-0.0625069 -0.725272 2.34508
-0.127008 0.496637 2.24185
-0.889965 0.432496 2.16738
-0.832466 0.446684 2.112
0.620536 0.491103 2.38585
0.562307 0.49305 2.30206
-0.135809 -0.0406726 2.30955
-0.132583 0.263175 2.27735
-0.128675 0.555508 2.23201
-0.11592 0.69352 2.21584
-0.289869 0.443964 2.2223
-0.430228 0.229305 2.24583
-0.573382 0.061831 2.24196
-0.580287 0.0385738 2.23433
0.0397146 0.444477 2.26611
0.162354 0.222772 2.32636
0.312459 0.0609828 2.33031
0.304768 0.0519675 2.30455
-0.206833 -0.042223 2.26639
-0.20763 -0.339637 2.35989
-0.210272 -0.654882 2.42262
-0.203555 -0.72943 2.3319
-0.0605506 -0.0380616 2.28
-0.0661876 -0.344742 2.36979
-0.0762562 -0.645101 2.42731
-0.0617753 -0.725993 2.34436
-0.129765 0.484066 2.24562
-0.637999 -0.0341491 2.24811
-0.577064 0.0235056 2.19426
0.368876 -0.0207378 2.33883
0.308197 0.0601497 2.2364
-0.135324 -0.0509914 2.31178
-0.134016 0.255139 2.27811
-0.131847 0.550011 2.23196
-0.117328 0.691241 2.21361
-0.287508 0.427818 2.21912
-0.346638 0.176089 2.25934
-0.378567 -0.0415866 2.27465
-0.370184 -0.0759123 2.26742
0.0283325 0.43095 2.2503
0.0752257 0.180047 2.30058
0.0971627 -0.0408048 2.28577
0.0757614 -0.0507972 2.27035
-0.206848 -0.0528475 2.26899
-0.207753 -0.342792 2.36069
-0.209517 -0.653133 2.41975
-0.203604 -0.729096 2.33259
-0.0595201 -0.0476137 2.28185
-0.0650787 -0.351264 2.37082
-0.0759503 -0.644522 2.4271
-0.0638409 -0.724591 2.34685
-0.132501 0.477864 2.24578
-0.389308 -0.14792 2.29532
-0.332322 -0.0814417 2.277
0.0862524 -0.134004 2.2879
0.0462002 -0.0588412 2.24074
-0.136137 -0.0518213 2.31197
-0.134504 0.253155 2.27586
-0.131972 0.547123 2.22626
-0.119754 0.689413 2.20772
-0.287378 0.426787 2.21681
-0.344669 0.179453 2.26556
-0.349128 -0.0424268 2.24939
-0.327737 -0.076846 2.24813
0.0271985 0.43122 2.24315
0.0706981 0.18165 2.29272
0.0960602 -0.0382088 2.26396
0.072538 -0.0603138 2.25925
-0.207551 -0.0534452 2.26985
-0.207365 -0.345074 2.36165
-0.209082 -0.653052 2.42021
-0.203032 -0.729393 2.33305
-0.060482 -0.0487132 2.28119
-0.063927 -0.352822 2.37027
-0.0757779 -0.643349 2.4262
-0.0643817 -0.724867 2.34647
-0.132756 0.475114 2.24095
-0.31468 -0.124228 2.26183
-0.298894 -0.0667425 2.206
0.0619881 -0.105651 2.27111
0.049894 -0.0506655 2.21899
-0.135548 -0.0481837 2.30802
-0.133949 0.254831 2.2733
-0.131378 0.547688 2.2251
-0.120498 0.689354 2.20803
-0.290945 0.437653 2.21777
-0.487665 0.321739 2.19444
-0.696269 0.255602 2.19081
-0.744781 0.235243 2.16419
0.0387177 0.43932 2.24933
0.243897 0.333655 2.28841
0.446913 0.289887 2.34847
0.503222 0.264842 2.35948
-0.207112 -0.0499059 2.26699
-0.204919 -0.340893 2.35989
-0.208206 -0.651693 2.41919
-0.203049 -0.729338 2.33187
-0.0596786 -0.045128 2.27572
-0.062369 -0.342842 2.36488
-0.0751127 -0.64391 2.42567
-0.062252 -0.726413 2.34451
-0.132187 0.475897 2.23948
-0.81014 0.196548 2.16313
-0.762652 0.228085 2.10896
0.568547 0.216947 2.39142
0.512807 0.268522 2.2916
-0.12875 -0.0155659 2.30674
-0.12653 0.279354 2.26684
-0.123405 0.565006 2.21437
-0.116949 0.694574 2.20854
-0.295858 0.475093 2.20605
-0.515394 0.473719 2.17619
-0.791017 0.52162 2.15336
-0.819631 0.538728 2.16201
0.0623127 0.486291 2.26069
0.273263 0.513268 2.30266
0.459429 0.59442 2.37057
0.507614 0.621918 2.38447
-0.199725 -0.0176432 2.26121
-0.207123 -0.331236 2.35636
-0.208203 -0.65181 2.42068
-0.203108 -0.729108 2.33147
-0.0536935 -0.0128479 2.27943
-0.0603459 -0.337093 2.36321
-0.0743888 -0.645241 2.42611
-0.0619916 -0.725991 2.344
-0.124344 0.494989 2.22974
-0.910148 0.548015 2.20501
-0.825315 0.554046 2.1184
0.58208 0.656485 2.42754
0.52647 0.635641 2.34783
-0.127313 -0.00485669 2.30721
-0.123012 0.287017 2.26459
-0.118006 0.569596 2.20938
-0.111287 0.69998 2.21073
-0.292181 0.484578 2.20787
-0.520345 0.525172 2.18382
-0.726913 0.59021 2.18989
-0.797519 0.61409 2.18031
0.0658 0.504065 2.27074
0.268384 0.562815 2.31618
0.443725 0.665107 2.3835
0.498652 0.695001 2.39232
-0.198057 -0.00709652 2.25917
-0.208141 -0.329027 2.35611
-0.208222 -0.652452 2.42124
-0.202844 -0.729541 2.33144
-0.0524508 -0.00225528 2.28239
-0.0609758 -0.335021 2.36411
-0.0752696 -0.646816 2.42716
-0.0631976 -0.725928 2.34462
-0.119408 0.500349 2.22544
-0.871918 0.629574 2.19647
-0.803992 0.638103 2.13615
0.562506 0.72565 2.43881
0.510116 0.714781 2.3422
-0.12884 -0.00363683 2.30905
-0.124097 0.288784 2.26842
-0.118593 0.57149 2.21616
-0.111683 0.701741 2.21728
-0.293318 0.486802 2.21222
-0.517604 0.508471 2.19145
-0.736546 0.548135 2.19125
-0.803297 0.560654 2.19637
0.0641577 0.502721 2.27495
0.27357 0.544442 2.31263
0.465215 0.629917 2.3606
0.52978 0.63433 2.36643
-0.199563 -0.00569974 2.2608
-0.208948 -0.329006 2.35608
-0.209118 -0.654643 2.42305
-0.202378 -0.72955 2.33203
-0.0540826 -0.00135315 2.28454
-0.0617406 -0.335194 2.36544
-0.0755536 -0.646515 2.42864
-0.0631145 -0.725463 2.34491
-0.120106 0.502247 2.23137
-0.876715 0.57428 2.20254
-0.81765 0.593388 2.16007
0.598594 0.65901 2.39716
0.542083 0.649467 2.31746
-0.134302 -0.0284034 2.31353
-0.131699 0.271816 2.28003
-0.128801 0.561007 2.23481
-0.11753 0.698813 2.22409
-0.292704 0.457205 2.23098
-0.461635 0.271922 2.24267
-0.628848 0.131762 2.25889
-0.68235 0.0865454 2.25362
0.0440387 0.461791 2.27441
0.21223 0.282981 2.32153
0.398062 0.168034 2.34102
0.451474 0.144779 2.34266
-0.205277 -0.0301753 2.2699
-0.20683 -0.333663 2.35892
-0.208441 -0.655039 2.42264
-0.202532 -0.729531 2.33237
-0.0591675 -0.0259995 2.28456
-0.0618488 -0.339556 2.36894
-0.0755138 -0.646797 2.42831
-0.0619858 -0.726146 2.34421
-0.129591 0.490174 2.24821
-0.734685 0.0345353 2.26768
-0.69584 0.0929867 2.19487
0.494974 0.126219 2.33902
0.452002 0.158737 2.28024
-0.134483 -0.0458213 2.31546
-0.134702 0.259318 2.28612
-0.134401 0.553299 2.24549
-0.120563 0.695191 2.22761
-0.290232 0.432214 2.24225
-0.35169 0.186403 2.28337
-0.396868 -0.0252543 2.31856
-0.397547 -0.0601221 2.31151
0.0315122 0.438443 2.26881
0.0887097 0.189321 2.33181
0.13711 -0.027054 2.31162
0.124707 -0.082783 2.29915
-0.205911 -0.048046 2.27391
-0.206116 -0.341738 2.36112
-0.207685 -0.651756 2.41987
-0.20285 -0.729123 2.33234
-0.0588415 -0.0422582 2.28428
-0.0601575 -0.348291 2.37002
-0.0741679 -0.644089 2.42632
-0.06249 -0.72522 2.34447
-0.134564 0.481264 2.2577
-0.409793 -0.13171 2.33175
-0.397566 -0.0625478 2.26984
0.130754 -0.133393 2.31029
0.120661 -0.0574716 2.24917
-0.135579 -0.0473676 2.31891
-0.134788 0.257965 2.28936
-0.134002 0.552578 2.24834
-0.118941 0.693174 2.22906
-0.288184 0.43291 2.24119
-0.341459 0.179989 2.28486
-0.360219 -0.0405709 2.28732
-0.350572 -0.0419792 2.28326
0.0306911 0.436481 2.26648
0.0790628 0.17982 2.31535
0.0831172 -0.0386311 2.26473
0.0523008 -0.090977 2.27106
-0.206847 -0.049052 2.27736
-0.206195 -0.344518 2.36191
-0.208148 -0.652014 2.42068
-0.202942 -0.729075 2.33305
-0.0600712 -0.0442495 2.28785
-0.0598101 -0.355502 2.37112
-0.074182 -0.643513 2.42703
-0.063464 -0.724966 2.34533
-0.134316 0.480429 2.26074
-0.347798 -0.123629 2.30905
-0.378294 -0.0413627 2.28667
0.0490523 -0.136239 2.2743
0.0716247 -0.102536 2.26955
-0.135054 -0.0474895 2.31897
-0.134821 0.25766 2.28958
-0.134233 0.552348 2.24837
-0.120506 0.693555 2.2306
-0.287118 0.434728 2.24184
-0.425392 0.232036 2.23631
-0.576317 0.0717588 2.21379
-0.580488 0.0418028 2.2061
0.0309668 0.438909 2.26656
0.178824 0.243541 2.30471
0.358774 0.11537 2.29847
0.3677 0.0469846 2.28913
-0.206503 -0.0491325 2.27743
-0.205418 -0.343935 2.36257
-0.207289 -0.650939 2.41972
-0.202798 -0.729045 2.3326
-0.0592905 -0.044377 2.28766
-0.0594639 -0.354428 2.37164
-0.0737032 -0.643 2.42588
-0.0618207 -0.726242 2.34366
-0.1345 0.480166 2.26085
-0.605787 -0.0336533 2.21452
-0.580849 0.044872 2.16861
0.384374 0.000864184 2.30915
0.371227 0.00591314 2.3335
-0.130975 -0.0208009 2.31421
-0.130045 0.273883 2.28266
-0.12848 0.559894 2.23896
-0.120973 0.695678 2.22842
-0.302897 0.472241 2.23761
-0.522112 0.480797 2.20329
-0.785621 0.539529 2.17587
-0.833898 0.558071 2.1756
0.0571127 0.476433 2.2754
0.272722 0.488325 2.30609
0.461312 0.593671 2.32567
0.531841 0.606515 2.34377
-0.201923 -0.02244 2.27081
-0.206119 -0.337371 2.36013
-0.207345 -0.65199 2.42145
-0.203152 -0.729327 2.33096
-0.0558852 -0.0184571 2.28474
-0.0598418 -0.343405 2.36782
-0.0736589 -0.644706 2.42593
-0.0600048 -0.726894 2.34209
-0.129026 0.489688 2.25212
-0.879457 0.583014 2.19577
-0.839817 0.546488 2.1407
0.606454 0.609471 2.37814
0.52078 0.586236 2.3662
-0.129411 -0.00659527 2.31134
-0.125375 0.285715 2.27828
-0.120508 0.568378 2.23287
-0.115266 0.697777 2.2272
-0.296691 0.489643 2.23287
-0.541412 0.554605 2.1995
-0.742036 0.637487 2.18738
-0.794528 0.645591 2.16828
0.0644745 0.49626 2.28138
0.277401 0.546787 2.29177
0.46671 0.65076 2.31048
0.526493 0.654866 2.31266
-0.200356 -0.00766471 2.26415
-0.205856 -0.331631 2.35519
-0.207247 -0.653258 2.42203
-0.202809 -0.729062 2.33166
-0.0543942 -0.0051722 2.28554
-0.0570644 -0.340039 2.36604
-0.0730542 -0.645053 2.42663
-0.0602676 -0.726496 2.34249
-0.121875 0.499127 2.24644
-0.862077 0.674224 2.19893
-0.804958 0.64927 2.13573
0.590622 0.666039 2.35697
0.502322 0.634244 2.33382
-0.129113 -0.00579398 2.30999
-0.123999 0.286389 2.27642
-0.117917 0.56862 2.23036
-0.11171 0.698103 2.22583
-0.294228 0.490967 2.23176
-0.51104 0.527085 2.19451
-0.718925 0.590873 2.18277
-0.794517 0.583266 2.17773
0.067562 0.495996 2.27501
0.285028 0.527461 2.28085
0.491296 0.589498 2.30605
0.52942 0.599559 2.30852
-0.200156 -0.00692553 2.26302
-0.205989 -0.331262 2.35496
-0.207102 -0.653492 2.42202
-0.202688 -0.729039 2.33159
-0.0540176 -0.00438087 2.28383
-0.0568667 -0.338681 2.36468
-0.0711925 -0.640391 2.42473
-0.0605739 -0.726679 2.34192
-0.119584 0.499509 2.24409
-0.874678 0.600234 2.19867
-0.811479 0.591831 2.137
0.605149 0.603666 2.35053
0.497152 0.577822 2.32183
-0.12726 -0.0259587 2.30723
-0.123945 0.272674 2.27574
-0.119594 0.560006 2.2314
-0.111513 0.695902 2.22146
-0.288836 0.463437 2.23173
-0.471173 0.336103 2.21012
-0.6708 0.237745 2.20928
-0.74344 0.213444 2.20544
0.0560672 0.465571 2.27203
0.261652 0.370782 2.28823
0.476511 0.325675 2.29077
0.534753 0.314999 2.27808
-0.198206 -0.0269426 2.26213
-0.203567 -0.334121 2.35673
-0.207106 -0.652648 2.42173
-0.202706 -0.728373 2.33146
-0.0523082 -0.0242014 2.27947
-0.0562965 -0.340451 2.36605
-0.0716821 -0.6432 2.42543
-0.0603957 -0.726716 2.34134
-0.120817 0.489747 2.2447
-0.801491 0.191731 2.20797
-0.737717 0.224251 2.14547
0.606538 0.313295 2.30328
0.533496 0.333274 2.27775
-0.129008 -0.0451624 2.3107
-0.126668 0.259649 2.28049
-0.123353 0.552967 2.23756
-0.114206 0.69279 2.22064
-0.283713 0.43104 2.22786
-0.371773 0.192927 2.25393
-0.46579 -0.00648668 2.259
-0.469741 -0.0706482 2.2495
0.0401901 0.443471 2.26164
0.137554 0.210052 2.30732
0.231052 0.0091966 2.30425
0.233873 -0.0237441 2.25758
-0.200784 -0.0472063 2.26888
-0.203667 -0.341123 2.3613
-0.206675 -0.650912 2.42091
-0.202348 -0.728721 2.33206
-0.0532091 -0.0418047 2.27985
-0.0550086 -0.349668 2.37091
-0.0710273 -0.640653 2.42392
-0.0601153 -0.726386 2.34308
-0.124315 0.481246 2.2505
-0.497034 -0.134282 2.28
-0.481418 -0.0553552 2.25433
0.257243 -0.0506776 2.24624
0.258045 -0.0494167 2.2355
-0.128534 -0.0508306 2.31729
-0.126563 0.254952 2.28309
-0.123601 0.549919 2.23736
-0.115014 0.690116 2.21819
-0.28082 0.426587 2.22828
-0.330348 0.172635 2.26873
-0.348041 -0.0483925 2.26318
-0.328026 -0.0791669 2.25639
0.0347229 0.433647 2.25374
0.0870967 0.176806 2.29651
0.0922214 -0.0446434 2.27034
0.0741799 -0.0605328 2.26028
-0.200192 -0.0522108 2.27679
-0.203619 -0.345868 2.36338
-0.207045 -0.651377 2.42171
-0.202664 -0.728568 2.33227
-0.052812 -0.0478624 2.28513
-0.0542951 -0.3577 2.37477
-0.0713481 -0.641532 2.42535
-0.061821 -0.725561 2.34433
-0.124497 0.477751 2.25089
-0.340973 -0.146564 2.27316
-0.294587 -0.0807368 2.23479
0.0822548 -0.145579 2.2813
0.102455 -0.0801771 2.26667
