0.029402 0.164364 2.28663
0.035453 0.446186 2.20967
0.0408217 0.717585 2.12105
0.0496302 0.873433 2.07874
-0.118701 0.638117 2.17879
-0.18312 0.368891 2.23608
-0.256533 0.139691 2.26442
-0.275308 0.100219 2.27524
0.208698 0.626924 2.16227
0.256887 0.355657 2.22218
0.263683 0.11222 2.2296
0.256521 0.0769391 2.23561
-0.0437182 0.163788 2.25577
-0.0868142 -0.212572 2.39572
-0.09303 -0.560549 2.52004
-0.104446 -0.637358 2.43988
0.101645 0.159933 2.24744
0.102491 -0.223871 2.38574
0.076941 -0.577179 2.50888
0.068977 -0.651933 2.42665
0.0395922 0.651267 2.14522
-0.288228 0.0107453 2.3106
-0.224829 0.139547 2.2454
0.274849 -0.0215191 2.25497
0.205473 0.0675688 2.22288
0.0290923 0.164389 2.28653
0.0349384 0.446243 2.20957
0.0400826 0.717691 2.12108
0.0492156 0.873631 2.07905
-0.116552 0.639774 2.18105
-0.183654 0.369448 2.23573
-0.258396 0.140615 2.26369
-0.276326 0.09916 2.27315
0.208269 0.62671 2.16209
0.256251 0.355829 2.22133
0.262896 0.112432 2.22935
0.255901 0.0784507 2.23515
-0.0440237 0.163797 2.2557
-0.0873421 -0.207464 2.39212
-0.0929463 -0.55947 2.51929
-0.10418 -0.637412 2.43969
0.101334 0.159969 2.24733
0.101599 -0.22432 2.38567
0.0768102 -0.577033 2.50877
0.0690078 -0.651999 2.42665
0.0389014 0.651363 2.14521
-0.29177 0.0115137 2.30499
-0.223068 0.138581 2.24627
0.2738 -0.0214623 2.2547
0.204705 0.0724087 2.22067
0.0288603 0.164444 2.28641
0.0346771 0.446334 2.20954
0.0398038 0.717835 2.12118
0.0489813 0.873717 2.07936
-0.114584 0.640421 2.18299
-0.183917 0.369515 2.23574
-0.259225 0.140815 2.26337
-0.276386 0.100002 2.27384
0.207948 0.626672 2.16224
0.256116 0.355769 2.22118
0.26187 0.112353 2.2293
0.255625 0.0791305 2.23416
-0.0442457 0.163844 2.25561
-0.0874749 -0.207855 2.3924
-0.0928237 -0.55929 2.51929
-0.104052 -0.637309 2.43977
0.101096 0.160031 2.24722
0.101163 -0.224496 2.38558
0.0766604 -0.57676 2.50855
0.0690279 -0.652038 2.42665
0.0386239 0.651493 2.14528
-0.29051 0.0104127 2.30936
-0.219948 0.1403 2.25234
0.274765 -0.0195777 2.2524
0.204928 0.0697889 2.22168
0.0283962 0.164512 2.28633
0.0342809 0.44646 2.20958
0.0393852 0.718078 2.12146
0.0487297 0.873952 2.08011
-0.117399 0.640018 2.18185
-0.184702 0.370158 2.23589
-0.259301 0.141171 2.26324
-0.275719 0.0992809 2.27594
0.207499 0.62654 2.16249
0.255973 0.355543 2.22116
0.260855 0.11207 2.22885
0.254489 0.0787113 2.23596
-0.044716 0.163905 2.25541
-0.0879164 -0.208684 2.39282
-0.0927652 -0.559734 2.51981
-0.104032 -0.637327 2.43987
0.100624 0.160104 2.24725
0.100868 -0.224619 2.38565
0.0763207 -0.576539 2.50795
0.0688967 -0.651987 2.42605
0.0382086 0.651702 2.14549
-0.288677 0.0108353 2.31528
-0.224351 0.137714 2.25927
0.273333 -0.0207079 2.25525
0.204028 0.074481 2.22086
0.0274912 0.164652 2.28629
0.033876 0.446563 2.20976
0.0392609 0.718189 2.12186
0.0485999 0.874011 2.08079
-0.115194 0.64172 2.18457
-0.18479 0.37062 2.2359
-0.259864 0.141905 2.26392
-0.275857 0.100524 2.27709
0.206973 0.626654 2.16357
0.255469 0.356132 2.22157
0.259701 0.11273 2.23037
0.254196 0.0777227 2.23864
-0.0455854 0.164118 2.2553
-0.0880704 -0.208968 2.39333
-0.0922809 -0.560183 2.52001
-0.104188 -0.637614 2.44034
0.0996918 0.160176 2.24734
0.10041 -0.224735 2.38556
0.0762615 -0.576768 2.50806
0.0689785 -0.652143 2.42625
0.0380221 0.651812 2.14581
-0.290843 0.00980441 2.31132
-0.222046 0.138703 2.25531
0.272521 -0.0215144 2.25433
0.199137 0.0610236 2.21966
0.0274142 0.164572 2.28631
0.0334599 0.446483 2.21024
0.0383993 0.718165 2.12343
0.0483343 0.873949 2.08158
-0.118042 0.640602 2.18402
-0.185075 0.371504 2.23668
-0.260239 0.142772 2.26445
-0.276168 0.100844 2.28015
0.206109 0.626527 2.16446
0.255181 0.35622 2.2221
0.258619 0.112822 2.23115
0.253269 0.079696 2.23988
-0.0456793 0.163967 2.25523
-0.0884176 -0.209267 2.39361
-0.0924938 -0.559966 2.51967
-0.104216 -0.637913 2.4405
0.0996184 0.160141 2.24745
0.0998294 -0.224609 2.38547
0.0762543 -0.576479 2.50811
0.069008 -0.652143 2.42643
0.0372616 0.65177 2.14707
-0.291274 0.0114076 2.31469
-0.227634 0.130616 2.25304
0.273487 -0.0207234 2.25659
0.200095 0.066653 2.2188
0.0273147 0.164619 2.28635
0.0332085 0.446547 2.21055
0.0381 0.718197 2.12409
0.0480656 0.873998 2.08215
-0.119523 0.640333 2.18396
-0.185091 0.37258 2.23682
-0.260667 0.144361 2.2667
-0.277029 0.101891 2.28193
0.205399 0.626907 2.16565
0.254883 0.356258 2.22285
0.258115 0.11284 2.23169
0.252855 0.0810582 2.23903
-0.0457766 0.16402 2.25526
-0.0884895 -0.209942 2.39419
-0.092658 -0.560106 2.52009
-0.104064 -0.637318 2.44058
0.0995186 0.160187 2.24753
0.0998335 -0.224527 2.38559
0.0766383 -0.576196 2.5079
0.0688851 -0.652075 2.42606
0.0369612 0.651817 2.14765
-0.29086 0.0124332 2.31865
-0.222688 0.141832 2.26355
0.274564 -0.0197877 2.25832
0.198296 0.0752722 2.21337
0.0271474 0.165073 2.28704
0.0327534 0.447027 2.2113
0.0374923 0.718639 2.12484
0.0476275 0.874352 2.0828
-0.120652 0.639917 2.18376
-0.185461 0.373191 2.2372
-0.261275 0.145071 2.26718
-0.288908 0.0799288 2.29134
0.204308 0.627499 2.16693
0.25398 0.356659 2.22524
0.258171 0.11316 2.2328
0.251924 0.0819659 2.24074
-0.0458818 0.164365 2.25559
-0.0882916 -0.207905 2.39379
-0.0927996 -0.559659 2.52013
-0.103957 -0.637088 2.44076
0.0992924 0.160782 2.24874
0.099577 -0.224893 2.38747
0.0767817 -0.57615 2.50798
0.0689399 -0.652063 2.42617
0.036384 0.652274 2.14841
-0.295925 0.0135582 2.31497
-0.261367 0.0705106 2.28111
0.273653 -0.0152789 2.2534
0.199822 0.0703325 2.21834
0.0269204 0.166073 2.28926
0.0316542 0.4478 2.21264
0.0356003 0.719379 2.12572
0.0472058 0.874462 2.08286
-0.122967 0.639311 2.18272
-0.187715 0.373501 2.23702
-0.264526 0.145923 2.26806
-0.284351 0.0994007 2.28342
0.202233 0.629277 2.16975
0.251925 0.358137 2.22942
0.25877 0.114541 2.23463
0.252962 0.0854707 2.24528
-0.04606 0.165243 2.25713
-0.0886796 -0.208294 2.39493
-0.0928037 -0.559702 2.52042
-0.104345 -0.63771 2.43896
0.099041 0.161896 2.25175
0.0999648 -0.223006 2.38858
0.07713 -0.576551 2.50875
0.0689964 -0.652063 2.42614
0.0347286 0.653011 2.14941
-0.298355 0.0148623 2.31877
-0.232907 0.140905 2.26133
0.275353 -0.0144349 2.26447
0.201376 0.0535995 2.246
0.0246652 0.169013 2.29491
0.0287282 0.448851 2.2152
0.0317456 0.719063 2.12598
0.0454193 0.873878 2.07962
-0.126802 0.637572 2.17942
-0.197714 0.36972 2.23876
-0.27042 0.140628 2.26884
-0.290091 0.0980847 2.28044
0.198631 0.633134 2.17404
0.247478 0.364514 2.23845
0.259342 0.121038 2.24237
0.255821 0.0930254 2.25388
-0.0482809 0.167738 2.26148
-0.0896846 -0.208055 2.39658
-0.0927271 -0.560045 2.52088
-0.104493 -0.637307 2.43932
0.0969043 0.165201 2.25869
0.0997031 -0.219879 2.38827
0.0767505 -0.576443 2.50857
0.0687909 -0.651398 2.42603
0.0312133 0.653042 2.15024
-0.300442 0.0132923 2.3186
-0.238838 0.137974 2.255
0.275278 -0.0096517 2.27383
0.200533 0.0890214 2.244
0.0191496 0.175539 2.31269
0.021409 0.449444 2.21994
0.0201356 0.714399 2.12063
0.0391302 0.86779 2.06549
-0.136015 0.634569 2.17045
-0.208106 0.367055 2.23886
-0.278245 0.136424 2.26461
-0.294838 0.0968642 2.27167
0.190072 0.638347 2.17992
0.241577 0.378203 2.25847
0.259796 0.135364 2.26582
0.255604 0.102492 2.28028
-0.0538841 0.172966 2.2758
-0.0920841 -0.211777 2.40718
-0.0937006 -0.560988 2.52126
-0.104506 -0.637135 2.43918
0.0917034 0.172847 2.27992
0.0906886 -0.228284 2.3805
0.0720736 -0.579286 2.50235
0.0667222 -0.650456 2.4244
0.0210957 0.649985 2.14789
-0.303241 0.00523387 2.31578
-0.246674 0.130861 2.24557
0.278172 0.0103418 2.29525
0.201233 0.100227 2.26589
0.022059 0.177864 2.32632
0.0198883 0.448596 2.22185
0.0145652 0.708471 2.11236
0.0377276 0.86018 2.05397
-0.142121 0.625732 2.15259
-0.216383 0.358884 2.23298
-0.282219 0.127144 2.25955
-0.304713 0.064587 2.27709
0.185779 0.639175 2.18223
0.240672 0.382494 2.27623
0.26202 0.140292 2.2876
0.262745 0.112598 2.30435
-0.0518244 0.173659 2.28583
-0.0918746 -0.204703 2.40844
-0.0980299 -0.56444 2.52624
-0.104918 -0.63704 2.43996
0.0953702 0.177011 2.29728
0.0921257 -0.230846 2.35374
0.0702991 -0.582699 2.48382
0.0718119 -0.651183 2.41405
0.0165242 0.645622 2.14308
-0.314123 0.00088039 2.30939
-0.282609 0.038029 2.28493
0.28949 0.0210892 2.32469
0.204634 0.0809622 2.2874
0.0360523 0.183633 2.33662
0.0279448 0.450133 2.22261
0.0221862 0.70727 2.10065
0.0523156 0.856731 2.04301
-0.131914 0.620839 2.13426
-0.210662 0.357508 2.21331
-0.277526 0.126077 2.24013
-0.292861 0.0663366 2.2586
0.187354 0.642056 2.18441
0.251669 0.385407 2.29586
0.287016 0.147133 2.32373
0.31299 0.0933585 2.34335
-0.0387033 0.178075 2.29267
-0.084155 -0.18663 2.40059
-0.0983087 -0.561969 2.5254
-0.105621 -0.637224 2.44093
0.109773 0.183827 2.31095
0.144955 -0.229843 2.33841
0.165987 -0.579737 2.44803
0.170644 -0.650415 2.38468
0.023803 0.644816 2.13413
-0.297564 -0.000464281 2.29618
-0.266515 0.0464677 2.26392
0.329463 0.0381615 2.35333
0.287616 0.0760336 2.33643
0.0582086 0.185745 2.33833
0.0517057 0.451833 2.22216
0.0451963 0.708183 2.09554
0.084956 0.856913 2.04168
-0.108732 0.618778 2.12745
-0.191106 0.360114 2.19822
-0.260051 0.128103 2.21765
-0.26195 0.0952938 2.22046
0.206319 0.642947 2.18899
0.263175 0.384266 2.30482
0.315334 0.150303 2.33846
0.336573 0.124115 2.35186
-0.0155146 0.180224 2.29298
-0.0727372 -0.179895 2.39796
-0.0969927 -0.560019 2.52502
-0.106116 -0.637909 2.44192
0.130279 0.185761 2.3139
0.20499 -0.220795 2.34197
0.261497 -0.593438 2.45356
0.296143 -0.64502 2.38281
0.0468622 0.645677 2.12944
-0.278586 0.00468479 2.25814
-0.217238 0.116598 2.20831
0.358095 0.0322308 2.39123
0.288208 0.144207 2.34933
0.0940377 0.178423 2.33369
0.0907723 0.445021 2.21866
0.0872722 0.70197 2.09257
0.132962 0.851176 2.04115
-0.063924 0.614197 2.11785
-0.159522 0.357423 2.18184
-0.230331 0.124458 2.18743
-0.229283 0.0943572 2.18738
0.24663 0.637346 2.19095
0.293835 0.374062 2.30818
0.355306 0.14249 2.34157
0.371988 0.11994 2.34653
0.0198641 0.173768 2.28453
-0.0523946 -0.169603 2.3898
-0.094715 -0.560393 2.52504
-0.106376 -0.638518 2.44173
0.165406 0.177752 2.31306
0.264141 -0.227273 2.34666
0.351211 -0.58426 2.45145
0.399453 -0.666578 2.39764
0.0882201 0.639233 2.12613
-0.249101 0.00422754 2.21762
-0.182552 0.123564 2.173
0.393728 0.0265106 2.38219
0.323872 0.142918 2.32925
0.140846 0.165052 2.32755
0.141761 0.433991 2.21701
0.142507 0.693256 2.09572
0.198133 0.842116 2.04422
-0.000327102 0.601393 2.11774
-0.103237 0.349366 2.17344
-0.190593 0.121474 2.16417
-0.184594 0.0936527 2.1651
0.308452 0.62467 2.19632
0.348756 0.356626 2.30698
0.406492 0.122905 2.33304
0.419145 0.0971258 2.3345
0.0655068 0.161934 2.27654
-0.0231192 -0.156866 2.37312
-0.0912647 -0.560095 2.52465
-0.106063 -0.639949 2.43854
0.211942 0.163201 2.30885
0.318723 -0.237022 2.35507
0.431491 -0.612599 2.46623
0.434145 -0.673136 2.39382
0.142415 0.629927 2.12802
-0.207959 -0.00238298 2.19628
-0.139423 0.116 2.18
0.439692 0.00491494 2.3643
0.372251 0.127302 2.3246
0.235956 0.143477 2.32222
0.244291 0.414697 2.21664
0.250984 0.676231 2.09996
0.313361 0.824677 2.04775
0.108115 0.586737 2.11995
-0.00621477 0.33638 2.17071
-0.107334 0.114425 2.14867
-0.102749 0.0867786 2.15417
0.406295 0.593242 2.19706
0.4483 0.330481 2.30068
0.489202 0.0904918 2.29793
0.493701 0.0755296 2.28871
0.158803 0.14296 2.27173
0.0287796 -0.166208 2.36171
-0.0797863 -0.557616 2.51994
-0.104298 -0.639472 2.43893
0.30603 0.139697 2.30319
0.367384 -0.242462 2.35275
0.429379 -0.603839 2.46323
0.440367 -0.670722 2.40203
0.249596 0.612327 2.13114
-0.130648 -0.000132105 2.17177
-0.0529582 0.111013 2.15227
0.512325 -0.0224376 2.29807
0.468588 0.0585951 2.3006
0.301568 0.142374 2.33025
0.318756 0.415167 2.219
0.334276 0.678374 2.09648
0.406194 0.82202 2.04714
0.193578 0.588211 2.11268
0.0559482 0.340291 2.16779
-0.0381685 0.114832 2.15881
-0.0411241 0.0734625 2.16639
0.484613 0.584898 2.20038
0.513979 0.326689 2.29679
0.537227 0.0849524 2.26575
0.541339 0.065074 2.25413
0.224627 0.144117 2.27918
0.07595 -0.199216 2.36931
-0.0599271 -0.554357 2.50795
-0.0982084 -0.63352 2.43512
0.3696 0.136414 2.31204
0.410257 -0.246921 2.36007
0.436034 -0.6043 2.46179
0.444507 -0.672817 2.40417
0.330743 0.614044 2.12913
-0.0591972 0.00599568 2.19336
0.00290695 0.0897636 2.14583
0.555395 -0.0303963 2.25792
0.474807 0.0938641 2.26986
0.357331 0.149084 2.34143
0.383989 0.420251 2.22346
0.408101 0.681841 2.09464
0.485529 0.82626 2.04495
0.26432 0.595934 2.11142
0.128252 0.346097 2.17027
0.0258636 0.124273 2.16798
0.0278968 0.0980173 2.18084
0.550274 0.584246 2.19917
0.561517 0.319964 2.29755
0.584994 0.081462 2.24335
0.588464 0.0319747 2.21965
0.279596 0.151788 2.28961
0.127652 -0.201827 2.35379
-0.00781048 -0.548216 2.4885
-0.0720659 -0.622955 2.42745
0.424461 0.141976 2.32421
0.439408 -0.237455 2.37829
0.443385 -0.598447 2.46822
0.44891 -0.676239 2.40748
0.402544 0.617915 2.12882
0.0105244 0.0112884 2.22165
0.0766668 0.117973 2.16926
0.588187 -0.0218215 2.23651
0.581819 -0.021929 2.24967
0.383715 0.152516 2.3463
0.424946 0.422639 2.22663
0.463486 0.682954 2.0958
0.542526 0.824576 2.04683
0.317036 0.602084 2.11805
0.168509 0.357381 2.17581
0.0708997 0.133259 2.17308
0.0725369 0.109229 2.18458
0.578743 0.585162 2.20002
0.605812 0.322266 2.30224
0.615563 0.0860243 2.23283
0.612046 0.0412651 2.20824
0.306782 0.157972 2.29343
0.180587 -0.217938 2.33574
0.0539511 -0.555512 2.4773
0.0243505 -0.637076 2.426
0.449626 0.1425 2.3304
0.458433 -0.229667 2.3831
0.444909 -0.591527 2.48451
0.449635 -0.673974 2.41259
0.454384 0.619354 2.13048
0.0510753 0.0357713 2.20279
0.112852 0.116869 2.196
0.609673 -0.00798914 2.21096
0.586545 0.0339357 2.2116
0.415035 0.154248 2.34877
0.463321 0.423622 2.23301
0.508232 0.68336 2.10735
0.593848 0.820552 2.05545
0.365102 0.605185 2.12825
0.202965 0.360247 2.18487
0.102514 0.137179 2.17708
0.10238 0.114755 2.18865
0.658611 0.589883 2.21649
0.645939 0.323336 2.31107
0.643397 0.0900744 2.23001
0.635637 0.0455035 2.20788
0.340018 0.163557 2.29455
0.266129 -0.245156 2.32616
0.173442 -0.55216 2.51381
0.175775 -0.637283 2.47113
0.478246 0.140675 2.33411
0.474366 -0.238243 2.38668
0.444559 -0.592325 2.48597
0.450159 -0.673596 2.41657
0.497623 0.619885 2.14063
0.0829751 0.0435883 2.20528
0.125289 0.0781133 2.18847
0.62917 -0.000260078 2.2133
0.621534 -0.00653412 2.232
0.434809 0.149667 2.34984
0.485368 0.422145 2.23896
0.532496 0.685424 2.11838
0.618807 0.821082 2.06518
0.383846 0.606043 2.13424
0.220174 0.3621 2.18801
0.120093 0.13896 2.18527
0.114671 0.121374 2.19562
0.675861 0.585556 2.22606
0.660853 0.313646 2.31905
0.655797 0.0830608 2.23004
0.649995 0.0898577 2.22854
0.359026 0.157788 2.29391
0.3145 -0.269592 2.34564
0.213796 -0.568211 2.52373
0.209509 -0.642744 2.48289
0.498037 0.137243 2.33712
0.48761 -0.258961 2.39593
0.451719 -0.595513 2.47901
0.45163 -0.679219 2.41586
0.521368 0.621009 2.15036
0.101551 0.0416188 2.21506
0.157469 0.139037 2.17021
0.642809 0.00854472 2.20923
0.616472 0.0723888 2.21404
0.459544 0.145771 2.34965
0.507371 0.421794 2.2442
0.551877 0.688134 2.12848
0.64041 0.824973 2.07656
0.401979 0.608338 2.14066
0.232921 0.363352 2.18962
0.127367 0.142887 2.19079
0.120786 0.129513 2.2011
0.690581 0.569857 2.23872
0.667427 0.308856 2.32368
0.665516 0.0759202 2.24183
0.655026 0.0956538 2.24161
0.382833 0.153992 2.29369
0.332942 -0.26732 2.34641
0.225693 -0.562739 2.52578
0.212383 -0.641399 2.4843
0.522843 0.133311 2.33706
0.495012 -0.260024 2.39721
0.458199 -0.595615 2.48027
0.453009 -0.679961 2.4154
0.541387 0.622991 2.15929
0.0971209 0.0564056 2.22358
0.134621 0.0909206 2.19983
0.647487 0.0110491 2.21499
0.631871 0.0709402 2.24582
0.476526 0.148902 2.34886
0.526153 0.42559 2.25052
0.57236 0.692888 2.14312
0.657505 0.831971 2.09274
0.415146 0.610367 2.14959
0.24926 0.372097 2.19474
0.139848 0.153303 2.19284
0.13224 0.137346 2.20065
0.699976 0.570421 2.24386
0.690319 0.261775 2.32932
0.671299 0.040762 2.2186
0.658556 0.0334798 2.22565
0.39941 0.159969 2.29215
0.345153 -0.260988 2.29334
0.226241 -0.560266 2.45636
0.217046 -0.632757 2.40514
0.540038 0.133525 2.33714
0.508052 -0.268143 2.39413
0.462532 -0.59462 2.48027
0.454362 -0.680216 2.41564
0.561492 0.627494 2.17175
0.10861 0.0604718 2.22327
0.187314 0.159566 2.17742
0.649376 0.0127403 2.22189
0.637556 0.0168012 2.23883
0.485805 0.153507 2.348
0.535987 0.430546 2.2548
0.58252 0.698306 2.15256
0.66502 0.836919 2.10145
0.428554 0.616989 2.16209
0.262885 0.381058 2.20427
0.150475 0.163573 2.19621
0.140979 0.143543 2.20542
0.725682 0.578493 2.25503
0.69723 0.307812 2.33004
0.68472 0.0771872 2.2419
0.665077 0.043513 2.22114
0.408388 0.165906 2.2913
0.332337 -0.254046 2.22499
0.199699 -0.592153 2.35267
0.200217 -0.658737 2.29239
0.549205 0.13677 2.33637
0.512826 -0.280439 2.39502
0.46263 -0.59677 2.47469
0.455547 -0.681364 2.4153
0.571592 0.632793 2.17991
0.117389 0.0696998 2.22627
0.188903 0.165022 2.17958
0.652704 0.0188312 2.21717
0.645254 0.0121336 2.24329
0.489133 0.157151 2.34662
0.540656 0.434356 2.25689
0.588716 0.702311 2.15836
0.668422 0.841529 2.10665
0.434383 0.62227 2.17099
0.27169 0.381767 2.21284
0.154204 0.166963 2.20092
0.137497 0.134157 2.21922
0.736591 0.587728 2.25495
0.710574 0.322206 2.3301
0.685607 0.0939488 2.23763
0.674793 0.107045 2.2236
0.41123 0.171844 2.29001
0.325421 -0.220419 2.1534
0.201985 -0.534769 2.23752
0.182258 -0.598064 2.17261
0.55305 0.138779 2.33483
0.514824 -0.282601 2.39712
0.462366 -0.598009 2.47362
0.456359 -0.682249 2.41528
0.5774 0.636773 2.18476
0.122071 0.0804886 2.22876
0.155228 0.0983441 2.21429
0.659615 0.0346309 2.20065
0.642768 0.111525 2.22308
0.488787 0.159262 2.34402
0.541704 0.43559 2.25766
0.592158 0.703546 2.16318
0.669836 0.843013 2.10918
0.438448 0.6254 2.17831
0.277136 0.381908 2.22237
0.155779 0.169274 2.2136
0.137979 0.13739 2.23682
0.735905 0.587831 2.25411
0.714781 0.325115 2.32962
0.688114 0.0982324 2.23393
0.675698 0.106532 2.22195
0.409854 0.176258 2.28792
0.316384 -0.214985 2.11789
0.187922 -0.561793 2.12921
0.17749 -0.615723 2.04297
0.553497 0.138834 2.3314
0.513477 -0.276479 2.39613
0.459272 -0.59869 2.47715
0.456425 -0.682164 2.41545
0.580139 0.638063 2.18838
0.12028 0.0824794 2.24551
0.158997 0.103414 2.23767
0.659272 0.0344443 2.19879
0.656558 0.0328019 2.2145
0.488868 0.155068 2.33946
0.543226 0.432429 2.25887
0.594691 0.698495 2.1699
0.669802 0.838232 2.11184
0.439676 0.623582 2.18439
0.275739 0.369481 2.23391
0.149094 0.160478 2.23692
0.12917 0.132539 2.26185
0.742837 0.582564 2.25953
0.714578 0.320012 2.32965
0.692384 0.0929464 2.23335
0.674184 0.098236 2.22191
0.410441 0.172086 2.28417
0.294095 -0.213133 2.12237
0.208567 -0.562089 2.0223
0.215045 -0.610724 1.89894
0.552934 0.133846 2.32602
0.514374 -0.265465 2.38158
0.455695 -0.607268 2.47424
0.455931 -0.685194 2.41219
0.582487 0.633458 2.19371
0.114503 0.0781431 2.27589
0.145922 0.0967835 2.2605
0.653484 0.0230166 2.19243
0.689172 0.0483935 2.19783
0.482821 0.151714 2.3333
0.541219 0.429497 2.25748
0.594159 0.696187 2.17058
0.668381 0.835929 2.11137
0.438031 0.622129 2.18478
0.275233 0.375875 2.23368
0.149441 0.168042 2.25272
0.126491 0.140995 2.27723
0.736413 0.580062 2.25778
0.70797 0.308573 2.32773
0.678637 0.082608 2.23056
0.660965 0.0582178 2.21456
0.404535 0.168405 2.27786
0.288118 -0.210894 2.1251
0.210102 -0.55773 2.02548
0.209116 -0.612978 1.90608
0.546741 0.130588 2.32011
0.516131 -0.260015 2.37174
0.45541 -0.59601 2.46802
0.455933 -0.686534 2.41354
0.58167 0.631088 2.19401
0.10885 0.0904647 2.28827
0.167398 0.158354 2.23025
0.649607 0.0115404 2.20455
0.630205 0.0485222 2.2201
0.478452 0.15145 2.33192
0.536117 0.428151 2.25459
0.588943 0.694383 2.16629
0.659327 0.835463 2.10542
0.432281 0.622571 2.18235
0.271815 0.383861 2.23131
0.146044 0.176908 2.2561
0.118674 0.14491 2.27026
0.732783 0.574826 2.25438
0.70188 0.301968 2.32376
0.666626 0.0729349 2.23712
0.651066 0.0535968 2.21847
0.399797 0.167961 2.27659
0.276675 -0.231248 2.13236
0.172298 -0.586237 2.07718
0.166603 -0.64435 1.98024
0.542934 0.130495 2.31873
0.510801 -0.260639 2.37222
0.454845 -0.598006 2.46655
0.455652 -0.68679 2.41294
0.576505 0.62934 2.19022
0.0972625 0.0853351 2.29077
0.138242 0.111336 2.2775
0.64117 0.00853265 2.21416
0.630801 -0.000446199 2.2435
0.470985 0.153155 2.33115
0.525069 0.42892 2.25062
0.574024 0.694361 2.15856
0.642194 0.835973 2.09696
0.419759 0.622888 2.17532
0.264754 0.386126 2.22702
0.136218 0.180224 2.24792
0.107671 0.144928 2.25652
0.723477 0.576265 2.24742
0.693892 0.3111 2.32216
0.65049 0.0805908 2.2441
0.633238 0.0571544 2.22797
0.392764 0.169006 2.27707
0.245465 -0.224976 2.16824
0.118235 -0.591606 2.16733
0.118317 -0.659319 2.06669
0.53513 0.13289 2.31665
0.504994 -0.255334 2.3736
0.451663 -0.600411 2.47041
0.455522 -0.68638 2.41239
0.562557 0.629489 2.18355
0.0855407 0.0809728 2.27759
0.125727 0.107058 2.266
0.625151 0.00860706 2.23126
0.617411 0.0010774 2.2555
0.446706 0.156175 2.32611
0.49267 0.429152 2.23991
0.534584 0.692007 2.14272
0.599953 0.836378 2.08246
0.386713 0.620061 2.16368
0.229887 0.359875 2.22314
0.100138 0.154471 2.24081
0.0835483 0.123661 2.24945
0.706972 0.580737 2.23926
0.664241 0.314693 2.31191
0.629411 0.0800221 2.24396
0.604997 0.0590727 2.23572
0.370862 0.170435 2.27484
0.191354 -0.224588 2.22025
0.0510228 -0.573918 2.25949
0.0276664 -0.651368 2.18753
0.509248 0.137401 2.30864
0.493517 -0.240156 2.36743
0.451389 -0.598784 2.47089
0.455422 -0.685468 2.41187
0.524771 0.627762 2.16897
0.0673678 0.0716994 2.26092
0.108174 0.0928527 2.25137
0.596035 0.0101691 2.23077
0.571565 0.0747116 2.25253
0.42414 0.160774 2.32292
0.461987 0.432307 2.23197
0.495827 0.693792 2.12985
0.543861 0.84393 2.07219
0.346127 0.620412 2.16037
0.20379 0.363103 2.22102
0.0832266 0.151229 2.23021
0.0588571 0.123108 2.23496
0.666206 0.593004 2.21262
0.650147 0.305925 2.30482
0.604263 0.0729431 2.23736
0.585084 0.0984719 2.23895
0.344508 0.171823 2.27539
0.143303 -0.206283 2.24755
-0.0339775 -0.556032 2.32423
-0.0853149 -0.631491 2.2508
0.490529 0.144902 2.30186
0.47706 -0.242326 2.36407
0.45053 -0.596384 2.46992
0.455515 -0.684508 2.41226
0.488 0.629897 2.15736
0.0419622 0.0696403 2.24467
0.0826898 0.0904431 2.23644
0.577161 0.0203856 2.22132
0.542186 0.0759279 2.23962
0.386633 0.165854 2.31816
0.420228 0.435595 2.22381
0.449789 0.695404 2.11825
0.477323 0.851592 2.06203
0.28826 0.624708 2.16136
0.165984 0.363615 2.22496
0.0452885 0.151248 2.22505
0.0260694 0.113256 2.23349
0.618048 0.599135 2.18567
0.630089 0.34122 2.28355
0.57661 0.107226 2.22662
0.554151 0.105369 2.22628
0.307013 0.175076 2.27638
0.0976604 -0.15325 2.25294
-0.111611 -0.525807 2.35261
-0.172064 -0.603981 2.29759
0.454124 0.15166 2.29111
0.453486 -0.235156 2.36
0.444918 -0.595192 2.46989
0.453743 -0.679656 2.41387
0.44302 0.631932 2.14664
0.0229685 0.0544859 2.23425
0.0946289 0.0397427 2.2193
0.538387 0.020755 2.22186
0.517099 0.11578 2.23606
0.301467 0.162313 2.31068
0.328048 0.432225 2.2128
0.351863 0.692368 2.10398
0.362324 0.84987 2.05418
0.19321 0.61877 2.16046
0.0981081 0.362871 2.23484
-0.023738 0.152832 2.25063
-0.0537855 0.118658 2.26286
0.519897 0.594484 2.15231
0.565651 0.343016 2.25648
0.515915 0.111721 2.1847
0.49174 0.0931609 2.18576
0.224322 0.171513 2.27485
0.00996899 -0.147854 2.28324
-0.21665 -0.510562 2.38036
-0.219116 -0.563897 2.27557
0.369545 0.148255 2.27725
0.408166 -0.229619 2.34721
0.437581 -0.599872 2.46913
0.448253 -0.675419 2.41698
0.346364 0.628812 2.13317
-0.0730825 0.0512036 2.27088
-0.0361728 0.0785334 2.25975
0.474307 0.017267 2.18387
0.45215 0.0950019 2.1966
0.202959 0.14395 2.31318
0.224648 0.414795 2.2115
0.244104 0.675848 2.09859
0.249664 0.831093 2.05175
0.0919942 0.610765 2.1679
0.0170693 0.349389 2.24956
-0.10431 0.142067 2.28086
-0.122787 0.127331 2.28986
0.4165 0.573662 2.13702
0.472875 0.33175 2.22765
0.433566 0.0977218 2.15903
0.414102 0.0738416 2.15238
0.126456 0.15235 2.28284
-0.0520636 -0.148184 2.30333
-0.269868 -0.518866 2.39043
-0.278288 -0.572033 2.28646
0.273232 0.131144 2.27403
0.353468 -0.245947 2.33162
0.42893 -0.609023 2.46954
0.445245 -0.675559 2.41181
0.23959 0.61207 2.12884
-0.16123 0.039034 2.3172
-0.0933634 0.114133 2.26333
0.397144 0.00319686 2.14539
0.380992 0.0673292 2.16291
0.0936001 0.117498 2.31755
0.107851 0.389417 2.21294
0.121892 0.651831 2.09704
0.115741 0.805923 2.04972
-0.0388011 0.585874 2.17633
-0.105388 0.321927 2.26811
-0.22026 0.117201 2.32118
-0.230818 0.0885476 2.32737
0.287801 0.554602 2.12722
0.345052 0.313819 2.21111
0.324866 0.080202 2.13278
0.310426 0.0473558 2.12779
0.0187093 0.121834 2.29066
-0.136433 -0.201025 2.32303
-0.313804 -0.55297 2.43467
-0.373137 -0.627198 2.37121
0.165634 0.10956 2.27464
0.286709 -0.246472 2.32466
0.409986 -0.597401 2.45819
0.443138 -0.674352 2.40927
0.118484 0.587687 2.12804
-0.260569 0.00721176 2.35903
-0.154989 0.011293 2.2584
0.302796 -0.0222271 2.12154
0.28101 0.0302051 2.14391
-0.0584551 0.133331 2.33192
-0.0520215 0.402847 2.21945
-0.0459515 0.662678 2.09554
-0.0605269 0.815579 2.04692
-0.204646 0.603351 2.18969
-0.254125 0.343928 2.286
-0.345364 0.128201 2.34055
-0.351718 0.0989472 2.34716
0.113271 0.569807 2.11627
0.175331 0.317521 2.20437
0.170877 0.0811388 2.13311
0.147065 0.0499381 2.12853
-0.128113 0.137801 2.30698
-0.252827 -0.222158 2.31218
-0.351056 -0.571171 2.4565
-0.388197 -0.63333 2.39458
0.0128391 0.124945 2.28696
0.186662 -0.228545 2.32869
0.366296 -0.552371 2.42849
0.402293 -0.643435 2.37946
-0.0474083 0.599188 2.12857
-0.374074 0.00888906 2.3714
-0.302339 0.114561 2.3265
0.140985 -0.0224884 2.11953
0.118083 0.0482093 2.14214
-0.142152 0.169156 2.32566
-0.141939 0.441978 2.21104
-0.14192 0.705249 2.08531
-0.154195 0.852876 2.04134
-0.29432 0.637299 2.19324
-0.335929 0.374073 2.28981
-0.420518 0.154357 2.34018
-0.444049 0.130393 2.34648
0.0230608 0.607875 2.11027
0.0820688 0.354175 2.19106
0.0626243 0.116415 2.12773
0.038815 0.089106 2.12535
-0.211957 0.171855 2.30318
-0.292434 -0.21812 2.33095
-0.368286 -0.578896 2.4482
-0.39531 -0.640516 2.39166
-0.0681037 0.16146 2.27841
0.078193 -0.195682 2.30361
0.254903 -0.569752 2.44231
0.276123 -0.644043 2.39063
-0.142006 0.640931 2.11874
-0.464726 0.0476007 2.36343
-0.400812 0.141002 2.32093
0.0231768 0.0169505 2.11601
0.00497914 0.0943726 2.13394
-0.196749 0.18757 2.32089
-0.199296 0.461486 2.20821
-0.200582 0.725325 2.08461
-0.228534 0.871524 2.0425
-0.361687 0.646751 2.19564
-0.4158 0.383366 2.30071
-0.506092 0.162048 2.33466
-0.527975 0.146371 2.34204
-0.0415434 0.629884 2.1064
0.0285663 0.38238 2.18245
-0.00165541 0.146804 2.11424
-0.0285776 0.121223 2.1033
-0.266103 0.186521 2.29937
-0.32588 -0.208701 2.35403
-0.370841 -0.567047 2.46152
-0.396568 -0.639307 2.39509
-0.121492 0.183033 2.27288
-0.0122963 -0.193239 2.27833
0.0858292 -0.548482 2.4818
0.100606 -0.617468 2.4317
-0.200483 0.66091 2.11749
-0.549319 0.0677605 2.35422
-0.475056 0.165935 2.32429
-0.0564694 0.051481 2.09373
-0.0689941 0.123725 2.10667
-0.239644 0.193527 2.31607
-0.243411 0.468264 2.2061
-0.24569 0.732893 2.08534
-0.283097 0.880482 2.04581
-0.409429 0.655125 2.19817
-0.489215 0.375555 2.31248
-0.571397 0.148901 2.33331
-0.621801 0.110108 2.36174
-0.0880319 0.641411 2.10787
-0.00504981 0.395728 2.17399
-0.0245245 0.159716 2.10284
-0.0582842 0.121172 2.09409
-0.308187 0.191597 2.29585
-0.348986 -0.204797 2.36089
-0.372536 -0.55858 2.47371
-0.396478 -0.633539 2.40162
-0.163893 0.189673 2.26689
-0.0939347 -0.190124 2.26267
-0.021406 -0.533938 2.49999
-0.0400106 -0.603339 2.45432
-0.245389 0.668284 2.11749
-0.628144 0.0651976 2.35793
-0.595946 0.0825489 2.33367
-0.0764085 0.0583566 2.07703
-0.105218 0.140144 2.16736
-0.27142 0.192948 2.30477
-0.281755 0.472726 2.20328
-0.291583 0.742913 2.09207
-0.336852 0.889356 2.05396
-0.456302 0.654413 2.20771
-0.522103 0.38469 2.30247
-0.637604 0.176011 2.33594
-0.666813 0.156578 2.35048
-0.132496 0.648882 2.11019
-0.0342833 0.39178 2.16302
-0.0327333 0.152923 2.10024
-0.0336707 0.106771 2.09703
-0.338695 0.189561 2.28642
-0.372704 -0.200861 2.36079
-0.385422 -0.563401 2.47394
-0.398211 -0.634037 2.40068
-0.195999 0.190586 2.25379
-0.155646 -0.220142 2.30207
-0.114472 -0.56471 2.51976
-0.131542 -0.632515 2.46765
-0.28939 0.676861 2.1217
-0.69499 0.0768663 2.38202
-0.603104 0.190916 2.325
-0.0440563 0.0369219 2.09702
-0.0712988 0.096056 2.09828
-0.295814 0.191622 2.29088
-0.30484 0.474421 2.20185
-0.314044 0.746964 2.1017
-0.360916 0.893102 2.06427
-0.48245 0.661902 2.21553
-0.560123 0.39377 2.3021
-0.675038 0.184822 2.33556
-0.704459 0.157962 2.35158
-0.152933 0.651629 2.1141
-0.0496943 0.392335 2.15567
-0.0190804 0.152279 2.10953
-0.00350217 0.110229 2.11533
-0.360879 0.187198 2.27509
-0.385039 -0.200173 2.36276
-0.388537 -0.564673 2.47332
-0.398205 -0.632775 2.40079
-0.221788 0.190314 2.23738
-0.180431 -0.216581 2.31236
-0.132672 -0.557393 2.52391
-0.145768 -0.626988 2.47568
-0.311921 0.680346 2.12856
-0.72963 0.0799538 2.37753
-0.644617 0.185928 2.3285
0.00360537 0.0314752 2.11748
-0.0440042 0.107818 2.12147
-0.319962 0.192798 2.28238
-0.327254 0.476778 2.20246
-0.333686 0.75035 2.11156
-0.377081 0.896606 2.0749
-0.503059 0.658987 2.21742
-0.589599 0.396689 2.30524
-0.705321 0.187869 2.33683
-0.737546 0.167125 2.35049
-0.170502 0.655973 2.12432
-0.0625974 0.404575 2.16056
-0.00116763 0.169355 2.12241
0.0225164 0.122345 2.12799
-0.387051 0.187268 2.26458
-0.398457 -0.19843 2.36577
-0.392496 -0.563249 2.48309
-0.398203 -0.628617 2.4068
-0.243261 0.19245 2.231
-0.205897 -0.223006 2.27583
-0.141617 -0.549488 2.49568
-0.149487 -0.621276 2.45915
-0.332337 0.6835 2.13617
-0.767276 0.0884192 2.37769
-0.679016 0.18908 2.326
0.0414851 0.0419754 2.1416
-0.00318536 0.0861815 2.11912
-0.330408 0.195527 2.2814
-0.33879 0.479531 2.20472
-0.345654 0.753109 2.11755
-0.386612 0.899655 2.08002
-0.518368 0.659264 2.21692
-0.608486 0.404315 2.29763
-0.733545 0.20025 2.32477
-0.768441 0.167066 2.33679
-0.185138 0.661113 2.13369
-0.0685888 0.416241 2.16872
0.0128497 0.186442 2.13725
0.0409027 0.13407 2.1417
-0.397414 0.188558 2.26215
-0.405506 -0.20026 2.36693
-0.394242 -0.564487 2.48407
-0.399286 -0.629695 2.40642
-0.253574 0.196638 2.23159
-0.223795 -0.232444 2.20787
-0.161792 -0.569428 2.38467
-0.155004 -0.641025 2.35638
-0.344272 0.686269 2.14124
-0.804612 0.0941807 2.36141
-0.712088 0.181309 2.3114
0.0648399 0.063893 2.14771
-0.00576031 0.142137 2.15253
-0.335648 0.200131 2.28118
-0.347137 0.483115 2.20714
-0.35761 0.755562 2.12345
-0.394726 0.9024 2.08313
-0.530307 0.661963 2.21401
-0.634243 0.410285 2.29119
-0.751065 0.198775 2.30123
-0.781903 0.167988 2.30037
-0.196769 0.666257 2.1443
-0.0721269 0.428172 2.18923
0.0241068 0.203638 2.16461
0.0472232 0.155187 2.17422
-0.403763 0.193063 2.25958
-0.413404 -0.219742 2.36843
-0.39381 -0.567667 2.47884
-0.398582 -0.634048 2.40452
-0.257835 0.201332 2.23317
-0.238251 -0.254947 2.12044
-0.190594 -0.611686 2.18898
-0.211792 -0.665527 2.11133
-0.355317 0.689033 2.14621
-0.81241 0.0946398 2.31536
-0.714477 0.196724 2.28238
0.0744874 0.0790707 2.18177
0.0238597 0.119654 2.16618
-0.336244 0.200626 2.28118
-0.349878 0.483055 2.20857
-0.363169 0.754031 2.12695
-0.400109 0.901251 2.0837
-0.532159 0.656685 2.2106
-0.640926 0.407843 2.28306
-0.753232 0.193065 2.28326
-0.775225 0.157795 2.2791
-0.201688 0.668544 2.15266
-0.0732979 0.429133 2.20728
0.0249768 0.205137 2.19149
0.0434532 0.156032 2.20451
-0.404806 0.19343 2.259
-0.417819 -0.241786 2.3869
-0.396165 -0.556293 2.45622
-0.409699 -0.64171 2.39226
-0.257641 0.202333 2.23419
-0.241502 -0.247224 2.06637
-0.235495 -0.59308 2.012
-0.264648 -0.640137 1.91406
-0.360163 0.687923 2.14919
-0.808693 0.0766881 2.29076
-0.7154 0.184573 2.28013
0.0728145 0.0774846 2.22198
-0.00539685 0.164065 2.19994
-0.336633 0.198702 2.28306
-0.351566 0.478002 2.21198
-0.36519 0.746045 2.13086
-0.405155 0.89344 2.08561
-0.533787 0.64658 2.20979
-0.633009 0.395338 2.2729
-0.740317 0.177718 2.26737
-0.763418 0.134282 2.26952
-0.202429 0.664782 2.16207
-0.0721518 0.42019 2.22643
0.025885 0.196152 2.21964
0.0410009 0.149655 2.23616
-0.404682 0.19031 2.25948
-0.426679 -0.160801 2.35309
-0.411378 -0.558408 2.46024
-0.44043 -0.651644 2.40956
-0.258569 0.200806 2.23838
-0.237328 -0.139377 2.0763
-0.272497 -0.507687 1.91869
-0.296446 -0.557123 1.79965
-0.362161 0.680624 2.15306
-0.795872 0.0562523 2.27862
-0.791113 0.0977773 2.2996
0.0722084 0.0748164 2.25262
-0.00389638 0.154135 2.23693
-0.335054 0.197533 2.28562
-0.34893 0.474415 2.21295
-0.359994 0.739656 2.12922
-0.400972 0.887877 2.08255
-0.531269 0.647612 2.20915
-0.61069 0.3823 2.26458
-0.708414 0.160069 2.26015
-0.722874 0.115101 2.27272
-0.19694 0.662946 2.16657
-0.0687097 0.417016 2.23906
0.0302384 0.19435 2.24852
0.0469945 0.15259 2.26819
-0.402705 0.188825 2.26008
-0.426036 -0.210395 2.36643
-0.417264 -0.65098 2.37744
-0.45291 -0.705327 2.37065
-0.257091 0.200219 2.24322
-0.245303 -0.153675 2.05754
-0.269462 -0.511999 1.92117
-0.289772 -0.565175 1.80365
-0.357682 0.674975 2.1522
-0.7439 0.0400146 2.28778
-0.656811 0.150899 2.26717
0.0773064 0.0775993 2.29922
0.0138109 0.132877 2.26225
-0.326571 0.196971 2.28354
-0.338825 0.472908 2.20945
-0.348737 0.737939 2.12441
-0.383197 0.887351 2.07507
-0.521613 0.649073 2.20179
-0.599422 0.385611 2.26363
-0.689221 0.160119 2.26462
-0.703996 0.117037 2.28371
-0.185671 0.66426 2.16493
-0.0637255 0.418911 2.24209
0.0372988 0.197966 2.25848
0.058759 0.154591 2.27331
-0.394399 0.18875 2.25523
-0.404859 -0.24234 2.37463
-0.401602 -0.575555 2.45662
-0.415767 -0.651064 2.38504
-0.248326 0.199238 2.2431
-0.234133 -0.207595 2.03948
-0.22172 -0.551384 2.02687
-0.245193 -0.603543 1.91586
-0.346646 0.673244 2.14766
-0.720599 0.0411338 2.30307
-0.653708 0.136875 2.274
0.0877366 0.0802341 2.29947
0.0315665 0.125466 2.27273
-0.30729 0.196271 2.2804
-0.320202 0.471467 2.20317
-0.330609 0.736137 2.11506
-0.357957 0.888481 2.0663
-0.498295 0.64428 2.18936
-0.587694 0.38195 2.26418
-0.678514 0.157764 2.27621
-0.694841 0.1225 2.30003
-0.16553 0.663742 2.16078
-0.0521442 0.41988 2.23918
0.0476384 0.198414 2.25582
0.0696195 0.15023 2.26279
-0.377794 0.187807 2.25085
-0.389954 -0.226929 2.37396
-0.380085 -0.564511 2.47225
-0.405156 -0.639963 2.39492
-0.227289 0.198844 2.24092
-0.197167 -0.223823 2.07706
-0.133389 -0.571242 2.15009
-0.158081 -0.625 2.06445
-0.328405 0.671515 2.13907
-0.712442 0.0428861 2.32956
-0.63252 0.161417 2.28462
0.0989343 0.0691514 2.29822
0.0289564 0.146007 2.25376
-0.285004 0.193463 2.27881
-0.293383 0.468667 2.1975
-0.299723 0.73359 2.10498
-0.322542 0.886038 2.05459
-0.474299 0.643894 2.17996
-0.56281 0.384847 2.26357
-0.662245 0.165838 2.28623
-0.674363 0.13147 2.31346
-0.137256 0.659858 2.15186
-0.031587 0.413705 2.23035
0.0636502 0.189563 2.24044
0.0860531 0.141231 2.24053
-0.356369 0.185506 2.24822
-0.374407 -0.202697 2.36987
-0.379128 -0.558579 2.47991
-0.399126 -0.632411 2.40167
-0.204844 0.195527 2.24024
-0.145598 -0.220009 2.13819
-0.061668 -0.574688 2.2358
-0.0639082 -0.636776 2.16429
-0.298475 0.668893 2.13011
-0.695611 0.0551298 2.33787
-0.613401 0.158056 2.2805
0.11282 0.0580068 2.26804
0.0373452 0.155951 2.21371
-0.235345 0.179182 2.26991
-0.243888 0.452274 2.18535
-0.250767 0.715124 2.0898
-0.25717 0.869114 2.03742
-0.420695 0.63299 2.1574
-0.49589 0.384476 2.24206
-0.608882 0.179672 2.29558
-0.637264 0.10944 2.33191
-0.0827871 0.643362 2.13986
0.00975061 0.39753 2.2168
0.0939261 0.168436 2.218
0.114923 0.119198 2.21492
-0.30746 0.17371 2.23728
-0.355304 -0.18461 2.35737
-0.379104 -0.54554 2.48047
-0.398183 -0.631354 2.40326
-0.155996 0.17918 2.23311
-0.0670771 -0.238283 2.23235
0.0214153 -0.61554 2.36031
0.0163666 -0.673813 2.28407
-0.249334 0.650945 2.11568
-0.650406 0.0435897 2.366
-0.612604 0.0982526 2.32372
0.138015 0.0271484 2.23977
0.0711606 0.131497 2.21041
-0.184747 0.169235 2.2648
-0.191218 0.443597 2.17955
-0.196125 0.707752 2.0831
-0.194035 0.865358 2.03222
-0.3655 0.627848 2.14056
-0.448049 0.379374 2.22379
-0.555875 0.175225 2.28777
-0.567086 0.127095 2.30489
-0.0294196 0.631842 2.13791
0.0552822 0.38666 2.20754
0.131886 0.154884 2.20609
0.154137 0.108071 2.20836
-0.256565 0.165541 2.23069
-0.324574 -0.175993 2.33793
-0.37693 -0.545164 2.48142
-0.398367 -0.629567 2.40794
-0.10714 0.167736 2.22932
-0.0224474 -0.230813 2.29185
0.0383979 -0.598887 2.38303
0.0298362 -0.667394 2.30578
-0.195146 0.643245 2.10922
-0.594169 0.0503836 2.33064
-0.58697 0.11107 2.27333
0.180361 0.0161828 2.23242
0.116507 0.107978 2.219
-0.123773 0.167017 2.26045
-0.131077 0.443618 2.17305
-0.137267 0.7099 2.07451
-0.124592 0.868978 2.02714
-0.301519 0.622825 2.1173
-0.391786 0.374242 2.1961
-0.494374 0.164127 2.25145
-0.509361 0.116743 2.26866
0.0296691 0.629496 2.13641
0.104182 0.381289 2.20308
0.180381 0.149309 2.19588
0.200355 0.10694 2.19656
-0.195538 0.161578 2.22205
-0.286577 -0.194222 2.32254
-0.36425 -0.552932 2.47522
-0.39971 -0.631201 2.40858
-0.0480509 0.167264 2.22903
0.010687 -0.212458 2.31959
0.0400926 -0.589287 2.39704
0.0352399 -0.666899 2.31347
-0.135897 0.644879 2.10114
-0.527863 0.0440498 2.2928
-0.447897 0.152253 2.236
0.228523 0.0120267 2.21928
0.152467 0.131062 2.2033
-0.0532267 0.170421 2.26181
-0.062571 0.447408 2.17072
-0.0709884 0.714102 2.06845
-0.0538477 0.870536 2.02635
-0.22893 0.619252 2.09766
-0.326713 0.377988 2.16096
-0.422467 0.156569 2.18369
-0.437931 0.112628 2.19177
0.100606 0.636037 2.13587
0.172966 0.378099 2.20849
0.245319 0.144988 2.19902
0.258847 0.119344 2.1996
-0.1268 0.164153 2.22111
-0.226529 -0.202923 2.27692
-0.348189 -0.55805 2.44772
-0.389021 -0.630019 2.39046
0.0220619 0.171447 2.23274
0.0563622 -0.220224 2.3241
0.0498071 -0.584355 2.39982
0.0424602 -0.668967 2.31176
-0.0690112 0.648983 2.09602
-0.461992 0.0281875 2.22381
-0.383055 0.131274 2.178
0.285767 0.0236667 2.20458
0.212156 0.137962 2.20058
-0.0200639 0.172119 2.25958
-0.0281335 0.449407 2.17074
-0.0355073 0.716285 2.07101
-0.0174315 0.87278 2.02661
-0.189941 0.621604 2.09951
-0.283616 0.37322 2.14711
-0.369986 0.145282 2.12892
-0.378944 0.111027 2.1275
0.138155 0.636653 2.13499
0.216035 0.38422 2.21143
0.285408 0.15034 2.20751
0.300314 0.121027 2.21207
-0.0950787 0.167344 2.22023
-0.188406 -0.212128 2.24633
-0.313978 -0.568178 2.42167
-0.342498 -0.63828 2.36266
0.0557036 0.171509 2.2291
0.0769744 -0.209298 2.32073
0.0564892 -0.584043 2.40313
0.0460251 -0.666596 2.31214
-0.0337493 0.651129 2.09792
-0.406057 0.0204447 2.1437
-0.327311 0.133114 2.12795
0.329116 0.02965 2.22111
0.268707 0.114068 2.20353
-0.00100355 0.171209 2.2542
-0.0073619 0.449326 2.16833
-0.0108338 0.717292 2.07205
0.00629469 0.87335 2.02681
-0.163735 0.624979 2.10404
-0.246038 0.373989 2.14426
-0.328386 0.146506 2.10207
-0.328248 0.117316 2.0899
0.162799 0.63695 2.13474
0.242258 0.387922 2.21145
0.317314 0.156693 2.22088
0.337512 0.120715 2.2306
-0.0765486 0.168319 2.2157
-0.1358 -0.23213 2.23729
-0.192847 -0.588718 2.39689
-0.201463 -0.65527 2.32423
0.0746396 0.168745 2.22289
0.0873147 -0.223245 2.31982
0.0598122 -0.585868 2.4027
0.046649 -0.668008 2.31162
-0.0101156 0.651873 2.09807
-0.353176 0.0251384 2.07911
-0.285706 0.124536 2.11617
0.370333 0.0292368 2.24673
0.28984 0.139183 2.21343
0.0137709 0.165976 2.2454
0.0079385 0.446346 2.16588
0.0037499 0.715908 2.07458
0.0219529 0.87113 2.02859
-0.150803 0.623178 2.10582
-0.228012 0.3732 2.14397
-0.306695 0.145015 2.09742
-0.308182 0.11326 2.08949
0.179193 0.633282 2.139
0.256319 0.385184 2.2134
0.336314 0.156816 2.23257
0.360644 0.103795 2.25123
-0.0615414 0.162738 2.20636
-0.0945782 -0.250392 2.25781
-0.121481 -0.59352 2.38189
-0.145682 -0.662599 2.31217
0.0886501 0.164033 2.21461
0.0974137 -0.234 2.31732
0.0596751 -0.589438 2.40075
0.0453461 -0.670587 2.31086
0.00464423 0.650118 2.09943
-0.33122 0.0214856 2.08263
-0.267249 0.118136 2.11336
0.387487 0.0167189 2.29608
0.323916 0.102993 2.2544
0.0241888 0.162635 2.23597
0.0188754 0.444821 2.16103
0.0142352 0.716069 2.0743
0.0328423 0.871263 2.02989
-0.14075 0.62268 2.10394
-0.22216 0.36773 2.14187
-0.304278 0.13811 2.12257
-0.318923 0.101795 2.13958
0.188678 0.631075 2.13788
0.265475 0.375978 2.2148
0.341787 0.146957 2.23792
0.345206 0.0909779 2.25175
-0.0510787 0.15935 2.19638
-0.0935203 -0.254501 2.26439
-0.128017 -0.595418 2.38691
-0.144725 -0.663463 2.31196
0.0986921 0.160822 2.20572
0.100878 -0.236801 2.31451
0.0602414 -0.590391 2.40054
0.0454686 -0.670542 2.31148
0.0153043 0.649863 2.09802
-0.342261 0.0102388 2.15651
-0.270096 0.123733 2.13244
0.369822 0.0049639 2.2999
0.298257 0.11744 2.24767
0.0276501 0.160501 2.22838
0.0234879 0.444539 2.15563
0.019711 0.717476 2.071
0.0369211 0.871919 2.02943
-0.136557 0.621399 2.1004
-0.218589 0.363335 2.14512
-0.298137 0.134441 2.16221
-0.31944 0.0687205 2.20548
0.192089 0.630846 2.13428
0.265481 0.365863 2.21248
0.320698 0.130721 2.23552
0.313318 0.0902134 2.2378
-0.0473487 0.157195 2.18807
-0.0964927 -0.25439 2.27331
-0.130373 -0.594076 2.38949
-0.144995 -0.663599 2.31253
0.101779 0.158763 2.1988
0.101671 -0.234614 2.31002
0.060244 -0.589506 2.40079
0.0455908 -0.671424 2.31121
0.0205811 0.65085 2.0942
-0.328124 0.00107236 2.22728
-0.287 0.073072 2.18853
0.336927 -0.0062478 2.2738
0.284804 0.0808952 2.2434
0.0288258 0.158555 2.22424
0.0249835 0.443811 2.15174
0.0214241 0.718034 2.06757
0.0382966 0.872048 2.02848
-0.134209 0.620014 2.09708
-0.209284 0.355452 2.15176
-0.276242 0.127643 2.19632
-0.287834 0.0708917 2.24044
0.1935 0.630225 2.13184
0.255943 0.359351 2.20302
0.276946 0.117387 2.21731
0.28044 0.0498404 2.23249
-0.0459298 0.155162 2.18375
-0.099426 -0.258758 2.28607
-0.128651 -0.588222 2.39636
-0.145111 -0.663239 2.31447
0.102688 0.156965 2.19484
0.0999512 -0.235422 2.30303
0.0580181 -0.591001 2.40112
0.0453161 -0.672143 2.31093
0.0222668 0.65109 2.09065
-0.296641 0.00573695 2.26518
-0.279287 0.038751 2.275
0.293554 -0.0232106 2.26618
0.252802 0.0508877 2.219
0.0261694 0.15585 2.2196
0.0238365 0.442225 2.14777
0.0210936 0.717432 2.0644
0.0376624 0.871329 2.02637
-0.133867 0.619672 2.0949
-0.196452 0.359444 2.151
-0.246728 0.129908 2.20552
-0.244026 0.0972041 2.22153
0.192766 0.625951 2.12432
0.236964 0.360998 2.1814
0.24707 0.117494 2.18768
0.234859 0.045365 2.20474
-0.0482816 0.15221 2.18026
-0.102084 -0.257934 2.28946
-0.129646 -0.587854 2.39947
-0.145987 -0.663229 2.31532
0.0997715 0.154609 2.18892
0.096847 -0.237993 2.29738
0.057197 -0.594032 2.40148
0.0446889 -0.673348 2.31003
0.0218001 0.650262 2.08728
-0.255556 0.00419699 2.26671
-0.201726 0.113493 2.1896
0.250297 -0.0242886 2.23171
0.192248 0.0274621 2.15686
0.0214641 0.154562 2.21638
0.0208769 0.440991 2.14503
0.0196487 0.716413 2.06229
0.0358593 0.870346 2.02457
-0.134695 0.619671 2.09405
-0.192039 0.361323 2.1485
-0.23728 0.129956 2.20047
-0.242126 0.0604155 2.23149
0.189936 0.624327 2.12024
0.234426 0.359857 2.17823
0.243112 0.116087 2.18146
0.232132 0.0437967 2.19703
-0.052306 0.151135 2.17821
-0.104314 -0.251666 2.28813
-0.129823 -0.58739 2.3999
-0.14622 -0.662952 2.31594
0.0945223 0.153128 2.18443
0.094349 -0.238455 2.29435
0.0566316 -0.594252 2.4013
0.0438929 -0.672795 2.31142
0.0200151 0.649179 2.085
-0.245057 -0.011328 2.26734
-0.21682 0.039732 2.23536
0.243467 -0.0303148 2.22511
0.191687 0.0270391 2.15726
0.0146302 0.151283 2.20822
0.0146072 0.438339 2.13876
0.0143354 0.714412 2.0579
0.0287485 0.867677 2.01934
-0.139717 0.618333 2.09008
-0.190579 0.362391 2.14032
-0.231318 0.128044 2.18424
-0.23986 0.0781377 2.19246
0.185871 0.622623 2.11686
0.231656 0.356309 2.17252
0.241692 0.112679 2.17696
0.239711 0.0454215 2.19095
-0.0593352 0.147899 2.16917
-0.10671 -0.247768 2.2864
-0.131301 -0.586689 2.40229
-0.146562 -0.66278 2.31649
0.0881321 0.149907 2.1773
0.0917893 -0.238406 2.28918
0.0551036 -0.594683 2.40009
0.0432818 -0.672544 2.31239
0.0144334 0.647009 2.08014
-0.246606 -0.0139147 2.23101
-0.187635 0.034913 2.151
0.257969 -0.0298003 2.21737
0.190865 0.0263683 2.15708
0.00788201 0.14924 2.20021
0.00889343 0.436326 2.13263
0.00975959 0.712508 2.05366
0.0229246 0.866591 2.01593
-0.145659 0.61767 2.08598
-0.199669 0.357521 2.13317
-0.243059 0.121133 2.16516
-0.253806 0.0826413 2.16112
0.181126 0.621871 2.11256
0.230082 0.35264 2.17043
0.242184 0.109175 2.17557
0.244165 0.0427822 2.18773
-0.0656727 0.14643 2.16124
-0.109962 -0.247759 2.28656
-0.131802 -0.587636 2.40347
-0.146778 -0.662636 2.31737
0.0811775 0.147311 2.16925
0.0900758 -0.238368 2.28662
0.054359 -0.59445 2.39983
0.0428145 -0.672638 2.31247
0.00956293 0.645068 2.07543
-0.267328 -0.0142066 2.18743
-0.189678 0.0683511 2.13468
0.261809 -0.029267 2.2157
0.19031 0.0263942 2.1614
0.006713 0.149049 2.19836
0.00613074 0.436071 2.13033
0.00423228 0.712179 2.05062
0.0183487 0.866468 2.01308
-0.150227 0.616746 2.08293
-0.208887 0.346944 2.12833
-0.255188 0.108562 2.14263
-0.264288 0.0787251 2.13453
0.176346 0.62164 2.1092
0.226568 0.351332 2.16693
0.240701 0.108156 2.17442
0.234296 0.0418417 2.1906
-0.0666419 0.146164 2.15929
-0.112129 -0.246199 2.28515
-0.13256 -0.586061 2.40411
-0.146742 -0.662185 2.31797
0.0798614 0.147126 2.16739
0.0880298 -0.236931 2.28437
0.0534907 -0.594312 2.40019
0.0427528 -0.673022 2.31249
0.00481379 0.644758 2.07258
-0.277726 -0.0206824 2.15626
-0.191298 0.0753004 2.1265
0.251197 -0.0297135 2.21104
0.184958 0.020213 2.15812
0.00620953 0.149239 2.19721
0.00359179 0.435786 2.12817
-0.000297124 0.711154 2.04766
0.0135151 0.865531 2.00992
-0.154885 0.616462 2.07961
-0.215013 0.341865 2.1207
-0.263019 0.102794 2.12199
-0.270603 0.0782614 2.11388
0.171685 0.621268 2.1064
0.217492 0.355178 2.16276
0.236405 0.112452 2.17186
0.21336 0.0395699 2.18815
-0.0670525 0.145786 2.15805
-0.11429 -0.242896 2.28282
-0.132965 -0.586071 2.40377
-0.146954 -0.662026 2.31784
0.0792261 0.147956 2.16624
0.085162 -0.235381 2.28203
0.0530321 -0.594663 2.40023
0.042324 -0.673113 2.31299
0.00073632 0.643936 2.06979
-0.282344 -0.0179042 2.12679
-0.239854 0.0738349 2.1238
0.228005 -0.0307261 2.21072
0.179298 0.0432464 2.14441
