-0.114134 -0.0445365 2.27377
-0.116355 0.25435 2.24492
-0.118032 0.543029 2.2038
-0.102442 0.686625 2.18119
-0.272137 0.421358 2.18036
-0.33436 0.179687 2.21037
-0.415655 -0.023949 2.20601
-0.418371 -0.0653872 2.19791
0.0485045 0.413746 2.20783
0.117836 0.168593 2.2664
0.186833 -0.0399324 2.2625
0.180787 -0.06 2.25563
-0.183272 -0.0454681 2.23094
-0.204269 -0.339166 2.3288
-0.223397 -0.65357 2.38835
-0.225536 -0.735631 2.29813
-0.041425 -0.0421999 2.24441
-0.0191889 -0.336513 2.33426
-0.0205988 -0.650899 2.3976
-0.00730707 -0.737951 2.3124
-0.117726 0.472307 2.21626
-0.429387 -0.142281 2.21854
-0.433532 -0.0733817 2.16301
0.198312 -0.144842 2.27563
0.165792 -0.0767323 2.22004
-0.115338 -0.044679 2.27372
-0.118056 0.254078 2.24483
-0.120195 0.542615 2.20365
-0.105675 0.685847 2.18099
-0.274733 0.420521 2.18036
-0.334998 0.176379 2.21086
-0.414703 -0.027961 2.20406
-0.414653 -0.0660382 2.19703
0.045858 0.414243 2.20858
0.115923 0.169261 2.26613
0.185111 -0.0391953 2.26252
0.177693 -0.0598533 2.25783
-0.18444 -0.0456549 2.23085
-0.204658 -0.339304 2.32888
-0.223456 -0.653615 2.38835
-0.225491 -0.735875 2.29822
-0.0426437 -0.0422974 2.24439
-0.0201015 -0.336301 2.33393
-0.0207231 -0.650824 2.39744
-0.00731434 -0.737824 2.31223
-0.119778 0.471929 2.21613
-0.420904 -0.142487 2.21205
-0.42795 -0.0714393 2.16222
0.197282 -0.139138 2.27576
0.162861 -0.088923 2.22677
-0.11676 -0.0447265 2.27418
-0.121235 0.254004 2.2456
-0.12546 0.542595 2.20491
-0.111013 0.686697 2.18189
-0.278658 0.418923 2.181
-0.335223 0.174173 2.21111
-0.410415 -0.0319632 2.20104
-0.410643 -0.0701631 2.1956
0.0419494 0.415812 2.21135
0.111274 0.171014 2.26765
0.178284 -0.0380999 2.26577
0.171983 -0.0589314 2.26543
-0.186055 -0.045862 2.23141
-0.20663 -0.340718 2.32993
-0.223743 -0.653073 2.3881
-0.225382 -0.735537 2.30012
-0.0438398 -0.042207 2.24479
-0.0222382 -0.338613 2.33502
-0.0212492 -0.650762 2.39727
-0.0078356 -0.737122 2.31204
-0.124505 0.471887 2.21725
-0.416935 -0.148161 2.21651
-0.429335 -0.0833867 2.16221
0.192468 -0.146246 2.29006
0.159358 -0.0846996 2.23109
-0.117889 -0.0445049 2.27541
-0.122653 0.254088 2.24612
-0.127159 0.542565 2.20476
-0.113949 0.687066 2.18241
-0.279824 0.418837 2.18107
-0.335922 0.172571 2.21094
-0.409932 -0.0340022 2.19966
-0.412158 -0.0703875 2.19429
0.0392101 0.417876 2.21361
0.108627 0.171932 2.26966
0.175189 -0.037099 2.27177
0.17293 -0.0593194 2.2738
-0.18693 -0.0458734 2.23202
-0.207924 -0.3423 2.33101
-0.223998 -0.653107 2.38847
-0.225598 -0.736017 2.30145
-0.0452268 -0.0416523 2.24682
-0.0229567 -0.339424 2.33613
-0.0215307 -0.650314 2.39725
-0.00796265 -0.736435 2.31135
-0.126126 0.471885 2.21727
-0.420016 -0.14871 2.21466
-0.429617 -0.085296 2.16135
0.189036 -0.14143 2.29529
0.157367 -0.0694912 2.2385
-0.118414 -0.0444865 2.27605
-0.123652 0.254052 2.24655
-0.128621 0.542448 2.20488
-0.116415 0.68681 2.18236
-0.281601 0.418515 2.18143
-0.336276 0.171874 2.21072
-0.41018 -0.0347344 2.19928
-0.413384 -0.0696188 2.19331
0.0373754 0.418532 2.21482
0.107538 0.172383 2.27269
0.174158 -0.0366165 2.27499
0.172081 -0.0572321 2.27455
-0.187421 -0.0460179 2.2326
-0.208262 -0.342534 2.33105
-0.224378 -0.653067 2.38888
-0.225891 -0.736603 2.30206
-0.045746 -0.0414659 2.2475
-0.0236981 -0.339261 2.33663
-0.0217155 -0.650487 2.39735
-0.00787488 -0.736433 2.3114
-0.127477 0.471794 2.21748
-0.423664 -0.14682 2.21384
-0.425224 -0.0820119 2.15974
0.187911 -0.141057 2.29502
0.159227 -0.0829664 2.24031
-0.119421 -0.0444786 2.27731
-0.125033 0.253814 2.2472
-0.130443 0.541939 2.20487
-0.118925 0.686614 2.18229
-0.282586 0.41831 2.18127
-0.336966 0.170136 2.21047
-0.409233 -0.0370548 2.19742
-0.409311 -0.0716338 2.18907
0.0349375 0.418222 2.21681
0.105015 0.173388 2.27565
0.173276 -0.0350565 2.27828
0.168311 -0.0570788 2.2767
-0.188294 -0.0461134 2.23358
-0.209479 -0.342869 2.33086
-0.224555 -0.653014 2.38883
-0.225759 -0.736403 2.301
-0.0468122 -0.0413632 2.24903
-0.0238293 -0.33893 2.33749
-0.0219167 -0.650782 2.39715
-0.00698483 -0.73705 2.31095
-0.129185 0.471361 2.21766
-0.415712 -0.147122 2.20722
-0.426491 -0.0851532 2.15617
0.183639 -0.140397 2.29971
0.15182 -0.0754846 2.24517
-0.120101 -0.0444541 2.27869
-0.126572 0.253807 2.24798
-0.133011 0.541931 2.20492
-0.120255 0.686417 2.18166
-0.283533 0.418057 2.18124
-0.337105 0.169253 2.21048
-0.407376 -0.0386276 2.19617
-0.405133 -0.0721868 2.19001
0.0332338 0.41861 2.21736
0.103481 0.174208 2.27789
0.172469 -0.0340138 2.2803
0.1684 -0.0566467 2.27825
-0.188878 -0.0462656 2.23449
-0.211467 -0.345653 2.33191
-0.224637 -0.653086 2.38893
-0.226702 -0.736232 2.30239
-0.0475465 -0.0411267 2.25092
-0.0254889 -0.338687 2.33558
-0.0219231 -0.650595 2.39674
-0.00671431 -0.73724 2.31081
-0.131484 0.47135 2.21791
-0.4129 -0.151942 2.21284
-0.423191 -0.0842394 2.15694
0.183043 -0.133097 2.29214
0.14835 -0.0640249 2.2443
-0.121116 -0.0442356 2.28062
-0.127374 0.253819 2.24802
-0.134211 0.541689 2.20293
-0.120038 0.68656 2.18093
-0.28421 0.417487 2.17917
-0.336909 0.167683 2.21088
-0.405922 -0.0406225 2.19645
-0.403315 -0.0721317 2.19302
0.0322182 0.419377 2.21753
0.104483 0.174012 2.28414
0.174509 -0.0340109 2.284
0.175085 -0.0498887 2.28367
-0.189886 -0.0464017 2.2358
-0.214542 -0.346249 2.33309
-0.224877 -0.652978 2.38872
-0.227646 -0.736959 2.30307
-0.0485277 -0.0404909 2.25357
-0.0218886 -0.338234 2.28979
-0.0145285 -0.650737 2.39558
0.00130827 -0.73169 2.31425
-0.132592 0.471196 2.21663
-0.409393 -0.147002 2.20541
-0.418509 -0.0850398 2.15732
0.185638 -0.129524 2.29836
0.157747 -0.0748306 2.25041
-0.118809 -0.0434742 2.28527
-0.124221 0.253305 2.24856
-0.127195 0.539313 2.19879
-0.107453 0.68484 2.17664
-0.274448 0.416465 2.17344
-0.333142 0.164075 2.21114
-0.403872 -0.0436274 2.19695
-0.400388 -0.0733252 2.19749
0.0398844 0.419878 2.22024
0.112869 0.172479 2.29317
0.187689 -0.033975 2.28978
0.195468 -0.0498937 2.29299
-0.18812 -0.046255 2.23898
-0.214885 -0.343188 2.33613
-0.225686 -0.652437 2.38876
-0.228961 -0.737668 2.30226
-0.045757 -0.0390931 2.2597
0.0198959 -0.330672 2.24871
0.0539907 -0.646089 2.39729
0.0897367 -0.713495 2.32628
-0.12674 0.469367 2.21387
-0.411914 -0.148711 2.21876
-0.419081 -0.0861312 2.1622
0.211301 -0.127417 2.30623
0.177814 -0.0648081 2.26041
-0.0856229 -0.0431618 2.28852
-0.0821481 0.251738 2.25149
-0.0781886 0.536557 2.20195
-0.0489405 0.681789 2.18096
-0.227327 0.420464 2.16771
-0.301825 0.164275 2.21051
-0.381679 -0.0400544 2.19501
-0.370385 -0.078651 2.19258
0.0813736 0.414137 2.22834
0.145489 0.160675 2.30937
0.223974 -0.0444069 2.3004
0.226243 -0.0677834 2.29462
-0.156947 -0.0443582 2.24036
-0.208141 -0.333365 2.33472
-0.22744 -0.651781 2.39175
-0.229161 -0.737919 2.30197
-0.0114777 -0.0406106 2.26451
0.101149 -0.327144 2.2605
0.221485 -0.615655 2.40168
0.280518 -0.687012 2.33398
-0.0792641 0.466789 2.21657
-0.378205 -0.136411 2.21037
-0.38601 -0.0979108 2.1611
0.246219 -0.144962 2.31471
0.137597 -0.10721 2.23882
-0.0386198 -0.0472145 2.28709
-0.0308615 0.247629 2.25253
-0.0225446 0.53245 2.20537
0.0159634 0.675049 2.18705
-0.168945 0.415014 2.16687
-0.253264 0.173579 2.20428
-0.342288 -0.0269682 2.18668
-0.33405 -0.0603748 2.18315
0.138421 0.403955 2.23472
0.189547 0.155037 2.30614
0.259073 -0.0531913 2.29721
0.270905 -0.0711985 2.286
-0.112446 -0.0443007 2.23493
-0.18611 -0.339139 2.33418
-0.224015 -0.650624 2.39206
-0.229011 -0.738027 2.29882
0.0366641 -0.0488634 2.26707
0.165908 -0.336262 2.29171
0.300384 -0.640194 2.40641
0.343298 -0.710002 2.33682
-0.0246741 0.462671 2.21938
-0.348348 -0.13462 2.20224
-0.348979 -0.0707864 2.149
0.284948 -0.152609 2.3003
0.251824 -0.0930252 2.24967
0.0312451 -0.057528 2.29006
0.050507 0.237053 2.25482
0.0690873 0.521857 2.20706
0.102298 0.668252 2.19569
-0.0862098 0.407967 2.16673
-0.186396 0.17086 2.20892
-0.283428 -0.0258848 2.18751
-0.2836 -0.066703 2.18396
0.22751 0.387434 2.24007
0.261203 0.132903 2.29858
0.332648 -0.0742716 2.27823
0.337923 -0.0856619 2.26837
-0.0429126 -0.0518093 2.23766
-0.150317 -0.349081 2.3273
-0.215371 -0.663585 2.39254
-0.227649 -0.737541 2.29691
0.104432 -0.0615573 2.27018
0.213866 -0.341409 2.30842
0.331472 -0.655885 2.41126
0.369097 -0.726798 2.33605
0.0645673 0.452057 2.22122
-0.296126 -0.119647 2.18897
-0.29993 -0.0650329 2.14639
0.351158 -0.175127 2.28687
0.326789 -0.101419 2.2276
0.139141 -0.0546156 2.30276
0.171284 0.239096 2.26191
0.202318 0.522962 2.20862
0.238937 0.666279 2.19897
0.0499498 0.40972 2.16704
-0.0665978 0.173265 2.22141
-0.173027 -0.0188465 2.21901
-0.183866 -0.0526559 2.21945
0.349577 0.386086 2.24904
0.376528 0.120659 2.29693
0.42718 -0.0888214 2.24519
0.423972 -0.0874867 2.23185
0.0651484 -0.044339 2.25082
-0.0755705 -0.340528 2.29006
-0.197866 -0.647958 2.36691
-0.225179 -0.734969 2.29442
0.208807 -0.0631624 2.28259
0.278429 -0.35743 2.31089
0.333373 -0.661462 2.41411
0.370869 -0.730507 2.34035
0.194781 0.453408 2.22415
-0.206651 -0.103902 2.24402
-0.199527 -0.0504263 2.18315
0.434289 -0.171296 2.23782
0.405342 -0.0922138 2.19361
0.202656 -0.0404492 2.31649
0.239565 0.252868 2.27258
0.274133 0.536332 2.21657
0.315854 0.678154 2.20131
0.120591 0.425028 2.17717
0.0017718 0.185947 2.22732
-0.105367 -0.00583774 2.22824
-0.112227 -0.040659 2.23105
0.418905 0.391581 2.25008
0.438312 0.141993 2.29496
0.470244 -0.0686508 2.23107
0.473408 -0.0664532 2.21039
0.128036 -0.0285076 2.26695
-0.00101005 -0.309937 2.22616
-0.155382 -0.609575 2.33033
-0.198615 -0.710499 2.27289
0.271198 -0.0509828 2.29422
0.310702 -0.34825 2.32372
0.339722 -0.661447 2.41641
0.370528 -0.732356 2.34542
0.265876 0.466875 2.23274
-0.13506 -0.0908775 2.25642
-0.116467 -0.0563659 2.1932
0.480449 -0.150181 2.19865
0.448974 -0.0763507 2.17733
0.25001 -0.0281924 2.31885
0.287211 0.263782 2.27717
0.322351 0.546022 2.22378
0.364931 0.683722 2.2035
0.165647 0.436516 2.18979
0.0496206 0.197478 2.23915
-0.0636797 0.00865255 2.22653
-0.0649744 -0.0271805 2.22566
0.468027 0.402071 2.25194
0.478498 0.150899 2.28975
0.507139 -0.055874 2.21088
0.506457 -0.0644574 2.19213
0.175105 -0.0134517 2.27179
0.0581787 -0.276927 2.19189
-0.0903746 -0.536152 2.35071
-0.126107 -0.607338 2.29631
0.317403 -0.0417434 2.29396
0.338569 -0.333323 2.33554
0.350834 -0.65634 2.41956
0.371426 -0.732937 2.34964
0.313948 0.476862 2.23925
-0.0874076 -0.0796036 2.24294
-0.033 -0.0291316 2.20158
0.510297 -0.144267 2.17837
0.480278 -0.0680614 2.16156
0.294268 -0.022533 2.32325
0.33007 0.270209 2.284
0.363048 0.553083 2.23281
0.40558 0.689517 2.21045
0.198864 0.443917 2.20234
0.0897435 0.205992 2.25347
-0.0266647 0.0190164 2.23595
-0.0311991 -0.0168518 2.23548
0.504625 0.40265 2.254
0.519582 0.148774 2.28633
0.528734 -0.0566505 2.19818
0.526989 -0.0640437 2.18447
0.221842 -0.00574582 2.2792
0.122961 -0.22416 2.10428
-0.0152546 -0.458277 2.32212
0.000236875 -0.510062 2.20136
0.357612 -0.0385048 2.29568
0.357994 -0.323404 2.34075
0.356541 -0.652531 2.42047
0.370626 -0.732051 2.35275
0.355266 0.483772 2.24775
-0.0609887 -0.0665514 2.26053
-0.00401956 -0.0234058 2.21246
0.52504 -0.145749 2.17366
0.498351 -0.0726573 2.14864
0.312469 -0.0201575 2.32163
0.351696 0.272286 2.28471
0.3882 0.554826 2.23619
0.427568 0.693274 2.21501
0.225025 0.447634 2.20943
0.110651 0.208241 2.25966
-0.00237293 0.0190452 2.24884
-0.00292131 0.000905628 2.25107
0.531968 0.404256 2.25402
0.535156 0.149259 2.28327
0.536555 -0.0564765 2.1952
0.537236 -0.0618976 2.18616
0.239325 -0.00294872 2.2779
0.141533 -0.23571 2.12724
0.0056339 -0.459003 2.35665
-0.0377388 -0.52904 2.33795
0.375961 -0.0366971 2.29375
0.371256 -0.323328 2.34469
0.359993 -0.651116 2.42089
0.370755 -0.732003 2.35502
0.379548 0.485598 2.25043
-0.035032 -0.063795 2.265
-0.0192757 -0.0163773 2.21329
0.534792 -0.14392 2.1762
0.5073 -0.0662639 2.15148
0.326043 -0.0199815 2.31801
0.366874 0.272106 2.28425
0.405093 0.554412 2.23881
0.446317 0.692088 2.21676
0.242256 0.44658 2.21123
0.126461 0.206694 2.26371
0.0118987 0.0184866 2.25798
0.00552086 -0.0164738 2.2631
0.546426 0.404358 2.25312
0.549587 0.146631 2.28197
0.550942 -0.0589174 2.19346
0.545063 -0.0875789 2.17682
0.252453 -0.00269524 2.27559
0.150361 -0.244557 2.14996
0.0126758 -0.461464 2.37371
-0.0255977 -0.534574 2.32515
0.389636 -0.0366188 2.28883
0.38191 -0.321594 2.34508
0.361734 -0.650825 2.4226
0.37197 -0.732874 2.35895
0.396013 0.485229 2.25228
-0.0195827 -0.065216 2.28134
0.0316478 -0.0245667 2.23838
0.541709 -0.150838 2.17291
0.514596 -0.075261 2.15276
0.331419 -0.0194391 2.3169
0.375489 0.272336 2.28289
0.417778 0.553972 2.23656
0.458036 0.692392 2.21585
0.255011 0.446964 2.21084
0.132989 0.205874 2.26458
0.0187096 0.0174877 2.25906
0.00886022 -0.0141491 2.26351
0.558826 0.403486 2.25096
0.559462 0.144828 2.27849
0.559678 -0.0612844 2.19145
0.553026 -0.0908233 2.17391
0.258015 -0.00158234 2.27437
0.152779 -0.243976 2.1537
0.0151732 -0.459994 2.37947
-0.0236221 -0.532778 2.33019
0.394698 -0.0366066 2.28787
0.386957 -0.325148 2.34312
0.363776 -0.650441 2.42322
0.372771 -0.732413 2.3578
0.407624 0.484985 2.25032
-0.0177901 -0.0609519 2.28287
0.0328086 -0.0234371 2.23791
0.551421 -0.159192 2.17997
0.520132 -0.0889238 2.14617
0.33196 -0.0195978 2.31774
0.378521 0.271952 2.28249
0.424211 0.553091 2.23396
0.466259 0.689877 2.21193
0.257871 0.446877 2.21045
0.135411 0.205819 2.26458
0.0185288 0.0189814 2.25745
-0.00206482 -0.00548477 2.25654
0.561964 0.401793 2.2488
0.564707 0.143939 2.27326
0.562927 -0.0627532 2.18775
0.549738 -0.0909587 2.16599
0.258951 -0.00140119 2.27574
0.144226 -0.225482 2.12265
0.0150254 -0.447901 2.35645
0.0261522 -0.499689 2.23488
0.394953 -0.0369552 2.28838
0.387748 -0.324949 2.34032
0.36483 -0.650452 2.42365
0.373295 -0.731945 2.35742
0.413222 0.484226 2.24834
-0.0271238 -0.0514254 2.2772
0.0254404 -0.0177998 2.2325
0.548829 -0.154432 2.16444
0.514287 -0.0965246 2.13457
0.323889 -0.0177045 2.31751
0.376926 0.271634 2.27938
0.426582 0.551071 2.22687
0.465455 0.685022 2.19995
0.259187 0.447388 2.20813
0.129023 0.206953 2.26487
0.00273976 0.0263317 2.25677
-0.0210229 0.00163703 2.25951
0.561734 0.401353 2.24516
0.562066 0.14198 2.26163
0.557119 -0.0668621 2.1823
0.529808 -0.0943191 2.15786
0.249369 0.00388225 2.27533
0.108307 -0.227315 2.17691
-0.0210333 -0.449542 2.40098
-0.0840458 -0.505096 2.35363
0.387729 -0.0379037 2.28818
0.382332 -0.322332 2.33492
0.365308 -0.650711 2.423
0.37388 -0.731452 2.35559
0.414568 0.482666 2.24234
-0.0507584 -0.0401283 2.2772
0.00780208 -0.0131023 2.24289
0.529499 -0.157174 2.15334
0.49345 -0.0900315 2.14685
0.310894 -0.0194558 2.3141
0.364321 0.268724 2.27219
0.413934 0.547075 2.21702
0.450874 0.681482 2.18664
0.244906 0.446427 2.20526
0.110839 0.207672 2.26709
-0.0157986 0.0277498 2.26757
-0.0396061 0.00357615 2.27595
0.55001 0.397341 2.23005
0.547888 0.141832 2.24999
0.539174 -0.0670409 2.17093
0.508426 -0.0956173 2.14669
0.235562 0.000743775 2.27145
0.0658334 -0.273308 2.22038
-0.0759637 -0.498794 2.37608
-0.14004 -0.565575 2.32245
0.376292 -0.0389561 2.28514
0.374606 -0.320348 2.33001
0.365522 -0.650755 2.42293
0.374973 -0.731432 2.35464
0.402085 0.478903 2.23307
-0.0662359 -0.0385508 2.28863
-0.0375932 -0.00271689 2.29086
0.505334 -0.166947 2.14148
0.481183 -0.0835465 2.12297
0.279348 -0.0284194 2.30495
0.330967 0.26147 2.26143
0.378765 0.541778 2.20574
0.416142 0.674649 2.17239
0.212451 0.443606 2.19726
0.0868884 0.208155 2.26781
-0.0395611 0.0297139 2.2822
-0.0666452 0.00264062 2.29045
0.517309 0.387327 2.20985
0.519097 0.139131 2.23501
0.511486 -0.0712456 2.16051
0.486185 -0.0799189 2.14249
0.202901 -0.011003 2.26424
0.0374746 -0.309482 2.2442
-0.112781 -0.579479 2.34782
-0.167477 -0.657966 2.27801
0.346723 -0.0450829 2.27373
0.359259 -0.326377 2.32153
0.365107 -0.651102 2.42234
0.375299 -0.732172 2.35685
0.367396 0.473079 2.22182
-0.0890076 -0.0462414 2.30394
-0.0492115 -0.0169878 2.2746
0.481641 -0.16704 2.1303
0.448738 -0.089087 2.11744
0.222893 -0.0458444 2.29598
0.259924 0.24566 2.24861
0.293759 0.52767 2.18885
0.330822 0.663912 2.15861
0.131342 0.426517 2.18474
0.0242076 0.194109 2.26554
-0.0971071 0.0150963 2.29404
-0.120658 -0.0187994 2.30034
0.428174 0.372109 2.18741
0.451173 0.134116 2.21761
0.451115 -0.0775867 2.14731
0.431918 -0.0898669 2.12603
0.146109 -0.0324799 2.25742
0.00468272 -0.336356 2.27254
-0.12312 -0.633852 2.34008
-0.151967 -0.717953 2.26363
0.292628 -0.0578007 2.26262
0.32922 -0.339969 2.30547
0.361595 -0.655599 2.42018
0.374838 -0.73371 2.35426
0.285766 0.458553 2.20598
-0.140223 -0.0736225 2.32138
-0.0968522 -0.0293403 2.28118
0.432586 -0.178356 2.12335
0.402489 -0.0975473 2.09386
0.155918 -0.0565781 2.28696
0.183605 0.236029 2.23833
0.209253 0.519032 2.17728
0.242783 0.655106 2.14436
0.0486466 0.416647 2.17051
-0.0476457 0.183701 2.24709
-0.156712 6.22499e-005 2.28679
-0.176132 -0.0389795 2.29468
0.354811 0.376999 2.17919
0.381134 0.130303 2.21132
0.395442 -0.0804338 2.13968
0.379971 -0.087714 2.11967
0.0802759 -0.0465625 2.24635
-0.0223223 -0.351522 2.28863
-0.120982 -0.652892 2.3494
-0.143136 -0.733921 2.2744
0.226511 -0.0647952 2.25546
0.29548 -0.350968 2.30435
0.35001 -0.663911 2.42065
0.37443 -0.734833 2.35399
0.203151 0.449679 2.19474
-0.20148 -0.0948072 2.32198
-0.13056 -0.0140084 2.28567
0.38409 -0.177375 2.11049
0.352364 -0.0966378 2.08709
0.0867356 -0.0582135 2.28333
0.101823 0.234158 2.22837
0.115234 0.516792 2.16055
0.150727 0.658797 2.12977
-0.0396514 0.411533 2.15876
-0.125219 0.174422 2.23074
-0.219401 -0.0165901 2.27221
-0.239786 -0.0477377 2.27205
0.266498 0.388285 2.16969
0.305745 0.132837 2.21035
0.340559 -0.0767535 2.14347
0.32203 -0.0892819 2.12367
0.0127816 -0.0510438 2.24128
-0.0589323 -0.356241 2.29215
-0.125395 -0.664052 2.35726
-0.144369 -0.738758 2.27585
0.157884 -0.0635345 2.25318
0.248864 -0.352739 2.30902
0.337178 -0.657973 2.41634
0.37361 -0.734044 2.35027
0.112116 0.447552 2.17976
-0.266299 -0.114069 2.29974
-0.208925 -0.0150028 2.26433
0.337673 -0.1682 2.11178
0.292143 -0.111811 2.09453
0.038304 -0.0497389 2.28302
0.0475478 0.242644 2.22318
0.0557294 0.525207 2.15045
0.0808928 0.666494 2.1169
-0.107093 0.416844 2.14891
-0.181281 0.175108 2.21968
-0.276907 -0.0183947 2.24768
-0.305337 -0.0565742 2.24549
0.2088 0.399994 2.15769
0.246976 0.143171 2.21202
0.289124 -0.0684476 2.1593
0.270608 -0.0800155 2.14877
-0.0344892 -0.0467601 2.24078
-0.0992781 -0.338818 2.30938
-0.128806 -0.662826 2.36249
-0.144885 -0.74072 2.27885
0.109635 -0.0510116 2.25302
0.189619 -0.34607 2.28415
0.273618 -0.65096 2.4035
0.319112 -0.724903 2.3344
0.0538119 0.456002 2.17088
-0.326883 -0.118084 2.28272
-0.274401 -0.0480552 2.244
0.289404 -0.158776 2.14345
0.237677 -0.0973371 2.14117
-0.0150192 -0.0465791 2.28005
-0.00709166 0.246515 2.21581
0.000460242 0.529864 2.13915
0.0232562 0.671536 2.1081
-0.155912 0.416763 2.13328
-0.229946 0.176711 2.20211
-0.320084 -0.0202458 2.22557
-0.340575 -0.0479202 2.22064
0.158702 0.409339 2.15765
0.203795 0.1524 2.22419
0.259843 -0.0562792 2.17303
0.245272 -0.0686349 2.16774
-0.0865083 -0.0468735 2.23849
-0.123416 -0.348755 2.32939
-0.135078 -0.660133 2.36528
-0.145049 -0.740701 2.28216
0.0568847 -0.0447694 2.24929
0.0677282 -0.344802 2.24818
0.0956664 -0.640005 2.37773
0.125366 -0.719727 2.30664
-0.00138945 0.460464 2.16052
-0.367981 -0.122672 2.24876
-0.342952 -0.09829 2.235
0.269851 -0.14934 2.17007
0.222985 -0.0936062 2.13422
-0.0307648 -0.0450633 2.27391
-0.0258376 0.248112 2.21224
-0.0217055 0.531441 2.13844
-0.00360786 0.675533 2.10885
-0.177613 0.414283 2.12935
-0.241496 0.176759 2.19377
-0.324956 -0.0233929 2.21592
-0.339336 -0.0600483 2.20482
0.138575 0.414968 2.15983
0.186688 0.162369 2.23259
0.251669 -0.0451162 2.18943
0.242844 -0.0575228 2.19211
-0.102189 -0.0454923 2.23164
-0.114649 -0.362134 2.31674
-0.135261 -0.661178 2.36453
-0.135308 -0.742296 2.27973
0.0415908 -0.0431818 2.24386
-0.0035349 -0.353405 2.2647
-0.0229801 -0.656987 2.35386
-0.0146635 -0.739057 2.27225
-0.0226747 0.462059 2.15904
-0.359347 -0.134044 2.22787
-0.325105 -0.0788428 2.20095
0.269883 -0.143163 2.19994
0.221456 -0.097785 2.15475
-0.0527119 -0.0494847 2.26728
-0.0413889 0.245801 2.21275
-0.0326003 0.530534 2.14442
-0.0161235 0.675165 2.11317
-0.189043 0.411294 2.13427
-0.247612 0.169316 2.19029
-0.325575 -0.0344728 2.20273
-0.333953 -0.0728249 2.19568
0.127744 0.413765 2.16066
0.180673 0.163405 2.23477
0.248766 -0.0444622 2.2025
0.247714 -0.0699001 2.20897
-0.123137 -0.048201 2.22633
-0.106664 -0.375529 2.31457
-0.123396 -0.671378 2.36088
-0.127783 -0.747151 2.2811
0.0193234 -0.0492496 2.23591
-0.0246383 -0.363659 2.27363
-0.0291706 -0.693981 2.39351
-0.0398142 -0.746577 2.26768
-0.0345518 0.460835 2.16367
-0.349958 -0.150288 2.22344
-0.318896 -0.0748715 2.19523
0.276564 -0.148539 2.22531
0.22752 -0.105802 2.17133
-0.0703006 -0.0477285 2.25584
-0.0503121 0.247351 2.2103
-0.0349654 0.53208 2.1482
-0.0203445 0.676681 2.11733
-0.194476 0.414411 2.14093
-0.256905 0.170742 2.19263
-0.336069 -0.0331147 2.20001
-0.343057 -0.0492921 2.1984
0.124136 0.411169 2.15992
0.167753 0.161421 2.2295
0.239274 -0.0461876 2.21037
0.232515 -0.0836851 2.20788
-0.140513 -0.0445457 2.21476
-0.154728 -0.356973 2.26512
-0.142655 -0.672112 2.35717
-0.135181 -0.743904 2.27126
0.00210556 -0.049384 2.22465
-0.0359021 -0.37129 2.26758
-0.0483055 -0.677267 2.34046
-0.0406926 -0.747985 2.26803
-0.038082 0.462191 2.16598
-0.373504 -0.122797 2.21227
-0.273394 -0.0229473 2.2039
0.257642 -0.162422 2.23308
0.208589 -0.11661 2.17543
-0.0827255 -0.0459681 2.25323
-0.0593161 0.249902 2.20916
-0.0384752 0.534945 2.15012
-0.0231287 0.678719 2.11918
-0.201731 0.419387 2.14645
-0.275234 0.178968 2.20041
-0.374016 -0.0165494 2.20023
-0.397322 -0.0337585 2.19765
0.116286 0.408241 2.15726
0.152629 0.153457 2.22403
0.216313 -0.0565405 2.20082
0.207061 -0.0921493 2.19091
-0.152991 -0.0411063 2.21242
-0.194065 -0.342192 2.23249
-0.214329 -0.644144 2.34965
-0.236938 -0.722168 2.27539
-0.00997548 -0.0492638 2.22174
-0.0309516 -0.362148 2.26608
-0.0426584 -0.667635 2.34332
-0.0388127 -0.74517 2.26887
-0.0431594 0.465133 2.16726
-0.422087 -0.104872 2.21162
-0.367265 -0.024534 2.1926
0.229519 -0.172063 2.21699
0.184364 -0.116288 2.15661
-0.106189 -0.0411256 2.25013
-0.0778788 0.254103 2.20717
-0.0503578 0.538763 2.15078
-0.0355225 0.682552 2.11845
-0.215062 0.424134 2.1487
-0.292581 0.182146 2.20832
-0.401209 -0.00791962 2.20813
-0.428673 -0.0383111 2.2071
0.101297 0.408791 2.15074
0.132454 0.152608 2.21054
0.187158 -0.0596161 2.18177
0.174738 -0.0900856 2.16682
-0.176875 -0.0339223 2.21063
-0.248826 -0.334961 2.21972
-0.310873 -0.641855 2.33574
-0.35083 -0.709473 2.25
-0.0322077 -0.0469088 2.21746
-0.0332057 -0.347294 2.26707
-0.0411913 -0.659235 2.34537
-0.0370588 -0.742729 2.2712
-0.0571016 0.46911 2.1672
-0.443422 -0.0863063 2.21432
-0.414561 -0.071168 2.2096
0.194297 -0.175102 2.19011
0.14954 -0.121306 2.13294
-0.14183 -0.039307 2.24544
-0.115815 0.25587 2.20378
-0.0900238 0.540857 2.14971
-0.0732862 0.680756 2.11539
-0.247113 0.42755 2.14254
-0.32385 0.181186 2.20639
-0.422703 -0.0128007 2.21994
-0.44711 -0.046973 2.22605
0.0690637 0.410045 2.14844
0.104403 0.155163 2.19845
0.154029 -0.0563435 2.15285
0.144226 -0.0858282 2.13676
-0.212485 -0.0319239 2.20608
-0.322042 -0.334639 2.23126
-0.427181 -0.629299 2.32299
-0.457528 -0.706247 2.23053
-0.0666245 -0.0454236 2.21263
-0.0446794 -0.338478 2.27017
-0.0420706 -0.656202 2.34796
-0.0357275 -0.743083 2.27258
-0.0964764 0.471076 2.16542
-0.463663 -0.101329 2.23825
-0.420981 -0.0606492 2.20735
0.16587 -0.168349 2.15146
0.121807 -0.114609 2.10139
-0.179057 -0.0427853 2.23847
-0.157503 0.25295 2.19602
-0.136288 0.538513 2.14096
-0.120474 0.679251 2.11188
-0.295788 0.423616 2.13153
-0.369645 0.174739 2.19488
-0.457321 -0.0232325 2.21692
-0.480995 -0.0562905 2.21705
0.0210376 0.407548 2.14186
0.0637295 0.156021 2.18729
0.12794 -0.051132 2.13922
0.114042 -0.081836 2.12489
-0.250671 -0.0372413 2.19867
-0.363742 -0.343488 2.24412
-0.474122 -0.646802 2.31351
-0.497793 -0.726587 2.2299
-0.101785 -0.0470463 2.20619
-0.0586012 -0.337069 2.2777
-0.0440816 -0.652301 2.34968
-0.036178 -0.742198 2.27383
-0.141613 0.468587 2.15693
-0.503629 -0.10807 2.23153
-0.403913 -0.069935 2.21067
0.137378 -0.16327 2.1357
0.0930785 -0.112996 2.08527
-0.220262 -0.0537733 2.23661
-0.215277 0.241559 2.18947
-0.210616 0.526811 2.12894
-0.193776 0.666721 2.10193
-0.366582 0.409417 2.12095
-0.440167 0.159503 2.18203
-0.526427 -0.0398374 2.19787
-0.55098 -0.0740644 2.19347
-0.0500356 0.397921 2.13126
-0.000901335 0.156324 2.17534
0.0696356 -0.049328 2.12985
0.0616585 -0.0833616 2.11642
-0.292406 -0.0510715 2.1968
-0.395425 -0.362295 2.25252
-0.4873 -0.668835 2.32462
-0.503737 -0.737963 2.24045
-0.14108 -0.0547976 2.20454
-0.0798629 -0.34405 2.29327
-0.0497814 -0.65424 2.35387
-0.0353777 -0.741966 2.27064
-0.211874 0.456963 2.14634
-0.564903 -0.124832 2.20532
-0.526248 -0.0843669 2.19343
0.088979 -0.164979 2.1259
0.0452479 -0.110861 2.07779
-0.306803 -0.0585698 2.23202
-0.315449 0.236557 2.1778
-0.322145 0.521615 2.111
-0.303692 0.665154 2.08522
-0.474804 0.402067 2.11079
-0.537424 0.146661 2.17065
-0.609931 -0.0594404 2.17267
-0.628246 -0.0735492 2.16721
-0.160856 0.397202 2.11416
-0.0998336 0.15557 2.17034
-0.0116444 -0.0451588 2.13779
-0.0243686 -0.0705379 2.12392
-0.375757 -0.0611793 2.19033
-0.435302 -0.354296 2.24899
-0.489094 -0.670782 2.32891
-0.504582 -0.743258 2.24399
-0.228029 -0.0540809 2.20211
-0.141842 -0.363137 2.26704
-0.0569016 -0.657954 2.35093
-0.0360802 -0.741266 2.26759
-0.320817 0.451809 2.1299
-0.654574 -0.144527 2.18146
-0.596694 -0.0559517 2.17357
0.0101354 -0.148242 2.13903
-0.0446636 -0.102849 2.09168
-0.353773 -0.0496709 2.2282
-0.36668 0.243882 2.17195
-0.37697 0.527424 2.10355
-0.36776 0.670859 2.0751
-0.542378 0.406392 2.0992
-0.592691 0.151912 2.16162
-0.669284 -0.052366 2.16605
-0.692173 -0.0742352 2.16175
-0.214719 0.409559 2.1086
-0.152599 0.164885 2.17001
-0.064982 -0.0370522 2.14733
-0.0735915 -0.0723755 2.13763
-0.421038 -0.0556216 2.18731
-0.46249 -0.348434 2.25236
-0.491916 -0.667748 2.32893
-0.505062 -0.744688 2.24501
-0.27538 -0.0419158 2.1977
-0.189283 -0.33928 2.18932
-0.0769932 -0.641402 2.3292
-0.0431928 -0.728757 2.2524
-0.374846 0.457991 2.1228
-0.715939 -0.143493 2.17496
-0.663563 -0.0683371 2.16609
-0.0471912 -0.131664 2.15546
-0.100577 -0.0840379 2.11394
-0.392059 -0.0409246 2.22213
-0.40681 0.250705 2.16634
-0.418697 0.532274 2.09849
-0.410563 0.675671 2.07067
-0.569552 0.405028 2.09189
-0.627274 0.15614 2.15462
-0.708818 -0.0457798 2.16221
-0.732532 -0.0756097 2.15646
-0.253521 0.418095 2.11049
-0.187677 0.182483 2.17743
-0.0936855 -0.0167825 2.15558
-0.095321 -0.0524059 2.14916
-0.45913 -0.0505548 2.18057
-0.484682 -0.343005 2.26246
-0.497993 -0.663687 2.32984
-0.506395 -0.745825 2.24747
-0.312543 -0.0298519 2.1925
-0.221471 -0.320296 2.14865
-0.11678 -0.589862 2.31303
-0.0757391 -0.654319 2.24544
-0.416218 0.463338 2.11759
-0.760504 -0.144031 2.17506
-0.711083 -0.0767345 2.16367
-0.0622019 -0.113891 2.15985
-0.117326 -0.0756879 2.11686
-0.421694 -0.0365316 2.21651
-0.435874 0.254094 2.16271
-0.447018 0.534742 2.0969
-0.437918 0.677758 2.07008
-0.594799 0.406438 2.0877
-0.652896 0.152324 2.14918
-0.729675 -0.0519177 2.15144
-0.749777 -0.0806022 2.1483
-0.27889 0.422751 2.11289
-0.211215 0.187767 2.18541
-0.109811 -0.00809338 2.16755
-0.109206 -0.044423 2.16927
-0.487235 -0.0478934 2.17405
-0.498676 -0.337234 2.26477
-0.500354 -0.662033 2.32966
-0.507426 -0.746184 2.24924
-0.34267 -0.0239484 2.18801
-0.253369 -0.297573 2.11981
-0.142613 -0.538218 2.30286
-0.0947038 -0.601974 2.24082
-0.444753 0.466026 2.11548
-0.773958 -0.149137 2.16524
-0.721675 -0.0892948 2.14228
-0.0790674 -0.096756 2.18818
-0.126377 -0.0745736 2.13435
-0.442218 -0.0355291 2.21186
-0.453711 0.255696 2.16014
-0.462198 0.536853 2.09633
-0.453837 0.680052 2.06846
-0.611237 0.407798 2.08438
-0.664104 0.15136 2.143
-0.735798 -0.0547951 2.14527
-0.749654 -0.0826974 2.14134
-0.295199 0.425803 2.11457
-0.226794 0.18802 2.18902
-0.123995 -0.00724138 2.17967
-0.127368 -0.0449226 2.17975
-0.507119 -0.0474915 2.16801
-0.509397 -0.337652 2.2676
-0.501382 -0.661488 2.3297
-0.507873 -0.74649 2.24873
-0.363237 -0.0224472 2.18478
-0.281598 -0.285368 2.1042
-0.158123 -0.511876 2.29714
-0.109718 -0.572228 2.22712
-0.460596 0.468017 2.11442
-0.775441 -0.153624 2.16258
-0.736329 -0.0754215 2.15637
-0.0896913 -0.115264 2.20518
-0.146392 -0.0756465 2.14553
-0.456586 -0.035773 2.20792
-0.467112 0.256377 2.15765
-0.474537 0.538408 2.09525
-0.463308 0.682247 2.06978
-0.619633 0.409675 2.07972
-0.671921 0.149641 2.13672
-0.738799 -0.0579101 2.14269
-0.749735 -0.0826549 2.13962
-0.305957 0.427106 2.11638
-0.241214 0.187381 2.18876
-0.138597 -0.00802191 2.17777
-0.141773 -0.0481969 2.17025
-0.520671 -0.0471242 2.16232
-0.51663 -0.337928 2.26656
-0.503129 -0.659612 2.32953
-0.510816 -0.753387 2.23884
-0.377996 -0.0232777 2.18267
-0.300667 -0.276774 2.06481
-0.192868 -0.490299 2.28757
-0.145392 -0.556428 2.22811
-0.473215 0.469358 2.11299
-0.774753 -0.153169 2.15529
-0.719369 -0.0944541 2.12247
-0.109564 -0.118767 2.19197
-0.167778 -0.0734167 2.131
-0.459499 -0.0364094 2.20658
-0.469663 0.256546 2.15728
-0.477104 0.539369 2.09584
-0.46538 0.683445 2.07132
-0.621484 0.409619 2.07789
-0.673946 0.149851 2.13403
-0.742201 -0.0573826 2.13808
-0.752444 -0.0822584 2.12864
-0.308786 0.426951 2.11872
-0.244213 0.18793 2.18872
-0.145841 -0.00942815 2.1682
-0.142059 -0.0481905 2.15521
-0.523314 -0.0476839 2.16006
-0.519597 -0.33858 2.26633
-0.504451 -0.659191 2.32891
-0.511252 -0.753324 2.23908
-0.381145 -0.0240036 2.18218
-0.298552 -0.279453 2.07613
-0.187418 -0.505433 2.29795
-0.140899 -0.567685 2.2285
-0.475745 0.470101 2.11331
-0.785371 -0.151258 2.14978
-0.724371 -0.0998886 2.10665
-0.112244 -0.120862 2.17403
-0.166415 -0.068679 2.11595
-0.457389 -0.036441 2.20528
-0.46843 0.256746 2.15752
-0.47603 0.539927 2.09756
-0.463266 0.684706 2.075
-0.621306 0.40996 2.0781
-0.675096 0.152024 2.13134
-0.744868 -0.0551044 2.12856
-0.75488 -0.0795856 2.1207
-0.307663 0.426815 2.1216
-0.244521 0.187107 2.18885
-0.144387 -0.00925795 2.16627
-0.139826 -0.0467293 2.15194
-0.521211 -0.0476344 2.15859
-0.520646 -0.338502 2.2658
-0.505737 -0.65855 2.32906
-0.510922 -0.751437 2.24399
-0.378999 -0.024105 2.18107
-0.27868 -0.293253 2.12162
-0.175004 -0.506646 2.31456
-0.115495 -0.566628 2.26194
-0.474658 0.470549 2.11453
-0.787547 -0.148342 2.14147
-0.729466 -0.0935728 2.0943
-0.109707 -0.121202 2.17097
-0.163158 -0.0726702 2.10933
-0.43232 -0.0379791 2.2049
-0.448592 0.256855 2.16113
-0.461075 0.541366 2.10493
-0.445984 0.686695 2.08452
-0.606797 0.410886 2.08092
-0.666156 0.155569 2.13008
-0.739596 -0.0504291 2.12166
-0.744421 -0.0823202 2.11743
-0.293624 0.425316 2.12781
-0.236067 0.187417 2.19046
-0.135372 -0.00839175 2.16417
-0.121611 -0.0457048 2.15681
-0.497452 -0.0494899 2.15732
-0.517008 -0.33537 2.26377
-0.506479 -0.657558 2.32934
-0.511052 -0.750647 2.24774
-0.353212 -0.025258 2.18158
-0.248883 -0.301027 2.14578
-0.129594 -0.530314 2.33871
-0.0710019 -0.589625 2.28696
-0.458553 0.4717 2.12109
-0.767432 -0.147448 2.13278
-0.759511 -0.0825068 2.0812
-0.091189 -0.119315 2.16884
-0.142832 -0.0763517 2.11527
-0.398958 -0.0412441 2.21125
-0.418059 0.254154 2.16667
-0.433797 0.539313 2.11
-0.418705 0.686253 2.09121
-0.57743 0.407316 2.08384
-0.639017 0.154861 2.13296
-0.718218 -0.0489657 2.12215
-0.719118 -0.0822564 2.1227
-0.264464 0.42449 2.13339
-0.207043 0.185237 2.19648
-0.109474 -0.0120992 2.17089
-0.0916815 -0.0448737 2.16435
-0.465822 -0.0517548 2.16357
-0.504788 -0.331659 2.26293
-0.506619 -0.657501 2.32928
-0.510698 -0.750087 2.2485
-0.319219 -0.02943 2.18781
-0.210677 -0.316856 2.17777
-0.0965864 -0.563388 2.3526
-0.038038 -0.623291 2.28962
-0.430403 0.469487 2.1263
-0.744293 -0.148257 2.14022
-0.710009 -0.0846785 2.08785
-0.0617819 -0.119919 2.17951
-0.113454 -0.0783803 2.11908
-0.364242 -0.0462136 2.21996
-0.375084 0.249771 2.17365
-0.383035 0.535735 2.11495
-0.369291 0.683308 2.09585
-0.531451 0.405243 2.08516
-0.597056 0.153215 2.13668
-0.676361 -0.0503788 2.13545
-0.673983 -0.0821789 2.13763
-0.218355 0.416731 2.1424
-0.155173 0.172528 2.20692
-0.0626085 -0.0273168 2.18703
-0.0469519 -0.0575211 2.17476
-0.431444 -0.0529382 2.17174
-0.486735 -0.330376 2.26428
-0.504931 -0.656899 2.33093
-0.509474 -0.749214 2.24927
-0.285191 -0.0380477 2.1969
-0.171997 -0.33938 2.20923
-0.0435085 -0.634398 2.35032
0.00236989 -0.707563 2.28194
-0.381512 0.465694 2.13179
-0.699228 -0.150478 2.16166
-0.695314 -0.0886585 2.105
-0.0194581 -0.130673 2.18978
-0.0714881 -0.0780304 2.13211
-0.289168 -0.0580658 2.2238
-0.288671 0.23796 2.17858
-0.286866 0.524003 2.121
-0.276355 0.672999 2.10114
-0.434511 0.395851 2.09124
-0.504518 0.14721 2.142
-0.590976 -0.0528696 2.14932
-0.593163 -0.0734108 2.14322
-0.125199 0.403516 2.15264
-0.0709286 0.154868 2.2151
0.0135744 -0.0482341 2.21101
0.0163644 -0.0690203 2.20795
-0.358294 -0.0600162 2.17409
-0.444387 -0.34136 2.26384
-0.496812 -0.663017 2.33506
-0.507875 -0.748863 2.24678
-0.210708 -0.0542284 2.20186
-0.124807 -0.362375 2.25016
-0.0375491 -0.660612 2.34496
-0.00440671 -0.736941 2.27275
-0.287586 0.453941 2.13757
-0.62867 -0.138839 2.16186
-0.615529 -0.0589039 2.13422
0.0307494 -0.155572 2.2308
-0.00897136 -0.10236 2.16613
-0.232016 -0.0625379 2.23396
-0.221098 0.234113 2.18829
-0.2089 0.520718 2.13011
-0.190148 0.668859 2.10774
-0.357195 0.397969 2.09965
-0.428291 0.150156 2.15049
-0.51949 -0.0479285 2.15805
-0.52981 -0.0837208 2.15173
-0.0435792 0.400717 2.16372
-0.00232353 0.14587 2.22166
0.0681771 -0.061936 2.22447
0.0734782 -0.0820831 2.22289
-0.300443 -0.0615008 2.18591
-0.403371 -0.370008 2.26569
-0.484651 -0.665517 2.33093
-0.506494 -0.747697 2.24598
-0.156084 -0.061544 2.21019
-0.100527 -0.364198 2.25391
-0.0415924 -0.666294 2.34671
-0.00666586 -0.739731 2.27329
-0.212174 0.450519 2.14685
-0.554728 -0.132771 2.16755
-0.558037 -0.0762905 2.13875
0.0797754 -0.169333 2.24149
0.0424927 -0.117248 2.18563
-0.179475 -0.0518973 2.24799
-0.1637 0.243519 2.19858
-0.14717 0.528928 2.13674
-0.124251 0.674884 2.11338
-0.29526 0.408913 2.10647
-0.375164 0.165459 2.15689
-0.458842 -0.0364041 2.16275
-0.467112 -0.072013 2.16603
0.0148688 0.409499 2.17275
0.0534242 0.148275 2.22605
0.126478 -0.0587659 2.22537
0.130741 -0.0716893 2.22191
-0.24739 -0.0486503 2.19914
-0.34808 -0.365237 2.23795
-0.453832 -0.653517 2.31468
-0.483455 -0.736678 2.23011
-0.105827 -0.0534503 2.2248
-0.0702684 -0.353164 2.26556
-0.0409297 -0.667884 2.34795
-0.010069 -0.744004 2.28081
-0.151432 0.459029 2.15439
-0.493842 -0.118921 2.18126
-0.504785 -0.0574501 2.17013
0.138523 -0.154807 2.24369
0.101071 -0.0983748 2.1836
-0.136675 -0.0399969 2.25448
-0.116806 0.254137 2.20549
-0.0964189 0.5382 2.14443
-0.0702311 0.683811 2.12112
-0.24835 0.421184 2.11796
-0.331617 0.174113 2.17189
-0.420716 -0.0258872 2.17281
-0.431787 -0.0604903 2.1704
0.0622499 0.415059 2.1725
0.104646 0.160611 2.22726
0.176579 -0.047098 2.21394
0.176005 -0.0654508 2.20536
-0.205453 -0.0333843 2.20753
-0.27646 -0.339693 2.20973
-0.338269 -0.64336 2.32262
-0.372145 -0.724756 2.24174
-0.0634684 -0.0452412 2.22934
-0.0432132 -0.342259 2.28321
-0.0329046 -0.663427 2.35176
-0.00992965 -0.743433 2.28066
-0.101593 0.468643 2.16186
-0.450861 -0.108481 2.18522
-0.441077 -0.0531808 2.13207
0.181727 -0.15472 2.22156
0.139232 -0.101183 2.16891
-0.113618 -0.039483 2.25866
-0.094536 0.255233 2.2116
-0.0752616 0.539845 2.15221
-0.0476964 0.685804 2.12801
-0.229191 0.424054 2.12769
-0.315996 0.182385 2.18072
-0.403285 -0.018269 2.18488
-0.408945 -0.0391316 2.18371
0.0822831 0.41461 2.17804
0.122433 0.155798 2.22852
0.192403 -0.0523284 2.20745
0.1888 -0.0728159 2.19605
-0.182283 -0.0327388 2.2122
-0.226394 -0.344288 2.22395
-0.27603 -0.643921 2.33544
-0.28956 -0.7255 2.25163
-0.0413153 -0.0449567 2.23297
-0.0302601 -0.344425 2.28617
-0.0283103 -0.660589 2.35249
-0.0101075 -0.74316 2.28147
-0.0801186 0.47015 2.16924
-0.44213 -0.108363 2.20673
-0.42188 -0.0461503 2.14407
0.195337 -0.158863 2.2109
0.152365 -0.101952 2.15844
-0.100305 -0.0419271 2.26087
-0.0823905 0.254569 2.21687
-0.0637294 0.540848 2.1607
-0.0361554 0.686139 2.13675
-0.21987 0.425064 2.1347
-0.308275 0.184333 2.18738
-0.394662 -0.0160485 2.19849
-0.401795 -0.0412351 2.20433
0.0922424 0.415472 2.1869
0.12707 0.153381 2.23088
0.194842 -0.0551339 2.20428
0.179939 -0.0769175 2.19297
-0.168273 -0.0361469 2.2149
-0.198557 -0.348165 2.24901
-0.229435 -0.650752 2.34877
-0.225103 -0.733577 2.2619
-0.0290942 -0.0464304 2.23468
-0.0218716 -0.347904 2.28475
-0.0267869 -0.660653 2.35369
-0.0102062 -0.743355 2.28178
-0.0684649 0.470733 2.17689
-0.433544 -0.108526 2.22558
-0.412298 -0.0410201 2.16277
0.184123 -0.165912 2.20884
0.146357 -0.100846 2.15121
-0.0923333 -0.0435653 2.26397
-0.0782744 0.25424 2.2213
-0.0628915 0.541712 2.16714
-0.0338956 0.687054 2.14381
-0.217574 0.425412 2.13726
-0.305111 0.183139 2.1904
-0.387704 -0.0182506 2.20632
-0.395182 -0.0475607 2.21144
0.0937337 0.415164 2.19105
0.125939 0.151395 2.23476
0.188905 -0.0583172 2.20432
0.163195 -0.0745193 2.20091
-0.160164 -0.0386649 2.21747
-0.188923 -0.34789 2.26645
-0.209958 -0.660194 2.35819
-0.207646 -0.739019 2.27444
-0.0214562 -0.0471171 2.23833
-0.0174588 -0.349298 2.28718
-0.0221349 -0.658142 2.35733
-0.00920241 -0.741825 2.28143
-0.0667671 0.471276 2.1827
-0.429758 -0.116289 2.23773
-0.420758 -0.0440497 2.19512
0.168817 -0.164272 2.21547
0.12551 -0.101872 2.15906
-0.0902964 -0.0439737 2.266
-0.0805777 0.254324 2.22451
-0.0739077 0.543042 2.17228
-0.0434818 0.688023 2.15183
-0.225153 0.42456 2.14321
-0.305628 0.180126 2.19244
-0.382476 -0.0238712 2.20608
-0.389292 -0.0593363 2.20109
0.0860647 0.416895 2.19729
0.119665 0.150051 2.24271
0.174969 -0.0618086 2.21198
0.155098 -0.0636166 2.2206
-0.158078 -0.0403145 2.21988
-0.188413 -0.348295 2.27652
-0.209659 -0.657955 2.3568
-0.207171 -0.739381 2.27369
-0.0195134 -0.0465478 2.24027
-0.0149792 -0.349001 2.28963
-0.019171 -0.657527 2.36012
-0.00843606 -0.741058 2.28195
-0.0752907 0.472244 2.18748
-0.417046 -0.130686 2.22596
-0.399792 -0.065378 2.16137
0.163548 -0.156984 2.23705
0.11859 -0.0932204 2.18398
-0.0912689 -0.0448015 2.26688
-0.0870347 0.252802 2.22622
-0.0853156 0.54083 2.17341
-0.0547966 0.687415 2.15605
-0.235504 0.421113 2.14645
-0.309248 0.169608 2.19299
-0.381755 -0.0366456 2.20042
-0.388346 -0.0674162 2.19377
0.0778554 0.416839 2.20122
0.116305 0.15225 2.24867
0.175207 -0.0587532 2.21932
0.166831 -0.0598005 2.22512
-0.159851 -0.0430114 2.22065
-0.189985 -0.34718 2.27847
-0.209621 -0.658959 2.35678
-0.206984 -0.739502 2.27412
-0.0201555 -0.0462303 2.24126
0.00236052 -0.342842 2.25956
0.00194504 -0.649856 2.363
0.0203001 -0.730478 2.28085
-0.0857019 0.470236 2.18884
-0.419172 -0.143536 2.21645
-0.414926 -0.0690283 2.18
0.17547 -0.149779 2.24354
0.127413 -0.0920136 2.18954
-0.0905673 -0.0444774 2.26734
-0.0880425 0.252553 2.22715
-0.0869275 0.539919 2.17493
-0.0570431 0.68635 2.15733
-0.236818 0.419851 2.14668
-0.306972 0.164785 2.19232
-0.37838 -0.0422961 2.19423
-0.381151 -0.069754 2.18782
0.0764929 0.418153 2.20544
0.116872 0.152913 2.25258
0.185978 -0.0548842 2.22273
0.177245 -0.0592159 2.22506
-0.159545 -0.0437819 2.22054
-0.191478 -0.339888 2.2856
-0.209595 -0.659297 2.35705
-0.207256 -0.739804 2.27441
-0.018652 -0.0439451 2.2428
0.0458747 -0.335707 2.23227
0.0934695 -0.647902 2.37166
0.13361 -0.710835 2.30477
-0.0872179 0.469517 2.19017
-0.409048 -0.141665 2.21058
-0.406689 -0.0719997 2.1702
0.192131 -0.149723 2.23996
0.109465 -0.041675 2.217
-0.0766076 -0.0438372 2.26735
-0.0750137 0.252885 2.22998
-0.072847 0.539613 2.1807
-0.0408396 0.686531 2.16313
-0.222315 0.419709 2.14616
-0.289045 0.164659 2.18722
-0.361831 -0.0423176 2.18255
-0.36203 -0.0821516 2.1799
0.0910796 0.417313 2.21163
0.131915 0.15206 2.25747
0.213909 -0.0506969 2.22553
0.214491 -0.0725917 2.22627
-0.147572 -0.0442481 2.21861
-0.192044 -0.331327 2.29742
-0.209436 -0.655249 2.35995
-0.207794 -0.73981 2.27614
-0.00299536 -0.0419632 2.24437
0.10297 -0.323166 2.23256
0.204369 -0.6195 2.3886
0.256593 -0.680733 2.32035
-0.0734772 0.469385 2.19517
-0.378337 -0.131721 2.19438
-0.385353 -0.0813746 2.16332
0.231157 -0.154668 2.24668
0.182478 -0.103744 2.1801
-0.0268387 -0.0505175 2.26577
-0.0191204 0.247395 2.23081
-0.0110061 0.535171 2.18328
0.0270583 0.679676 2.17087
-0.157076 0.413103 2.14337
-0.238777 0.160975 2.1786
-0.319824 -0.0430755 2.167
-0.313546 -0.0656203 2.16541
0.153163 0.405237 2.21048
0.195262 0.139445 2.25536
0.276317 -0.0633362 2.22191
0.277805 -0.0761735 2.22135
-0.099927 -0.0471354 2.21462
-0.173087 -0.335997 2.30021
-0.205734 -0.651863 2.36169
-0.207093 -0.740803 2.27867
0.0472854 -0.0522947 2.2447
0.183763 -0.340915 2.27153
0.313582 -0.638722 2.38484
0.370133 -0.714434 2.31725
-0.0130671 0.464676 2.19738
-0.34045 -0.135608 2.1858
-0.32656 -0.0747138 2.12789
0.293876 -0.162266 2.24377
0.246591 -0.108169 2.17856
0.0394252 -0.0603308 2.26941
0.0559974 0.235556 2.23225
0.0728012 0.521377 2.18226
0.108065 0.66826 2.17421
-0.0799871 0.403669 2.14692
-0.1708 0.161528 2.18517
-0.261433 -0.0383379 2.16422
-0.254792 -0.0567383 2.1489
0.230006 0.392545 2.21139
0.262486 0.123388 2.25058
0.355255 -0.0734559 2.21285
0.349416 -0.0968115 2.21469
-0.034719 -0.054537 2.21862
-0.134088 -0.351534 2.29682
-0.201166 -0.660367 2.36309
-0.20532 -0.739621 2.28147
0.112472 -0.0642577 2.24796
0.215859 -0.343328 2.28391
0.331251 -0.648308 2.38405
0.371284 -0.722566 2.31745
0.0686334 0.451356 2.197
-0.290741 -0.133015 2.15356
-0.269452 -0.0314536 2.13217
0.361789 -0.179128 2.23714
0.316711 -0.126323 2.16713
0.111764 -0.067079 2.276
0.142714 0.22871 2.23806
0.172383 0.514803 2.18749
0.20378 0.663542 2.18153
0.0182636 0.400689 2.15145
-0.0919803 0.16474 2.19676
-0.187925 -0.0321035 2.16602
-0.190625 -0.0685403 2.15206
0.320204 0.37968 2.22482
0.356249 0.113142 2.25311
0.424206 -0.0918733 2.20461
0.422082 -0.126419 2.2038
0.0377634 -0.0574924 2.2254
-0.0788815 -0.338263 2.28099
-0.189114 -0.65277 2.35501
-0.204198 -0.735796 2.27788
0.182274 -0.0744681 2.25445
0.263656 -0.347992 2.29137
0.333381 -0.66027 2.39471
0.369631 -0.733113 2.33523
0.165211 0.444678 2.20235
-0.216134 -0.119716 2.14245
-0.221002 -0.0624642 2.14108
0.431003 -0.188148 2.22638
0.386302 -0.132252 2.16253
0.185723 -0.0549183 2.29101
0.218147 0.241751 2.24957
0.248412 0.528552 2.19592
0.284876 0.670529 2.18442
0.0922616 0.411776 2.15655
-0.0218926 0.164109 2.20551
-0.118381 -0.0333311 2.18424
-0.121871 -0.0615463 2.17934
0.393982 0.385899 2.22874
0.418851 0.122175 2.25999
0.476811 -0.0832937 2.19912
0.477811 -0.0898788 2.19589
0.109621 -0.0430118 2.24195
-0.0293236 -0.340749 2.25095
-0.165635 -0.643615 2.33041
-0.19557 -0.730398 2.26068
0.255924 -0.0651086 2.26806
0.293552 -0.349314 2.2963
0.336212 -0.667093 2.39974
0.36839 -0.734653 2.33729
0.241193 0.458268 2.2115
-0.145439 -0.107986 2.18066
-0.156082 -0.0500841 2.18593
0.499594 -0.170673 2.20404
0.442157 -0.103467 2.15562
0.247717 -0.0399797 2.29804
0.279082 0.256236 2.26152
0.308244 0.542469 2.21308
0.343318 0.684491 2.19649
0.151054 0.428823 2.17876
0.0369958 0.18972 2.23441
-0.0624239 -0.00669692 2.21919
-0.0697883 -0.0378597 2.22551
0.451037 0.394498 2.23289
0.474356 0.133011 2.269
0.52392 -0.0741303 2.20589
0.529421 -0.090303 2.20255
0.171801 -0.0259742 2.25337
0.0675114 -0.284288 2.17252
-0.0963429 -0.544937 2.33976
-0.138337 -0.614428 2.29393
0.315929 -0.052638 2.27091
0.32926 -0.339908 2.31475
0.348559 -0.657806 2.40001
0.368455 -0.734227 2.33703
0.301336 0.472335 2.22732
-0.0919129 -0.0890394 2.22938
-0.10063 -0.0181142 2.23031
0.550987 -0.168072 2.19877
0.491564 -0.101979 2.15867
0.278742 -0.0327438 2.29518
0.306932 0.261728 2.26501
0.333512 0.546403 2.22255
0.372762 0.686103 2.20318
0.174969 0.434956 2.19479
0.065637 0.197652 2.25747
-0.0449012 0.00935393 2.27409
-0.0530837 -0.0252417 2.27184
0.47588 0.400093 2.23728
0.496793 0.136509 2.27164
0.541405 -0.0721928 2.21015
0.544312 -0.092165 2.20247
0.20328 -0.0161462 2.25276
0.100075 -0.259179 2.13291
-0.0275014 -0.436306 2.37057
-0.0747802 -0.505336 2.32817
0.345514 -0.0482249 2.26593
0.345355 -0.332107 2.31721
0.35187 -0.655563 2.39872
0.368642 -0.733709 2.3373
0.327202 0.476632 2.23531
-0.0821753 -0.0715479 2.28376
-0.087493 -0.0150319 2.27817
0.561005 -0.169965 2.19676
0.533005 -0.0845515 2.16182
0.294644 -0.0308259 2.29704
0.323362 0.264394 2.26986
0.349806 0.549767 2.23082
0.387458 0.688583 2.20851
0.188565 0.437869 2.20622
0.0831732 0.200612 2.27323
-0.0237734 0.0120003 2.2998
-0.0328197 -0.0248211 2.30429
0.490056 0.402583 2.2374
0.510704 0.135375 2.27254
0.551162 -0.0736267 2.20877
0.547007 -0.0915959 2.2012
0.219438 -0.0146341 2.25713
0.132959 -0.245545 2.09505
0.0204562 -0.375614 2.37658
-0.0302196 -0.443529 2.35142
0.360839 -0.0460073 2.26534
0.353979 -0.331172 2.32041
0.357137 -0.650082 2.39881
0.368376 -0.732982 2.33749
0.343601 0.479822 2.2427
-0.0639867 -0.0737352 2.32439
-0.0570238 -0.00365314 2.2994
0.561665 -0.169314 2.19403
0.51684 -0.0792133 2.15424
0.311666 -0.0302182 2.29823
0.338094 0.264464 2.27148
0.361944 0.54927 2.2327
0.395178 0.690241 2.20991
0.199521 0.438078 2.21448
0.0979175 0.198511 2.28473
-0.00198125 0.00569372 2.30947
-0.0105808 -0.0303935 2.30748
0.50108 0.403183 2.23441
0.525818 0.135011 2.26973
0.559656 -0.0761333 2.20968
0.554107 -0.0915194 2.19406
0.236824 -0.0146398 2.25952
0.149932 -0.251933 2.11
0.0351683 -0.374752 2.3728
-0.0226057 -0.436004 2.35494
0.377048 -0.0448217 2.26519
0.36464 -0.330923 2.32042
0.358914 -0.64776 2.3977
0.368057 -0.732226 2.33956
0.356411 0.479467 2.24455
-0.0363643 -0.0743979 2.32007
-0.0384265 -0.0153248 2.30715
0.568818 -0.169508 2.18866
0.541432 -0.0839117 2.15279
0.315133 -0.0300352 2.29832
0.341242 0.264461 2.27155
0.364872 0.549031 2.23265
0.396688 0.690208 2.20948
0.201807 0.438228 2.21642
0.101741 0.197768 2.28719
0.00434768 0.00260652 2.3059
-0.00673787 -0.0339691 2.29869
0.504843 0.403477 2.23142
0.532596 0.137486 2.26638
0.567672 -0.070708 2.19585
0.562442 -0.0868569 2.18252
0.240321 -0.0143478 2.26075
0.152784 -0.252491 2.11347
0.0400795 -0.375332 2.38776
-0.0194764 -0.436985 2.35905
0.380471 -0.0447345 2.26427
0.367451 -0.330668 2.31978
0.359392 -0.647865 2.39757
0.368852 -0.732269 2.33754
0.359387 0.479295 2.24454
-0.0319919 -0.0861425 2.3152
-0.0375616 -0.0204291 2.301
0.578936 -0.168715 2.17991
0.526867 -0.0953307 2.13838
0.31392 -0.0297312 2.29863
0.340427 0.264471 2.27093
0.364178 0.548654 2.23053
0.394447 0.689903 2.2063
0.201072 0.437743 2.21697
0.102743 0.197554 2.28715
0.00678578 0.000959544 2.30093
-0.0108951 -0.0353961 2.29134
0.505162 0.403452 2.22581
0.535922 0.140604 2.25954
0.570858 -0.0677357 2.18938
0.559711 -0.0853792 2.17274
0.238722 -0.0138365 2.26205
0.149972 -0.253011 2.11795
0.000820448 -0.473398 2.34234
0.00336959 -0.523851 2.21953
0.379451 -0.0445767 2.26403
0.366854 -0.331288 2.31921
0.35972 -0.648091 2.39731
0.368152 -0.731804 2.33876
0.35866 0.479039 2.24289
-0.0395258 -0.0828595 2.29962
-0.0373024 -0.014912 2.2889
0.576308 -0.164503 2.16493
0.531892 -0.0788237 2.13417
0.301329 -0.0314457 2.29854
0.327666 0.261669 2.26584
0.350987 0.544699 2.22016
0.374764 0.685593 2.19123
0.187466 0.435033 2.21648
0.0978376 0.196278 2.28746
-0.000891882 0.000885635 2.29973
-0.0248574 -0.0341199 2.29657
0.492266 0.401467 2.21491
0.525196 0.140724 2.24514
0.560876 -0.0698612 2.18389
0.537791 -0.0836257 2.1635
0.224746 -0.0165236 2.26373
0.11447 -0.264949 2.17438
-0.0390539 -0.489072 2.38319
-0.0983798 -0.540797 2.31747
0.368158 -0.0454746 2.26196
0.360493 -0.329136 2.31313
0.359739 -0.648129 2.39741
0.368821 -0.731826 2.33707
0.345586 0.475366 2.23384
-0.0512717 -0.0891506 2.31119
-0.0462639 -0.00736775 2.2874
0.552604 -0.168564 2.15657
0.511454 -0.0769041 2.12524
0.274754 -0.0375696 2.29606
0.300689 0.256508 2.25832
0.323875 0.540647 2.2081
0.344061 0.682801 2.17953
0.161661 0.430801 2.21126
0.0763584 0.193187 2.28713
-0.0199648 -0.00191316 2.30882
-0.0449957 -0.0348065 2.30907
0.466007 0.397106 2.1966
0.498887 0.137292 2.23328
0.527479 -0.0729853 2.16613
0.510186 -0.0880398 2.15355
0.198332 -0.0240182 2.26344
0.0723513 -0.31218 2.21458
-0.0909216 -0.592106 2.34662
-0.142068 -0.648255 2.27974
0.342437 -0.0499883 2.25697
0.350341 -0.330193 2.30675
0.357886 -0.650375 2.39723
0.368917 -0.732097 2.33708
0.318502 0.471027 2.22286
-0.0647336 -0.0802559 2.31562
-0.0663877 -0.00896597 2.29815
0.524383 -0.17454 2.14909
0.468658 -0.101506 2.12087
0.23265 -0.0462057 2.28709
0.257265 0.248202 2.24776
0.27959 0.532701 2.19612
0.298136 0.672397 2.16469
0.116982 0.422976 2.19742
0.0388833 0.189219 2.27786
-0.0557815 -0.00381474 2.31267
-0.0802823 -0.0419454 2.31217
0.425654 0.393578 2.18609
0.462414 0.133666 2.2208
0.500438 -0.0761881 2.15803
0.478939 -0.0873576 2.14382
0.155857 -0.03572 2.25187
0.0304248 -0.342342 2.2492
-0.104465 -0.631567 2.33393
-0.138099 -0.711861 2.24975
0.301987 -0.0553145 2.25034
0.330088 -0.3425 2.30116
0.355301 -0.653681 2.39822
0.369199 -0.732926 2.33661
0.274377 0.462992 2.21122
-0.10986 -0.101734 2.33385
-0.099395 -0.0181878 2.28933
0.494537 -0.173937 2.1421
0.436945 -0.107917 2.10724
0.179034 -0.0553721 2.27838
0.194698 0.23987 2.23705
0.208092 0.525345 2.18306
0.231479 0.665322 2.15131
0.0518083 0.412742 2.18265
-0.0258312 0.169412 2.26119
-0.113885 -0.0251288 2.30123
-0.133566 -0.0642205 2.29693
0.359697 0.391497 2.17594
0.408315 0.12794 2.21182
0.459073 -0.0775295 2.14306
0.434837 -0.0856415 2.13249
0.102052 -0.0482188 2.24185
-3.83924e-005 -0.355397 2.27644
-0.107225 -0.652722 2.33432
-0.132084 -0.734221 2.25524
0.250296 -0.0608393 2.24283
0.304709 -0.349061 2.2933
0.346691 -0.660496 2.39926
0.367737 -0.73524 2.3388
0.20507 0.455386 2.19878
-0.156511 -0.1205 2.31816
-0.153779 -0.0524628 2.26416
0.457709 -0.172558 2.12825
0.397433 -0.114191 2.09664
0.12304 -0.0578441 2.27306
0.126222 0.237401 2.22795
0.128607 0.522675 2.17001
0.150713 0.666733 2.13896
-0.0312924 0.407771 2.16989
-0.0936883 0.158286 2.2429
-0.176817 -0.0402969 2.27457
-0.1892 -0.0614662 2.26635
0.281991 0.396789 2.16448
0.331469 0.142206 2.20521
0.398712 -0.061202 2.14665
0.378349 -0.0796426 2.13143
0.0485616 -0.0537388 2.23507
-0.0286676 -0.373291 2.29034
-0.112683 -0.673257 2.34833
-0.128979 -0.741363 2.25898
0.193518 -0.060044 2.2389
0.271807 -0.356962 2.29955
0.337937 -0.665966 2.40078
0.36704 -0.735957 2.34114
0.128124 0.452792 2.18671
-0.219496 -0.133261 2.28742
-0.210271 -0.0681965 2.22922
0.405134 -0.16083 2.12519
0.34231 -0.106888 2.105
0.0572916 -0.0512958 2.27027
0.0495897 0.243636 2.22155
0.0415584 0.528526 2.16035
0.0617385 0.672598 2.12828
-0.115535 0.411312 2.15775
-0.175121 0.170862 2.2177
-0.24963 -0.0332873 2.23782
-0.267531 -0.0668223 2.22929
0.200619 0.402625 2.16022
0.254515 0.151016 2.20693
0.328806 -0.051345 2.15411
0.308815 -0.0703489 2.1413
-0.0166908 -0.0511417 2.23097
-0.0701563 -0.350061 2.28302
-0.114562 -0.671685 2.34966
-0.128595 -0.74304 2.2582
0.129417 -0.049814 2.23734
0.222656 -0.346324 2.28984
0.318036 -0.651199 2.38492
0.362598 -0.730105 2.32414
0.0436061 0.45875 2.17785
-0.306261 -0.139197 2.25339
-0.284339 -0.0343425 2.2129
0.337885 -0.152369 2.13709
0.272304 -0.091828 2.10735
0.0150232 -0.0474982 2.26952
0.00786228 0.247236 2.22052
0.000779771 0.531971 2.15917
0.0193442 0.675606 2.12648
-0.154659 0.41222 2.15004
-0.217127 0.166542 2.20905
-0.291648 -0.0388889 2.21887
-0.309791 -0.0667945 2.21063
0.161751 0.409505 2.16594
0.218843 0.156212 2.21384
0.292704 -0.0460088 2.15917
0.275232 -0.0634875 2.14917
-0.0579602 -0.0490989 2.22854
-0.0898697 -0.343765 2.28407
-0.118955 -0.669777 2.35098
-0.128506 -0.743993 2.25879
0.0873307 -0.0443536 2.23822
0.178302 -0.360027 2.26866
0.25706 -0.646066 2.37264
0.308517 -0.716963 2.30424
0.0025381 0.462233 2.1767
-0.338471 -0.136072 2.23067
-0.322421 -0.0791305 2.17065
0.30822 -0.141024 2.14541
0.236339 -0.0907299 2.12006
-0.0144511 -0.0453459 2.26461
-0.0195956 0.249821 2.21797
-0.0245807 0.534919 2.15887
-0.00772857 0.680294 2.12689
-0.179261 0.413326 2.14613
-0.236343 0.167712 2.19938
-0.308281 -0.0385873 2.20965
-0.327082 -0.0682301 2.2004
0.136848 0.416319 2.17117
0.192594 0.164582 2.22538
0.273346 -0.0355028 2.17295
0.260373 -0.0549467 2.16989
-0.086127 -0.0480646 2.22295
-0.109298 -0.345736 2.2942
-0.123791 -0.665352 2.35124
-0.128391 -0.746142 2.26442
0.0576256 -0.0411607 2.234
0.115182 -0.344111 2.23721
0.139439 -0.662273 2.37566
0.196761 -0.726176 2.30755
-0.0233654 0.465096 2.17584
-0.355282 -0.14326 2.22226
-0.339806 -0.0773167 2.15882
0.295003 -0.132627 2.17131
0.225957 -0.0776839 2.13745
-0.0421916 -0.0471889 2.26132
-0.0433183 0.249925 2.21569
-0.0443655 0.536726 2.15762
-0.0277914 0.68307 2.12818
-0.196616 0.412177 2.14168
-0.24795 0.163464 2.19059
-0.315201 -0.0452437 2.19113
-0.322745 -0.077781 2.17958
0.119545 0.415626 2.17173
0.180521 0.171004 2.23257
0.26828 -0.0287527 2.19579
0.261627 -0.0471526 2.19544
-0.112374 -0.0498147 2.21988
-0.128578 -0.357335 2.30823
-0.127002 -0.664038 2.35236
-0.129458 -0.746886 2.26562
0.0292879 -0.0430586 2.2305
0.0334927 -0.349217 2.24232
0.0237035 -0.653281 2.35985
0.032673 -0.730871 2.28172
-0.0441302 0.466504 2.17434
-0.346348 -0.153066 2.19824
-0.336271 -0.0856519 2.13778
0.297376 -0.126339 2.19821
0.23166 -0.0733086 2.1575
-0.0512826 -0.0498064 2.25983
-0.0492858 0.248281 2.21478
-0.0479073 0.535959 2.15716
-0.033841 0.681845 2.12806
-0.199998 0.409806 2.1414
-0.249023 0.160517 2.18817
-0.313658 -0.0492952 2.18286
-0.3151 -0.081256 2.17326
0.114363 0.414266 2.16849
0.179011 0.170643 2.23327
0.268705 -0.0290244 2.20368
0.262127 -0.051714 2.2006
-0.121546 -0.05089 2.21884
-0.129639 -0.358822 2.3086
-0.127747 -0.6655 2.35231
-0.129238 -0.747008 2.26515
0.0204333 -0.0472584 2.2285
0.0040328 -0.356705 2.26415
-0.0105613 -0.663539 2.34971
0.00149778 -0.738118 2.26904
-0.0482066 0.465534 2.17378
-0.336964 -0.15741 2.19358
-0.332842 -0.0999418 2.13543
0.298328 -0.130844 2.20855
0.231696 -0.0819733 2.16085
-0.0543752 -0.0496706 2.25865
-0.0501176 0.248088 2.21386
-0.0469915 0.535629 2.15597
-0.0337004 0.681659 2.12644
-0.199891 0.410098 2.14152
-0.248859 0.160198 2.18793
-0.309383 -0.050839 2.18346
-0.30801 -0.0691813 2.18252
0.114895 0.41401 2.16613
0.177324 0.170047 2.23167
0.266722 -0.0298727 2.2034
0.255701 -0.0609828 2.19315
-0.12479 -0.0496621 2.21796
-0.12954 -0.360971 2.3074
-0.127495 -0.666315 2.35239
-0.12437 -0.747602 2.26449
0.0174997 -0.0481182 2.22696
-0.00106828 -0.35894 2.27213
-0.0133024 -0.666098 2.35019
-1.22715e-005 -0.739318 2.27147
-0.0478249 0.465258 2.17275
-0.34234 -0.146735 2.19647
-0.323653 -0.07219 2.1412
0.285772 -0.146477 2.19607
0.240769 -0.053573 2.15009
-0.054854 -0.0489841 2.25679
-0.0491353 0.248577 2.21218
-0.043084 0.536091 2.15411
-0.02976 0.681228 2.12263
-0.199342 0.411395 2.14151
-0.251357 0.165083 2.18929
-0.317733 -0.0440096 2.1882
-0.325397 -0.0560131 2.18933
0.116766 0.413273 2.16327
0.173194 0.167944 2.22673
0.253975 -0.0352283 2.19376
0.239904 -0.0674912 2.17611
-0.125342 -0.0482402 2.21607
-0.120057 -0.362998 2.28863
-0.126636 -0.667796 2.34984
-0.124121 -0.747655 2.26162
0.0171838 -0.0480906 2.22509
0.000883914 -0.359808 2.2767
-0.012983 -0.665234 2.35124
-0.00107749 -0.740564 2.27389
-0.0448021 0.465714 2.17088
-0.363214 -0.135249 2.20751
-0.347034 -0.0621067 2.14756
0.267512 -0.150004 2.18108
0.207776 -0.091523 2.13629
-0.0568969 -0.0483866 2.2559
-0.0492778 0.248658 2.21038
-0.0410598 0.535499 2.15094
-0.0262628 0.68035 2.11758
-0.199651 0.41428 2.1418
-0.261583 0.17248 2.1954
-0.338104 -0.0327378 2.19892
-0.34715 -0.046904 2.20035
0.116383 0.411196 2.15725
0.1612 0.161542 2.21608
0.232043 -0.0450898 2.18058
0.215918 -0.0807817 2.16728
-0.127743 -0.0465092 2.21532
-0.146552 -0.348617 2.23343
-0.159537 -0.663075 2.33297
-0.196716 -0.732468 2.25349
0.0154644 -0.0484348 2.22407
0.00757801 -0.357194 2.28182
-0.00956346 -0.65991 2.35349
-0.00142079 -0.741756 2.2821
-0.04333 0.465308 2.16808
-0.38955 -0.117738 2.21288
-0.365413 -0.0459205 2.15868
0.237537 -0.168095 2.17199
0.177778 -0.102159 2.13013
-0.0722872 -0.0451135 2.25295
-0.0597956 0.250075 2.20579
-0.0478523 0.535488 2.14582
-0.0314374 0.677816 2.11106
-0.206447 0.418441 2.14074
-0.272333 0.176108 2.20009
-0.351588 -0.0277755 2.20665
-0.358276 -0.0424562 2.20984
0.10845 0.410698 2.15072
0.148641 0.156018 2.20947
0.219171 -0.0506765 2.17352
0.20271 -0.0823296 2.16465
-0.143996 -0.0415205 2.21281
-0.198114 -0.346206 2.21018
-0.255499 -0.648143 2.31803
-0.292983 -0.724583 2.23754
0.00166482 -0.0470817 2.22085
0.00662419 -0.342128 2.28528
-0.00818069 -0.657446 2.35512
-0.000729225 -0.742011 2.28266
-0.0508344 0.465587 2.16306
-0.403285 -0.117471 2.2241
-0.380953 -0.0455618 2.17069
0.224972 -0.167921 2.17455
0.163814 -0.0995239 2.13105
-0.0997768 -0.042816 2.2462
-0.0850236 0.251487 2.1998
-0.0702047 0.535774 2.1409
-0.0553396 0.679538 2.10567
-0.228086 0.420303 2.13488
-0.293353 0.175251 2.19885
-0.371098 -0.0283469 2.21282
-0.388887 -0.065295 2.21141
0.0872801 0.41131 2.1448
0.131944 0.157733 2.20196
0.202554 -0.0494608 2.17042
0.187625 -0.0778397 2.15548
-0.171142 -0.0386867 2.20656
-0.264181 -0.351156 2.21086
-0.358438 -0.634707 2.31034
-0.401114 -0.710124 2.22708
-0.0252148 -0.0455414 2.21362
0.000343171 -0.33712 2.28635
-0.00958697 -0.655276 2.35868
-0.000433749 -0.742578 2.28892
-0.0739387 0.466156 2.15783
-0.423894 -0.128827 2.2372
-0.40999 -0.0538863 2.17636
0.215562 -0.158952 2.15777
0.150015 -0.104008 2.12061
-0.156768 -0.0459411 2.2306
-0.144027 0.248251 2.18802
-0.130841 0.532294 2.13309
-0.118035 0.674861 2.0995
-0.287589 0.414957 2.12349
-0.350925 0.167832 2.18562
-0.425263 -0.037406 2.19549
-0.433052 -0.0638458 2.19574
0.02664 0.407346 2.13556
0.0827475 0.162604 2.18895
0.159375 -0.0423194 2.15512
0.145743 -0.0766361 2.14044
-0.227997 -0.0427971 2.19202
-0.338131 -0.347933 2.2265
-0.459051 -0.647043 2.30541
-0.47837 -0.726398 2.22157
-0.0804975 -0.0476059 2.19708
-0.0281981 -0.33878 2.28047
-0.0126116 -0.653739 2.35895
-0.00140128 -0.742836 2.29292
-0.134235 0.462744 2.14901
-0.467893 -0.135054 2.2154
-0.464989 -0.0544365 2.16638
0.175589 -0.160443 2.1467
0.114255 -0.102951 2.10376
-0.208257 -0.056614 2.22774
-0.20927 0.237883 2.18111
-0.21011 0.522566 2.12187
-0.191216 0.665132 2.0915
-0.358546 0.402998 2.11127
-0.417232 0.151528 2.17325
-0.488221 -0.055307 2.17667
-0.494242 -0.0767983 2.17604
-0.0420813 0.396533 2.12893
0.01634 0.158661 2.1836
0.102451 -0.0411247 2.13939
0.089493 -0.0735235 2.12815
-0.279915 -0.0556726 2.18612
-0.384842 -0.36637 2.24114
-0.481738 -0.662303 2.31191
-0.496033 -0.739298 2.23321
-0.130083 -0.0558377 2.19727
-0.0635624 -0.345917 2.275
-0.0196449 -0.658686 2.35914
-0.00195956 -0.743959 2.28959
-0.21002 0.452828 2.13888
-0.528178 -0.151406 2.19156
-0.521664 -0.0703056 2.13937
0.120988 -0.15184 2.12137
0.056008 -0.0961234 2.09052
-0.273395 -0.0595175 2.22585
-0.286479 0.234579 2.1745
-0.297744 0.518609 2.11034
-0.275522 0.661036 2.08131
-0.446065 0.395948 2.10415
-0.498487 0.140176 2.16603
-0.554864 -0.0715039 2.16225
-0.566239 -0.0879558 2.15855
-0.128843 0.395883 2.11734
-0.0671749 0.161318 2.17474
0.0260602 -0.0370435 2.14199
0.0167249 -0.0704019 2.12703
-0.342495 -0.0621953 2.18477
-0.408491 -0.362348 2.24385
-0.482616 -0.666062 2.31788
-0.499039 -0.742466 2.23663
-0.195503 -0.0549004 2.1952
-0.103843 -0.351255 2.2626
-0.0253006 -0.659232 2.35511
-0.00181913 -0.742892 2.28405
-0.295279 0.449056 2.1286
-0.598628 -0.162436 2.1747
-0.581628 -0.0913778 2.11711
0.0514942 -0.152178 2.13
-0.0183149 -0.0970271 2.09106
-0.345457 -0.041294 2.22657
-0.364488 0.247202 2.16874
-0.380838 0.525712 2.09874
-0.367191 0.670136 2.06814
-0.527628 0.402912 2.09394
-0.578495 0.148836 2.15828
-0.636856 -0.0622559 2.15248
-0.65251 -0.081448 2.14433
-0.211826 0.412115 2.11107
-0.145782 0.175638 2.17629
-0.0530196 -0.0237507 2.14949
-0.0594284 -0.062261 2.13962
-0.413033 -0.048602 2.1842
-0.452051 -0.355092 2.24649
-0.488002 -0.665443 2.31817
-0.500071 -0.744939 2.23747
-0.266886 -0.0326099 2.19753
-0.157725 -0.340676 2.20422
-0.0459767 -0.644619 2.32515
-0.0132932 -0.722143 2.2519
-0.377213 0.457531 2.1184
-0.677178 -0.15385 2.15357
-0.666688 -0.082939 2.10532
-0.0313339 -0.132437 2.14068
-0.0987341 -0.0690999 2.10914
-0.379849 -0.0338418 2.22574
-0.399518 0.252766 2.16747
-0.41633 0.529443 2.09726
-0.40777 0.672115 2.06512
-0.566331 0.404 2.08763
-0.615929 0.151106 2.15457
-0.677979 -0.0588159 2.14872
-0.695121 -0.085801 2.14324
-0.250345 0.419939 2.1183
-0.180005 0.184837 2.19213
-0.0806695 -0.0109102 2.15942
-0.0845003 -0.0440464 2.151
-0.446685 -0.0431943 2.18241
-0.476633 -0.341665 2.25063
-0.495604 -0.663202 2.3199
-0.500731 -0.746195 2.23905
-0.300968 -0.0233296 2.19783
-0.188318 -0.32146 2.16457
-0.0872241 -0.588173 2.30434
-0.0350136 -0.657771 2.2438
-0.412624 0.461713 2.11694
-0.716419 -0.155805 2.1545
-0.71791 -0.0717393 2.126
-0.0499101 -0.0984459 2.15119
-0.12084 -0.0613004 2.11553
-0.401615 -0.0290066 2.2232
-0.425662 0.256581 2.16547
-0.446628 0.532167 2.09586
-0.435615 0.674952 2.06441
-0.591509 0.402942 2.08301
-0.639709 0.151047 2.14531
-0.699292 -0.0595175 2.14171
-0.71385 -0.0902577 2.134
-0.275594 0.425482 2.12329
-0.203921 0.193939 2.20516
-0.0955406 0.0019692 2.18455
-0.0995378 -0.0164924 2.18043
-0.467223 -0.041405 2.17743
-0.490123 -0.336393 2.25101
-0.498568 -0.662657 2.32076
-0.501242 -0.747279 2.23989
-0.323395 -0.0154882 2.19792
-0.21347 -0.287489 2.12927
-0.113292 -0.537371 2.29286
-0.0535012 -0.600895 2.23253
-0.441924 0.464712 2.11539
-0.738427 -0.160753 2.14846
-0.736226 -0.080585 2.11177
-0.0582342 -0.0952045 2.18352
-0.128963 -0.0497664 2.1441
-0.419959 -0.0270817 2.22144
-0.442925 0.257956 2.1644
-0.462641 0.533111 2.09555
-0.453033 0.677731 2.06503
-0.605508 0.404581 2.07945
-0.652052 0.149057 2.13967
-0.704678 -0.0633294 2.13874
-0.714012 -0.0936925 2.1304
-0.29238 0.428047 2.12722
-0.221864 0.198535 2.215
-0.103367 0.0123313 2.20279
-0.109541 -0.0100021 2.20562
-0.484042 -0.040529 2.17354
-0.496147 -0.334454 2.25237
-0.499853 -0.663656 2.32093
-0.502346 -0.749833 2.23885
-0.342726 -0.0126629 2.19836
-0.226993 -0.270474 2.1125
-0.120478 -0.498496 2.27975
-0.0609532 -0.555638 2.22283
-0.45827 0.465754 2.11487
-0.738044 -0.16504 2.14354
-0.732138 -0.0664954 2.114
-0.0677157 -0.0855331 2.21749
-0.135609 -0.0479356 2.16638
-0.430901 -0.0265022 2.2179
-0.45337 0.259305 2.16255
-0.472867 0.535327 2.09521
-0.463248 0.679911 2.0662
-0.613425 0.40421 2.07593
-0.655736 0.147551 2.13484
-0.703853 -0.0659888 2.13361
-0.702544 -0.0965053 2.11954
-0.303532 0.429706 2.12925
-0.231917 0.201096 2.21963
-0.110765 0.016997 2.22059
-0.118785 -0.00707813 2.21754
-0.49446 -0.0400775 2.1693
-0.501759 -0.333476 2.25264
-0.501067 -0.664881 2.32185
-0.503157 -0.752092 2.23761
-0.353682 -0.0120717 2.19559
-0.236121 -0.256762 2.09863
-0.126855 -0.475116 2.2717
-0.0645064 -0.530892 2.21722
-0.468526 0.467741 2.11417
-0.719063 -0.163846 2.12734
-0.70461 -0.0972937 2.07565
-0.077536 -0.0846959 2.2223
-0.143021 -0.0424039 2.1754
-0.433919 -0.0268298 2.21637
-0.454942 0.259454 2.16214
-0.473532 0.535745 2.09547
-0.46415 0.680578 2.06722
-0.614499 0.404551 2.07478
-0.654904 0.14622 2.13193
-0.698422 -0.0686359 2.12194
-0.695744 -0.0950901 2.10889
-0.304225 0.430116 2.13049
-0.233186 0.201331 2.2202
-0.111716 0.0174629 2.22151
-0.114554 -0.00899637 2.20826
-0.497039 -0.0402469 2.16669
-0.502945 -0.33704 2.25351
-0.501232 -0.664769 2.32171
-0.503393 -0.752706 2.23723
-0.357194 -0.0125826 2.19501
-0.238476 -0.255759 2.09408
-0.12944 -0.471261 2.27646
-0.0675225 -0.527968 2.22334
-0.469384 0.46807 2.11426
-0.714847 -0.168452 2.12537
-0.717087 -0.0806983 2.09227
-0.0771398 -0.0854206 2.22182
-0.132055 -0.0348851 2.16287
-0.430464 -0.0273807 2.2138
-0.45138 0.259745 2.16179
-0.46816 0.537148 2.09779
-0.456581 0.681709 2.07169
-0.607708 0.405221 2.07328
-0.650059 0.145366 2.12833
-0.693683 -0.0694667 2.1144
-0.691131 -0.0938655 2.10005
-0.298072 0.42903 2.13138
-0.227438 0.194993 2.21871
-0.105162 0.0113412 2.21307
-0.105862 -0.011034 2.19531
-0.49359 -0.0407726 2.16394
-0.502057 -0.33664 2.25219
-0.501202 -0.664629 2.32167
-0.503651 -0.753169 2.23696
-0.353615 -0.0131292 2.1925
-0.23722 -0.258987 2.09828
-0.0907243 -0.528988 2.26811
-0.0717134 -0.579784 2.14821
-0.4646 0.469156 2.11576
-0.714443 -0.163099 2.10517
-0.712408 -0.0973754 2.07052
-0.0629297 -0.0913777 2.19356
-0.117733 -0.0121891 2.1545
-0.402112 -0.0300434 2.20942
-0.419121 0.258876 2.16142
-0.432781 0.537882 2.10172
-0.417083 0.683649 2.07958
-0.575097 0.406494 2.07058
-0.627013 0.148954 2.1226
-0.683709 -0.0626295 2.1078
-0.675932 -0.0885088 2.09905
-0.266366 0.426552 2.13544
-0.202928 0.186277 2.21548
-0.0873576 -0.00119952 2.19133
-0.0791698 -0.0377958 2.17673
-0.466713 -0.0423696 2.15874
-0.492206 -0.33391 2.24748
-0.500655 -0.663579 2.32105
-0.503488 -0.752675 2.23697
-0.324515 -0.0167962 2.18891
-0.209184 -0.278724 2.12458
-0.0992166 -0.516904 2.32634
-0.0324422 -0.565679 2.26806
-0.429903 0.469559 2.11873
-0.692398 -0.156579 2.1056
-0.701512 -0.100421 2.07295
-0.0452507 -0.105233 2.18462
-0.105959 -0.0496509 2.12956
-0.370421 -0.0365516 2.20933
-0.38152 0.253543 2.16281
-0.389512 0.533769 2.1044
-0.368539 0.679706 2.08555
-0.537562 0.406412 2.0758
-0.597583 0.149516 2.1242
-0.655081 -0.0618018 2.10553
-0.645315 -0.0856592 2.10428
-0.227661 0.419975 2.13898
-0.174644 0.183866 2.21483
-0.0678456 -0.00874823 2.19252
-0.0555342 -0.0362174 2.18005
-0.43619 -0.0456376 2.15751
-0.474686 -0.344108 2.24316
-0.498932 -0.662193 2.3198
-0.502405 -0.750948 2.2383
-0.292558 -0.0263937 2.18988
-0.16608 -0.307763 2.15856
-0.0540079 -0.569008 2.33803
0.00368856 -0.624456 2.27709
-0.388005 0.465144 2.12113
-0.672442 -0.157272 2.11222
-0.665478 -0.08053 2.07954
-0.020647 -0.120317 2.18669
-0.0795757 -0.0699154 2.13381
-0.321997 -0.0459553 2.21197
-0.326769 0.245503 2.16791
-0.329249 0.527033 2.11173
-0.306673 0.674429 2.09215
-0.478844 0.401798 2.08224
-0.545818 0.151401 2.12901
-0.606692 -0.0591047 2.11369
-0.598486 -0.0813681 2.11255
-0.166246 0.406122 2.14113
-0.116947 0.167602 2.21104
-0.0241794 -0.0321015 2.1931
-0.0140721 -0.0533047 2.18492
-0.390188 -0.0500241 2.1611
-0.449005 -0.347216 2.24056
-0.493991 -0.660872 2.31888
-0.501552 -0.750311 2.23843
-0.243476 -0.040482 2.19127
-0.126997 -0.34001 2.20716
-0.00779075 -0.637456 2.33672
0.03702 -0.715589 2.2611
-0.329007 0.458088 2.12793
-0.630801 -0.15402 2.12783
-0.616229 -0.0543098 2.09867
0.0189172 -0.138389 2.18848
-0.0397252 -0.0873844 2.13867
-0.256403 -0.0599837 2.22514
-0.248913 0.232309 2.17958
-0.23955 0.514829 2.12164
-0.216174 0.662835 2.10329
-0.389853 0.39311 2.0896
-0.46928 0.150474 2.14054
-0.544702 -0.0552277 2.12902
-0.542191 -0.0971517 2.12844
-0.0851553 0.392527 2.14854
-0.0370035 0.142164 2.21622
0.0387456 -0.0642393 2.19693
0.0459232 -0.0807709 2.18512
-0.32573 -0.060504 2.17488
-0.418192 -0.367527 2.26033
-0.485531 -0.663739 2.3235
-0.502046 -0.749454 2.23973
-0.178806 -0.057554 2.20364
-0.0887362 -0.36126 2.25488
-0.00336986 -0.655859 2.35086
0.0314173 -0.731952 2.27524
-0.242176 0.445622 2.13831
-0.574235 -0.157381 2.14573
-0.564406 -0.079504 2.11578
0.0759307 -0.157963 2.19016
0.0191765 -0.110313 2.14133
-0.199357 -0.055695 2.2378
-0.176781 0.236369 2.18447
-0.153316 0.518413 2.11799
-0.123757 0.665947 2.10814
-0.303119 0.401311 2.08726
-0.397394 0.150865 2.14367
-0.461561 -0.0585865 2.1434
-0.455307 -0.0687864 2.14648
0.0012449 0.390697 2.16033
0.0336447 0.138712 2.21811
0.118248 -0.0640111 2.19805
0.126719 -0.0911295 2.18937
-0.267037 -0.0527277 2.1856
-0.369466 -0.368608 2.25401
-0.478713 -0.661819 2.32167
-0.500262 -0.746416 2.23919
-0.124963 -0.0567199 2.21794
-0.064866 -0.357882 2.26736
-0.0037782 -0.664794 2.35456
0.0284341 -0.736795 2.28014
-0.159299 0.449357 2.13686
-0.494901 -0.14266 2.17135
-0.467143 -0.0312604 2.13238
0.151857 -0.177869 2.20458
0.10154 -0.114591 2.13644
-0.13167 -0.0454769 2.25728
-0.101441 0.24656 2.19688
-0.0712769 0.528657 2.12384
-0.0359615 0.675313 2.11485
-0.224088 0.412632 2.09009
-0.328217 0.172942 2.14485
-0.41322 -0.0287847 2.14763
-0.412267 -0.0641165 2.14798
0.0773746 0.394359 2.16765
0.114288 0.138337 2.23485
0.192703 -0.0658804 2.20325
0.203842 -0.0893492 2.19647
-0.200597 -0.0376977 2.20572
-0.306237 -0.345434 2.21884
-0.430824 -0.63956 2.30331
-0.466452 -0.728487 2.22504
-0.0583775 -0.051895 2.23679
-0.0237131 -0.338518 2.30017
0.00480883 -0.657748 2.36071
0.0282778 -0.737793 2.28172
-0.0788194 0.459587 2.14432
-0.433753 -0.117561 2.16707
-0.435394 -0.0437324 2.1335
0.227369 -0.172645 2.2141
0.172268 -0.105691 2.14467
-0.0930937 -0.0404725 2.26381
-0.0678058 0.250588 2.20414
-0.0419468 0.53183 2.13182
-0.000938848 0.677499 2.12163
-0.191782 0.417975 2.09879
-0.295366 0.184142 2.14883
-0.381779 -0.0175863 2.14252
-0.379526 -0.0554982 2.14125
0.109491 0.396518 2.17223
0.149134 0.134612 2.24749
0.223048 -0.0708562 2.21271
0.225239 -0.0882573 2.21052
-0.160642 -0.0306596 2.21237
-0.238709 -0.329641 2.19215
-0.351976 -0.623581 2.32418
-0.397787 -0.696568 2.2596
-0.0224972 -0.0488995 2.24308
0.00465924 -0.32722 2.32231
0.0109694 -0.65113 2.36509
0.028347 -0.737713 2.28411
-0.0484651 0.462959 2.15212
-0.409548 -0.119258 2.15629
-0.399487 -0.0366348 2.1185
0.249576 -0.173067 2.22258
0.195544 -0.10944 2.16563
-0.0632572 -0.0394213 2.26479
-0.0446473 0.252897 2.20879
-0.024385 0.53488 2.13965
0.0155367 0.679868 2.12777
-0.175753 0.4208 2.10646
-0.275532 0.184121 2.15456
-0.35778 -0.0194398 2.14775
-0.354152 -0.0562879 2.14778
0.127419 0.399823 2.17807
0.161142 0.13164 2.25158
0.237286 -0.0739312 2.22828
0.229612 -0.0880918 2.22727
-0.130761 -0.0289809 2.21435
-0.182241 -0.325466 2.17954
-0.245825 -0.601444 2.34894
-0.277735 -0.673401 2.28499
0.0062939 -0.0485634 2.24304
0.0191529 -0.332648 2.33247
0.0168585 -0.641668 2.37194
0.0284079 -0.737272 2.28498
-0.0296169 0.465857 2.15917
-0.374239 -0.109756 2.16133
-0.377871 -0.04631 2.12789
0.249398 -0.173911 2.23898
0.199014 -0.116616 2.18287
-0.0454574 -0.0407746 2.25993
-0.0321383 0.253249 2.21013
-0.0162519 0.536821 2.1471
0.0209555 0.682437 2.13321
-0.16792 0.42191 2.11698
-0.260407 0.181047 2.16238
-0.333608 -0.0258171 2.16103
-0.334747 -0.0626755 2.16381
0.135387 0.402964 2.17875
0.164452 0.133823 2.25126
0.234284 -0.0742906 2.2353
0.217259 -0.0930469 2.23087
-0.113743 -0.0331306 2.21054
-0.132297 -0.34492 2.19752
-0.146838 -0.65344 2.35669
-0.158365 -0.725499 2.27536
0.0246038 -0.0472034 2.237
0.0318582 -0.3464 2.3324
0.018631 -0.641869 2.37058
0.0271793 -0.735826 2.28881
-0.0204383 0.467344 2.1649
-0.352342 -0.114902 2.17435
-0.357342 -0.0580353 2.14267
0.232752 -0.179968 2.24826
0.178474 -0.115674 2.19473
-0.0367974 -0.0458682 2.25593
-0.0294727 0.251362 2.21122
-0.0181896 0.535932 2.15417
0.0161739 0.68193 2.13977
-0.170673 0.418818 2.12349
-0.256655 0.176353 2.1654
-0.326575 -0.0312689 2.16977
-0.333687 -0.0705292 2.17368
0.136233 0.402998 2.1806
0.168322 0.135852 2.24719
0.236541 -0.072828 2.23211
0.227187 -0.0851638 2.22135
-0.104915 -0.0410728 2.20674
-0.121412 -0.354342 2.23356
-0.141154 -0.661581 2.35589
-0.146392 -0.737309 2.28008
0.0326964 -0.0495377 2.23283
0.0403278 -0.354297 2.32921
0.0202337 -0.642401 2.3687
0.0253342 -0.736104 2.29133
-0.0207773 0.4662 2.16985
-0.362475 -0.135598 2.19701
-0.350777 -0.0458683 2.1576
0.244222 -0.167469 2.22897
0.206702 -0.0895638 2.179
-0.0334763 -0.04777 2.24836
-0.0302568 0.250801 2.21096
-0.0289419 0.536635 2.16194
0.000803179 0.683038 2.14843
-0.180178 0.416899 2.12949
-0.256112 0.175328 2.16548
-0.326455 -0.0316026 2.17555
-0.338711 -0.0617158 2.18383
0.133103 0.404984 2.18243
0.177154 0.143283 2.23919
0.252123 -0.0630847 2.22756
0.25121 -0.0722242 2.22127
-0.102152 -0.0444857 2.20018
-0.12071 -0.358391 2.26134
-0.138904 -0.660088 2.35792
-0.144712 -0.739189 2.28332
0.036447 -0.0494402 2.22396
0.042621 -0.359115 2.32176
0.0202918 -0.644098 2.36653
0.0257694 -0.736421 2.29026
-0.0286651 0.466403 2.17535
-0.357248 -0.133423 2.20547
-0.357878 -0.0565757 2.17844
0.274531 -0.156355 2.25148
0.222778 -0.0982784 2.17972
-0.0396392 -0.0478938 2.24244
-0.0393442 0.250459 2.21077
-0.0406806 0.538025 2.16754
-0.018086 0.685155 2.15737
-0.191515 0.413364 2.13603
-0.257074 0.174211 2.16609
-0.330416 -0.0307173 2.18337
-0.352276 -0.0707207 2.19237
0.125699 0.408733 2.17942
0.189602 0.14909 2.23541
0.278779 -0.0510966 2.23536
0.282294 -0.0682416 2.23454
-0.108388 -0.0464053 2.19719
-0.126854 -0.350215 2.28849
-0.138497 -0.658841 2.36401
-0.144542 -0.740193 2.28448
0.0302261 -0.0475551 2.21479
0.0419608 -0.358422 2.31538
0.0206294 -0.644554 2.36526
0.0260437 -0.736495 2.28986
-0.0402914 0.467528 2.1802
-0.380036 -0.144948 2.22228
-0.37455 -0.0864469 2.16271
0.3055 -0.140588 2.27636
0.254304 -0.0960022 2.189
-0.0438087 -0.0493538 2.24013
-0.0442309 0.249227 2.21025
-0.0452965 0.53722 2.16834
-0.0261214 0.684887 2.16029
-0.196374 0.411566 2.13802
-0.262435 0.168212 2.16955
-0.336582 -0.0356929 2.19112
-0.356743 -0.0733291 2.20039
0.121627 0.408762 2.17773
0.191373 0.149887 2.23442
0.285352 -0.0475708 2.24057
0.285839 -0.0716101 2.24358
-0.112462 -0.0487926 2.19543
-0.128032 -0.349099 2.29208
-0.138849 -0.658556 2.36732
-0.144434 -0.740407 2.28599
0.0261262 -0.0482073 2.21223
0.039518 -0.356337 2.31088
0.0203231 -0.645828 2.36416
0.0263956 -0.736539 2.28985
-0.0450282 0.466648 2.18084
-0.382812 -0.145982 2.23488
-0.37249 -0.0779885 2.167
0.308168 -0.145697 2.28839
0.264356 -0.0992941 2.19677
-0.0476673 -0.0507838 2.23623
-0.0482866 0.248434 2.20883
-0.0495337 0.537015 2.16879
-0.0312482 0.684745 2.16121
-0.200284 0.410978 2.13816
-0.264957 0.168138 2.17
-0.340335 -0.0349002 2.19383
-0.366409 -0.0760557 2.20102
0.116249 0.4075 2.17471
0.190113 0.15001 2.23372
0.284072 -0.04728 2.24171
0.276807 -0.0785017 2.24714
-0.116272 -0.050921 2.19216
-0.128944 -0.348941 2.29245
-0.138847 -0.658462 2.36739
-0.144042 -0.740406 2.28711
0.0223856 -0.0489073 2.20786
0.0352172 -0.355799 2.30571
0.0193982 -0.646277 2.36291
0.0269332 -0.736002 2.28924
-0.0491929 0.466322 2.1809
-0.39136 -0.143389 2.22528
-0.384525 -0.0791643 2.16904
0.297243 -0.148923 2.28927
0.259188 -0.105562 2.20188
-0.0517888 -0.0521607 2.23304
-0.0520636 0.247373 2.20689
-0.0524508 0.536368 2.16803
-0.0349309 0.683732 2.16058
-0.203354 0.410652 2.13742
-0.267422 0.169083 2.16842
-0.345104 -0.0332723 2.19109
-0.370747 -0.0772492 2.19361
0.111451 0.404906 2.17227
0.185527 0.147623 2.23169
0.275156 -0.0513748 2.24266
0.261741 -0.0818625 2.24324
-0.120773 -0.0523192 2.18899
-0.131173 -0.349008 2.29407
-0.138908 -0.658969 2.36829
-0.143956 -0.740137 2.28792
0.018814 -0.0502526 2.20474
0.0317042 -0.354994 2.30201
0.0184484 -0.647209 2.36214
0.0272826 -0.735533 2.28825
-0.052351 0.465586 2.1799
-0.39377 -0.145441 2.21698
-0.388972 -0.0786523 2.16306
0.282459 -0.154634 2.28108
0.249397 -0.10902 2.2027
-0.0534665 -0.0524376 2.23206
-0.0541813 0.247185 2.20589
-0.0548241 0.536311 2.16712
-0.0367564 0.683569 2.16049
-0.205808 0.410474 2.13486
-0.270627 0.167349 2.16593
-0.349167 -0.0354137 2.18395
-0.371582 -0.0809785 2.17947
0.108022 0.404287 2.17064
0.180252 0.147042 2.22941
0.263987 -0.0545167 2.24075
0.251809 -0.0849599 2.24082
-0.122598 -0.0526401 2.18742
-0.132156 -0.349138 2.29459
-0.139237 -0.659887 2.37006
-0.144324 -0.740965 2.28871
0.0172732 -0.0505038 2.20424
0.029666 -0.353331 2.29943
0.017706 -0.647265 2.36188
0.0276031 -0.735391 2.28779
-0.0546866 0.465499 2.17899
-0.396832 -0.147738 2.20867
-0.388995 -0.0785045 2.14437
0.27048 -0.160165 2.27864
0.237939 -0.103912 2.19769
-0.0545188 -0.0524504 2.23144
-0.0559169 0.247023 2.20444
-0.0572307 0.536009 2.16467
-0.038461 0.683307 2.16007
-0.207923 0.410212 2.13269
-0.272969 0.163663 2.16273
-0.351251 -0.0409404 2.1649
-0.367708 -0.0837587 2.15338
0.106434 0.405259 2.17019
0.176226 0.146862 2.22785
0.258535 -0.0553387 2.23888
0.248089 -0.0822856 2.23769
-0.123649 -0.0528527 2.18611
-0.132999 -0.349053 2.29496
-0.139535 -0.659705 2.37031
-0.144367 -0.741091 2.28952
0.0161902 -0.0503663 2.20414
0.0283676 -0.352887 2.29808
0.0167659 -0.647323 2.36126
0.0278007 -0.735184 2.28698
-0.0569345 0.465234 2.17681
-0.396547 -0.152295 2.17909
-0.38304 -0.0805449 2.11593
0.263744 -0.158382 2.28069
0.234978 -0.100632 2.1958
-0.0563284 -0.0523384 2.23102
-0.0583437 0.247109 2.20338
-0.0601313 0.536085 2.16301
-0.0414904 0.683283 2.15899
-0.209929 0.409743 2.13044
-0.273045 0.159971 2.15881
-0.347953 -0.0460961 2.13565
-0.356706 -0.0788258 2.12197
0.104015 0.406297 2.16911
0.174232 0.146924 2.22736
0.256736 -0.0553768 2.23685
0.251615 -0.0797663 2.23383
-0.125243 -0.0527063 2.18574
-0.133976 -0.348882 2.29544
-0.139673 -0.659632 2.37038
-0.144262 -0.740882 2.28954
0.0143081 -0.0502848 2.20381
0.0271787 -0.353551 2.29827
0.0160125 -0.647811 2.3613
0.0281161 -0.734908 2.28645
-0.0597365 0.465314 2.1753
-0.384344 -0.147989 2.13597
-0.377486 -0.0872877 2.11
0.268166 -0.153066 2.27599
0.238435 -0.104587 2.19297
-0.0568366 -0.0524201 2.23103
-0.059197 0.247073 2.20304
-0.0615558 0.536082 2.16207
-0.0427738 0.683057 2.15859
-0.210861 0.409075 2.12936
-0.272867 0.158171 2.1559
-0.347086 -0.0479783 2.13005
-0.355715 -0.0780363 2.11673
0.103363 0.406767 2.16911
0.173777 0.146784 2.22705
0.256702 -0.0553547 2.23642
0.252852 -0.0802628 2.23302
-0.125724 -0.0528341 2.18565
-0.134154 -0.348934 2.29568
-0.139666 -0.659843 2.37055
-0.143983 -0.740699 2.28937
0.0137656 -0.0503232 2.20395
0.0270945 -0.353492 2.29828
0.0159109 -0.647759 2.36106
0.0281874 -0.734804 2.28618
-0.0610031 0.465306 2.17454
-0.38329 -0.146026 2.12715
-0.380466 -0.104958 2.111
0.268151 -0.152458 2.27554
0.238823 -0.102214 2.19147
-0.0571349 -0.0522684 2.23148
-0.0600035 0.247199 2.20306
-0.0630855 0.536284 2.16166
-0.0448628 0.682932 2.15829
-0.211606 0.40876 2.12836
-0.271876 0.156325 2.15287
-0.345812 -0.0498627 2.12614
-0.354581 -0.0820381 2.11774
0.102306 0.40803 2.16921
0.172929 0.146942 2.2273
0.255913 -0.055406 2.23442
0.251464 -0.0794739 2.23109
-0.12591 -0.0528072 2.18591
-0.13473 -0.349217 2.29669
-0.139733 -0.660186 2.37132
-0.144331 -0.741022 2.29043
0.0133402 -0.0499988 2.20472
0.0268676 -0.352996 2.29873
0.0157361 -0.647857 2.36118
0.0283142 -0.734723 2.28592
-0.0623482 0.465484 2.17424
-0.380639 -0.151883 2.13147
-0.379359 -0.0958854 2.11368
0.265272 -0.151474 2.26632
0.235904 -0.104702 2.18963
-0.0571472 -0.0518304 2.23262
-0.0602391 0.247337 2.20341
-0.063463 0.53629 2.16173
-0.045955 0.683028 2.15863
-0.21181 0.408651 2.12806
-0.271098 0.155815 2.15198
-0.343738 -0.0509099 2.12617
-0.349482 -0.0823998 2.12024
0.102495 0.409674 2.1709
0.172357 0.147076 2.22781
0.255548 -0.0552657 2.23411
0.249638 -0.0795863 2.23321
-0.125822 -0.0524673 2.18713
-0.134605 -0.349442 2.2974
-0.139848 -0.659835 2.37149
-0.144009 -0.740733 2.28979
0.0132585 -0.0494284 2.20595
0.0264869 -0.353162 2.30013
0.0155458 -0.648381 2.3611
0.0283594 -0.734683 2.2858
-0.0626841 0.465517 2.17436
-0.370412 -0.148055 2.12984
-0.363971 -0.113998 2.12474
0.263024 -0.153274 2.27178
0.236286 -0.100916 2.19106
-0.0570613 -0.0515851 2.23326
-0.0604203 0.247505 2.20401
-0.063804 0.536364 2.1624
-0.0462316 0.682929 2.15834
-0.211775 0.408612 2.12817
-0.270764 0.155599 2.15199
-0.341863 -0.0517244 2.12695
-0.345641 -0.0802819 2.12621
0.102935 0.410057 2.17168
0.172147 0.147661 2.22891
0.25445 -0.0551471 2.23414
0.248001 -0.0794085 2.23376
-0.125767 -0.0522971 2.1875
-0.134782 -0.350316 2.29833
-0.139952 -0.659532 2.37136
-0.143837 -0.740528 2.29026
0.0133815 -0.0491088 2.20693
0.0264389 -0.353304 2.30088
0.0155781 -0.648311 2.36114
0.0283706 -0.734618 2.28563
-0.0629905 0.465616 2.175
-0.368601 -0.153637 2.14198
-0.365888 -0.0931491 2.122
0.261369 -0.150746 2.26576
0.234511 -0.0986189 2.19137
-0.0567157 -0.0514566 2.23462
-0.0599716 0.247624 2.20537
-0.0631094 0.536402 2.1639
-0.0462519 0.68294 2.15834
-0.211475 0.408505 2.12888
-0.269463 0.155637 2.15392
-0.340385 -0.0518875 2.13124
-0.345926 -0.07724 2.13374
0.103243 0.409995 2.17258
0.171899 0.148292 2.22997
0.254147 -0.0546479 2.23392
0.247956 -0.0788621 2.23477
-0.125495 -0.0521885 2.18904
-0.134718 -0.350729 2.29901
-0.140058 -0.660254 2.37169
-0.144005 -0.740804 2.29093
0.013792 -0.0489784 2.20813
0.026539 -0.353535 2.30169
0.0155388 -0.648437 2.36108
0.0284247 -0.73462 2.2856
-0.0623777 0.465679 2.17645
-0.370758 -0.152322 2.13723
-0.357459 -0.10912 2.14867
0.261186 -0.151696 2.26769
0.234188 -0.104924 2.19216
-0.0565183 -0.0509145 2.23679
-0.0593113 0.247913 2.20734
-0.0618548 0.53645 2.16572
-0.0461467 0.682847 2.15841
-0.211081 0.408626 2.13127
-0.267795 0.157322 2.15738
-0.340177 -0.0498602 2.13855
-0.345111 -0.0680624 2.13884
0.104028 0.411092 2.17444
0.171317 0.149316 2.23121
0.253569 -0.0537594 2.23344
0.246298 -0.0809331 2.23431
-0.125342 -0.0516431 2.191
-0.134774 -0.350995 2.3001
-0.140206 -0.659727 2.37163
-0.143705 -0.741157 2.29101
0.0140513 -0.0484988 2.21042
0.0266855 -0.353501 2.30234
0.01553 -0.649163 2.36128
0.0284819 -0.735176 2.28538
-0.0612873 0.465785 2.17829
-0.374796 -0.137323 2.13115
-0.359557 -0.106144 2.14813
0.259729 -0.159335 2.26749
0.230922 -0.102762 2.19525
-0.0561209 -0.0507446 2.23828
-0.0589378 0.247864 2.2085
-0.0614457 0.536241 2.16657
-0.045322 0.68224 2.15804
-0.210728 0.408966 2.13359
-0.267539 0.158088 2.16102
-0.340148 -0.0490498 2.14338
-0.345238 -0.0665909 2.14134
0.104498 0.410876 2.17487
0.170768 0.149686 2.23173
0.251766 -0.0540066 2.23243
0.243545 -0.0816545 2.22796
-0.124919 -0.0513176 2.19372
-0.134939 -0.350975 2.30051
-0.140286 -0.659584 2.37126
-0.143854 -0.741438 2.29049
0.0143841 -0.0484639 2.21106
0.0268163 -0.353332 2.30266
0.0155206 -0.648946 2.3612
0.0284898 -0.735091 2.28541
-0.0608923 0.465613 2.17922
-0.374296 -0.130916 2.13541
-0.360105 -0.101053 2.1645
0.25483 -0.157426 2.26255
0.22576 -0.10943 2.18529
-0.0550103 -0.0501621 2.24218
-0.0576233 0.247998 2.21189
-0.0598872 0.535945 2.16945
-0.0443398 0.681443 2.15781
-0.210334 0.410475 2.14057
-0.266469 0.16306 2.16796
-0.339626 -0.0439369 2.15183
-0.345201 -0.0674891 2.15318
0.105903 0.411264 2.17717
0.168771 0.151811 2.23247
0.249753 -0.0520581 2.23045
0.240859 -0.0772035 2.22168
-0.123857 -0.0505653 2.19849
-0.134957 -0.351076 2.30192
-0.140406 -0.659591 2.37112
-0.143734 -0.741274 2.29091
0.0154778 -0.0480977 2.21389
0.0269029 -0.353853 2.30384
0.0154583 -0.648974 2.36118
0.0284893 -0.735242 2.28524
-0.0593956 0.465419 2.18223
-0.370962 -0.143293 2.15448
-0.361217 -0.0775546 2.1625
0.256606 -0.155564 2.24187
0.221746 -0.110023 2.18473
-0.0547903 -0.0498271 2.24362
-0.0571833 0.248094 2.21343
-0.0591858 0.535766 2.17106
-0.0438819 0.68104 2.1575
-0.21017 0.411173 2.14321
-0.26662 0.163143 2.17353
-0.339867 -0.0437915 2.15641
-0.345354 -0.0701806 2.16071
0.106481 0.410954 2.17843
0.168117 0.152524 2.23261
0.24907 -0.051426 2.22921
0.241908 -0.0785769 2.22142
-0.123706 -0.0501055 2.20063
-0.135264 -0.350124 2.30199
-0.140488 -0.659602 2.37116
-0.14358 -0.741422 2.29083
0.0157373 -0.0478934 2.2147
0.0266937 -0.354045 2.30416
0.0152652 -0.649326 2.3611
0.028505 -0.735219 2.28523
-0.0587612 0.465311 2.18383
-0.364232 -0.150486 2.16442
-0.355469 -0.10527 2.1905
0.255626 -0.155733 2.24229
0.225651 -0.102857 2.18688
-0.0547841 -0.0495913 2.24721
-0.0569336 0.248313 2.21652
-0.0587045 0.536013 2.17375
-0.0435244 0.680421 2.15701
-0.210396 0.411109 2.14748
-0.266502 0.162706 2.18029
-0.337895 -0.0449306 2.1707
-0.337899 -0.0705766 2.17398
0.106926 0.410541 2.18044
0.167301 0.153292 2.23387
0.247871 -0.0508627 2.22935
0.24482 -0.0750405 2.22601
-0.123976 -0.0497941 2.20479
-0.135141 -0.349744 2.30283
-0.140975 -0.65978 2.37135
-0.143706 -0.741689 2.29106
0.0160281 -0.0477496 2.21759
0.0262268 -0.355401 2.30554
0.0150435 -0.65019 2.36093
0.0281366 -0.736657 2.28613
-0.0583336 0.465545 2.18661
-0.346545 -0.151798 2.18485
-0.317311 -0.0719465 2.16823
0.264761 -0.156605 2.24821
0.227751 -0.0990651 2.18869
-0.0558107 -0.0497498 2.24986
-0.0574982 0.248048 2.21867
-0.0588882 0.535677 2.17535
-0.0436053 0.679992 2.15697
-0.211831 0.411421 2.15215
-0.267251 0.163661 2.18512
-0.336216 -0.0448049 2.17616
-0.337371 -0.0737764 2.18207
0.106402 0.409573 2.18124
0.166463 0.153862 2.23443
0.247441 -0.0501308 2.22996
0.244762 -0.0753285 2.22969
-0.12525 -0.0499544 2.20786
-0.135068 -0.349442 2.30365
-0.141076 -0.659633 2.3715
-0.143045 -0.741375 2.28995
0.0153141 -0.0479091 2.21974
0.0261209 -0.35557 2.30587
0.0148625 -0.650345 2.36112
0.0282995 -0.736517 2.28571
-0.0586016 0.465221 2.18834
-0.343019 -0.151487 2.19044
-0.343965 -0.108641 2.198
0.265791 -0.155756 2.25037
0.23014 -0.0847899 2.19209
-0.0560344 -0.050007 2.25196
-0.0577934 0.247881 2.22089
-0.0592303 0.535598 2.17759
-0.0441513 0.680219 2.15781
-0.212613 0.410872 2.15526
-0.267981 0.163005 2.19001
-0.336529 -0.045572 2.18214
-0.339951 -0.07407 2.18628
0.105558 0.408771 2.18241
0.16531 0.154889 2.23611
0.24562 -0.0494379 2.22984
0.241483 -0.0751098 2.22858
-0.125584 -0.0502944 2.20992
-0.134979 -0.349259 2.30462
-0.141182 -0.659517 2.37157
-0.143159 -0.741798 2.29012
0.0152374 -0.0480883 2.22183
0.0261287 -0.355863 2.30643
0.0147013 -0.650114 2.3611
0.028199 -0.736568 2.28625
-0.0589339 0.465119 2.19059
-0.348065 -0.146501 2.19126
-0.347869 -0.104631 2.2085
0.26189 -0.156166 2.24849
0.225929 -0.103539 2.19559
-0.0567577 -0.0501219 2.2539
-0.058632 0.247906 2.2231
-0.0602048 0.535756 2.18003
-0.0454749 0.68024 2.15923
-0.213952 0.410655 2.15834
-0.268564 0.163315 2.19161
-0.336785 -0.0453594 2.18427
-0.341516 -0.0737441 2.1843
0.10473 0.408435 2.18335
0.16314 0.157156 2.23697
0.242609 -0.0475449 2.22974
0.237859 -0.0754659 2.22487
-0.126374 -0.050443 2.21198
-0.135097 -0.34921 2.30563
-0.141201 -0.660103 2.3716
-0.143403 -0.742077 2.28998
0.014612 -0.0481842 2.22364
0.0258683 -0.356372 2.30725
0.0143601 -0.650437 2.36135
0.0281648 -0.736173 2.28618
-0.059873 0.465244 2.19297
-0.347119 -0.151877 2.2021
-0.317588 -0.0600922 2.1758
0.256469 -0.154808 2.24059
0.222643 -0.112625 2.18822
-0.0573891 -0.0500766 2.25558
-0.0596567 0.248008 2.22557
-0.0616912 0.535887 2.1834
-0.0471316 0.680309 2.16173
-0.214836 0.410716 2.16026
-0.269159 0.162947 2.19295
-0.337214 -0.0457961 2.18472
-0.341442 -0.0736388 2.18361
0.103573 0.408704 2.18546
0.16167 0.158305 2.23741
0.237503 -0.0478152 2.22951
0.236718 -0.0750315 2.22302
-0.126915 -0.0503717 2.21376
-0.1357 -0.349785 2.30728
-0.141282 -0.660298 2.37201
-0.143782 -0.742602 2.28999
0.013928 -0.0481876 2.22524
0.0252299 -0.356842 2.30877
0.0141546 -0.650558 2.36136
0.0283136 -0.735896 2.2859
-0.0612394 0.465369 2.19612
-0.351317 -0.14254 2.18826
-0.347925 -0.102279 2.212
0.252218 -0.156451 2.24584
0.219775 -0.0940353 2.18753
-0.0583192 -0.0497119 2.25719
-0.0607937 0.248247 2.22724
-0.0630003 0.536009 2.18504
-0.0492014 0.680658 2.16399
-0.215975 0.410841 2.16249
-0.269598 0.163456 2.19429
-0.337314 -0.0454178 2.18495
-0.341244 -0.0750912 2.18226
0.102256 0.409218 2.18725
0.16035 0.160005 2.2383
0.235695 -0.0463255 2.22938
0.236734 -0.0737615 2.22362
-0.127811 -0.0500803 2.21532
-0.135838 -0.350018 2.30816
-0.141553 -0.660476 2.37249
-0.143857 -0.742667 2.28995
0.0130069 -0.0477656 2.22689
0.0249223 -0.357075 2.30959
0.0139961 -0.650566 2.36163
0.0283516 -0.735568 2.28543
-0.0625084 0.465519 2.19777
-0.348105 -0.145974 2.18487
-0.346012 -0.104241 2.20208
0.253158 -0.149417 2.24143
0.220684 -0.098503 2.18818
-0.0587165 -0.0496946 2.25858
-0.0617083 0.248613 2.22899
-0.0645391 0.536853 2.18717
-0.051285 0.68094 2.16593
-0.216928 0.410884 2.16437
-0.270138 0.163212 2.19539
-0.337521 -0.0457779 2.1851
-0.340457 -0.0759376 2.18427
0.100878 0.409811 2.18961
0.159771 0.160624 2.23966
0.235526 -0.0455696 2.2297
0.236716 -0.0724501 2.2255
-0.128235 -0.0501249 2.21647
-0.136237 -0.350069 2.30955
-0.141551 -0.6605 2.3729
-0.143981 -0.742711 2.29047
0.0126681 -0.0476611 2.22855
0.024726 -0.357587 2.31048
0.0139715 -0.650477 2.36166
0.0284232 -0.735801 2.28518
-0.0638838 0.466231 2.19981
-0.344181 -0.151523 2.19518
-0.325462 -0.0769822 2.18428
0.253634 -0.155619 2.24967
0.219774 -0.109425 2.18514
-0.0593333 -0.0497104 2.26003
-0.0626346 0.248596 2.23049
-0.0656987 0.536805 2.18873
-0.0527069 0.681305 2.16776
-0.217733 0.410615 2.16588
-0.270762 0.162981 2.19672
-0.337559 -0.0462044 2.18528
-0.340287 -0.0757386 2.18306
0.0996943 0.410212 2.19242
0.159484 0.160132 2.24141
0.235443 -0.0459909 2.22983
0.235847 -0.0723941 2.22445
-0.128743 -0.0502179 2.21755
-0.136248 -0.350227 2.30981
-0.141647 -0.660358 2.37298
-0.14417 -0.742773 2.29052
0.0119559 -0.0475845 2.23038
0.024505 -0.357975 2.31123
0.0138308 -0.650459 2.36164
0.0284279 -0.735761 2.28496
-0.0649918 0.466193 2.20135
-0.347813 -0.146403 2.18976
-0.321328 -0.0820584 2.18115
0.250909 -0.155163 2.24559
0.219389 -0.103718 2.18709
-0.0599601 -0.0496213 2.26146
-0.0637588 0.24879 2.23248
-0.0672982 0.537075 2.1913
-0.0541746 0.681607 2.16996
-0.21858 0.410785 2.16742
-0.271106 0.162852 2.19721
-0.337545 -0.0464472 2.18594
-0.340446 -0.0769538 2.18532
0.098768 0.410753 2.19475
0.159333 0.158571 2.24502
0.235808 -0.0473255 2.23017
0.233723 -0.0710174 2.22771
-0.129266 -0.0501189 2.21877
-0.136675 -0.351018 2.31116
-0.141601 -0.660219 2.37291
-0.143405 -0.741603 2.28974
0.0112522 -0.0475226 2.23202
0.0241021 -0.357839 2.312
0.0136878 -0.650367 2.3618
0.0285275 -0.735754 2.2849
-0.0664777 0.466447 2.20378
-0.344821 -0.151499 2.19762
-0.324483 -0.0903557 2.18517
0.25108 -0.15011 2.24438
0.215973 -0.10473 2.19523
-0.060409 -0.0494353 2.2628
-0.0644559 0.249051 2.23373
-0.0681831 0.537371 2.19242
-0.0552534 0.682031 2.1716
-0.21917 0.411122 2.16847
-0.271572 0.162845 2.19787
-0.33763 -0.0465775 2.18614
-0.34128 -0.0760032 2.18379
0.0978539 0.411134 2.19683
0.158716 0.157331 2.24822
0.236002 -0.0482073 2.23129
0.232587 -0.0702808 2.23063
-0.129653 -0.0500311 2.21996
-0.136951 -0.351227 2.31143
-0.141469 -0.661246 2.37266
-0.144072 -0.742397 2.29012
0.0107436 -0.0472631 2.23354
0.0237631 -0.358376 2.31307
0.0134131 -0.650467 2.36215
0.0284975 -0.735793 2.28478
-0.0673198 0.466737 2.20492
-0.345705 -0.151398 2.19708
-0.326566 -0.0794979 2.18318
0.249967 -0.151096 2.2461
0.215116 -0.0846642 2.19456
-0.0611328 -0.0490223 2.26407
-0.0650872 0.249289 2.23505
-0.0686864 0.537448 2.19376
-0.0559393 0.682353 2.17358
-0.21989 0.411332 2.16919
-0.272056 0.162764 2.19837
-0.338189 -0.0466327 2.18624
-0.341771 -0.0749882 2.18318
0.0972717 0.411712 2.19821
0.157701 0.157697 2.24958
0.234743 -0.0479246 2.23219
0.232312 -0.0713964 2.23138
-0.130341 -0.049548 2.22115
-0.137765 -0.350695 2.31153
-0.141343 -0.661798 2.3727
-0.144105 -0.741992 2.2907
0.0100126 -0.0469317 2.23491
0.0235316 -0.358193 2.31347
0.0132714 -0.650467 2.36215
0.0285428 -0.735854 2.28433
-0.0678572 0.466852 2.20627
-0.347797 -0.145637 2.18964
-0.335694 -0.112222 2.19262
0.246922 -0.149358 2.24638
0.214304 -0.102613 2.19462
