-0.138152 -0.0511837 2.29073
-0.144011 0.24867 2.26798
-0.150391 0.538979 2.23457
-0.144839 0.679195 2.20922
-0.308179 0.425604 2.2173
-0.402129 0.192117 2.23446
-0.508252 0.00198673 2.2454
-0.514515 -0.0367037 2.22357
0.0174943 0.422096 2.23739
0.122563 0.188102 2.29986
0.270559 0.0281708 2.31308
0.277973 0.0074245 2.28971
-0.207606 -0.0543729 2.25108
-0.203843 -0.34707 2.33789
-0.206667 -0.657816 2.40407
-0.206878 -0.738865 2.32541
-0.0643722 -0.0465516 2.2582
-0.0691559 -0.365849 2.35755
-0.0841138 -0.644732 2.40703
-0.0753531 -0.732294 2.32803
-0.148918 0.467799 2.24505
-0.514441 -0.117312 2.22402
-0.541953 -0.0493678 2.20418
0.330916 -0.0690614 2.31373
0.277738 -0.00692833 2.24945
-0.138583 -0.0510738 2.29015
-0.144638 0.248824 2.26758
-0.150977 0.539096 2.23404
-0.145287 0.679275 2.20947
-0.308827 0.425284 2.21643
-0.401469 0.191753 2.23232
-0.506497 0.000732348 2.24101
-0.515391 -0.0406737 2.21922
0.0172081 0.422172 2.23751
0.122174 0.189134 2.29793
0.270632 0.0290121 2.30703
0.280719 0.00334032 2.28812
-0.208017 -0.0543366 2.25028
-0.203352 -0.347724 2.33842
-0.206252 -0.657615 2.40376
-0.20668 -0.739036 2.3263
-0.0648101 -0.0463584 2.2578
-0.0709278 -0.366137 2.35656
-0.0850388 -0.645355 2.40703
-0.0764205 -0.732451 2.32823
-0.14952 0.467929 2.24457
-0.516658 -0.117658 2.21842
-0.541668 -0.0487772 2.19407
0.331153 -0.0695415 2.31587
0.279997 -0.0190791 2.25004
-0.138826 -0.0511923 2.29
-0.145455 0.248797 2.26726
-0.152342 0.539133 2.23304
-0.145289 0.679373 2.20966
-0.309562 0.424824 2.21506
-0.399958 0.191975 2.23033
-0.5059 0.0012818 2.23729
-0.517507 -0.0381195 2.21711
0.0163559 0.42235 2.23772
0.121898 0.189741 2.29677
0.271792 0.030057 2.2975
0.282985 0.00287207 2.28073
-0.208214 -0.0546352 2.25018
-0.203031 -0.348401 2.33842
-0.206448 -0.657551 2.40364
-0.206693 -0.738998 2.32612
-0.0651238 -0.0463047 2.25757
-0.0729979 -0.366982 2.35538
-0.0857008 -0.645947 2.40708
-0.0756956 -0.732036 2.32736
-0.150744 0.467951 2.24378
-0.51659 -0.11581 2.21921
-0.541102 -0.0455182 2.1971
0.329526 -0.0628913 2.30447
0.276556 -0.00742297 2.24257
-0.138996 -0.0512061 2.28972
-0.145733 0.248843 2.26703
-0.152543 0.53913 2.23274
-0.144808 0.679775 2.21
-0.309733 0.424075 2.21304
-0.399139 0.192009 2.22882
-0.505835 0.00171394 2.2355
-0.517449 -0.0414624 2.21912
0.0160555 0.422245 2.23864
0.121834 0.190034 2.29634
0.273641 0.0318984 2.29299
0.286754 0.00572485 2.27568
-0.208444 -0.0548559 2.24945
-0.203673 -0.348039 2.33781
-0.206258 -0.657409 2.40331
-0.205996 -0.738964 2.32653
-0.0652483 -0.0462086 2.25754
-0.0729831 -0.36715 2.3557
-0.0858741 -0.645977 2.40708
-0.0777433 -0.732597 2.32798
-0.15098 0.467972 2.2435
-0.517923 -0.117732 2.22645
-0.54282 -0.0508596 2.19702
0.33533 -0.0639111 2.30551
0.284479 -0.0173812 2.23857
-0.138702 -0.0512561 2.28933
-0.145717 0.248893 2.26687
-0.152545 0.539182 2.23255
-0.143405 0.679876 2.21009
-0.308806 0.423338 2.20972
-0.398965 0.190645 2.22551
-0.505439 0.0002123 2.23204
-0.517666 -0.0452278 2.22155
0.0158871 0.422472 2.24047
0.121748 0.19069 2.29652
0.274319 0.0332312 2.29194
0.286252 0.00661351 2.27799
-0.207884 -0.0551053 2.248
-0.203643 -0.348572 2.33755
-0.206422 -0.657614 2.40316
-0.206482 -0.739139 2.32661
-0.0650909 -0.0461258 2.25761
-0.072944 -0.367008 2.35562
-0.0861926 -0.646102 2.40697
-0.0792893 -0.731956 2.32795
-0.150974 0.468019 2.24332
-0.52293 -0.11758 2.23172
-0.542255 -0.0549552 2.20097
0.335981 -0.0595527 2.30028
0.284724 -0.0161983 2.23931
-0.138228 -0.0517235 2.28891
-0.145678 0.248657 2.2666
-0.152746 0.53897 2.23208
-0.140826 0.680595 2.21012
-0.307425 0.423401 2.20754
-0.398195 0.189945 2.22065
-0.504536 -0.000730186 2.22548
-0.510042 -0.0405815 2.20574
0.0162747 0.422579 2.24212
0.121857 0.190417 2.29977
0.273889 0.0324634 2.29567
0.282049 -0.00189928 2.29604
-0.207136 -0.0550945 2.24642
-0.202941 -0.348616 2.33556
-0.20603 -0.657668 2.40305
-0.207307 -0.739524 2.32613
-0.0645686 -0.0471474 2.25823
-0.0725421 -0.366875 2.35557
-0.0868014 -0.646662 2.40716
-0.080384 -0.733375 2.32805
-0.151106 0.467807 2.24292
-0.513892 -0.120748 2.22229
-0.49777 -0.0596972 2.16542
0.332574 -0.0662914 2.32132
0.27187 -0.0221356 2.25893
-0.137528 -0.0521782 2.28855
-0.145235 0.248418 2.26646
-0.152295 0.538876 2.23213
-0.138761 0.680203 2.21033
-0.306848 0.423009 2.20692
-0.397206 0.189839 2.21876
-0.503394 -0.00125358 2.21951
-0.507394 -0.04137 2.20009
0.016845 0.422348 2.24394
0.122736 0.189717 2.30502
0.273704 0.0314788 2.30995
0.281478 -0.0054029 2.31565
-0.206321 -0.0559388 2.24569
-0.202604 -0.3491 2.33493
-0.206036 -0.657691 2.40331
-0.206837 -0.73949 2.32619
-0.0640452 -0.0472649 2.25839
-0.0714948 -0.366821 2.35489
-0.0867766 -0.647023 2.40715
-0.0779081 -0.732743 2.32837
-0.150676 0.46768 2.24291
-0.510747 -0.123229 2.21615
-0.531778 -0.0509623 2.17831
0.331466 -0.0759286 2.3524
0.276624 -0.0446177 2.28086
-0.136993 -0.0522894 2.28801
-0.144829 0.248116 2.2658
-0.151841 0.53835 2.23116
-0.137747 0.680182 2.21008
-0.306547 0.422779 2.20658
-0.395772 0.189228 2.21752
-0.501431 -0.00232761 2.21566
-0.507339 -0.0436032 2.20142
0.0171023 0.421796 2.24425
0.123202 0.188805 2.30813
0.273212 0.0304314 2.31903
0.278889 -0.00579551 2.32198
-0.205817 -0.0559214 2.24471
-0.202264 -0.349645 2.33445
-0.205804 -0.657457 2.40359
-0.20584 -0.73962 2.32484
-0.063563 -0.0474318 2.25831
-0.0703567 -0.366346 2.35396
-0.0868439 -0.646985 2.40714
-0.0769864 -0.732781 2.32831
-0.150245 0.467218 2.24203
-0.507393 -0.12617 2.21465
-0.533794 -0.0530563 2.18233
0.324765 -0.0800817 2.35824
0.274951 -0.0427188 2.28673
-0.136543 -0.0521764 2.28763
-0.144331 0.247926 2.26403
-0.151354 0.537477 2.22661
-0.134047 0.678962 2.20432
-0.305486 0.423109 2.20469
-0.392911 0.188244 2.21631
-0.499072 -0.00292525 2.21625
-0.504402 -0.0453812 2.21042
0.0178135 0.421405 2.24313
0.123323 0.188596 2.30898
0.26958 0.0273761 2.32404
0.274659 -0.0070213 2.32169
-0.205426 -0.0556179 2.24421
-0.201644 -0.350024 2.33376
-0.205252 -0.657115 2.40283
-0.205678 -0.73917 2.3251
-0.0631083 -0.0473922 2.25823
-0.0715992 -0.365438 2.34949
-0.0866319 -0.647246 2.40686
-0.0755955 -0.73178 2.32783
-0.149749 0.466555 2.23828
-0.508906 -0.125197 2.21865
-0.529807 -0.0528777 2.18882
0.323332 -0.0694203 2.35953
0.271864 -0.0447231 2.2861
-0.136165 -0.0514487 2.28792
-0.143477 0.248204 2.26155
-0.149567 0.537351 2.21925
-0.129224 0.681394 2.19663
-0.302515 0.423189 2.19809
-0.391293 0.18757 2.21523
-0.495728 -0.00414998 2.22061
-0.500247 -0.0462564 2.21726
0.0189731 0.422467 2.2412
0.122907 0.189098 2.30918
0.268853 0.0274064 2.32316
0.275758 -0.00276708 2.3143
-0.205172 -0.0548666 2.24409
-0.201554 -0.35005 2.33336
-0.205532 -0.656971 2.40327
-0.209449 -0.73818 2.32833
-0.0625372 -0.0464419 2.25915
-0.0683317 -0.351693 2.31922
-0.0844813 -0.647435 2.40649
-0.0687344 -0.730019 2.32658
-0.148216 0.46656 2.23223
-0.502803 -0.127119 2.23122
-0.525614 -0.0578235 2.19131
0.325953 -0.0651179 2.34765
0.271724 -0.0430216 2.28146
-0.132741 -0.0509062 2.29184
-0.138505 0.247297 2.2579
-0.14041 0.534081 2.20483
-0.118229 0.679262 2.18367
-0.290718 0.420104 2.18534
-0.385457 0.186266 2.21153
-0.492446 -0.00360364 2.22088
-0.498041 -0.0478047 2.21538
0.0265824 0.421214 2.23685
0.124217 0.190233 2.30946
0.271662 0.0293327 2.31961
0.289467 -0.000640535 2.31189
-0.202332 -0.0546194 2.24727
-0.207231 -0.342435 2.34018
-0.208894 -0.654569 2.40338
-0.214626 -0.736785 2.32681
-0.058759 -0.0455582 2.26412
-0.0294874 -0.338421 2.27361
-0.03238 -0.644619 2.41057
0.00487663 -0.720053 2.35179
-0.140091 0.46392 2.22076
-0.502609 -0.128263 2.22949
-0.52195 -0.0575193 2.18996
0.33769 -0.0668464 2.33618
0.282971 -0.03719 2.2739
-0.115673 -0.0492906 2.29991
-0.119161 0.245868 2.256
-0.120858 0.530624 2.19753
-0.0901656 0.674113 2.17223
-0.26856 0.419491 2.17642
-0.371116 0.184904 2.20584
-0.482025 -0.00260894 2.21587
-0.487674 -0.0435403 2.20339
0.0492705 0.419168 2.23601
0.141491 0.190309 2.31615
0.291585 0.0308783 2.31609
0.312229 0.00428948 2.30688
-0.186506 -0.0524696 2.25357
-0.207052 -0.335159 2.34401
-0.211646 -0.650055 2.40576
-0.216618 -0.736388 2.32699
-0.0412 -0.0445813 2.27415
0.027489 -0.331044 2.25786
0.0983422 -0.63676 2.41291
0.142829 -0.700399 2.35344
-0.120575 0.460894 2.2145
-0.496775 -0.124905 2.22362
-0.509733 -0.052729 2.174
0.361045 -0.0617848 2.32942
0.300204 -0.018621 2.27
-0.0645456 -0.0456464 2.30115
-0.0650033 0.246373 2.25207
-0.0649345 0.528544 2.19029
-0.0274842 0.669655 2.16529
-0.214495 0.422148 2.1667
-0.326648 0.188386 2.19469
-0.447486 0.00595127 2.19244
-0.450904 -0.0416935 2.18063
0.0992883 0.415933 2.23333
0.181241 0.192537 2.3232
0.335276 0.0366991 2.31285
0.374843 -0.00754916 2.28491
-0.138375 -0.0470962 2.25556
-0.189779 -0.316696 2.34114
-0.209339 -0.648057 2.40809
-0.215234 -0.736089 2.33088
0.011373 -0.0428332 2.27449
0.127413 -0.326648 2.27627
0.249218 -0.625466 2.41364
0.293658 -0.680972 2.33981
-0.0650311 0.459421 2.20796
-0.461385 -0.111245 2.19291
-0.468585 -0.0401747 2.15143
0.416406 -0.0577276 2.30239
0.362291 -0.0230006 2.2485
-0.0115982 -0.0507364 2.30306
-0.0064481 0.240296 2.25135
-0.00131614 0.521575 2.18711
0.0368153 0.664135 2.16438
-0.150399 0.412667 2.16207
-0.261222 0.186056 2.1925
-0.390206 0.0089053 2.17614
-0.400136 -0.0385969 2.16457
0.162693 0.406604 2.23079
0.23336 0.188128 2.31622
0.39099 0.0367119 2.29264
0.409791 0.0133404 2.26411
-0.0862745 -0.0493286 2.25522
-0.158304 -0.330907 2.34166
-0.203627 -0.648245 2.4094
-0.215567 -0.736281 2.32878
0.0634015 -0.0505647 2.27863
0.183495 -0.333754 2.29252
0.298704 -0.644015 2.39843
0.333922 -0.716357 2.31595
-0.00259322 0.452668 2.20539
-0.413585 -0.104335 2.17229
-0.415732 -0.0346286 2.13416
0.472392 -0.0572407 2.26809
0.454291 -0.0431628 2.2333
0.0599349 -0.0633378 2.30708
0.0756209 0.227355 2.25502
0.0903688 0.508624 2.19049
0.116656 0.654871 2.16734
-0.0667517 0.400865 2.16754
-0.1708 0.176202 2.20236
-0.308717 0.00613823 2.1772
-0.320211 -0.0386085 2.16577
0.249031 0.393621 2.23279
0.308736 0.177252 2.31366
0.451499 0.0182553 2.25541
0.491046 -0.0182888 2.20314
-0.0152923 -0.0593394 2.26135
-0.112923 -0.354443 2.33214
-0.194321 -0.651078 2.4064
-0.215649 -0.736302 2.32847
0.133353 -0.0653406 2.28064
0.215743 -0.341713 2.30097
0.296469 -0.652339 2.39642
0.327829 -0.733332 2.32228
0.0868321 0.439684 2.20883
-0.340419 -0.105339 2.16683
-0.333346 -0.0303781 2.13186
0.537263 -0.0761484 2.20027
0.464302 -0.00320078 2.17261
0.15327 -0.0527795 2.30435
0.172603 0.238349 2.25402
0.19034 0.519783 2.19135
0.220844 0.663295 2.16514
0.0398876 0.412042 2.16653
-0.0771903 0.179383 2.2032
-0.203995 -9.46113e-005 2.19304
-0.205167 -0.0317714 2.1953
0.351477 0.403505 2.23716
0.409743 0.180969 2.29021
0.537838 0.0253428 2.19456
0.571313 0.00268049 2.13442
0.0788428 -0.0458931 2.2591
-0.041019 -0.336798 2.27758
-0.178065 -0.640598 2.38282
-0.213861 -0.729219 2.31703
0.222926 -0.0579415 2.27748
0.264671 -0.345136 2.29799
0.299979 -0.660107 2.39344
0.325283 -0.735886 2.32906
0.186165 0.450826 2.20921
-0.231123 -0.103935 2.223
-0.193712 -0.0511221 2.16533
0.608757 -0.049083 2.12242
0.551313 0.0153635 2.10838
0.205323 -0.0379179 2.30259
0.222812 0.252507 2.25658
0.238815 0.533225 2.19822
0.269967 0.674401 2.1679
0.0856917 0.425182 2.17072
-0.0299126 0.185656 2.20769
-0.151014 0.00384817 2.22116
-0.154107 -0.0184937 2.22592
0.397119 0.414661 2.23718
0.468279 0.193913 2.27641
0.592548 0.0452716 2.16453
0.631795 0.0235544 2.10699
0.130664 -0.0273331 2.25818
0.0262632 -0.304318 2.22387
-0.123214 -0.549817 2.40929
-0.172025 -0.615943 2.375
0.273606 -0.0472306 2.275
0.288727 -0.334827 2.31326
0.30382 -0.655592 2.39467
0.324646 -0.734981 2.32971
0.235083 0.464446 2.21499
-0.178769 -0.0868656 2.25278
-0.181402 -0.0209842 2.20095
0.668394 -0.0272058 2.09646
0.62863 0.0272514 2.07387
0.240618 -0.0289727 2.30131
0.256284 0.259956 2.25829
0.270279 0.539296 2.20295
0.2973 0.681408 2.17436
0.117243 0.431495 2.17766
0.00496871 0.200385 2.21402
-0.123285 0.0231142 2.22565
-0.138373 -0.00647537 2.23241
0.432136 0.42016 2.23864
0.503938 0.204059 2.27216
0.636963 0.0728308 2.1486
0.662111 0.0564632 2.10987
0.165842 -0.0174549 2.26121
0.0796595 -0.263923 2.13377
-0.074946 -0.486342 2.35233
-0.055739 -0.537924 2.23222
0.308102 -0.0394996 2.26958
0.307425 -0.324297 2.31933
0.309572 -0.650496 2.39712
0.32489 -0.733601 2.32707
0.26708 0.470849 2.21897
-0.170567 -0.0715524 2.25629
-0.16752 -0.00499026 2.20233
0.709741 -0.00116647 2.075
0.639542 0.0612001 2.07116
0.267225 -0.0222642 2.30619
0.27826 0.266072 2.26081
0.287981 0.544662 2.20369
0.313913 0.687947 2.17727
0.13372 0.43659 2.1837
0.0187399 0.212584 2.21651
-0.108228 0.0365328 2.24119
-0.12894 0.00911443 2.25383
0.451706 0.422238 2.23171
0.528563 0.210247 2.26883
0.662437 0.0796528 2.14569
0.704908 0.0571871 2.10629
0.192177 -0.0113825 2.26986
0.0902046 -0.229083 2.09632
-0.0644857 -0.431462 2.33259
-0.0494776 -0.483905 2.21167
0.334304 -0.0323562 2.27083
0.325462 -0.320445 2.32161
0.314828 -0.648398 2.39742
0.326491 -0.73332 2.32274
0.285818 0.476416 2.22011
-0.164895 -0.0535198 2.27831
-0.0978797 0.00878595 2.23608
0.752118 0.011313 2.06929
0.67797 0.067083 2.06462
0.281747 -0.0136779 2.31109
0.297133 0.272583 2.26218
0.311163 0.549108 2.20098
0.332158 0.692715 2.17597
0.15096 0.442372 2.19327
0.038989 0.227654 2.2331
-0.0926587 0.0579021 2.26939
-0.124709 0.0253618 2.28242
0.470521 0.424028 2.21625
0.558853 0.206936 2.25533
0.689837 0.0685665 2.13829
0.74387 0.0415995 2.08817
0.206555 -0.00256899 2.27862
0.0840691 -0.184185 2.07302
-0.0705774 -0.385662 2.31032
-0.0631998 -0.439075 2.18864
0.348478 -0.0241777 2.27221
0.337314 -0.315304 2.32021
0.318159 -0.647895 2.39737
0.329274 -0.734347 2.32338
0.307962 0.481394 2.21848
-0.167048 -0.0364801 2.30557
-0.148699 0.0381818 2.26907
0.781068 0.00849962 2.06588
0.732428 0.0459009 2.04436
0.284891 -0.0111843 2.31284
0.304426 0.274282 2.26211
0.323589 0.549602 2.19834
0.342547 0.693301 2.17256
0.159939 0.444556 2.19711
0.0498168 0.23441 2.24418
-0.0843632 0.0677823 2.28433
-0.116615 0.0323706 2.30132
0.479688 0.421658 2.20617
0.570092 0.206996 2.24558
0.697843 0.0623148 2.13301
0.743458 0.0313196 2.07288
0.209459 0.000783585 2.2824
0.0875399 -0.168394 2.06424
-0.0671372 -0.369976 2.30157
-0.0641908 -0.423752 2.17975
0.351831 -0.0222577 2.27245
0.341742 -0.309479 2.31801
0.319093 -0.647443 2.39758
0.329635 -0.733491 2.32341
0.319088 0.482231 2.21654
-0.157743 -0.0277428 2.3274
-0.141354 0.040564 2.27921
0.783552 -0.00354505 2.0543
0.698232 0.0471494 2.04713
0.286602 -0.0102868 2.31352
0.307987 0.27442 2.26137
0.328711 0.54876 2.19591
0.349954 0.691123 2.16826
0.163978 0.445734 2.20075
0.0604743 0.24035 2.25109
-0.0756004 0.0755283 2.29223
-0.110479 0.0345626 2.31058
0.484513 0.418708 2.19855
0.576845 0.200031 2.23321
0.698995 0.0521383 2.11833
0.734806 0.0196576 2.05744
0.210995 0.0017594 2.28377
0.0884399 -0.156482 2.05664
-0.0729016 -0.395364 2.25477
-0.0734034 -0.448704 2.13307
0.353618 -0.0216467 2.27227
0.341468 -0.308209 2.31741
0.319267 -0.647298 2.39739
0.330269 -0.732988 2.32296
0.32387 0.481648 2.21453
-0.153078 -0.0292869 2.33742
-0.121754 0.0376702 2.31411
0.771403 -0.0143305 2.02834
0.687374 0.0370501 2.03706
0.285742 -0.0099849 2.3131
0.308606 0.273664 2.26011
0.330599 0.546481 2.1936
0.3532 0.685978 2.16275
0.165378 0.446763 2.20407
0.0612403 0.240419 2.2625
-0.0756281 0.0768536 2.30535
-0.114729 0.0391 2.32379
0.483892 0.414804 2.19067
0.5728 0.190824 2.21694
0.69114 0.041581 2.09157
0.708582 0.00970764 2.04524
0.209279 0.00300281 2.28335
0.0802563 -0.198025 2.1062
-0.0110351 -0.381302 2.33719
-0.0632637 -0.438911 2.26671
0.353043 -0.0220592 2.27149
0.340228 -0.306408 2.31289
0.320165 -0.646843 2.39658
0.329699 -0.730453 2.32264
0.325456 0.479753 2.21245
-0.15444 -0.0235188 2.344
-0.143561 0.0483347 2.3134
0.749723 -0.0294098 2.02377
0.669244 0.0211452 2.01915
0.276734 -0.011155 2.3116
0.303138 0.271485 2.25752
0.327046 0.54394 2.1907
0.346971 0.682727 2.15657
0.161798 0.446484 2.20655
0.0540231 0.239768 2.27177
-0.0844833 0.0783794 2.31667
-0.129992 0.0430265 2.33212
0.47726 0.411128 2.18545
0.563237 0.188194 2.20988
0.668709 0.0328853 2.0874
0.700864 -0.000752061 2.03563
0.199528 0.00317212 2.28258
0.0764206 -0.226795 2.15201
-0.0276999 -0.423276 2.32724
-0.084487 -0.476171 2.25725
0.344905 -0.024884 2.2689
0.337264 -0.309279 2.30923
0.320927 -0.64707 2.39524
0.330319 -0.731086 2.32022
0.321484 0.477269 2.2096
-0.172545 -0.0158974 2.35561
-0.160204 0.0432295 2.31672
0.735255 -0.0383753 2.02096
0.709629 -0.00126065 1.98583
0.260956 -0.0148197 2.30688
0.287729 0.26668 2.25277
0.312051 0.538471 2.18642
0.329524 0.676266 2.1466
0.14407 0.445961 2.20651
0.0424204 0.241028 2.27533
-0.0983067 0.0821685 2.32165
-0.149597 0.0448484 2.33072
0.461203 0.408349 2.18169
0.549316 0.187862 2.20773
0.660067 0.0344525 2.08779
0.677779 0.0137015 2.04867
0.183823 -0.000397058 2.27796
0.0603357 -0.249701 2.17762
-0.0841351 -0.479084 2.31751
-0.141483 -0.535777 2.26027
0.3299 -0.0286813 2.264
0.330352 -0.315093 2.30839
0.320854 -0.646743 2.39501
0.329862 -0.730584 2.32303
0.306376 0.471923 2.20518
-0.193212 -0.0149927 2.35329
-0.180905 0.0474461 2.31394
0.722492 -0.0315159 2.0236
0.640135 0.0191722 2.01634
0.235052 -0.0198581 2.29994
0.259487 0.262013 2.2468
0.281468 0.534447 2.18154
0.29892 0.67429 2.13726
0.114323 0.44115 2.19951
0.0143957 0.236159 2.27092
-0.124585 0.0770386 2.32016
-0.177554 0.0385822 2.32351
0.433637 0.407594 2.17865
0.522013 0.188844 2.211
0.641965 0.0385114 2.09667
0.678306 0.00782062 2.05112
0.157502 -0.00747092 2.2692
0.0135153 -0.290765 2.21614
-0.122251 -0.529358 2.32101
-0.196425 -0.606565 2.25978
0.305059 -0.0317604 2.25866
0.319099 -0.321613 2.30592
0.320442 -0.64707 2.39512
0.32931 -0.731843 2.32142
0.27636 0.467713 2.20002
-0.221683 -0.0220955 2.3394
-0.213406 0.0374774 2.31292
0.712597 -0.0344209 2.04016
0.641906 0.00713442 2.0145
0.17728 -0.0349381 2.28997
0.197526 0.250361 2.23799
0.215489 0.526236 2.17393
0.232532 0.663316 2.13009
0.0518374 0.42853 2.18754
-0.0529957 0.212412 2.25183
-0.18428 0.0506727 2.30941
-0.240583 0.00314586 2.30716
0.372329 0.404392 2.17473
0.471252 0.186141 2.21437
0.603347 0.0435356 2.10393
0.629571 0.0236173 2.065
0.0998734 -0.0273082 2.25719
-0.0422538 -0.321237 2.26301
-0.196611 -0.620227 2.338
-0.231175 -0.691513 2.26491
0.24899 -0.0416201 2.25063
0.287513 -0.336635 2.29402
0.313645 -0.65143 2.39455
0.326817 -0.732966 2.32712
0.211333 0.458641 2.19211
-0.275664 -0.0472913 2.33194
-0.248133 0.0276399 2.2821
0.677185 -0.0134796 2.03895
0.594156 0.0335005 2.03287
0.113589 -0.0457079 2.28459
0.12985 0.239766 2.23129
0.144902 0.51571 2.16567
0.160072 0.656181 2.1262
-0.018949 0.416013 2.17849
-0.119571 0.194876 2.23599
-0.243149 0.0272915 2.2931
-0.296608 -0.0199838 2.29146
0.304637 0.395336 2.16902
0.398599 0.179011 2.20704
0.547993 0.0479871 2.10539
0.573483 0.0260988 2.06225
0.0363589 -0.0409115 2.24962
-0.0784889 -0.338343 2.29434
-0.201545 -0.64556 2.35677
-0.230552 -0.730115 2.27978
0.187068 -0.0492036 2.24731
0.247561 -0.338888 2.28525
0.303863 -0.656634 2.39477
0.326178 -0.73491 2.32673
0.141338 0.448113 2.18427
-0.324797 -0.0711193 2.3119
-0.312786 -0.00405992 2.27314
0.626359 -0.0169126 2.04646
0.579588 0.0289353 2.01586
0.049331 -0.0540317 2.27857
0.0534629 0.232974 2.22325
0.0570878 0.510563 2.1554
0.0785756 0.650697 2.11894
-0.105603 0.409744 2.16456
-0.20205 0.184497 2.22475
-0.324676 0.0143821 2.27633
-0.353445 -0.0169622 2.27298
0.220366 0.389559 2.16238
0.310201 0.178456 2.2009
0.464722 0.0522934 2.10029
0.492731 0.0284639 2.0589
-0.0262754 -0.0522209 2.24174
-0.112003 -0.350312 2.30441
-0.198993 -0.654875 2.37521
-0.226845 -0.736733 2.29349
0.123196 -0.0541191 2.24318
0.211633 -0.350259 2.29574
0.292224 -0.655105 2.39124
0.32579 -0.736434 2.32591
0.0562507 0.442553 2.17458
-0.392081 -0.0940173 2.30634
-0.387359 -0.0254699 2.26064
0.544623 -0.0147038 2.04176
0.521621 0.022215 1.99957
-0.0149641 -0.0504657 2.27833
-0.0149564 0.236784 2.21877
-0.0148262 0.514371 2.14661
0.00628908 0.654841 2.10918
-0.17823 0.412567 2.15641
-0.281146 0.183029 2.21405
-0.400663 0.0090942 2.26036
-0.432476 -0.0144751 2.25324
0.147178 0.39485 2.15319
0.235146 0.179667 2.19527
0.381595 0.0480065 2.08844
0.415013 0.0277371 2.05628
-0.0891107 -0.0496914 2.23952
-0.150743 -0.34472 2.30712
-0.200616 -0.65204 2.38044
-0.225889 -0.737547 2.29425
0.059649 -0.0496392 2.24488
0.170002 -0.343933 2.30117
0.27238 -0.654787 2.39053
0.320855 -0.735441 2.32051
-0.0148755 0.446386 2.16687
-0.465537 -0.0841424 2.26902
-0.458284 -0.0152572 2.23079
0.464812 -0.0158212 2.03837
0.438172 0.0202089 2.00047
-0.0828837 -0.0407879 2.28085
-0.0789745 0.246327 2.21557
-0.0749288 0.523782 2.13803
-0.0566706 0.667585 2.10427
-0.238537 0.418702 2.14213
-0.350643 0.193271 2.19765
-0.481629 0.0238743 2.23021
-0.517717 0.00341537 2.21823
0.0862271 0.404734 2.15271
0.16964 0.186264 2.19797
0.327855 0.0535389 2.09822
0.342809 0.0262312 2.06123
-0.154772 -0.0418756 2.23974
-0.189324 -0.326073 2.31753
-0.208804 -0.650422 2.38288
-0.225554 -0.737632 2.29597
-0.00838701 -0.038388 2.24975
0.0718287 -0.34277 2.26684
0.170309 -0.649778 2.39459
0.225535 -0.719187 2.31299
-0.0759876 0.455838 2.15961
-0.557614 -0.0622477 2.23444
-0.548593 -0.00234918 2.19377
0.390096 -0.0128642 2.04021
0.309694 0.0353825 2.02358
-0.11459 -0.0380226 2.27263
-0.109496 0.249631 2.21129
-0.104281 0.527587 2.13735
-0.0821733 0.671066 2.10366
-0.26484 0.422841 2.13572
-0.378952 0.195277 2.18479
-0.516814 0.0284854 2.20386
-0.552884 0.00406088 2.1895
0.0595499 0.408758 2.15645
0.138547 0.187492 2.20733
0.283735 0.0448329 2.11435
0.320848 0.0131166 2.07886
-0.185092 -0.0399611 2.23094
-0.20259 -0.330607 2.31774
-0.213649 -0.652797 2.38503
-0.226262 -0.738699 2.29536
-0.04047 -0.0348619 2.24214
-0.0129089 -0.344059 2.24778
0.0258731 -0.648821 2.40118
0.0758108 -0.720325 2.33016
-0.105646 0.459521 2.15804
-0.596834 -0.0620917 2.20558
-0.553167 0.00181556 2.1536
0.35691 -0.020281 2.07001
0.295957 0.0152619 2.0462
-0.128627 -0.0353652 2.2649
-0.125564 0.252915 2.20803
-0.123239 0.531584 2.13908
-0.100471 0.673596 2.10472
-0.282824 0.425516 2.13195
-0.397784 0.192695 2.17577
-0.532817 0.0214888 2.17974
-0.56017 -0.00104661 2.16023
0.0385635 0.41376 2.15964
0.116246 0.189318 2.2127
0.263796 0.0406633 2.1358
0.30511 0.00266448 2.10906
-0.198401 -0.0381907 2.22225
-0.206833 -0.351435 2.31008
-0.215022 -0.656984 2.38517
-0.224312 -0.73955 2.29428
-0.0548162 -0.0314101 2.23536
-0.100311 -0.365606 2.27089
-0.0940379 -0.652251 2.39383
-0.0834261 -0.727208 2.3297
-0.12382 0.463328 2.15843
-0.606228 -0.0680602 2.17426
-0.551325 -0.0163009 2.12332
0.338246 -0.0358622 2.10986
0.334841 -0.00703992 2.07517
-0.139236 -0.0404925 2.25466
-0.136266 0.250233 2.20449
-0.133971 0.530555 2.14095
-0.114128 0.673382 2.10918
-0.292538 0.421737 2.13098
-0.402089 0.18768 2.16748
-0.530884 0.0110162 2.16147
-0.548552 -0.0149927 2.14124
0.0270873 0.413077 2.16277
0.102521 0.186463 2.21784
0.250459 0.0333591 2.15287
0.288987 -0.0102729 2.12788
-0.207292 -0.0432434 2.21293
-0.194614 -0.364848 2.30495
-0.205328 -0.66857 2.37944
-0.209107 -0.744679 2.28791
-0.0668044 -0.0364441 2.22421
-0.114132 -0.372566 2.27679
-0.133667 -0.682876 2.37458
-0.118976 -0.740963 2.28365
-0.134515 0.46194 2.15901
-0.59545 -0.0864151 2.154
-0.545768 -0.0419502 2.10075
0.320492 -0.0549879 2.12948
0.30891 -0.00900476 2.09188
-0.144132 -0.0398327 2.25048
-0.140529 0.25085 2.20402
-0.138175 0.531538 2.14441
-0.118845 0.675192 2.11184
-0.295755 0.4222 2.13097
-0.40007 0.186773 2.16476
-0.519475 0.00338793 2.15539
-0.532415 -0.0240721 2.14578
0.0226139 0.414078 2.16466
0.0953178 0.184299 2.22013
0.239649 0.025177 2.1632
0.278141 -0.0221873 2.1371
-0.211555 -0.041963 2.20856
-0.194265 -0.365451 2.30547
-0.204457 -0.669286 2.37917
-0.207249 -0.744581 2.28816
-0.072305 -0.0363511 2.22009
-0.125194 -0.380795 2.28129
-0.135575 -0.671428 2.37249
-0.121025 -0.739563 2.28507
-0.138716 0.462803 2.16134
-0.57486 -0.0929198 2.15731
-0.523835 -0.045584 2.107
0.310993 -0.0631756 2.14226
0.306478 -0.0332252 2.1031
-0.145521 -0.0395551 2.24715
-0.142329 0.251235 2.20335
-0.140478 0.532153 2.14613
-0.121628 0.676194 2.114
-0.29796 0.421814 2.13111
-0.397173 0.186868 2.16208
-0.510041 -0.000493846 2.15961
-0.526837 -0.0314074 2.15692
0.0194117 0.414475 2.16733
0.0896636 0.181899 2.22095
0.226343 0.014357 2.17078
0.26514 -0.037332 2.14562
-0.212787 -0.0415777 2.2051
-0.194937 -0.367782 2.30333
-0.203883 -0.67049 2.3781
-0.206348 -0.744944 2.28752
-0.0737147 -0.0362703 2.21699
-0.127115 -0.3823 2.29599
-0.129384 -0.652077 2.37028
-0.121477 -0.739433 2.28555
-0.140881 0.463346 2.16238
-0.566389 -0.104463 2.17966
-0.516324 -0.0523479 2.11984
0.300305 -0.0774837 2.14545
0.237585 -0.0258111 2.09967
-0.154475 -0.0401665 2.24337
-0.149319 0.251069 2.20093
-0.144151 0.532261 2.1454
-0.127148 0.675481 2.11329
-0.302416 0.420845 2.1314
-0.398075 0.185802 2.16309
-0.509111 -0.00216481 2.16768
-0.541125 -0.0386562 2.16433
0.01495 0.413908 2.16607
0.0832952 0.178479 2.22102
0.21521 0.00607643 2.17573
0.25063 -0.0470966 2.15233
-0.221919 -0.0397668 2.20085
-0.251179 -0.349478 2.22737
-0.253723 -0.650844 2.36905
-0.259707 -0.728216 2.30962
-0.0823536 -0.0392644 2.21358
-0.106814 -0.367737 2.28918
-0.125774 -0.656363 2.37165
-0.117832 -0.740585 2.2925
-0.145436 0.463406 2.1614
-0.574055 -0.100599 2.17676
-0.556234 -0.0205292 2.14241
0.288225 -0.0964819 2.16488
0.223678 -0.0359995 2.10683
-0.170049 -0.0397216 2.24298
-0.162169 0.250885 2.19859
-0.153899 0.531574 2.1418
-0.139063 0.673778 2.10886
-0.312929 0.419902 2.12913
-0.41139 0.181826 2.16653
-0.524266 -0.00452717 2.17511
-0.55575 -0.0254522 2.17324
0.00679118 0.412851 2.16287
0.0782969 0.17744 2.21954
0.212256 0.00623579 2.17622
0.247134 -0.0427916 2.14916
-0.23865 -0.037841 2.20121
-0.297767 -0.343661 2.20389
-0.329033 -0.639635 2.36856
-0.364688 -0.705611 2.29676
-0.0962061 -0.0402236 2.21267
-0.104761 -0.347342 2.28224
-0.124487 -0.655191 2.3716
-0.116459 -0.740812 2.29295
-0.156046 0.462833 2.15814
-0.595455 -0.0991081 2.19323
-0.578362 -0.0288583 2.14432
0.281199 -0.0861271 2.15827
0.22708 -0.0368243 2.10519
-0.19738 -0.0358957 2.24224
-0.186433 0.25314 2.19596
-0.1749 0.532342 2.13746
-0.165544 0.675018 2.10365
-0.336633 0.422324 2.12801
-0.42948 0.184363 2.16719
-0.549119 0.00354038 2.18361
-0.583463 -0.0224164 2.17825
-0.0134223 0.415392 2.15747
0.064823 0.180112 2.21769
0.203496 0.0129153 2.17306
0.239324 -0.03016 2.14493
-0.266506 -0.0333429 2.20146
-0.356731 -0.336 2.20879
-0.429836 -0.647641 2.35076
-0.462392 -0.714429 2.26611
-0.121934 -0.0372669 2.21104
-0.113434 -0.33772 2.2758
-0.12399 -0.653501 2.37182
-0.115971 -0.740577 2.2934
-0.177912 0.46397 2.15425
-0.622647 -0.0914274 2.19609
-0.612429 -0.0308276 2.14977
0.273153 -0.072159 2.15791
0.217675 -0.0233374 2.1027
-0.233123 -0.0382404 2.23636
-0.223801 0.251575 2.19114
-0.213615 0.531526 2.13372
-0.202791 0.673385 2.1001
-0.372039 0.420353 2.12734
-0.461845 0.181406 2.16803
-0.580153 -0.000351091 2.18333
-0.613926 -0.0233516 2.17431
-0.048178 0.413061 2.14951
0.0384612 0.181047 2.21055
0.185137 0.0208732 2.16528
0.202684 -0.00667798 2.13697
-0.302778 -0.0364521 2.19704
-0.403162 -0.342019 2.2311
-0.500762 -0.647069 2.32485
-0.513862 -0.73056 2.249
-0.155992 -0.0388052 2.2038
-0.134659 -0.337972 2.2687
-0.124631 -0.653467 2.3715
-0.11567 -0.740654 2.29325
-0.216344 0.462968 2.15025
-0.654821 -0.0990405 2.19352
-0.645126 -0.02578 2.15418
0.255574 -0.0648155 2.14331
0.189764 -0.00897405 2.08446
-0.297114 -0.0450772 2.22797
-0.293338 0.245733 2.18609
-0.288031 0.526566 2.1321
-0.275136 0.668975 2.10082
-0.446202 0.41063 2.12094
-0.527489 0.175686 2.16085
-0.636854 -0.0109545 2.17951
-0.67276 -0.0475815 2.17279
-0.12419 0.405883 2.14381
-0.0334108 0.18133 2.19677
0.118127 0.0290716 2.13781
0.137006 0.000181752 2.11143
-0.364369 -0.0453603 2.18598
-0.438147 -0.358073 2.24997
-0.519102 -0.661694 2.33621
-0.524405 -0.740557 2.25287
-0.220433 -0.0433525 2.19832
-0.170332 -0.350485 2.26433
-0.134057 -0.665448 2.37178
-0.115952 -0.741238 2.29367
-0.289643 0.457794 2.14776
-0.701959 -0.113502 2.19234
-0.68911 -0.0403078 2.13895
0.191604 -0.049121 2.10293
0.129172 0.0052726 2.06563
-0.352345 -0.0483949 2.22475
-0.354492 0.24366 2.18393
-0.354393 0.525773 2.13091
-0.340614 0.670365 2.10151
-0.508106 0.411018 2.11765
-0.594695 0.163093 2.15927
-0.699133 -0.0263491 2.17672
-0.729163 -0.0490073 2.167
-0.18813 0.404138 2.14213
-0.099927 0.180013 2.1913
0.0445189 0.0234223 2.12415
0.0884387 -0.0119324 2.09275
-0.418682 -0.0501682 2.18046
-0.4696 -0.348605 2.25863
-0.520695 -0.659592 2.34203
-0.525563 -0.74031 2.26081
-0.274846 -0.0450817 2.19761
-0.20553 -0.356954 2.25195
-0.136382 -0.666579 2.37086
-0.115586 -0.741136 2.29273
-0.354802 0.456674 2.14633
-0.761469 -0.119672 2.18245
-0.744331 -0.0793746 2.13746
0.125037 -0.0520409 2.09101
0.0971828 -0.00717042 2.0548
-0.398398 -0.0394814 2.22142
-0.406469 0.25053 2.1803
-0.41202 0.530528 2.12707
-0.397963 0.675257 2.09951
-0.564081 0.413567 2.11312
-0.644987 0.175225 2.15156
-0.757548 -0.0105703 2.15908
-0.792322 -0.0449028 2.15026
-0.244869 0.411445 2.14112
-0.166208 0.184653 2.18698
-0.0198298 0.0269628 2.12746
0.0183242 -0.00820484 2.08757
-0.46407 -0.0441794 2.17611
-0.495102 -0.348064 2.25983
-0.524585 -0.65814 2.34212
-0.531499 -0.742065 2.27119
-0.320089 -0.0334542 2.19559
-0.235189 -0.358412 2.20877
-0.143957 -0.662559 2.34841
-0.115281 -0.737723 2.28591
-0.41108 0.461961 2.14253
-0.821755 -0.111828 2.16142
-0.789641 -0.046108 2.11409
0.0561807 -0.0489809 2.08166
-0.010112 0.00752934 2.04691
-0.42998 -0.0340028 2.22417
-0.443434 0.254851 2.18188
-0.453991 0.533647 2.12754
-0.439269 0.675667 2.09807
-0.603464 0.413379 2.10799
-0.688824 0.175206 2.14459
-0.804951 -0.00885629 2.14366
-0.841641 -0.0400623 2.13265
-0.286933 0.415517 2.14636
-0.201308 0.187802 2.19109
-0.051561 0.0317377 2.13626
-0.0187088 -0.00796069 2.09954
-0.49539 -0.0423508 2.17842
-0.514119 -0.345396 2.25463
-0.52892 -0.660798 2.34349
-0.531356 -0.74316 2.26684
-0.350944 -0.0245151 2.19898
-0.256532 -0.342825 2.15952
-0.160924 -0.628724 2.30621
-0.13187 -0.701625 2.24853
-0.451861 0.465382 2.14327
-0.881951 -0.116139 2.14653
-0.800569 -0.0226911 2.12482
0.0154969 -0.0452479 2.10247
-0.00147965 -0.0106774 2.06342
-0.458519 -0.0247343 2.21905
-0.474536 0.260973 2.17722
-0.487521 0.536732 2.12352
-0.478187 0.680382 2.0967
-0.637656 0.414613 2.09957
-0.726193 0.171527 2.1296
-0.842392 -0.012583 2.12325
-0.87675 -0.0487548 2.10506
-0.319974 0.422083 2.15113
-0.236015 0.197799 2.20535
-0.0820882 0.0449027 2.15328
-0.0403485 0.00566378 2.13399
-0.522757 -0.0361199 2.16979
-0.529927 -0.338668 2.24634
-0.532719 -0.663334 2.34358
-0.531684 -0.744079 2.26524
-0.379942 -0.0124312 2.19745
-0.282994 -0.287317 2.08705
-0.215019 -0.512914 2.2433
-0.168411 -0.582838 2.18729
-0.484814 0.469215 2.13906
-0.909435 -0.111897 2.11578
-0.858678 -0.0578631 2.12587
-0.00592116 -0.0317051 2.1372
-0.0121564 -0.00434211 2.097
-0.471045 -0.0196726 2.21576
-0.489108 0.264153 2.17408
-0.504104 0.537945 2.12044
-0.495375 0.682862 2.09415
-0.65006 0.416035 2.09285
-0.736453 0.168868 2.1223
-0.852437 -0.0153466 2.10514
-0.875905 -0.0463667 2.08085
-0.338574 0.427341 2.15231
-0.253351 0.206034 2.2162
-0.093847 0.0564581 2.17385
-0.044105 0.022121 2.16025
-0.534346 -0.0317163 2.16362
-0.534813 -0.33687 2.24376
-0.534458 -0.663271 2.34297
-0.53175 -0.744449 2.2641
-0.393095 -0.00681587 2.19722
-0.300584 -0.188305 1.97335
-0.224953 -0.455079 2.18544
-0.181808 -0.52806 2.1451
-0.500912 0.470929 2.13598
-0.914509 -0.113712 2.08479
-0.855849 -0.0406437 2.1155
-0.00547274 -0.0144035 2.16551
0.000920552 -0.000429616 2.131
-0.482484 -0.0172829 2.21371
-0.500067 0.265627 2.17102
-0.514419 0.538667 2.11643
-0.504766 0.683089 2.09106
-0.658814 0.415827 2.08745
-0.740835 0.168172 2.11385
-0.852367 -0.0184169 2.08807
-0.8701 -0.0500596 2.06449
-0.347835 0.429288 2.15294
-0.264829 0.212225 2.22369
-0.100794 0.06655 2.18635
-0.0710551 0.0456163 2.17267
-0.545262 -0.0289186 2.16093
-0.538496 -0.335382 2.23965
-0.534092 -0.663169 2.34141
-0.531678 -0.744576 2.26369
-0.404455 -0.00503812 2.19587
-0.306945 -0.179823 1.96811
-0.231292 -0.428428 2.18749
-0.193851 -0.496825 2.11793
-0.511401 0.471822 2.1322
-0.910216 -0.11721 2.06561
-0.862164 -0.080671 2.0647
-0.0114411 -0.00766531 2.17231
-0.0820442 0.0432454 2.12365
-0.497286 -0.0165589 2.20649
-0.509307 0.265864 2.16657
-0.518775 0.538654 2.11419
-0.508068 0.682139 2.08894
-0.663092 0.416009 2.08352
-0.744012 0.166858 2.10759
-0.851222 -0.0222067 2.08016
-0.868083 -0.0520544 2.06061
-0.354897 0.430602 2.15476
-0.272895 0.213355 2.22928
-0.106734 0.0704216 2.19015
-0.0612717 0.0257697 2.16753
-0.559613 -0.0262164 2.15142
-0.542695 -0.335374 2.23683
-0.534613 -0.66381 2.34048
-0.530779 -0.74509 2.26054
-0.419337 -0.00629764 2.19089
-0.31943 -0.173159 1.95745
-0.186788 -0.458152 2.11689
-0.162347 -0.508545 1.99712
-0.516887 0.471847 2.12947
-0.905752 -0.120239 2.06683
-0.875431 -0.054181 2.06268
-0.0185156 -0.0125754 2.17214
-0.0868112 0.0345995 2.12
-0.502495 -0.0164717 2.20503
-0.512481 0.266184 2.16549
-0.519968 0.53897 2.11371
-0.508061 0.682272 2.08825
-0.663965 0.416724 2.08124
-0.745875 0.167563 2.10382
-0.851858 -0.0221409 2.07545
-0.872265 -0.0496466 2.05777
-0.356735 0.430524 2.15534
-0.27667 0.21325 2.22983
-0.112748 0.067636 2.19124
-0.0688608 0.0195338 2.16207
-0.564413 -0.0256242 2.14964
-0.545558 -0.335337 2.23532
-0.534947 -0.664128 2.34005
-0.530792 -0.745271 2.26033
-0.424683 -0.00677711 2.1899
-0.323191 -0.172916 1.9566
-0.190706 -0.457703 2.11651
-0.165298 -0.508068 1.99695
-0.518551 0.472188 2.12883
-0.911606 -0.118745 2.06523
-0.893684 -0.0602855 2.0561
-0.0274357 -0.020262 2.17156
-0.0951884 0.0271913 2.11463
-0.503884 -0.0159584 2.20571
-0.513186 0.266587 2.16596
-0.520041 0.539298 2.11415
-0.507256 0.682544 2.08895
-0.664035 0.417341 2.08123
-0.747061 0.169677 2.10305
-0.854771 -0.0188447 2.07286
-0.878722 -0.0458572 2.06086
-0.357496 0.430102 2.15787
-0.281574 0.213277 2.23197
-0.118783 0.066558 2.19247
-0.0751051 0.0170986 2.16913
-0.565614 -0.0249056 2.15004
-0.547831 -0.334495 2.23551
-0.535394 -0.664091 2.33998
-0.530963 -0.744741 2.26302
-0.426231 -0.00650581 2.19092
-0.323143 -0.175443 1.96069
-0.238492 -0.419686 2.18673
-0.19645 -0.481797 2.10947
-0.518781 0.472525 2.12925
-0.918544 -0.113293 2.06822
-0.847998 -0.0397461 2.06725
-0.0328421 -0.023314 2.1736
-0.100616 0.0234996 2.12356
-0.500382 -0.0144281 2.21042
-0.510868 0.26748 2.1688
-0.518256 0.539826 2.11595
-0.503417 0.684697 2.0921
-0.661622 0.419177 2.08173
-0.746965 0.170762 2.1035
-0.855616 -0.0171741 2.07303
-0.877075 -0.0430548 2.06479
-0.355843 0.430208 2.16107
-0.281287 0.211972 2.23459
-0.1188 0.0650044 2.19472
-0.0687537 0.0192389 2.17714
-0.561865 -0.0234158 2.15477
-0.548505 -0.333212 2.2367
-0.536686 -0.663539 2.34002
-0.530908 -0.744944 2.26234
-0.423025 -0.00497009 2.19564
-0.304989 -0.232103 2.04937
-0.2116 -0.447786 2.20574
-0.15794 -0.495672 2.12159
-0.516947 0.473125 2.13123
-0.912785 -0.109181 2.07007
-0.855248 -0.0545632 2.02941
-0.0252194 -0.0207706 2.18284
-0.0886069 0.018912 2.12582
-0.482854 -0.0121051 2.22174
-0.497242 0.269423 2.17755
-0.508131 0.541212 2.12185
-0.49016 0.68575 2.09701
-0.651647 0.419936 2.08582
-0.740105 0.173871 2.10795
-0.848491 -0.0147407 2.08304
-0.866831 -0.0525461 2.07692
-0.345323 0.430544 2.16754
-0.270303 0.21238 2.2433
-0.105782 0.0673111 2.20577
-0.0449181 0.0277563 2.18514
-0.544665 -0.0226563 2.16666
-0.546227 -0.333874 2.24251
-0.537243 -0.663298 2.34003
-0.531611 -0.747861 2.2582
-0.405626 -0.00113446 2.20626
-0.28308 -0.247261 2.0741
-0.157412 -0.475759 2.23112
-0.0895945 -0.524158 2.17138
-0.505997 0.474663 2.13785
-0.897694 -0.111562 2.08545
-0.829796 -0.0471028 2.06332
0.00132173 -0.0134955 2.18934
-0.0671686 0.0324759 2.13944
-0.465791 -0.013789 2.22358
-0.478612 0.268541 2.18096
-0.488065 0.54118 2.12678
-0.469489 0.685453 2.10257
-0.634214 0.420255 2.09046
-0.722686 0.173722 2.11641
-0.831506 -0.0148637 2.09431
-0.849005 -0.0554838 2.08928
-0.327197 0.428412 2.16962
-0.249924 0.211749 2.24576
-0.0825322 0.0696452 2.21086
-0.0414266 0.0486841 2.19215
-0.527606 -0.0246081 2.16952
-0.539647 -0.332429 2.24315
-0.537062 -0.663159 2.34046
-0.532327 -0.74599 2.26157
-0.389124 -0.0025338 2.20692
-0.246687 -0.278498 2.11492
-0.10604 -0.528858 2.25571
-0.0418852 -0.578408 2.1932
-0.486263 0.474416 2.14242
-0.880959 -0.115583 2.10105
-0.832568 -0.0762191 2.05342
0.0229806 -0.0128454 2.19282
-0.044186 0.0388256 2.13685
-0.431527 -0.0185865 2.22557
-0.44675 0.265116 2.18469
-0.45881 0.538979 2.13193
-0.439331 0.684421 2.10951
-0.604401 0.417472 2.09545
-0.702142 0.168792 2.12196
-0.81104 -0.0199912 2.10463
-0.825632 -0.0570385 2.09834
-0.29718 0.425318 2.17322
-0.217596 0.207576 2.2452
-0.0523134 0.0631322 2.21079
0.0075228 0.0266369 2.18197
-0.495041 -0.0284894 2.17189
-0.524878 -0.333889 2.24308
-0.53589 -0.66271 2.34066
-0.53221 -0.744791 2.26495
-0.354199 -0.0081359 2.20832
-0.204538 -0.309935 2.16707
-0.0604394 -0.602047 2.28056
-0.00911818 -0.655411 2.20658
-0.456327 0.471923 2.14725
-0.862929 -0.117395 2.11655
-0.802911 -0.0638691 2.06545
0.0532401 -0.0166468 2.1848
-0.0131132 0.0344695 2.1334
-0.373338 -0.0289438 2.22449
-0.383352 0.25652 2.18615
-0.390521 0.532159 2.13585
-0.371937 0.677865 2.11727
-0.537873 0.412101 2.09929
-0.643844 0.162581 2.12572
-0.756097 -0.0243857 2.11622
-0.766065 -0.0474784 2.10517
-0.228846 0.416911 2.17477
-0.153592 0.196013 2.24381
0.0149607 0.055893 2.20892
0.0731529 0.0133387 2.17937
-0.439928 -0.0336311 2.17235
-0.498905 -0.336501 2.24645
-0.533186 -0.66084 2.34147
-0.531223 -0.743242 2.26733
-0.294804 -0.0233962 2.2053
-0.162266 -0.343462 2.22341
-0.0351082 -0.663589 2.30485
0.00687809 -0.734634 2.22714
-0.389194 0.464659 2.15057
-0.807347 -0.112602 2.11592
-0.784482 -0.0387436 2.07961
0.115681 -0.0314216 2.18139
0.111604 -0.000841293 2.14171
-0.311979 -0.0401703 2.22147
-0.314071 0.246321 2.18592
-0.314245 0.523002 2.13828
-0.297862 0.668527 2.12279
-0.467214 0.403258 2.10265
-0.573487 0.150325 2.12606
-0.694017 -0.0314385 2.11144
-0.704206 -0.0535164 2.10081
-0.155086 0.407202 2.17655
-0.070524 0.179866 2.24577
0.089747 0.0328828 2.20048
0.125439 0.0151453 2.18585
-0.379407 -0.041905 2.16805
-0.468923 -0.338408 2.25511
-0.527081 -0.655028 2.34542
-0.530231 -0.742276 2.26516
-0.234568 -0.0371606 2.20332
-0.13731 -0.350205 2.24516
-0.0362917 -0.669006 2.32355
0.00354052 -0.743878 2.24601
-0.314537 0.455241 2.15235
-0.745333 -0.119483 2.1121
-0.687785 -0.0697534 2.09718
0.188354 -0.0398965 2.18147
0.189652 -0.0232922 2.1396
-0.242504 -0.049406 2.22603
-0.238274 0.239299 2.18944
-0.232769 0.518151 2.14053
-0.218303 0.667476 2.12704
-0.383736 0.399423 2.10524
-0.492377 0.157125 2.12721
-0.609497 -0.0272936 2.11365
-0.626885 -0.0456697 2.10282
-0.0713487 0.400589 2.18364
-0.000546761 0.176015 2.24296
0.155076 0.0235783 2.20189
0.217024 -0.0167077 2.17636
-0.309718 -0.0501009 2.17643
-0.423393 -0.358432 2.25817
-0.518772 -0.658602 2.34482
-0.526972 -0.740485 2.2611
-0.167361 -0.0471219 2.20383
-0.101433 -0.365276 2.24495
-0.0377558 -0.674528 2.3256
0.00329358 -0.747773 2.2471
-0.23438 0.449853 2.15494
-0.671368 -0.111607 2.11597
-0.643299 -0.0612406 2.1044
0.260726 -0.0613958 2.18342
0.185771 -0.000784864 2.12944
-0.180188 -0.0399086 2.23008
-0.174399 0.248536 2.19251
-0.167519 0.527045 2.14254
-0.151266 0.675114 2.12645
-0.31925 0.410071 2.10766
-0.427861 0.169361 2.12517
-0.547634 -0.0135801 2.11736
-0.557529 -0.0398089 2.10868
-0.00787379 0.409796 2.18038
0.0629088 0.180217 2.23782
0.213304 0.0225967 2.19823
0.268517 -0.0214608 2.17328
-0.247864 -0.0399294 2.18077
-0.35295 -0.348388 2.21754
-0.475843 -0.648097 2.32031
-0.515182 -0.732852 2.25506
-0.106695 -0.0385818 2.20736
-0.070729 -0.358222 2.24404
-0.0363529 -0.676392 2.32648
0.00223929 -0.74837 2.25028
-0.169418 0.458845 2.15723
-0.602379 -0.105013 2.13203
-0.572722 -0.0315934 2.10367
0.311557 -0.0680802 2.17973
0.242872 -0.0162806 2.12633
-0.128299 -0.0315739 2.22926
-0.118133 0.257004 2.19377
-0.107363 0.535426 2.146
-0.0902906 0.682097 2.12389
-0.264875 0.420755 2.11654
-0.369201 0.179882 2.136
-0.492049 -0.0012105 2.1182
-0.508869 -0.0357409 2.11147
0.0539824 0.413003 2.17476
0.124487 0.18359 2.2295
0.265741 0.0165127 2.19998
0.3164 -0.026693 2.16774
-0.196083 -0.0283695 2.18169
-0.264114 -0.354024 2.1897
-0.330567 -0.64878 2.32249
-0.368621 -0.727418 2.24612
-0.0563061 -0.0337225 2.20469
-0.0434465 -0.345651 2.25065
-0.0283081 -0.670132 2.32994
-2.35878e-005 -0.747883 2.25383
-0.110154 0.467269 2.16013
-0.545838 -0.0905955 2.13264
-0.513624 -0.0357453 2.1116
0.357348 -0.0759304 2.17827
0.293034 -0.0229062 2.12358
-0.0991599 -0.0315532 2.22755
-0.0903361 0.258667 2.19381
-0.0810657 0.538728 2.14777
-0.0612036 0.684463 2.12586
-0.237947 0.424018 2.12175
-0.340392 0.189574 2.14443
-0.464019 0.00884969 2.12698
-0.479549 -0.0177833 2.12601
0.0789738 0.41431 2.17178
0.14913 0.182383 2.22405
0.286869 0.0125932 2.19343
0.333693 -0.0352415 2.15826
-0.16639 -0.0272547 2.18115
-0.191415 -0.345849 2.18635
-0.192978 -0.65895 2.33457
-0.219264 -0.730957 2.26145
-0.028694 -0.0347959 2.20178
-0.0266374 -0.349509 2.25868
-0.0275291 -0.669833 2.33117
-3.49242e-007 -0.748459 2.25521
-0.0834577 0.470162 2.16146
-0.525983 -0.0831435 2.14582
-0.469609 -0.0184528 2.13486
0.373918 -0.0872473 2.17491
0.310998 -0.0299507 2.11172
-0.0820702 -0.0326958 2.22663
-0.0721882 0.258169 2.19449
-0.0619563 0.538908 2.15014
-0.0426823 0.68466 2.12723
-0.220402 0.425309 2.12427
-0.324486 0.194339 2.14767
-0.445863 0.0120304 2.14246
-0.472365 -0.0247148 2.1414
0.0944057 0.413506 2.1717
0.157806 0.17993 2.22095
0.2931 0.00834599 2.18914
0.333951 -0.04212 2.14866
-0.148823 -0.0295081 2.18151
-0.106375 -0.375149 2.24741
-0.123721 -0.683179 2.33385
-0.126836 -0.751096 2.24489
-0.0125267 -0.0348961 2.19959
-0.0175709 -0.368341 2.26595
-0.0294626 -0.673598 2.33082
-0.00134579 -0.748474 2.25428
-0.0645661 0.470168 2.1634
-0.512794 -0.0826809 2.1637
-0.465379 -0.000971909 2.13457
0.370852 -0.0956244 2.15709
0.308215 -0.0293975 2.10532
-0.0640346 -0.0372166 2.2266
-0.0595955 0.25551 2.19645
-0.0540966 0.53768 2.15358
-0.0326618 0.682783 2.12946
-0.211485 0.424213 2.12968
-0.313485 0.188616 2.1537
-0.434977 0.00655265 2.15202
-0.454791 -0.0243907 2.14906
0.102823 0.411347 2.1706
0.163802 0.172486 2.21835
0.297065 -0.000618079 2.18636
0.327715 -0.0542833 2.14803
-0.131673 -0.0350245 2.18116
-0.111632 -0.364352 2.25704
-0.1114 -0.680302 2.32897
-0.115918 -0.751738 2.24686
0.0057248 -0.0382267 2.19984
-0.00099957 -0.373794 2.28857
-0.0176034 -0.666882 2.3366
-0.00101713 -0.748398 2.25482
-0.0556099 0.468622 2.16651
-0.49977 -0.0866619 2.16504
-0.46477 -0.02882 2.1525
0.360231 -0.106149 2.15726
0.301816 -0.0405586 2.10324
-0.0598722 -0.0370424 2.22743
-0.0555317 0.255615 2.19827
-0.0504908 0.53785 2.15664
-0.0301304 0.68283 2.13104
-0.207697 0.423769 2.13441
-0.305699 0.186443 2.1601
-0.42717 0.00417568 2.15472
-0.44585 -0.0265589 2.1499
0.108541 0.41426 2.17113
0.165823 0.171258 2.21758
0.295133 -0.00463255 2.18387
0.323667 -0.058527 2.14992
-0.127126 -0.0350256 2.1835
-0.112938 -0.363454 2.26371
-0.111074 -0.676667 2.32943
-0.117927 -0.752207 2.24898
0.009569 -0.0378886 2.19949
-0.000941944 -0.373971 2.28828
-0.0175315 -0.666822 2.3364
-0.000685729 -0.748194 2.2547
-0.0518439 0.468761 2.16923
-0.493321 -0.0908191 2.16698
-0.452342 -0.0379619 2.15514
0.356321 -0.112856 2.16281
0.299884 -0.0511476 2.10369
-0.0598222 -0.0372031 2.22852
-0.0546775 0.255388 2.1998
-0.0488141 0.537605 2.15892
-0.0291547 0.682207 2.13246
-0.205798 0.423194 2.13764
-0.301138 0.184976 2.16339
-0.419716 0.000863799 2.16019
-0.438213 -0.0313223 2.15673
0.110082 0.414927 2.17178
0.169039 0.169858 2.21697
0.29577 -0.00775832 2.18214
0.311835 -0.037275 2.15185
-0.12722 -0.0351938 2.18509
-0.109387 -0.366439 2.26962
-0.110897 -0.676636 2.3301
-0.118912 -0.7524 2.24923
0.0096684 -0.0380094 2.20009
-0.00162861 -0.374332 2.28762
-0.000859028 -0.70588 2.3474
-0.000598382 -0.755128 2.2466
-0.0503705 0.468512 2.17132
-0.485903 -0.0972091 2.18125
-0.456654 -0.0407007 2.16075
0.354664 -0.106746 2.1517
0.29946 -0.0436471 2.1049
-0.0599355 -0.0371983 2.22941
-0.0545874 0.255312 2.2006
-0.048709 0.537432 2.1597
-0.0289253 0.681878 2.13264
-0.206095 0.423289 2.13863
-0.299989 0.184496 2.16459
-0.415396 -0.00137504 2.16601
-0.436499 -0.035075 2.16452
0.109869 0.415156 2.17214
0.16943 0.16985 2.21711
0.294615 -0.00880259 2.18176
0.318216 -0.0562559 2.14785
-0.127423 -0.0353796 2.18593
-0.104516 -0.371731 2.27199
-0.108262 -0.681084 2.32941
-0.1161 -0.752426 2.24912
0.00960509 -0.037798 2.20095
-0.01158 -0.37581 2.27632
-0.02504 -0.683604 2.33292
-0.000492204 -0.748076 2.25355
-0.0502537 0.468364 2.1721
-0.479294 -0.0977292 2.18361
-0.44008 -0.0338918 2.17037
0.349956 -0.10651 2.15427
0.292268 -0.0488566 2.10411
-0.0605406 -0.0368826 2.2332
-0.0555021 0.255005 2.20091
-0.0515455 0.536032 2.15706
-0.0291203 0.681696 2.13228
-0.206877 0.422492 2.1375
-0.299295 0.183995 2.1662
-0.414147 -0.00206864 2.16957
-0.443575 -0.0411756 2.17119
0.108651 0.415715 2.17385
0.164737 0.172596 2.22393
0.287775 -0.00655402 2.18183
0.308386 -0.0549381 2.15567
-0.128436 -0.03637 2.19024
-0.130507 -0.364805 2.27803
-0.119763 -0.675731 2.34304
-0.122406 -0.751129 2.25508
0.00934217 -0.0362454 2.20423
0.0181231 -0.350795 2.21085
0.0138248 -0.652162 2.33616
0.0223087 -0.732504 2.26196
-0.0524297 0.467336 2.17057
-0.488675 -0.105861 2.19106
-0.470818 -0.0577611 2.17079
0.33907 -0.108516 2.16903
0.307812 -0.059173 2.11913
-0.0568969 -0.035639 2.24512
-0.0542487 0.254264 2.2028
-0.0504248 0.533632 2.15362
-0.0276166 0.68062 2.12994
-0.205098 0.420371 2.13463
-0.296864 0.181491 2.16786
-0.413946 -0.00318643 2.1707
-0.439459 -0.0420291 2.16766
0.109842 0.417051 2.17531
0.165351 0.175993 2.23365
0.288314 -0.00304003 2.19059
0.299906 -0.0210912 2.17119
-0.125726 -0.0372761 2.20219
-0.140296 -0.356609 2.29369
-0.125794 -0.664827 2.3421
-0.124534 -0.749658 2.25837
0.0137972 -0.0328488 2.21602
0.0730113 -0.337783 2.18225
0.104284 -0.637984 2.357
0.150184 -0.696692 2.28886
-0.0515198 0.465593 2.1688
-0.489569 -0.1048 2.19553
-0.437601 -0.0273122 2.17237
0.344825 -0.0923733 2.16795
0.28461 -0.0279242 2.12822
-0.0373299 -0.0317958 2.25429
-0.0405575 0.255652 2.20676
-0.0423429 0.533455 2.15047
-0.0155486 0.679788 2.12515
-0.193621 0.420357 2.12984
-0.285969 0.181762 2.16638
-0.402697 -0.00328828 2.16796
-0.423396 -0.0441201 2.15745
0.12019 0.418975 2.17859
0.178788 0.18021 2.24368
0.306202 0.00407117 2.20249
0.327886 -0.0127048 2.18337
-0.108095 -0.0348412 2.2102
-0.128025 -0.339703 2.29423
-0.12567 -0.663939 2.3457
-0.125808 -0.749282 2.25856
0.0346394 -0.0276634 2.22618
0.132332 -0.322312 2.1923
0.235702 -0.587087 2.35628
0.288574 -0.641602 2.2832
-0.0422303 0.465558 2.16685
-0.467219 -0.104084 2.1812
-0.447218 -0.061627 2.16325
0.378061 -0.0857989 2.18254
0.313386 -0.0244897 2.13548
-0.00559628 -0.0297967 2.25965
-0.0118021 0.256531 2.21013
-0.0176784 0.533136 2.14909
0.0125327 0.679396 2.12626
-0.166465 0.419801 2.12797
-0.258442 0.183759 2.16402
-0.370918 -0.00453174 2.15612
-0.392951 -0.04608 2.14884
0.146343 0.417355 2.18237
0.207299 0.184201 2.24731
0.338986 0.011385 2.20607
0.377621 -0.0298071 2.17268
-0.0775951 -0.0335006 2.21541
-0.117191 -0.334747 2.29367
-0.123199 -0.660268 2.34515
-0.125821 -0.749155 2.25797
0.0665657 -0.0251251 2.23163
0.196966 -0.31797 2.21199
0.319007 -0.593887 2.36308
0.377106 -0.656189 2.2951
-0.0162772 0.465428 2.16654
-0.437644 -0.107876 2.16968
-0.366593 -0.0428655 2.1497
0.413843 -0.0800564 2.17574
0.346882 -0.0152842 2.13125
0.0525447 -0.0358346 2.26736
0.0526523 0.251399 2.21963
0.052678 0.528869 2.15977
0.0780052 0.676322 2.13736
-0.102753 0.415407 2.13651
-0.18868 0.180485 2.16721
-0.305518 -0.00536524 2.15521
-0.325356 -0.0454596 2.14666
0.213031 0.411557 2.19206
0.269585 0.1782 2.2524
0.405129 0.0118646 2.19703
0.443799 -0.0227911 2.15188
-0.0204482 -0.0362474 2.22194
-0.0867544 -0.338021 2.29083
-0.116923 -0.661515 2.34577
-0.124837 -0.748723 2.25611
0.123896 -0.0343013 2.24054
0.257622 -0.333427 2.25708
0.375079 -0.644491 2.37094
0.407608 -0.726274 2.29603
0.0527068 0.460917 2.17691
-0.362173 -0.107473 2.16271
-0.349225 -0.0764077 2.16383
0.479903 -0.0728026 2.15134
0.411497 -0.00687747 2.11476
0.118312 -0.0458291 2.26614
0.124119 0.243018 2.22491
0.130055 0.522234 2.17214
0.153835 0.671058 2.1498
-0.0279552 0.406846 2.14424
-0.113027 0.171981 2.17499
-0.238114 -0.00851381 2.15789
-0.256675 -0.0505848 2.15016
0.286402 0.401986 2.2008
0.347732 0.169177 2.25534
0.46998 0.00516474 2.16644
0.504556 -0.0267672 2.12206
0.043772 -0.0432775 2.21954
-0.0493038 -0.352768 2.28873
-0.110257 -0.669477 2.34413
-0.123775 -0.75047 2.25227
0.189119 -0.0469584 2.24063
0.281181 -0.349179 2.2809
0.369189 -0.659525 2.37648
0.398111 -0.740416 2.31025
0.128634 0.453822 2.18745
-0.299873 -0.112211 2.17266
-0.277045 -0.0777736 2.17225
0.537435 -0.0768052 2.11697
0.492049 -0.012657 2.09235
0.184851 -0.048398 2.27112
0.200709 0.241893 2.2321
0.215379 0.522659 2.1809
0.238015 0.669903 2.16078
0.0628518 0.406918 2.15082
-0.0343063 0.169531 2.18352
-0.157884 -0.0122851 2.16653
-0.179777 -0.0471406 2.15987
0.371366 0.395324 2.21987
0.416708 0.168665 2.2561
0.519367 0.00311119 2.1455
0.552583 -0.0258473 2.09281
0.1103 -0.0428782 2.22515
0.00443334 -0.358617 2.26413
-0.0974828 -0.664041 2.33035
-0.121757 -0.748146 2.25099
0.253581 -0.0524263 2.24508
0.319003 -0.35026 2.2808
0.369757 -0.670178 2.37971
0.397275 -0.743131 2.31059
0.211951 0.453849 2.19588
-0.223157 -0.107352 2.17458
-0.206055 -0.0786974 2.16967
0.575251 -0.0683605 2.07597
0.564656 -0.0487042 2.04433
0.247809 -0.0355515 2.28434
0.263659 0.25319 2.24646
0.27756 0.532138 2.1964
0.303402 0.679019 2.17471
0.12473 0.41954 2.16887
0.0281659 0.177087 2.19743
-0.0975332 -0.00320741 2.17405
-0.116805 -0.044947 2.17103
0.434027 0.409626 2.23079
0.474317 0.179958 2.25992
0.558331 0.0184967 2.12767
0.592742 -0.0170706 2.08171
0.174308 -0.0281609 2.24135
0.0614293 -0.356067 2.21165
-0.0727044 -0.65471 2.29803
-0.0981844 -0.727067 2.21984
0.313536 -0.041763 2.25558
0.345739 -0.346518 2.29246
0.374451 -0.669689 2.38293
0.397213 -0.742982 2.31029
0.274414 0.463801 2.21109
-0.157242 -0.100575 2.19282
-0.135891 -0.0404122 2.1706
0.612124 -0.0571767 2.05981
0.584555 -0.015891 2.02556
0.302588 -0.0232602 2.29793
0.316828 0.263646 2.26222
0.328862 0.540864 2.21444
0.356918 0.686121 2.18668
0.173009 0.430794 2.19151
0.0754122 0.19219 2.21563
-0.0485342 0.0108583 2.18739
-0.0736382 -0.0260683 2.18401
0.479606 0.413535 2.23051
0.530434 0.188637 2.2584
0.609429 0.0310259 2.1182
0.635109 -0.00492387 2.06434
0.227086 -0.0133526 2.25916
0.131872 -0.292536 2.14169
0.0190225 -0.545415 2.28265
-0.0213769 -0.611182 2.21762
0.368681 -0.032407 2.26509
0.374642 -0.329442 2.3092
0.379455 -0.664431 2.38475
0.396776 -0.742634 2.31056
0.326229 0.472945 2.22855
-0.115371 -0.0818799 2.20104
-0.0876728 -0.0103084 2.17557
0.655305 -0.0447932 2.042
0.633142 -0.00825514 2.01369
0.331154 -0.0163223 2.30155
0.342146 0.26967 2.2688
0.351807 0.54602 2.22373
0.381616 0.689729 2.19632
0.194957 0.43607 2.20516
0.0972912 0.203655 2.23454
-0.030636 0.0248407 2.20827
-0.0597329 -0.00739745 2.21061
0.504796 0.416326 2.2312
0.555589 0.189977 2.254
0.634378 0.0355436 2.11004
0.66417 -0.00673862 2.06293
0.256439 -0.00639809 2.26658
0.17613 -0.208426 2.05942
0.0585588 -0.467375 2.26225
0.0257022 -0.543938 2.22849
0.39574 -0.0257479 2.26516
0.388839 -0.323712 2.31603
0.387032 -0.65731 2.38867
0.396609 -0.740915 2.31146
0.349695 0.47831 2.23718
-0.10665 -0.0664978 2.23128
-0.0566626 0.0199642 2.2096
0.681338 -0.0429831 2.03277
0.656338 0.000917282 2.01227
0.346769 -0.0129682 2.30404
0.361514 0.274068 2.2742
0.374693 0.551326 2.23211
0.401766 0.693903 2.20452
0.211841 0.441317 2.21696
0.110409 0.214069 2.24774
-0.0230591 0.0386916 2.23278
-0.0519266 0.00663656 2.24028
0.521062 0.416034 2.2337
0.568847 0.190916 2.25401
0.649893 0.036604 2.11134
0.678156 0.000865487 2.05939
0.27213 -0.00352399 2.27139
0.183261 -0.203405 2.06563
0.0709641 -0.42147 2.2764
0.0410154 -0.494783 2.21286
0.410903 -0.0220438 2.26541
0.403402 -0.318146 2.32068
0.394168 -0.650785 2.3936
0.39841 -0.736456 2.31758
0.371729 0.483396 2.2448
-0.0963476 -0.0536294 2.25783
-0.0465793 -0.0172969 2.19965
0.699114 -0.0399813 2.03098
0.679099 -0.00670341 2.002
0.353847 -0.0114027 2.30374
0.375033 0.276479 2.27783
0.395042 0.554643 2.24117
0.422901 0.696908 2.21515
0.231213 0.444664 2.22744
0.123711 0.220022 2.25985
-0.0138559 0.0481659 2.2599
-0.0418727 0.0156709 2.26392
0.539545 0.41399 2.23932
0.58322 0.189913 2.25629
0.662988 0.0351387 2.11342
0.69303 -0.00795338 2.067
0.278447 -0.00106581 2.27145
0.192674 -0.200797 2.06397
0.0716373 -0.408635 2.26646
0.0343461 -0.481062 2.20888
0.418453 -0.0213722 2.26471
0.409527 -0.318769 2.31994
0.394198 -0.648439 2.39401
0.399118 -0.736123 2.3187
0.390412 0.48648 2.2524
-0.0889641 -0.0402232 2.28986
-0.0382192 -0.0115374 2.22574
0.710511 -0.0484619 2.04226
0.68687 -0.00187092 2.01333
0.357083 -0.0119021 2.30253
0.380222 0.275677 2.27809
0.40161 0.553627 2.24271
0.431245 0.695644 2.21874
0.23774 0.443324 2.2283
0.127207 0.219521 2.26078
-0.0120318 0.0489543 2.26003
-0.0383956 0.014864 2.25877
0.547156 0.413437 2.2407
0.588164 0.18847 2.25733
0.668137 0.0315705 2.11711
0.694761 -0.00988108 2.06668
0.281462 -0.000494069 2.27051
0.19799 -0.198937 2.06049
0.0733479 -0.408491 2.26066
0.0343014 -0.47968 2.20175
0.421898 -0.0231332 2.26307
0.408637 -0.322724 2.31705
0.388681 -0.651182 2.38826
0.397909 -0.739964 2.31383
0.396683 0.48551 2.25364
-0.0830369 -0.0395911 2.27696
-0.0377231 -0.0133306 2.22058
0.714517 -0.0515163 2.04029
0.690588 -0.00857648 2.01744
0.357132 -0.0120987 2.30235
0.381838 0.275249 2.27847
0.405149 0.552812 2.2433
0.433417 0.695416 2.2187
0.239878 0.443284 2.22903
0.129624 0.219814 2.26086
-0.0100206 0.0495592 2.25998
-0.0388329 0.0164931 2.24813
0.549873 0.412068 2.23857
0.590459 0.186537 2.25642
0.670645 0.0275216 2.11892
0.685723 -0.0158042 2.06234
0.281574 -0.000230552 2.27081
0.197433 -0.197991 2.06033
0.0729156 -0.411108 2.25963
0.0360236 -0.483646 2.20197
0.421804 -0.0239378 2.26228
0.407498 -0.32237 2.31421
0.387259 -0.65268 2.38618
0.396658 -0.741075 2.30992
0.399713 0.484808 2.2542
-0.0862092 -0.0409564 2.27239
-0.0346069 -0.00953367 2.20794
0.709544 -0.0602891 2.03875
0.692589 -0.0369496 2.005
0.346277 -0.0122662 2.30008
0.375999 0.274619 2.27634
0.402146 0.551856 2.24098
0.430238 0.693077 2.2144
0.237528 0.443394 2.23036
0.127544 0.220425 2.26339
-0.0150002 0.0523577 2.25761
-0.0546534 0.0233977 2.25205
0.54369 0.409939 2.22963
0.586468 0.185356 2.2474
0.66416 0.021357 2.11464
0.681168 -0.0336546 2.06513
0.269982 0.00167048 2.26961
0.164473 -0.226777 2.11636
0.04745 -0.438231 2.27997
0.00571328 -0.505559 2.21588
0.411605 -0.0258879 2.25897
0.403526 -0.321293 2.31127
0.387105 -0.653532 2.38512
0.395512 -0.740754 2.30926
0.39611 0.483952 2.25198
-0.102203 -0.0320438 2.27169
-0.0499515 -0.000323497 2.21296
0.711024 -0.074314 2.05718
0.676903 -0.034691 2.00185
0.32959 -0.0120187 2.29703
0.360979 0.273667 2.27159
0.389169 0.54973 2.23437
0.415216 0.689691 2.20568
0.222654 0.441711 2.2312
0.11446 0.221441 2.26824
-0.0306968 0.0558009 2.26491
-0.0743362 0.0250868 2.26431
0.530508 0.409469 2.22016
0.576647 0.18439 2.23917
0.649133 0.0202305 2.10335
0.672791 -0.0398559 2.06559
0.252577 0.00288459 2.26597
0.137627 -0.246092 2.13527
-0.00247836 -0.484117 2.28917
-0.055332 -0.541216 2.22182
0.396259 -0.026538 2.25646
0.396739 -0.319172 2.30713
0.386653 -0.653779 2.38458
0.39491 -0.740489 2.30952
0.38262 0.482095 2.24582
-0.124347 -0.0349362 2.28668
-0.0734628 -0.00306884 2.22279
0.694925 -0.0742246 2.04748
0.660743 -0.0299828 1.99667
0.308684 -0.0130704 2.2941
0.337927 0.271553 2.2664
0.364233 0.546347 2.22662
0.387687 0.686749 2.19639
0.196259 0.439256 2.22794
0.0921901 0.220362 2.27186
-0.0550777 0.0574007 2.27709
-0.0933897 0.0250029 2.27605
0.505169 0.406984 2.21116
0.554527 0.183037 2.23091
0.632125 0.0175439 2.09995
0.643364 -0.0290466 2.04722
0.232581 0.000716203 2.26334
0.0964723 -0.265886 2.1603
-0.0731576 -0.51256 2.29581
-0.120718 -0.572903 2.22932
0.375041 -0.0264364 2.25318
0.38605 -0.320752 2.30101
0.385696 -0.653091 2.38351
0.394247 -0.739749 2.31013
0.358119 0.479038 2.23873
-0.140472 -0.0325438 2.28987
-0.0929611 -0.00314162 2.23787
0.664158 -0.0673198 2.02254
0.688474 -0.0850746 2.10967
0.2744 -0.0203116 2.28819
0.301537 0.265292 2.2601
0.326049 0.541078 2.22004
0.343631 0.682467 2.18986
0.159223 0.433597 2.2221
0.0537341 0.212112 2.27214
-0.0862412 0.0438209 2.28376
-0.124172 0.0127652 2.28584
0.471335 0.406989 2.20679
0.521189 0.178943 2.22389
0.606032 0.0160642 2.09428
0.615341 -0.03297 2.04654
0.197894 -0.00874351 2.25868
0.0402142 -0.303133 2.19752
-0.122238 -0.571644 2.31464
-0.173034 -0.628189 2.24829
0.342219 -0.0312753 2.24598
0.367583 -0.330206 2.29416
0.379777 -0.658348 2.38316
0.393157 -0.740222 2.31659
0.320342 0.473521 2.23221
-0.17218 -0.0463015 2.30132
-0.130859 -0.0298929 2.24486
0.633787 -0.0689682 2.02029
0.660044 -0.0905562 2.11515
0.203496 -0.0366715 2.2779
0.223936 0.249559 2.24997
0.24232 0.526099 2.20987
0.259512 0.667296 2.17968
0.0781868 0.418747 2.21161
-0.0211473 0.192403 2.26551
-0.153265 0.0209578 2.29189
-0.191627 -0.0111122 2.28346
0.388121 0.392262 2.19051
0.448808 0.168358 2.21023
0.537054 0.00779675 2.07975
0.54142 -0.0284739 2.01972
0.126236 -0.0296166 2.24614
-0.0212023 -0.337593 2.25284
-0.16928 -0.644864 2.33361
-0.203141 -0.721402 2.26528
0.274288 -0.0426173 2.23765
0.327223 -0.342682 2.27681
0.369972 -0.667922 2.3825
0.393622 -0.742839 2.31505
0.238046 0.458342 2.22207
-0.238928 -0.070533 2.30533
-0.188613 -0.0435539 2.23707
0.565111 -0.0775728 1.99725
0.595295 -0.0841334 2.0485
0.130246 -0.0556364 2.276
0.142677 0.23077 2.23825
0.153457 0.50756 2.18766
0.170695 0.649097 2.16155
-0.0143027 0.399202 2.19535
-0.105682 0.17602 2.25467
-0.235575 0.00565646 2.29019
-0.272256 -0.0329216 2.2861
0.299463 0.375731 2.17385
0.357971 0.154039 2.19247
0.456928 -0.00725911 2.07144
0.462238 -0.0414942 1.99605
0.0547596 -0.0508375 2.24212
-0.0491065 -0.348627 2.27022
-0.170918 -0.649965 2.35473
-0.198728 -0.731399 2.27953
0.201487 -0.058665 2.23769
0.288476 -0.357467 2.27328
0.361794 -0.673181 2.38049
0.39344 -0.742972 2.31091
0.150999 0.439739 2.20256
-0.321335 -0.093785 2.3249
-0.263578 -0.0575453 2.24426
0.492448 -0.0957613 1.95913
0.422959 -0.0197822 1.9815
0.0529287 -0.0626672 2.28212
0.0586128 0.223549 2.2317
0.0632862 0.500075 2.16837
0.0824566 0.642028 2.14298
-0.106147 0.39638 2.18369
-0.204322 0.172591 2.25178
-0.332707 0.00372766 2.29445
-0.359122 -0.0274832 2.28869
0.207925 0.36891 2.15358
0.262353 0.145319 2.1771
0.355235 -0.0205163 2.05698
0.358476 -0.0484094 1.98343
-0.0205287 -0.0597628 2.24862
-0.102138 -0.364039 2.25937
-0.176626 -0.661836 2.36211
-0.198811 -0.736161 2.28342
0.124731 -0.0635818 2.24339
0.232765 -0.365261 2.28758
0.342905 -0.666638 2.38128
0.387494 -0.737334 2.30761
0.062247 0.432343 2.18646
-0.40598 -0.093672 2.3188
-0.351163 -0.0470555 2.24517
0.392837 -0.0954798 1.95082
0.341694 -0.0250339 1.96338
-0.0286275 -0.046772 2.28886
-0.0243348 0.238693 2.23115
-0.0200947 0.514616 2.16098
-0.00023653 0.656664 2.13034
-0.185709 0.409907 2.17506
-0.289923 0.185138 2.24954
-0.423819 0.0183852 2.28385
-0.456778 -0.0043648 2.27712
0.124754 0.385445 2.14898
0.169558 0.164461 2.17418
0.257793 -0.00679731 2.058
0.25967 -0.0507926 1.98823
-0.0994757 -0.0450682 2.25272
-0.144189 -0.352757 2.26055
-0.183736 -0.668623 2.36692
-0.198645 -0.738042 2.2859
0.0430022 -0.0469042 2.25286
0.144202 -0.352932 2.27444
0.269548 -0.647563 2.37726
0.304229 -0.721785 2.31236
-0.0211573 0.44703 2.18074
-0.503765 -0.0680218 2.29418
-0.452886 0.0067229 2.27878
0.281546 -0.112616 1.96894
0.220469 -0.0421792 1.9485
-0.071487 -0.0307657 2.29102
-0.0647669 0.253262 2.23084
-0.0580224 0.527723 2.15834
-0.0398278 0.670934 2.12881
-0.225342 0.421723 2.16609
-0.332469 0.196262 2.23961
-0.460963 0.0251548 2.27325
-0.496591 0.0019913 2.26056
0.0904626 0.403804 2.15889
0.133522 0.17514 2.18448
0.216789 -0.00206638 2.07391
0.230299 -0.0391707 2.01298
-0.142217 -0.03113 2.25234
-0.165633 -0.342325 2.27372
-0.188575 -0.664896 2.37022
-0.198913 -0.738734 2.2888
0.00127218 -0.0293419 2.25754
0.0611934 -0.343858 2.25739
0.116512 -0.648803 2.40701
0.164933 -0.709464 2.33004
-0.0597349 0.46051 2.17866
-0.543649 -0.0595168 2.27814
-0.514417 -0.00976056 2.26775
0.253266 -0.0947921 2.00459
0.19055 -0.0223187 1.97873
-0.095626 -0.0253605 2.2849
-0.0922027 0.260087 2.22775
-0.0888825 0.536034 2.15862
-0.0667584 0.67801 2.12947
-0.246363 0.427892 2.16023
-0.356882 0.201076 2.22051
-0.481226 0.0249871 2.24625
-0.51401 -0.00540201 2.23056
0.0669621 0.413577 2.1658
0.116584 0.182345 2.1995
0.205372 0.0016286 2.10044
0.227043 -0.0322533 2.04982
-0.165533 -0.0273483 2.24578
-0.180278 -0.348283 2.28693
-0.190541 -0.665242 2.37116
-0.199158 -0.739554 2.28971
-0.0229196 -0.0224226 2.25179
-0.0209207 -0.341787 2.25914
-0.0243838 -0.641403 2.40263
0.00182915 -0.719238 2.33594
-0.0897547 0.468448 2.17806
-0.566388 -0.0697372 2.25755
-0.528433 -0.0199782 2.24056
0.249578 -0.0869875 2.03921
0.191803 -0.024138 2.0146
-0.10803 -0.0254795 2.27804
-0.106227 0.261117 2.22663
-0.105521 0.538142 2.16361
-0.0844996 0.681258 2.13565
-0.262658 0.428355 2.16088
-0.368707 0.196097 2.20997
-0.488473 0.0141468 2.21975
-0.51459 -0.0166372 2.19772
0.0525343 0.417144 2.17569
0.109314 0.185921 2.21251
0.208854 0.00299316 2.13113
0.235739 -0.0327817 2.08997
-0.177356 -0.0276135 2.23826
-0.176941 -0.368558 2.30529
-0.189691 -0.666317 2.37296
-0.191996 -0.742422 2.28815
-0.0353853 -0.0225384 2.2456
-0.0792252 -0.366483 2.29021
-0.0877767 -0.666409 2.38015
-0.0756161 -0.735097 2.30389
-0.10569 0.470274 2.18141
-0.562867 -0.0797629 2.20879
-0.538019 -0.0414371 2.20333
0.264707 -0.0807506 2.0833
0.262735 -0.0686884 2.05
-0.121231 -0.029331 2.27457
-0.117975 0.259969 2.22984
-0.116084 0.539486 2.17406
-0.0980435 0.682396 2.14457
-0.271825 0.42612 2.16324
-0.368319 0.191368 2.20338
-0.480397 0.00325586 2.19649
-0.496928 -0.0276374 2.17633
0.0424773 0.420234 2.18595
0.101059 0.186517 2.2317
0.210949 0.00522211 2.16258
0.237731 -0.0371153 2.13325
-0.189096 -0.0309299 2.23417
-0.186895 -0.364101 2.3249
-0.190011 -0.66822 2.37563
-0.1877 -0.743537 2.28685
-0.0497224 -0.0267946 2.24251
-0.0977559 -0.372836 2.30917
-0.0957206 -0.664685 2.37701
-0.0791062 -0.735183 2.30234
-0.116589 0.470983 2.18995
-0.545343 -0.0961226 2.18458
-0.518216 -0.0500192 2.183
0.268039 -0.0890742 2.12894
0.237767 -0.0394959 2.09332
-0.125504 -0.0296138 2.27167
-0.122453 0.260401 2.23099
-0.121018 0.540775 2.17968
-0.102321 0.684038 2.14947
-0.275234 0.425868 2.1638
-0.364931 0.18917 2.19906
-0.470289 -0.00289046 2.19189
-0.490203 -0.0475147 2.17453
0.0381002 0.420684 2.19346
0.0937792 0.185814 2.24206
0.206898 0.00209885 2.18885
0.23229 -0.0449353 2.15931
-0.193049 -0.0306307 2.22984
-0.187994 -0.36197 2.32376
-0.189209 -0.668287 2.3766
-0.186384 -0.744422 2.28726
-0.0541719 -0.0275932 2.24087
-0.0937974 -0.37488 2.31459
-0.0964175 -0.665687 2.37857
-0.0795603 -0.736346 2.30223
-0.121461 0.472055 2.19441
-0.529181 -0.107872 2.19405
-0.49804 -0.0542169 2.189
0.262874 -0.102839 2.1686
0.253518 -0.061396 2.1211
-0.12941 -0.0305731 2.27002
-0.126152 0.259982 2.23244
-0.124097 0.540706 2.184
-0.10611 0.685163 2.15227
-0.278768 0.425132 2.16629
-0.363633 0.187271 2.19757
-0.466624 -0.0061208 2.18937
-0.491732 -0.0475422 2.17446
0.0350012 0.421267 2.19788
0.0903491 0.182231 2.24812
0.200729 -0.00419031 2.1998
0.22235 -0.0593676 2.17442
-0.196542 -0.0306676 2.22763
-0.188837 -0.361069 2.31652
-0.188301 -0.668417 2.37655
-0.186491 -0.744816 2.28766
-0.0583884 -0.0295573 2.24
-0.0932012 -0.375316 2.3154
-0.0974721 -0.666423 2.37901
-0.0797156 -0.736834 2.30248
-0.124722 0.471914 2.19806
-0.528903 -0.110007 2.19015
-0.505635 -0.0698992 2.18371
0.250505 -0.115096 2.1811
0.242123 -0.0756593 2.13757
-0.134643 -0.0309517 2.26753
-0.12957 0.259858 2.23242
-0.125613 0.540793 2.18533
-0.109347 0.684839 2.15383
-0.280901 0.425202 2.16749
-0.364643 0.186034 2.19797
-0.468145 -0.00704371 2.19078
-0.499607 -0.0313989 2.18388
0.032733 0.420622 2.19914
0.0876092 0.179848 2.24966
0.194624 -0.0089112 2.20328
0.216089 -0.0659817 2.17332
-0.201836 -0.0298662 2.22467
-0.200744 -0.358727 2.27203
-0.195149 -0.668139 2.37438
-0.20161 -0.742659 2.28687
-0.0633744 -0.0310376 2.23805
-0.0888106 -0.375469 2.31124
-0.0955973 -0.66542 2.38007
-0.0798593 -0.73704 2.30275
-0.126632 0.47195 2.19913
-0.539086 -0.0985413 2.19392
-0.507588 -0.0613487 2.231
0.244981 -0.117852 2.17035
0.186471 -0.0510112 2.13341
-0.151477 -0.0327761 2.26618
-0.145878 0.25728 2.22922
-0.140078 0.537482 2.17986
-0.124589 0.680959 2.15024
-0.297166 0.422988 2.16395
-0.38557 0.184993 2.19786
-0.495286 -0.00430756 2.19474
-0.52987 -0.0218303 2.186
0.0178743 0.417789 2.19522
0.0752967 0.17637 2.24724
0.186479 -0.0097069 2.19951
0.20467 -0.0583948 2.158
-0.218443 -0.0304074 2.22451
-0.260684 -0.35062 2.21346
-0.304433 -0.640656 2.35197
-0.349121 -0.717773 2.2793
-0.079765 -0.0341043 2.23571
-0.0930143 -0.356676 2.2918
-0.0946004 -0.664716 2.38004
-0.0805861 -0.740172 2.30338
-0.141603 0.468846 2.19437
-0.572176 -0.0938825 2.19869
-0.519492 -0.0293685 2.20586
0.2355 -0.116448 2.16011
0.174434 -0.0396021 2.1183
-0.182101 -0.0317237 2.26418
-0.172815 0.256986 2.22468
-0.162863 0.535919 2.17302
-0.151547 0.677562 2.14135
-0.32033 0.4228 2.1571
-0.412004 0.183526 2.19433
-0.523796 -0.00404876 2.19705
-0.561815 -0.0211658 2.18259
-0.00432851 0.417048 2.18885
0.0568795 0.175022 2.24109
0.167264 -0.00987528 2.18554
0.187835 -0.055058 2.14506
-0.250549 -0.0292566 2.22299
-0.332833 -0.347665 2.21335
-0.425017 -0.654368 2.33809
-0.459473 -0.71582 2.24023
-0.107868 -0.0331777 2.23336
-0.101753 -0.346386 2.28544
-0.0951513 -0.66453 2.38036
-0.0803386 -0.740344 2.30347
-0.165481 0.467597 2.1881
-0.609565 -0.0940199 2.20181
-0.54747 -0.0275282 2.19362
0.215796 -0.109398 2.15002
0.186127 -0.0517786 2.10723
-0.220312 -0.0327494 2.25809
-0.213378 0.255984 2.21781
-0.205555 0.534848 2.16534
-0.193242 0.676561 2.13463
-0.361572 0.420492 2.15036
-0.445067 0.180812 2.19047
-0.555865 -0.00701428 2.19576
-0.590132 -0.0190935 2.18192
-0.0432932 0.41653 2.17994
0.0200551 0.17858 2.23009
0.133438 -0.00507014 2.17639
0.151027 -0.0490915 2.13202
-0.288961 -0.0309523 2.21654
-0.387677 -0.34031 2.22832
-0.491072 -0.633578 2.32351
-0.514185 -0.719475 2.24209
-0.144669 -0.0335196 2.2277
-0.119111 -0.345228 2.28228
-0.0982235 -0.662433 2.37831
-0.0813654 -0.740158 2.30079
-0.20769 0.466552 2.18063
-0.637119 -0.097323 2.19477
-0.573594 -0.0192092 2.2078
0.182227 -0.104286 2.13539
0.124244 -0.0464862 2.089
-0.295929 -0.0438738 2.24908
-0.295435 0.245686 2.20472
-0.293423 0.525462 2.14788
-0.278811 0.669129 2.1216
-0.444837 0.4093 2.13295
-0.523896 0.167786 2.17923
-0.625301 -0.0247603 2.18801
-0.654485 -0.0407558 2.17973
-0.134413 0.404864 2.16082
-0.0634011 0.175888 2.21283
0.0602789 -0.000829228 2.15741
0.0796752 -0.0434923 2.10706
-0.363695 -0.045316 2.20595
-0.446486 -0.357674 2.26186
-0.528229 -0.653323 2.32998
-0.54559 -0.739311 2.25605
-0.218791 -0.0410508 2.22054
-0.157152 -0.350554 2.2812
-0.102797 -0.666114 2.38029
-0.0819526 -0.741107 2.29858
-0.294215 0.456931 2.16429
-0.705516 -0.123446 2.20393
-0.611217 -0.0185297 2.2125
0.113106 -0.0999412 2.11067
0.0487554 -0.0297381 2.072
-0.35608 -0.043341 2.24599
-0.362818 0.246207 2.1965
-0.367139 0.525936 2.13471
-0.351618 0.668226 2.10835
-0.520935 0.405942 2.12358
-0.588868 0.162698 2.17551
-0.689571 -0.0299662 2.18459
-0.715696 -0.0517291 2.17329
-0.203967 0.406806 2.14604
-0.137647 0.177663 2.19899
-0.0130548 0.000519196 2.1468
0.00663412 -0.0474854 2.10148
-0.422344 -0.0465629 2.20152
-0.484023 -0.349949 2.26698
-0.534107 -0.658053 2.33756
-0.5474 -0.741336 2.25606
-0.27851 -0.0387502 2.21908
-0.194283 -0.3584 2.27364
-0.113272 -0.662476 2.37459
-0.0822381 -0.739921 2.29613
-0.366474 0.457424 2.15233
-0.754658 -0.128354 2.18686
-0.716288 -0.0718864 2.19814
0.0380485 -0.10055 2.10108
-0.0270153 -0.0381759 2.06044
-0.406431 -0.0344732 2.24005
-0.415868 0.25416 2.1901
-0.422558 0.53292 2.12806
-0.410165 0.675977 2.09975
-0.572524 0.412283 2.11718
-0.641809 0.17514 2.16543
-0.74501 -0.0163586 2.17161
-0.779563 -0.0459011 2.1595
-0.258777 0.416897 2.13998
-0.192739 0.186756 2.1923
-0.0690596 0.00920419 2.1382
-0.0576269 -0.041004 2.09453
-0.471609 -0.0403425 2.19533
-0.507085 -0.348703 2.27224
-0.542318 -0.660119 2.33904
-0.547695 -0.741822 2.2565
-0.328448 -0.0274201 2.21363
-0.239334 -0.367614 2.23173
-0.126635 -0.660842 2.34668
-0.0917587 -0.726658 2.2774
-0.42136 0.464656 2.14572
-0.820748 -0.123033 2.17589
-0.771408 -0.0474979 2.1836
-0.0295211 -0.0883424 2.09369
-0.088197 -0.0294595 2.05244
-0.448036 -0.030459 2.23905
-0.454189 0.257867 2.19001
-0.457449 0.536377 2.12894
-0.447176 0.678458 2.09875
-0.609443 0.415111 2.11592
-0.688701 0.175042 2.16184
-0.807997 -0.00712974 2.15612
-0.841273 -0.0511393 2.14792
-0.294422 0.420734 2.1441
-0.224265 0.187847 2.19657
-0.0979516 0.0138323 2.13589
-0.0810999 -0.0314752 2.09684
-0.512456 -0.03859 2.19505
-0.524942 -0.345505 2.26902
-0.545611 -0.660327 2.33925
-0.54886 -0.743219 2.25704
-0.369489 -0.0213195 2.21221
-0.295843 -0.346597 2.17576
-0.186568 -0.614956 2.31909
-0.140965 -0.69336 2.27828
-0.457136 0.468169 2.14635
-0.873657 -0.115104 2.15155
-0.851711 -0.0745054 2.18029
-0.0542641 -0.0773159 2.09793
-0.0860068 -0.0338203 2.05405
-0.483056 -0.0230849 2.23457
-0.485043 0.262366 2.18847
-0.48434 0.538233 2.13014
-0.475091 0.68139 2.10028
-0.636944 0.418154 2.11123
-0.732242 0.174292 2.15441
-0.851899 -0.00750678 2.14729
-0.888052 -0.0293963 2.13127
-0.323868 0.424457 2.15253
-0.250957 0.190359 2.20787
-0.1194 0.0183942 2.15368
-0.0945736 -0.0218988 2.12583
-0.547235 -0.0315714 2.1859
-0.540278 -0.347284 2.26191
-0.547222 -0.664273 2.33819
-0.550243 -0.745565 2.25542
-0.403907 -0.0138028 2.21251
-0.341033 -0.301237 2.11365
-0.203886 -0.571025 2.25108
-0.272896 -0.614026 2.2043
-0.485002 0.470658 2.14688
-0.936254 -0.0958296 2.14198
-0.90398 -0.0680127 2.16212
-0.0624928 -0.0696358 2.12627
-0.11832 -0.0197513 2.08233
-0.501471 -0.0189905 2.23124
-0.50086 0.265649 2.18752
-0.497777 0.540656 2.13149
-0.486889 0.684082 2.1016
-0.650746 0.422454 2.10908
-0.74899 0.178472 2.14837
-0.871094 -0.00164954 2.13495
-0.901605 -0.0156082 2.11489
-0.338488 0.427578 2.15932
-0.269181 0.196019 2.22285
-0.136137 0.0214717 2.18703
-0.104675 -0.0193246 2.15787
-0.56438 -0.0265019 2.18008
-0.549687 -0.346643 2.26175
-0.547706 -0.66604 2.33805
-0.550696 -0.746543 2.25466
-0.422899 -0.0108267 2.21185
-0.365149 -0.203212 1.98608
-0.290647 -0.466873 2.20219
-0.233689 -0.532255 2.16832
-0.499018 0.473298 2.14766
-0.949175 -0.0831503 2.12587
-0.919603 -0.0485264 2.14375
-0.0712726 -0.069182 2.16265
-0.104654 -0.0225777 2.11621
-0.516152 -0.0169547 2.22697
-0.513027 0.26787 2.18705
-0.50771 0.543 2.13475
-0.492963 0.685224 2.10421
-0.65695 0.424608 2.10797
-0.760125 0.18172 2.14086
-0.879886 -1.4331e-005 2.12895
-0.902901 -0.0149014 2.1053
-0.350226 0.431466 2.16703
-0.282127 0.200252 2.2374
-0.154023 0.0214044 2.20658
-0.125843 -0.020624 2.17312
-0.578547 -0.022985 2.17405
-0.556529 -0.347322 2.26021
-0.547942 -0.664014 2.33783
-0.550699 -0.746863 2.25434
-0.43762 -0.0103366 2.20939
-0.36829 -0.196375 1.98087
-0.286586 -0.474332 2.17738
-0.216851 -0.527215 2.13182
-0.509475 0.475607 2.14998
-0.951718 -0.0823952 2.11365
-0.90291 -0.0337051 2.12663
-0.0944038 -0.071978 2.17419
-0.0952808 -0.05851 2.1404
-0.523012 -0.0173003 2.22345
-0.519385 0.268056 2.18701
-0.51509 0.543831 2.1394
-0.49899 0.685822 2.10833
-0.664075 0.425361 2.1095
-0.764372 0.181382 2.13868
-0.883597 -0.000500928 2.11827
-0.900807 -0.0163002 2.09501
-0.358015 0.431333 2.17401
-0.291006 0.199819 2.24211
-0.165558 0.0192636 2.20978
-0.139612 -0.0266516 2.1706
-0.585331 -0.0230066 2.16902
-0.562079 -0.349289 2.25715
-0.548212 -0.66141 2.33663
-0.550654 -0.747152 2.25353
-0.444274 -0.0110108 2.20726
-0.369715 -0.254482 2.04855
-0.295924 -0.461519 2.1828
-0.238927 -0.517067 2.112
-0.516509 0.476282 2.15328
-0.955083 -0.0856643 2.10101
-0.934943 -0.0614623 2.139
-0.108668 -0.0810447 2.17809
-0.166677 -0.0143329 2.13076
-0.523348 -0.0172531 2.22322
-0.52082 0.268837 2.18789
-0.517249 0.545733 2.14238
-0.500798 0.687296 2.11175
-0.665858 0.425494 2.11049
-0.765541 0.180995 2.13834
-0.88398 -0.00140925 2.11781
-0.900619 -0.0175933 2.10112
-0.359435 0.43158 2.17577
-0.292782 0.197903 2.24116
-0.168293 0.0175655 2.20244
-0.13816 -0.0235679 2.15791
-0.58566 -0.0230836 2.16861
-0.564472 -0.349808 2.25671
-0.54916 -0.658632 2.33533
-0.551593 -0.747657 2.25339
-0.444608 -0.0108855 2.20718
-0.368441 -0.262501 2.0558
-0.29304 -0.475565 2.18778
-0.235208 -0.528352 2.11412
-0.518587 0.477894 2.15573
-0.943783 -0.0865397 2.10568
-0.908357 -0.0429516 2.12087
-0.108823 -0.0775868 2.1651
-0.141616 -0.0255564 2.116
-0.520789 -0.0168648 2.22421
-0.519961 0.269559 2.1888
-0.517007 0.546548 2.14304
-0.500087 0.688738 2.11418
-0.665641 0.425821 2.11049
-0.764872 0.18014 2.13864
-0.88103 -0.00382368 2.119
-0.893306 -0.0202537 2.10559
-0.358926 0.431653 2.17641
-0.291365 0.198086 2.23967
-0.16472 0.0200649 2.19617
-0.124683 -0.0136351 2.14983
-0.582894 -0.0230714 2.1695
-0.564752 -0.34847 2.25747
-0.549709 -0.658909 2.33519
-0.553406 -0.751504 2.24782
-0.442188 -0.0101168 2.2084
-0.359512 -0.267639 2.06402
-0.285402 -0.478093 2.19316
-0.227189 -0.532842 2.12344
-0.518241 0.478703 2.15647
-0.941219 -0.0881011 2.1129
-0.906313 -0.0497141 2.1316
-0.0931069 -0.0664297 2.15602
-0.1294 -0.00831424 2.11067
-0.508679 -0.0163416 2.22568
-0.512399 0.270162 2.18903
-0.511938 0.547077 2.14194
-0.494031 0.69066 2.11469
-0.659395 0.425952 2.10851
-0.755802 0.178308 2.13852
-0.87127 -0.00618812 2.12031
-0.878775 -0.0248044 2.10688
-0.351413 0.432143 2.17732
-0.282011 0.199233 2.23962
-0.146257 0.027658 2.19821
-0.105823 -0.00470984 2.15529
-0.570233 -0.0237711 2.1705
-0.562865 -0.34716 2.25909
-0.551002 -0.66101 2.33632
-0.55388 -0.751158 2.25023
-0.430888 -0.0084173 2.21033
-0.340117 -0.276503 2.07488
-0.254313 -0.490751 2.20256
-0.19275 -0.541912 2.13303
-0.512704 0.479247 2.15572
-0.926261 -0.0931533 2.11436
-0.907713 -0.0703295 2.14325
-0.0719389 -0.0591955 2.15542
-0.130713 0.00673273 2.11782
-0.47808 -0.016846 2.22729
-0.48472 0.269989 2.18887
-0.488127 0.546974 2.13893
-0.468949 0.691483 2.11439
-0.634151 0.42485 2.10371
-0.729573 0.174394 2.13436
-0.84404 -0.0107083 2.11329
-0.852963 -0.0352014 2.0994
-0.326073 0.432622 2.17771
-0.255253 0.202175 2.24485
-0.115821 0.0326154 2.20985
-0.0728731 -0.00360879 2.17435
-0.540061 -0.0263325 2.17301
-0.550942 -0.339101 2.25834
-0.551255 -0.660817 2.33627
-0.5531 -0.749409 2.25139
-0.400883 -0.00683206 2.2109
-0.296145 -0.286807 2.09987
-0.188368 -0.520638 2.2328
-0.127376 -0.572359 2.16566
-0.487827 0.479143 2.1535
-0.891968 -0.0990645 2.10191
-0.873107 -0.0673539 2.1415
-0.0393826 -0.051556 2.17274
-0.0969111 0.00732124 2.13653
-0.443399 -0.0221958 2.22472
-0.449792 0.266206 2.18686
-0.453201 0.544662 2.13714
-0.434015 0.689332 2.11363
-0.599888 0.421715 2.1023
-0.697182 0.173882 2.12992
-0.808306 -0.0130126 2.10241
-0.819609 -0.037321 2.09149
-0.292531 0.430032 2.17683
-0.22163 0.200371 2.24592
-0.0841259 0.0282534 2.22119
-0.0380936 -0.00687064 2.17967
-0.507452 -0.0313058 2.17245
-0.533571 -0.337084 2.25775
-0.551232 -0.660539 2.3364
-0.55265 -0.748385 2.25271
-0.36518 -0.0123851 2.20604
-0.254589 -0.304993 2.12775
-0.140462 -0.563727 2.2817
-0.0779732 -0.608829 2.20868
-0.452853 0.476472 2.1517
-0.863285 -0.101737 2.09042
-0.838524 -0.0651287 2.1253
-0.00385438 -0.0591073 2.1826
-0.0589301 0.00456785 2.1405
-0.395204 -0.0302211 2.22072
-0.400635 0.259609 2.18575
-0.403303 0.539435 2.13891
-0.382506 0.684931 2.11494
-0.5527 0.417765 2.10446
-0.653075 0.168156 2.13071
-0.764245 -0.0186954 2.10155
-0.770818 -0.0319789 2.08619
-0.241238 0.421885 2.17223
-0.168802 0.189215 2.24244
-0.0317314 0.0168941 2.21912
0.0131953 -0.0173696 2.1787
-0.46182 -0.0359812 2.16983
-0.513785 -0.34088 2.25851
-0.549275 -0.66141 2.33773
-0.551736 -0.746818 2.25479
-0.31578 -0.0236236 2.20038
-0.20317 -0.347197 2.18526
-0.0794778 -0.630454 2.30498
-0.0386701 -0.70127 2.24105
-0.403094 0.470907 2.15275
-0.819204 -0.100501 2.08419
-0.785261 -0.0623746 2.11243
0.0455348 -0.075501 2.19005
0.0101898 -0.00620939 2.14342
-0.333603 -0.0413104 2.22432
-0.333311 0.248671 2.18746
-0.330951 0.528733 2.13826
-0.31363 0.677832 2.12101
-0.480228 0.407159 2.10516
-0.586132 0.159067 2.13447
-0.705229 -0.0226649 2.10328
-0.710042 -0.0316076 2.08542
-0.169859 0.409298 2.16995
-0.0983393 0.174058 2.23855
0.03195 -0.00350446 2.22684
0.0856072 -0.044322 2.18266
-0.400638 -0.0440892 2.17348
-0.481822 -0.345049 2.25462
-0.543917 -0.661331 2.33867
-0.551244 -0.746069 2.25549
-0.255826 -0.0372436 2.20369
-0.157196 -0.359567 2.24647
-0.0719737 -0.658823 2.32906
-0.0374777 -0.73 2.2528
-0.331893 0.460142 2.15274
-0.762637 -0.0974804 2.07518
-0.735909 -0.0671908 2.10886
0.115489 -0.0964731 2.19975
0.0797103 -0.0254518 2.14153
-0.239725 -0.0467635 2.23565
-0.233341 0.245469 2.19454
-0.225511 0.527695 2.14096
-0.211246 0.675353 2.12325
-0.376928 0.409165 2.11
-0.479649 0.169072 2.14159
-0.608862 -0.00677938 2.12126
-0.614101 -0.0210529 2.10719
-0.0685716 0.407619 2.17698
-0.0125276 0.170425 2.23892
0.118388 -0.00605802 2.21748
0.168016 -0.0515692 2.1908
-0.307272 -0.0476466 2.18754
-0.411712 -0.358769 2.24674
-0.518675 -0.654749 2.33057
-0.547029 -0.742384 2.25412
-0.16448 -0.0443787 2.21192
-0.117196 -0.350223 2.26685
-0.0710652 -0.664846 2.34251
-0.0436441 -0.739583 2.28025
-0.227709 0.458578 2.15655
-0.670309 -0.0890808 2.11438
-0.635901 -0.0627226 2.11267
0.195091 -0.106492 2.18114
0.148848 -0.0177535 2.12941
-0.186187 -0.0378513 2.2408
-0.180406 0.253198 2.19941
-0.173644 0.534182 2.14567
-0.154579 0.680029 2.12453
-0.323609 0.419677 2.11399
-0.431292 0.179792 2.14083
-0.546121 -0.00601198 2.14148
-0.558514 -0.0190399 2.12451
-0.0160601 0.415932 2.18126
0.0437809 0.179468 2.24032
0.166984 -0.00112185 2.20549
0.218449 -0.0416083 2.17213
-0.253729 -0.0365008 2.19299
-0.336367 -0.353941 2.21175
-0.430147 -0.628984 2.32211
-0.483922 -0.71884 2.25248
-0.112626 -0.0379712 2.21661
-0.0902721 -0.342722 2.27295
-0.064773 -0.660748 2.34553
-0.0441917 -0.738371 2.28474
-0.175508 0.465381 2.16129
-0.616072 -0.092741 2.13951
-0.567459 -0.0261093 2.08003
0.245848 -0.0948971 2.164
0.194715 -0.00331171 2.11194
-0.147344 -0.035248 2.24102
-0.141832 0.256616 2.20171
-0.135447 0.538338 2.15001
-0.115197 0.683441 2.12609
-0.289685 0.422313 2.11967
-0.392092 0.183288 2.14802
-0.511994 0.000245536 2.14087
-0.521073 -0.0163832 2.12621
0.024796 0.416066 2.18357
0.0840164 0.180088 2.23924
0.201398 -0.00293034 2.19581
0.247725 -0.0429551 2.16176
-0.214563 -0.0319101 2.193
-0.259137 -0.340851 2.18512
-0.323113 -0.636252 2.32909
-0.362849 -0.723266 2.26103
-0.07537 -0.0374154 2.21695
-0.0713008 -0.342501 2.27941
-0.0613725 -0.65825 2.34682
-0.0444779 -0.738249 2.28513
-0.137187 0.46936 2.16513
-0.571626 -0.0879655 2.14012
-0.529141 -0.0223254 2.08132
0.268554 -0.0991626 2.15676
0.238475 -0.0212711 2.10712
-0.11818 -0.0354644 2.23885
-0.11313 0.257474 2.20149
-0.107379 0.540241 2.15186
-0.0866879 0.6869 2.12897
-0.262447 0.424186 2.12408
-0.364865 0.184366 2.15271
-0.484063 0.000682647 2.14206
-0.491138 -0.0157939 2.13253
0.0525924 0.416311 2.18199
0.104352 0.180993 2.23353
0.223561 -0.0016781 2.19572
0.266022 -0.0534676 2.15138
-0.185748 -0.0320355 2.19201
-0.185089 -0.351573 2.20574
-0.198258 -0.655913 2.33897
-0.203581 -0.730478 2.25833
-0.0467574 -0.0377263 2.2135
-0.0479441 -0.35996 2.28274
-0.0587525 -0.657739 2.34774
-0.0437889 -0.737885 2.28228
-0.108929 0.471005 2.16645
-0.539023 -0.0896401 2.14734
-0.498041 -0.0228461 2.08604
0.291673 -0.111761 2.15643
0.247565 -0.0261574 2.10942
-0.105619 -0.0391434 2.23624
-0.102856 0.255669 2.20137
-0.0988391 0.539876 2.15365
-0.0759818 0.685938 2.13123
-0.252239 0.422993 2.12573
-0.353467 0.188338 2.1501
-0.465247 9.40114e-005 2.14709
-0.487455 -0.0389921 2.13726
0.0623822 0.415374 2.17964
0.114659 0.176693 2.2278
0.234067 -0.00671993 2.19743
0.271207 -0.0650348 2.16876
-0.173395 -0.0370526 2.19039
-0.141106 -0.366018 2.24469
-0.155949 -0.676097 2.34128
-0.162074 -0.74508 2.25328
-0.0342953 -0.0400165 2.20982
-0.0448825 -0.369999 2.28418
-0.0616722 -0.670773 2.34723
-0.0446435 -0.739558 2.27327
-0.100012 0.470312 2.16779
-0.527684 -0.10352 2.15881
-0.497268 -0.0432659 2.0933
0.301616 -0.124736 2.17998
0.261555 -0.0524294 2.12935
-0.0959089 -0.0415547 2.23615
-0.0959558 0.254084 2.20275
-0.0945497 0.539143 2.15644
-0.0720219 0.684935 2.13407
-0.247957 0.422319 2.12844
-0.345212 0.186659 2.15064
-0.452858 -0.00369075 2.15332
-0.474823 -0.0459305 2.14446
0.0671553 0.414824 2.1786
0.121696 0.173666 2.22412
0.239293 -0.0118206 2.21362
0.273907 -0.0671253 2.19246
-0.163914 -0.0404247 2.19037
-0.151908 -0.35832 2.25228
-0.15395 -0.675622 2.34169
-0.158601 -0.746156 2.25576
-0.0247316 -0.041385 2.20968
-0.0322294 -0.368962 2.29826
-0.0572666 -0.663949 2.34957
-0.0431227 -0.739325 2.27278
-0.0951092 0.469371 2.17024
-0.511748 -0.111828 2.16258
-0.485052 -0.0541768 2.10063
0.307322 -0.129808 2.20896
0.262513 -0.0639152 2.1473
-0.0929065 -0.0419814 2.23517
-0.0935197 0.253881 2.20291
-0.0926986 0.539239 2.15792
-0.0718106 0.685458 2.1355
-0.246311 0.421942 2.1327
-0.339149 0.185067 2.15228
-0.443429 -0.00676162 2.15978
-0.46761 -0.0468555 2.1563
0.0711006 0.415622 2.1752
0.132972 0.174125 2.22211
0.24943 -0.0113092 2.22656
0.28883 -0.06005 2.20581
-0.161182 -0.041028 2.19036
-0.158556 -0.353435 2.2669
-0.154018 -0.674606 2.3418
-0.157571 -0.748362 2.25701
-0.0213629 -0.0415831 2.20748
-0.0309782 -0.36802 2.29947
-0.0540125 -0.658379 2.35134
-0.0411292 -0.739793 2.27046
-0.0931055 0.469381 2.17135
-0.508779 -0.118666 2.17684
-0.495469 -0.0926224 2.13775
0.325759 -0.119524 2.23185
0.273306 -0.0564112 2.163
-0.0921869 -0.0421575 2.23511
-0.0928633 0.253855 2.20303
-0.0922234 0.539409 2.15826
-0.0724794 0.685659 2.13616
-0.246237 0.42157 2.13483
-0.336565 0.1841 2.15639
-0.441115 -0.00735155 2.16592
-0.469559 -0.0436807 2.16068
0.0725164 0.415616 2.17457
0.139581 0.176315 2.22271
0.260212 -0.00545386 2.23524
0.284746 -0.0233475 2.21365
-0.160378 -0.0413734 2.19066
-0.161928 -0.351758 2.27325
-0.154678 -0.673122 2.34272
-0.15751 -0.749122 2.25959
-0.020745 -0.0416271 2.2072
-0.0305918 -0.368202 2.30071
-0.0536312 -0.657857 2.35128
-0.0418351 -0.73862 2.27263
-0.09257 0.469494 2.17163
-0.512171 -0.112374 2.17784
-0.500967 -0.0852997 2.1445
0.343444 -0.110564 2.23591
0.288966 -0.0442084 2.16712
-0.0921812 -0.04238 2.23523
-0.0927752 0.253663 2.20296
-0.092162 0.539205 2.15797
-0.0737697 0.685144 2.13538
-0.2467 0.421233 2.13562
-0.336549 0.184379 2.15949
-0.442482 -0.00627078 2.16919
-0.47519 -0.0421033 2.1607
0.0731598 0.415237 2.17372
0.142461 0.177356 2.22334
0.263834 -0.00363224 2.23777
0.284655 -0.0209649 2.20945
-0.160421 -0.0416884 2.19146
-0.163174 -0.351961 2.2764
-0.155326 -0.673569 2.34388
-0.157334 -0.749154 2.25962
-0.02078 -0.0416866 2.20678
-0.0325838 -0.367884 2.29978
-0.0533716 -0.657289 2.35138
-0.0428157 -0.737989 2.27273
-0.0924842 0.469297 2.17141
-0.518918 -0.111996 2.18033
-0.485913 -0.0574091 2.11618
0.34259 -0.108772 2.23041
0.285903 -0.0395206 2.16298
-0.0926846 -0.0424334 2.23523
-0.0934488 0.253403 2.20252
-0.0933331 0.538628 2.1569
-0.0758405 0.684642 2.13368
-0.247915 0.421164 2.13652
-0.337528 0.184141 2.16178
-0.446077 -0.00518086 2.16979
-0.48137 -0.0410045 2.1575
0.0726228 0.414896 2.17247
0.141817 0.177689 2.22302
0.26373 -0.00303254 2.2368
0.274674 -0.0233112 2.20403
-0.161116 -0.0420957 2.19201
-0.163409 -0.354001 2.2801
-0.15558 -0.673818 2.34425
-0.157097 -0.749079 2.25981
-0.0213573 -0.0413691 2.20614
-0.0402085 -0.3702 2.2955
-0.0549021 -0.660118 2.34885
-0.042864 -0.73811 2.27091
-0.0934928 0.468808 2.17053
-0.527233 -0.111436 2.17915
-0.490949 -0.0546947 2.11318
0.328493 -0.10783 2.21735
0.275725 -0.0471616 2.15526
-0.0958047 -0.0425056 2.23561
-0.0964075 0.25281 2.20227
-0.0964406 0.537642 2.15617
-0.0807197 0.683467 2.13087
-0.252279 0.420607 2.13809
-0.338766 0.184553 2.16258
-0.447717 -0.00462569 2.16967
-0.474708 -0.0299473 2.1569
0.0694287 0.414772 2.17085
0.136261 0.177906 2.22195
0.25389 -0.00664669 2.22789
0.276794 -0.0627255 2.19022
-0.164585 -0.0425598 2.19305
-0.166468 -0.354643 2.28384
-0.15665 -0.672689 2.34458
-0.157712 -0.748868 2.26165
-0.0240877 -0.0410898 2.20599
-0.042879 -0.36921 2.28944
-0.0565615 -0.662319 2.34599
-0.0434783 -0.737843 2.2703
-0.0965404 0.467914 2.16991
-0.520901 -0.109527 2.16102
-0.50942 -0.0862203 2.13125
0.309053 -0.119665 2.20206
0.257266 -0.0547068 2.14972
-0.0986776 -0.0426385 2.23575
-0.0990063 0.252523 2.20239
-0.098876 0.537281 2.15639
-0.0844949 0.682763 2.13031
-0.254849 0.42049 2.13923
-0.340607 0.184504 2.16349
-0.448876 -0.00510704 2.17021
-0.476141 -0.0328777 2.15584
0.0658824 0.414757 2.16933
0.133322 0.176944 2.22031
0.24631 -0.0107679 2.2236
0.270822 -0.0663065 2.18804
-0.167583 -0.0430955 2.19407
-0.168185 -0.356027 2.28776
-0.157507 -0.672882 2.34536
-0.158264 -0.749264 2.2616
-0.0268785 -0.0408288 2.20529
-0.0435031 -0.369292 2.28898
-0.0570389 -0.663559 2.34594
-0.0445484 -0.737505 2.27014
-0.0990041 0.467564 2.1701
-0.522718 -0.109506 2.16082
-0.483379 -0.0499483 2.11167
0.301579 -0.124352 2.20869
0.248777 -0.0541125 2.14726
-0.101385 -0.0427134 2.2358
-0.10202 0.25238 2.20261
-0.102145 0.53714 2.15687
-0.0881531 0.682669 2.13118
-0.258536 0.420351 2.13959
-0.341852 0.184077 2.16371
-0.449972 -0.00557173 2.17084
-0.475922 -0.0327564 2.15773
0.0630203 0.415102 2.16882
0.131019 0.176636 2.21928
0.24178 -0.0127044 2.21865
0.256212 -0.0409165 2.19008
-0.170055 -0.0433235 2.19445
-0.169645 -0.355669 2.28851
-0.158583 -0.672572 2.34687
-0.157806 -0.748818 2.26307
-0.0296287 -0.0407452 2.205
-0.0438429 -0.369307 2.28897
-0.0571541 -0.664309 2.34602
-0.0446556 -0.737779 2.26967
-0.102213 0.467416 2.1705
-0.52458 -0.114425 2.17019
-0.483896 -0.0497683 2.11351
0.300883 -0.119852 2.20268
0.246176 -0.0508425 2.14243
-0.103466 -0.0429999 2.23545
-0.10467 0.252273 2.20254
-0.105414 0.537296 2.15724
-0.0907608 0.682658 2.13201
-0.260921 0.419946 2.13951
-0.34323 0.183731 2.16391
-0.450648 -0.00633748 2.17085
-0.476295 -0.0371398 2.15645
0.0606742 0.415353 2.1689
0.129078 0.17693 2.2186
0.240223 -0.0121892 2.21803
0.25477 -0.0368018 2.18707
-0.171952 -0.0437278 2.19423
-0.170966 -0.355243 2.28861
-0.158826 -0.673796 2.34741
-0.15779 -0.749136 2.2624
-0.0317591 -0.0408981 2.20452
-0.0445962 -0.370144 2.28925
-0.0581124 -0.665505 2.34563
-0.045707 -0.737778 2.27078
-0.105325 0.467498 2.17075
-0.524949 -0.117127 2.16837
-0.510074 -0.0949016 2.13228
0.301232 -0.116698 2.19897
0.247827 -0.050382 2.14259
-0.10528 -0.0433125 2.23514
-0.10716 0.252367 2.20229
-0.108614 0.537857 2.1571
-0.0935881 0.683281 2.13313
-0.263531 0.419207 2.13867
-0.344285 0.182905 2.16382
-0.451141 -0.00768954 2.16859
-0.473606 -0.0379648 2.15136
0.0578809 0.415689 2.16913
0.125998 0.177746 2.21887
0.23897 -0.0103899 2.21654
0.253914 -0.0369741 2.18841
-0.173648 -0.0441301 2.19371
-0.173433 -0.356253 2.29018
-0.159146 -0.673944 2.34733
-0.157437 -0.748998 2.26292
-0.033614 -0.041114 2.2044
-0.045752 -0.370557 2.29017
-0.0598352 -0.667311 2.34534
-0.0460029 -0.737532 2.27086
-0.10835 0.467937 2.17058
-0.522568 -0.119656 2.16312
-0.476708 -0.0472396 2.11079
0.299607 -0.114726 2.19773
0.249043 -0.051988 2.1437
-0.106996 -0.0435254 2.23493
-0.109237 0.252407 2.20187
-0.110976 0.538162 2.15641
-0.0952901 0.682722 2.13332
-0.265375 0.418682 2.1369
-0.345308 0.182525 2.16222
-0.451573 -0.00863809 2.16416
-0.476029 -0.0423292 2.14491
0.0557425 0.415386 2.16901
0.123329 0.178117 2.21967
0.237006 -0.00960722 2.21719
0.248657 -0.0374877 2.19116
-0.175308 -0.0443416 2.19294
-0.173389 -0.358346 2.29145
-0.159594 -0.673457 2.34714
-0.157275 -0.748751 2.26356
-0.0354387 -0.0413532 2.2047
-0.046305 -0.371192 2.29124
-0.0604205 -0.667348 2.34561
-0.0457366 -0.737841 2.26994
-0.110649 0.468176 2.16996
-0.519947 -0.12223 2.15827
-0.473034 -0.0542998 2.10323
0.294581 -0.113735 2.20053
0.238563 -0.0487939 2.14426
-0.10778 -0.0437076 2.23492
-0.110508 0.252171 2.20161
-0.1128 0.537829 2.1558
-0.097106 0.68254 2.13304
-0.266986 0.418292 2.13531
-0.346554 0.181931 2.15951
-0.453037 -0.00912309 2.16118
-0.475893 -0.0403006 2.1397
0.0530667 0.415657 2.16942
0.120583 0.178202 2.22085
0.232514 -0.0104678 2.22046
0.245824 -0.0389604 2.19798
-0.176049 -0.0445819 2.19258
-0.173914 -0.358276 2.29166
-0.159781 -0.673308 2.34723
-0.157718 -0.748298 2.26423
-0.0362966 -0.0414541 2.20509
-0.0465737 -0.370872 2.29195
-0.0608074 -0.667713 2.34589
-0.0457918 -0.737764 2.26979
-0.112331 0.467873 2.16945
-0.527663 -0.125593 2.15881
-0.478968 -0.0608616 2.0945
0.289263 -0.114941 2.20577
0.238641 -0.0551701 2.14971
-0.108587 -0.0439701 2.23528
-0.111765 0.251984 2.20144
-0.114676 0.537637 2.15498
-0.0982877 0.682781 2.13237
-0.26832 0.418189 2.1333
-0.348081 0.182135 2.1561
-0.454823 -0.00914226 2.15113
-0.483143 -0.0510199 2.13084
0.051576 0.416261 2.16969
0.118247 0.177899 2.22256
0.231299 -0.0102111 2.22021
0.243619 -0.0388944 2.19924
-0.176793 -0.0450224 2.19285
-0.173652 -0.359995 2.29255
-0.159726 -0.673647 2.34732
-0.157571 -0.748073 2.26404
-0.0370808 -0.0415433 2.20555
-0.0480526 -0.371484 2.29331
-0.0615695 -0.667861 2.34632
-0.0456219 -0.737801 2.26929
-0.114046 0.467688 2.16882
-0.524845 -0.121644 2.14403
-0.481052 -0.063378 2.08836
0.287834 -0.113527 2.20333
0.235513 -0.0487462 2.15423
-0.108988 -0.0439038 2.23584
-0.112482 0.251862 2.20153
-0.115826 0.537305 2.15462
-0.0993971 0.68253 2.13167
-0.268614 0.418075 2.13196
-0.349087 0.182001 2.15368
-0.455777 -0.00937445 2.14654
-0.477492 -0.044347 2.12966
0.0505012 0.416728 2.17067
0.117316 0.178239 2.2257
0.23039 -0.0098853 2.22281
0.245469 -0.0377632 2.20677
-0.177046 -0.0450091 2.1929
-0.172673 -0.358322 2.29264
-0.160101 -0.67285 2.34747
-0.157338 -0.747359 2.26508
-0.0376581 -0.0413761 2.20706
-0.0490285 -0.372027 2.29615
-0.0612185 -0.665785 2.34761
-0.0457925 -0.737384 2.27008
-0.115082 0.467415 2.16858
-0.521782 -0.120041 2.13873
-0.471894 -0.0588243 2.08785
0.291637 -0.116364 2.217
0.233543 -0.0430179 2.16117
-0.109385 -0.04367 2.23642
-0.113199 0.251815 2.20165
-0.116999 0.536935 2.15428
-0.100414 0.681742 2.13062
-0.269197 0.417864 2.12986
-0.349138 0.181667 2.14989
-0.454506 -0.0104492 2.14313
-0.472164 -0.0480996 2.12368
0.0488386 0.417841 2.17324
0.11606 0.179804 2.22961
0.229124 -0.00767226 2.23566
0.245287 -0.0318279 2.21609
-0.177269 -0.0448849 2.19303
-0.173102 -0.357618 2.29234
-0.160126 -0.672958 2.34704
-0.158283 -0.74776 2.26448
-0.0381718 -0.0410541 2.20819
-0.049208 -0.372186 2.29897
-0.0580843 -0.65904 2.34958
-0.04618 -0.737503 2.26938
-0.116136 0.467137 2.16837
-0.513083 -0.12446 2.13073
-0.460772 -0.0526875 2.08354
0.29147 -0.110487 2.22675
0.238868 -0.0418825 2.16962
-0.109572 -0.0435213 2.23681
-0.113744 0.251776 2.20198
-0.117922 0.536669 2.15459
-0.100704 0.681572 2.13041
-0.269401 0.417646 2.12858
-0.348322 0.180946 2.14881
-0.45258 -0.0118429 2.13953
-0.467649 -0.0485944 2.11867
0.0479066 0.418469 2.17476
0.115451 0.180399 2.23388
0.229169 -0.00649528 2.24166
0.245919 -0.034207 2.22358
-0.177373 -0.0447727 2.19306
-0.17341 -0.356425 2.29197
-0.160184 -0.672808 2.34682
-0.158783 -0.747602 2.26513
-0.038426 -0.0408869 2.20911
-0.0475373 -0.370737 2.30035
-0.0599871 -0.662786 2.34914
-0.0464437 -0.737137 2.26946
-0.116964 0.466929 2.16867
-0.512504 -0.127915 2.12392
-0.459024 -0.0626812 2.07838
0.292156 -0.112892 2.23634
0.236185 -0.0415555 2.17592
