0.0341919 0.179701 2.30545
0.0544953 0.4465 2.18806
0.0738057 0.70349 2.0599
0.109052 0.858047 2.01322
-0.0807097 0.635958 2.10842
-0.162996 0.382733 2.19242
-0.234136 0.152036 2.22012
-0.24655 0.134264 2.23342
0.241426 0.613083 2.11561
0.262845 0.346307 2.20038
0.25597 0.102762 2.21235
0.235412 0.0613365 2.22612
-0.040449 0.184236 2.26921
-0.122182 -0.220653 2.34487
-0.167757 -0.578295 2.47189
-0.195233 -0.639889 2.40769
0.107773 0.169756 2.27191
0.110381 -0.226112 2.35402
0.084363 -0.59484 2.42415
0.071324 -0.671966 2.33087
0.0691255 0.640764 2.09392
-0.274705 0.0353367 2.26524
-0.175514 0.150363 2.2295
0.234818 -0.0290319 2.24715
0.200311 0.0870855 2.23042
-0.0021336 0.180984 2.31292
0.0176109 0.451116 2.1992
0.0366627 0.71139 2.07452
0.0705205 0.866776 2.03215
-0.117587 0.635246 2.11481
-0.197397 0.374522 2.198
-0.26478 0.142917 2.22645
-0.268697 0.126885 2.2411
0.196147 0.620893 2.13817
0.227053 0.356587 2.21542
0.227737 0.112465 2.2215
0.207666 0.0720825 2.23683
-0.0760157 0.183525 2.27404
-0.161034 -0.218248 2.37288
-0.213285 -0.567557 2.50498
-0.226674 -0.636431 2.4303
0.0717338 0.173031 2.28204
0.0979555 -0.219777 2.35518
0.0813643 -0.593555 2.42495
0.0717745 -0.671495 2.33105
0.031998 0.647845 2.10768
-0.293282 0.0247221 2.27414
-0.209095 0.135603 2.24312
0.21299 -0.0159292 2.25759
0.183148 0.0520233 2.21966
-0.0389704 0.184034 2.32828
-0.0221557 0.455352 2.21307
-0.00592319 0.716843 2.08696
0.0278952 0.872251 2.0482
-0.161077 0.634513 2.12206
-0.239699 0.367188 2.2009
-0.288504 0.130752 2.22814
-0.295997 0.115697 2.24165
0.151776 0.628871 2.15825
0.18726 0.365019 2.24212
0.192018 0.120689 2.24356
0.17715 0.0539158 2.26035
-0.111249 0.18403 2.28716
-0.184312 -0.209537 2.40581
-0.222695 -0.562275 2.51801
-0.22986 -0.635637 2.43203
0.034325 0.178654 2.29977
0.0727099 -0.221321 2.36141
0.0766654 -0.592056 2.42321
0.0710158 -0.672146 2.3313
-0.00991343 0.65299 2.12047
-0.316643 0.0131926 2.26697
-0.236348 0.127572 2.24523
0.182161 0.000578171 2.2632
0.1453 0.066254 2.25547
-0.0748097 0.192673 2.34937
-0.0648607 0.463741 2.23069
-0.0552859 0.724876 2.10077
-0.0217082 0.88096 2.06473
-0.208474 0.637689 2.12995
-0.29329 0.372644 2.20477
-0.347994 0.135242 2.2127
-0.363493 0.113919 2.21759
0.105753 0.638166 2.17663
0.140891 0.382016 2.26758
0.154961 0.138679 2.27761
0.154821 0.0703957 2.29592
-0.146117 0.190266 2.30594
-0.210418 -0.198481 2.42833
-0.233694 -0.552458 2.5293
-0.237222 -0.632117 2.43906
-0.00138893 0.189551 2.32328
0.0384772 -0.224121 2.37766
0.0578738 -0.588672 2.42865
0.0637537 -0.669252 2.33989
-0.0576707 0.661126 2.13527
-0.376821 0.0227696 2.24376
-0.323775 0.118184 2.22567
0.168004 0.000552394 2.31297
0.126287 0.05225 2.29138
-0.0928951 0.196147 2.35344
-0.0860266 0.469124 2.23691
-0.0790749 0.732319 2.10953
-0.0468972 0.888177 2.07563
-0.231281 0.641573 2.13757
-0.321058 0.38803 2.20534
-0.379665 0.150908 2.20189
-0.406466 0.117617 2.20471
0.0853959 0.646061 2.18726
0.126293 0.379474 2.27685
0.151319 0.137754 2.29344
0.158753 0.101643 2.31148
-0.164935 0.193425 2.31034
-0.219952 -0.192606 2.42942
-0.236418 -0.553311 2.53206
-0.238965 -0.630647 2.44133
-0.0181199 0.193094 2.32689
0.0103166 -0.214207 2.3958
0.0198721 -0.577281 2.47979
0.0189937 -0.655573 2.41963
-0.080859 0.668037 2.14335
-0.422669 0.0290906 2.22578
-0.375732 0.102066 2.21411
0.178753 0.0112974 2.34476
0.12308 0.106488 2.30093
-0.107638 0.197631 2.35348
-0.100773 0.47214 2.24035
-0.0937821 0.736745 2.11652
-0.0645417 0.893551 2.08619
-0.249893 0.645172 2.14847
-0.33813 0.39594 2.20624
-0.404081 0.16071 2.19821
-0.429843 0.127735 2.19819
0.0716837 0.651903 2.19295
0.120232 0.384131 2.27899
0.162495 0.145923 2.30339
0.180061 0.105013 2.32142
-0.179121 0.195113 2.31191
-0.227392 -0.192469 2.43018
-0.237465 -0.552546 2.53329
-0.238789 -0.629933 2.44228
-0.0330547 0.194323 2.32532
-0.0068858 -0.200697 2.4173
0.00268872 -0.56631 2.51198
0.0121023 -0.647756 2.43907
-0.0955914 0.672122 2.14943
-0.451135 0.0317161 2.21454
-0.386294 0.144755 2.21362
0.202192 0.0221342 2.35818
0.141802 0.111486 2.3125
-0.115099 0.199142 2.354
-0.108853 0.474536 2.24333
-0.10245 0.739962 2.12208
-0.0755943 0.897715 2.09391
-0.2587 0.647785 2.15219
-0.347789 0.398931 2.20862
-0.417016 0.164673 2.19961
-0.441488 0.130621 2.20553
0.0632603 0.655101 2.19671
0.118778 0.394327 2.27822
0.175479 0.158797 2.30028
0.194863 0.111574 2.30874
-0.186964 0.196771 2.31266
-0.23108 -0.186222 2.42801
-0.238686 -0.552986 2.53456
-0.240287 -0.630155 2.44402
-0.039868 0.195636 2.32563
-0.00556471 -0.201668 2.42265
0.00910343 -0.566677 2.51596
0.011821 -0.6492 2.43398
-0.104126 0.675137 2.15434
-0.465516 0.0349514 2.22277
-0.39037 0.163691 2.1951
0.223447 0.0269285 2.35399
0.180087 0.059383 2.32214
-0.120126 0.19835 2.35178
-0.114222 0.475217 2.24345
-0.108874 0.742267 2.12454
-0.0827294 0.900085 2.098
-0.264627 0.647503 2.15176
-0.35225 0.398029 2.20929
-0.422928 0.164397 2.20718
-0.439675 0.127571 2.22156
0.0570793 0.65658 2.19767
0.117465 0.399752 2.27618
0.182229 0.164768 2.28485
0.192989 0.116639 2.28143
-0.192194 0.195659 2.30985
-0.232706 -0.183242 2.42615
-0.239039 -0.553473 2.53529
-0.24056 -0.630185 2.44412
-0.0445653 0.195152 2.32395
-0.00583867 -0.203375 2.42433
0.0105956 -0.566527 2.51343
0.0117804 -0.650216 2.43331
-0.110246 0.676997 2.15617
-0.46536 0.0362836 2.24025
-0.39398 0.139459 2.21627
0.22418 0.0286823 2.31513
0.151244 0.134211 2.29263
-0.12161 0.197597 2.34779
-0.116265 0.475582 2.24258
-0.112101 0.7437 2.12579
-0.0861806 0.901516 2.10011
-0.267562 0.647482 2.15117
-0.354101 0.396007 2.20791
-0.423649 0.162341 2.21167
-0.438157 0.122987 2.2248
0.0545228 0.657896 2.19781
0.115763 0.398981 2.27403
0.179496 0.163226 2.27592
0.185057 0.118171 2.27094
-0.193663 0.194676 2.30559
-0.233246 -0.18281 2.42478
-0.239165 -0.553702 2.53577
-0.241163 -0.629692 2.44616
-0.0459998 0.194644 2.32022
-0.0059189 -0.204249 2.42431
0.00984441 -0.566802 2.51765
0.0119655 -0.649367 2.4359
-0.113084 0.678114 2.15681
-0.46366 0.0320503 2.25101
-0.389908 0.147608 2.21222
0.213698 0.0230414 2.30652
0.135636 0.149717 2.27978
-0.120563 0.195956 2.34105
-0.117303 0.475627 2.23997
-0.113674 0.744512 2.12541
-0.0895224 0.902979 2.10199
-0.269745 0.647527 2.14995
-0.354308 0.393494 2.20577
-0.423625 0.159903 2.21151
-0.437364 0.118456 2.21838
0.0522252 0.65845 2.19654
0.11337 0.396092 2.27092
0.176191 0.16003 2.27166
0.177628 0.120608 2.27101
-0.192183 0.192669 2.29863
-0.232915 -0.181905 2.423
-0.239583 -0.554255 2.53575
-0.241199 -0.629567 2.44687
-0.0453681 0.193391 2.31375
-0.00556706 -0.205838 2.42389
0.00932253 -0.564259 2.51547
0.0121225 -0.64936 2.43565
-0.114506 0.67875 2.15607
-0.455069 0.0246475 2.25071
-0.391382 0.140424 2.20453
0.207732 0.0286063 2.29587
0.127474 0.147303 2.27331
-0.121022 0.194558 2.33604
-0.118769 0.475702 2.23666
-0.115864 0.745941 2.12439
-0.0927434 0.904667 2.10315
-0.271797 0.646631 2.14805
-0.355286 0.388334 2.20233
-0.426556 0.155188 2.20534
-0.442079 0.11574 2.20598
0.0506589 0.658853 2.19305
0.111375 0.395596 2.26532
0.175486 0.160095 2.26974
0.181288 0.121439 2.27408
-0.192379 0.191327 2.29427
-0.231392 -0.179946 2.42001
-0.24023 -0.552944 2.53581
-0.241094 -0.629553 2.44675
-0.0460837 0.191982 2.30807
-0.00484235 -0.204148 2.42204
0.00896937 -0.562649 2.51483
0.0119139 -0.649303 2.43462
-0.116552 0.679885 2.15455
-0.459931 0.0246615 2.22922
-0.391954 0.147599 2.19018
0.211238 0.0293073 2.30274
0.134406 0.142979 2.28244
-0.121049 0.194348 2.33378
-0.119495 0.475838 2.23508
-0.117263 0.746571 2.12382
-0.0945137 0.905471 2.10401
-0.274181 0.646241 2.14683
-0.355996 0.387773 2.20067
-0.428918 0.154918 2.19908
-0.445494 0.116234 2.19939
0.0499525 0.659607 2.19153
0.11173 0.397459 2.26318
0.176215 0.162131 2.26877
0.188645 0.121959 2.27497
-0.192353 0.191092 2.29185
-0.230216 -0.178103 2.41793
-0.240359 -0.552662 2.53558
-0.241264 -0.630104 2.44654
-0.0461475 0.191773 2.30595
-0.00383558 -0.203564 2.42072
0.00871326 -0.561648 2.51507
0.011963 -0.648985 2.435
-0.117809 0.680398 2.15372
-0.465878 0.023655 2.22552
-0.392171 0.145241 2.19249
0.219679 0.0364567 2.29937
0.155 0.119693 2.267
-0.120608 0.194064 2.33272
-0.119879 0.475528 2.2338
-0.118669 0.746301 2.12264
-0.0956645 0.905528 2.10414
-0.275838 0.645802 2.1454
-0.359036 0.385792 2.19812
-0.432759 0.153152 2.19502
-0.449866 0.114482 2.1992
0.0491925 0.660121 2.1909
0.11222 0.398879 2.26264
0.17909 0.164367 2.27013
0.192821 0.127198 2.27915
-0.19197 0.190683 2.29061
-0.229848 -0.177548 2.41723
-0.240507 -0.552219 2.53526
-0.241194 -0.629882 2.44698
-0.0456615 0.191618 2.30504
-0.00360027 -0.202277 2.41844
0.00860725 -0.561552 2.51515
0.0115929 -0.64898 2.43413
-0.118977 0.680135 2.15248
-0.471021 0.0232096 2.22118
-0.397642 0.143724 2.18591
0.225261 0.041853 2.30673
0.161791 0.112264 2.2775
-0.118633 0.194212 2.33293
-0.120162 0.475285 2.23275
-0.121822 0.745348 2.11914
-0.0968711 0.904912 2.10268
-0.27769 0.643427 2.13974
-0.361024 0.385603 2.19354
-0.43377 0.15272 2.19245
-0.450135 0.108653 2.19886
0.0481353 0.660371 2.19005
0.11157 0.399967 2.26512
0.182266 0.166787 2.2748
0.192884 0.135871 2.28552
-0.190501 0.190334 2.29052
-0.229045 -0.176744 2.41647
-0.240544 -0.552047 2.53512
-0.241417 -0.630098 2.44668
-0.0429955 0.192427 2.30561
-0.00317978 -0.205635 2.41468
0.00876472 -0.564248 2.51637
0.0106867 -0.648774 2.43438
-0.121234 0.679426 2.1497
-0.468858 0.019747 2.22546
-0.397549 0.135587 2.18
0.227629 0.0476899 2.3066
0.144108 0.150983 2.27183
-0.107849 0.194698 2.34014
-0.116694 0.473981 2.23189
-0.121561 0.741964 2.11196
-0.0964486 0.900409 2.09703
-0.273334 0.634775 2.12471
-0.361148 0.379674 2.1823
-0.430051 0.146009 2.18822
-0.442503 0.0986944 2.19525
0.0478428 0.660533 2.18829
0.113862 0.404963 2.27658
0.188759 0.173816 2.29278
0.20443 0.142849 2.30701
-0.180613 0.188978 2.29617
-0.224038 -0.178488 2.41596
-0.240384 -0.551984 2.53492
-0.241294 -0.629896 2.44655
-0.0317606 0.194793 2.31453
0.00122502 -0.217079 2.39428
0.0097481 -0.568905 2.50194
0.0130487 -0.64678 2.42921
-0.120214 0.67672 2.14447
-0.463216 0.0101879 2.22684
-0.388526 0.120179 2.18833
0.239523 0.0595076 2.33306
0.179676 0.115795 2.30653
-0.0895444 0.195732 2.34282
-0.101499 0.471897 2.22909
-0.11113 0.737843 2.10455
-0.0830986 0.895729 2.09075
-0.257972 0.629936 2.11498
-0.340803 0.374353 2.16959
-0.411146 0.141111 2.17567
-0.41862 0.0926721 2.18297
0.0588052 0.661347 2.1862
0.12958 0.40673 2.28813
0.211903 0.179001 2.31018
0.231702 0.149709 2.32443
-0.161473 0.189185 2.29792
-0.214705 -0.174436 2.41173
-0.239765 -0.551849 2.53485
-0.240978 -0.629693 2.44612
-0.0148416 0.19648 2.31796
0.0347827 -0.214782 2.38227
0.0645895 -0.566747 2.47848
0.0819379 -0.639606 2.41979
-0.108887 0.672983 2.13789
-0.439803 0.00444143 2.21439
-0.365745 0.117741 2.16711
0.267553 0.0626384 2.3588
0.205307 0.126926 2.32407
-0.061042 0.194198 2.33989
-0.0680027 0.468159 2.22502
-0.0735852 0.73176 2.09921
-0.0457029 0.891445 2.08624
-0.225805 0.62613 2.10589
-0.311278 0.370169 2.15963
-0.375034 0.134458 2.15741
-0.380985 0.0921957 2.16364
0.0910574 0.658817 2.18671
0.165535 0.400967 2.29637
0.256163 0.17728 2.32269
0.273718 0.151324 2.33426
-0.132019 0.187436 2.29274
-0.198608 -0.172529 2.405
-0.236119 -0.553802 2.5375
-0.240845 -0.630298 2.44517
0.0117659 0.195169 2.31721
0.0985473 -0.209369 2.38056
0.173728 -0.583797 2.4758
0.19716 -0.64675 2.40638
-0.0723531 0.66744 2.13268
-0.399851 -0.00195232 2.19108
-0.329467 0.119977 2.14775
0.307335 0.0622133 2.37815
0.22394 0.164094 2.325
-0.0199063 0.183688 2.33439
-0.0276245 0.460469 2.22144
-0.0340315 0.726888 2.09704
0.0151102 0.884115 2.08452
-0.172774 0.616919 2.09868
-0.267316 0.353873 2.14816
-0.33736 0.119838 2.14018
-0.334725 0.0891602 2.1454
0.139641 0.64516 2.18693
0.213262 0.387956 2.30052
0.300895 0.163777 2.32991
0.320726 0.137443 2.3392
-0.092063 0.177302 2.28412
-0.17453 -0.164022 2.39365
-0.232922 -0.554305 2.535
-0.240739 -0.632509 2.44038
0.0529652 0.184532 2.31489
0.169603 -0.198258 2.37246
0.270509 -0.570817 2.46974
0.310727 -0.65205 2.39645
-0.0325532 0.661861 2.13016
-0.35595 -0.00667931 2.1749
-0.290366 0.113816 2.13503
0.354847 0.0483842 2.38224
0.264821 0.159408 2.3365
0.0632931 0.155833 2.32737
0.0721861 0.433332 2.21853
0.0803438 0.700951 2.09863
0.133183 0.864026 2.08612
-0.0674756 0.594464 2.0961
-0.167593 0.341559 2.14124
-0.256742 0.114158 2.12474
-0.259755 0.0773673 2.12694
0.241903 0.614759 2.18921
0.303125 0.355559 2.30966
0.385337 0.128088 2.32934
0.404573 0.109006 2.33019
-0.00938782 0.153599 2.27527
-0.135965 -0.158662 2.37893
-0.227233 -0.55623 2.53231
-0.235944 -0.632342 2.44005
0.134078 0.153405 2.30964
0.256703 -0.211456 2.36047
0.364723 -0.556286 2.43872
0.382655 -0.610602 2.33896
0.078425 0.635566 2.13061
-0.279575 -0.01408 2.14723
-0.206553 0.110188 2.14433
0.434541 0.0229234 2.35832
0.352541 0.134586 2.33664
0.139497 0.133251 2.32096
0.161217 0.412738 2.21459
0.181566 0.682356 2.09703
0.245125 0.844994 2.08665
0.0406645 0.574107 2.09267
-0.0822798 0.326758 2.13868
-0.181757 0.10382 2.11632
-0.180441 0.0817292 2.12074
0.338758 0.591437 2.19078
0.389412 0.326118 2.30871
0.470977 0.0967741 2.30722
0.484189 0.0730801 2.30133
0.0656018 0.133455 2.26789
-0.0752197 -0.15744 2.36693
-0.208298 -0.543381 2.51975
-0.236429 -0.624725 2.46257
0.209228 0.129019 2.30424
0.318006 -0.241592 2.34743
0.391003 -0.593516 2.44178
0.410427 -0.647492 2.34293
0.176707 0.616465 2.12844
-0.212647 -0.0097884 2.13063
-0.134848 0.0984347 2.13112
0.511647 -0.0155707 2.31755
0.447243 0.0863475 2.32373
0.227617 0.135747 2.32689
0.258207 0.415294 2.21635
0.287168 0.684988 2.09455
0.354887 0.841631 2.08575
0.145365 0.576514 2.0851
0.00138507 0.322336 2.1388
-0.0986704 0.0993073 2.12012
-0.106045 0.0632713 2.13096
0.433553 0.587556 2.19566
0.467048 0.321107 2.30531
0.5304 0.0870055 2.27076
0.549223 0.0650742 2.25607
0.153992 0.137831 2.27068
0.00724634 -0.157093 2.35144
-0.165611 -0.527622 2.5034
-0.217283 -0.611153 2.44658
0.294414 0.129587 2.31357
0.366501 -0.236349 2.33389
0.414243 -0.609696 2.44946
0.427815 -0.676318 2.39643
0.280258 0.619071 2.12701
-0.128727 0.00540935 2.13427
-0.0801774 0.0465528 2.1495
0.572588 -0.0162476 2.26124
0.524504 0.0600054 2.2832
0.312306 0.150878 2.33239
0.350254 0.427639 2.2188
0.385122 0.694433 2.09435
0.460046 0.850121 2.08464
0.242601 0.593671 2.08697
0.096608 0.338548 2.12985
0.000970618 0.113242 2.12556
0.00382015 0.108051 2.12836
0.536093 0.592389 2.18919
0.554544 0.330573 2.29529
0.597743 0.0983738 2.22439
0.606848 0.0996829 2.21101
0.237868 0.155021 2.27726
0.078662 -0.187772 2.33685
-0.0697163 -0.538735 2.47267
-0.129494 -0.619523 2.42466
0.377432 0.14228 2.31827
0.409396 -0.237654 2.34811
0.421362 -0.60864 2.45164
0.431064 -0.677185 2.39923
0.376915 0.629246 2.12743
-0.0244261 0.0255796 2.14602
0.0461847 0.108262 2.13813
0.626547 0.0131562 2.18656
0.583375 0.100067 2.251
0.35705 0.156907 2.33002
0.40005 0.434664 2.21863
0.439501 0.702473 2.0965
0.515763 0.858753 2.08563
0.291757 0.604625 2.09274
0.138925 0.351629 2.13542
0.0442884 0.125761 2.11798
0.0477857 0.112132 2.12205
0.577218 0.59223 2.18724
0.604491 0.350114 2.2903
0.640747 0.120556 2.20612
0.643974 0.117835 2.19044
0.281714 0.163646 2.27654
0.14254 -0.204081 2.31368
-0.000854004 -0.555531 2.47713
-0.0416231 -0.629967 2.42578
0.421806 0.14552 2.31446
0.431392 -0.233997 2.36248
0.422198 -0.599165 2.46072
0.43404 -0.676184 2.40655
0.430223 0.637031 2.12898
0.0243194 0.0376522 2.13665
0.0407877 0.0533269 2.10325
0.659664 0.0309967 2.1571
0.620274 0.11638 2.22973
0.383802 0.157397 2.32731
0.430845 0.436753 2.2191
0.474283 0.706199 2.10037
0.555968 0.860456 2.08922
0.328014 0.610518 2.09792
0.169046 0.361175 2.14052
0.0734182 0.135933 2.11649
0.0747451 0.118168 2.12195
0.620894 0.593289 2.19286
0.641796 0.349184 2.28889
0.674179 0.125134 2.18819
0.677888 0.123191 2.17435
0.308347 0.166145 2.27329
0.210125 -0.22838 2.30946
0.100737 -0.54973 2.48136
0.0799946 -0.626777 2.42409
0.447897 0.14402 2.31245
0.44547 -0.236545 2.37131
0.422204 -0.597911 2.46694
0.435461 -0.676895 2.40902
0.464035 0.64034 2.13197
0.056066 0.0415308 2.13654
0.093265 0.0978793 2.11381
0.690051 0.0427697 2.13217
0.654065 0.123517 2.21991
0.410728 0.156408 2.3281
0.457445 0.437521 2.22135
0.500336 0.7087 2.10395
0.583542 0.862951 2.09473
0.354166 0.612153 2.09807
0.190268 0.361604 2.14082
0.0914996 0.137441 2.12153
0.0828654 0.101481 2.13773
0.634977 0.593247 2.19469
0.657532 0.346017 2.29148
0.694073 0.124231 2.18715
0.70021 0.121297 2.17503
0.336252 0.164651 2.2731
0.26351 -0.255593 2.31614
0.169465 -0.568353 2.47528
0.164941 -0.647934 2.42369
0.473078 0.143526 2.31431
0.461818 -0.244551 2.3829
0.425943 -0.599711 2.47246
0.436886 -0.681277 2.40633
0.490254 0.642409 2.13522
0.0733399 0.0454875 2.14808
0.107659 0.104838 2.11553
0.715532 0.0459456 2.13443
0.67402 0.121619 2.2165
0.44132 0.154566 2.32713
0.484274 0.437308 2.22319
0.52351 0.709997 2.10835
0.604414 0.863658 2.10055
0.377117 0.612891 2.10114
0.21164 0.360007 2.1399
0.115962 0.134306 2.12759
0.115889 0.120379 2.13697
0.668171 0.598681 2.20557
0.668611 0.339402 2.29777
0.709134 0.118271 2.19374
0.709667 0.124611 2.19494
0.366297 0.160893 2.27123
0.307471 -0.266178 2.32875
0.20086 -0.575806 2.47286
0.19852 -0.653016 2.42269
0.503312 0.143687 2.31443
0.480575 -0.252892 2.39441
0.43686 -0.595326 2.47478
0.438345 -0.682529 2.40884
0.514333 0.643337 2.139
0.092891 0.0459935 2.15542
0.172534 0.14791 2.124
0.724591 0.0458831 2.15273
0.688114 0.11669 2.23246
0.454552 0.154226 2.32575
0.496055 0.437471 2.22469
0.533961 0.710594 2.1128
0.614937 0.864671 2.10412
0.387444 0.612665 2.10394
0.22816 0.360109 2.14201
0.130394 0.135325 2.12532
0.131017 0.117433 2.134
0.677584 0.596438 2.20757
0.677122 0.338923 2.30344
0.716544 0.113991 2.2082
0.714345 0.123202 2.20498
0.378762 0.160833 2.26905
0.322949 -0.266489 2.30084
0.205546 -0.582245 2.46554
0.219508 -0.651827 2.40993
0.516937 0.143088 2.31393
0.498703 -0.245573 2.38986
0.440518 -0.596657 2.47951
0.439578 -0.683421 2.40866
0.525111 0.643825 2.1427
0.109121 0.0402058 2.15646
0.192865 0.149565 2.12414
0.726548 0.0460253 2.16225
0.690512 0.122549 2.24908
0.46103 0.156457 2.32558
0.502792 0.439202 2.2268
0.541122 0.711953 2.11785
0.619758 0.866515 2.10796
0.393502 0.614293 2.10922
0.236607 0.361341 2.14516
0.140011 0.13621 2.12409
0.139848 0.121152 2.12972
0.694747 0.601263 2.21494
0.6889 0.343373 2.30719
0.721617 0.117294 2.21195
0.722737 0.127534 2.20717
0.385156 0.163696 2.26982
0.338218 -0.258657 2.23904
0.238164 -0.552086 2.3866
0.287918 -0.638012 2.36252
0.52355 0.144745 2.31279
0.501025 -0.280345 2.39428
0.438355 -0.610357 2.47661
0.440538 -0.68346 2.41046
0.532169 0.645276 2.14694
0.117315 0.041173 2.14684
0.188842 0.144101 2.11125
0.73302 0.0490185 2.16714
0.696925 0.125108 2.24918
0.471731 0.163884 2.32606
0.508968 0.444331 2.23094
0.543877 0.715806 2.12615
0.622529 0.870696 2.11238
0.396342 0.618391 2.12387
0.249849 0.371435 2.1535
0.150839 0.147631 2.12696
0.140647 0.123557 2.13414
0.699636 0.605915 2.21527
0.706361 0.352507 2.30781
0.733512 0.126694 2.20978
0.734425 0.138112 2.19835
0.392962 0.171455 2.27219
0.349035 -0.247757 2.15599
0.240515 -0.558087 2.25988
0.220762 -0.618426 2.18934
0.53706 0.151586 2.31131
0.50911 -0.296056 2.39453
0.434369 -0.619661 2.46748
0.440241 -0.686416 2.41007
0.53579 0.649348 2.15412
0.120096 0.0444768 2.14146
0.186027 0.149926 2.112
0.744508 0.0623776 2.15594
0.710429 0.135276 2.243
0.478147 0.166451 2.32414
0.511881 0.446858 2.23407
0.543521 0.71892 2.13639
0.614331 0.87826 2.11936
0.392289 0.619975 2.13993
0.257134 0.37691 2.16843
0.157467 0.153836 2.13669
0.144924 0.123573 2.14638
0.703703 0.611821 2.21769
0.716879 0.357647 2.30767
0.744533 0.135403 2.20126
0.740077 0.142281 2.19035
0.396251 0.173698 2.27152
0.341276 -0.252708 2.10877
0.258894 -0.570856 2.11083
0.248657 -0.640625 2.01563
0.546575 0.154317 2.30804
0.517166 -0.272166 2.38154
0.435625 -0.639601 2.45849
0.444184 -0.703138 2.3947
0.536469 0.652337 2.16229
0.118683 0.0443192 2.15626
0.201236 0.150047 2.14117
0.748657 0.0708394 2.15214
0.712791 0.144029 2.228
0.485508 0.162555 2.32145
0.514067 0.446174 2.23722
0.541224 0.719672 2.14638
0.606811 0.879348 2.12564
0.389164 0.618942 2.15523
0.257309 0.364938 2.18594
0.157549 0.142237 2.15183
0.148746 0.123299 2.16542
0.704525 0.614676 2.22035
0.727656 0.363592 2.3113
0.744657 0.14216 2.20041
0.744782 0.140056 2.18376
0.404081 0.169738 2.27046
0.325237 -0.240227 2.09494
0.2727 -0.555395 1.99525
0.267759 -0.60837 1.87434
0.552998 0.150528 2.304
0.51048 -0.288325 2.38637
0.452578 -0.624692 2.44835
0.448792 -0.692774 2.38598
0.535451 0.652678 2.1705
0.122121 0.0413966 2.16621
0.199315 0.144578 2.15607
0.752931 0.0707447 2.14661
0.719297 0.137188 2.218
0.487509 0.158082 2.31873
0.513964 0.443866 2.23962
0.536834 0.71826 2.15412
0.598257 0.878271 2.13073
0.385438 0.615633 2.16082
0.255035 0.357283 2.19657
0.153863 0.134409 2.17276
0.144481 0.118848 2.18996
0.69863 0.61394 2.22254
0.730038 0.363969 2.31046
0.75036 0.144195 2.19674
0.747216 0.140214 2.18081
0.406145 0.166246 2.26859
0.318359 -0.226737 2.08037
0.277518 -0.536817 1.96715
0.271131 -0.593445 1.84878
0.554562 0.145172 2.30038
0.513321 -0.281571 2.38233
0.471682 -0.596437 2.44202
0.457224 -0.692786 2.38286
0.532029 0.650965 2.17709
0.118318 0.0343836 2.20141
0.188423 0.128228 2.1735
0.753247 0.0666477 2.13409
0.724617 0.142813 2.2305
0.486928 0.157795 2.31714
0.512494 0.443691 2.23976
0.533365 0.718642 2.15508
0.591744 0.8791 2.13128
0.381288 0.616041 2.16298
0.253458 0.358245 2.19955
0.150968 0.135602 2.18585
0.135612 0.118761 2.19751
0.697395 0.616238 2.22345
0.7299 0.364337 2.30918
0.749644 0.144579 2.1953
0.742103 0.139499 2.17983
0.405678 0.166026 2.26802
0.315904 -0.229144 2.07797
0.265256 -0.544886 1.97784
0.260269 -0.595673 1.85534
0.553883 0.144926 2.29727
0.511992 -0.276342 2.3793
0.457738 -0.608346 2.44363
0.452729 -0.695004 2.38367
0.528911 0.651249 2.17796
0.106768 0.0388552 2.2064
0.152288 0.0774957 2.20975
0.749945 0.0676565 2.13719
0.71386 0.148566 2.22207
0.483154 0.155703 2.31446
0.507367 0.442417 2.23812
0.527053 0.71858 2.15288
0.58214 0.879486 2.12856
0.375463 0.61471 2.16107
0.248372 0.358565 2.19977
0.147295 0.135269 2.18972
0.128227 0.121328 2.19308
0.688351 0.61307 2.21741
0.72741 0.363542 2.30512
0.745829 0.144151 2.1902
0.736205 0.13722 2.17225
0.401907 0.163922 2.26645
0.305538 -0.234768 2.09459
0.249072 -0.56132 2.00544
0.244769 -0.615859 1.88565
0.550098 0.142872 2.29365
0.506526 -0.279318 2.38117
0.455818 -0.60855 2.44718
0.450446 -0.693049 2.38399
0.522816 0.650949 2.17602
0.100195 0.03734 2.20594
0.183243 0.145743 2.17617
0.741997 0.0629285 2.13268
0.707516 0.134464 2.19067
0.476905 0.156446 2.31324
0.499682 0.442482 2.23557
0.517807 0.718084 2.1473
0.572203 0.878212 2.12245
0.366097 0.614951 2.15721
0.24235 0.359851 2.1986
0.140883 0.136765 2.19147
0.12109 0.121374 2.19386
0.677694 0.612595 2.20701
0.721479 0.363696 2.29731
0.74014 0.142107 2.18705
0.727111 0.133911 2.16736
0.394591 0.165019 2.26641
0.293133 -0.236624 2.12373
0.226429 -0.573827 2.05621
0.218105 -0.633655 1.9406
0.54486 0.143292 2.29152
0.501328 -0.272783 2.38119
0.439857 -0.612489 2.45783
0.445688 -0.688794 2.39187
0.513951 0.650673 2.17134
0.0943265 0.0313591 2.21003
0.157741 0.107428 2.2022
0.732896 0.0603445 2.1294
0.70014 0.14048 2.2216
0.462702 0.158299 2.31364
0.485463 0.441887 2.22941
0.503412 0.714903 2.1331
0.556554 0.875976 2.10909
0.35128 0.614957 2.14901
0.231404 0.359041 2.19677
0.128564 0.136597 2.18922
0.107711 0.122232 2.1893
0.664695 0.614135 2.19166
0.712739 0.362461 2.28514
0.725692 0.13913 2.17762
0.711781 0.130006 2.15963
0.380135 0.165287 2.26831
0.2679 -0.241085 2.15479
0.188531 -0.597464 2.10834
0.182618 -0.648044 1.98585
0.531318 0.146631 2.29046
0.496453 -0.263691 2.3797
0.434723 -0.603781 2.46578
0.442703 -0.688021 2.39779
0.49955 0.648205 2.15931
0.0801796 0.0331611 2.19801
0.166351 0.145304 2.16961
0.715518 0.0563561 2.12341
0.679803 0.102919 2.14115
0.428586 0.161584 2.31576
0.455492 0.442696 2.22022
0.477992 0.71371 2.11366
0.525557 0.873619 2.08972
0.327436 0.614133 2.13442
0.206879 0.364207 2.19129
0.101394 0.143139 2.18843
0.0777943 0.126157 2.19517
0.645016 0.614363 2.17246
0.693603 0.366719 2.26747
0.694938 0.140883 2.16443
0.681105 0.129787 2.14642
0.347745 0.168918 2.27208
0.227991 -0.229749 2.19549
0.11302 -0.589232 2.18835
0.0874023 -0.661133 2.09961
0.496652 0.149452 2.29079
0.481281 -0.242373 2.37356
0.431816 -0.604057 2.46877
0.441159 -0.68685 2.40586
0.473009 0.647479 2.14231
0.0498787 0.0388938 2.20804
0.134693 0.152478 2.17714
0.683345 0.0570044 2.11591
0.67624 0.0549127 2.13825
0.402985 0.166273 2.31453
0.426686 0.445805 2.21214
0.44676 0.715169 2.09824
0.493036 0.875863 2.07823
0.297593 0.614685 2.12264
0.181568 0.369309 2.1856
0.0723774 0.15057 2.19144
0.0471811 0.129573 2.19801
0.616818 0.616197 2.15848
0.665039 0.365994 2.25547
0.662658 0.139047 2.15494
0.649448 0.128576 2.13633
0.323275 0.173414 2.27329
0.174705 -0.223748 2.22524
0.0487064 -0.575519 2.27219
0.0137634 -0.652832 2.20508
0.470562 0.154184 2.28692
0.470677 -0.237832 2.37164
0.430564 -0.598122 2.46819
0.440615 -0.685501 2.40535
0.442297 0.649361 2.12874
0.018688 0.0395547 2.21696
0.106599 0.155808 2.173
0.651218 0.0596695 2.1037
0.618601 0.102449 2.1242
0.365956 0.170161 2.31092
0.38497 0.448408 2.20471
0.400499 0.71656 2.08724
0.443226 0.876429 2.07024
0.253735 0.613905 2.11421
0.142797 0.370881 2.18374
0.040108 0.149837 2.19737
0.0108709 0.128019 2.20062
0.571976 0.614153 2.14432
0.621263 0.366857 2.24437
0.621594 0.139387 2.14504
0.60513 0.12875 2.13293
0.285771 0.176826 2.27042
0.121285 -0.205315 2.2557
-0.0372369 -0.566561 2.32838
-0.0847568 -0.646438 2.2551
0.435116 0.158394 2.28246
0.450272 -0.225288 2.36676
0.429966 -0.594729 2.46803
0.44008 -0.682897 2.40706
0.397152 0.651053 2.1186
-0.0221143 0.0386379 2.21732
0.0516993 0.132388 2.191
0.60584 0.0557884 2.09941
0.577047 0.151915 2.17015
0.291756 0.161491 2.30268
0.304862 0.440751 2.19617
0.315206 0.709875 2.07888
0.347586 0.868805 2.06074
0.167461 0.609256 2.10983
0.0660052 0.361916 2.18509
-0.0323887 0.139248 2.19962
-0.062739 0.109531 2.20758
0.480922 0.606468 2.1278
0.535696 0.359894 2.22862
0.538483 0.129752 2.13622
0.522886 0.122409 2.12371
0.212539 0.165475 2.26392
0.045722 -0.182196 2.27924
-0.150131 -0.560827 2.38077
-0.215331 -0.632149 2.31822
0.362127 0.15263 2.27215
0.408758 -0.223915 2.35411
0.425267 -0.598349 2.46327
0.437386 -0.680057 2.40647
0.313046 0.644135 2.11016
-0.0899427 0.0242984 2.22839
-0.0110056 0.137137 2.18289
0.522773 0.0496357 2.0961
0.491448 0.0924464 2.11733
0.211622 0.146329 2.30009
0.219535 0.426552 2.19331
0.225939 0.696722 2.07541
0.249379 0.853734 2.06031
0.0704706 0.598502 2.11502
-0.0224392 0.345412 2.19471
-0.109974 0.118471 2.20885
-0.133686 0.104136 2.21669
0.392305 0.5938 2.12507
0.444922 0.346333 2.22258
0.461187 0.11662 2.13077
0.442226 0.109563 2.11918
0.131959 0.148927 2.26497
-0.024649 -0.188411 2.29789
-0.210298 -0.55571 2.42758
-0.274149 -0.623888 2.36022
0.284711 0.139269 2.26565
0.359739 -0.233641 2.3414
0.414469 -0.602255 2.46046
0.435544 -0.679255 2.40793
0.224598 0.630717 2.10688
-0.165734 0.00722067 2.24338
-0.0878324 0.113333 2.20207
0.443481 0.0374317 2.09087
0.41115 0.101996 2.12827
0.11072 0.126952 2.30666
0.107129 0.403739 2.1969
0.102011 0.670243 2.07549
0.124992 0.831517 2.05968
-0.0496798 0.580842 2.12157
-0.127985 0.32799 2.20268
-0.214865 0.101628 2.2209
-0.23677 0.0845899 2.22865
0.273458 0.576832 2.12144
0.342105 0.330645 2.2213
0.360403 0.100927 2.12988
0.347284 0.093803 2.11891
0.0352492 0.12709 2.27365
-0.115478 -0.225701 2.30684
-0.262898 -0.557564 2.46018
-0.323582 -0.630602 2.40187
0.182867 0.123024 2.26984
0.293576 -0.238969 2.33471
0.398129 -0.599182 2.45379
0.431532 -0.67662 2.40184
0.103493 0.605174 2.10791
-0.271249 -0.0112627 2.25357
-0.189511 0.0968148 2.20533
0.350386 0.0186286 2.09628
0.344444 0.0257999 2.115
0.00878771 0.136666 2.32053
0.000203476 0.410448 2.20014
-0.00826802 0.674413 2.06832
0.00274124 0.827699 2.05469
-0.17357 0.585124 2.12524
-0.244124 0.32293 2.21835
-0.326602 0.0952278 2.23682
-0.343663 0.0747876 2.24398
0.155615 0.581622 2.11573
0.214558 0.335906 2.21326
0.267082 0.10614 2.1385
0.246335 0.0981422 2.12713
-0.0650824 0.135008 2.2873
-0.178019 -0.230199 2.30665
-0.282077 -0.57346 2.45933
-0.323583 -0.632951 2.40186
0.0823495 0.134197 2.28387
0.234973 -0.229134 2.34975
0.364077 -0.555933 2.44024
0.354648 -0.611628 2.33806
-0.00619413 0.60994 2.10331
-0.367434 -0.0189245 2.269
-0.293542 0.0908639 2.24967
0.251367 0.0169549 2.0987
0.215801 0.0751277 2.1207
-0.0778921 0.1731 2.33405
-0.096952 0.445666 2.20506
-0.115702 0.708429 2.06488
-0.115475 0.860926 2.0519
-0.260491 0.606404 2.13093
-0.349591 0.349616 2.23343
-0.441414 0.126163 2.25478
-0.467663 0.0961297 2.26818
0.048829 0.61668 2.1097
0.124105 0.372459 2.2062
0.153845 0.136507 2.1383
0.136765 0.121934 2.12718
-0.150159 0.168345 2.30249
-0.239965 -0.200728 2.33965
-0.309347 -0.574325 2.45927
-0.330052 -0.638863 2.40327
-0.00342283 0.172829 2.29596
0.137689 -0.183639 2.34638
0.265795 -0.527949 2.4361
0.255895 -0.58502 2.3348
-0.111135 0.644274 2.10194
-0.48904 0.0193697 2.28045
-0.488043 0.0570648 2.29889
0.135128 0.0490997 2.10948
0.103611 0.0900785 2.13108
-0.12803 0.196538 2.3374
-0.146625 0.469314 2.21023
-0.163865 0.732118 2.07212
-0.174371 0.882901 2.05994
-0.326526 0.631281 2.14231
-0.406247 0.369727 2.24835
-0.496348 0.144755 2.26323
-0.527157 0.121168 2.27358
-0.00213715 0.641178 2.11531
0.0850616 0.396061 2.20249
0.100003 0.160244 2.12819
0.0851928 0.137778 2.11851
-0.20114 0.190917 2.30688
-0.268825 -0.193784 2.38282
-0.313376 -0.561547 2.47852
-0.33283 -0.636319 2.40869
-0.0511127 0.196314 2.29828
0.0545326 -0.178072 2.36544
0.146903 -0.55556 2.47694
0.162669 -0.638492 2.40764
-0.159784 0.667967 2.10863
-0.549831 0.0448434 2.28643
-0.465044 0.156323 2.25727
0.0830005 0.0774016 2.11186
0.0538169 0.122822 2.18917
-0.158775 0.205271 2.34128
-0.180652 0.47978 2.21648
-0.200855 0.744187 2.0808
-0.212492 0.894304 2.06945
-0.361598 0.639364 2.15222
-0.441091 0.375584 2.25902
-0.532922 0.151381 2.27351
-0.563492 0.126362 2.28715
-0.0343932 0.653809 2.12321
0.0516719 0.409336 2.20586
0.0738484 0.175666 2.12606
0.0578256 0.153294 2.11035
-0.230912 0.198287 2.3123
-0.293283 -0.176784 2.40958
-0.322683 -0.548514 2.50024
-0.352665 -0.627904 2.42106
-0.0820002 0.206193 2.30068
-0.00880078 -0.164035 2.38779
0.0412263 -0.539332 2.51863
0.0204464 -0.623354 2.43488
-0.196082 0.679649 2.11669
-0.587876 0.0487857 2.29853
-0.583021 0.0894953 2.31463
0.0497479 0.0902027 2.09535
0.0617477 0.106544 2.147
-0.196951 0.205698 2.34918
-0.213699 0.48032 2.22431
-0.228989 0.744763 2.08849
-0.243963 0.895301 2.07734
-0.387915 0.635751 2.15425
-0.471132 0.370159 2.26187
-0.552834 0.142551 2.28066
-0.575535 0.125108 2.2975
-0.0623841 0.657893 2.1315
0.0207325 0.412698 2.21766
0.0521434 0.181744 2.13263
0.0382251 0.15287 2.12356
-0.268245 0.198599 2.31828
-0.3123 -0.172854 2.41555
-0.335841 -0.551549 2.50406
-0.36081 -0.627073 2.42601
-0.119899 0.206715 2.31059
-0.0729885 -0.164734 2.41673
-0.0590739 -0.546343 2.54736
-0.0689286 -0.624678 2.46203
-0.225432 0.680219 2.12442
-0.59837 0.0417003 2.31724
-0.595999 0.0809936 2.33237
0.0356311 0.0910012 2.10986
0.07043 0.124037 2.12569
-0.218765 0.204129 2.35172
-0.230755 0.478233 2.22737
-0.241513 0.742381 2.09187
-0.25646 0.893523 2.07924
-0.399949 0.636131 2.15517
-0.478486 0.368783 2.26073
-0.56234 0.142757 2.28473
-0.584142 0.11831 2.29729
-0.07736 0.657793 2.13686
0.00349799 0.412887 2.22768
0.0398581 0.181699 2.14558
0.0274208 0.147158 2.14714
-0.290722 0.198617 2.31961
-0.325367 -0.16923 2.41426
-0.337007 -0.552019 2.5042
-0.363598 -0.627451 2.42745
-0.140495 0.203656 2.31432
-0.103546 -0.189607 2.43346
-0.0782013 -0.547815 2.54951
-0.0826381 -0.628342 2.4644
-0.239065 0.677887 2.12774
-0.605243 0.0323674 2.31557
-0.528592 0.14417 2.283
0.0279064 0.0834175 2.13854
0.0618398 0.139642 2.14527
-0.237351 0.205862 2.35085
-0.250148 0.480383 2.22911
-0.261327 0.744887 2.0966
-0.270776 0.896904 2.08361
-0.42012 0.638354 2.15526
-0.495709 0.374347 2.25572
-0.574248 0.14703 2.28374
-0.600324 0.119441 2.29488
-0.0974045 0.660536 2.1483
-0.0173938 0.418308 2.24165
0.0277163 0.185787 2.16934
0.0213173 0.149937 2.16941
-0.309527 0.200704 2.31729
-0.337658 -0.169799 2.41466
-0.340306 -0.554009 2.50673
-0.365118 -0.627515 2.42857
-0.158208 0.204973 2.31496
-0.117991 -0.19982 2.41033
-0.0808146 -0.551206 2.54302
-0.0864235 -0.629085 2.46303
-0.258828 0.680308 2.13169
-0.61473 0.0412636 2.31475
-0.546217 0.152084 2.25167
0.0235833 0.0781382 2.1607
0.0302818 0.127778 2.11776
-0.256989 0.21057 2.34865
-0.27241 0.485639 2.23351
-0.286721 0.750758 2.10797
-0.292212 0.907133 2.09541
-0.447135 0.643513 2.15676
-0.527836 0.387563 2.2451
-0.605344 0.159 2.26789
-0.6351 0.124636 2.27489
-0.122151 0.66912 2.16781
-0.0409112 0.429615 2.25679
0.0172295 0.196583 2.1985
0.02016 0.160054 2.18733
-0.329645 0.20319 2.31391
-0.347343 -0.175019 2.41356
-0.34413 -0.557639 2.50865
-0.366548 -0.627204 2.43035
-0.176832 0.211754 2.31405
-0.155714 -0.231705 2.3222
-0.0959152 -0.563035 2.46318
-0.111764 -0.628378 2.40251
-0.283433 0.68601 2.14125
-0.656289 0.0419847 2.29841
-0.653164 0.139201 2.24077
0.0264038 0.0874903 2.17686
0.0553163 0.158362 2.18662
-0.265411 0.214119 2.34572
-0.283755 0.491371 2.23679
-0.301398 0.759373 2.11914
-0.307936 0.916732 2.10571
-0.463193 0.652118 2.16463
-0.542592 0.39644 2.23932
-0.621968 0.166605 2.24526
-0.648497 0.129896 2.24452
-0.134426 0.675746 2.17685
-0.0490694 0.440602 2.26313
0.016034 0.208916 2.20714
0.0202264 0.173133 2.19418
-0.33736 0.20546 2.31058
-0.34977 -0.187617 2.41689
-0.34495 -0.562589 2.50934
-0.37 -0.629243 2.42894
-0.185749 0.216585 2.31156
-0.16716 -0.224985 2.25202
-0.112137 -0.557101 2.36391
-0.126694 -0.626089 2.28003
-0.297319 0.693874 2.15029
-0.671073 0.0443287 2.25876
-0.675391 0.0835467 2.21191
0.0305069 0.105458 2.18515
0.0498625 0.178823 2.18303
-0.270433 0.215661 2.34263
-0.290833 0.494273 2.23871
-0.311052 0.763553 2.12671
-0.31889 0.921842 2.11207
-0.473398 0.656557 2.17215
-0.547329 0.39862 2.23795
-0.62831 0.168744 2.22985
-0.652944 0.128329 2.22655
-0.144128 0.679353 2.18185
-0.0533814 0.445317 2.26557
0.0168692 0.214763 2.21143
0.0203626 0.176587 2.19888
-0.342063 0.206023 2.30727
-0.351009 -0.196809 2.41676
-0.342705 -0.56314 2.50948
-0.370463 -0.629788 2.42827
-0.190932 0.219074 2.30869
-0.168303 -0.231281 2.18979
-0.125782 -0.57203 2.20484
-0.144852 -0.642068 2.11729
-0.306331 0.697759 2.15641
-0.671676 0.0412681 2.23542
-0.59344 0.167028 2.2341
0.0321142 0.104462 2.19503
0.0504052 0.182581 2.18059
-0.275032 0.213719 2.33752
-0.295729 0.493136 2.23953
-0.316904 0.762055 2.13267
-0.328306 0.919318 2.11652
-0.481371 0.657036 2.1811
-0.550714 0.398202 2.23893
-0.628909 0.167335 2.22484
-0.648701 0.123217 2.22385
-0.149719 0.679727 2.18433
-0.0564263 0.445616 2.26645
0.0164282 0.215819 2.21257
0.0148509 0.172812 2.19977
-0.345852 0.203506 2.30341
-0.352384 -0.214453 2.41588
-0.341158 -0.565324 2.50582
-0.37279 -0.631407 2.42596
-0.19617 0.217781 2.3022
-0.17061 -0.227266 2.1314
-0.143401 -0.550019 2.07801
-0.161499 -0.608398 1.96875
-0.311952 0.696404 2.16101
-0.667245 0.0312715 2.22605
-0.597245 0.150058 2.23923
0.0249783 0.0993719 2.19219
0.0549007 0.153012 2.1878
-0.283978 0.198625 2.33126
-0.303163 0.47765 2.24016
-0.320988 0.745896 2.13872
-0.341796 0.899402 2.11862
-0.486305 0.64235 2.19641
-0.544351 0.372311 2.25205
-0.625968 0.142994 2.23133
-0.637159 0.0985873 2.24386
-0.156495 0.668095 2.18879
-0.0573488 0.431202 2.27079
0.00823571 0.199108 2.21781
0.00808392 0.158429 2.20679
-0.354345 0.189603 2.29818
-0.357019 -0.221384 2.41523
-0.345353 -0.563708 2.50063
-0.375671 -0.632457 2.42331
-0.205263 0.201435 2.29492
-0.173324 -0.230366 2.10024
-0.154717 -0.536429 1.97662
-0.175933 -0.584406 1.85519
-0.31691 0.680428 2.16594
-0.65886 0.00527692 2.25034
-0.580831 0.122308 2.2505
0.016707 0.0785078 2.1964
0.0418907 0.154108 2.19641
-0.283496 0.197139 2.32853
-0.302653 0.475664 2.23822
-0.319934 0.743614 2.13708
-0.341916 0.897138 2.11629
-0.481096 0.645788 2.19081
-0.538966 0.369959 2.25661
-0.61156 0.137389 2.25183
-0.621024 0.100224 2.27211
-0.155806 0.665672 2.18484
-0.0546525 0.426095 2.26868
0.00889756 0.193097 2.21765
0.0082254 0.155718 2.20973
-0.353877 0.187869 2.29592
-0.358441 -0.219918 2.4045
-0.350281 -0.561519 2.49058
-0.378251 -0.633655 2.42087
-0.20469 0.200394 2.29176
-0.175478 -0.220225 2.09369
-0.164606 -0.526628 1.96986
-0.181352 -0.574043 1.84892
-0.316008 0.678214 2.16429
-0.635403 0.0114868 2.28899
-0.562181 0.130246 2.26403
0.0153953 0.0744317 2.21264
0.0438507 0.156977 2.20983
-0.277181 0.198263 2.3238
-0.295899 0.476857 2.23205
-0.31231 0.745079 2.12904
-0.330955 0.899073 2.1089
-0.477077 0.645672 2.18766
-0.534339 0.371518 2.26232
-0.599514 0.138021 2.27707
-0.612446 0.104442 2.30356
-0.148665 0.666457 2.17732
-0.048584 0.426292 2.26199
0.0150869 0.194008 2.20727
0.0189179 0.158251 2.19328
-0.347949 0.188139 2.29181
-0.356992 -0.219849 2.402
-0.349523 -0.565066 2.48627
-0.378987 -0.634429 2.42049
-0.198076 0.20242 2.28628
-0.174323 -0.223993 2.09198
-0.150526 -0.546744 2.03655
-0.159571 -0.608411 1.93592
-0.308606 0.679582 2.15678
-0.627074 0.0212837 2.32375
-0.554952 0.140878 2.28542
0.0261875 0.0829971 2.18621
0.0510867 0.167051 2.1867
-0.267649 0.200796 2.3206
-0.283816 0.479613 2.22588
-0.297238 0.748053 2.11948
-0.31053 0.903257 2.10146
-0.463988 0.645223 2.1821
-0.527036 0.375873 2.26625
-0.592966 0.145196 2.29826
-0.605546 0.117149 2.32612
-0.132851 0.66727 2.16796
-0.0384306 0.425665 2.25092
0.0255367 0.194462 2.19132
0.0305026 0.158285 2.17466
-0.339722 0.190721 2.28975
-0.344954 -0.188719 2.39342
-0.334284 -0.562655 2.49668
-0.372394 -0.62993 2.42349
-0.187426 0.204845 2.28194
-0.153726 -0.221754 2.10623
-0.0977133 -0.547717 2.12661
-0.0999756 -0.60791 2.04688
-0.29429 0.682503 2.14811
-0.620796 0.0360819 2.34565
-0.619764 0.0767111 2.359
0.0373749 0.083301 2.16725
0.0618039 0.171271 2.16094
-0.242417 0.20466 2.31544
-0.252937 0.4834 2.21857
-0.261119 0.751707 2.11089
-0.265008 0.906131 2.09636
-0.429618 0.649426 2.17318
-0.495535 0.386176 2.26786
-0.571975 0.160248 2.30669
-0.580696 0.124469 2.32564
-0.0972764 0.664871 2.15967
-0.014793 0.423147 2.23811
0.0462072 0.192247 2.1737
0.0561514 0.15546 2.15548
-0.315198 0.195969 2.2834
-0.334222 -0.173164 2.38951
-0.332688 -0.554902 2.4987
-0.367771 -0.628047 2.42668
-0.162223 0.207272 2.27796
-0.0978487 -0.199463 2.17258
-0.000960874 -0.556947 2.26352
0.00288716 -0.619472 2.19297
-0.259424 0.686198 2.13977
-0.597181 0.0494442 2.34245
-0.58839 0.0898097 2.35545
0.0636764 0.0762158 2.14604
0.0886682 0.144252 2.13469
-0.221988 0.200763 2.31315
-0.223087 0.477973 2.2151
-0.221718 0.744734 2.10583
-0.216751 0.901447 2.09183
-0.388367 0.649536 2.16344
-0.460558 0.383378 2.2601
-0.538875 0.158044 2.29888
-0.560692 0.0947339 2.32596
-0.0581446 0.658475 2.15957
0.016232 0.40882 2.23317
0.0705774 0.177409 2.16439
0.0829183 0.144629 2.14959
-0.294006 0.194411 2.27878
-0.324345 -0.166899 2.38959
-0.333248 -0.547604 2.50168
-0.36645 -0.627174 2.4289
-0.142864 0.201061 2.27794
-0.0415643 -0.221136 2.23353
0.0573635 -0.578016 2.34301
0.0738337 -0.64648 2.27328
-0.222388 0.679614 2.13515
-0.566984 0.0414281 2.33226
-0.549403 0.0813461 2.34077
0.0924445 0.0686736 2.13144
0.11631 0.14026 2.13112
-0.169386 0.182682 2.31514
-0.169475 0.458779 2.21275
-0.168473 0.724693 2.09929
-0.158117 0.883811 2.0845
-0.328457 0.627204 2.144
-0.412331 0.369688 2.24147
-0.496732 0.147011 2.28206
-0.502468 0.105363 2.29358
-0.00819554 0.642571 2.16032
0.0652641 0.393649 2.24003
0.1126 0.16251 2.16495
0.122804 0.134147 2.15715
-0.241842 0.17879 2.27735
-0.301924 -0.169242 2.38655
-0.333917 -0.546674 2.50259
-0.366589 -0.627118 2.4296
-0.0916865 0.181023 2.28331
-0.000648396 -0.228725 2.27899
0.0843136 -0.589881 2.38858
0.100178 -0.657812 2.32423
-0.16891 0.659762 2.12966
-0.521394 0.0242809 2.31683
-0.445018 0.129478 2.27089
0.133725 0.0603836 2.13639
0.149825 0.116701 2.12352
-0.10063 0.167436 2.31873
-0.101635 0.441478 2.20901
-0.101703 0.705406 2.08791
-0.0868066 0.867135 2.07498
-0.263646 0.605758 2.12612
-0.348831 0.356474 2.21729
-0.440161 0.135935 2.25538
-0.461798 0.0668949 2.28129
0.0607979 0.630702 2.16042
0.12476 0.384206 2.25336
0.179135 0.151614 2.19049
0.185902 0.137729 2.18169
-0.173524 0.163415 2.27786
-0.266454 -0.176907 2.38223
-0.330652 -0.549175 2.50144
-0.367864 -0.628829 2.42813
-0.0247193 0.166419 2.28983
0.0427907 -0.239202 2.31592
0.0980137 -0.589978 2.42111
0.102807 -0.659404 2.34271
-0.101822 0.640965 2.12022
-0.471649 0.00128003 2.29997
-0.402248 0.100356 2.235
0.201843 0.0510505 2.16153
0.204905 0.142125 2.14712
-0.0120725 0.168318 2.31952
-0.0130299 0.441142 2.20511
-0.0138295 0.703944 2.07954
0.0204178 0.869839 2.06778
-0.160367 0.603811 2.09592
-0.25025 0.360731 2.17495
-0.351005 0.142419 2.20524
-0.361677 0.100418 2.21518
0.150226 0.630045 2.16262
0.218647 0.386458 2.26791
0.277248 0.153305 2.21333
0.283293 0.141866 2.20548
-0.0859057 0.163494 2.27493
-0.204585 -0.197893 2.36682
-0.311883 -0.552234 2.4925
-0.365122 -0.629717 2.42525
0.0621312 0.168074 2.29428
0.10241 -0.237029 2.33398
0.106642 -0.589892 2.41671
0.109859 -0.666371 2.34914
-0.0136497 0.63978 2.11294
-0.393105 0.00879315 2.25524
-0.362972 0.0474382 2.26
0.305672 0.051309 2.18358
0.299524 0.154176 2.17082
0.0302215 0.176426 2.32144
0.0360869 0.450754 2.20497
0.0418906 0.715036 2.07719
0.0757831 0.877924 2.06714
-0.110643 0.613768 2.09176
-0.201708 0.367662 2.1551
-0.290387 0.140454 2.15885
-0.302313 0.0979869 2.16661
0.206358 0.633881 2.16242
0.268899 0.38445 2.26911
0.328968 0.149625 2.22768
0.340508 0.140432 2.22263
-0.0429016 0.172759 2.27648
-0.156615 -0.183897 2.332
-0.260604 -0.554635 2.45945
-0.316729 -0.624926 2.40376
0.102497 0.174837 2.29662
0.124303 -0.229376 2.34561
0.115567 -0.593595 2.41936
0.1149 -0.669414 2.35321
0.040475 0.650512 2.11115
-0.33137 0.00495476 2.19645
-0.29945 0.0428955 2.20989
0.365848 0.047392 2.21162
0.362209 0.147005 2.19458
0.054777 0.181831 2.31679
0.0657213 0.458577 2.2045
0.0775061 0.725742 2.08207
0.111172 0.888903 2.07134
-0.0715299 0.624664 2.09938
-0.156003 0.377523 2.1475
-0.237949 0.147795 2.11886
-0.243808 0.118597 2.11299
0.242138 0.640122 2.16066
0.308088 0.389856 2.26223
0.369782 0.153615 2.24306
0.386905 0.131888 2.23896
-0.0190643 0.181077 2.27158
-0.109835 -0.212084 2.3239
-0.190234 -0.561655 2.44327
-0.22388 -0.633943 2.37869
0.127109 0.177184 2.29218
0.135943 -0.223895 2.35117
0.115473 -0.590895 2.43123
0.1169 -0.670262 2.35311
0.0745432 0.660451 2.11454
-0.278924 0.0237552 2.12115
-0.196149 0.135792 2.13108
0.412961 0.0371484 2.24358
0.407855 0.108632 2.19903
0.0845015 0.179713 2.30806
0.0953168 0.459602 2.20624
0.10706 0.72923 2.09377
0.141961 0.892513 2.07986
-0.0433734 0.62869 2.1107
-0.12664 0.38071 2.14691
-0.195623 0.148752 2.10021
-0.19936 0.122845 2.09264
0.272117 0.641667 2.16885
0.335891 0.386877 2.25142
0.404851 0.152708 2.24692
0.42533 0.109627 2.24646
0.00904559 0.180044 2.26321
-0.0515094 -0.232496 2.33022
-0.0730662 -0.571638 2.45076
-0.105514 -0.644822 2.36037
0.157438 0.173902 2.2831
0.152651 -0.229055 2.35672
0.116508 -0.586456 2.43709
0.11838 -0.668795 2.35607
0.104148 0.663359 2.12373
-0.226997 0.0301804 2.08071
-0.159369 0.12319 2.13222
0.449793 0.0227831 2.27984
0.451448 0.0682194 2.20945
0.101021 0.174521 2.29957
0.108113 0.457267 2.20608
0.116992 0.728798 2.10016
0.15643 0.89199 2.08519
-0.0336121 0.627703 2.11525
-0.118804 0.377446 2.14496
-0.183696 0.144083 2.09959
-0.190061 0.120088 2.10153
0.285452 0.639131 2.17694
0.344684 0.376119 2.25149
0.41524 0.142485 2.24609
0.429742 0.105173 2.24302
0.02643 0.173972 2.25438
-0.0167521 -0.237147 2.33121
-0.0397045 -0.576285 2.4435
-0.0518634 -0.652019 2.35995
0.172552 0.169713 2.27498
0.175423 -0.223149 2.36202
0.124604 -0.592034 2.44015
0.118284 -0.66926 2.35554
0.114661 0.662519 2.12851
-0.220837 0.0254511 2.10103
-0.159074 0.106 2.11413
0.465251 0.0122559 2.26609
0.449328 0.0766942 2.2057
0.1115 0.171506 2.29215
0.116513 0.455395 2.20402
0.122421 0.728128 2.10281
0.162269 0.891392 2.08713
-0.0286581 0.627025 2.1175
-0.11461 0.370778 2.14472
-0.182359 0.136928 2.1097
-0.189884 0.122587 2.12615
0.2928 0.639112 2.17935
0.347581 0.36924 2.24707
0.418286 0.135784 2.24484
0.426562 0.0951075 2.24449
0.0363929 0.170713 2.24736
-0.012195 -0.238121 2.33061
-0.0373147 -0.580585 2.43679
-0.0541508 -0.655984 2.35687
0.183194 0.167064 2.26719
0.182287 -0.223187 2.36531
0.131712 -0.587397 2.44192
0.118481 -0.669143 2.3564
0.120804 0.661577 2.13014
-0.224041 0.0259398 2.13065
-0.149172 0.122666 2.13456
0.456481 0.00434348 2.27536
0.449364 0.0595688 2.21241
0.117368 0.169238 2.28401
0.12283 0.454649 2.19876
0.12782 0.728922 2.10115
0.165159 0.89224 2.08717
-0.0252718 0.625833 2.11678
-0.113677 0.369701 2.1463
-0.184825 0.135626 2.13753
-0.196915 0.119582 2.15314
0.29863 0.638282 2.17548
0.351155 0.362617 2.23953
0.417628 0.128148 2.24221
0.421265 0.0943931 2.24006
0.0419036 0.168371 2.2403
-0.0104714 -0.246286 2.33967
-0.0401923 -0.583139 2.43694
-0.0558991 -0.657813 2.35643
0.189232 0.164937 2.25781
0.183847 -0.220882 2.36075
0.131031 -0.58108 2.44351
0.120278 -0.669177 2.36263
0.12659 0.661998 2.12764
-0.229006 0.0214607 2.17326
-0.150165 0.138439 2.14445
0.448616 -0.00124457 2.26755
0.446812 0.0513694 2.20936
0.117715 0.167423 2.27734
0.123847 0.453914 2.19451
0.128899 0.729105 2.09946
0.165988 0.892362 2.0864
-0.0244844 0.625677 2.1155
-0.11297 0.36863 2.14883
-0.184265 0.134803 2.14747
-0.194345 0.11609 2.16167
0.300004 0.636338 2.16954
0.351341 0.358504 2.2339
0.41609 0.123628 2.23786
0.416822 0.0881623 2.23535
0.0421547 0.166621 2.23406
-0.0109925 -0.243372 2.34265
-0.0400792 -0.579751 2.44858
-0.0554209 -0.656056 2.36043
0.189642 0.163076 2.25073
0.183992 -0.219247 2.35733
0.131433 -0.578066 2.44463
0.119062 -0.666121 2.36304
0.127742 0.661986 2.12536
-0.226668 0.0209914 2.18616
-0.152415 0.130284 2.14358
0.442961 -0.00223315 2.26462
0.439626 0.0483868 2.2061
0.116867 0.166107 2.27263
0.123569 0.453095 2.19135
0.129026 0.728876 2.09811
0.166152 0.891952 2.08492
-0.0244921 0.625383 2.11451
-0.112616 0.366187 2.15
-0.18338 0.132431 2.15288
-0.19074 0.109822 2.16577
0.30019 0.635455 2.16575
0.349617 0.356868 2.22938
0.410068 0.12073 2.23214
0.409202 0.0892042 2.22711
0.0413609 0.165484 2.23035
-0.0116991 -0.2448 2.34505
-0.0408813 -0.579637 2.4507
-0.0550422 -0.65535 2.36184
0.188773 0.161633 2.24502
0.183844 -0.219471 2.35509
0.130936 -0.579843 2.44373
0.118346 -0.666443 2.35946
0.127812 0.661609 2.12355
-0.215681 0.0108289 2.1971
-0.149326 0.122073 2.1515
0.437498 -0.00740491 2.25781
0.43534 0.0432273 2.19964
0.113163 0.163248 2.26365
0.120435 0.450978 2.18397
0.126694 0.727746 2.09294
0.163629 0.890849 2.0806
-0.0258817 0.62459 2.11183
-0.110366 0.362026 2.15094
-0.178367 0.127584 2.15578
-0.177596 0.104244 2.16562
0.296262 0.632571 2.15664
0.341335 0.352499 2.21762
0.394317 0.114582 2.2218
0.391774 0.0835385 2.21652
0.037565 0.163045 2.22282
-0.0137939 -0.245587 2.34859
-0.0418398 -0.579633 2.45156
-0.0560229 -0.65554 2.3621
0.185299 0.158414 2.23463
0.181195 -0.221883 2.34847
0.129818 -0.581656 2.44201
0.11817 -0.667089 2.35552
0.125274 0.660192 2.11774
-0.19913 0.00655387 2.19132
-0.135941 0.121045 2.15065
0.415881 -0.0146004 2.24878
0.414311 0.0331902 2.18778
0.110254 0.16203 2.25976
0.11688 0.450345 2.18049
0.122509 0.72776 2.08999
0.159302 0.89021 2.07674
-0.0296197 0.624363 2.10869
-0.109262 0.358741 2.15116
-0.173958 0.12338 2.15621
-0.171352 0.107194 2.16275
0.292893 0.631606 2.15283
0.332886 0.352101 2.21003
0.379633 0.112879 2.21531
0.375568 0.0801659 2.20913
0.0345596 0.161673 2.21908
-0.014613 -0.243636 2.34819
-0.0419956 -0.579334 2.45185
-0.0564439 -0.655686 2.36235
0.182554 0.15737 2.2306
0.178787 -0.221235 2.34436
0.129047 -0.580848 2.4408
0.116974 -0.665851 2.35478
0.121253 0.660027 2.11463
-0.195625 0.0108314 2.18489
-0.132035 0.112647 2.14993
0.396515 -0.0140699 2.23532
0.392868 0.0400756 2.17518
0.106605 0.161222 2.25469
0.112626 0.449614 2.17554
0.117747 0.727175 2.08525
0.151881 0.889079 2.07205
-0.0356175 0.62373 2.10398
-0.110118 0.355011 2.15012
-0.171195 0.118725 2.15538
-0.171479 0.106267 2.16016
0.287455 0.631457 2.14709
0.324741 0.349274 2.2042
0.364572 0.108575 2.20651
0.35925 0.0807306 2.20131
0.0310919 0.160558 2.21399
-0.016845 -0.243048 2.34824
-0.0423985 -0.578416 2.45194
-0.0570404 -0.65618 2.3626
0.17882 0.156891 2.22555
0.175342 -0.219622 2.34027
0.128399 -0.580018 2.44047
0.116905 -0.665844 2.35665
0.116609 0.659393 2.10982
-0.192735 0.00898806 2.18359
-0.127262 0.131911 2.14238
0.376531 -0.0140117 2.22516
0.379679 0.0732121 2.16573
0.102998 0.160029 2.25129
0.108198 0.448808 2.1719
0.112461 0.726795 2.08133
0.146381 0.888737 2.0687
-0.0407729 0.622571 2.10127
-0.112891 0.353822 2.14928
-0.171288 0.116909 2.15483
-0.176613 0.109004 2.15713
0.282342 0.630841 2.14314
0.321281 0.348715 2.20221
0.359132 0.107761 2.20543
0.359772 0.0813465 2.205
0.0275717 0.159158 2.21064
-0.0203317 -0.243711 2.34766
-0.0424635 -0.577044 2.45169
-0.0575247 -0.656225 2.36311
0.175222 0.155936 2.22211
0.171684 -0.219907 2.33654
0.12763 -0.580778 2.43997
0.11663 -0.66592 2.35754
0.111539 0.658901 2.10597
-0.202976 0.00936317 2.18066
-0.132828 0.123696 2.15788
0.376173 -0.0144933 2.23111
0.379674 0.0301484 2.17639
