-0.169355 0.194125 2.31741
-0.156084 0.468228 2.23733
-0.142106 0.731633 2.14581
-0.127194 0.879247 2.07717
-0.306915 0.661914 2.19967
-0.374103 0.396621 2.25765
-0.456523 0.177531 2.28998
-0.485845 0.113354 2.3057
0.0241918 0.655079 2.21374
0.0884699 0.38534 2.27513
0.154125 0.156717 2.28335
0.163581 0.091928 2.29477
-0.241536 0.192353 2.28129
-0.266516 -0.191142 2.40994
-0.281306 -0.554108 2.52716
-0.289594 -0.628069 2.44375
-0.0922126 0.190196 2.28652
-0.0782894 -0.197277 2.41168
-0.0924333 -0.554371 2.52327
-0.0932923 -0.640667 2.4506
-0.145636 0.667391 2.17069
-0.497093 0.0461076 2.33011
-0.457915 0.106806 2.2824
0.183619 0.0273785 2.31623
0.136343 0.0658991 2.28858
-0.169343 0.194323 2.31782
-0.156145 0.468146 2.23752
-0.142363 0.731329 2.14622
-0.127271 0.879235 2.07721
-0.307075 0.662264 2.20012
-0.374757 0.39655 2.25804
-0.456835 0.177219 2.2899
-0.486231 0.110948 2.30713
0.0240566 0.65537 2.214
0.0884878 0.384789 2.27488
0.153888 0.156001 2.28216
0.16231 0.0926156 2.29182
-0.241419 0.192678 2.28195
-0.266496 -0.191595 2.41017
-0.281499 -0.55411 2.52703
-0.28947 -0.628295 2.44317
-0.0922547 0.190338 2.28678
-0.078522 -0.197167 2.41172
-0.0924071 -0.554176 2.52317
-0.0957841 -0.639481 2.45823
-0.145842 0.667136 2.17103
-0.498768 0.0490082 2.32704
-0.466852 0.0847812 2.29418
0.180612 0.025379 2.31763
0.13149 0.086434 2.28362
-0.169416 0.194388 2.31791
-0.156213 0.468096 2.2376
-0.142462 0.731189 2.14634
-0.127289 0.879253 2.07724
-0.307261 0.662458 2.20025
-0.374763 0.396733 2.25773
-0.456818 0.177344 2.28941
-0.486127 0.110869 2.3063
0.0240039 0.65549 2.21406
0.0884705 0.385698 2.27402
0.153063 0.156615 2.28073
0.162552 0.0923343 2.28971
-0.241483 0.192712 2.28211
-0.266548 -0.191125 2.40999
-0.281422 -0.554085 2.52698
-0.289391 -0.628437 2.44275
-0.0923458 0.19044 2.28679
-0.0787304 -0.197421 2.41181
-0.0924051 -0.553979 2.52295
-0.0947393 -0.63955 2.4551
-0.145943 0.667006 2.17113
-0.498975 0.0490345 2.32796
-0.461114 0.0934034 2.28514
0.181614 0.0264611 2.3131
0.134941 0.0703509 2.28392
-0.169805 0.194467 2.31796
-0.156466 0.468029 2.23763
-0.142681 0.731105 2.14644
-0.127316 0.879308 2.07729
-0.307406 0.66259 2.20031
-0.375221 0.396631 2.2578
-0.457019 0.177073 2.28919
-0.488 0.109916 2.30629
0.0240174 0.655464 2.2142
0.0886443 0.385765 2.2741
0.152483 0.156346 2.27935
0.161978 0.0931769 2.28777
-0.241924 0.192817 2.28193
-0.267106 -0.196368 2.41385
-0.281243 -0.554399 2.52707
-0.289478 -0.628677 2.44261
-0.0927344 0.190485 2.28696
-0.0789247 -0.196768 2.41123
-0.0923638 -0.552964 2.52257
-0.0945069 -0.639373 2.45227
-0.146174 0.666907 2.17121
-0.501028 0.0452863 2.327
-0.463579 0.0940188 2.28486
0.181553 0.0259253 2.31218
0.133199 0.0744686 2.28203
-0.169896 0.194494 2.31797
-0.156697 0.467909 2.23784
-0.143143 0.730808 2.14708
-0.127316 0.879325 2.07733
-0.307604 0.662708 2.20037
-0.375327 0.397338 2.2578
-0.457441 0.177835 2.28895
-0.487816 0.112834 2.30606
0.0239726 0.655442 2.21431
0.0886368 0.38506 2.27391
0.152078 0.155452 2.27822
0.161447 0.0918016 2.28766
-0.241983 0.192855 2.28202
-0.267902 -0.198663 2.41477
-0.281394 -0.555004 2.52747
-0.289645 -0.628588 2.44331
-0.0929175 0.190491 2.28685
-0.0790716 -0.196556 2.41108
-0.0923166 -0.552751 2.52272
-0.094622 -0.638592 2.45171
-0.146588 0.666638 2.17172
-0.498408 0.0453374 2.32951
-0.435289 0.153335 2.2975
0.180017 0.026198 2.31006
0.136829 0.0623494 2.28173
-0.170508 0.194766 2.31749
-0.156907 0.467822 2.23771
-0.143171 0.730578 2.1472
-0.127272 0.879258 2.07737
-0.307737 0.662876 2.20035
-0.375763 0.397121 2.25737
-0.457995 0.17774 2.28898
-0.489241 0.112428 2.30497
0.0239753 0.655303 2.21423
0.0881689 0.383373 2.27314
0.152341 0.153989 2.27785
0.161665 0.0898695 2.28984
-0.242683 0.193546 2.28103
-0.267545 -0.19418 2.41168
-0.281275 -0.55488 2.52772
-0.289295 -0.627774 2.44364
-0.0934806 0.190491 2.28664
-0.0792474 -0.196601 2.41098
-0.0924717 -0.553108 2.52295
-0.0953808 -0.63902 2.45446
-0.146668 0.666443 2.17176
-0.500339 0.0471319 2.3238
-0.464734 0.100231 2.28455
0.18271 0.0271004 2.30977
0.126392 0.0860091 2.28829
-0.170635 0.194747 2.31758
-0.157037 0.467662 2.23772
-0.143271 0.730263 2.14714
-0.127147 0.879104 2.07717
-0.308033 0.662991 2.20045
-0.376306 0.396505 2.25762
-0.45877 0.177222 2.28936
-0.490009 0.110521 2.30637
0.0239352 0.655187 2.21428
0.0877311 0.382695 2.27362
0.152335 0.153376 2.27776
0.159195 0.0904491 2.29152
-0.242796 0.193528 2.28123
-0.267762 -0.198153 2.41383
-0.281136 -0.554779 2.52755
-0.289169 -0.627703 2.44381
-0.0936022 0.190455 2.28667
-0.0793615 -0.196535 2.41097
-0.0925085 -0.553043 2.52267
-0.0949951 -0.638973 2.45085
-0.146785 0.666155 2.17172
-0.501423 0.0453215 2.3288
-0.462592 0.107824 2.28641
0.179666 0.0255057 2.31235
0.128428 0.0810064 2.28717
-0.170761 0.194703 2.31775
-0.157295 0.468792 2.23601
-0.143008 0.735694 2.1397
-0.126795 0.878437 2.07611
-0.308505 0.662821 2.19995
-0.377068 0.396323 2.2575
-0.459383 0.176908 2.289
-0.491364 0.111277 2.30787
0.0238901 0.655235 2.2143
0.086649 0.38209 2.2739
0.152287 0.153055 2.27819
0.159791 0.0913667 2.29566
-0.242934 0.193467 2.28137
-0.267724 -0.197782 2.41351
-0.281488 -0.554601 2.52732
-0.289214 -0.627991 2.44333
-0.0937182 0.190415 2.28691
-0.0795169 -0.196637 2.41117
-0.0925575 -0.553185 2.52272
-0.0947008 -0.640274 2.45263
-0.146746 0.670171 2.16609
-0.503425 0.0460999 2.3301
-0.462993 0.106006 2.28828
0.181199 0.032727 2.3076
0.130589 0.0712811 2.28826
-0.171385 0.195023 2.31868
-0.158396 0.468695 2.23497
-0.145736 0.731629 2.13776
-0.125928 0.876007 2.07144
-0.31071 0.660867 2.19489
-0.379832 0.3959 2.25576
-0.462946 0.176984 2.28836
-0.49586 0.109973 2.30712
0.0232283 0.655147 2.21414
0.0834551 0.382536 2.27661
0.151254 0.154188 2.28215
0.160211 0.0949266 2.30307
-0.243422 0.193705 2.28173
-0.26861 -0.200542 2.41533
-0.28151 -0.554968 2.52769
-0.289438 -0.628207 2.44307
-0.0944469 0.190869 2.28878
-0.0806732 -0.196638 2.41033
-0.092682 -0.55331 2.52257
-0.0949232 -0.639286 2.45206
-0.148989 0.667594 2.16407
-0.506519 0.0456478 2.33234
-0.475998 0.0837294 2.28409
0.181661 0.0391497 2.31359
0.131463 0.091349 2.29875
-0.170963 0.195627 2.3206
-0.159207 0.467604 2.23447
-0.148853 0.727143 2.13413
-0.125131 0.87149 2.06455
-0.314543 0.656809 2.18426
-0.384506 0.39447 2.25325
-0.466618 0.175108 2.28564
-0.498011 0.10702 2.2995
0.0200581 0.655329 2.21213
0.0833716 0.383569 2.27957
0.152517 0.155806 2.28765
0.163646 0.0997947 2.31014
-0.24315 0.193755 2.28253
-0.269659 -0.189315 2.41008
-0.281754 -0.555067 2.52801
-0.289508 -0.628527 2.44212
-0.093845 0.192229 2.29195
-0.085758 -0.207864 2.40145
-0.0956103 -0.558005 2.5136
-0.0958735 -0.637898 2.44938
-0.151454 0.663976 2.16139
-0.510341 0.0425603 2.32224
-0.472784 0.0880265 2.28545
0.185241 0.0439976 2.31884
0.137593 0.0707451 2.30314
-0.164417 0.195897 2.32897
-0.158251 0.465236 2.23313
-0.151043 0.720011 2.12225
-0.122306 0.866126 2.05501
-0.314792 0.646735 2.16799
-0.390265 0.390377 2.24708
-0.469059 0.169564 2.27841
-0.4979 0.100926 2.2896
0.0169998 0.655843 2.20858
0.0818541 0.385303 2.28527
0.15543 0.159843 2.30194
0.171901 0.105275 2.32017
-0.237566 0.192249 2.2881
-0.269406 -0.186465 2.409
-0.284766 -0.556509 2.52872
-0.290282 -0.628444 2.44251
-0.08657 0.19438 2.30299
-0.0787026 -0.217393 2.36889
-0.097667 -0.565429 2.50038
-0.0907222 -0.638605 2.43801
-0.152648 0.657939 2.15259
-0.514367 0.0336344 2.31753
-0.47883 0.0573949 2.2812
0.19385 0.0527958 2.33351
0.143261 0.0890837 2.31394
-0.138709 0.197604 2.33362
-0.137946 0.46288 2.22475
-0.135393 0.717539 2.10403
-0.0992064 0.862291 2.04001
-0.291503 0.637037 2.13718
-0.381107 0.386327 2.22089
-0.458005 0.164566 2.25109
-0.479154 0.0940831 2.26561
0.0258702 0.657552 2.19912
0.0864937 0.389205 2.29027
0.171181 0.169348 2.31755
0.196095 0.114001 2.33512
-0.209749 0.192199 2.2897
-0.261627 -0.177961 2.40276
-0.285934 -0.558324 2.53082
-0.292594 -0.628919 2.44501
-0.0634562 0.197317 2.31006
-0.019858 -0.216259 2.33675
-0.00279219 -0.568225 2.46177
0.0240857 -0.63451 2.40158
-0.13613 0.655364 2.13637
-0.490563 0.0304596 2.29697
-0.446811 0.0989589 2.2482
0.216526 0.0543635 2.35573
0.172137 0.0786833 2.33814
-0.109351 0.19625 2.33085
-0.10481 0.460907 2.21671
-0.0990216 0.7157 2.09126
-0.0567717 0.860523 2.03295
-0.271626 0.635034 2.12542
-0.350209 0.384008 2.19767
-0.433232 0.163108 2.22011
-0.450151 0.0934766 2.22904
0.0564418 0.653652 2.1946
0.104978 0.390737 2.29315
0.198114 0.175166 2.3244
0.224622 0.114145 2.34358
-0.179543 0.191038 2.28404
-0.241266 -0.171916 2.39523
-0.285021 -0.558412 2.53053
-0.29262 -0.630228 2.44277
-0.0358427 0.195759 2.31009
0.056072 -0.212533 2.32833
0.133809 -0.574442 2.43258
0.166201 -0.638532 2.37529
-0.10062 0.653485 2.12463
-0.461904 0.0273607 2.26204
-0.425476 0.0704607 2.21564
0.244923 0.0450449 2.37482
0.204255 0.0842857 2.33683
-0.054707 0.182153 2.31961
-0.0531105 0.448523 2.207
-0.051243 0.705372 2.08368
0.00342293 0.849337 2.02578
-0.205815 0.621758 2.10654
-0.302393 0.370292 2.176
-0.397261 0.152446 2.18338
-0.410081 0.0861981 2.1885
0.107002 0.641378 2.18909
0.148436 0.384909 2.29024
0.227298 0.166555 2.33396
0.259984 0.0999931 2.34686
-0.126587 0.177601 2.26919
-0.21563 -0.161532 2.3787
-0.283346 -0.559687 2.52951
-0.292632 -0.630576 2.44111
0.0188668 0.181382 2.30253
0.13075 -0.208927 2.32948
0.240222 -0.57402 2.41674
0.283906 -0.646902 2.35489
-0.05176 0.642624 2.11645
-0.426004 0.0207752 2.21926
-0.382357 0.0763505 2.17453
0.278139 0.0301649 2.3815
0.242828 0.0706836 2.34407
0.000649125 0.160667 2.30902
0.0113478 0.427979 2.19816
0.0222386 0.685956 2.07659
0.0809228 0.830108 2.02217
-0.127038 0.600183 2.09887
-0.24174 0.352199 2.16178
-0.336688 0.133548 2.15397
-0.353248 0.0707919 2.15594
0.172641 0.617832 2.18224
0.209747 0.36917 2.28631
0.290047 0.153016 2.33546
0.318097 0.0823375 2.34487
-0.0739655 0.158568 2.25634
-0.179176 -0.153148 2.35794
-0.27468 -0.544278 2.51753
-0.293203 -0.633078 2.43747
0.075116 0.158054 2.29416
0.191832 -0.216969 2.33049
0.316543 -0.573709 2.39969
0.334192 -0.631419 2.29816
0.0195193 0.622903 2.10892
-0.369336 0.00154258 2.18388
-0.329059 0.0405573 2.14117
0.333231 0.0153638 2.37464
0.306578 0.0506777 2.35655
0.11118 0.130187 2.30087
0.133682 0.398886 2.18838
0.155407 0.658174 2.06465
0.219345 0.802337 2.01396
0.0119768 0.569229 2.08546
-0.113758 0.333231 2.14631
-0.213833 0.116655 2.13327
-0.221464 0.0878843 2.13385
0.304934 0.584837 2.17331
0.344512 0.309254 2.29185
0.426659 0.0884738 2.31392
0.450209 0.0259536 2.32271
0.0385987 0.130277 2.24603
-0.110464 -0.190554 2.3517
-0.2389 -0.541777 2.50981
-0.285514 -0.62433 2.44902
0.180544 0.126269 2.28805
0.277473 -0.259635 2.31281
0.349124 -0.612943 2.40865
0.376102 -0.679251 2.34924
0.150137 0.594798 2.09759
-0.257552 0.0147931 2.12952
-0.184498 0.0856197 2.13973
0.456741 -0.0322416 2.35844
0.429176 0.0176358 2.3304
0.206017 0.137915 2.3021
0.232854 0.405891 2.18378
0.25728 0.664487 2.05465
0.321284 0.806958 2.00397
0.111151 0.575621 2.07221
-0.0210065 0.331537 2.13836
-0.119638 0.114084 2.13127
-0.117559 0.0892083 2.13684
0.401233 0.580295 2.16499
0.440125 0.315055 2.27965
0.508255 0.0873285 2.27933
0.532575 0.0329221 2.26906
0.130792 0.140701 2.24887
-0.0255921 -0.181377 2.31262
-0.204977 -0.535151 2.48563
-0.269192 -0.615384 2.42848
0.27516 0.13108 2.28795
0.331272 -0.242454 2.29635
0.373732 -0.621407 2.41072
0.382555 -0.688503 2.34618
0.251559 0.601282 2.08887
-0.149486 0.0188778 2.13575
-0.0780697 0.0798037 2.13479
0.541374 -0.0244105 2.28905
0.53852 -0.00671891 2.30325
0.276682 0.15829 2.29685
0.315463 0.424758 2.17867
0.351679 0.681542 2.05007
0.413168 0.826079 1.99676
0.203792 0.596243 2.07014
0.0667377 0.339745 2.13228
-0.00906993 0.113102 2.12769
-0.00791379 0.0978374 2.13385
0.504432 0.597327 2.16331
0.53974 0.330159 2.27029
0.592884 0.1008 2.22491
0.601027 0.0937456 2.2065
0.202945 0.164309 2.24427
0.0805067 -0.196717 2.2642
-0.0631524 -0.555197 2.43257
-0.0888062 -0.632813 2.37109
0.342452 0.147888 2.2823
0.368705 -0.243754 2.31768
0.382898 -0.614235 2.40962
0.386691 -0.684834 2.35214
0.34309 0.618816 2.08412
-0.0285863 0.0267083 2.15248
0.020134 0.0694454 2.1243
0.623124 0.0210296 2.20041
0.579426 0.0622273 2.1885
0.316844 0.163244 2.289
0.358678 0.432023 2.17386
0.397485 0.691309 2.04834
0.459942 0.832594 1.99625
0.247747 0.607792 2.07289
0.110442 0.354504 2.13413
0.0336969 0.127992 2.11986
0.0356206 0.0993189 2.12872
0.543148 0.595549 2.16111
0.584874 0.344014 2.26893
0.633142 0.118414 2.20014
0.650596 0.0781865 2.16561
0.241912 0.171408 2.2358
0.153614 -0.225293 2.2664
0.0661028 -0.570759 2.41732
0.0806885 -0.663086 2.3457
0.382469 0.150344 2.27521
0.394719 -0.235022 2.33231
0.384333 -0.60593 2.42845
0.364966 -0.682438 2.37708
0.388301 0.62794 2.0816
0.0211661 0.03384 2.14371
0.0631142 0.0613536 2.11771
0.662677 0.0307833 2.17363
0.656316 0.0175874 2.207
0.356106 0.156804 2.28607
0.394862 0.428579 2.17424
0.430273 0.690687 2.05187
0.498929 0.831741 1.99939
0.284633 0.607286 2.07346
0.137127 0.342825 2.13411
0.0499593 0.120146 2.11875
0.0547178 0.102304 2.12859
0.571622 0.594747 2.16181
0.610479 0.348694 2.26877
0.655275 0.12444 2.19258
0.679277 0.0853163 2.14931
0.280279 0.163648 2.23285
0.213974 -0.263305 2.28417
0.158704 -0.604047 2.4118
0.155898 -0.67696 2.3397
0.421535 0.145381 2.27249
0.41763 -0.245693 2.33895
0.387066 -0.603909 2.4332
0.377248 -0.686267 2.37171
0.421974 0.626628 2.08436
0.0376346 0.0348169 2.14313
0.0826492 0.0726065 2.11609
0.689769 0.0394802 2.14926
0.674396 0.0471346 2.179
0.382475 0.148218 2.27697
0.420568 0.423284 2.17249
0.456051 0.688397 2.05705
0.528243 0.828259 2.00424
0.308637 0.603229 2.07543
0.158436 0.339935 2.13209
0.0741223 0.116221 2.12938
0.0643887 0.0710469 2.15055
0.606124 0.59487 2.17131
0.627229 0.333943 2.2679
0.674521 0.111424 2.18813
0.695523 0.079527 2.14843
0.306095 0.153569 2.22344
0.245184 -0.281696 2.29215
0.179583 -0.604214 2.40935
0.181867 -0.677907 2.33534
0.447645 0.13854 2.26375
0.43545 -0.253932 2.33446
0.393244 -0.604894 2.42942
0.385673 -0.690281 2.36655
0.447661 0.623594 2.08781
0.0592982 0.0252879 2.16538
0.0968902 0.0660016 2.13391
0.70456 0.0389259 2.14543
0.696913 0.0275797 2.1665
0.398548 0.146139 2.27045
0.441592 0.42285 2.16989
0.481901 0.689909 2.05947
0.552912 0.829756 2.00814
0.336548 0.602115 2.0756
0.185347 0.35147 2.13252
0.0933283 0.131009 2.13587
0.0882427 0.107536 2.15005
0.628495 0.593278 2.16761
0.635573 0.340222 2.26075
0.688655 0.114968 2.19543
0.691685 0.117986 2.17513
0.321873 0.153142 2.2174
0.271917 -0.275098 2.23037
0.186155 -0.599934 2.38755
0.190159 -0.670525 2.31078
0.463642 0.134884 2.25681
0.449688 -0.24922 2.32017
0.403092 -0.613379 2.41762
0.390832 -0.694204 2.3596
0.472377 0.624598 2.0889
0.069392 0.0392462 2.17171
0.113596 0.0723252 2.1412
0.711023 0.0414206 2.14081
0.659193 0.122373 2.221
0.40868 0.150598 2.2681
0.453 0.426478 2.16878
0.493758 0.692651 2.05938
0.562938 0.832822 2.00734
0.348404 0.607979 2.07881
0.197977 0.357663 2.13681
0.101091 0.139151 2.13859
0.0930194 0.113637 2.15183
0.64245 0.595295 2.16151
0.655185 0.343851 2.26073
0.696086 0.116987 2.19125
0.696246 0.120519 2.17018
0.331324 0.159197 2.21622
0.272191 -0.251977 2.1644
0.171107 -0.57795 2.2702
0.184226 -0.658865 2.22979
0.474232 0.137635 2.2533
0.453872 -0.250951 2.32022
0.404202 -0.614631 2.41824
0.393438 -0.694386 2.35698
0.484181 0.627563 2.08857
0.076844 0.0456953 2.172
0.117903 0.0863337 2.14193
0.712323 0.0431652 2.13806
0.669895 0.12755 2.21738
0.418766 0.152628 2.26684
0.461284 0.428099 2.16799
0.500183 0.693899 2.05892
0.566815 0.833763 2.00519
0.354073 0.611789 2.08369
0.204939 0.354567 2.14544
0.101551 0.138862 2.14291
0.0948775 0.124788 2.15379
0.642015 0.595206 2.16161
0.669928 0.345248 2.26098
0.70342 0.120291 2.18052
0.69989 0.126277 2.15784
0.34031 0.162087 2.21631
0.262973 -0.251028 2.11803
0.159646 -0.597415 2.14178
0.150757 -0.667969 2.05859
0.485208 0.138681 2.25073
0.454316 -0.251957 2.32093
0.40238 -0.613362 2.41822
0.394752 -0.694 2.35788
0.491069 0.628903 2.08805
0.0744399 0.053529 2.17426
0.111367 0.0842135 2.14153
0.713019 0.0494076 2.12097
0.677064 0.128161 2.20938
0.420387 0.151677 2.26533
0.463728 0.426131 2.16707
0.503649 0.690561 2.05874
0.567711 0.829933 2.00237
0.352528 0.608637 2.0853
0.210792 0.349242 2.15518
0.100834 0.136884 2.15375
0.0972188 0.12824 2.16884
0.642934 0.59485 2.16193
0.679846 0.342448 2.26017
0.705771 0.119849 2.16969
0.710088 0.0822994 2.12168
0.341827 0.161642 2.21575
0.248166 -0.255417 2.09178
0.159409 -0.62467 2.02904
0.172017 -0.682322 1.91871
0.486798 0.137041 2.24797
0.457399 -0.251393 2.31438
0.397161 -0.615913 2.41779
0.395016 -0.694008 2.35722
0.494271 0.625937 2.08766
0.0706368 0.0537714 2.1837
0.140699 0.128702 2.1452
0.712905 0.0418462 2.11373
0.705316 0.031496 2.133
0.421083 0.149608 2.26418
0.462354 0.422392 2.16701
0.49825 0.684137 2.06032
0.565267 0.821556 1.99905
0.348416 0.604627 2.08598
0.213429 0.34217 2.16818
0.106503 0.13089 2.19147
0.103556 0.120225 2.20864
0.651416 0.591555 2.15993
0.683778 0.33354 2.2574
0.70757 0.111406 2.16505
0.706305 0.07784 2.12193
0.34256 0.160439 2.21557
0.237827 -0.233567 2.08589
0.173565 -0.569001 1.98471
0.183544 -0.622737 1.86049
0.487245 0.134064 2.24569
0.462348 -0.251565 2.30047
0.398613 -0.614587 2.40967
0.395682 -0.695857 2.35198
0.490052 0.620195 2.08877
0.0777053 0.0474249 2.22993
0.157901 0.145671 2.1625
0.70792 0.0324284 2.1146
0.685742 0.0477909 2.12583
0.420729 0.149552 2.26422
0.462101 0.421488 2.16699
0.498613 0.682478 2.06006
0.559603 0.820474 1.99699
0.347894 0.60479 2.09016
0.225697 0.371648 2.17171
0.124427 0.159166 2.2043
0.108508 0.120188 2.23509
0.652413 0.591203 2.15955
0.680648 0.330966 2.25583
0.704725 0.108369 2.16484
0.695423 0.0744576 2.12931
0.342046 0.160627 2.21594
0.23919 -0.241967 2.08251
0.168522 -0.592369 2.01282
0.159248 -0.652179 1.90636
0.486928 0.133851 2.2455
0.460339 -0.252267 2.30252
0.397592 -0.618772 2.40836
0.395653 -0.696235 2.35032
0.490196 0.61874 2.08861
0.0867704 0.0532894 2.2627
0.133608 0.0918778 2.22592
0.696985 0.0346948 2.12376
0.698803 0.0371573 2.137
0.419109 0.150239 2.26454
0.459209 0.42163 2.16688
0.494577 0.682347 2.05905
0.546877 0.823615 1.9952
0.344677 0.607805 2.09583
0.219155 0.359873 2.17844
0.117799 0.148901 2.21711
0.105283 0.120372 2.24227
0.652007 0.591624 2.15885
0.667145 0.345856 2.24724
0.690084 0.115932 2.17902
0.675128 0.0757959 2.1424
0.339868 0.16168 2.21725
0.238081 -0.258979 2.10934
0.144121 -0.627417 2.11481
0.144222 -0.676104 2.02362
0.4857 0.134361 2.24526
0.454041 -0.254627 2.3135
0.396663 -0.619418 2.41333
0.39563 -0.695956 2.35068
0.486415 0.618657 2.08787
0.0841309 0.0539943 2.27045
0.120246 0.07672 2.23755
0.677319 0.0329416 2.14165
0.692269 0.0801599 2.11047
0.411168 0.151088 2.26562
0.447861 0.420709 2.16659
0.480326 0.680022 2.05688
0.527583 0.824804 1.99292
0.333254 0.609799 2.09869
0.216961 0.367557 2.17906
0.118245 0.156345 2.22189
0.0956005 0.114817 2.24301
0.649348 0.59199 2.15674
0.651167 0.338383 2.23865
0.672635 0.105527 2.18253
0.654707 0.0670822 2.14574
0.331096 0.16206 2.22055
0.232073 -0.260624 2.16556
0.128901 -0.631415 2.2365
0.130958 -0.691359 2.1578
0.478691 0.135635 2.2444
0.451116 -0.254538 2.3148
0.395549 -0.617665 2.41719
0.393625 -0.692314 2.35468
0.472843 0.616667 2.08622
0.0773762 0.0422581 2.27074
0.112327 0.0777645 2.235
0.656152 0.0264267 2.14814
0.660661 0.0740501 2.10631
0.391635 0.151344 2.26813
0.42379 0.417519 2.16598
0.452159 0.673832 2.05299
0.488691 0.821532 1.98716
0.303462 0.611326 2.106
0.202338 0.370874 2.18232
0.106418 0.158433 2.22526
0.0773086 0.112834 2.23723
0.629076 0.58897 2.13915
0.631441 0.32718 2.22775
0.634446 0.0925628 2.17464
0.616506 0.101372 2.15561
0.311124 0.161812 2.22772
0.202558 -0.269539 2.23517
0.112941 -0.588672 2.3426
0.0839885 -0.664887 2.28065
0.460202 0.136376 2.24217
0.441917 -0.254668 2.3117
0.393012 -0.617108 2.41725
0.393682 -0.692043 2.35467
0.445656 0.61121 2.08317
0.0567869 0.0429582 2.26231
0.0943463 0.0671908 2.22886
0.621042 0.0260106 2.13604
0.630338 0.0920032 2.11215
0.366567 0.155851 2.27028
0.399473 0.419081 2.16523
0.428553 0.673043 2.04982
0.45113 0.824862 1.98327
0.27111 0.617655 2.11149
0.190199 0.371472 2.18802
0.0879234 0.160977 2.2266
0.0566038 0.112714 2.2342
0.593717 0.589938 2.11504
0.613692 0.322395 2.21682
0.607544 0.0898011 2.15387
0.590216 0.0987845 2.13697
0.286805 0.166956 2.2346
0.169339 -0.240738 2.26079
0.0845536 -0.571673 2.4004
0.0308301 -0.647345 2.33422
0.435118 0.140211 2.23927
0.430051 -0.255805 2.31092
0.391632 -0.61743 2.41905
0.39364 -0.691551 2.355
0.421874 0.610969 2.08057
0.0355595 0.0409072 2.25211
0.0733199 0.0675249 2.22022
0.589771 0.0260944 2.11803
0.610301 0.0819654 2.1001
0.336672 0.161372 2.27264
0.365597 0.423213 2.1643
0.391387 0.675617 2.04527
0.401583 0.829731 1.98183
0.235225 0.626319 2.11616
0.162685 0.373749 2.19788
0.05694 0.164894 2.23586
0.0171319 0.104468 2.24859
0.557014 0.590273 2.09586
0.591292 0.323742 2.20393
0.571097 0.0952329 2.12775
0.554185 0.0586779 2.10125
0.258439 0.172533 2.2418
0.119853 -0.218069 2.28671
0.00978599 -0.571496 2.43985
-0.0529136 -0.635883 2.37786
0.404472 0.145554 2.23658
0.405286 -0.240829 2.30348
0.389739 -0.612397 2.42083
0.392586 -0.688109 2.35662
0.385447 0.613951 2.07696
0.00773896 0.0363226 2.26763
0.0395582 0.0802364 2.23185
0.546873 0.0219276 2.09448
0.574843 0.0319794 2.09833
0.264469 0.166004 2.27888
0.291548 0.427397 2.16683
0.316193 0.67946 2.04409
0.315501 0.83441 1.98479
0.161257 0.630846 2.12454
0.0988334 0.377181 2.21232
-0.010108 0.176131 2.27047
-0.0441563 0.11194 2.29257
0.482851 0.588341 2.08123
0.52304 0.342034 2.16994
0.513524 0.112997 2.09306
0.48867 0.0674477 2.06243
0.186782 0.175626 2.2517
0.0311383 -0.184831 2.30292
-0.116389 -0.551359 2.46156
-0.17035 -0.61377 2.40392
0.334358 0.151484 2.23891
0.37728 -0.243786 2.30538
0.387594 -0.613608 2.42051
0.390942 -0.685875 2.35825
0.310443 0.617878 2.0767
-0.060712 0.0419309 2.3151
-0.0218582 0.0785082 2.2735
0.476712 0.0268279 2.05771
0.513182 0.053315 2.04912
0.200564 0.161551 2.2828
0.216808 0.425064 2.17153
0.230855 0.679309 2.04953
0.225538 0.831833 1.991
0.080117 0.628117 2.13381
0.0188162 0.366648 2.23497
-0.0743501 0.161328 2.302
-0.107588 0.0973674 2.33623
0.400449 0.590412 2.07667
0.455146 0.346132 2.16144
0.445532 0.120927 2.07271
0.416522 0.0725231 2.04484
0.124832 0.169302 2.25784
-0.0419109 -0.154576 2.30873
-0.240478 -0.519107 2.43686
-0.256872 -0.576126 2.33314
0.270258 0.149029 2.24035
0.335944 -0.235865 2.30865
0.384418 -0.616045 2.42086
0.389296 -0.684607 2.35825
0.227686 0.617181 2.08197
-0.118672 0.0380224 2.35575
-0.0873781 0.0563493 2.303
0.409659 0.0299458 2.04219
0.415139 0.078326 2.00534
0.108096 0.142333 2.29417
0.115858 0.409327 2.18053
0.122385 0.66705 2.05581
0.113285 0.818922 2.00097
-0.032044 0.608404 2.15066
-0.0767069 0.362033 2.24479
-0.162537 0.163816 2.33414
-0.180663 0.126379 2.34595
0.295733 0.580865 2.07847
0.363114 0.338084 2.16199
0.357037 0.11288 2.07295
0.327402 0.0619993 2.04753
0.0334237 0.148484 2.26956
-0.166324 -0.192946 2.33476
-0.318969 -0.527521 2.44242
-0.394405 -0.598862 2.39579
0.179605 0.131969 2.25123
0.281906 -0.245248 2.3066
0.373283 -0.615824 2.42449
0.386624 -0.683153 2.35639
0.120929 0.604054 2.08897
-0.193197 0.0494756 2.38605
-0.142697 0.139451 2.3109
0.318632 0.01976 2.03792
0.338467 0.0279746 2.06625
-0.059512 0.117854 2.31945
-0.0576746 0.386714 2.20119
-0.0583292 0.646223 2.07192
-0.0633255 0.795618 2.01974
-0.207798 0.584859 2.17624
-0.225883 0.347297 2.25929
-0.304282 0.150985 2.35711
-0.329476 0.0787022 2.38723
0.11057 0.552477 2.0944
0.188352 0.312268 2.18687
0.204574 0.0874681 2.09857
0.181789 0.0520921 2.09283
-0.129229 0.12376 2.29718
-0.27483 -0.223154 2.32818
-0.412817 -0.56101 2.47185
-0.453741 -0.625857 2.41206
0.0119209 0.108535 2.27405
0.182809 -0.239432 2.30581
0.324866 -0.565093 2.40321
0.295286 -0.622102 2.30216
-0.0590611 0.582765 2.10633
-0.346743 0.00947161 2.42491
-0.282622 0.0962888 2.33656
0.17608 -0.00870923 2.08489
0.185057 0.0341457 2.04783
-0.162002 0.151101 2.33033
-0.162897 0.417561 2.20741
-0.162018 0.67421 2.07355
-0.178537 0.822008 2.02527
-0.315882 0.614767 2.18355
-0.328926 0.363697 2.27337
-0.409073 0.163845 2.36304
-0.437275 0.0970892 2.38534
0.00356198 0.58453 2.10039
0.0671418 0.325883 2.19891
0.104547 0.0975434 2.13016
0.0838939 0.0481062 2.11792
-0.228687 0.154658 2.30796
-0.340034 -0.203898 2.32163
-0.423793 -0.564111 2.47608
-0.459137 -0.626313 2.42332
-0.0906468 0.143233 2.28521
0.0937147 -0.21077 2.30413
0.272753 -0.541458 2.38071
0.300744 -0.639894 2.32637
-0.162216 0.611378 2.10899
-0.451916 0.0286822 2.40924
-0.382654 0.134192 2.36009
0.072474 0.00761222 2.1166
0.0668574 0.0602751 2.08874
-0.219039 0.190341 2.32538
-0.228797 0.460079 2.20429
-0.237385 0.720551 2.07279
-0.256624 0.86553 2.02449
-0.388725 0.645591 2.18521
-0.430305 0.39136 2.29284
-0.511287 0.179044 2.35219
-0.535184 0.149424 2.35798
-0.0697549 0.629997 2.10096
-0.00995005 0.375207 2.19304
0.0371439 0.14409 2.14431
0.0087002 0.124477 2.13978
-0.285591 0.187727 2.30311
-0.376158 -0.196999 2.36767
-0.440449 -0.566914 2.48122
-0.466063 -0.631498 2.42141
-0.146218 0.187667 2.28045
-0.00457232 -0.18314 2.29631
0.128878 -0.573457 2.43156
0.147547 -0.639168 2.36569
-0.235495 0.65689 2.10756
-0.55391 0.0801291 2.37525
-0.507395 0.12272 2.3391
0.00626606 0.0577276 2.13174
-0.0234113 0.11157 2.1325
-0.260346 0.208288 2.32432
-0.273684 0.479443 2.20705
-0.285146 0.740958 2.07958
-0.312416 0.885479 2.03328
-0.448156 0.668354 2.18726
-0.510747 0.389645 2.31167
-0.597703 0.170375 2.33075
-0.639512 0.126145 2.34487
-0.123826 0.653928 2.10745
-0.0327019 0.39621 2.19903
-0.00754756 0.162972 2.14278
-0.0226247 0.13939 2.1331
-0.327817 0.202751 2.3036
-0.391664 -0.181298 2.38992
-0.444934 -0.551997 2.49953
-0.464727 -0.626189 2.42492
-0.18532 0.207842 2.27798
-0.105958 -0.199716 2.31173
-0.00101225 -0.55512 2.48852
-0.0233774 -0.6242 2.43164
-0.282613 0.67707 2.11333
-0.645078 0.0849566 2.3506
-0.612686 0.100996 2.31671
-0.027667 0.0761213 2.12171
-0.0533833 0.142749 2.11718
-0.315004 0.211016 2.31755
-0.323758 0.485561 2.21139
-0.331834 0.750208 2.09429
-0.367765 0.895918 2.05013
-0.504384 0.676389 2.20541
-0.559154 0.403369 2.30016
-0.663783 0.191987 2.31707
-0.714208 0.14319 2.32644
-0.17155 0.662886 2.11794
-0.0703253 0.417626 2.19872
-0.023383 0.186406 2.14919
-0.0236363 0.123485 2.13841
-0.381747 0.206488 2.29737
-0.421877 -0.171924 2.39377
-0.444677 -0.544984 2.5097
-0.463661 -0.619683 2.43134
-0.239244 0.209413 2.27076
-0.198952 -0.191815 2.34172
-0.167782 -0.545919 2.54157
-0.176761 -0.618073 2.48593
-0.330048 0.685537 2.12545
-0.724004 0.0904464 2.3432
-0.720533 0.160749 2.2902
-0.0225039 0.0627451 2.13709
-0.054881 0.127547 2.12285
-0.356718 0.204264 2.30683
-0.356222 0.481192 2.21197
-0.355026 0.747889 2.10511
-0.395929 0.89345 2.06256
-0.530714 0.675942 2.22175
-0.583921 0.397824 2.29778
-0.694838 0.190555 2.31923
-0.745778 0.137522 2.33799
-0.193524 0.66078 2.12606
-0.0891423 0.416219 2.19683
-0.026653 0.187373 2.15571
-0.0176375 0.122582 2.15484
-0.422309 0.202389 2.28779
-0.444991 -0.17297 2.38367
-0.446391 -0.547074 2.50892
-0.462795 -0.618563 2.43264
-0.280768 0.200191 2.25914
-0.240146 -0.19775 2.36334
-0.219317 -0.548114 2.55492
-0.207212 -0.622043 2.50533
-0.355478 0.682749 2.13382
-0.761593 0.0801955 2.35228
-0.764244 0.129477 2.31286
-0.00570749 0.0564012 2.15463
-0.0442578 0.0893837 2.13812
-0.378381 0.203316 2.30474
-0.377981 0.481398 2.21443
-0.375972 0.749503 2.11341
-0.413646 0.894297 2.07061
-0.552155 0.676568 2.22634
-0.607242 0.394175 2.29937
-0.71062 0.18472 2.33042
-0.756926 0.130024 2.35533
-0.214109 0.661041 2.13393
-0.105355 0.414506 2.19603
-0.0322467 0.18744 2.1673
-0.0168904 0.129265 2.179
-0.444811 0.200829 2.28717
-0.461668 -0.188838 2.38154
-0.451797 -0.551526 2.50657
-0.463429 -0.618182 2.4333
-0.30107 0.199873 2.25574
-0.273753 -0.205255 2.33011
-0.231841 -0.529635 2.54094
-0.210819 -0.609407 2.49705
-0.376792 0.683975 2.14056
-0.76768 0.0767845 2.37519
-0.771857 0.122515 2.32636
0.00559557 0.0585339 2.18816
-0.0493887 0.116066 2.17892
-0.390422 0.205374 2.30411
-0.391645 0.484289 2.21755
-0.391305 0.75343 2.12122
-0.425926 0.897583 2.0768
-0.564526 0.670836 2.22278
-0.629575 0.390489 2.30585
-0.724925 0.176823 2.33504
-0.763362 0.123428 2.36572
-0.230949 0.664855 2.14218
-0.121831 0.421327 2.2039
-0.0389299 0.196963 2.18642
-0.0171119 0.137712 2.19584
-0.45798 0.200374 2.28573
-0.468705 -0.18986 2.37784
-0.457753 -0.55706 2.49948
-0.470352 -0.625173 2.4268
-0.311934 0.204363 2.25591
-0.285064 -0.237625 2.28088
-0.224213 -0.544191 2.46383
-0.209111 -0.617589 2.41448
-0.391737 0.687623 2.14711
-0.770123 0.073883 2.38489
-0.744842 0.103127 2.36269
0.00820526 0.066175 2.21008
-0.0507151 0.125457 2.19289
-0.395687 0.210304 2.30328
-0.40134 0.489679 2.22002
-0.40581 0.758916 2.12762
-0.437168 0.903375 2.08166
-0.578058 0.672589 2.22299
-0.64439 0.396289 2.30698
-0.736691 0.180186 2.33018
-0.77707 0.126388 2.3508
-0.243776 0.67156 2.15333
-0.137149 0.427647 2.22034
-0.0493935 0.205014 2.21197
-0.0264875 0.143435 2.2199
-0.463788 0.204228 2.28382
-0.475526 -0.199229 2.37681
-0.45721 -0.561203 2.49352
-0.472289 -0.626633 2.42686
-0.316485 0.210508 2.25613
-0.296683 -0.246499 2.18986
-0.23945 -0.574358 2.30519
-0.239258 -0.648926 2.22852
-0.405048 0.693126 2.15251
-0.784328 0.07474 2.37361
-0.761738 0.0932701 2.35889
-0.00514381 0.0762141 2.23791
-0.0486851 0.103676 2.2087
-0.396873 0.210467 2.30274
-0.403542 0.48978 2.22121
-0.408905 0.758962 2.1312
-0.440951 0.902928 2.08327
-0.582554 0.672459 2.2247
-0.656931 0.393368 2.30891
-0.74751 0.175247 2.32263
-0.782839 0.121407 2.34291
-0.248531 0.673212 2.16028
-0.142488 0.425302 2.23257
-0.0561488 0.20224 2.22903
-0.0354959 0.140456 2.24187
-0.46521 0.204235 2.28257
-0.477944 -0.191608 2.37329
-0.456971 -0.560006 2.48911
-0.470661 -0.634572 2.42067
-0.317414 0.210741 2.25614
-0.294511 -0.257006 2.14555
-0.269837 -0.606093 2.14096
-0.285645 -0.678711 2.04492
-0.407957 0.693177 2.15546
-0.788685 0.070958 2.35924
-0.772717 0.0878991 2.36321
-0.00750669 0.0779142 2.25039
-0.0639834 0.116177 2.23306
-0.399897 0.205036 2.30416
-0.405677 0.482932 2.22457
-0.409326 0.750818 2.13563
-0.442642 0.896229 2.0833
-0.584135 0.664591 2.22743
-0.655695 0.387118 2.30688
-0.748832 0.169737 2.31673
-0.779616 0.114027 2.33624
-0.25039 0.670322 2.16659
-0.143582 0.416557 2.24645
-0.0602482 0.192641 2.24806
-0.0470249 0.144849 2.25924
-0.467258 0.197335 2.28262
-0.480806 -0.209251 2.39399
-0.478116 -0.572606 2.49947
-0.479345 -0.634593 2.41689
-0.321283 0.206293 2.25905
-0.286593 -0.256568 2.12842
-0.291048 -0.57869 2.03385
-0.315787 -0.636038 1.91723
-0.408841 0.685341 2.15969
-0.788408 0.0598154 2.35654
-0.762853 0.0903361 2.348
-0.0169153 0.072299 2.27074
-0.0812644 0.134635 2.251
-0.397741 0.202848 2.30641
-0.402638 0.479464 2.22622
-0.404655 0.745825 2.13599
-0.437391 0.892238 2.08109
-0.576901 0.664042 2.22713
-0.64403 0.382555 2.3011
-0.733026 0.16411 2.31763
-0.750903 0.107225 2.34454
-0.246803 0.668201 2.17037
-0.138245 0.411906 2.25437
-0.0575263 0.187569 2.26288
-0.0392844 0.14388 2.27792
-0.463661 0.195212 2.2824
-0.477035 -0.197283 2.3912
-0.481249 -0.570445 2.50469
-0.483581 -0.633865 2.41579
-0.320225 0.20432 2.2642
-0.278568 -0.228239 2.11145
-0.286348 -0.548897 2.02552
-0.297084 -0.60349 1.90426
-0.404623 0.68075 2.16044
-0.760876 0.052565 2.36179
-0.758199 0.0957084 2.3714
-0.014216 0.0725047 2.2888
-0.0567822 0.093206 2.2785
-0.375546 0.205453 2.3056
-0.38493 0.480941 2.22317
-0.391437 0.746539 2.13079
-0.417921 0.89326 2.07466
-0.561423 0.657964 2.21073
-0.626702 0.389193 2.2943
-0.70927 0.169373 2.31981
-0.723909 0.111273 2.35228
-0.232577 0.670965 2.17067
-0.130849 0.414761 2.25689
-0.0479318 0.191615 2.26938
-0.0172729 0.136544 2.27618
-0.445419 0.197358 2.27875
-0.461308 -0.204624 2.39729
-0.464151 -0.560564 2.50463
-0.482128 -0.631534 2.4177
-0.294281 0.207635 2.26622
-0.267837 -0.235444 2.10942
-0.237075 -0.558314 2.09565
-0.230322 -0.621172 2.02114
-0.390279 0.681612 2.15575
-0.72556 0.0522701 2.37134
-0.728972 0.0983972 2.37027
0.00901911 0.0778335 2.28552
-0.0463018 0.113793 2.26993
-0.358654 0.20815 2.30195
-0.36238 0.481273 2.21721
-0.363512 0.744257 2.12181
-0.387428 0.893114 2.06894
-0.547344 0.663414 2.20659
-0.612553 0.38488 2.29164
-0.690488 0.163789 2.32004
-0.706963 0.11077 2.35544
-0.206309 0.669845 2.16647
-0.111201 0.415965 2.25515
-0.0289167 0.192938 2.27056
-0.00420949 0.149905 2.26843
-0.428984 0.200122 2.27501
-0.449159 -0.176452 2.38617
-0.452024 -0.554181 2.51546
-0.469826 -0.622017 2.4328
-0.277759 0.210194 2.2623
-0.221972 -0.223637 2.13349
-0.147566 -0.570404 2.19216
-0.133435 -0.631163 2.1154
-0.363634 0.680013 2.14758
-0.710828 0.0580787 2.36957
-0.707464 0.0968253 2.3817
0.0273099 0.0722823 2.28798
-0.0407571 0.144473 2.26116
-0.322443 0.200062 2.29012
-0.31843 0.472093 2.20611
-0.312327 0.734334 2.11181
-0.32546 0.883377 2.05828
-0.489034 0.661147 2.18723
-0.548549 0.393217 2.26792
-0.6435 0.182524 2.31203
-0.66576 0.11457 2.33697
-0.151415 0.65604 2.15953
-0.0685726 0.404047 2.24244
0.00991522 0.180067 2.26042
0.0433096 0.115013 2.2613
-0.392646 0.195249 2.25982
-0.431545 -0.165169 2.37853
-0.447776 -0.546178 2.51767
-0.466785 -0.619141 2.43588
-0.242522 0.199038 2.25332
-0.14898 -0.218707 2.19773
-0.0490768 -0.585208 2.32499
-0.0317909 -0.657598 2.27965
-0.314186 0.670243 2.13728
-0.674041 0.0548797 2.36161
-0.634618 0.10871 2.32444
0.061273 0.0477977 2.29713
-0.00523648 0.139393 2.268
-0.257189 0.17736 2.27697
-0.252726 0.450648 2.19201
-0.247679 0.714376 2.09657
-0.255694 0.866312 2.04453
-0.418698 0.640273 2.16585
-0.486646 0.378915 2.24278
-0.589429 0.176133 2.30042
-0.617218 0.104439 2.32968
-0.0826355 0.637616 2.14902
-0.00606999 0.368659 2.23376
0.0644574 0.141465 2.24456
0.0862513 0.088318 2.24303
-0.327843 0.174843 2.24401
-0.405951 -0.16687 2.36509
-0.447807 -0.545915 2.51711
-0.46589 -0.618694 2.43585
-0.17878 0.174587 2.24276
-0.0938502 -0.238609 2.26834
-0.0163198 -0.600109 2.38725
-0.00776735 -0.670726 2.32282
-0.249185 0.649921 2.12236
-0.630628 0.0429488 2.35078
-0.593142 0.0921458 2.32116
0.104434 0.0233348 2.26504
0.0529645 0.0835458 2.23922
-0.203774 0.173792 2.27366
-0.196296 0.446167 2.18393
-0.187299 0.708632 2.08299
-0.194091 0.863873 2.0307
-0.354778 0.636979 2.14375
-0.4372 0.377578 2.22875
-0.529603 0.168771 2.28407
-0.559155 0.104639 2.3111
-0.0233926 0.633077 2.13909
0.0425519 0.367917 2.22286
0.116725 0.14134 2.22606
0.140558 0.0828226 2.22407
-0.274725 0.171343 2.23939
-0.367094 -0.177945 2.34692
-0.443119 -0.550172 2.50895
-0.46601 -0.619953 2.43486
-0.126724 0.171081 2.24059
-0.0543943 -0.227695 2.30165
-0.00273446 -0.591104 2.41339
-0.00196594 -0.664395 2.33598
-0.189774 0.644506 2.11021
-0.570464 0.0452517 2.32713
-0.541016 0.077297 2.314
0.160132 0.0156874 2.2451
0.107622 0.0760032 2.22938
-0.139673 0.178106 2.27366
-0.13376 0.449319 2.17608
-0.126957 0.710707 2.0676
-0.124252 0.864545 2.01442
-0.29399 0.640397 2.12445
-0.372252 0.382091 2.21324
-0.475472 0.175395 2.25893
-0.491966 0.110072 2.28133
0.0396587 0.635175 2.13001
0.108299 0.376491 2.21029
0.171399 0.146366 2.20964
0.192937 0.0890256 2.20259
-0.211609 0.175183 2.23809
-0.322388 -0.200694 2.32639
-0.423851 -0.55286 2.48677
-0.464811 -0.62263 2.42421
-0.0634932 0.175749 2.2417
-0.0127441 -0.227878 2.32657
0.00314149 -0.587189 2.41971
0.00430045 -0.662412 2.34619
-0.128794 0.646853 2.09667
-0.502634 0.0458955 2.30172
-0.465149 0.0977657 2.28073
0.215254 0.0168115 2.22483
0.167609 0.0584638 2.19206
-0.0861097 0.185382 2.27541
-0.0757458 0.453267 2.17112
-0.0649984 0.711255 2.05577
-0.0587305 0.866018 2.00046
-0.225209 0.639149 2.10915
-0.313049 0.390823 2.19563
-0.402601 0.173035 2.22143
-0.421149 0.11172 2.23656
0.103813 0.6379 2.11713
0.170612 0.387379 2.20169
0.230411 0.15629 2.19877
0.250122 0.0945144 2.18896
-0.159892 0.184679 2.24019
-0.255012 -0.19602 2.27653
-0.351673 -0.558912 2.43695
-0.387145 -0.629012 2.39559
-0.00971227 0.180597 2.24311
0.0214193 -0.218705 2.34413
0.014512 -0.583187 2.42611
0.00902028 -0.665017 2.34529
-0.0677376 0.648261 2.08657
-0.435404 0.0417353 2.25966
-0.391926 0.101901 2.23118
0.271569 0.0215918 2.21072
0.223747 0.069491 2.17922
-0.0589102 0.185172 2.27188
-0.0468352 0.453116 2.16615
-0.0346951 0.711249 2.04959
-0.0260752 0.864516 1.99248
-0.19711 0.642571 2.10641
-0.276869 0.392075 2.1861
-0.371718 0.175339 2.20454
-0.385187 0.110933 2.20916
0.132687 0.634649 2.11436
0.195198 0.388005 2.19903
0.253431 0.156648 2.19892
0.272748 0.092953 2.19408
-0.133719 0.187207 2.2356
-0.19318 -0.209447 2.26338
-0.239749 -0.569332 2.4324
-0.251278 -0.634486 2.36257
0.017786 0.177569 2.24064
0.0295909 -0.222988 2.34481
0.0168342 -0.582881 2.42784
0.0105003 -0.665305 2.34396
-0.0377427 0.648214 2.08067
-0.399976 0.0417307 2.2269
-0.354174 0.101954 2.20423
0.298252 0.018987 2.21041
0.250178 0.060917 2.18331
-0.0430858 0.178864 2.26605
-0.0311729 0.447503 2.16273
-0.0191391 0.706163 2.04849
-0.00324511 0.857482 1.98926
-0.176974 0.637221 2.10283
-0.26147 0.388614 2.18007
-0.354646 0.170778 2.19603
-0.370528 0.104752 2.20451
0.150684 0.627754 2.11644
0.208374 0.381151 2.20329
0.266389 0.149826 2.20379
0.282209 0.0856222 2.20331
-0.117467 0.180597 2.2285
-0.154637 -0.219182 2.27915
-0.159891 -0.57816 2.4217
-0.167877 -0.649815 2.34638
0.0326497 0.171692 2.23596
0.0477715 -0.220459 2.33996
0.0207881 -0.583929 2.43106
0.0118098 -0.664967 2.34434
-0.0221611 0.643009 2.079
-0.385722 0.0344924 2.2227
-0.338979 0.0984977 2.2066
0.306629 0.0100091 2.21916
0.247099 0.0927507 2.2091
-0.0310118 0.172284 2.25788
-0.0212508 0.443193 2.15895
-0.0111504 0.703657 2.04829
0.00873737 0.854114 1.98799
-0.16881 0.634466 2.10058
-0.254161 0.385525 2.17482
-0.345781 0.167572 2.19497
-0.366229 0.106506 2.20902
0.158727 0.624066 2.11938
0.212238 0.36939 2.20438
0.269629 0.138722 2.21524
0.276718 0.0744754 2.22348
-0.105476 0.173075 2.21932
-0.13662 -0.22611 2.29001
-0.147613 -0.584707 2.41837
-0.162932 -0.652275 2.3461
0.0444201 0.166239 2.22862
0.0557551 -0.228547 2.33956
0.0231668 -0.587136 2.43252
0.0121286 -0.664845 2.34545
-0.0137364 0.640101 2.07798
-0.38084 0.0361987 2.23395
-0.335439 0.094578 2.2123
0.30377 0.00158656 2.2426
0.25398 0.0478511 2.21646
-0.0264257 0.171594 2.2506
-0.0166069 0.443303 2.1545
-0.00684095 0.704597 2.04657
0.0172423 0.854975 1.98608
-0.162177 0.632343 2.09326
-0.248081 0.388576 2.16315
-0.342938 0.173443 2.19193
-0.369196 0.107779 2.20635
0.164441 0.625757 2.12008
0.202601 0.371884 2.20201
0.248111 0.142473 2.23892
0.25088 0.0780797 2.25278
-0.1007 0.172317 2.21046
-0.141016 -0.234191 2.30525
-0.16213 -0.591765 2.42669
-0.16328 -0.654579 2.34641
0.0485946 0.165649 2.22292
0.0545786 -0.226305 2.33562
0.0236133 -0.587413 2.43299
0.0115148 -0.664521 2.3465
-0.00930885 0.640832 2.07562
-0.387227 0.0351678 2.23386
-0.33964 0.0816616 2.2076
0.271454 0.00141858 2.2867
0.218031 0.0761477 2.2388
-0.0254894 0.170217 2.24706
-0.0160718 0.442906 2.15134
-0.00672637 0.705176 2.04415
0.0208146 0.854646 1.98352
-0.162147 0.629457 2.08494
-0.249778 0.385076 2.1548
-0.343785 0.170025 2.18593
-0.367818 0.102894 2.1946
0.164021 0.625991 2.12075
0.192171 0.372828 2.20131
0.232711 0.145914 2.25237
0.236976 0.080235 2.26929
-0.0995194 0.169791 2.20484
-0.142921 -0.237483 2.32031
-0.161042 -0.587115 2.42896
-0.164587 -0.655214 2.34872
0.0492499 0.16517 2.22112
0.0403847 -0.236578 2.31873
0.0192073 -0.586744 2.42944
0.0086984 -0.662256 2.34734
-0.00907533 0.64117 2.07298
-0.385069 0.0293803 2.2268
-0.337798 0.080722 2.19822
0.258642 0.00163867 2.3043
0.211941 0.0600869 2.26043
-0.0226783 0.16798 2.24805
-0.0156298 0.440029 2.15007
-0.00897388 0.70021 2.03924
0.0250471 0.846996 1.97864
-0.166224 0.618841 2.07185
-0.254959 0.378366 2.14045
-0.343113 0.159661 2.16528
-0.366638 0.0921406 2.17459
0.159463 0.627457 2.12369
0.177573 0.37563 2.20671
0.224486 0.150619 2.26005
0.229412 0.0839118 2.27938
-0.0963032 0.166765 2.20436
-0.146782 -0.233557 2.32023
-0.162914 -0.58589 2.43793
-0.166884 -0.655485 2.35194
0.0519456 0.163631 2.22397
0.0287738 -0.25907 2.27015
0.00876563 -0.596845 2.40608
0.0047235 -0.664323 2.33921
-0.0104712 0.636764 2.06914
-0.385234 0.0161415 2.20695
-0.31141 0.122014 2.14425
0.252165 0.00839792 2.31051
0.19479 0.100607 2.28233
-0.0183805 0.164936 2.24777
-0.0124573 0.434309 2.14591
-0.00702968 0.692527 2.03143
0.0318564 0.839005 1.97124
-0.164429 0.610734 2.06286
-0.256965 0.364416 2.12239
-0.338849 0.14249 2.14215
-0.362007 0.0769142 2.14903
0.158603 0.627664 2.12497
0.178689 0.377176 2.21574
0.225516 0.151818 2.26791
0.244166 0.0865925 2.28443
-0.091747 0.16233 2.20212
-0.146749 -0.225899 2.31415
-0.168047 -0.585486 2.4372
-0.167371 -0.655706 2.35322
0.0559187 0.161908 2.22546
0.0609064 -0.242213 2.22017
0.0429577 -0.599031 2.36894
0.0575162 -0.669023 2.2948
-0.00828464 0.629497 2.06214
-0.38279 0.000826879 2.18319
-0.303705 0.108978 2.13027
0.265194 0.0141073 2.31991
0.242005 0.0233158 2.31575
0.0202282 0.16715 2.24449
0.019421 0.436208 2.1369
0.018861 0.695237 2.01856
0.0663636 0.842045 1.96296
-0.135754 0.60761 2.03904
-0.233703 0.364675 2.10159
-0.306339 0.137326 2.09567
-0.320263 0.0732212 2.10054
0.175791 0.631749 2.12152
0.202638 0.376506 2.22201
0.269048 0.156636 2.27528
0.298905 0.0901866 2.28145
-0.0535382 0.161675 2.19389
-0.124276 -0.220385 2.30802
-0.167023 -0.58543 2.43817
-0.168275 -0.657148 2.3525
0.0934225 0.167532 2.22744
0.156902 -0.224579 2.20602
0.214988 -0.600853 2.35616
0.243543 -0.661332 2.28935
0.0189897 0.631993 2.05009
-0.332166 0.00569023 2.11956
-0.286667 0.06564 2.1165
0.315364 0.0202784 2.31304
0.251125 0.124616 2.28425
0.0559453 0.158409 2.23625
0.0568553 0.428317 2.13072
0.0574382 0.688348 2.01445
0.112566 0.835701 1.95966
-0.0905569 0.599431 2.02975
-0.195782 0.359102 2.08436
-0.276533 0.134516 2.06778
-0.28896 0.0695475 2.06396
0.214265 0.62538 2.11597
0.244403 0.367709 2.21638
0.32011 0.150237 2.26688
0.350943 0.0788286 2.26709
-0.0172003 0.153569 2.18331
-0.109281 -0.20621 2.29924
-0.163736 -0.583451 2.43771
-0.168959 -0.658122 2.34996
0.12737 0.158462 2.22158
0.232703 -0.228393 2.21413
0.345125 -0.602842 2.35389
0.373325 -0.662933 2.28776
0.057354 0.624846 2.04545
-0.299834 -0.00043576 2.0835
-0.261025 0.0493041 2.07526
0.371991 0.0110238 2.29289
0.302968 0.113245 2.2706
0.103513 0.136876 2.22833
0.112512 0.408997 2.12765
0.121473 0.671334 2.01649
0.178537 0.817255 1.96231
-0.0287668 0.582392 2.03288
-0.14417 0.33734 2.08003
-0.23449 0.117338 2.04921
-0.235561 0.0796643 2.04757
0.275561 0.601449 2.1201
0.316893 0.327116 2.23904
0.391647 0.103174 2.25916
0.418281 0.0420512 2.25506
0.028745 0.135348 2.17477
-0.0766482 -0.196979 2.28563
-0.159461 -0.582888 2.43759
-0.168561 -0.65847 2.34973
0.175124 0.13421 2.21433
0.296022 -0.249068 2.23279
0.409782 -0.609814 2.35538
0.427087 -0.665526 2.25333
0.11931 0.607234 2.04619
-0.261063 0.00476898 2.04221
-0.217739 0.044916 2.05915
0.431369 -0.00845229 2.27081
0.384128 0.050203 2.272
0.210873 0.111186 2.22547
0.223052 0.384339 2.12832
0.234532 0.647876 2.0198
0.294359 0.794095 1.96525
0.0910216 0.555816 2.03817
-0.0334623 0.319007 2.08424
-0.134709 0.103446 2.05624
-0.139387 0.0696084 2.05995
0.390296 0.573072 2.12222
0.422056 0.299114 2.22685
0.486649 0.0703632 2.22759
0.510234 0.0116265 2.21573
0.135495 0.109552 2.17194
-0.0151403 -0.21841 2.27425
-0.139766 -0.579564 2.43146
-0.163539 -0.652835 2.36118
0.279997 0.109508 2.21169
0.354792 -0.260824 2.2403
0.424176 -0.629366 2.37362
0.445996 -0.695601 2.31762
0.231874 0.583453 2.04892
-0.17291 -0.00646622 2.05598
-0.102849 0.0614076 2.0635
0.525177 -0.037275 2.22771
0.505549 -0.022571 2.23675
0.287999 0.115776 2.23476
0.306689 0.389508 2.13137
0.323057 0.653525 2.01686
0.385386 0.798139 1.96388
0.179549 0.563002 2.03334
0.044867 0.320541 2.08847
-0.0458361 0.0996137 2.0867
-0.0551075 0.0701809 2.09299
0.485471 0.575936 2.1282
0.498822 0.298773 2.2257
0.552865 0.0676137 2.19822
0.568303 0.0204751 2.17288
0.212963 0.117597 2.18117
0.0624031 -0.218231 2.24847
-0.11105 -0.569261 2.41462
-0.156229 -0.651508 2.34496
0.354407 0.110552 2.22127
0.410279 -0.26745 2.24358
0.430876 -0.62858 2.37579
0.446722 -0.697216 2.32132
0.319374 0.588994 2.04745
-0.0821384 -0.00404567 2.10725
-0.0324327 0.0432097 2.0963
0.576992 -0.0246194 2.18541
0.565145 -0.0233552 2.19283
0.335021 0.128286 2.2409
0.362971 0.401979 2.13385
0.38833 0.665763 2.01584
0.453994 0.809734 1.96218
0.246395 0.577343 2.03449
0.111725 0.329499 2.09386
0.0214551 0.108714 2.10025
0.0210389 0.0837161 2.11243
0.539657 0.574197 2.12281
0.563758 0.307831 2.22398
0.615394 0.0817487 2.16051
0.611462 0.0419425 2.136
0.259082 0.132946 2.19011
0.122383 -0.22421 2.22247
-0.0383722 -0.569496 2.37694
-0.0751343 -0.64502 2.33008
0.401054 0.119981 2.22486
0.436014 -0.262982 2.26046
0.440953 -0.632687 2.38152
0.454857 -0.703105 2.33213
0.382467 0.601307 2.04728
-0.000691756 0.0115241 2.13083
0.0666813 0.101058 2.08625
0.617715 0.00311208 2.13545
0.607095 0.012226 2.13867
0.385914 0.140288 2.24634
0.419607 0.413127 2.13846
0.449945 0.676302 2.02016
0.51238 0.818264 1.96582
0.291442 0.588084 2.04197
0.163772 0.331771 2.10519
0.0741203 0.110207 2.10462
0.0784188 0.0917682 2.11489
0.599842 0.581941 2.12873
0.619627 0.332718 2.2246
0.637627 0.102929 2.15379
0.650035 0.0667585 2.11327
0.308258 0.147139 2.19516
0.207565 -0.234299 2.20919
0.102199 -0.582483 2.38181
0.0978867 -0.664537 2.32052
0.452061 0.129292 2.23089
0.459935 -0.248365 2.28459
0.44249 -0.626274 2.39902
0.453978 -0.697441 2.33873
0.442926 0.611975 2.05161
0.0608724 0.0210616 2.12947
0.110245 0.0824138 2.11894
0.65406 0.0291674 2.11733
0.644543 0.0213642 2.1335
0.417048 0.137279 2.24951
0.449619 0.411986 2.14395
0.47879 0.676997 2.02803
0.547546 0.814963 1.97284
0.33006 0.590695 2.05016
0.187893 0.345373 2.10876
0.10431 0.121264 2.10606
0.0990323 0.0887914 2.11619
0.627652 0.578577 2.13784
0.641091 0.322924 2.23333
0.661576 0.0980712 2.14741
0.674071 0.0644147 2.11408
0.338841 0.144711 2.19709
0.257174 -0.25783 2.22959
0.157706 -0.588727 2.38941
0.15973 -0.673225 2.34118
0.482906 0.125803 2.23547
0.475067 -0.254404 2.29622
0.441004 -0.621732 2.4081
0.450518 -0.697561 2.34734
0.472078 0.612209 2.05888
0.080627 0.0184341 2.13273
0.121302 0.071288 2.10913
0.681113 0.0352349 2.10623
0.658958 0.0343048 2.12583
0.441209 0.131516 2.25252
0.472003 0.407536 2.14947
0.499301 0.673829 2.03604
0.569514 0.812134 1.98095
0.351557 0.587114 2.05476
0.203358 0.342468 2.10961
0.119984 0.118382 2.1098
0.109805 0.0880641 2.1206
0.646288 0.577004 2.14758
0.642105 0.308756 2.23546
0.685342 0.0856201 2.15512
0.691181 0.0507772 2.12843
0.363319 0.138089 2.19949
0.281199 -0.269409 2.23163
0.166069 -0.590564 2.39057
0.162626 -0.675336 2.34234
0.50607 0.121068 2.23917
0.487291 -0.26068 2.29617
0.444277 -0.624677 2.40587
0.450722 -0.699443 2.34451
0.493072 0.608718 2.06627
0.0929791 0.018328 2.13927
0.16371 0.112137 2.1074
0.695576 0.0293224 2.11698
0.674938 0.0200351 2.14775
0.458619 0.13262 2.25666
0.488929 0.408594 2.15546
0.51691 0.674825 2.04453
0.585432 0.813224 1.98961
0.368761 0.58761 2.06184
0.220633 0.343976 2.11171
0.132622 0.121527 2.10951
0.111589 0.0744616 2.12659
0.671707 0.581219 2.16042
0.670567 0.325524 2.24815
0.681563 0.0967452 2.17222
0.69462 0.0611395 2.14097
0.380414 0.139799 2.20416
0.31976 -0.257352 2.18617
0.180094 -0.588575 2.36573
0.177889 -0.663857 2.31003
0.523392 0.121638 2.24291
0.497354 -0.281509 2.29783
0.453455 -0.628741 2.39215
0.457144 -0.702731 2.33889
0.510417 0.609731 2.07407
0.0970158 0.0284621 2.13203
0.145611 0.0664 2.13381
0.695556 0.0284873 2.13163
0.681065 0.016272 2.16567
0.476141 0.140318 2.25901
0.506147 0.414768 2.16198
0.532999 0.679774 2.05489
0.599205 0.819795 1.99885
0.385583 0.593508 2.07404
0.240486 0.352557 2.12326
0.144668 0.133149 2.11016
0.131956 0.101708 2.11918
0.6921 0.585231 2.16721
0.681689 0.301125 2.25504
0.699683 0.0790122 2.16129
0.706325 0.0494796 2.13713
0.396892 0.148539 2.20717
0.339382 -0.260083 2.12533
0.198337 -0.581764 2.28655
0.196921 -0.650886 2.22386
0.541462 0.128013 2.24476
0.519607 -0.302018 2.30412
0.460562 -0.628966 2.3889
0.460776 -0.703133 2.3413
0.526865 0.614958 2.0835
0.117361 0.0307547 2.13353
0.140332 0.0546738 2.1135
0.708369 0.031449 2.1306
0.688974 0.0217905 2.15828
0.483584 0.143381 2.25948
0.513377 0.417818 2.16474
0.540604 0.682821 2.06044
0.605095 0.823337 2.0034
0.393591 0.599469 2.08251
0.253703 0.370397 2.13186
0.155998 0.15173 2.11904
0.136316 0.11127 2.13222
0.691039 0.58454 2.16573
0.700867 0.337536 2.25186
0.69511 0.108283 2.17613
0.703623 0.076217 2.13157
0.401228 0.151349 2.2072
0.339274 -0.264735 2.08455
0.211174 -0.616446 2.14331
0.219473 -0.682844 2.07874
0.552315 0.131281 2.24571
0.519399 -0.306038 2.30856
0.459475 -0.629046 2.3891
0.460732 -0.7034 2.34139
0.534336 0.61801 2.08831
0.11515 0.0404365 2.1419
0.158754 0.0817976 2.13364
0.702798 0.03637 2.12675
0.68984 0.0270723 2.14636
0.484216 0.141822 2.25692
0.514901 0.417373 2.16509
0.543469 0.682631 2.06375
0.606457 0.823188 2.00534
0.396555 0.599186 2.08832
0.25738 0.361658 2.14163
0.155423 0.145048 2.13695
0.14315 0.112875 2.15114
0.692838 0.584504 2.16568
0.701019 0.340241 2.24962
0.698794 0.112181 2.16984
0.694081 0.0739087 2.12693
0.402116 0.150727 2.20541
0.322032 -0.280894 2.0673
0.25561 -0.649874 2.00157
0.265381 -0.711914 1.90234
0.552255 0.128463 2.24207
0.514627 -0.310871 2.30906
0.456069 -0.632976 2.38717
0.459685 -0.703653 2.32989
0.536842 0.617741 2.09071
0.119527 0.03811 2.16386
0.199465 0.141381 2.12475
0.69452 0.0343241 2.11896
0.677248 0.0358532 2.144
0.486299 0.13719 2.25521
0.516823 0.413304 2.16568
0.544616 0.679038 2.06625
0.605537 0.8199 2.00697
0.393951 0.594034 2.08742
0.261866 0.361391 2.1526
0.164096 0.143507 2.15945
0.148441 0.111988 2.17832
0.694472 0.583452 2.16584
0.699101 0.296152 2.24184
0.698413 0.0735677 2.14687
0.688419 0.0510755 2.12077
0.404678 0.147035 2.20473
0.314363 -0.262619 2.06281
0.268319 -0.59103 1.95577
0.280369 -0.652357 1.83852
0.553736 0.122865 2.23926
0.516082 -0.304464 2.29916
0.462745 -0.629865 2.37523
0.463302 -0.704607 2.32217
0.538232 0.614059 2.09283
0.12164 0.0367564 2.19055
0.200575 0.137548 2.14433
0.685472 0.0247263 2.11328
0.673518 0.0160916 2.14167
0.482298 0.135477 2.25207
0.513254 0.410746 2.1639
0.540206 0.675924 2.06541
0.597646 0.816627 2.00399
0.38966 0.593645 2.08854
0.265733 0.369493 2.15935
0.168929 0.153761 2.18642
0.148457 0.115818 2.20983
0.694498 0.581681 2.16353
0.693685 0.296985 2.23673
0.687878 0.0732998 2.14463
0.672058 0.045279 2.12091
0.400892 0.145489 2.20307
0.310554 -0.27577 2.04957
0.253193 -0.59823 1.97768
0.23772 -0.671867 1.88092
0.549497 0.121235 2.23458
0.513003 -0.297102 2.29399
0.462362 -0.629815 2.36846
0.463909 -0.70398 2.31985
0.534157 0.611092 2.09184
0.124772 0.0430361 2.23131
0.186739 0.12559 2.1775
0.671213 0.0190476 2.11224
0.684401 0.0444 2.09409
0.469714 0.138652 2.24797
0.502678 0.412081 2.1593
0.531451 0.675889 2.06031
0.584395 0.819188 1.99798
0.386502 0.596536 2.09154
0.263778 0.371262 2.16297
0.16661 0.15739 2.19852
0.141929 0.119465 2.22058
0.692965 0.581197 2.1609
0.684331 0.321613 2.22727
0.673639 0.0926459 2.15101
0.656412 0.0991932 2.13198
0.389007 0.14952 2.20042
0.290436 -0.273362 2.07666
0.182191 -0.65093 2.08218
0.194604 -0.693257 1.97836
0.536301 0.123555 2.22894
0.509101 -0.281869 2.292
0.456357 -0.631896 2.38656
0.461066 -0.703745 2.32473
0.524948 0.611366 2.0869
0.117522 0.0442351 2.25091
0.173053 0.10709 2.211
0.653031 0.0265715 2.10851
0.662866 0.0844695 2.08528
0.462036 0.138512 2.24799
0.492545 0.411061 2.15782
0.517675 0.673775 2.05618
0.566041 0.818663 1.99283
0.373994 0.59681 2.09092
0.246708 0.360364 2.16831
0.153406 0.146987 2.21254
0.130005 0.117084 2.22776
0.690217 0.582241 2.15263
0.674828 0.311055 2.22845
0.654842 0.0852467 2.14395
0.640899 0.0976834 2.13327
0.381467 0.149208 2.20162
0.255786 -0.260353 2.12437
0.139759 -0.645575 2.14901
0.121811 -0.708181 2.07914
0.528769 0.123663 2.22796
0.505767 -0.273283 2.28834
0.454516 -0.628953 2.39316
0.460164 -0.704359 2.33161
0.512088 0.609511 2.08352
0.110268 0.0401896 2.26165
0.181132 0.14092 2.181
0.635577 0.0221979 2.10785
0.657755 0.0875861 2.09767
0.442643 0.140097 2.24759
0.472055 0.411042 2.15237
0.497232 0.672271 2.04613
0.536837 0.818942 1.98479
0.350991 0.598146 2.08652
0.240277 0.362915 2.16519
0.139327 0.153773 2.21215
0.109737 0.115269 2.22389
0.67206 0.58363 2.13284
0.657845 0.296344 2.22046
0.634304 0.0696295 2.13973
0.62103 0.0432822 2.12053
0.362359 0.150043 2.20312
0.206063 -0.24697 2.16213
0.067268 -0.605701 2.22408
0.0360396 -0.671063 2.15031
0.509651 0.126008 2.22565
0.494915 -0.269905 2.28272
0.452641 -0.62574 2.3941
0.460353 -0.704349 2.33733
0.491584 0.608409 2.07463
0.08876 0.0396666 2.25215
0.167465 0.148246 2.1715
0.620118 0.0108343 2.12225
0.638846 0.0433736 2.0975
0.390337 0.150691 2.24501
0.424401 0.419206 2.144
0.454425 0.678168 2.03281
0.471373 0.832922 1.97587
0.298412 0.607992 2.08416
0.188674 0.364955 2.16082
0.0883137 0.154162 2.20232
0.0582397 0.124454 2.20125
0.622569 0.588661 2.10085
0.617783 0.351497 2.17983
0.609801 0.113719 2.14749
0.582793 0.0991699 2.12248
0.310192 0.160018 2.20651
0.105987 -0.203448 2.20064
-0.0722449 -0.539557 2.29519
-0.136884 -0.614739 2.22426
0.458719 0.136893 2.21687
0.469569 -0.254498 2.28119
0.453121 -0.621147 2.39363
0.458034 -0.701853 2.34216
0.447549 0.614874 2.06247
0.0314442 0.0482833 2.22238
0.0749196 0.0782337 2.19743
0.576595 0.0221228 2.1073
0.593891 0.0814465 2.08158
0.341085 0.155184 2.24421
0.371095 0.423991 2.14046
0.397933 0.683164 2.02623
0.40314 0.8358 1.97151
0.241168 0.614123 2.086
0.136904 0.352729 2.16955
0.0264719 0.144366 2.19834
0.00579616 0.136869 2.1929
0.560323 0.589925 2.0765
0.598475 0.329426 2.17969
0.560759 0.0994298 2.11633
0.537955 0.099299 2.1059
0.263503 0.165395 2.20983
0.0467187 -0.154404 2.22161
-0.184284 -0.50923 2.32572
-0.249673 -0.587816 2.26683
0.408366 0.140315 2.21167
0.432967 -0.238481 2.27417
0.445193 -0.62151 2.39889
0.449859 -0.694753 2.34347
0.391741 0.619835 2.05668
-0.0322582 0.057762 2.20656
0.0486519 0.13022 2.1787
0.526129 0.0232963 2.08987
0.558558 0.0832151 2.07564
0.264489 0.144299 2.24515
0.289425 0.413388 2.13876
0.31162 0.672795 2.02173
0.312643 0.82299 1.96971
0.161198 0.606515 2.09147
0.0668819 0.344788 2.18247
-0.0614211 0.146936 2.20963
-0.0907237 0.109235 2.21493
0.48592 0.577576 2.06551
0.52912 0.317477 2.17048
0.491364 0.0898076 2.09823
0.475063 0.0865782 2.09225
0.186596 0.15375 2.21511
-0.0282009 -0.148728 2.24737
-0.181813 -0.45744 2.35849
-0.259449 -0.528403 2.30952
0.334205 0.13045 2.2082
0.379715 -0.254706 2.25332
0.438902 -0.623987 2.39739
0.448749 -0.69494 2.33518
0.306506 0.609416 2.05291
-0.112322 0.043145 2.22918
-0.0714405 0.0736305 2.201
0.465382 0.00919492 2.07641
0.488812 0.0665009 2.06038
0.123034 0.110295 2.2558
0.143732 0.378984 2.14855
0.162988 0.638248 2.03033
0.165319 0.790446 1.98167
0.00984106 0.577366 2.10794
-0.0827366 0.324445 2.20776
-0.217558 0.135426 2.25001
-0.254716 0.0819424 2.26559
0.333643 0.540929 2.06452
0.381426 0.292797 2.15023
0.402078 0.0574474 2.10664
0.367212 0.0076874 2.09375
0.0460472 0.117795 2.23058
-0.136025 -0.209327 2.28592
-0.32432 -0.550414 2.39766
-0.381152 -0.631431 2.34547
0.196188 0.099421 2.21351
0.304651 -0.265041 2.23932
0.420355 -0.626114 2.37752
0.446432 -0.695564 2.32754
0.158414 0.574875 2.06186
-0.266069 0.0276477 2.2818
-0.254744 0.0519736 2.29633
0.36849 -0.0409003 2.08469
0.388498 -0.00609139 2.07019
0.00394761 0.114401 2.26776
0.0206854 0.383295 2.16043
0.0366217 0.642839 2.04212
0.0377415 0.795253 1.99295
-0.124099 0.588821 2.12291
-0.221607 0.33535 2.21765
-0.347056 0.139875 2.25817
-0.391069 0.0869768 2.27047
0.197666 0.554387 2.06918
0.2704 0.2946 2.1482
0.321663 0.0618018 2.13049
0.312645 -2.97881e-005 2.12416
-0.0695295 0.120534 2.24179
-0.211007 -0.22642 2.2874
-0.320158 -0.575386 2.43616
-0.377831 -0.637528 2.38181
0.0772428 0.104856 2.226
0.225677 -0.250397 2.25552
0.405847 -0.617451 2.37046
0.441136 -0.686715 2.32113
0.0329827 0.579343 2.07366
-0.406326 0.0343893 2.27937
-0.373419 0.0672044 2.26529
0.328885 -0.0661589 2.12583
0.335464 -0.00406089 2.09714
-0.0895253 0.154638 2.27828
-0.0777932 0.422347 2.16708
-0.0659792 0.680525 2.045
-0.0666329 0.830261 1.99556
-0.235746 0.627293 2.13453
-0.324132 0.3829 2.22324
-0.473794 0.200811 2.24205
-0.50835 0.158131 2.24494
0.100614 0.586636 2.0729
0.184369 0.332196 2.14613
0.243247 0.100874 2.13778
0.251528 0.0428515 2.14364
-0.160625 0.158878 2.25077
-0.270188 -0.201535 2.28715
-0.350826 -0.578112 2.4351
-0.381737 -0.64221 2.38045
-0.015773 0.145815 2.23824
0.142304 -0.229889 2.2481
0.340251 -0.604128 2.34794
0.357667 -0.672138 2.29115
-0.0690306 0.617475 2.07748
-0.53994 0.0912349 2.24847
-0.435247 0.179497 2.22489
0.274957 -0.0247675 2.16688
0.27044 0.014919 2.10924
-0.16656 0.190067 2.28553
-0.163877 0.460004 2.17482
-0.160439 0.720117 2.05351
-0.166967 0.869449 2.00384
-0.325524 0.660232 2.13996
-0.443464 0.424706 2.23788
-0.59144 0.239411 2.23774
-0.652739 0.19826 2.23918
0.0100898 0.631748 2.08829
0.0984748 0.38336 2.16069
0.170143 0.155628 2.13993
0.177834 0.0965254 2.13654
-0.237457 0.189013 2.25999
-0.309269 -0.202669 2.34368
-0.364425 -0.568025 2.44547
-0.391341 -0.64268 2.38243
-0.0908006 0.185568 2.24372
-0.00896026 -0.198711 2.22588
0.0985391 -0.57008 2.41492
0.117641 -0.642884 2.37675
-0.161451 0.656593 2.08575
-0.677109 0.147478 2.24833
-0.66048 0.21363 2.19912
0.199414 0.0318127 2.14199
0.204225 0.105776 2.11246
-0.211456 0.198751 2.28498
-0.21263 0.469714 2.17947
-0.21282 0.730905 2.0638
-0.222231 0.880196 2.01441
-0.37518 0.664395 2.14562
-0.499706 0.42957 2.24817
-0.637712 0.236465 2.24082
-0.703392 0.195638 2.2519
-0.0378497 0.643584 2.09718
0.054556 0.395521 2.16696
0.132757 0.170573 2.13598
0.136404 0.126615 2.12756
-0.282138 0.194837 2.25959
-0.332456 -0.194911 2.36506
-0.361359 -0.556561 2.46453
-0.388643 -0.633142 2.39194
-0.134568 0.196847 2.24313
-0.0927148 -0.198493 2.23134
-0.047553 -0.537729 2.45175
-0.050153 -0.612021 2.40264
-0.212978 0.667104 2.09459
-0.726405 0.147992 2.2571
-0.713267 0.166245 2.22683
0.160908 0.0501684 2.12404
0.168726 0.148491 2.122
-0.249214 0.197746 2.28114
-0.247582 0.471157 2.1812
-0.244982 0.734549 2.07065
-0.264738 0.881769 2.02293
-0.409381 0.663086 2.1565
-0.514628 0.432149 2.25169
-0.64687 0.235487 2.255
-0.702516 0.185252 2.26955
-0.0756787 0.647248 2.10254
0.0243116 0.402854 2.16443
0.100738 0.177199 2.13359
0.104837 0.122136 2.12774
-0.320493 0.194183 2.25644
-0.349591 -0.188857 2.37192
-0.366055 -0.557096 2.46929
-0.38837 -0.633051 2.39164
-0.170582 0.195505 2.23872
-0.156208 -0.220462 2.26883
-0.126599 -0.554323 2.4747
-0.135254 -0.628213 2.41155
-0.245842 0.670212 2.10019
-0.731622 0.129043 2.2753
-0.724882 0.140001 2.244
0.131917 0.0502144 2.12495
0.139701 0.129303 2.12213
-0.275985 0.190832 2.27683
-0.274669 0.466329 2.1829
-0.272272 0.731808 2.07852
-0.297724 0.880018 2.03175
-0.440241 0.661241 2.17139
-0.521598 0.417137 2.25882
-0.646401 0.21813 2.28223
-0.69001 0.155804 2.30474
-0.103886 0.646276 2.10682
-0.000695583 0.401772 2.16356
0.072145 0.174734 2.13447
0.0822099 0.113803 2.1291
-0.345753 0.188067 2.2528
-0.368486 -0.192901 2.37389
-0.369745 -0.561972 2.47461
-0.392158 -0.632452 2.39632
-0.198078 0.187932 2.23379
-0.196299 -0.237111 2.31398
-0.173186 -0.567242 2.49645
-0.164103 -0.636471 2.43252
-0.273107 0.666941 2.1065
-0.709951 0.0932773 2.32453
-0.709972 0.147632 2.26844
0.106599 0.036734 2.12761
0.127648 0.0857809 2.13433
-0.302554 0.192824 2.27324
-0.302048 0.470204 2.18479
-0.300195 0.737587 2.08605
-0.326468 0.884742 2.03962
-0.468494 0.662983 2.17861
-0.530107 0.402624 2.26672
-0.633632 0.199184 2.32135
-0.661813 0.135671 2.36133
-0.136838 0.652085 2.11349
-0.0339773 0.406992 2.16456
0.044184 0.182033 2.13161
0.0574682 0.121265 2.12638
-0.371498 0.189158 2.24904
-0.384564 -0.194984 2.36967
-0.375575 -0.566215 2.47373
-0.395371 -0.634615 2.39591
-0.22481 0.190827 2.23046
-0.210585 -0.239704 2.28227
-0.172006 -0.556738 2.47598
-0.165269 -0.6323 2.4341
-0.300936 0.672244 2.11261
-0.670312 0.0714795 2.38492
-0.668777 0.0776324 2.35567
0.0833435 0.0472556 2.13126
0.0947102 0.122221 2.12468
-0.312136 0.199387 2.27408
-0.314465 0.475651 2.18666
-0.31603 0.741962 2.08919
-0.341178 0.889553 2.04282
-0.485676 0.664273 2.17791
-0.564102 0.392868 2.29305
-0.637375 0.174132 2.34014
-0.661791 0.127417 2.39354
-0.15339 0.658039 2.11963
-0.0489173 0.412617 2.17136
0.0287573 0.187825 2.13507
0.0482947 0.127371 2.12723
-0.380883 0.193795 2.24883
-0.393999 -0.191088 2.36534
-0.375914 -0.564821 2.47236
-0.395394 -0.632172 2.40061
-0.23422 0.199505 2.23252
-0.216055 -0.227338 2.19735
-0.160695 -0.553326 2.40669
-0.145517 -0.627855 2.36861
-0.315853 0.67692 2.11539
-0.665312 0.0783096 2.41054
-0.661189 0.0966589 2.37625
0.0709631 0.0627916 2.12993
0.0765157 0.140294 2.11282
-0.316454 0.20862 2.27338
-0.322248 0.482872 2.1877
-0.327661 0.747372 2.09204
-0.354803 0.89497 2.04559
-0.500177 0.665027 2.17868
-0.569648 0.399374 2.29103
-0.64081 0.181032 2.34223
-0.67855 0.132214 2.3854
-0.165511 0.666741 2.1265
-0.0603948 0.421262 2.18087
0.0177427 0.19664 2.14423
0.0416165 0.139132 2.13972
-0.386266 0.201018 2.24742
-0.397861 -0.197925 2.36599
-0.369547 -0.565699 2.47091
-0.394583 -0.635999 2.39897
-0.237262 0.210551 2.23247
-0.222192 -0.225345 2.1302
-0.156365 -0.561843 2.30695
-0.162606 -0.635625 2.26117
-0.326511 0.682781 2.11779
-0.68856 0.0776764 2.4101
-0.690695 0.108737 2.35817
0.0645924 0.0734801 2.13612
0.0688683 0.148823 2.12345
-0.317819 0.209186 2.27281
-0.326575 0.483485 2.18899
-0.335077 0.747799 2.09619
-0.365534 0.895134 2.04874
-0.511436 0.661147 2.18346
-0.57543 0.397722 2.29018
-0.65942 0.181655 2.332
-0.697177 0.124506 2.35721
-0.175061 0.669572 2.13297
-0.0657979 0.423913 2.18841
0.0142691 0.198876 2.16337
0.0416788 0.142526 2.16634
-0.388236 0.201604 2.24696
-0.399708 -0.198934 2.36631
-0.366697 -0.568204 2.46904
-0.39439 -0.639546 2.39209
-0.238127 0.21094 2.2318
-0.217731 -0.229525 2.07303
-0.162552 -0.599162 2.15282
-0.183716 -0.669922 2.08594
-0.333226 0.683249 2.12118
-0.702854 0.0666908 2.37047
-0.706014 0.0969359 2.33385
0.0691294 0.0796088 2.16349
0.0679348 0.161045 2.14768
-0.319757 0.200319 2.27059
-0.331283 0.475905 2.18993
-0.341629 0.740804 2.09959
-0.375493 0.887129 2.05079
-0.518575 0.65463 2.19001
-0.584398 0.378887 2.28565
-0.677592 0.163 2.30863
-0.711878 0.100705 2.32714
-0.179697 0.666603 2.13495
-0.0650151 0.416248 2.20101
0.0243145 0.194347 2.1946
0.0479727 0.1455 2.20723
-0.388967 0.192053 2.24572
-0.395543 -0.217757 2.37299
-0.371263 -0.567119 2.46582
-0.397872 -0.641559 2.3861
-0.24088 0.202075 2.22882
-0.205036 -0.256869 2.07545
-0.193171 -0.571716 1.98603
-0.207031 -0.627441 1.86914
-0.33935 0.676111 2.124
-0.718964 0.0409872 2.34208
-0.727928 0.0744524 2.29312
0.0829473 0.073659 2.21677
0.0738797 0.177283 2.19282
-0.315524 0.195101 2.2704
-0.329708 0.471465 2.18946
-0.341794 0.737031 2.09855
-0.376429 0.884352 2.04909
-0.516913 0.646875 2.18914
-0.577954 0.370205 2.27488
-0.67627 0.156878 2.29889
-0.699212 0.0967825 2.31703
-0.179663 0.665822 2.1344
-0.0589955 0.411871 2.2045
0.0375199 0.19368 2.21078
0.0649323 0.150965 2.22363
-0.383573 0.185341 2.24549
-0.391268 -0.222291 2.3717
-0.378621 -0.573626 2.46118
-0.40118 -0.644238 2.38103
-0.238011 0.198736 2.22857
-0.198366 -0.248297 2.08203
-0.193234 -0.559684 1.97918
-0.20483 -0.605072 1.86714
-0.339126 0.672196 2.12314
-0.707406 0.0415178 2.33151
-0.711321 0.110565 2.27391
0.100845 0.0794482 2.24324
0.0913256 0.156412 2.19871
-0.300826 0.196611 2.26892
-0.31618 0.471491 2.18596
-0.328769 0.735996 2.09251
-0.362564 0.884993 2.04266
-0.509465 0.651542 2.18126
-0.573386 0.369111 2.27074
-0.659828 0.149809 2.29027
-0.677207 0.0956768 2.31675
-0.169507 0.666678 2.13183
-0.0461524 0.416374 2.20397
0.0546822 0.200278 2.21161
0.0855503 0.156256 2.21499
-0.369966 0.186844 2.2439
-0.37345 -0.214525 2.3708
-0.366449 -0.567601 2.46704
-0.398182 -0.638816 2.38411
-0.222621 0.200463 2.22704
-0.174791 -0.243192 2.07693
-0.139383 -0.565837 2.0631
-0.138794 -0.623047 1.96484
-0.326038 0.671402 2.11778
-0.682202 0.0447605 2.33001
-0.686161 0.0782593 2.28406
0.123814 0.0780817 2.24164
0.108028 0.194717 2.205
-0.2663 0.195835 2.26067
-0.279086 0.469487 2.17694
-0.289385 0.733085 2.0829
-0.312411 0.883132 2.03384
-0.465933 0.646087 2.16283
-0.528783 0.37338 2.25485
-0.620325 0.158262 2.28685
-0.63865 0.099191 2.31551
-0.126014 0.661214 2.12525
-0.015767 0.413794 2.19863
0.0803346 0.194968 2.19587
0.11089 0.146814 2.1884
-0.337358 0.186849 2.23264
-0.358645 -0.184778 2.35498
-0.363956 -0.557581 2.46939
-0.389483 -0.631861 2.39109
-0.187069 0.199061 2.2215
-0.120631 -0.214641 2.1073
-0.0332242 -0.565772 2.21949
-0.0254974 -0.638184 2.16016
-0.287188 0.668686 2.1083
-0.646799 0.0435976 2.33322
-0.648651 0.0946928 2.27452
0.147886 0.0707823 2.19701
0.133946 0.183154 2.17613
-0.233574 0.186656 2.25111
-0.241178 0.460976 2.16983
-0.246789 0.725349 2.07817
-0.259726 0.874941 2.02831
-0.416532 0.641067 2.15078
-0.476171 0.377829 2.23531
-0.578684 0.171743 2.28335
-0.59643 0.102694 2.3099
-0.0805916 0.651523 2.12323
0.0232385 0.397099 2.18862
0.109868 0.174314 2.17962
0.135054 0.134909 2.17284
-0.305603 0.179632 2.22114
-0.34544 -0.182819 2.34906
-0.362442 -0.552135 2.4694
-0.388817 -0.631167 2.39428
-0.154505 0.188118 2.21388
-0.0611483 -0.233282 2.17367
0.0380679 -0.601755 2.33365
0.0521392 -0.669691 2.27166
-0.245691 0.660746 2.10298
-0.608947 0.0393272 2.32442
-0.604645 0.107686 2.2666
0.170161 0.0555869 2.18872
0.160859 0.169465 2.1586
-0.180648 0.168259 2.24076
-0.185582 0.443421 2.16104
-0.189135 0.708573 2.07072
-0.192914 0.862187 2.02007
-0.360929 0.629349 2.13907
-0.422008 0.370435 2.21391
-0.527261 0.170045 2.27519
-0.550889 0.0987969 2.30106
-0.0204713 0.6362 2.11768
0.0679731 0.384018 2.18532
0.148859 0.159348 2.16655
0.170587 0.12493 2.16014
-0.252714 0.16366 2.20926
-0.3193 -0.188533 2.33527
-0.361584 -0.552624 2.46816
-0.389222 -0.632492 2.3949
-0.103117 0.167797 2.2049
-0.0178375 -0.246039 2.23764
0.0614108 -0.614902 2.37055
0.059311 -0.68177 2.303
-0.188469 0.64378 2.09522
-0.563909 0.0357231 2.32053
-0.568879 0.110387 2.27463
0.212478 0.0432825 2.15762
0.194506 0.163037 2.13771
-0.112185 0.161707 2.2347
-0.115477 0.437825 2.15172
-0.117861 0.703835 2.05802
-0.114345 0.860142 2.00785
-0.284779 0.622725 2.11511
-0.357631 0.373827 2.19306
-0.464466 0.172938 2.25124
-0.490541 0.106516 2.28124
0.0525285 0.628822 2.11127
0.129396 0.372595 2.17754
0.208657 0.147432 2.16044
0.229293 0.119273 2.15193
-0.185422 0.157828 2.20098
-0.282483 -0.197954 2.30866
-0.355674 -0.560956 2.45992
-0.390948 -0.635319 2.39321
-0.0355537 0.160692 2.20091
0.0248291 -0.236585 2.27596
0.0717683 -0.604612 2.39474
0.0685741 -0.675991 2.32374
-0.117409 0.638843 2.08338
-0.510057 0.0413778 2.30652
-0.523239 0.105213 2.27733
0.270119 0.0375993 2.13773
0.251968 0.157174 2.12954
-0.0361214 0.169123 2.24003
-0.0332006 0.442111 2.14679
-0.0296213 0.704938 2.04234
-0.0192982 0.8597 1.99162
-0.193423 0.625963 2.09474
-0.288685 0.381278 2.17806
-0.391077 0.171414 2.21412
-0.415592 0.11039 2.24118
0.139612 0.633338 2.10494
0.211122 0.37561 2.17752
0.285961 0.149123 2.15891
0.304186 0.120727 2.15078
-0.110918 0.167624 2.20383
-0.216394 -0.194007 2.23995
-0.336451 -0.56648 2.42322
-0.383187 -0.636303 2.37411
0.0398287 0.165491 2.20865
0.0732206 -0.236723 2.29302
0.0781174 -0.598613 2.40356
0.0715181 -0.676694 2.32567
-0.0305804 0.640758 2.07043
-0.430317 0.0450596 2.26359
-0.427261 0.0930813 2.20943
0.34536 0.0388044 2.14172
0.326396 0.161273 2.13206
-0.00556551 0.169494 2.2444
0.00420268 0.440584 2.14815
0.0149411 0.701321 2.04043
0.0331849 0.855188 1.98437
-0.143513 0.62545 2.08849
-0.24144 0.389868 2.1659
-0.348573 0.180006 2.19102
-0.370537 0.115686 2.19924
0.186706 0.628663 2.1071
0.257655 0.375913 2.184
0.326933 0.147788 2.16352
0.356652 0.0885898 2.15501
-0.0809826 0.170931 2.20725
-0.169567 -0.206561 2.21101
-0.289024 -0.572059 2.38649
-0.298187 -0.639539 2.32142
0.0702939 0.162933 2.21404
0.0854733 -0.238525 2.28681
0.0790651 -0.600111 2.39647
0.0751157 -0.679485 2.32458
0.0121936 0.637679 2.06936
-0.389543 0.046845 2.22176
-0.394324 0.135444 2.181
0.383915 0.0190848 2.16529
0.37312 0.115001 2.12928
0.0157926 0.169568 2.24589
0.0313695 0.43925 2.14927
0.0464526 0.698844 2.0417
0.0710257 0.853094 1.98074
-0.106855 0.626958 2.08695
-0.204254 0.392603 2.15802
-0.314489 0.182244 2.16897
-0.334972 0.117401 2.17601
0.217213 0.623476 2.11302
0.285139 0.375989 2.19292
0.352619 0.147325 2.1736
0.380001 0.0867515 2.16592
-0.0620335 0.174187 2.206
-0.114657 -0.224319 2.20991
-0.166084 -0.577927 2.39315
-0.182703 -0.651026 2.31528
0.0934904 0.159616 2.21842
0.0985399 -0.244728 2.28519
0.0825614 -0.61461 2.39496
0.0760327 -0.680816 2.32297
0.0427688 0.635455 2.07054
-0.352657 0.0461028 2.19585
-0.362186 0.127869 2.162
0.408572 0.0157674 2.17917
0.398235 0.0616134 2.12413
0.0440528 0.163664 2.24262
0.0587225 0.435857 2.14855
0.0731183 0.697981 2.0434
0.103845 0.848368 1.98063
-0.0834052 0.624609 2.08763
-0.185413 0.384842 2.14994
-0.296729 0.174967 2.16025
-0.30756 0.127406 2.16289
0.243525 0.617577 2.12475
0.298945 0.364814 2.20435
0.365559 0.135858 2.1893
0.384029 0.0721643 2.19294
-0.0315407 0.167244 2.20148
-0.0555634 -0.248171 2.25792
-0.0725786 -0.593285 2.39141
-0.0986874 -0.662931 2.32207
0.118362 0.155051 2.21616
0.126139 -0.239837 2.30706
0.0916146 -0.605771 2.39547
0.0765968 -0.679366 2.32235
0.0695865 0.633959 2.07165
-0.33345 0.0533008 2.18273
-0.327483 0.166204 2.14446
0.414048 0.00412139 2.20913
0.403204 0.0502477 2.156
0.0594661 0.161798 2.24119
0.0711018 0.436077 2.14753
0.0823665 0.699922 2.04295
0.116294 0.848889 1.98031
-0.0720009 0.624445 2.08636
-0.178497 0.38231 2.14425
-0.292029 0.173965 2.15759
-0.30856 0.130922 2.16494
0.252899 0.617185 2.12645
0.299601 0.359723 2.20347
0.359651 0.129372 2.20757
0.368342 0.0658412 2.2163
-0.016204 0.163822 2.19944
-0.0494116 -0.240717 2.27822
-0.0672803 -0.591486 2.39442
-0.0922422 -0.661561 2.32461
0.133419 0.154863 2.21535
0.135982 -0.234134 2.31957
0.0981636 -0.596115 2.40828
0.077785 -0.675653 2.3276
0.0796233 0.635511 2.07105
-0.332189 0.0583172 2.18942
-0.33224 0.147831 2.14561
0.400699 -0.00452208 2.23235
0.386271 0.0720828 2.189
0.0644621 0.162795 2.24175
0.077185 0.437411 2.14748
0.0893907 0.701872 2.04227
0.121703 0.850988 1.98022
-0.0655482 0.62503 2.08505
-0.173592 0.38604 2.1421
-0.288294 0.178367 2.1559
-0.306749 0.132767 2.16319
0.259358 0.618923 2.12415
0.299158 0.355516 2.20347
0.346121 0.123638 2.22336
0.353791 0.0600276 2.23862
-0.0114279 0.164738 2.20007
-0.0544515 -0.240992 2.30042
-0.0753223 -0.591034 2.4061
-0.0927725 -0.661502 2.3269
0.138476 0.15594 2.21587
0.136548 -0.232481 2.31679
0.097991 -0.595418 2.40519
0.0784393 -0.676486 2.32958
0.0864437 0.637281 2.07052
-0.334357 0.0552624 2.18523
-0.328787 0.158911 2.14474
0.38197 -0.0107868 2.26537
0.374677 0.0717293 2.2186
0.0661569 0.162561 2.24108
0.0792284 0.437529 2.14679
0.0917965 0.70246 2.04163
0.123342 0.851541 1.98025
-0.0631632 0.625607 2.08578
-0.166816 0.388461 2.1429
-0.283154 0.181559 2.15565
-0.299077 0.13114 2.16594
0.263914 0.618914 2.12191
0.298044 0.354112 2.19892
0.344602 0.123694 2.22862
0.358025 0.0609968 2.24324
-0.00978142 0.164452 2.19939
-0.0524138 -0.240604 2.31515
-0.0746531 -0.58963 2.41117
-0.0924677 -0.660871 2.33161
0.140143 0.155757 2.21518
0.138514 -0.230842 2.31627
0.101412 -0.59364 2.4021
0.0784663 -0.676677 2.32974
0.0887599 0.637737 2.06986
-0.32438 0.0548614 2.18533
-0.325567 0.145801 2.14938
0.383692 -0.0125154 2.27302
0.380678 0.0750256 2.2261
0.0672221 0.162465 2.23952
0.0800567 0.437755 2.14621
0.0924373 0.702908 2.04167
0.122324 0.852553 1.98075
-0.0617292 0.627283 2.08819
-0.16174 0.390593 2.14497
-0.274759 0.18211 2.16022
-0.293205 0.127363 2.17919
0.267258 0.618788 2.11746
0.303468 0.357468 2.18858
0.350221 0.128014 2.22326
0.371553 0.0600413 2.22732
-0.00920479 0.164493 2.19934
-0.051472 -0.240372 2.3172
-0.0750571 -0.590099 2.41227
-0.0929374 -0.662153 2.33006
0.141763 0.155406 2.2105
0.141042 -0.229213 2.31301
0.0994255 -0.593867 2.40643
0.0782365 -0.675851 2.33662
0.0894311 0.638123 2.06976
-0.319311 0.0503179 2.20172
-0.32758 0.117723 2.16611
0.396271 -0.0151747 2.26795
0.396194 0.00256931 2.20717
0.0669943 0.161955 2.23619
0.0799934 0.437738 2.14524
0.0924505 0.703074 2.04179
0.117382 0.853594 1.98138
-0.0620817 0.628313 2.08979
-0.161972 0.38462 2.1506
-0.272884 0.175506 2.16933
-0.296136 0.108864 2.19605
0.267316 0.61846 2.11343
0.309188 0.355452 2.18376
0.364054 0.125284 2.20306
0.382364 0.0592894 2.1995
-0.00931575 0.164248 2.19828
-0.0520407 -0.241873 2.31657
-0.0738699 -0.588906 2.41304
-0.0932997 -0.66238 2.32994
0.141339 0.154729 2.20535
0.141852 -0.229048 2.31077
0.0992372 -0.593769 2.40745
0.0771982 -0.675293 2.33573
0.089415 0.638265 2.06963
-0.313681 0.0390431 2.2207
-0.315569 0.101895 2.16396
0.40799 -0.0144962 2.23578
0.400492 0.0341122 2.16946
0.0658736 0.161284 2.23276
0.0793766 0.437524 2.14348
0.092205 0.703162 2.04159
0.112289 0.854618 1.98127
-0.0632916 0.62898 2.09128
-0.161225 0.38554 2.15194
-0.26989 0.175875 2.17487
-0.295095 0.110037 2.20488
0.266466 0.61826 2.11
0.312397 0.355467 2.17788
0.370205 0.124612 2.18331
0.387572 0.0613265 2.17605
-0.0102727 0.163594 2.19602
-0.0515334 -0.238495 2.31438
-0.0730597 -0.588964 2.41347
-0.0935932 -0.662192 2.3298
0.140158 0.154154 2.20139
0.142202 -0.229549 2.30922
0.0992792 -0.594353 2.40745
0.0770958 -0.675399 2.33559
0.0891204 0.638306 2.06917
-0.309622 0.0370495 2.24109
-0.323844 0.105624 2.18979
0.409419 -0.0106602 2.20117
0.404629 0.0277564 2.14389
0.0643958 0.160657 2.22874
0.0782131 0.437514 2.14128
0.0914131 0.703558 2.04118
0.107338 0.855294 1.9815
-0.0655171 0.629367 2.0906
-0.161913 0.384771 2.15342
-0.269128 0.175098 2.18058
-0.295879 0.108367 2.21188
0.26411 0.618124 2.10406
0.313062 0.357801 2.17002
0.370465 0.12644 2.16882
0.383028 0.0637917 2.15996
-0.0116989 0.162773 2.1927
-0.051706 -0.232267 2.31117
-0.0733218 -0.588816 2.41354
-0.0939802 -0.662301 2.32991
0.138647 0.153753 2.1969
0.142328 -0.229451 2.30782
0.0989168 -0.594135 2.40763
0.0763276 -0.67461 2.33539
0.0882597 0.638627 2.0684
-0.312257 0.037566 2.24463
-0.319391 0.129709 2.19625
0.407093 -0.00878346 2.17907
0.402617 0.0292543 2.12661
0.0624488 0.159761 2.22444
0.075923 0.437219 2.13743
0.0888963 0.704033 2.03873
0.102828 0.856243 1.98302
-0.0693231 0.629211 2.08904
-0.163357 0.382357 2.15348
-0.269576 0.172616 2.18289
-0.293765 0.103971 2.20892
0.261326 0.618022 2.09803
0.313223 0.357071 2.16435
0.368477 0.12523 2.16463
0.377779 0.0619305 2.15761
-0.0136488 0.16159 2.18914
-0.0526233 -0.237759 2.3121
-0.0737848 -0.588654 2.41352
-0.0931268 -0.661191 2.33165
0.136733 0.153165 2.192
0.141815 -0.229757 2.30565
0.0985221 -0.59473 2.40871
0.0762712 -0.674425 2.3358
0.0857642 0.638908 2.06549
-0.304902 0.0333528 2.2458
-0.315597 0.10926 2.18697
0.403638 -0.0130693 2.17467
0.394053 0.0358699 2.12105
0.0580686 0.158695 2.21617
0.0724337 0.438035 2.13135
0.0860006 0.706572 2.03485
0.0969334 0.858878 1.98737
-0.0738248 0.628044 2.08422
-0.165379 0.379841 2.15134
-0.267605 0.16823 2.18139
-0.288056 0.0947805 2.201
0.255007 0.618947 2.08982
0.309469 0.355709 2.15512
0.365312 0.124201 2.15895
0.373512 0.0599991 2.15779
-0.0179988 0.16009 2.18173
-0.0526526 -0.237521 2.30999
-0.0754526 -0.588327 2.41393
-0.092536 -0.661166 2.33228
0.132402 0.152511 2.18284
0.138979 -0.22893 2.29855
0.0974469 -0.596534 2.40874
0.0768378 -0.676494 2.33761
0.0827476 0.641017 2.06103
-0.297613 0.0216556 2.23661
-0.307506 0.120518 2.17453
0.401586 -0.0163175 2.17684
0.395906 0.0821669 2.14163
0.0543317 0.157435 2.20853
0.0688404 0.438271 2.12647
0.0824824 0.708137 2.03244
0.0910883 0.860792 1.99079
-0.0789394 0.627208 2.0811
-0.167621 0.377577 2.14453
-0.262179 0.162292 2.17419
-0.284515 0.0926002 2.18414
0.24953 0.618143 2.08522
0.305806 0.354037 2.15112
0.363748 0.123196 2.15693
0.371859 0.0594566 2.1574
-0.0215164 0.15858 2.17456
-0.0540216 -0.229025 2.3013
-0.0762855 -0.588475 2.4137
-0.0937113 -0.662381 2.33072
0.128546 0.151513 2.17487
0.135716 -0.2304 2.29504
0.0967748 -0.598064 2.40886
0.0775633 -0.677436 2.33617
0.0792403 0.642257 2.05801
-0.298905 0.0192332 2.21339
-0.309757 0.0884786 2.16794
0.401415 -0.0177258 2.18018
0.39471 0.0823752 2.14431
