-0.0640504 0.181317 2.3115
-0.0683489 0.460155 2.20584
-0.0752589 0.730583 2.09008
-0.0564295 0.884698 2.07236
-0.227848 0.629275 2.11887
-0.294823 0.351591 2.18698
-0.346486 0.115254 2.20611
-0.34892 0.0900749 2.21623
0.0940426 0.644074 2.15337
0.153353 0.378333 2.2393
0.213673 0.147039 2.27666
0.230365 0.116161 2.28774
-0.137686 0.176529 2.27078
-0.17496 -0.185426 2.39454
-0.182518 -0.556825 2.51735
-0.189089 -0.632738 2.43262
0.0114943 0.18063 2.28239
0.0323436 -0.214823 2.38356
0.0423547 -0.572433 2.49049
0.044822 -0.655701 2.40489
-0.0736955 0.664334 2.12053
-0.359994 -0.00149133 2.24952
-0.298934 0.12224 2.19575
0.263518 0.0267335 2.33821
0.191712 0.123305 2.26957
-0.0655338 0.180582 2.30737
-0.0691641 0.460615 2.20582
-0.0759182 0.732113 2.09332
-0.0561815 0.887575 2.07863
-0.22948 0.62996 2.12242
-0.294613 0.349992 2.18859
-0.329934 0.111122 2.21188
-0.340135 0.0832822 2.22083
0.0930822 0.64479 2.15456
0.153518 0.379097 2.23763
0.220648 0.148353 2.26819
0.234557 0.113488 2.27397
-0.139123 0.175954 2.26703
-0.1748 -0.189321 2.39569
-0.182903 -0.557535 2.51882
-0.189112 -0.631993 2.43348
0.010035 0.179733 2.27789
0.0335645 -0.2145 2.38389
0.0438713 -0.572715 2.48774
0.0454546 -0.656497 2.40378
-0.0744462 0.665579 2.12275
-0.349038 -0.00312888 2.25524
-0.291961 0.117926 2.19421
0.265999 0.0217802 2.32287
0.212972 0.072738 2.291
-0.0634298 0.177376 2.29849
-0.0685776 0.460528 2.20568
-0.0727988 0.733447 2.10103
-0.0520585 0.889111 2.08737
-0.228081 0.629581 2.12705
-0.286094 0.346505 2.19065
-0.312792 0.105958 2.21027
-0.319382 0.0760764 2.21793
0.0944005 0.644446 2.15783
0.155959 0.373809 2.23149
0.22651 0.142661 2.2532
0.235742 0.106442 2.25386
-0.137099 0.172731 2.258
-0.170655 -0.189303 2.38961
-0.182242 -0.554682 2.51755
-0.187703 -0.630882 2.43591
0.012122 0.176633 2.26903
0.0407053 -0.203695 2.3813
0.0447112 -0.571431 2.48939
0.0457706 -0.656466 2.40468
-0.0720141 0.666533 2.12816
-0.324602 -0.0139661 2.2515
-0.271881 0.113485 2.1908
0.261562 0.0159481 2.29637
0.183315 0.141161 2.22824
-0.0578962 0.174369 2.29218
-0.0641037 0.459434 2.20495
-0.067529 0.733436 2.10552
-0.0467201 0.889354 2.09397
-0.222686 0.629384 2.1312
-0.275752 0.344891 2.19073
-0.294298 0.103012 2.20612
-0.297361 0.0794534 2.21086
0.0989721 0.643321 2.16055
0.160863 0.368053 2.22789
0.228301 0.135464 2.24576
0.234117 0.104434 2.24668
-0.131246 0.169881 2.25308
-0.166333 -0.189386 2.38499
-0.182074 -0.554603 2.51686
-0.187382 -0.630742 2.43608
0.0171811 0.173516 2.26128
0.0461106 -0.198554 2.37781
0.0448201 -0.570907 2.49077
0.0460604 -0.656777 2.40584
-0.0668774 0.666344 2.13168
-0.306696 -0.0153412 2.23888
-0.23628 0.105659 2.21149
0.259507 0.00892669 2.28699
0.182313 0.137695 2.23622
-0.0520161 0.171378 2.28865
-0.0570151 0.457523 2.20448
-0.0600436 0.732782 2.10884
-0.041218 0.889714 2.0973
-0.214926 0.628521 2.13571
-0.266958 0.344206 2.19091
-0.285985 0.102087 2.20368
-0.28536 0.0788162 2.20483
0.106576 0.642224 2.16283
0.166922 0.362909 2.2252
0.229729 0.12883 2.24146
0.238412 0.0992275 2.24219
-0.125106 0.16702 2.24969
-0.161665 -0.189428 2.38103
-0.180297 -0.555124 2.51667
-0.186744 -0.630595 2.43625
0.0226399 0.170486 2.25771
0.0510053 -0.195427 2.37307
0.0456528 -0.570981 2.49087
0.0461272 -0.657381 2.40576
-0.0594312 0.665457 2.13438
-0.293414 -0.0179589 2.2263
-0.229976 0.10307 2.20943
0.263013 0.00733156 2.2787
0.185985 0.132597 2.23325
-0.0448404 0.169036 2.2844
-0.0496564 0.456066 2.20375
-0.0526944 0.73219 2.11168
-0.0355498 0.888765 2.09867
-0.206815 0.627381 2.14013
-0.260687 0.342079 2.19187
-0.283553 0.10001 2.20129
-0.290936 0.0788038 2.19924
0.114442 0.640955 2.16345
0.174423 0.360589 2.2226
0.234158 0.125413 2.23627
0.244914 0.095483 2.24053
-0.118213 0.164917 2.24563
-0.156751 -0.188453 2.376
-0.17926 -0.556698 2.51616
-0.186769 -0.630695 2.4362
0.0298889 0.167973 2.25329
0.0540836 -0.194133 2.37187
0.0461237 -0.571231 2.49292
0.0462838 -0.657149 2.40572
-0.0520988 0.664699 2.13649
-0.295046 -0.0201436 2.22795
-0.219268 0.113859 2.1972
0.269193 0.00402037 2.27237
0.228677 0.0439719 2.24695
-0.0389327 0.168868 2.28256
-0.0420158 0.455655 2.2035
-0.0441577 0.731692 2.11341
-0.0265699 0.887963 2.09826
-0.198069 0.627257 2.14283
-0.258132 0.343263 2.19314
-0.287827 0.101681 2.19884
-0.308411 0.0783318 2.20135
0.124946 0.639852 2.16439
0.1843 0.360526 2.22013
0.245042 0.1254 2.23163
0.257266 0.098369 2.2378
-0.112669 0.165273 2.2442
-0.150847 -0.188992 2.37443
-0.176679 -0.557819 2.51611
-0.186268 -0.631465 2.43524
0.0360662 0.167261 2.25105
0.0582367 -0.191901 2.3699
0.0468762 -0.571023 2.49513
0.0464806 -0.656307 2.40681
-0.0437112 0.664245 2.13783
-0.315438 -0.0140785 2.2353
-0.26064 0.118703 2.19514
0.284582 0.00610037 2.27425
0.216803 0.104885 2.22524
-0.0352252 0.16907 2.28237
-0.0370492 0.45542 2.2029
-0.0381677 0.73103 2.11239
-0.0195082 0.887263 2.09646
-0.193536 0.627412 2.14245
-0.256555 0.34576 2.19506
-0.294216 0.105235 2.19933
-0.313368 0.0798479 2.21035
0.129927 0.639666 2.16341
0.190404 0.360169 2.21903
0.250687 0.12499 2.23113
0.260536 0.0978569 2.23952
-0.108893 0.16568 2.24427
-0.148491 -0.186711 2.37254
-0.175249 -0.558305 2.51729
-0.186126 -0.631225 2.43519
0.0395872 0.167254 2.2506
0.0604431 -0.192415 2.37019
0.0477843 -0.571105 2.49686
0.0467121 -0.655659 2.40733
-0.037967 0.663704 2.13696
-0.32678 -0.00744509 2.23594
-0.264793 0.119372 2.18867
0.286183 0.00340814 2.27106
0.225175 0.0975976 2.226
-0.0320595 0.169675 2.28351
-0.033744 0.455182 2.20263
-0.0344004 0.72989 2.11044
-0.0132075 0.886244 2.09399
-0.190713 0.62721 2.14092
-0.256131 0.347304 2.19515
-0.299565 0.108076 2.20332
-0.316097 0.0805374 2.21824
0.133817 0.639112 2.1629
0.192792 0.359618 2.21941
0.251656 0.12422 2.23287
0.258405 0.0990792 2.24447
-0.106156 0.166331 2.24515
-0.147716 -0.186342 2.37259
-0.174459 -0.558424 2.51703
-0.185766 -0.631425 2.43488
0.0431149 0.167807 2.25207
0.0615759 -0.192951 2.3694
0.0477117 -0.571509 2.49777
0.0472298 -0.655244 2.40693
-0.03434 0.662813 2.1355
-0.324959 -0.00760898 2.25018
-0.266947 0.119737 2.19371
0.284744 0.0104292 2.27402
0.209445 0.125289 2.2392
-0.0272977 0.170237 2.28643
-0.0295993 0.454135 2.20136
-0.0296108 0.726577 2.10368
-0.00300214 0.88207 2.08536
-0.185514 0.624198 2.12991
-0.255867 0.347841 2.19127
-0.301695 0.109573 2.2048
-0.31596 0.0744866 2.21594
0.135929 0.639285 2.16267
0.195084 0.36124 2.22565
0.254996 0.126568 2.24298
0.265138 0.0999655 2.26012
-0.101979 0.166586 2.24654
-0.146011 -0.184822 2.37193
-0.174399 -0.558707 2.51679
-0.18524 -0.631881 2.43437
0.048358 0.168764 2.25687
0.0582521 -0.215517 2.35939
0.0462779 -0.574685 2.48504
0.0450381 -0.655343 2.40642
-0.029663 0.660164 2.1304
-0.327444 -0.00764028 2.25057
-0.267622 0.110062 2.19688
0.289061 0.00905158 2.29287
0.22148 0.11554 2.24791
-0.0160411 0.170108 2.29491
-0.0219965 0.450464 2.20029
-0.0238852 0.718651 2.09364
0.00743348 0.876583 2.07615
-0.177193 0.616196 2.11263
-0.256944 0.341699 2.17852
-0.304398 0.104392 2.19733
-0.313574 0.0647702 2.20334
0.139685 0.63807 2.16129
0.201242 0.363185 2.23756
0.267004 0.130138 2.25483
0.280236 0.104687 2.27068
-0.0912915 0.165735 2.25189
-0.143723 -0.180879 2.36878
-0.176154 -0.559422 2.5158
-0.186285 -0.632673 2.43333
0.0597047 0.169421 2.26858
0.0687573 -0.225284 2.32911
0.0542039 -0.576762 2.46502
0.0635529 -0.651984 2.40066
-0.0234404 0.653415 2.1228
-0.320995 -0.020551 2.2462
-0.267337 0.102809 2.1893
0.309934 0.0142302 2.30367
0.234852 0.120914 2.2674
-7.48194e-005 0.170243 2.30015
-0.00160672 0.446853 2.19753
-0.00228956 0.712442 2.08254
0.0383638 0.873028 2.06518
-0.152051 0.61092 2.09578
-0.239201 0.341606 2.15727
-0.29222 0.105003 2.17234
-0.297354 0.0611732 2.17896
0.161448 0.632433 2.15711
0.223337 0.362702 2.24928
0.295192 0.131118 2.26275
0.311774 0.10636 2.27109
-0.0739658 0.165673 2.25529
-0.137943 -0.180471 2.36745
-0.176166 -0.559453 2.51492
-0.187065 -0.633773 2.43132
0.0739376 0.169689 2.27534
0.122813 -0.225639 2.30386
0.145296 -0.571728 2.42996
0.18335 -0.645996 2.37695
-0.00210072 0.647673 2.11348
-0.304721 -0.0233238 2.2283
-0.247558 0.10091 2.16857
0.339701 0.011095 2.30665
0.261807 0.134922 2.26869
0.0415829 0.163839 2.30003
0.0439789 0.439098 2.19235
0.0464275 0.704099 2.07306
0.0979118 0.867461 2.05812
-0.101374 0.604305 2.07902
-0.204416 0.342229 2.13868
-0.255522 0.104105 2.14253
-0.252437 0.0799287 2.14441
0.203271 0.623437 2.15644
0.264468 0.357917 2.25398
0.337715 0.125977 2.25689
0.368465 0.06638 2.26797
-0.0317843 0.159009 2.25088
-0.11393 -0.170924 2.35807
-0.171298 -0.561428 2.5146
-0.187398 -0.633771 2.43088
0.11379 0.163666 2.27936
0.206521 -0.228379 2.29498
0.27736 -0.601583 2.4138
0.308551 -0.661769 2.35404
0.0458402 0.639405 2.10493
-0.269475 -0.0129627 2.17579
-0.220233 0.0779846 2.13264
0.3819 0.0105177 2.29337
0.340843 0.0598118 2.2789
0.115418 0.137255 2.28649
0.127427 0.416013 2.17998
0.138669 0.684838 2.06234
0.205916 0.842187 2.05174
-0.00385327 0.583031 2.06383
-0.12079 0.332387 2.11147
-0.176902 0.0948374 2.10247
-0.178928 0.050472 2.1054
0.302031 0.596528 2.15582
0.358356 0.320936 2.25383
0.417586 0.0848376 2.23929
0.428627 0.0698235 2.23549
0.0431031 0.136365 2.23283
-0.0709092 -0.167962 2.34038
-0.165739 -0.556834 2.51104
-0.185624 -0.634893 2.42867
0.184581 0.134007 2.27014
0.300363 -0.251583 2.30033
0.389535 -0.605859 2.38149
0.416732 -0.688692 2.32894
0.136015 0.619157 2.09375
-0.192086 -0.0253781 2.12796
-0.135313 0.0857164 2.10825
0.45551 -0.0250506 2.24853
0.40646 0.0536488 2.25464
0.196766 0.119351 2.27987
0.217844 0.397498 2.17533
0.236998 0.665656 2.05958
0.304772 0.828981 2.04691
0.0951195 0.564132 2.05929
-0.029213 0.315025 2.10598
-0.105246 0.0833406 2.08403
-0.101816 0.0629603 2.08318
0.388871 0.573702 2.14663
0.430209 0.311579 2.23998
0.47902 0.0734506 2.21628
0.491144 0.0517782 2.20536
0.119923 0.122366 2.22642
-0.0150332 -0.190467 2.33429
-0.147553 -0.556111 2.50034
-0.184734 -0.633482 2.42941
0.267637 0.112625 2.26373
0.347951 -0.256494 2.28978
0.421349 -0.627344 2.38982
0.424675 -0.69241 2.32779
0.232525 0.600136 2.09053
-0.12378 -0.0283465 2.09404
-0.0550573 0.077494 2.08822
0.515642 -0.0430627 2.19798
0.463542 0.0361639 2.22125
0.275032 0.126922 2.28361
0.30363 0.405373 2.17146
0.329857 0.673816 2.04806
0.404268 0.833626 2.03674
0.186999 0.570973 2.04685
0.0506687 0.318015 2.09986
-0.0228857 0.0853297 2.07873
-0.0270372 0.0498149 2.08176
0.47365 0.568101 2.13781
0.499728 0.313512 2.22764
0.536671 0.0758929 2.17893
0.54119 0.0501809 2.16433
0.200109 0.130626 2.23121
0.0491266 -0.193323 2.30977
-0.116758 -0.548457 2.48218
-0.172672 -0.627821 2.41997
0.341686 0.119409 2.26677
0.391483 -0.25575 2.28484
0.42423 -0.626402 2.39129
0.427714 -0.691675 2.32979
0.323717 0.608233 2.08092
-0.0430793 -0.00997622 2.09145
-0.00796908 0.00937373 2.078
0.553049 -0.042718 2.16119
0.514963 0.0683651 2.19009
0.339796 0.143967 2.28394
0.380856 0.419687 2.16758
0.418695 0.685268 2.04014
0.492694 0.842987 2.02841
0.273736 0.592964 2.04565
0.137947 0.338611 2.09495
0.0592586 0.10724 2.07735
0.061181 0.0674723 2.08435
0.558064 0.577537 2.12307
0.57481 0.324783 2.21747
0.582652 0.0885848 2.14748
0.582256 0.0296313 2.11969
0.263707 0.15188 2.23439
0.129765 -0.213006 2.26753
0.00225685 -0.554981 2.42191
-0.0324539 -0.637706 2.36372
0.405735 0.131842 2.26445
0.422556 -0.255454 2.30657
0.428493 -0.622049 2.39621
0.428999 -0.687952 2.33268
0.409792 0.620408 2.07397
0.0509067 0.0139165 2.09151
0.0688356 0.0529063 2.04835
0.578476 -0.0259767 2.12434
0.557895 0.01893 2.1275
0.372094 0.146769 2.28411
0.418549 0.423595 2.1683
0.461674 0.690376 2.04198
0.536032 0.845225 2.02792
0.31463 0.600875 2.04889
0.173883 0.347125 2.09825
0.103302 0.113293 2.07542
0.100506 0.0735473 2.08462
0.608359 0.578449 2.12752
0.614205 0.327937 2.21409
0.609057 0.0939979 2.13525
0.606245 0.0334422 2.1139
0.294899 0.155559 2.2334
0.202033 -0.238453 2.26428
0.101755 -0.57649 2.41035
0.116333 -0.665527 2.35742
0.438025 0.133569 2.26589
0.435798 -0.255765 2.31819
0.426435 -0.618977 2.40681
0.430366 -0.688193 2.33368
0.451479 0.625208 2.07546
0.0968769 0.0179166 2.09754
0.116843 0.0496113 2.06259
0.601708 -0.0209162 2.10912
0.572626 0.0383922 2.10535
0.400822 0.143211 2.28008
0.446284 0.422862 2.17096
0.48868 0.692441 2.05134
0.569028 0.845204 2.03588
0.342513 0.602479 2.05534
0.201783 0.348801 2.10362
0.123294 0.117537 2.07935
0.125793 0.0955289 2.09083
0.625751 0.578339 2.13299
0.636404 0.325213 2.2198
0.632844 0.0921098 2.13829
0.628972 0.0296475 2.11891
0.325083 0.152013 2.22896
0.239724 -0.269238 2.27015
0.139524 -0.581863 2.4115
0.132994 -0.667419 2.35941
0.464533 0.130099 2.26242
0.454535 -0.256848 2.32072
0.427478 -0.616374 2.41084
0.433513 -0.690599 2.33911
0.478663 0.626558 2.08312
0.110666 0.0241342 2.09962
0.150297 0.0958067 2.06682
0.624554 -0.0245459 2.11226
0.595166 0.0294897 2.11123
0.433859 0.142868 2.27348
0.476579 0.425388 2.17574
0.516729 0.697945 2.0678
0.593665 0.85173 2.04956
0.369142 0.606155 2.07033
0.225478 0.349119 2.11037
0.137065 0.121112 2.09289
0.136004 0.105183 2.10758
0.661723 0.581098 2.15193
0.657695 0.320734 2.231
0.654596 0.0873705 2.15048
0.648097 0.0314289 2.13082
0.357358 0.153313 2.22083
0.274795 -0.261797 2.22606
0.141348 -0.582509 2.39677
0.142141 -0.658084 2.33486
0.497289 0.128137 2.25747
0.47439 -0.258381 2.31849
0.435108 -0.619957 2.4086
0.435233 -0.693824 2.33563
0.507272 0.63129 2.09657
0.117421 0.0359452 2.11746
0.183788 0.13564 2.08335
0.644735 -0.0178624 2.12945
0.61948 0.00830556 2.13817
0.45065 0.144249 2.27064
0.49368 0.428151 2.17967
0.533495 0.702047 2.07881
0.603812 0.856303 2.05673
0.381947 0.608751 2.08314
0.237661 0.350976 2.12103
0.142418 0.125746 2.10281
0.1384 0.114511 2.12055
0.684032 0.585805 2.16189
0.681079 0.320582 2.2373
0.670084 0.089686 2.14972
0.660185 0.0389876 2.12952
0.372138 0.155054 2.21845
0.286699 -0.255105 2.18019
0.153081 -0.596597 2.30908
0.160613 -0.663571 2.23654
0.515708 0.129056 2.25414
0.481549 -0.278738 2.31953
0.438674 -0.620621 2.40594
0.433739 -0.694733 2.33639
0.524183 0.635072 2.10584
0.121093 0.0376081 2.13799
0.188563 0.143408 2.09865
0.65431 -0.00712923 2.12987
0.635503 0.0113266 2.14629
0.458269 0.146356 2.26924
0.502806 0.43037 2.18232
0.544274 0.704291 2.08617
0.611124 0.857451 2.05898
0.391028 0.611001 2.09521
0.246764 0.350562 2.13562
0.144751 0.128299 2.11823
0.139121 0.120858 2.13573
0.702814 0.586369 2.16417
0.693964 0.324011 2.23619
0.677907 0.0946075 2.14503
0.664655 0.0481888 2.1154
0.37961 0.157559 2.21817
0.276754 -0.256137 2.13276
0.163254 -0.623264 2.14399
0.168701 -0.671875 2.05273
0.523222 0.130802 2.25175
0.488528 -0.269614 2.31615
0.439198 -0.620564 2.40581
0.43538 -0.695658 2.33577
0.534544 0.637329 2.11198
0.120058 0.0425708 2.15109
0.190479 0.151679 2.1041
0.657197 0.00376198 2.11298
0.650235 -0.00625023 2.138
0.460714 0.147198 2.26699
0.506231 0.429365 2.18288
0.549798 0.70022 2.08999
0.611764 0.855052 2.05868
0.39769 0.610527 2.11013
0.256804 0.354148 2.15484
0.145511 0.136291 2.14104
0.138408 0.127845 2.15673
0.713813 0.585779 2.1622
0.704688 0.322809 2.23041
0.683758 0.0972044 2.13024
0.655864 0.0448777 2.10409
0.381853 0.159563 2.21802
0.258438 -0.246041 2.08567
0.180708 -0.568436 1.98481
0.1794 -0.625275 1.86685
0.52607 0.129834 2.24593
0.493819 -0.257482 2.30102
0.436313 -0.613963 2.40372
0.43526 -0.695551 2.33536
0.539486 0.634144 2.11488
0.116074 0.0490801 2.16971
0.185069 0.139845 2.135
0.648974 -0.000870991 2.10283
0.62096 0.0542964 2.1035
0.46284 0.145548 2.26696
0.510557 0.422962 2.18524
0.554925 0.688774 2.09468
0.60844 0.843819 2.05541
0.399752 0.606493 2.12348
0.259927 0.346556 2.17615
0.14341 0.131684 2.17427
0.137035 0.129873 2.19213
0.718455 0.583151 2.16031
0.713296 0.316255 2.22001
0.681427 0.0908109 2.12234
0.647334 0.0340976 2.10079
0.383557 0.159349 2.21979
0.250924 -0.208905 2.05093
0.176735 -0.516984 1.91827
0.174129 -0.559541 1.79051
0.528757 0.126124 2.24402
0.495482 -0.252641 2.28012
0.432456 -0.617686 2.3908
0.434753 -0.696323 2.33283
0.544527 0.623875 2.11913
0.109394 0.0483836 2.21188
0.15318 0.102336 2.17748
0.637399 -0.0161013 2.09552
0.612614 0.0387244 2.10953
0.462391 0.143531 2.26809
0.510699 0.418341 2.18596
0.554655 0.682075 2.09399
0.6036 0.835324 2.05035
0.399267 0.605613 2.12736
0.259874 0.342759 2.19183
0.138079 0.13779 2.23476
0.128383 0.106331 2.26644
0.718899 0.582647 2.15964
0.713269 0.315254 2.21226
0.673792 0.0912985 2.11362
0.636829 0.0327358 2.09636
0.382036 0.158872 2.22456
0.247699 -0.217532 2.0261
0.169564 -0.513335 1.89953
0.160527 -0.565171 1.77764
0.528643 0.123118 2.24317
0.495311 -0.255648 2.27736
0.431978 -0.6249 2.38474
0.435759 -0.700285 2.32997
0.544381 0.617704 2.1189
0.113457 0.060469 2.27994
0.149219 0.0836635 2.25493
0.622387 -0.0192638 2.09201
0.604452 0.0444341 2.09753
0.459759 0.145081 2.26924
0.508178 0.41944 2.18575
0.550942 0.683683 2.09157
0.599188 0.837103 2.04752
0.397551 0.606244 2.12713
0.267651 0.377874 2.19334
0.15444 0.171987 2.25006
0.133967 0.133529 2.28136
0.718039 0.582436 2.15784
0.706364 0.316153 2.2118
0.666354 0.0924274 2.1128
0.627089 0.0398146 2.0969
0.3796 0.161216 2.22656
0.239909 -0.218347 2.06282
0.140336 -0.553124 1.99276
0.136099 -0.612041 1.87613
0.525816 0.124254 2.24368
0.494393 -0.252888 2.28445
0.431251 -0.625638 2.38638
0.435936 -0.700469 2.32936
0.541081 0.619109 2.11718
0.11584 0.0608407 2.31572
0.171051 0.151427 2.218
0.615136 -0.00980191 2.09454
0.594326 0.0525677 2.0931
0.452466 0.147951 2.27175
0.498853 0.422258 2.18506
0.539924 0.686637 2.08716
0.589985 0.839256 2.04464
0.38742 0.607389 2.11874
0.262724 0.379976 2.18934
0.147044 0.174527 2.25187
0.120498 0.131265 2.27506
0.713738 0.583727 2.1582
0.691316 0.316455 2.21895
0.654948 0.0909819 2.1229
0.618214 0.0393504 2.11601
0.373011 0.164441 2.22867
0.225169 -0.234097 2.11905
0.114478 -0.569775 2.11367
0.095836 -0.633918 2.00303
0.518111 0.126856 2.24644
0.489833 -0.25343 2.29609
0.432078 -0.6232 2.39265
0.437742 -0.699993 2.33393
0.530407 0.622027 2.11367
0.106219 0.0634537 2.31591
0.143559 0.105659 2.274
0.606421 -0.00755241 2.11223
0.585906 0.0580948 2.11629
0.428075 0.153034 2.27334
0.468431 0.428494 2.18189
0.504591 0.694018 2.07932
0.544259 0.849527 2.04152
0.352398 0.610792 2.10866
0.232974 0.370879 2.17888
0.116879 0.164046 2.22721
0.0865206 0.122576 2.23554
0.675221 0.597896 2.14717
0.668993 0.324467 2.22762
0.636381 0.0913511 2.15273
0.61044 0.0450298 2.14725
0.350004 0.167263 2.22916
0.186759 -0.217376 2.1804
0.0433244 -0.555067 2.24979
0.0062027 -0.629883 2.17969
0.492899 0.134247 2.24897
0.478598 -0.255028 2.31243
0.435187 -0.609821 2.40458
0.438105 -0.696943 2.33727
0.49621 0.629128 2.10693
0.0687766 0.0540414 2.26271
0.117299 0.0981157 2.23763
0.601507 0.00183129 2.14854
0.575298 0.0568628 2.14163
0.400153 0.158134 2.2747
0.432605 0.435746 2.18017
0.46138 0.703342 2.07456
0.490348 0.856796 2.04155
0.308211 0.615946 2.11172
0.191385 0.35881 2.18131
0.078835 0.145307 2.20906
0.0489635 0.111195 2.2157
0.628845 0.600994 2.1262
0.650672 0.334245 2.22707
0.624998 0.0977465 2.162
0.598943 0.0912111 2.16264
0.321437 0.169526 2.23431
0.133012 -0.196008 2.22208
-0.0316817 -0.545077 2.31468
-0.0739828 -0.600998 2.24434
0.466409 0.141991 2.24641
0.467829 -0.247955 2.32964
0.43748 -0.608351 2.41491
0.438779 -0.695906 2.3379
0.454777 0.637954 2.10293
0.0364733 0.0448242 2.23219
0.0827942 0.0999439 2.1989
0.591936 0.0159749 2.15657
0.5664 0.0976692 2.16008
0.362631 0.157349 2.27631
0.387241 0.435629 2.17795
0.407611 0.704211 2.06816
0.426141 0.8568 2.04028
0.255127 0.614456 2.11724
0.147853 0.354262 2.18941
0.040198 0.136527 2.20507
0.00559985 0.105463 2.22114
0.577523 0.599688 2.10935
0.619096 0.341335 2.21494
0.590941 0.102783 2.16043
0.567594 0.0880311 2.15914
0.283592 0.167097 2.24123
0.0871903 -0.147963 2.24876
-0.109606 -0.526004 2.34856
-0.176997 -0.598894 2.29404
0.430254 0.142745 2.24254
0.452058 -0.242771 2.33937
0.437069 -0.610182 2.42261
0.437697 -0.693204 2.34288
0.403133 0.638553 2.09761
-0.0095737 0.0342771 2.22979
0.0252672 0.0648676 2.21625
0.554572 0.0114591 2.15581
0.527871 0.0776677 2.16094
0.292929 0.153708 2.27673
0.317118 0.431619 2.1757
0.3387 0.699407 2.06368
0.345447 0.850672 2.03901
0.183115 0.615028 2.12454
0.0853159 0.350702 2.20217
-0.0172751 0.133224 2.23328
-0.0457556 0.102873 2.25446
0.505595 0.590325 2.09502
0.564581 0.344872 2.19315
0.535398 0.107286 2.13405
0.513911 0.0783974 2.12989
0.216384 0.162496 2.24723
0.0257342 -0.142586 2.28543
-0.172108 -0.524599 2.37214
-0.233742 -0.600999 2.31558
0.360466 0.140236 2.23697
0.414282 -0.238318 2.32994
0.434163 -0.612142 2.42231
0.434318 -0.69002 2.34305
0.333739 0.633993 2.09366
-0.0668712 0.0317329 2.27356
-0.0289988 0.100303 2.25483
0.502102 0.000926325 2.13908
0.476358 0.083057 2.13675
0.173774 0.135911 2.28543
0.187042 0.416082 2.18191
0.198973 0.686186 2.06712
0.204772 0.836329 2.04644
0.0435642 0.600432 2.14775
-0.0395564 0.345256 2.23597
-0.128785 0.129189 2.29357
-0.147757 0.106407 2.31345
0.372852 0.580543 2.0841
0.438674 0.331974 2.16067
0.427141 0.0954539 2.09098
0.400951 0.0600655 2.08287
0.097782 0.143048 2.26032
-0.0585764 -0.169063 2.31742
-0.232307 -0.547074 2.43095
-0.287799 -0.622741 2.36163
0.244671 0.124665 2.24086
0.35614 -0.261865 2.33055
0.430173 -0.615657 2.42403
0.433583 -0.690552 2.34131
0.19622 0.620195 2.09783
-0.16594 0.0206635 2.35403
-0.104829 0.114437 2.2835
0.392235 -0.0109632 2.07962
0.366164 0.0523647 2.09079
0.0724117 0.125393 2.30209
0.0817807 0.40482 2.19045
0.089648 0.674108 2.06814
0.081077 0.824405 2.05178
-0.0729339 0.59166 2.15278
-0.1344 0.340826 2.25673
-0.227343 0.129024 2.32115
-0.264121 0.0679447 2.35991
0.251288 0.572852 2.0839
0.33257 0.321284 2.14166
0.316559 0.0863379 2.06688
0.305576 0.0265555 2.06718
-0.000797772 0.130125 2.27807
-0.14061 -0.220902 2.33355
-0.245908 -0.564086 2.45914
-0.29324 -0.62952 2.3991
0.143343 0.116853 2.25627
0.269171 -0.235582 2.3174
0.41276 -0.615389 2.41424
0.429903 -0.68788 2.33706
0.0878891 0.608331 2.10069
-0.270789 0.00988142 2.37907
-0.264078 0.0518866 2.3905
0.300124 -0.0388243 2.08304
0.30659 -0.0453367 2.095
-0.0267729 0.156337 2.32529
-0.030128 0.433485 2.20208
-0.0333046 0.700513 2.0674
-0.0417237 0.847131 2.04814
-0.186853 0.616951 2.15686
-0.239155 0.372851 2.27175
-0.341529 0.165823 2.33661
-0.378864 0.102168 2.36936
0.12866 0.59445 2.08048
0.2024 0.352871 2.11337
0.220552 0.115278 2.04938
0.213358 0.0428541 2.03797
-0.0977723 0.158567 2.2998
-0.204424 -0.201968 2.33809
-0.277737 -0.569221 2.44953
-0.306451 -0.63869 2.39804
0.0450133 0.14947 2.28096
0.180591 -0.222184 2.30891
0.335804 -0.615244 2.39951
0.350542 -0.679625 2.3403
-0.032555 0.635316 2.10311
-0.390048 0.0468861 2.38315
-0.394011 0.120277 2.33343
0.212652 -0.0254417 2.05102
0.194232 0.0352011 2.069
-0.0720822 0.176214 2.33026
-0.0812273 0.452796 2.2067
-0.0900327 0.719253 2.0721
-0.0992992 0.86639 2.05251
-0.243915 0.633357 2.1609
-0.308067 0.389221 2.28346
-0.416537 0.185035 2.34704
-0.457247 0.124618 2.38319
0.0720785 0.619156 2.08668
0.160387 0.373169 2.11134
0.178815 0.137456 2.03942
0.171215 0.071774 2.02233
-0.142291 0.174557 2.30417
-0.227002 -0.197566 2.36411
-0.279597 -0.564054 2.45946
-0.308774 -0.639227 2.39756
0.000265769 0.172629 2.28662
0.0859054 -0.211564 2.28892
0.157012 -0.577567 2.4726
0.166793 -0.64642 2.42044
-0.0879198 0.654201 2.10774
-0.463455 0.0732529 2.39417
-0.46972 0.145227 2.34583
0.168589 0.00541115 2.02804
0.136856 0.0443321 2.0419
-0.111464 0.183794 2.32652
-0.118942 0.461588 2.20936
-0.12614 0.729312 2.0811
-0.145883 0.876447 2.06244
-0.285952 0.644899 2.17294
-0.357331 0.394642 2.29907
-0.465085 0.185218 2.34774
-0.518517 0.135049 2.38092
0.0365289 0.631366 2.0954
0.135211 0.386901 2.11618
0.162064 0.152982 2.04058
0.153768 0.0843981 2.02439
-0.181944 0.179854 2.30165
-0.244478 -0.197927 2.38017
-0.278073 -0.55934 2.47689
-0.307097 -0.635479 2.4019
-0.0376487 0.182228 2.28169
0.00887216 -0.194427 2.30263
0.00165185 -0.543317 2.53407
0.00529861 -0.625977 2.49414
-0.124444 0.663931 2.11514
-0.528601 0.0880296 2.38855
-0.536731 0.15021 2.34977
0.153374 0.02206 2.02501
0.115313 0.0783906 2.03706
-0.150883 0.185731 2.3158
-0.154512 0.467764 2.20869
-0.15825 0.739449 2.09016
-0.185221 0.887453 2.07738
-0.317917 0.652327 2.1934
-0.385534 0.40175 2.30989
-0.50039 0.195635 2.35627
-0.551273 0.139458 2.39129
0.00258916 0.639171 2.09947
0.109233 0.391599 2.11556
0.147351 0.156942 2.04861
0.150106 0.0916035 2.05014
-0.220624 0.183971 2.29421
-0.260391 -0.196253 2.39226
-0.284036 -0.559432 2.47997
-0.305516 -0.632348 2.40644
-0.0766787 0.181903 2.26769
-0.0681738 -0.223307 2.41047
-0.0631709 -0.549663 2.57642
-0.0390173 -0.618283 2.51871
-0.157382 0.67308 2.12176
-0.565442 0.0907989 2.39397
-0.560652 0.171154 2.35942
0.158637 0.024036 2.06171
0.111374 0.0983202 2.06403
-0.169692 0.188819 2.30998
-0.17583 0.472378 2.20999
-0.181912 0.745731 2.09976
-0.205171 0.893064 2.0863
-0.342298 0.65618 2.19799
-0.406698 0.40019 2.30671
-0.518591 0.196982 2.36705
-0.559087 0.13718 2.40718
-0.018724 0.64514 2.10639
0.0891779 0.399512 2.11752
0.141873 0.163656 2.05784
0.155241 0.10358 2.06225
-0.239988 0.187179 2.2879
-0.272299 -0.187214 2.39157
-0.287917 -0.556147 2.48682
-0.306442 -0.63232 2.40756
-0.0942813 0.184777 2.26241
-0.0637133 -0.202704 2.38085
-0.0616931 -0.546493 2.58517
-0.0412753 -0.617906 2.52327
-0.180532 0.67895 2.12919
-0.563974 0.0868989 2.41875
-0.572978 0.157299 2.37065
0.169245 0.0314499 2.07275
0.10277 0.137302 2.09462
-0.184139 0.19121 2.30739
-0.197071 0.474095 2.21339
-0.209568 0.746225 2.11011
-0.221771 0.894054 2.09263
-0.370236 0.65156 2.19575
-0.466311 0.405191 2.30616
-0.54673 0.184976 2.35943
-0.586963 0.126582 2.3978
-0.0410777 0.648374 2.12251
0.0695813 0.404854 2.13671
0.136159 0.175322 2.07541
0.152382 0.117938 2.07985
-0.255714 0.186811 2.28423
-0.28102 -0.186064 2.38836
-0.291528 -0.556775 2.48711
-0.308696 -0.632725 2.40856
-0.10743 0.189753 2.26084
-0.0711337 -0.197556 2.27534
-0.0425585 -0.553755 2.50204
-0.0623916 -0.605559 2.39876
-0.206656 0.679793 2.13777
-0.590297 0.0770812 2.41199
-0.598899 0.147288 2.35578
0.169741 0.0494594 2.08224
0.117209 0.107681 2.08317
-0.196383 0.193219 2.30513
-0.212903 0.476009 2.21584
-0.228449 0.748233 2.11673
-0.240017 0.897753 2.0968
-0.389103 0.647161 2.19014
-0.489408 0.400731 2.28326
-0.586715 0.179993 2.30162
-0.626639 0.113922 2.32222
-0.0608611 0.65623 2.13757
0.0473091 0.412337 2.16793
0.12897 0.185465 2.11798
0.143871 0.137337 2.12938
-0.268885 0.185467 2.27919
-0.287421 -0.180625 2.37983
-0.292727 -0.558632 2.48718
-0.310064 -0.63318 2.40717
-0.118694 0.195146 2.26125
-0.0774587 -0.224243 2.18895
-0.0339305 -0.583506 2.32214
-0.0311081 -0.654728 2.28282
-0.224814 0.681756 2.1434
-0.636775 0.0587968 2.33315
-0.634068 0.138209 2.27976
0.165356 0.0603112 2.14336
0.100504 0.139537 2.13863
-0.1977 0.194507 2.30318
-0.217162 0.476797 2.21505
-0.237431 0.748228 2.11706
-0.247782 0.897963 2.09542
-0.398407 0.646391 2.18448
-0.502709 0.399743 2.2605
-0.59376 0.174311 2.25346
-0.617359 0.142034 2.24504
-0.0679861 0.658523 2.14307
0.0370493 0.417386 2.1878
0.123543 0.189687 2.15782
0.139429 0.143201 2.17151
-0.270461 0.186194 2.27575
-0.288269 -0.180001 2.3774
-0.290306 -0.557783 2.48643
-0.309569 -0.632404 2.40773
-0.119605 0.196908 2.26045
-0.067534 -0.256044 2.14859
-0.0262552 -0.61599 2.11282
-0.0263144 -0.661623 2.02241
-0.232524 0.681986 2.14343
-0.646533 0.0558634 2.26065
-0.637405 0.145431 2.21085
0.166683 0.0702775 2.1771
0.10217 0.138783 2.16623
-0.197561 0.193738 2.30176
-0.218715 0.47495 2.21339
-0.240336 0.744911 2.11456
-0.251477 0.894804 2.09139
-0.401727 0.642408 2.17889
-0.496547 0.400286 2.23854
-0.591926 0.176858 2.21745
-0.612587 0.14257 2.20308
-0.0702045 0.658201 2.14399
0.034583 0.414343 2.19823
0.122109 0.186293 2.19184
0.139465 0.140816 2.20961
-0.270187 0.1846 2.273
-0.288925 -0.176472 2.37465
-0.289878 -0.5576 2.48598
-0.309816 -0.632714 2.40689
-0.119449 0.196722 2.26008
-0.0594048 -0.222031 2.12187
-0.0222481 -0.530622 2.0004
-0.0297219 -0.591093 1.88493
-0.235132 0.679039 2.1412
-0.649924 0.0499311 2.20543
-0.61779 0.147215 2.15756
0.165332 0.0569379 2.23097
0.0915293 0.142568 2.20215
-0.194284 0.193383 2.29931
-0.216002 0.472841 2.21049
-0.236605 0.740749 2.11049
-0.247344 0.891568 2.08466
-0.394546 0.639838 2.1712
-0.489419 0.397997 2.22203
-0.585898 0.175031 2.20082
-0.600559 0.139731 2.18952
-0.0683971 0.65765 2.14467
0.0395191 0.406999 2.20634
0.127809 0.179515 2.206
0.145808 0.145962 2.22348
-0.266853 0.184334 2.26924
-0.286261 -0.178358 2.37409
-0.288186 -0.557154 2.48668
-0.309077 -0.632489 2.40774
-0.116022 0.196404 2.25905
-0.0510148 -0.206549 2.09569
-0.0156238 -0.523112 1.97789
-0.023775 -0.581215 1.86052
-0.231746 0.675412 2.13746
-0.637871 0.05085 2.19128
-0.618801 0.131907 2.15212
0.177326 0.0648182 2.24541
0.108851 0.129946 2.22408
-0.172288 0.192722 2.28879
-0.192081 0.470514 2.1991
-0.210142 0.737679 2.0984
-0.216496 0.888603 2.07346
-0.371168 0.638888 2.15364
-0.470257 0.395054 2.20938
-0.560812 0.169249 2.19914
-0.572454 0.128259 2.20913
-0.0428533 0.655793 2.13974
0.0610972 0.404375 2.20456
0.147974 0.176636 2.20844
0.177765 0.134949 2.21066
-0.246077 0.183721 2.25733
-0.272739 -0.175 2.36842
-0.283973 -0.55437 2.48455
-0.30807 -0.632242 2.40776
-0.0932444 0.19583 2.25053
-0.0298927 -0.210143 2.08573
0.029479 -0.547084 2.06802
0.0336609 -0.619629 1.96875
-0.205911 0.672461 2.12555
-0.600624 0.0352686 2.23489
-0.599988 0.12577 2.1829
0.205537 0.0541723 2.23416
0.132552 0.137604 2.19906
-0.154159 0.189179 2.2809
-0.16645 0.467919 2.18852
-0.176925 0.736454 2.0851
-0.172805 0.888641 2.06212
-0.33776 0.638402 2.13731
-0.429175 0.392959 2.20658
-0.523433 0.169496 2.2149
-0.535537 0.128943 2.23236
-0.00497602 0.649081 2.12704
0.0893233 0.40401 2.1888
0.177144 0.176461 2.18924
0.200957 0.135909 2.18686
-0.22727 0.181854 2.24843
-0.260991 -0.171317 2.36056
-0.278055 -0.550014 2.48073
-0.308164 -0.632969 2.40642
-0.0762812 0.190747 2.24364
0.00273092 -0.212137 2.10495
0.0740184 -0.573935 2.18656
0.0713501 -0.640137 2.11523
-0.174563 0.670871 2.11293
-0.565751 0.0426608 2.25805
-0.562107 0.13618 2.20862
0.234741 0.0493212 2.20313
0.162002 0.140882 2.17079
-0.119254 0.179428 2.26857
-0.120437 0.45923 2.17294
-0.120404 0.728854 2.06629
-0.113742 0.880981 2.04623
-0.288366 0.632047 2.12248
-0.379957 0.384008 2.20736
-0.472954 0.162507 2.23492
-0.485663 0.125596 2.25652
0.0456979 0.636572 2.10893
0.135408 0.38404 2.16839
0.217984 0.1544 2.16167
0.238792 0.109758 2.1603
-0.192702 0.174974 2.23612
-0.244838 -0.171824 2.3526
-0.274797 -0.549527 2.47872
-0.307653 -0.633265 2.40534
-0.0420363 0.178284 2.23127
0.0405318 -0.231249 2.16634
0.118875 -0.602797 2.32203
0.117627 -0.668133 2.2589
-0.120575 0.66301 2.09493
-0.511276 0.0427122 2.28212
-0.503926 0.161814 2.23892
0.267063 0.0246928 2.17342
0.207587 0.0936849 2.15589
-0.0440303 0.158261 2.24956
-0.0346035 0.43748 2.14852
-0.0249595 0.706112 2.03602
-0.00718926 0.858243 2.01728
-0.184839 0.612578 2.08845
-0.277901 0.367571 2.18932
-0.390784 0.166512 2.25493
-0.396516 0.122142 2.28009
0.142347 0.610996 2.08537
0.217438 0.34465 2.14281
0.283696 0.109925 2.13098
0.291986 0.0749884 2.12982
-0.1177 0.157941 2.21451
-0.208423 -0.182046 2.33799
-0.27154 -0.553633 2.4773
-0.307532 -0.634926 2.40323
0.0311087 0.153672 2.21473
0.104095 -0.245726 2.26105
0.140355 -0.604912 2.38408
0.134675 -0.674385 2.30919
-0.0273933 0.640553 2.06617
-0.419243 0.0427784 2.31525
-0.418863 0.149864 2.26456
0.315626 -0.0195405 2.14649
0.259811 0.0682924 2.1488
0.0186697 0.152664 2.24648
0.0325907 0.428934 2.13757
0.045816 0.694733 2.01709
0.0747318 0.848459 1.99434
-0.115656 0.609209 2.05917
-0.204918 0.373312 2.16052
-0.318177 0.178723 2.24112
-0.324356 0.123036 2.26769
0.205495 0.598835 2.07197
0.263966 0.337519 2.13468
0.318983 0.0999665 2.11885
0.332593 0.0554058 2.11734
-0.056892 0.153666 2.21036
-0.156059 -0.207096 2.30246
-0.252211 -0.562853 2.46694
-0.303295 -0.631946 2.4033
0.0936533 0.146915 2.21275
0.132333 -0.235808 2.29318
0.141449 -0.598895 2.39521
0.136337 -0.676333 2.31721
0.0426204 0.62987 2.04924
-0.342935 0.0484397 2.31041
-0.353097 0.118258 2.25783
0.353333 -0.0351085 2.12843
0.304151 0.0399864 2.125
0.0565395 0.153802 2.24576
0.0752301 0.428193 2.13083
0.0929905 0.692153 2.00433
0.125702 0.848332 1.98194
-0.0519052 0.609855 2.04119
-0.168252 0.38009 2.14477
-0.265689 0.17181 2.2139
-0.269268 0.129101 2.22833
0.25287 0.59261 2.06154
0.30519 0.330301 2.1314
0.345697 0.0897805 2.11852
0.356393 0.0467597 2.11769
-0.0197763 0.15719 2.20895
-0.101489 -0.214438 2.24954
-0.190118 -0.564332 2.40813
-0.257032 -0.634275 2.37471
0.131294 0.145611 2.21274
0.15541 -0.221807 2.3179
0.145126 -0.591266 2.4035
0.138861 -0.676503 2.31866
0.0887082 0.627753 2.03799
-0.275796 0.0392742 2.28284
-0.299198 0.114809 2.21686
0.374187 -0.0430947 2.1366
0.317613 0.0842956 2.1358
0.0859738 0.153803 2.24369
0.106112 0.427547 2.12737
0.125361 0.690939 1.99994
0.157844 0.846891 1.97546
-0.0341996 0.609912 2.03951
-0.136062 0.376182 2.13325
-0.239482 0.16069 2.17033
-0.243944 0.129031 2.16953
0.282351 0.591711 2.05977
0.331467 0.330109 2.13147
0.36294 0.0882129 2.12363
0.376224 0.049106 2.12937
0.00947752 0.158883 2.20649
-0.0573997 -0.236834 2.23689
-0.118886 -0.587526 2.39888
-0.128732 -0.652319 2.32452
0.159816 0.143949 2.21109
0.168252 -0.227758 2.31753
0.146208 -0.591946 2.40477
0.140726 -0.677204 2.31853
0.120718 0.626676 2.03379
-0.265604 0.0369807 2.21001
-0.270437 0.145648 2.15057
0.390291 -0.0420878 2.14528
0.35147 0.0239348 2.11629
0.112879 0.149574 2.22872
0.127526 0.427599 2.12386
0.143967 0.694085 2.00556
0.181482 0.85032 1.97929
-0.0130717 0.607387 2.03953
-0.11456 0.367753 2.11479
-0.215929 0.146145 2.11644
-0.220089 0.127784 2.10505
0.307463 0.596465 2.06931
0.349965 0.331315 2.13806
0.391975 0.0912607 2.13512
0.405419 0.0522126 2.14322
0.0366356 0.15276 2.18917
-0.00992693 -0.252723 2.25588
-0.0273672 -0.59577 2.38638
-0.055333 -0.665148 2.31332
0.185632 0.141595 2.19841
0.183985 -0.2315 2.3105
0.147535 -0.592049 2.4055
0.141673 -0.677407 2.31878
0.13972 0.629011 2.0371
-0.25587 0.0297438 2.11462
-0.245498 0.166166 2.09375
0.426344 -0.0374841 2.1591
0.373817 0.0441662 2.13835
0.122942 0.147067 2.21953
0.134648 0.428578 2.12194
0.149064 0.698947 2.01047
0.187639 0.856399 1.98734
-0.00696013 0.60642 2.04006
-0.104987 0.366218 2.09903
-0.203889 0.143101 2.08366
-0.204224 0.126349 2.07274
0.314854 0.599147 2.0739
0.356271 0.33125 2.14079
0.407528 0.0935257 2.14596
0.420733 0.0563271 2.15834
0.0463938 0.149129 2.17879
-0.00293678 -0.255083 2.25708
-0.0273977 -0.596046 2.38412
-0.0538102 -0.66702 2.30824
0.195612 0.140293 2.19041
0.191645 -0.23344 2.30488
0.148692 -0.592488 2.40594
0.141782 -0.677413 2.31895
0.145267 0.632669 2.04003
-0.241962 0.0270749 2.07887
-0.226174 0.105683 2.03831
0.444241 -0.0370168 2.18541
0.372257 0.0875221 2.15211
0.127761 0.146778 2.21187
0.138063 0.430069 2.11983
0.15074 0.702408 2.01313
0.186976 0.861555 1.99296
-0.00447423 0.606283 2.0409
-0.102494 0.360073 2.08994
-0.195155 0.134805 2.06285
-0.194959 0.118258 2.05673
0.317045 0.601841 2.07498
0.360771 0.333037 2.14073
0.417396 0.0970271 2.15127
0.427443 0.0641655 2.16356
0.0508712 0.148773 2.17126
-0.00266799 -0.2551 2.25698
-0.0303535 -0.597157 2.38228
-0.0539112 -0.667748 2.30713
0.200585 0.14012 2.1827
0.194037 -0.23433 2.3014
0.14883 -0.593516 2.405
0.14233 -0.678465 2.31845
0.147401 0.635542 2.0415
-0.230192 0.0206682 2.05404
-0.219521 0.0973351 2.0241
0.450589 -0.0260617 2.19142
0.392745 0.0718636 2.15283
0.128883 0.145743 2.20506
0.138584 0.430373 2.11712
0.149461 0.70476 2.01476
0.183875 0.864541 1.99812
-0.00434664 0.606212 2.04163
-0.100285 0.356848 2.08627
-0.187657 0.129381 2.06015
-0.18921 0.113409 2.06309
0.317736 0.603459 2.07581
0.36411 0.333468 2.13948
0.422344 0.0977961 2.14926
0.431829 0.0558308 2.15152
0.0519836 0.147363 2.16476
-0.00208194 -0.251964 2.2683
-0.031557 -0.594858 2.38649
-0.0536784 -0.667627 2.30734
0.20167 0.139514 2.17556
0.196244 -0.234069 2.29678
0.149009 -0.595468 2.40628
0.142971 -0.679656 2.31744
0.14687 0.637351 2.04202
-0.223175 0.0163218 2.06533
-0.216827 0.13559 2.04988
0.45606 -0.0369755 2.19232
0.390393 0.075291 2.15867
0.126499 0.144822 2.20052
0.136899 0.430589 2.11571
0.146494 0.70587 2.01652
0.17972 0.865126 2.0001
-0.00617067 0.60607 2.04202
-0.10143 0.355337 2.08532
-0.187769 0.12705 2.06816
-0.195096 0.107596 2.08446
0.316372 0.604741 2.07614
0.362831 0.333561 2.13737
0.42054 0.0972183 2.14013
0.419037 0.0564034 2.13512
0.0497046 0.146159 2.16045
-0.00512673 -0.250046 2.27719
-0.0335273 -0.589862 2.39397
-0.0543227 -0.66626 2.3125
0.19925 0.138906 2.17081
0.196281 -0.231883 2.29357
0.149058 -0.595327 2.40634
0.143236 -0.679563 2.31756
0.144443 0.638303 2.04291
-0.22601 0.00817706 2.0978
-0.212431 0.130429 2.05558
0.437949 -0.0365314 2.17154
0.378053 0.0844997 2.14408
0.122834 0.143739 2.19639
0.133016 0.430734 2.11333
0.141888 0.70703 2.01698
0.17394 0.86566 2.00103
-0.0109538 0.605345 2.04252
-0.104109 0.354673 2.08623
-0.191333 0.127145 2.08991
-0.201332 0.110115 2.10758
0.312381 0.605803 2.07524
0.357032 0.33265 2.13263
0.411143 0.0950677 2.12741
0.40538 0.0559886 2.12
0.046143 0.144667 2.15658
-0.00622663 -0.2511 2.28015
-0.0344012 -0.590061 2.39413
-0.0566547 -0.66736 2.31023
0.195591 0.138273 2.1664
0.193876 -0.233229 2.29156
0.148939 -0.595622 2.40606
0.142929 -0.679444 2.31749
0.140019 0.63935 2.04282
-0.234326 0.00989219 2.12847
-0.229264 0.149191 2.10217
0.42332 -0.0372219 2.14388
0.374896 0.0672953 2.154
0.118746 0.142294 2.19193
0.128859 0.429703 2.11007
0.137546 0.706166 2.01575
0.166579 0.86528 2.00104
-0.018516 0.604811 2.04363
-0.107185 0.35542 2.08794
-0.19449 0.128905 2.10229
-0.207984 0.103092 2.12185
0.305972 0.606056 2.0739
0.350701 0.332349 2.12772
0.400802 0.093761 2.11621
0.396497 0.0514542 2.11221
0.042125 0.142894 2.15249
-0.00775923 -0.251966 2.28117
-0.0343977 -0.590103 2.3943
-0.056595 -0.66695 2.31094
0.191538 0.13718 2.16154
0.19088 -0.233709 2.28896
0.14879 -0.595402 2.40543
0.142806 -0.679197 2.31749
0.135684 0.638606 2.04123
-0.235671 0.00631317 2.14822
-0.231293 0.120811 2.09925
0.413522 -0.0433111 2.13922
0.363676 0.0668548 2.13967
0.114813 0.141435 2.1884
0.123445 0.429688 2.10845
0.130141 0.707071 2.01686
0.160508 0.865311 2.00133
-0.0242554 0.604333 2.04354
-0.110589 0.355484 2.09034
-0.198217 0.129914 2.1109
-0.212392 0.101099 2.12629
0.300908 0.606188 2.07287
0.344283 0.331364 2.12338
0.396463 0.093233 2.11094
0.393029 0.0554828 2.10392
0.038267 0.141637 2.14928
-0.00915438 -0.252498 2.2826
-0.0354177 -0.589508 2.39528
-0.0565007 -0.666809 2.31315
0.187654 0.13674 2.1577
0.187811 -0.233468 2.28595
0.14878 -0.596142 2.4059
0.142185 -0.677982 2.31929
0.128748 0.639298 2.04163
-0.237765 0.00263093 2.15752
-0.238452 0.131514 2.11845
0.410992 -0.0408112 2.127
0.355587 0.0691354 2.12033
0.109387 0.140434 2.18453
0.1177 0.429261 2.10627
0.124566 0.707094 2.01651
0.155315 0.864881 2.00086
-0.0298886 0.60451 2.04363
-0.114321 0.354715 2.09137
-0.19898 0.128042 2.11214
-0.211726 0.0967111 2.11852
0.295885 0.605828 2.0705
0.339766 0.332423 2.11953
0.392547 0.0944083 2.10769
0.389776 0.0546794 2.10324
0.0330569 0.140624 2.14581
-0.0115413 -0.252285 2.28198
-0.0362489 -0.589348 2.39525
-0.0566688 -0.666875 2.31361
0.182193 0.135758 2.15341
0.184956 -0.234686 2.28349
0.148116 -0.596424 2.40525
0.141956 -0.677709 2.31934
0.123075 0.63924 2.04089
-0.23425 0.000300223 2.15065
-0.23857 0.110055 2.102
0.410632 -0.0408473 2.12546
0.345405 0.0748348 2.117
0.105212 0.138737 2.18051
0.114668 0.427855 2.10341
0.122612 0.705539 2.01442
0.14953 0.864836 2.00044
-0.0344617 0.604036 2.0433
-0.118444 0.344391 2.09287
-0.195062 0.114087 2.10737
-0.196374 0.0930642 2.1038
0.290644 0.605649 2.06889
0.334929 0.330135 2.11733
0.385138 0.0915452 2.10778
0.37884 0.0567158 2.11049
0.0289735 0.138944 2.1419
-0.0150057 -0.2522 2.28149
-0.0376358 -0.589048 2.39585
-0.0565766 -0.665948 2.31565
0.178051 0.134074 2.14925
0.182434 -0.235337 2.28023
0.14772 -0.596455 2.40513
0.141704 -0.677457 2.31963
0.120797 0.63776 2.03863
-0.221154 -0.00693367 2.12549
-0.221376 0.139928 2.0926
0.399949 -0.0408607 2.12968
0.333478 0.077661 2.11462
0.103576 0.137624 2.17831
0.112469 0.427387 2.10176
0.119921 0.705832 2.01349
0.14663 0.864654 1.99957
-0.0369184 0.60369 2.04269
-0.117611 0.341096 2.0917
-0.188342 0.108312 2.10036
-0.190791 0.0903461 2.09856
0.288086 0.6047 2.06668
0.331929 0.328702 2.11667
0.379726 0.0896031 2.10782
0.373527 0.0551093 2.11401
0.0273489 0.137722 2.13956
-0.016268 -0.253534 2.28149
-0.0381703 -0.589297 2.39564
-0.056937 -0.666081 2.31512
0.176452 0.133102 2.14721
0.18166 -0.235735 2.27903
0.147408 -0.596541 2.40489
0.141609 -0.677385 2.31959
0.118263 0.63785 2.03753
-0.21377 -0.00691551 2.1188
-0.218213 0.120589 2.095
0.392852 -0.0417895 2.13057
0.330244 0.0822925 2.12077
