-0.296647 0.215434 2.37082
-0.287883 0.4928 2.28866
-0.277952 0.76042 2.1955
-0.26405 0.915468 2.14384
-0.440042 0.675579 2.23476
-0.518629 0.41758 2.27977
-0.60892 0.204621 2.28628
-0.626707 0.148987 2.2935
-0.113459 0.680781 2.25637
-0.051019 0.414453 2.32039
0.00187678 0.187561 2.31638
0.00657045 0.129431 2.31994
-0.366699 0.212832 2.33393
-0.405531 -0.169923 2.45773
-0.42234 -0.530622 2.57458
-0.425 -0.604333 2.49504
-0.218338 0.212001 2.34117
-0.201371 -0.171201 2.46346
-0.205237 -0.527147 2.57664
-0.203252 -0.621371 2.49668
-0.280682 0.694978 2.22073
-0.649048 0.067828 2.32369
-0.574185 0.179923 2.27442
0.0298141 0.0427663 2.33716
-0.0304119 0.130622 2.32047
-0.296704 0.215361 2.37059
-0.288014 0.492605 2.28828
-0.278133 0.760099 2.19507
-0.264127 0.915067 2.14272
-0.440068 0.6752 2.23405
-0.51855 0.417524 2.2791
-0.6082 0.204236 2.28512
-0.626877 0.149859 2.2923
-0.113481 0.68065 2.25611
-0.0511344 0.414229 2.32013
0.00177367 0.187342 2.31645
0.00744619 0.12947 2.31997
-0.366743 0.212796 2.33373
-0.405589 -0.169869 2.45767
-0.422846 -0.530804 2.5743
-0.425311 -0.604881 2.49398
-0.218401 0.211889 2.34093
-0.201398 -0.171325 2.46346
-0.205329 -0.527156 2.577
-0.203236 -0.621251 2.49678
-0.280851 0.694688 2.2203
-0.647255 0.0692373 2.31823
-0.571078 0.187403 2.27401
0.0322159 0.0419446 2.33653
-0.0224686 0.122282 2.30227
-0.296983 0.215142 2.36982
-0.288152 0.492254 2.28726
-0.278077 0.759652 2.19388
-0.264176 0.914547 2.14142
-0.44005 0.674796 2.23287
-0.51857 0.416797 2.27841
-0.607858 0.203235 2.28303
-0.625745 0.149473 2.29096
-0.113585 0.680341 2.25508
-0.0511599 0.413508 2.31968
0.00179731 0.186642 2.31655
0.00834333 0.128617 2.32037
-0.366994 0.212636 2.33274
-0.405695 -0.170057 2.45756
-0.423052 -0.531143 2.57415
-0.424681 -0.604555 2.49426
-0.218669 0.211625 2.34036
-0.201429 -0.171338 2.46326
-0.205394 -0.527042 2.5768
-0.203059 -0.621155 2.49661
-0.280843 0.694262 2.21916
-0.648443 0.0677703 2.32147
-0.573811 0.182928 2.28371
0.0309904 0.037008 2.34512
-0.0331927 0.143897 2.31854
-0.297297 0.214988 2.36874
-0.288249 0.492028 2.28609
-0.277939 0.759374 2.19272
-0.264217 0.914035 2.13999
-0.439984 0.675018 2.23181
-0.518099 0.41671 2.27694
-0.607183 0.203067 2.2819
-0.625791 0.148619 2.29124
-0.113754 0.680146 2.25417
-0.0512234 0.413083 2.31905
0.00182413 0.186242 2.31646
0.00818803 0.127716 2.31791
-0.367294 0.212427 2.33149
-0.405502 -0.170211 2.45738
-0.423019 -0.531271 2.57442
-0.424914 -0.605579 2.4928
-0.218974 0.211535 2.33937
-0.20134 -0.171256 2.46258
-0.205534 -0.527268 2.5767
-0.20293 -0.621442 2.49664
-0.280764 0.693995 2.21798
-0.644536 0.0645155 2.32191
-0.57512 0.178454 2.27879
0.0320444 0.0369883 2.34345
-0.00848653 0.0803897 2.3048
-0.29727 0.214672 2.36755
-0.28827 0.491693 2.28505
-0.277991 0.759047 2.19191
-0.26418 0.913535 2.13907
-0.440078 0.674901 2.23155
-0.518478 0.416152 2.27631
-0.606817 0.202169 2.28116
-0.626216 0.147752 2.29178
-0.113821 0.679694 2.2534
-0.0512415 0.412551 2.31841
0.0017394 0.185675 2.31557
0.00720462 0.125613 2.31718
-0.36728 0.212137 2.3304
-0.405465 -0.170456 2.45734
-0.422836 -0.531598 2.57478
-0.424729 -0.605903 2.49221
-0.218923 0.211197 2.3381
-0.201331 -0.171011 2.46211
-0.205627 -0.527398 2.57682
-0.202856 -0.621467 2.49654
-0.280807 0.693663 2.21711
-0.645031 0.0623374 2.32367
-0.575063 0.177806 2.27831
0.0312666 0.0357409 2.34257
-0.0098435 0.084853 2.3059
-0.297261 0.2145 2.36678
-0.288276 0.491473 2.28451
-0.277998 0.758778 2.19159
-0.264224 0.912907 2.13755
-0.440287 0.674872 2.2314
-0.51844 0.416333 2.27563
-0.606487 0.202204 2.28039
-0.626498 0.148258 2.29117
-0.113825 0.679638 2.25325
-0.0514952 0.411791 2.31719
0.00152855 0.184925 2.31466
0.00671055 0.125743 2.31452
-0.367292 0.21196 2.32955
-0.405658 -0.170593 2.45711
-0.42303 -0.531835 2.57526
-0.424707 -0.606316 2.49134
-0.218897 0.211029 2.33744
-0.201249 -0.170665 2.46155
-0.205393 -0.526693 2.57667
-0.202999 -0.621146 2.49718
-0.280814 0.693406 2.21674
-0.643981 0.0622288 2.31992
-0.575596 0.178961 2.27666
0.0277193 0.036946 2.33995
-0.0256382 0.11341 2.30328
-0.297361 0.214455 2.36652
-0.28875 0.490845 2.28417
-0.279083 0.756945 2.19115
-0.262754 0.908503 2.13055
-0.441373 0.674738 2.23126
-0.518528 0.416326 2.27507
-0.606873 0.202301 2.27974
-0.627173 0.145751 2.2886
-0.114167 0.67969 2.25344
-0.052144 0.412074 2.31703
0.000843648 0.185158 2.31381
0.00566765 0.126518 2.31544
-0.367415 0.211911 2.32915
-0.405655 -0.170548 2.45673
-0.423005 -0.531837 2.57462
-0.424865 -0.605539 2.49203
-0.21902 0.210971 2.33728
-0.201483 -0.170724 2.46104
-0.205418 -0.526449 2.57626
-0.20301 -0.621074 2.49714
-0.28173 0.691927 2.21632
-0.649657 0.0644943 2.3179
-0.580986 0.17319 2.29475
0.0258685 0.0356304 2.34179
-0.0191044 0.104536 2.30193
-0.297798 0.214213 2.36777
-0.289931 0.488756 2.28406
-0.281744 0.751049 2.18824
-0.259538 0.898304 2.11875
-0.444025 0.673286 2.22885
-0.519023 0.415839 2.27479
-0.607074 0.20169 2.27958
-0.62669 0.144996 2.29042
-0.115677 0.679216 2.25502
-0.0547577 0.413129 2.32128
-0.00255791 0.185974 2.31646
0.00128498 0.129373 2.32193
-0.367736 0.211749 2.32983
-0.40594 -0.168049 2.45477
-0.422973 -0.531336 2.57436
-0.424155 -0.60305 2.49577
-0.219555 0.210639 2.33932
-0.20492 -0.17429 2.45389
-0.209291 -0.530327 2.57228
-0.205025 -0.623289 2.49569
-0.283996 0.687098 2.2143
-0.64637 0.0562571 2.32438
-0.57648 0.168176 2.2818
0.0244743 0.0432813 2.33679
-0.0160468 0.0902516 2.30596
-0.295747 0.212604 2.37566
-0.290447 0.483561 2.28364
-0.284675 0.739227 2.17825
-0.253712 0.883492 2.10345
-0.447437 0.662947 2.21702
-0.524164 0.409288 2.27173
-0.60795 0.193729 2.2805
-0.625991 0.137555 2.29304
-0.11888 0.676778 2.25543
-0.059487 0.41234 2.33084
-0.00679419 0.18536 2.32782
0.00174294 0.131067 2.33474
-0.366412 0.209821 2.33443
-0.406208 -0.16752 2.45392
-0.425969 -0.534097 2.57557
-0.426759 -0.605557 2.49249
-0.216734 0.209703 2.35104
-0.205747 -0.207269 2.42088
-0.214638 -0.541962 2.55673
-0.205664 -0.623527 2.49227
-0.286248 0.67692 2.20712
-0.651846 0.0489237 2.33165
-0.578272 0.159713 2.27186
0.0224966 0.0420131 2.35599
-0.0373914 0.148178 2.33536
-0.277323 0.214109 2.38772
-0.281149 0.479583 2.28166
-0.279214 0.732882 2.16468
-0.239311 0.877385 2.09343
-0.438936 0.651503 2.19796
-0.523168 0.401278 2.26004
-0.605864 0.18637 2.27824
-0.61951 0.128274 2.29271
-0.118204 0.676287 2.2547
-0.0562646 0.414953 2.34294
-0.000261198 0.189068 2.34613
0.0155202 0.138948 2.35346
-0.349132 0.207655 2.34303
-0.403197 -0.164848 2.4507
-0.42668 -0.53373 2.57424
-0.427584 -0.605443 2.49303
-0.197586 0.214952 2.36631
-0.172847 -0.183528 2.38242
-0.170139 -0.537395 2.51578
-0.14714 -0.611429 2.45728
-0.279955 0.671103 2.19647
-0.643571 0.0401473 2.34442
-0.566968 0.159284 2.27245
0.0401532 0.0549565 2.37971
-0.0199166 0.146956 2.3525
-0.236627 0.214885 2.38708
-0.238464 0.478673 2.2734
-0.238903 0.733038 2.14913
-0.188199 0.87781 2.0856
-0.395527 0.644648 2.16843
-0.492504 0.404321 2.23167
-0.568056 0.186719 2.25103
-0.581401 0.124041 2.25871
-0.0835989 0.67467 2.25273
-0.0277606 0.414537 2.3545
0.0467658 0.194473 2.36211
0.0698309 0.147025 2.36905
-0.304536 0.207058 2.33746
-0.370662 -0.149415 2.43473
-0.423815 -0.533152 2.57489
-0.428222 -0.605488 2.49371
-0.16193 0.216704 2.36985
-0.0676978 -0.184509 2.36224
0.00466031 -0.555961 2.49292
0.0385465 -0.615682 2.42655
-0.239033 0.670874 2.18217
-0.601565 0.040782 2.29755
-0.528023 0.157662 2.24278
0.0953421 0.0633387 2.3977
0.0256824 0.164951 2.3677
-0.198634 0.202889 2.37697
-0.193225 0.467082 2.26399
-0.186513 0.722133 2.1406
-0.127373 0.866245 2.08284
-0.342473 0.634749 2.1547
-0.442156 0.392208 2.21108
-0.522844 0.174737 2.21377
-0.531372 0.119025 2.21829
-0.0307175 0.661516 2.25516
0.0183386 0.4003 2.35445
0.0992697 0.183852 2.37277
0.122004 0.141365 2.3728
-0.266699 0.197056 2.32419
-0.348352 -0.138929 2.42448
-0.417652 -0.533347 2.57474
-0.429878 -0.606936 2.49889
-0.124825 0.203007 2.36287
0.00563605 -0.159423 2.35911
0.13914 -0.517972 2.45975
0.183105 -0.606934 2.4082
-0.188391 0.659782 2.17336
-0.556736 0.0349075 2.25459
-0.480211 0.142337 2.2252
0.153931 0.0509878 2.39846
0.0695429 0.16755 2.36529
-0.135911 0.174614 2.36243
-0.124438 0.441 2.25461
-0.112421 0.698234 2.1361
-0.0426163 0.840222 2.07886
-0.263237 0.613827 2.14917
-0.372961 0.364917 2.19693
-0.463429 0.151197 2.17648
-0.462636 0.106004 2.17805
0.0452365 0.631642 2.25263
0.0827579 0.374319 2.35299
0.163315 0.158374 2.37419
0.189157 0.121904 2.37102
-0.205981 0.171595 2.30871
-0.317236 -0.143187 2.41478
-0.408812 -0.534136 2.57233
-0.426994 -0.608382 2.49454
-0.062033 0.172678 2.34921
0.0879082 -0.194858 2.3692
0.219528 -0.530962 2.44612
0.242335 -0.588278 2.34615
-0.115524 0.635335 2.16767
-0.487882 0.0169148 2.20607
-0.413836 0.133591 2.16143
0.2255 0.029726 2.39017
0.142444 0.140585 2.37545
-0.0515042 0.14405 2.35312
-0.0287561 0.410369 2.24798
-0.00614774 0.667642 2.13212
0.0615195 0.810925 2.07442
-0.158257 0.58312 2.14159
-0.275788 0.335181 2.19427
-0.377752 0.128233 2.15686
-0.378568 0.0863422 2.15962
0.141014 0.601237 2.24317
0.190726 0.339476 2.35149
0.271984 0.122314 2.35634
0.301826 0.0526128 2.35662
-0.122664 0.144184 2.29862
-0.263691 -0.160592 2.40278
-0.391025 -0.532018 2.56849
-0.42283 -0.604885 2.49791
0.0210909 0.139836 2.34055
0.145008 -0.219798 2.36214
0.265967 -0.571386 2.45895
0.288581 -0.628437 2.35945
-0.0117714 0.604713 2.16303
-0.403748 -0.000463561 2.17088
-0.351065 0.0765663 2.15257
0.314355 -0.0117546 2.3854
0.279013 0.0491677 2.3714
0.0844801 0.145959 2.35676
0.110867 0.412371 2.24321
0.136004 0.66978 2.11888
0.209319 0.814041 2.06405
-0.0097785 0.585374 2.13388
-0.145796 0.347905 2.17958
-0.235922 0.133716 2.15632
-0.252047 0.100177 2.16229
0.287657 0.596283 2.23115
0.333283 0.331155 2.33569
0.406221 0.111029 2.31293
0.416671 0.0750949 2.30692
0.0137551 0.148076 2.30352
-0.151246 -0.158285 2.35296
-0.34337 -0.518638 2.51989
-0.404666 -0.598144 2.46773
0.152807 0.139763 2.34293
0.23509 -0.223041 2.34478
0.283674 -0.592258 2.46276
0.299299 -0.663835 2.41834
0.129926 0.606818 2.15191
-0.278754 0.0138132 2.18441
-0.199462 0.120727 2.1586
0.439617 -0.00816355 2.32625
0.395811 0.0648877 2.33256
0.154523 0.170056 2.35775
0.188705 0.436583 2.24124
0.220326 0.693519 2.11418
0.293305 0.836536 2.05886
0.0714084 0.610567 2.12971
-0.0660101 0.37315 2.17971
-0.162527 0.161337 2.15926
-0.165419 0.124468 2.17043
0.36565 0.606748 2.22239
0.416208 0.349552 2.31737
0.485496 0.129471 2.28064
0.500081 0.0967967 2.26771
0.0792234 0.173247 2.30566
-0.0606089 -0.156927 2.31447
-0.254619 -0.521745 2.47109
-0.287354 -0.605957 2.41602
0.225381 0.161935 2.34279
0.270808 -0.220141 2.36917
0.297386 -0.592646 2.46773
0.315714 -0.651309 2.36873
0.212789 0.630729 2.14786
-0.187184 0.041018 2.19424
-0.117248 0.145565 2.16718
0.522535 0.0182969 2.27498
0.512072 0.0152504 2.30133
0.199323 0.184375 2.35249
0.243158 0.451892 2.23851
0.2847 0.710086 2.11436
0.3514 0.853352 2.06077
0.128679 0.626606 2.13627
-0.0144963 0.391508 2.18085
-0.106678 0.177421 2.16391
-0.113445 0.135675 2.17357
0.43409 0.617533 2.22388
0.477116 0.37435 2.31205
0.531037 0.152532 2.25835
0.557028 0.113549 2.24174
0.125949 0.19331 2.29996
0.0268709 -0.161696 2.29405
-0.10118 -0.539208 2.45958
-0.0848389 -0.624023 2.40234
0.267111 0.170414 2.33818
0.289425 -0.221704 2.38963
0.297788 -0.586525 2.48815
0.303308 -0.664508 2.43121
0.274703 0.646968 2.14728
-0.13574 0.0717373 2.18226
-0.0790098 0.12596 2.1768
0.582337 0.0340484 2.23921
0.525422 0.129276 2.29087
0.244671 0.183092 2.35532
0.295079 0.451394 2.24451
0.342876 0.710299 2.12365
0.419183 0.850591 2.06956
0.188308 0.629731 2.14321
0.0292073 0.395089 2.19035
-0.0665525 0.182719 2.16839
-0.0744744 0.14187 2.17735
0.485398 0.610281 2.23313
0.521727 0.367243 2.32358
0.569882 0.148551 2.2517
0.591674 0.114143 2.23427
0.171576 0.192568 2.3016
0.119074 -0.246105 2.33089
0.0319522 -0.584195 2.45144
0.0558369 -0.654498 2.40109
0.310913 0.168441 2.34233
0.313811 -0.225576 2.40162
0.296864 -0.590196 2.50423
0.303888 -0.664976 2.43964
0.331375 0.647004 2.15573
-0.0948133 0.0823661 2.1846
-0.038202 0.137645 2.17661
0.613498 0.0379841 2.22012
0.564276 0.123148 2.29425
0.26983 0.177541 2.35816
0.323278 0.447624 2.25014
0.373813 0.70854 2.13201
0.452306 0.847662 2.07944
0.220907 0.627039 2.14919
0.0579768 0.396137 2.19402
-0.0441246 0.186401 2.17961
-0.0564081 0.147261 2.1911
0.51653 0.613417 2.2446
0.531884 0.356052 2.33405
0.58231 0.138849 2.25913
0.593166 0.110882 2.24517
0.197152 0.185337 2.30249
0.159526 -0.26545 2.33065
0.0643235 -0.581881 2.45645
0.0709933 -0.652491 2.39882
0.335032 0.164668 2.34714
0.330277 -0.244182 2.39924
0.302154 -0.592378 2.49655
0.303517 -0.667455 2.43761
0.361674 0.644714 2.1634
-0.0739607 0.0878524 2.20041
-0.00717841 0.17249 2.16345
0.610637 0.0321373 2.22497
0.565641 0.120391 2.3074
0.293304 0.178279 2.36059
0.345295 0.449279 2.25519
0.39434 0.711009 2.13944
0.471196 0.851062 2.09127
0.24092 0.62977 2.15914
0.0766932 0.406425 2.19882
-0.0282407 0.197963 2.18868
-0.0476741 0.157679 2.20083
0.53426 0.61113 2.24894
0.543625 0.350235 2.34313
0.590142 0.132978 2.26553
0.592552 0.11592 2.25259
0.216568 0.187113 2.30608
0.205669 -0.257637 2.29411
0.0968036 -0.585399 2.399
0.108586 -0.655195 2.34234
0.362139 0.164225 2.34832
0.340187 -0.279034 2.39554
0.313148 -0.596045 2.48296
0.309052 -0.671225 2.42969
0.382583 0.646985 2.17025
-0.0687078 0.0835886 2.22413
0.0064327 0.180929 2.18267
0.608784 0.0354219 2.22705
0.565273 0.120097 2.29971
0.306372 0.182914 2.35817
0.358047 0.454532 2.25878
0.40832 0.717727 2.15036
0.481721 0.859716 2.09979
0.254199 0.636733 2.17198
0.0907462 0.413803 2.21058
-0.0195544 0.208106 2.19933
-0.0372874 0.181835 2.20459
0.556838 0.61353 2.24912
0.566498 0.365978 2.34554
0.595167 0.144663 2.27044
0.597988 0.125079 2.24756
0.227507 0.19316 2.30435
0.204762 -0.249577 2.20885
0.109242 -0.573133 2.29016
0.118726 -0.623582 2.20121
0.377044 0.167693 2.34526
0.353864 -0.294329 2.40592
0.309096 -0.607072 2.49022
0.310815 -0.675925 2.42844
0.396157 0.653291 2.17911
-0.0646526 0.098811 2.23218
0.0209724 0.203383 2.19189
0.608853 0.0416556 2.21727
0.572465 0.12678 2.29419
0.323072 0.185869 2.3536
0.372374 0.459087 2.26274
0.420767 0.723073 2.16207
0.489168 0.866668 2.1077
0.267325 0.645092 2.18696
0.102284 0.424327 2.23268
-0.0123785 0.221066 2.21794
-0.0320204 0.19417 2.23013
0.57009 0.614762 2.2488
0.586116 0.36959 2.34266
0.60182 0.148077 2.26356
0.600537 0.128341 2.23368
0.242091 0.198984 2.30204
0.196379 -0.229155 2.13118
0.139898 -0.55378 2.09067
0.146362 -0.616211 1.97852
0.395225 0.167436 2.33843
0.359276 -0.290632 2.41007
0.314721 -0.604322 2.48923
0.312542 -0.674068 2.42922
0.409104 0.658456 2.18889
-0.0645862 0.111568 2.25142
0.0175708 0.205502 2.20057
0.606849 0.0450054 2.20089
0.580188 0.115021 2.26312
0.326677 0.179888 2.35041
0.37775 0.453578 2.26439
0.427392 0.717543 2.16911
0.494318 0.860581 2.11118
0.273826 0.640605 2.19631
0.108018 0.420601 2.2495
-0.00873089 0.218788 2.24917
-0.0243735 0.198698 2.2596
0.578381 0.60766 2.25208
0.590576 0.359191 2.34041
0.603591 0.138481 2.25835
0.59891 0.113847 2.22811
0.246146 0.195237 2.30096
0.186263 -0.206502 2.11552
0.156318 -0.51899 1.99993
0.168974 -0.57283 1.87679
0.398159 0.158587 2.33291
0.356974 -0.299185 2.38957
0.307918 -0.659366 2.4396
0.343636 -0.718575 2.43363
0.415479 0.652929 2.19458
-0.0637417 0.11403 2.28582
0.021377 0.206679 2.23195
0.60257 0.0348152 2.19212
0.5773 0.09935 2.263
0.331169 0.16993 2.34846
0.382691 0.44437 2.26518
0.43157 0.709287 2.17191
0.498748 0.851003 2.11278
0.277692 0.635371 2.19954
0.120078 0.414902 2.25864
-0.00432406 0.219017 2.27238
-0.0255121 0.179715 2.29682
0.581711 0.601035 2.25546
0.589094 0.350616 2.34137
0.603528 0.130575 2.25774
0.593369 0.0751971 2.21461
0.253112 0.184662 2.30047
0.184455 -0.200066 2.10709
0.149651 -0.513335 1.98478
0.162785 -0.571229 1.86456
0.400129 0.150061 2.33
0.368257 -0.282842 2.38095
0.314784 -0.609528 2.4502
0.322001 -0.663902 2.34504
0.419875 0.644459 2.19702
-0.0551154 0.101335 2.33431
0.0309135 0.195176 2.26691
0.59442 0.0213659 2.20208
0.585658 0.0106821 2.22567
0.32904 0.16654 2.34835
0.383404 0.441742 2.26482
0.432626 0.70736 2.17113
0.500639 0.848436 2.1114
0.278843 0.63384 2.19911
0.123281 0.411867 2.2606
0.000113981 0.218051 2.29097
-0.0191474 0.179899 2.31609
0.58209 0.599219 2.25613
0.581504 0.34008 2.34402
0.593336 0.118324 2.26514
0.574121 0.107465 2.25021
0.253963 0.18012 2.30109
0.182401 -0.21757 2.1188
0.11325 -0.563862 2.0894
0.115586 -0.627521 1.97907
0.394709 0.147793 2.32935
0.367696 -0.282563 2.39202
0.311535 -0.604749 2.47106
0.32047 -0.6757 2.41837
0.420803 0.642488 2.19644
-0.0438698 0.102716 2.36565
0.0373047 0.202844 2.27161
0.578311 0.0267717 2.2197
0.546402 0.127323 2.2845
0.324519 0.16708 2.34776
0.379751 0.441967 2.26253
0.430205 0.707438 2.16688
0.497575 0.848859 2.10868
0.276424 0.632918 2.19296
0.125685 0.410254 2.25791
-0.000175965 0.219256 2.29298
-0.0244527 0.184088 2.30585
0.566109 0.602966 2.25363
0.5704 0.337218 2.34512
0.579957 0.113268 2.2731
0.558406 0.108323 2.26194
0.249011 0.180288 2.29942
0.1658 -0.230719 2.17295
0.0589723 -0.606254 2.22888
0.065918 -0.65332 2.13281
0.390478 0.148891 2.32957
0.368833 -0.256492 2.39337
0.311504 -0.600663 2.48734
0.317614 -0.673816 2.4265
0.418157 0.642541 2.19274
-0.0530513 0.103808 2.34877
0.0246069 0.196671 2.25827
0.556891 0.0241166 2.23606
0.531406 0.100879 2.26161
0.316467 0.169265 2.34858
0.369289 0.44284 2.25904
0.417664 0.706798 2.15811
0.481868 0.849777 2.10221
0.263069 0.631442 2.18368
0.110833 0.404891 2.25428
-0.015952 0.213587 2.28518
-0.0403653 0.184598 2.28951
0.561051 0.603488 2.25195
0.561623 0.334827 2.34482
0.563171 0.108306 2.28158
0.540852 0.107541 2.26815
0.241026 0.18225 2.29923
0.132035 -0.225704 2.2306
0.0183591 -0.569772 2.31507
0.032994 -0.625187 2.21119
0.382714 0.15136 2.3314
0.363954 -0.233158 2.39029
0.312804 -0.597891 2.48989
0.317345 -0.674061 2.42864
0.406154 0.642263 2.18535
-0.0673301 0.10099 2.33827
0.011736 0.199532 2.24612
0.539954 0.0243697 2.24739
0.513044 0.122999 2.29157
0.297697 0.178701 2.35164
0.347176 0.449524 2.2562
0.392528 0.710808 2.14958
0.447337 0.857637 2.09435
0.238759 0.635948 2.17789
0.0884954 0.411198 2.24634
-0.0442231 0.221698 2.26525
-0.0765955 0.181924 2.26753
0.55062 0.608261 2.24669
0.546095 0.355303 2.33439
0.545472 0.12434 2.29456
0.524997 0.105869 2.27636
0.221615 0.193072 2.30365
0.0789211 -0.195389 2.26581
-0.0551396 -0.536666 2.38702
-0.0963423 -0.610798 2.32716
0.365101 0.159374 2.33318
0.352961 -0.224759 2.397
0.314384 -0.592288 2.49634
0.317197 -0.672249 2.43217
0.381763 0.646931 2.17821
-0.101637 0.106909 2.30489
-0.0229785 0.197416 2.23656
0.523893 0.0202894 2.26097
0.496517 0.116214 2.27905
0.260672 0.190327 2.35019
0.303788 0.457364 2.25155
0.344165 0.714818 2.14236
0.378634 0.870007 2.08613
0.179386 0.647583 2.18238
0.0384941 0.418777 2.2479
-0.101777 0.232621 2.24135
-0.135785 0.199184 2.24768
0.509432 0.619911 2.21229
0.524219 0.359548 2.31621
0.520471 0.128503 2.27657
0.501618 0.104864 2.26291
0.18406 0.204131 2.3081
-0.0156423 -0.152813 2.30343
-0.207072 -0.525472 2.42449
-0.24159 -0.585914 2.35156
0.329537 0.171211 2.32576
0.329844 -0.220135 2.42125
0.311437 -0.582054 2.50714
0.313382 -0.6634 2.44266
0.334521 0.651884 2.17157
-0.16927 0.124258 2.2716
-0.0772334 0.211188 2.221
0.500824 0.0180281 2.26007
0.478975 0.127042 2.27656
0.207668 0.189768 2.34523
0.247482 0.457506 2.24567
0.283959 0.715655 2.13573
0.30697 0.871276 2.08432
0.1219 0.64661 2.18606
-0.012708 0.4169 2.25304
-0.155087 0.232737 2.25147
-0.188645 0.198913 2.25836
0.473131 0.618324 2.19692
0.492212 0.358124 2.2993
0.48946 0.128029 2.25277
0.47217 0.100513 2.2365
0.132224 0.202153 2.30888
-0.0819779 -0.139078 2.33113
-0.28698 -0.505327 2.42301
-0.336496 -0.577323 2.35487
0.277047 0.172007 2.31472
0.303487 -0.190532 2.41325
0.310678 -0.578014 2.51207
0.310672 -0.661715 2.44613
0.275313 0.652559 2.16512
-0.225983 0.119543 2.27967
-0.127782 0.209394 2.221
0.471572 0.0139622 2.23582
0.439413 0.0930181 2.23065
0.128834 0.181199 2.34372
0.165623 0.450136 2.24209
0.200761 0.709711 2.12985
0.219059 0.865388 2.08191
0.0437123 0.640505 2.18759
-0.104307 0.401388 2.27029
-0.229099 0.206144 2.28131
-0.259402 0.169293 2.29461
0.368145 0.606944 2.18206
0.419084 0.362474 2.27207
0.447189 0.134323 2.22505
0.425555 0.0858196 2.20337
0.0517096 0.190448 2.31096
-0.159537 -0.144763 2.35246
-0.365563 -0.514253 2.43311
-0.42203 -0.593054 2.3641
0.202142 0.166722 2.30958
0.265835 -0.198586 2.40623
0.308295 -0.58032 2.5114
0.307436 -0.661239 2.44456
0.192255 0.646246 2.15983
-0.281129 0.0986956 2.32355
-0.200414 0.19467 2.281
0.429851 0.00532621 2.2046
0.393374 0.0810073 2.20585
-0.0064239 0.152617 2.34367
0.0220572 0.423196 2.24484
0.0496461 0.684577 2.13547
0.0580851 0.838153 2.08592
-0.114893 0.614671 2.19946
-0.224106 0.369352 2.28558
-0.347972 0.177477 2.31674
-0.374853 0.133537 2.33314
0.217174 0.585037 2.17382
0.299164 0.346758 2.25558
0.341616 0.123331 2.19586
0.334043 0.057276 2.1689
-0.0816674 0.1585 2.31185
-0.249913 -0.179652 2.36969
-0.412521 -0.531561 2.47014
-0.462406 -0.608645 2.42359
0.0689295 0.142272 2.30834
0.181909 -0.204014 2.38977
0.28805 -0.586539 2.51226
0.30477 -0.660466 2.44006
0.0428718 0.620638 2.16475
-0.396464 0.0609257 2.36342
-0.331544 0.14214 2.3192
0.345674 -0.00408379 2.16892
0.308212 0.0513354 2.15811
-0.122501 0.142365 2.35039
-0.0977678 0.412157 2.25031
-0.0728205 0.672763 2.13934
-0.0670292 0.826861 2.08871
-0.233487 0.610188 2.20878
-0.323025 0.353748 2.2956
-0.450073 0.165265 2.33028
-0.476321 0.128527 2.34329
0.0903218 0.580569 2.17641
0.184548 0.344137 2.25851
0.252752 0.129108 2.19115
0.248538 0.0893522 2.16703
-0.194085 0.147813 2.31866
-0.336091 -0.209208 2.35777
-0.427237 -0.55008 2.50224
-0.460325 -0.610464 2.4389
-0.0474469 0.132854 2.31506
0.108089 -0.205834 2.37492
0.255344 -0.550473 2.4812
0.290861 -0.644613 2.42282
-0.079088 0.609012 2.16905
-0.502074 0.0448556 2.37102
-0.429349 0.142272 2.31748
0.271104 0.0131792 2.13411
0.222286 0.0731885 2.17508
-0.205857 0.171535 2.35569
-0.186144 0.440699 2.24934
-0.165908 0.700582 2.13218
-0.164278 0.851952 2.08073
-0.338269 0.642731 2.21094
-0.422767 0.38194 2.29656
-0.542096 0.189862 2.33643
-0.572538 0.151228 2.34975
0.00329966 0.6078 2.17685
0.0962302 0.36862 2.25758
0.170065 0.153594 2.19661
0.169911 0.11958 2.17771
-0.276574 0.176154 2.32646
-0.379673 -0.194224 2.35664
-0.449925 -0.557114 2.49058
-0.470919 -0.626044 2.44125
-0.129362 0.162074 2.3181
0.0154332 -0.195743 2.34686
0.170668 -0.534581 2.44884
0.155388 -0.590768 2.34439
-0.171077 0.637033 2.16342
-0.59975 0.0742712 2.36985
-0.570873 0.0915914 2.343
0.200066 0.0398352 2.1544
0.137308 0.117038 2.2218
-0.258222 0.20004 2.35243
-0.245066 0.470813 2.24681
-0.23116 0.732116 2.13079
-0.233221 0.881022 2.07848
-0.400236 0.664144 2.20385
-0.491958 0.412851 2.29023
-0.608317 0.218964 2.33012
-0.637024 0.187311 2.34165
-0.062755 0.642096 2.17776
0.0274684 0.404111 2.25327
0.10854 0.188866 2.20458
0.115732 0.134316 2.18639
-0.329283 0.200159 2.32296
-0.404144 -0.187638 2.38358
-0.460533 -0.555492 2.4936
-0.474574 -0.624581 2.43728
-0.179945 0.194296 2.31527
-0.100018 -0.187483 2.32106
-0.0154713 -0.562346 2.50855
0.016506 -0.629358 2.45954
-0.234806 0.66824 2.1617
-0.676334 0.102745 2.38255
-0.567446 0.227303 2.3264
0.14214 0.0566135 2.17961
0.0706747 0.152128 2.2188
-0.316091 0.207506 2.34315
-0.304097 0.480891 2.24571
-0.29126 0.744607 2.13763
-0.301427 0.895696 2.08747
-0.461026 0.670191 2.21167
-0.560071 0.421931 2.29691
-0.666957 0.218574 2.31728
-0.698834 0.182072 2.32498
-0.1203 0.659877 2.18121
-0.0295785 0.417971 2.25613
0.0577172 0.204052 2.21329
0.0649598 0.14209 2.1943
-0.386685 0.205412 2.31665
-0.430577 -0.182825 2.39993
-0.459654 -0.546301 2.52658
-0.473088 -0.614336 2.44881
-0.236637 0.203694 2.30316
-0.223245 -0.197075 2.34497
-0.240966 -0.517268 2.56487
-0.22693 -0.601268 2.5115
-0.294681 0.680139 2.16656
-0.734774 0.0970578 2.35584
-0.644845 0.195232 2.2985
0.087963 0.0680005 2.19451
0.0466848 0.113112 2.17388
-0.348734 0.200693 2.33881
-0.332465 0.477686 2.2474
-0.315607 0.744693 2.14483
-0.337225 0.894238 2.09478
-0.488729 0.66861 2.22279
-0.572013 0.418137 2.29278
-0.683733 0.216963 2.3093
-0.717952 0.172781 2.31487
-0.148822 0.658376 2.1821
-0.0544572 0.418824 2.25832
0.027775 0.202328 2.2191
0.0362528 0.138462 2.20218
-0.417757 0.200412 2.31475
-0.44422 -0.1837 2.39884
-0.460216 -0.547755 2.52594
-0.477481 -0.615709 2.44248
-0.269881 0.195205 2.29648
-0.294262 -0.221766 2.40742
-0.301633 -0.5374 2.58618
-0.275143 -0.607035 2.52843
-0.319984 0.679429 2.17243
-0.755373 0.0849301 2.34607
-0.661765 0.189476 2.30757
0.0628166 0.0648632 2.19507
-0.00716563 0.158106 2.22575
-0.375925 0.201263 2.33169
-0.357935 0.478876 2.24636
-0.338856 0.74669 2.15019
-0.358139 0.897025 2.10004
-0.511712 0.668993 2.22773
-0.58705 0.412595 2.291
-0.694882 0.208863 2.30404
-0.723034 0.168332 2.30655
-0.171668 0.659179 2.18602
-0.0754288 0.42006 2.25694
0.00862556 0.203829 2.22086
0.0200427 0.142189 2.19934
-0.445452 0.201419 2.30709
-0.460367 -0.186079 2.39929
-0.468656 -0.551998 2.51644
-0.480511 -0.618416 2.43923
-0.295736 0.1954 2.29009
-0.302867 -0.222241 2.3792
-0.312854 -0.534172 2.57947
-0.276085 -0.607482 2.52746
-0.343865 0.681208 2.17615
-0.75569 0.0842567 2.32756
-0.669108 0.182008 2.293
0.0441317 0.0675317 2.19328
0.00296684 0.115809 2.17456
-0.38898 0.20753 2.33292
-0.375214 0.484286 2.24959
-0.360336 0.751153 2.15605
-0.371859 0.901167 2.10534
-0.528642 0.671682 2.22561
-0.607497 0.412798 2.28848
-0.708602 0.205297 2.29904
-0.737202 0.165722 2.30624
-0.191261 0.664615 2.19441
-0.094785 0.42619 2.26308
-0.0119776 0.210105 2.222
0.00581173 0.153348 2.19472
-0.458869 0.205827 2.30709
-0.472902 -0.200185 2.40386
-0.469905 -0.554488 2.51552
-0.479225 -0.617594 2.43997
-0.308219 0.203522 2.29272
-0.300984 -0.2384 2.30919
-0.279824 -0.541746 2.50555
-0.257784 -0.614589 2.48388
-0.364325 0.685913 2.18129
-0.761122 0.0805875 2.32918
-0.679236 0.193062 2.29527
0.028454 0.0816089 2.19005
-0.0418483 0.175377 2.23212
-0.398807 0.215005 2.33322
-0.388162 0.490849 2.25307
-0.376445 0.756912 2.16326
-0.387118 0.907145 2.11301
-0.543086 0.675726 2.22644
-0.626823 0.420077 2.28782
-0.729951 0.212677 2.28502
-0.762247 0.168932 2.28776
-0.207122 0.670814 2.2032
-0.110784 0.433703 2.27093
-0.0289988 0.218591 2.22148
-0.0151765 0.162275 2.19719
-0.470002 0.211995 2.30628
-0.490806 -0.173212 2.38175
-0.470261 -0.558325 2.51277
-0.481372 -0.625785 2.45015
-0.316504 0.212066 2.29415
-0.315609 -0.224965 2.20564
-0.269819 -0.573609 2.36394
-0.267175 -0.642771 2.30235
-0.379659 0.691871 2.18753
-0.791945 0.0880318 2.31803
-0.716925 0.178661 2.28825
0.00777367 0.088327 2.19195
-0.0604833 0.188582 2.22282
-0.40089 0.216238 2.33282
-0.391524 0.491742 2.25452
-0.381293 0.757452 2.16724
-0.392157 0.907848 2.11595
-0.550221 0.678042 2.23066
-0.635496 0.422041 2.28732
-0.737371 0.213875 2.27799
-0.767467 0.170338 2.27695
-0.213227 0.672635 2.20945
-0.118844 0.435287 2.27566
-0.0363863 0.220848 2.22405
-0.0226684 0.16061 2.20096
-0.472388 0.21382 2.30533
-0.49549 -0.174924 2.37643
-0.479929 -0.563025 2.50706
-0.48758 -0.630889 2.44397
-0.318287 0.212633 2.29427
-0.319949 -0.235132 2.14524
-0.294479 -0.607287 2.19931
-0.305552 -0.666551 2.12374
-0.384149 0.692498 2.19084
-0.797805 0.0882156 2.2904
-0.708679 0.190308 2.27036
0.00161896 0.0868483 2.19695
-0.0370699 0.117658 2.17918
-0.40413 0.2073 2.33353
-0.395535 0.48285 2.25705
-0.385509 0.748815 2.1709
-0.396997 0.899689 2.11788
-0.553284 0.672805 2.23501
-0.640554 0.412535 2.2888
-0.742337 0.204455 2.27281
-0.765861 0.158831 2.27456
-0.217501 0.666952 2.21757
-0.125012 0.430799 2.28461
-0.0429137 0.216999 2.22941
-0.0315508 0.151916 2.21272
-0.47368 0.205103 2.30521
-0.492318 -0.255847 2.41656
-0.491979 -0.569691 2.50518
-0.494709 -0.636665 2.42045
-0.323499 0.203401 2.29583
-0.311323 -0.246092 2.12282
-0.316861 -0.608929 2.0291
-0.333984 -0.657227 1.93652
-0.388342 0.683766 2.19428
-0.797356 0.0704463 2.29154
-0.708134 0.179201 2.27927
-0.0070956 0.0772993 2.20106
-0.0686577 0.162601 2.2265
-0.402403 0.200597 2.33608
-0.393387 0.475474 2.25756
-0.38189 0.739985 2.1682
-0.394362 0.890843 2.11281
-0.551724 0.663251 2.23371
-0.632365 0.398077 2.28576
-0.733022 0.189404 2.27475
-0.742429 0.141578 2.28274
-0.216331 0.66359 2.21876
-0.126093 0.426215 2.28898
-0.043133 0.210819 2.24406
-0.0201652 0.151147 2.23144
-0.470451 0.196618 2.30664
-0.485342 -0.203537 2.38726
-0.495956 -0.564365 2.50232
-0.50565 -0.634231 2.44588
-0.322889 0.198408 2.2995
-0.292622 -0.161038 2.13429
-0.308573 -0.507193 1.99636
-0.308694 -0.559467 1.87116
-0.385151 0.675372 2.19255
-0.768923 0.0554833 2.31006
-0.688976 0.153752 2.2742
0.00156994 0.0771861 2.21996
-0.0368272 0.115586 2.2049
-0.378242 0.204616 2.33287
-0.372886 0.476132 2.24929
-0.364904 0.738056 2.15528
-0.37478 0.890666 2.0991
-0.53404 0.665202 2.21495
-0.610287 0.40331 2.27334
-0.705435 0.192315 2.27611
-0.713204 0.140502 2.2908
-0.200303 0.6665 2.21184
-0.112289 0.427698 2.29025
-0.0291584 0.21131 2.25266
0.0035919 0.158351 2.23804
-0.448045 0.199385 2.30025
-0.461892 -0.22002 2.40909
-0.481237 -0.551802 2.50023
-0.491098 -0.626378 2.42853
-0.297383 0.204036 2.29941
-0.265474 -0.198285 2.10417
-0.248955 -0.52717 2.0452
-0.251465 -0.581543 1.94141
-0.367291 0.674025 2.18072
-0.734827 0.0553948 2.33172
-0.659068 0.164753 2.28838
0.0276248 0.0833846 2.2374
-0.0330539 0.170319 2.2584
-0.35242 0.205395 2.32398
-0.347403 0.475781 2.23846
-0.340454 0.736582 2.14252
-0.343722 0.891444 2.08556
-0.506949 0.662401 2.19653
-0.58875 0.401692 2.26459
-0.675743 0.187685 2.27549
-0.685473 0.132726 2.29065
-0.171456 0.66925 2.20171
-0.0931436 0.427809 2.28485
-0.00204795 0.213601 2.25738
0.0327698 0.160237 2.2378
-0.423468 0.20048 2.29099
-0.449339 -0.171852 2.39282
-0.461318 -0.547187 2.52129
-0.47639 -0.615269 2.44478
-0.27123 0.204457 2.29071
-0.215074 -0.218851 2.12011
-0.164134 -0.550994 2.17623
-0.155273 -0.61377 2.08984
-0.342522 0.672825 2.16841
-0.700951 0.0556704 2.32183
-0.628247 0.164361 2.27
0.0626971 0.0852502 2.23107
0.00320484 0.151143 2.24927
-0.315392 0.196667 2.30777
-0.307188 0.466611 2.22427
-0.297399 0.726968 2.13039
-0.299791 0.883004 2.0726
-0.469446 0.655122 2.18479
-0.542626 0.39423 2.25122
-0.633365 0.182727 2.27
-0.644099 0.126772 2.28189
-0.128807 0.656786 2.18888
-0.0501257 0.413671 2.27767
0.040701 0.199662 2.24795
0.0689232 0.150163 2.23043
-0.386934 0.192901 2.27505
-0.43337 -0.17049 2.38317
-0.45765 -0.5433 2.52216
-0.474953 -0.61512 2.44553
-0.234738 0.194775 2.27405
-0.162722 -0.209213 2.17293
-0.0767134 -0.563508 2.30452
-0.0469189 -0.632697 2.26559
-0.300126 0.66332 2.15576
-0.661831 0.0443592 2.31652
-0.587946 0.159144 2.2688
0.101083 0.071593 2.22701
0.0362106 0.146214 2.26756
-0.245446 0.171002 2.28506
-0.232012 0.443216 2.20252
-0.217519 0.705774 2.10938
-0.216778 0.862218 2.05541
-0.385924 0.630528 2.16425
-0.470736 0.373084 2.22837
-0.563932 0.163789 2.25462
-0.575073 0.113211 2.26537
-0.0478405 0.630722 2.17022
0.0213206 0.378486 2.25803
0.10612 0.162378 2.22665
0.127069 0.123363 2.20865
-0.316929 0.170873 2.25089
-0.396458 -0.176977 2.36144
-0.455525 -0.543471 2.51655
-0.474635 -0.614517 2.45262
-0.166758 0.166139 2.25251
-0.0796162 -0.237786 2.2769
-0.000713397 -0.597711 2.421
0.00684594 -0.661427 2.34892
-0.221334 0.641584 2.13459
-0.601803 0.0276881 2.29456
-0.520941 0.135777 2.24185
0.154769 0.0394128 2.20681
0.105675 0.101862 2.2349
-0.171579 0.16982 2.28114
-0.159391 0.441514 2.19074
-0.146274 0.703498 2.0895
-0.141303 0.859463 2.03371
-0.312483 0.628087 2.14236
-0.396614 0.376416 2.21155
-0.499196 0.171144 2.2361
-0.514193 0.116053 2.24828
0.019518 0.625039 2.14898
0.0831854 0.372842 2.23777
0.164477 0.15621 2.19981
0.178174 0.120571 2.18642
-0.244125 0.170339 2.24699
-0.347978 -0.190781 2.33708
-0.445114 -0.54564 2.49883
-0.47364 -0.616881 2.44832
-0.0939922 0.164318 2.24838
-0.0358826 -0.237256 2.3131
0.00951328 -0.589923 2.45339
0.0110402 -0.658925 2.37457
-0.149695 0.639467 2.11676
-0.539443 0.0373328 2.27604
-0.457678 0.13856 2.22917
0.20349 0.0281499 2.18979
0.150963 0.113688 2.20929
-0.108407 0.178633 2.28299
-0.0985688 0.44818 2.18482
-0.0879739 0.708273 2.07608
-0.0765268 0.863562 2.0182
-0.248952 0.632881 2.12685
-0.339029 0.391713 2.19996
-0.443238 0.186103 2.2188
-0.456426 0.12679 2.23229
0.0819432 0.630455 2.13239
0.14005 0.388341 2.22176
0.209707 0.167338 2.1863
0.223721 0.13542 2.1683
-0.18195 0.179723 2.24858
-0.285982 -0.18766 2.28792
-0.4219 -0.544345 2.47054
-0.456923 -0.612336 2.41788
-0.0316612 0.172295 2.25038
0.00355434 -0.227985 2.32956
0.0111463 -0.587805 2.45451
0.0127742 -0.657778 2.38174
-0.0907316 0.644699 2.10519
-0.47766 0.0463973 2.25984
-0.439846 0.0954758 2.2314
0.250542 0.0392984 2.15913
0.184704 0.15493 2.19611
-0.0592107 0.186067 2.2848
-0.0445053 0.453375 2.18218
-0.029642 0.711013 2.0686
-0.0167882 0.865914 2.00935
-0.192383 0.640184 2.12229
-0.283196 0.403955 2.19395
-0.381597 0.193955 2.20189
-0.396252 0.138997 2.21124
0.137773 0.632755 2.12715
0.196041 0.393535 2.21761
0.255607 0.170249 2.17723
0.270069 0.134401 2.16126
-0.134331 0.190484 2.2506
-0.197134 -0.186829 2.24731
-0.268871 -0.534278 2.45372
-0.308906 -0.605142 2.40974
0.0178304 0.17619 2.25194
0.0351102 -0.222318 2.35139
0.025313 -0.588398 2.45732
0.0201929 -0.664217 2.37866
-0.0333816 0.648076 2.09896
-0.423469 0.0551525 2.23991
-0.341353 0.159907 2.1962
0.294825 0.0394506 2.1511
0.24563 0.120719 2.17591
-0.0321709 0.183223 2.28281
-0.0179326 0.451846 2.18153
-0.00346702 0.710597 2.06927
0.0144807 0.863115 2.00882
-0.164158 0.640247 2.12425
-0.252373 0.399581 2.19028
-0.356551 0.192591 2.20007
-0.368118 0.135344 2.20815
0.166553 0.627166 2.13021
0.220273 0.388461 2.21923
0.2756 0.164316 2.1776
0.287466 0.127608 2.16389
-0.107187 0.188045 2.24817
-0.136443 -0.213349 2.26736
-0.163373 -0.560362 2.46221
-0.149706 -0.637978 2.39692
0.0438728 0.172952 2.25033
0.053246 -0.211949 2.35864
0.0294966 -0.585765 2.46726
0.0159927 -0.661538 2.39139
-0.00709541 0.6474 2.09929
-0.390627 0.0480501 2.24077
-0.317676 0.153246 2.19275
0.311644 0.0319279 2.15201
0.252514 0.140331 2.18833
-0.0129075 0.171927 2.27809
0.000913571 0.442556 2.18124
0.0150362 0.703016 2.07341
0.0358777 0.856207 2.0103
-0.147382 0.632741 2.12468
-0.237359 0.393556 2.18924
-0.341465 0.1866 2.1996
-0.355948 0.131101 2.20962
0.184245 0.619639 2.13665
0.234679 0.377084 2.22562
0.286612 0.152686 2.18078
0.29455 0.119291 2.17084
-0.0874519 0.174259 2.2426
-0.103781 -0.239649 2.31931
-0.109312 -0.583889 2.446
-0.109036 -0.656327 2.38001
0.0620612 0.164329 2.24639
0.0695015 -0.218983 2.36565
0.0362933 -0.579946 2.46416
0.0185471 -0.662156 2.39503
0.0114877 0.639414 2.1023
-0.38396 0.0437424 2.24521
-0.30308 0.14758 2.19342
0.320263 0.0251905 2.15301
0.259584 0.129142 2.1856
-0.00175783 0.172252 2.27447
0.0123367 0.443772 2.1789
0.0263001 0.705336 2.07261
0.0501553 0.857778 2.01085
-0.134026 0.632889 2.12155
-0.229604 0.389295 2.18497
-0.334586 0.182959 2.19677
-0.348023 0.133952 2.20279
0.195091 0.62149 2.13893
0.238697 0.375251 2.22605
0.291879 0.150128 2.18878
0.29731 0.121105 2.18184
-0.0771505 0.173978 2.23817
-0.0993499 -0.241043 2.3277
-0.111666 -0.586776 2.44874
-0.108595 -0.658421 2.37803
0.0737452 0.165332 2.24358
0.0727213 -0.218774 2.35737
0.0396637 -0.578298 2.45962
0.019098 -0.661969 2.39539
0.0228405 0.641439 2.1011
-0.369133 0.0477909 2.23323
-0.289479 0.163515 2.1797
0.317835 0.0265839 2.17207
0.264576 0.128349 2.20329
0.0146443 0.17598 2.27862
0.0241557 0.447004 2.17835
0.0350487 0.708621 2.06859
0.0689305 0.86101 2.01099
-0.121177 0.629404 2.107
-0.220751 0.389205 2.16748
-0.319696 0.17909 2.17134
-0.337244 0.124623 2.17126
0.201869 0.625836 2.14577
0.24369 0.379206 2.23726
0.305724 0.155539 2.2089
0.311271 0.134459 2.19713
-0.0621501 0.175172 2.23794
-0.0990419 -0.241841 2.35087
-0.1159 -0.585473 2.45661
-0.11532 -0.656224 2.38285
0.0914439 0.172061 2.25303
0.0834326 -0.226829 2.30938
0.0394065 -0.576434 2.44473
0.0204192 -0.657648 2.38517
0.0322117 0.644674 2.09797
-0.365348 0.0381581 2.20663
-0.288715 0.145986 2.14726
0.336583 0.0412971 2.19132
0.272304 0.159964 2.235
0.0278726 0.180475 2.28849
0.034496 0.449857 2.18092
0.0425578 0.710209 2.06482
0.0875376 0.861077 2.00979
-0.111804 0.624584 2.09172
-0.213798 0.383332 2.14383
-0.303493 0.16851 2.13608
-0.318723 0.113711 2.13756
0.209521 0.63407 2.15904
0.250122 0.383985 2.25945
0.316012 0.162604 2.22057
0.331835 0.144263 2.21081
-0.0483944 0.177959 2.24279
-0.0969365 -0.220632 2.34618
-0.119963 -0.580311 2.46413
-0.120418 -0.655044 2.3867
0.103532 0.178131 2.26817
0.140407 -0.197462 2.25401
0.11468 -0.578916 2.3976
0.0986938 -0.652832 2.32227
0.0403297 0.646526 2.09573
-0.342917 0.0293139 2.17677
-0.266472 0.13933 2.1196
0.360712 0.0567619 2.2036
0.299255 0.146917 2.251
0.0491714 0.182319 2.29114
0.0550479 0.45169 2.18246
0.0606448 0.711506 2.06367
0.116271 0.861987 2.01065
-0.0902265 0.622004 2.0822
-0.196896 0.379426 2.12672
-0.276648 0.161233 2.09932
-0.287754 0.103249 2.09646
0.223942 0.6396 2.16709
0.267556 0.384576 2.27244
0.338274 0.16437 2.2368
0.358673 0.148275 2.22281
-0.023717 0.178692 2.24138
-0.0824726 -0.206002 2.35043
-0.119204 -0.575251 2.46546
-0.123974 -0.654821 2.38862
0.12098 0.180644 2.27381
0.20087 -0.201435 2.2461
0.236808 -0.59421 2.40863
0.233239 -0.662606 2.34558
0.059296 0.648016 2.09527
-0.305064 0.0193276 2.12587
-0.238114 0.134394 2.0958
0.388141 0.0646277 2.21321
0.331448 0.145039 2.2635
0.0995266 0.165134 2.28583
0.103586 0.435934 2.18234
0.107134 0.696978 2.06816
0.170413 0.844865 2.01681
-0.0338182 0.600492 2.08337
-0.149892 0.366483 2.11447
-0.221549 0.148355 2.06454
-0.226758 0.0935005 2.05579
0.270284 0.631852 2.17723
0.310725 0.3725 2.28075
0.384933 0.15412 2.24113
0.402261 0.141972 2.22695
0.0249886 0.162514 2.23313
-0.0590235 -0.167652 2.33364
-0.115927 -0.569299 2.47464
-0.125289 -0.653354 2.3894
0.171125 0.162895 2.27149
0.278763 -0.227164 2.27192
0.347025 -0.591537 2.41153
0.36156 -0.667255 2.37134
0.106353 0.633198 2.09863
-0.241765 0.0101488 2.06109
-0.188731 0.0982398 2.06955
0.436054 0.0524651 2.21201
0.375078 0.138334 2.26467
0.148421 0.145431 2.2804
0.156932 0.417352 2.18395
0.164312 0.679688 2.07681
0.221982 0.830126 2.02383
0.020027 0.587397 2.0959
-0.0829635 0.339473 2.12415
-0.171152 0.129174 2.06664
-0.17639 0.0807672 2.06352
0.330398 0.613073 2.18203
0.370428 0.352642 2.27995
0.441996 0.134926 2.2315
0.453185 0.117723 2.21525
0.0749079 0.144877 2.22793
-0.0344364 -0.19945 2.33454
-0.115133 -0.570077 2.47512
-0.125213 -0.653315 2.38928
0.217569 0.141587 2.26578
0.304163 -0.230665 2.29706
0.373716 -0.601767 2.42072
0.37034 -0.675024 2.37462
0.162652 0.615555 2.10553
-0.194348 0.000816838 2.06613
-0.137721 0.0905748 2.08376
0.479536 0.0347759 2.2036
0.424278 0.119751 2.25589
0.213559 0.146545 2.28012
0.224995 0.41948 2.18475
0.234945 0.682838 2.07863
0.291213 0.832056 2.02251
0.0907 0.592405 2.10118
-0.0250758 0.350658 2.13339
-0.106725 0.135923 2.08384
-0.114617 0.0884565 2.08986
0.403152 0.611451 2.17631
0.444523 0.344604 2.27172
0.492622 0.124336 2.20525
0.499342 0.123398 2.1938
0.136635 0.146952 2.23027
0.0177658 -0.221606 2.31457
-0.0965157 -0.567682 2.45628
-0.121779 -0.649579 2.38936
0.284328 0.141889 2.26318
0.339133 -0.241255 2.31761
0.364796 -0.603105 2.4344
0.370932 -0.67317 2.37823
0.232721 0.618447 2.10709
-0.131431 0.00925491 2.10008
-0.0641009 0.109312 2.11378
0.522859 0.0318415 2.1782
0.473686 0.121605 2.22889
0.271069 0.160419 2.29154
0.285145 0.430985 2.19029
0.297409 0.692046 2.07838
0.350052 0.840356 2.02095
0.151583 0.605128 2.10763
0.0378943 0.370704 2.14795
-0.0496753 0.156289 2.11015
-0.0618053 0.106586 2.11561
0.468496 0.616447 2.16579
0.501663 0.355978 2.26084
0.540263 0.134641 2.1911
0.54481 0.133156 2.17607
0.194239 0.164452 2.24695
0.079552 -0.213381 2.25894
-0.0621791 -0.56018 2.41912
-0.0943403 -0.642036 2.35709
0.340153 0.151896 2.26966
0.36956 -0.230066 2.33936
0.375752 -0.597433 2.44415
0.376551 -0.672591 2.39155
0.29467 0.628228 2.10829
-0.084456 0.0327362 2.12368
-0.0156563 0.125525 2.11568
0.562473 0.0448292 2.14772
0.522594 0.131307 2.22278
0.316256 0.17032 2.29846
0.337998 0.438219 2.19689
0.357264 0.696519 2.08477
0.40758 0.845157 2.02336
0.20507 0.617444 2.12146
0.0887975 0.385436 2.16622
-0.00129876 0.170927 2.13805
-0.0151099 0.120645 2.14519
0.524094 0.616034 2.16413
0.564879 0.363623 2.25948
0.58637 0.14591 2.17078
0.59202 0.131128 2.15666
0.236469 0.177587 2.25568
0.154901 -0.213344 2.23016
0.0547539 -0.564781 2.40798
0.0759277 -0.649902 2.36328
0.386925 0.158159 2.27478
0.389497 -0.223517 2.35344
0.378235 -0.594319 2.45527
0.378796 -0.674389 2.39628
0.352867 0.63339 2.11471
-0.0390407 0.0501977 2.15421
0.0292621 0.129159 2.15019
0.602449 0.0500298 2.13068
0.571132 0.111637 2.173
0.346882 0.164657 2.29891
0.367091 0.433983 2.19986
0.384828 0.693803 2.09038
0.438393 0.842226 2.02789
0.229054 0.616366 2.12784
0.118609 0.383451 2.17589
0.0197118 0.172326 2.15548
0.0045769 0.122104 2.16557
0.55177 0.61105 2.16956
0.587474 0.358816 2.26176
0.60426 0.142335 2.16874
0.611236 0.12834 2.15454
0.26621 0.171432 2.25478
0.202246 -0.242591 2.25575
0.109437 -0.573023 2.42302
0.11232 -0.661647 2.386
0.417523 0.15314 2.27668
0.405216 -0.23913 2.35866
0.377586 -0.592978 2.46092
0.377143 -0.675388 2.39667
0.380824 0.630282 2.11964
-0.0191023 0.0506953 2.17643
0.0424613 0.117425 2.16668
0.623191 0.0478809 2.12302
0.586389 0.145367 2.20346
0.369219 0.157909 2.29967
0.387077 0.428691 2.20354
0.402608 0.689923 2.09686
0.459543 0.838286 2.03481
0.248057 0.610984 2.13146
0.133609 0.379399 2.18081
0.0341897 0.16834 2.16566
0.0180449 0.121673 2.1782
0.568162 0.607809 2.1778
0.60082 0.35034 2.26326
0.619517 0.133829 2.17093
0.621514 0.124303 2.16076
0.288513 0.163705 2.25495
0.238879 -0.256303 2.26056
0.125219 -0.573685 2.43008
0.123114 -0.661158 2.39302
0.439288 0.147549 2.2781
0.421442 -0.253153 2.35569
0.380807 -0.59743 2.45109
0.37375 -0.676885 2.39996
0.399147 0.626049 2.12543
-0.00838941 0.0459842 2.19538
0.0638213 0.138963 2.1575
0.632087 0.0433473 2.12257
0.598941 0.117127 2.20001
0.395441 0.159707 2.30231
0.407848 0.431299 2.21006
0.419579 0.693165 2.10724
0.47199 0.843012 2.0458
0.265421 0.613504 2.1448
0.154808 0.386404 2.18738
0.0515276 0.177135 2.17396
0.0314948 0.123951 2.18428
0.589373 0.609371 2.18421
0.616971 0.35205 2.26275
0.627342 0.133345 2.1746
0.630743 0.125713 2.15836
0.313184 0.165764 2.2593
0.282034 -0.25524 2.19405
0.161729 -0.584723 2.36978
0.220581 -0.647461 2.31445
0.466389 0.149096 2.27911
0.444046 -0.270805 2.35728
0.386379 -0.603236 2.44565
0.379563 -0.679886 2.39698
0.41692 0.629137 2.13482
0.00749249 0.0447627 2.20004
0.0734732 0.14059 2.16092
0.638 0.0476916 2.12632
0.606235 0.123602 2.20016
0.407943 0.160972 2.30154
0.41929 0.433389 2.21356
0.429139 0.696375 2.11539
0.474711 0.847264 2.05332
0.273403 0.617576 2.15516
0.168622 0.387394 2.1968
0.0606254 0.179922 2.18096
0.039973 0.123518 2.19062
0.597718 0.612259 2.18663
0.627708 0.356212 2.2633
0.636764 0.138132 2.17325
0.640342 0.129166 2.15324
0.32401 0.166184 2.25997
0.286903 -0.270925 2.13401
0.197613 -0.625033 2.22872
0.203491 -0.69873 2.14063
0.480405 0.151311 2.27678
0.453125 -0.29978 2.3704
0.385726 -0.621337 2.44898
0.379733 -0.691858 2.39263
0.427044 0.632034 2.14176
0.0176043 0.0429869 2.21113
0.0832211 0.130552 2.2235
0.645337 0.0516577 2.12254
0.615379 0.14044 2.1997
0.417135 0.157461 2.30002
0.425219 0.431361 2.21579
0.432469 0.695203 2.12161
0.474027 0.846698 2.05964
0.276373 0.616437 2.16499
0.176324 0.37978 2.20775
0.0698044 0.172161 2.19561
0.0503355 0.117684 2.20555
0.602307 0.612868 2.18834
0.637131 0.357304 2.26167
0.643108 0.139533 2.17045
0.647841 0.127506 2.15332
0.333156 0.161136 2.25953
0.284406 -0.283865 2.1004
0.228191 -0.636657 2.0913
0.235283 -0.698553 1.97519
0.489334 0.149252 2.27442
0.45917 -0.279556 2.35392
0.387646 -0.646117 2.42755
0.385605 -0.718464 2.37994
0.430995 0.630667 2.14686
0.0233412 0.0347874 2.22889
0.0902963 0.122785 2.18371
0.653831 0.0506657 2.11838
0.62247 0.144873 2.20229
0.418434 0.141868 2.29305
0.426032 0.418547 2.21744
0.431734 0.683576 2.13164
0.469691 0.837371 2.06773
0.277537 0.606994 2.17299
0.178962 0.365673 2.21837
0.0744942 0.157129 2.21122
0.0590906 0.102197 2.22341
0.602208 0.605598 2.19433
0.64227 0.350379 2.2642
0.646208 0.13456 2.16799
0.647095 0.11816 2.14726
0.33585 0.147523 2.25354
0.279982 -0.273919 2.10877
0.26308 -0.607422 1.99669
0.263333 -0.664741 1.87647
0.488883 0.131971 2.26641
0.461808 -0.292728 2.34583
0.425031 -0.606128 2.43005
0.406218 -0.687484 2.37124
0.430737 0.618833 2.15474
0.0334976 0.014397 2.25075
0.100217 0.107319 2.21141
0.65457 0.0389204 2.1101
0.631617 0.0832784 2.17271
0.420041 0.134282 2.29159
0.4253 0.411355 2.21954
0.42816 0.677432 2.13732
0.463015 0.829817 2.07374
0.273788 0.601445 2.17569
0.177955 0.358521 2.22599
0.0809107 0.146912 2.22909
0.064114 0.0987507 2.24271
0.601059 0.597976 2.19737
0.638673 0.340982 2.26389
0.649511 0.126112 2.16626
0.641578 0.109621 2.14548
0.337942 0.138166 2.25252
0.283751 -0.295655 2.10548
0.255871 -0.644574 2.04937
0.249756 -0.722168 1.95801
0.49002 0.126037 2.26428
0.466002 -0.299123 2.34163
0.429308 -0.652458 2.44725
0.422043 -0.71943 2.38269
0.427927 0.612393 2.15964
0.0397748 0.0127812 2.26619
0.109559 0.117235 2.22261
0.648272 0.0299832 2.11035
0.613413 0.137242 2.19173
0.413507 0.138894 2.29309
0.420659 0.414882 2.21847
0.424361 0.681481 2.13335
0.453232 0.834491 2.07155
0.26813 0.605927 2.17994
0.177745 0.36074 2.22941
0.079149 0.150129 2.23613
0.0553605 0.108566 2.24744
0.590171 0.600656 2.18835
0.635137 0.342396 2.2603
0.642681 0.126192 2.16551
0.627103 0.114137 2.14306
0.329928 0.142875 2.2563
0.276113 -0.29083 2.12219
0.215006 -0.648484 2.17582
0.21171 -0.70587 2.07136
0.484733 0.130811 2.26394
0.458676 -0.283706 2.34623
0.405688 -0.597803 2.42234
0.392964 -0.684077 2.36719
0.423949 0.616197 2.15657
0.0293468 0.0275759 2.27241
0.0999434 0.122299 2.22606
0.630064 0.0333174 2.1117
0.606309 0.0822215 2.157
0.396309 0.148343 2.29634
0.407642 0.422672 2.21485
0.414606 0.688374 2.1231
0.439115 0.841774 2.06447
0.259821 0.6148 2.17926
0.172585 0.365561 2.23213
0.0671947 0.158877 2.24486
0.0381484 0.125764 2.25462
0.582447 0.602873 2.18022
0.627171 0.3478 2.2517
0.627113 0.130788 2.15833
0.60794 0.113275 2.13546
0.313342 0.154338 2.26263
0.250255 -0.274515 2.16326
0.147553 -0.628834 2.27569
0.133462 -0.692725 2.20718
0.467488 0.138239 2.26406
0.443422 -0.268297 2.36557
0.390468 -0.598167 2.4503
0.383052 -0.651329 2.34344
0.413437 0.623279 2.14805
0.00849559 0.0421118 2.28409
0.0833339 0.134038 2.23914
0.60742 0.0354088 2.10736
0.57823 0.0946849 2.114
0.362257 0.16062 2.29993
0.381085 0.430114 2.20964
0.395708 0.690887 2.10955
0.409503 0.84642 2.05304
0.240047 0.622432 2.17497
0.152183 0.379661 2.23912
0.038117 0.178578 2.25862
0.00504388 0.136943 2.26912
0.567915 0.600242 2.15906
0.605922 0.346148 2.23933
0.600006 0.128847 2.14672
0.577928 0.110258 2.12382
0.281242 0.169032 2.27047
0.179044 -0.231494 2.21147
0.0722371 -0.545263 2.36698
0.0250115 -0.614557 2.33068
0.432619 0.147627 2.26311
0.427372 -0.240582 2.36321
0.388777 -0.593432 2.46892
0.384851 -0.678433 2.41106
0.392672 0.627051 2.1365
-0.0252934 0.0499927 2.30138
0.0562914 0.159781 2.24343
0.574693 0.0342248 2.09755
0.550559 0.0967317 2.12661
0.327266 0.166966 2.29853
0.347308 0.435007 2.2039
0.364616 0.693751 2.09896
0.372078 0.850585 2.04639
0.20848 0.631051 2.17183
0.126907 0.387782 2.24292
0.00902598 0.189296 2.26448
-0.0259104 0.145142 2.27554
0.5333 0.599497 2.13387
0.574464 0.34603 2.21967
0.567305 0.128334 2.12804
0.54635 0.109497 2.10833
0.248491 0.177013 2.27181
0.1175 -0.190368 2.23455
-0.0319282 -0.53923 2.41419
-0.0692406 -0.603613 2.36663
0.396356 0.152055 2.25866
0.406754 -0.227328 2.34942
0.386438 -0.592888 2.46519
0.382793 -0.676367 2.40388
0.360731 0.630478 2.1271
-0.0564142 0.0576787 2.30783
0.0281301 0.16662 2.24588
0.541386 0.0337411 2.08978
0.515611 0.105056 2.11293
0.276349 0.170665 2.29595
0.298087 0.439584 2.19761
0.317262 0.699029 2.08876
0.321636 0.855287 2.04196
0.163812 0.634737 2.17143
0.0769913 0.382562 2.24795
-0.0419794 0.1854 2.27228
-0.0719666 0.14618 2.28276
0.486431 0.602322 2.11479
0.53322 0.3539 2.19672
0.531309 0.133052 2.11343
0.504473 0.108825 2.09087
0.198809 0.179974 2.27155
0.0424236 -0.153732 2.25109
-0.142144 -0.515102 2.42597
-0.209717 -0.592773 2.39258
0.345822 0.156392 2.25372
0.384271 -0.229486 2.34227
0.38034 -0.602908 2.45219
0.379556 -0.675985 2.3904
0.312877 0.635605 2.11789
-0.101961 0.0576056 2.3117
-0.0168283 0.171046 2.24889
0.49911 0.036064 2.07132
0.472916 0.10646 2.10112
0.216228 0.16508 2.29261
0.236128 0.436158 2.19432
0.254081 0.697679 2.08544
0.249214 0.850356 2.03975
0.0968355 0.632785 2.17193
0.00525496 0.371363 2.25788
-0.108623 0.171986 2.28498
-0.136296 0.13876 2.29692
0.422076 0.599522 2.10612
0.480557 0.350976 2.18324
0.475472 0.132631 2.09288
0.452426 0.109329 2.0741
0.140271 0.172686 2.26944
-0.0381872 -0.142438 2.2824
-0.236348 -0.514095 2.4198
-0.25418 -0.568476 2.31571
0.285861 0.152656 2.24891
0.341282 -0.221234 2.33029
0.375923 -0.599294 2.44881
0.377361 -0.674513 2.38929
0.249913 0.633749 2.11457
-0.162503 0.0561776 2.33441
-0.0852707 0.155135 2.26667
0.445792 0.0326236 2.04726
0.423675 0.121241 2.08973
0.0927782 0.140451 2.29586
0.111095 0.413721 2.19767
0.128233 0.677425 2.08877
0.120094 0.829045 2.04217
-0.0324355 0.612623 2.17971
-0.109389 0.351306 2.26674
-0.226181 0.15687 2.30589
-0.250242 0.122822 2.32036
0.295472 0.58268 2.10827
0.364242 0.340128 2.17819
0.398795 0.124377 2.08877
0.376629 0.093588 2.05704
0.0186062 0.145452 2.27317
-0.172024 -0.210335 2.33246
-0.318678 -0.543495 2.43861
-0.376906 -0.622174 2.38872
0.164155 0.131283 2.25142
0.275512 -0.244291 2.33065
0.360101 -0.606545 2.45141
0.374393 -0.674699 2.38727
0.124139 0.612948 2.11793
-0.273588 0.0399875 2.36961
-0.197288 0.112048 2.307
0.379244 0.019595 2.02893
0.350215 0.0747805 2.05443
-0.0249903 0.134697 2.30263
-0.00418873 0.408821 2.20395
0.0159815 0.673369 2.09442
0.010866 0.825575 2.04919
-0.147642 0.612785 2.1895
-0.238612 0.347703 2.27443
-0.34388 0.148482 2.31876
-0.367027 0.118119 2.33186
0.18023 0.573448 2.11731
0.282156 0.339488 2.1913
0.346559 0.133563 2.09514
0.343807 0.0807605 2.04286
-0.0970218 0.140192 2.2784
-0.233583 -0.21932 2.32556
-0.344331 -0.561878 2.46683
-0.383611 -0.628203 2.40608
0.0477121 0.125267 2.25969
0.192179 -0.220685 2.32433
0.328392 -0.576252 2.43596
0.366026 -0.66656 2.38636
0.0110222 0.608681 2.12375
-0.391626 0.0427109 2.36088
-0.319754 0.128346 2.3078
0.354718 0.0262574 2.02233
0.346756 0.0107374 2.04
-0.115197 0.165338 2.3077
-0.0956479 0.439381 2.20844
-0.0760767 0.703836 2.09841
-0.0787691 0.855304 2.0519
-0.241387 0.645466 2.19278
-0.32942 0.385066 2.27745
-0.471639 0.209795 2.31792
-0.488499 0.169381 2.3361
0.090742 0.603047 2.12096
0.203585 0.378632 2.19325
0.290535 0.175294 2.11138
0.306546 0.129477 2.05126
-0.184644 0.171855 2.28371
-0.29644 -0.203966 2.33685
-0.362058 -0.561811 2.46733
-0.384866 -0.628738 2.41257
-0.0423759 0.154013 2.26466
0.104447 -0.208408 2.30915
0.266534 -0.535989 2.41098
0.240209 -0.589997 2.30748
-0.0809956 0.639184 2.12786
-0.520833 0.0948428 2.36426
-0.442802 0.169425 2.30944
0.330755 0.0737556 2.02171
0.290923 0.107978 2.05491
-0.197333 0.200899 2.31098
-0.178464 0.47651 2.21296
-0.159129 0.742336 2.10447
-0.160482 0.891097 2.05973
-0.325344 0.681118 2.19299
-0.440442 0.434893 2.2759
-0.578371 0.254774 2.31068
-0.614442 0.221786 2.32099
0.00961142 0.639123 2.13124
0.136569 0.425058 2.19597
0.235324 0.227131 2.11368
0.25041 0.183162 2.06705
-0.267408 0.202833 2.28528
-0.330626 -0.199875 2.38125
-0.376958 -0.559469 2.47962
-0.391782 -0.630432 2.41122
-0.121646 0.193177 2.26987
-0.0490903 -0.180765 2.26978
0.0407606 -0.546718 2.49601
0.0636349 -0.618246 2.4558
-0.164069 0.677368 2.1335
-0.663253 0.144932 2.3629
-0.55767 0.233708 2.31033
0.280585 0.119947 2.03256
0.217734 0.184299 2.13133
-0.238754 0.20299 2.30805
-0.219292 0.482055 2.21795
-0.199712 0.751326 2.11764
-0.207073 0.900881 2.07423
-0.371003 0.68386 2.20422
-0.502489 0.448327 2.28244
-0.626867 0.254664 2.29713
-0.67281 0.222156 2.30352
-0.0317784 0.647754 2.1472
0.0908191 0.436213 2.20542
0.201445 0.246692 2.11801
0.221423 0.187802 2.06704
-0.309586 0.203294 2.28426
-0.351534 -0.202922 2.40045
-0.378052 -0.551022 2.50452
-0.391885 -0.62491 2.41961
-0.160998 0.196815 2.26515
-0.145021 -0.204334 2.29988
-0.110552 -0.542077 2.54216
-0.13053 -0.61362 2.49655
-0.204713 0.685488 2.14458
-0.7164 0.147186 2.32747
-0.617636 0.231915 2.30462
0.250104 0.134821 2.04023
0.20401 0.166209 2.04276
-0.274166 0.197492 2.30149
-0.252729 0.481101 2.22322
-0.232005 0.754596 2.13479
-0.244718 0.9057 2.09192
-0.401029 0.680775 2.21647
-0.523378 0.445555 2.27861
-0.64957 0.251952 2.28128
-0.692063 0.210979 2.28153
-0.062539 0.652675 2.15857
0.0557744 0.434655 2.21326
0.165085 0.242778 2.12962
0.184902 0.183959 2.07959
-0.343676 0.198417 2.27939
-0.369966 -0.207797 2.40551
-0.37855 -0.553173 2.50956
-0.390435 -0.624376 2.42709
-0.196686 0.190849 2.25696
-0.207646 -0.232456 2.36136
-0.216637 -0.546892 2.54539
-0.201427 -0.621436 2.51353
-0.237249 0.687696 2.15869
-0.735496 0.132849 2.30628
-0.628103 0.233183 2.2786
0.215021 0.129702 2.0483
0.170464 0.157692 2.04944
-0.299938 0.194511 2.29679
-0.277879 0.479739 2.22711
-0.255747 0.754883 2.14736
-0.268628 0.906618 2.10567
-0.425908 0.676309 2.22463
-0.534199 0.436027 2.2732
-0.660107 0.242005 2.27057
-0.695196 0.195748 2.26921
-0.0860995 0.652697 2.17135
0.0253252 0.430265 2.22035
0.136247 0.238877 2.13774
0.15323 0.177464 2.08403
-0.369007 0.19504 2.2736
-0.385732 -0.202513 2.39653
-0.392601 -0.55568 2.5074
-0.392233 -0.62365 2.42896
-0.222227 0.188331 2.25342
-0.232672 -0.222357 2.34489
-0.238369 -0.542386 2.55157
-0.202395 -0.611884 2.50765
-0.261415 0.687578 2.16912
-0.735725 0.112875 2.28784
-0.632502 0.214385 2.25994
0.17948 0.121227 2.06052
0.133502 0.155564 2.0629
-0.317573 0.200221 2.29675
-0.299312 0.484406 2.2311
-0.280655 0.758345 2.15526
-0.290174 0.910864 2.11647
-0.451038 0.677123 2.22574
-0.555638 0.427298 2.26851
-0.672246 0.227312 2.25998
-0.701895 0.18779 2.25879
-0.112606 0.657909 2.18459
-0.00507411 0.434458 2.23575
0.103227 0.243552 2.14803
0.121415 0.184565 2.09407
-0.386393 0.198724 2.27191
-0.408219 -0.192896 2.38592
-0.389754 -0.555992 2.50292
-0.396348 -0.629868 2.42257
-0.23963 0.19608 2.25525
-0.246744 -0.236057 2.24707
-0.219935 -0.568309 2.45246
-0.25127 -0.63573 2.42512
-0.285486 0.69136 2.17609
-0.738129 0.1014 2.27622
-0.643941 0.193461 2.23943
0.142972 0.131399 2.07195
0.0982783 0.16954 2.07808
-0.321977 0.204103 2.29729
-0.307473 0.487009 2.23352
-0.293986 0.759187 2.15994
-0.299438 0.911736 2.11959
-0.461059 0.678562 2.22384
-0.569548 0.424179 2.26591
-0.680511 0.220997 2.25154
-0.708433 0.184817 2.24918
-0.124659 0.661768 2.1917
-0.0160057 0.439669 2.24502
0.0876575 0.247433 2.15433
0.109813 0.189151 2.10172
-0.391703 0.203161 2.27085
-0.414751 -0.172659 2.36882
-0.392197 -0.569435 2.49579
-0.372655 -0.638031 2.38815
-0.243258 0.199505 2.25754
-0.256417 -0.242663 2.16943
-0.251732 -0.600494 2.30891
-0.294868 -0.644316 2.32101
-0.297444 0.692702 2.1802
-0.744236 0.100728 2.26084
-0.645411 0.210195 2.24931
0.130099 0.137714 2.07867
0.0895909 0.160057 2.09509
-0.322958 0.200423 2.29782
-0.312166 0.482585 2.23496
-0.30203 0.754661 2.16219
-0.306908 0.90615 2.11895
-0.468784 0.675114 2.2231
-0.575316 0.420424 2.26364
-0.682815 0.215535 2.24408
-0.709196 0.174306 2.24287
-0.130718 0.660323 2.19637
-0.0231097 0.438263 2.25284
0.0808266 0.246912 2.1605
0.100206 0.187689 2.10805
-0.39186 0.198319 2.27002
-0.42094 -0.223785 2.38128
-0.370814 -0.667209 2.40004
-0.437746 -0.657725 2.4092
-0.244929 0.196485 2.25955
-0.263106 -0.247092 2.12697
-0.283683 -0.638225 2.13468
-0.30835 -0.70166 2.05664
-0.304705 0.688114 2.18228
-0.744331 0.0879906 2.25991
-0.656879 0.191115 2.24129
0.122094 0.135005 2.08767
0.0975826 0.146274 2.1225
-0.323669 0.190095 2.29693
-0.315547 0.470761 2.23444
-0.306836 0.741381 2.16175
-0.311531 0.893312 2.11574
-0.473681 0.662472 2.22308
-0.57213 0.407103 2.25761
-0.683154 0.204207 2.23869
-0.708211 0.153418 2.23926
-0.134017 0.655149 2.20006
-0.029598 0.431494 2.26062
0.0765823 0.241945 2.16714
0.0951141 0.178197 2.11729
-0.391745 0.181765 2.26709
-0.424288 -0.220464 2.37167
-0.363965 -0.602149 2.35876
-0.422977 -0.542332 2.32263
-0.245999 0.191463 2.25989
-0.262921 -0.16984 2.12331
-0.295416 -0.584364 2.00708
-0.304443 -0.629883 1.88867
-0.309239 0.675193 2.18182
-0.741871 0.0689863 2.25568
-0.652421 0.171666 2.24867
0.117102 0.125054 2.09677
0.0690529 0.162694 2.1065
-0.322261 0.186558 2.29517
-0.313236 0.466014 2.23006
-0.302847 0.735207 2.15355
-0.305821 0.889017 2.10662
-0.469995 0.65511 2.2063
-0.56666 0.399119 2.24615
-0.67625 0.195408 2.22848
-0.695687 0.149727 2.22525
-0.132206 0.651889 2.19759
-0.0304675 0.429788 2.26176
0.0743433 0.237203 2.17362
0.0973002 0.176724 2.12499
-0.388928 0.177185 2.26283
-0.424655 -0.215615 2.35835
-0.377687 -0.613297 2.35366
-0.436516 -0.553331 2.3176
-0.245662 0.189743 2.25983
-0.258157 -0.170085 2.10211
-0.291397 -0.557259 1.98606
-0.297777 -0.606477 1.86356
-0.305714 0.669392 2.17465
-0.726544 0.0698428 2.24586
-0.637724 0.17178 2.20773
0.118936 0.122274 2.10597
0.108881 0.100235 2.12975
-0.314629 0.193023 2.29057
-0.304523 0.471857 2.21806
-0.29268 0.74046 2.13335
-0.290786 0.895 2.08964
-0.460061 0.660016 2.18399
-0.557724 0.410681 2.22649
-0.664575 0.205265 2.2131
-0.685407 0.163452 2.20532
-0.122385 0.655884 2.18433
-0.0299149 0.431157 2.25877
0.0762388 0.238111 2.17356
0.103532 0.181314 2.11953
-0.381997 0.188374 2.25596
-0.404828 -0.196879 2.35424
-0.412175 -0.553196 2.47574
-0.416143 -0.64868 2.40153
-0.23753 0.192538 2.25753
-0.224479 -0.212344 2.06163
-0.234149 -0.563856 2.06258
-0.252926 -0.624451 1.95342
-0.295898 0.674822 2.15655
-0.716191 0.0799934 2.22817
-0.633797 0.181876 2.2086
0.12402 0.127508 2.10175
0.11199 0.106254 2.1335
-0.296851 0.199233 2.28219
-0.286602 0.476216 2.20334
-0.274558 0.743019 2.11258
-0.27064 0.895867 2.07119
-0.443437 0.663641 2.1644
-0.552396 0.41852 2.21144
-0.655146 0.211033 2.19247
-0.677369 0.168125 2.18341
-0.103604 0.658173 2.16651
-0.0209373 0.433742 2.24769
0.0859421 0.238538 2.16922
0.116268 0.18326 2.1161
-0.368361 0.195678 2.249
-0.384431 -0.193321 2.36227
-0.378428 -0.559733 2.49448
-0.405109 -0.634794 2.41416
-0.216528 0.19687 2.24855
-0.1943 -0.221935 2.0749
-0.146239 -0.567117 2.15779
-0.158088 -0.647165 2.07786
-0.277841 0.677828 2.13728
-0.711681 0.0876047 2.19869
-0.622011 0.185722 2.18569
0.137682 0.126572 2.09779
0.102522 0.151548 2.139
-0.263163 0.188511 2.26939
-0.251328 0.463656 2.18423
-0.238374 0.72882 2.08828
-0.229329 0.881709 2.04125
-0.404558 0.647715 2.13791
-0.514784 0.404516 2.18967
-0.629496 0.203602 2.16937
-0.643682 0.16283 2.16254
-0.06833 0.646071 2.14636
0.0127646 0.421459 2.2302
0.118149 0.225136 2.15285
0.145599 0.167844 2.10056
-0.33524 0.186316 2.23536
-0.365548 -0.17577 2.35727
-0.379262 -0.552278 2.49876
-0.398418 -0.627707 2.41938
-0.18333 0.185142 2.23674
-0.122363 -0.240927 2.14
-0.0426172 -0.592999 2.26847
-0.0242567 -0.664846 2.22999
-0.241821 0.664023 2.1142
-0.681754 0.0800185 2.17032
-0.611457 0.144105 2.16461
0.165945 0.10712 2.08113
0.122044 0.146382 2.11341
-0.225753 0.172705 2.25305
-0.211122 0.44755 2.16664
-0.195569 0.712463 2.06954
-0.186969 0.86703 2.02176
-0.365434 0.634157 2.1225
-0.466709 0.39177 2.17148
-0.586043 0.193377 2.15495
-0.601169 0.151511 2.15257
-0.0244012 0.629413 2.12823
0.0579685 0.404244 2.21235
0.154387 0.202521 2.13777
0.171663 0.173866 2.09918
-0.298545 0.173106 2.2185
-0.346995 -0.182938 2.34551
-0.376872 -0.546511 2.49798
-0.395462 -0.624868 2.42239
-0.146248 0.16717 2.2208
-0.0708222 -0.254999 2.20832
-0.000113114 -0.618122 2.33513
-0.00174588 -0.677376 2.25647
-0.199625 0.647726 2.09574
-0.640293 0.0672635 2.17311
-0.544757 0.164537 2.155
0.203297 0.0983287 2.05585
0.144525 0.16391 2.11867
-0.166112 0.170042 2.23827
-0.154045 0.445698 2.14834
-0.141242 0.711313 2.04769
-0.132584 0.864207 2.00087
-0.307526 0.632514 2.09995
-0.415815 0.391839 2.15324
-0.530338 0.190296 2.14004
-0.545532 0.14943 2.14247
0.027758 0.626982 2.10464
0.108362 0.397631 2.19021
0.202686 0.194928 2.11587
0.226712 0.146511 2.05868
-0.238888 0.170139 2.2039
-0.313633 -0.19852 2.3205
-0.370238 -0.551178 2.47916
-0.394882 -0.626255 2.41957
-0.0883266 0.164853 2.20567
-0.0341446 -0.240876 2.2459
0.00522822 -0.608293 2.35725
0.00417022 -0.675678 2.27751
-0.144568 0.64642 2.07478
-0.579586 0.0657397 2.16269
-0.495951 0.15924 2.13667
0.245017 0.0891474 2.02995
0.204448 0.122335 2.03714
-0.113663 0.173964 2.23267
-0.102146 0.448725 2.13708
-0.0901026 0.713407 2.03072
-0.079485 0.865532 1.98312
-0.25269 0.633404 2.0811
-0.368924 0.394837 2.13875
-0.481857 0.192196 2.12951
-0.494577 0.150167 2.12931
0.0823217 0.627962 2.08804
0.159162 0.401494 2.17286
0.247619 0.196272 2.09831
0.265679 0.16637 2.05163
-0.187203 0.174456 2.1973
-0.276922 -0.211083 2.28373
-0.366274 -0.555619 2.46323
-0.395843 -0.62895 2.40657
-0.0366977 0.168248 2.20098
-0.000806902 -0.235471 2.27089
0.00754095 -0.603239 2.36059
0.00612454 -0.675783 2.28279
-0.0931952 0.64876 2.05924
-0.529407 0.0709255 2.15034
-0.446073 0.159192 2.126
0.288428 0.0930321 2.01004
0.23259 0.170069 2.10313
-0.0624602 0.176015 2.23155
-0.0490865 0.447722 2.13109
-0.035694 0.709388 2.01986
-0.0239025 0.86258 1.96929
-0.196059 0.633812 2.07214
-0.310867 0.396951 2.12737
-0.418937 0.191464 2.1115
-0.43479 0.145806 2.11167
0.137063 0.622996 2.07506
0.221432 0.398797 2.15916
0.302256 0.19326 2.07648
0.315522 0.162776 2.03193
-0.137085 0.178649 2.19721
-0.220049 -0.204083 2.20973
-0.319992 -0.557246 2.41473
-0.33969 -0.630495 2.35733
0.014091 0.168084 2.19878
0.0370802 -0.223574 2.28991
0.0222822 -0.597329 2.37152
0.0149172 -0.677563 2.28509
-0.0390488 0.645494 2.0496
-0.466536 0.064811 2.12451
-0.380689 0.163316 2.10243
0.334174 0.0917876 1.98725
0.294431 0.130954 2.00741
-0.0415801 0.174553 2.22712
-0.0260221 0.445955 2.12691
-0.0104706 0.707317 2.01601
0.00407062 0.860051 1.96308
-0.171116 0.633513 2.06789
-0.277461 0.396637 2.12002
-0.38544 0.191008 2.10358
-0.399993 0.140373 2.10592
0.162441 0.619863 2.07089
0.242355 0.397253 2.15572
0.320591 0.190897 2.07259
0.341833 0.1424 2.01201
-0.116666 0.179538 2.19295
-0.170483 -0.215396 2.18443
-0.218244 -0.587063 2.39026
-0.226844 -0.64854 2.31551
0.0348703 0.164287 2.19412
0.046036 -0.233437 2.29118
0.0237531 -0.598301 2.37258
0.0161808 -0.678254 2.28467
-0.0143507 0.643498 2.04565
-0.432455 0.0598065 2.12586
-0.355089 0.149232 2.09637
0.357843 0.0864295 1.9864
0.335616 0.0945727 2.002
-0.021943 0.165212 2.21221
-0.00744984 0.440272 2.12062
0.00802656 0.704169 2.01649
0.0215629 0.856539 1.96358
-0.154924 0.629115 2.06734
-0.259266 0.390159 2.11603
-0.370069 0.186012 2.10068
-0.384193 0.133859 2.10063
0.179967 0.615475 2.07267
0.252539 0.394088 2.15465
0.332278 0.188789 2.07033
0.349509 0.134744 2.01209
-0.0970402 0.168957 2.17774
-0.126703 -0.244064 2.21942
-0.139485 -0.599842 2.34673
-0.154505 -0.667513 2.28595
0.0538528 0.156358 2.17949
0.061285 -0.240067 2.28601
0.024114 -0.599055 2.37428
0.0157877 -0.678221 2.28499
0.00401494 0.639787 2.04449
-0.416761 0.0496556 2.11853
-0.331176 0.158409 2.08924
0.363611 0.077656 1.98825
0.353101 0.060131 2.013
-0.0037667 0.158801 2.19196
0.00708365 0.439396 2.11276
0.019595 0.708456 2.01941
0.0367338 0.861709 1.97553
-0.142599 0.625205 2.06214
-0.25124 0.385684 2.09644
-0.361011 0.181353 2.07195
-0.385125 0.134213 2.06598
0.191611 0.616002 2.07463
0.257 0.391125 2.1526
0.336627 0.185272 2.06972
0.347832 0.131406 2.01492
-0.0786471 0.15964 2.157
-0.11124 -0.256695 2.25359
-0.133083 -0.595397 2.35887
-0.150189 -0.669527 2.28571
0.0712841 0.153049 2.15963
0.0718445 -0.244665 2.27621
0.0236321 -0.604376 2.3746
0.0159762 -0.675995 2.28797
0.0160781 0.642685 2.04479
-0.415731 0.0481837 2.09415
-0.368621 0.0928035 2.07556
0.365194 0.0703388 1.98976
0.315049 0.137372 2.0734
0.00149296 0.156762 2.18091
0.0131437 0.440907 2.10766
0.0260993 0.713569 2.02017
0.0425069 0.868196 1.98689
-0.136746 0.623595 2.05837
-0.24624 0.386892 2.07562
-0.351668 0.183339 2.02687
-0.376123 0.130531 2.01006
0.196539 0.61693 2.07219
0.259835 0.386929 2.14577
0.33552 0.177957 2.06756
0.336992 0.123948 2.00703
-0.0733719 0.157483 2.1459
-0.111728 -0.254135 2.25777
-0.136741 -0.589961 2.36987
-0.149995 -0.668104 2.28969
0.0763141 0.151213 2.14871
0.0755965 -0.241651 2.26922
0.0247273 -0.60441 2.37471
0.0149649 -0.676042 2.28887
0.0225135 0.646813 2.04405
-0.409132 0.0456589 2.01449
-0.333379 0.141121 2.04333
0.347361 0.063974 1.98228
0.315053 0.110803 2.04067
0.00547187 0.155041 2.17275
0.0168272 0.44208 2.10299
0.0289727 0.717322 2.0195
0.0463274 0.874075 1.99431
-0.13367 0.62229 2.05303
-0.239526 0.381738 2.06087
-0.334131 0.177749 1.99163
-0.350222 0.13228 1.96793
0.197718 0.617051 2.07079
0.25869 0.381841 2.14018
0.32777 0.170765 2.06132
0.321506 0.124403 2.00363
-0.0690845 0.155141 2.13728
-0.110862 -0.256132 2.26248
-0.136525 -0.590337 2.37045
-0.149972 -0.669316 2.29036
0.0798689 0.150107 2.14099
0.0779691 -0.241878 2.26402
0.0265433 -0.599482 2.3707
0.0144946 -0.676131 2.28906
0.0256633 0.649946 2.04245
-0.381343 0.0479081 1.95211
-0.311094 0.137074 2.00581
0.335005 0.0649986 1.97537
0.300274 0.103585 2.02833
0.00593102 0.153335 2.16624
0.017807 0.442574 2.09999
0.0299329 0.719613 2.01938
0.0473359 0.877374 1.99921
-0.133035 0.621015 2.04929
-0.232827 0.377332 2.04828
-0.323942 0.172195 1.9774
-0.338196 0.12087 1.95995
0.197989 0.617252 2.06977
0.256164 0.377349 2.13377
0.318169 0.164804 2.05262
0.306884 0.143951 2.01317
-0.0685754 0.153188 2.12982
-0.110916 -0.25607 2.26241
-0.137037 -0.590601 2.37061
-0.150066 -0.669517 2.29068
0.080253 0.148689 2.13542
0.0779286 -0.242446 2.26025
0.0266484 -0.599964 2.36946
0.01364 -0.676263 2.28928
0.0267036 0.651692 2.04167
-0.363721 0.0387725 1.95027
-0.31946 0.0905057 1.94045
0.325942 0.0636669 1.96346
0.274629 0.148872 2.0588
0.00299833 0.14984 2.15562
0.0155237 0.441774 2.09421
0.0281913 0.720882 2.01876
0.0463069 0.878222 2.00179
-0.135113 0.619024 2.04354
-0.231603 0.370074 2.04121
-0.321228 0.163645 1.97249
-0.336758 0.113681 1.96445
0.196675 0.615369 2.06775
0.253035 0.372338 2.12877
0.311194 0.16127 2.04043
0.312195 0.116247 1.97674
-0.0711851 0.149635 2.11827
-0.111604 -0.250919 2.25823
-0.138508 -0.590636 2.37098
-0.150005 -0.669156 2.29175
0.0771025 0.145367 2.12574
0.0767698 -0.242772 2.25577
0.0262705 -0.60002 2.36943
0.0133704 -0.676116 2.28958
0.0250271 0.652615 2.04007
-0.3626 0.0270647 1.96255
-0.297228 0.119564 1.99729
0.319924 0.0607951 1.95631
0.307511 0.0430162 1.984
4.1024e-006 0.148105 2.14902
0.0125686 0.44072 2.08955
0.02547 0.721126 2.01738
0.0442871 0.878199 2.00223
-0.13959 0.617315 2.04007
-0.233921 0.367057 2.038
-0.323649 0.159667 1.97292
-0.347068 0.110684 1.97155
0.1932 0.614604 2.06487
0.248261 0.369274 2.1229
0.308456 0.158943 2.03415
0.312101 0.113534 1.97113
-0.0738183 0.148066 2.11184
-0.11434 -0.246257 2.25335
-0.139863 -0.590659 2.37158
-0.15012 -0.66914 2.29254
0.0738007 0.143497 2.11899
0.0749684 -0.243798 2.25318
0.0262813 -0.600648 2.36899
0.0134368 -0.676282 2.28945
0.0222474 0.652622 2.03776
-0.372215 0.0257316 1.97505
-0.306212 0.117209 1.99659
0.321844 0.0611898 1.94423
0.304966 0.0605381 1.98286
-0.00281982 0.146123 2.14266
0.00857927 0.43901 2.08471
0.0199876 0.720205 2.01483
0.0391971 0.877156 2.00111
-0.14443 0.61601 2.03648
-0.239479 0.363325 2.03506
-0.330242 0.155398 1.97389
-0.356444 0.108659 1.97313
0.189587 0.612594 2.06285
0.246381 0.369113 2.12056
0.306424 0.158904 2.03136
0.310029 0.113649 1.96637
-0.0766576 0.146146 2.10484
-0.115947 -0.246519 2.25234
-0.14086 -0.590021 2.37108
-0.150552 -0.668866 2.29336
0.0711038 0.141514 2.11321
0.071179 -0.243509 2.24735
0.0262458 -0.600864 2.36916
0.0135682 -0.676023 2.2897
0.0171757 0.651512 2.03444
-0.385479 0.0245902 1.97668
-0.320691 0.105184 1.96665
0.32006 0.0600781 1.94397
0.311516 0.0433416 1.95833
-0.0060167 0.14395 2.13634
0.00429111 0.436809 2.07972
0.0144999 0.718265 2.01168
0.0337286 0.875359 1.99797
-0.150301 0.613469 2.03298
-0.243702 0.361773 2.03251
-0.336657 0.154228 1.97388
-0.363022 0.107733 1.97285
0.184482 0.61109 2.05786
0.242315 0.367361 2.11564
0.304194 0.157694 2.02643
0.308377 0.112542 1.96305
-0.0797126 0.143768 2.09915
-0.119648 -0.244439 2.24847
-0.141592 -0.589652 2.37091
-0.150656 -0.668566 2.29416
0.0678544 0.139618 2.10627
0.0687195 -0.245572 2.24393
0.0262825 -0.601313 2.36898
0.0131104 -0.676153 2.29032
0.0119837 0.649507 2.03072
-0.391413 0.0215713 1.98081
-0.328222 0.10288 2.00567
0.317564 0.0573242 1.94141
0.308659 0.0416585 1.96267
-0.00888867 0.14283 2.13151
0.00110051 0.435462 2.07585
0.0109252 0.716886 2.00906
0.0276624 0.873085 1.99415
-0.154464 0.612593 2.03088
-0.249446 0.36072 2.02908
-0.341141 0.151904 1.97357
-0.366684 0.106693 1.97011
0.180488 0.609733 2.05447
0.238879 0.367243 2.11176
0.301229 0.157769 2.02239
0.30463 0.11288 1.95803
-0.0823099 0.1427 2.09508
-0.12255 -0.242983 2.24583
-0.142159 -0.590117 2.3708
-0.150888 -0.66897 2.29443
0.0648073 0.13847 2.10067
0.0659793 -0.24704 2.24131
0.0259113 -0.601965 2.36868
0.0123774 -0.676834 2.29024
0.00850116 0.648129 2.02773
-0.395169 0.0210316 1.97525
-0.324822 0.113035 1.99287
0.316792 0.0585388 1.93544
0.306649 0.0438249 1.96182
-0.0124034 0.141345 2.12744
-0.00331134 0.433797 2.0717
0.00555813 0.715124 2.0051
0.0223215 0.87152 1.98997
-0.160095 0.611226 2.02813
-0.254138 0.358246 2.02617
-0.347224 0.149809 1.97188
-0.371206 0.106249 1.96839
0.175557 0.607902 2.04984
0.234449 0.365537 2.10594
0.298223 0.157154 2.01489
0.300782 0.110745 1.9501
-0.0857498 0.141254 2.09126
-0.125386 -0.242653 2.24383
-0.142998 -0.589868 2.37139
-0.151613 -0.668863 2.29486
0.0613192 0.136985 2.09635
0.0609879 -0.251676 2.24172
0.0258401 -0.602765 2.36829
0.0119916 -0.677894 2.28958
0.00337058 0.646391 2.02368
-0.4 0.019214 1.97391
-0.32139 0.128458 1.95573
0.314403 0.0591897 1.92723
0.301137 0.0562455 1.94114
-0.0149859 0.14071 2.12505
-0.00574207 0.433046 2.06883
0.00329686 0.714269 2.00182
0.0186081 0.870285 1.98671
-0.163192 0.610079 2.02611
-0.256058 0.356667 2.02505
-0.349544 0.148374 1.97098
-0.372263 0.105321 1.96935
0.172573 0.607018 2.04655
0.232085 0.364899 2.10235
0.293352 0.156985 2.00822
0.296485 0.111586 1.94712
-0.0883386 0.140598 2.08916
-0.126911 -0.242928 2.24306
-0.143496 -0.589086 2.37137
-0.151784 -0.668924 2.29528
0.0588256 0.136382 2.09366
0.0583721 -0.249721 2.23959
0.0258427 -0.603074 2.36829
0.0116375 -0.67851 2.28904
0.00106349 0.645564 2.02048
-0.400335 0.0162014 1.97743
-0.329225 0.114958 1.98888
0.309229 0.0596885 1.92242
0.298339 0.0394561 1.942
-0.0172516 0.139965 2.12169
-0.00795738 0.432139 2.06598
0.0011209 0.713217 1.99938
0.0142507 0.868691 1.98367
-0.165456 0.609521 2.02436
-0.258378 0.354827 2.02316
-0.351813 0.146109 1.97106
-0.37278 0.101994 1.97124
0.169965 0.606338 2.04327
0.231038 0.364651 2.10011
0.290523 0.156415 2.00547
0.294484 0.109868 1.94516
-0.0905754 0.139835 2.08636
-0.127885 -0.24144 2.24113
-0.143038 -0.586611 2.37147
-0.151687 -0.668727 2.29562
0.0566309 0.135678 2.08972
0.0565511 -0.24787 2.23749
0.0257855 -0.603289 2.36829
0.0108591 -0.678668 2.28961
-0.0011182 0.644551 2.01795
-0.400887 0.0138556 1.98339
-0.330899 0.110024 1.99256
0.307589 0.0568659 1.92201
0.295478 0.0388083 1.94308
-0.018246 0.138997 2.11935
-0.00951447 0.431177 2.0637
-0.00103609 0.712255 1.99722
0.0117734 0.867681 1.98129
-0.167211 0.60819 2.02254
-0.260061 0.352867 2.02228
-0.353239 0.143866 1.97106
-0.3729 0.100346 1.97267
0.167982 0.605663 2.04035
0.229908 0.364617 2.09695
0.289506 0.155889 2.00357
0.293326 0.10846 1.94389
-0.0915636 0.138831 2.08443
-0.128264 -0.236867 2.23669
-0.143416 -0.586449 2.37144
-0.151953 -0.668599 2.29622
0.0556672 0.134777 2.08698
0.0557023 -0.246784 2.23598
0.0256636 -0.604622 2.36875
0.010175 -0.679009 2.29011
-0.00312259 0.64359 2.01575
-0.399828 0.0119272 1.9749
-0.330112 0.105569 2.00286
0.305063 0.0554232 1.92129
0.294965 0.037893 1.9513
