-0.072588 -0.0841759 2.54551
-0.0578138 0.195563 2.47682
-0.0425892 0.46702 2.39661
-0.0272731 0.598187 2.32818
-0.214627 0.391088 2.4373
-0.322777 0.16225 2.48185
-0.387142 -0.0177814 2.365
-0.399982 -0.0654958 2.34928
0.125874 0.376033 2.42711
0.204476 0.132534 2.4732
0.262385 -0.0405642 2.35022
0.273061 -0.100794 2.31329
-0.144346 -0.0785629 2.51232
-0.335725 -0.17256 2.24482
-0.319152 -0.583937 2.32197
-0.323693 -0.645773 2.24166
0.00106511 -0.0877126 2.51058
0.0993691 -0.228186 2.19798
0.180441 -0.606897 2.30351
0.183196 -0.667778 2.22174
-0.0465467 0.40037 2.419
-0.387266 -0.1309 2.27226
-0.329091 -0.0934064 2.29067
0.27894 -0.161604 2.31214
0.23092 -0.107266 2.29533
-0.0756904 -0.0843555 2.54738
-0.0582725 0.193499 2.47535
-0.0402738 0.462005 2.3898
-0.0283982 0.593071 2.31698
-0.212317 0.394252 2.44303
-0.321427 0.156596 2.4972
-0.407998 -0.0137434 2.38901
-0.448468 -0.0441171 2.36929
0.126363 0.370765 2.41151
0.204011 0.126404 2.45359
0.259523 -0.0481912 2.33096
0.281989 -0.103487 2.29884
-0.148177 -0.0775343 2.51705
-0.347791 -0.174732 2.25405
-0.319093 -0.584065 2.324
-0.325504 -0.643603 2.25954
-0.00164177 -0.0887997 2.51038
0.0778826 -0.231598 2.19388
0.176069 -0.610128 2.29819
0.183134 -0.669239 2.21738
-0.0449273 0.396015 2.41349
-0.502953 -0.0996536 2.35575
-0.411641 -0.0747639 2.32987
0.295248 -0.162852 2.28259
0.342708 -0.121066 2.32707
-0.072874 -0.0863664 2.54822
-0.0558273 0.189795 2.4677
-0.0391113 0.457368 2.37021
-0.0277198 0.588783 2.29461
-0.210495 0.388934 2.42048
-0.324901 0.149873 2.48601
-0.407384 -0.023218 2.37783
-0.433133 -0.0585709 2.35966
0.126612 0.366955 2.40049
0.204839 0.123105 2.4559
0.275421 -0.0540587 2.3453
0.299678 -0.109144 2.3208
-0.14521 -0.0797726 2.51712
-0.332694 -0.177313 2.24595
-0.319498 -0.578318 2.31841
-0.32456 -0.64245 2.25366
0.00139923 -0.0906552 2.51149
0.0886977 -0.231694 2.19529
0.176096 -0.609407 2.30027
0.180185 -0.667223 2.21682
-0.0432168 0.391562 2.39703
-0.477997 -0.122202 2.35979
-0.397878 -0.0872692 2.32938
0.325838 -0.172148 2.3218
0.360282 -0.120533 2.35573
-0.0707595 -0.0813405 2.51916
-0.0572142 0.170505 2.31758
-0.0436316 0.414533 2.10043
-0.0332882 0.513965 2.02065
-0.21176 0.347157 2.18097
-0.335181 0.134174 2.32428
-0.415183 -0.0660388 2.3174
-0.43494 -0.100099 2.31529
0.117772 0.325276 2.18271
0.22941 0.107431 2.32507
0.308948 -0.0784651 2.23926
0.31862 -0.114678 2.22905
-0.142194 -0.0749218 2.48842
-0.294611 -0.194777 2.21114
-0.313558 -0.584836 2.32641
-0.298688 -0.643054 2.26504
0.00264433 -0.0855118 2.48176
0.114429 -0.233322 2.19306
0.167285 -0.600177 2.31036
0.172804 -0.665373 2.22048
-0.0470323 0.354653 2.15721
-0.469097 -0.1585 2.34954
-0.396813 -0.126174 2.3096
0.346618 -0.184487 2.25362
0.369125 -0.109744 2.23709
-0.0366735 0.174059 2.2697
-0.029174 0.420082 2.11104
-0.0215518 0.658597 1.94093
-0.00678443 0.780409 1.85269
-0.188445 0.596571 1.99216
-0.277817 0.367738 2.11773
-0.339364 0.15981 2.12109
-0.35527 0.121673 2.1193
0.146046 0.58507 1.9965
0.231044 0.366809 2.12278
0.284826 0.155913 2.09532
0.296686 0.0830025 2.08195
-0.113647 0.172827 2.2328
-0.227283 -0.20643 2.24665
-0.307095 -0.587738 2.32565
-0.293126 -0.647301 2.26815
0.0413718 0.169964 2.23883
0.125952 -0.220524 2.21843
0.172581 -0.588911 2.31384
0.17354 -0.660031 2.23056
-0.0234639 0.600282 1.9854
-0.37755 0.0510707 2.1477
-0.32039 0.102559 2.1103
0.310731 0.0201674 2.10788
0.347393 0.0838492 2.08645
-0.0345282 0.204229 2.18025
-0.0280235 0.479895 2.0655
-0.0222542 0.747231 1.9368
-0.00214687 0.874164 1.866
-0.18864 0.664091 1.97628
-0.269257 0.411629 2.06324
-0.319724 0.199286 2.04688
-0.332894 0.139136 2.03233
0.147935 0.648486 1.98905
0.223148 0.417575 2.075
0.276352 0.200646 2.03692
0.281093 0.126488 2.01732
-0.109632 0.200589 2.14226
-0.199101 -0.163712 2.24109
-0.30574 -0.591208 2.33048
-0.286338 -0.651658 2.27877
0.0416299 0.201509 2.15041
0.108195 -0.174715 2.23084
0.175135 -0.583191 2.31865
0.174314 -0.654987 2.23538
-0.023626 0.681523 1.97057
-0.345483 0.0810231 2.05409
-0.296635 0.127848 2.01082
0.291854 0.0602293 2.02821
0.33171 0.118283 2.02368
-0.0400653 0.10488 2.35801
-0.0375519 0.349697 2.1842
-0.0352612 0.588239 2.00374
-0.0160806 0.710493 1.90719
-0.203359 0.522436 2.04591
-0.29523 0.291391 2.13765
-0.341861 0.0782362 2.12682
-0.361835 0.00881933 2.13179
0.131493 0.50601 2.05654
0.225306 0.279179 2.14438
0.266482 0.0643697 2.10181
0.274188 -0.012971 2.09443
-0.114156 0.106627 2.32217
-0.227129 -0.251743 2.21401
-0.299999 -0.583296 2.3203
-0.291375 -0.646306 2.27257
0.0351803 0.100107 2.32583
0.13826 -0.267402 2.20558
0.17649 -0.582163 2.31948
0.174469 -0.656763 2.23472
-0.0358216 0.530589 2.05001
-0.385306 -0.0554352 2.15852
-0.324678 -0.012632 2.12407
0.285866 -0.0809399 2.11793
0.311979 -0.00607841 2.07745
-0.0531381 -0.0588274 2.47985
-0.0417433 0.195554 2.34312
-0.0300749 0.444085 2.19758
-0.0135693 0.568228 2.10948
-0.200334 0.374353 2.22616
-0.307324 0.120582 2.29012
-0.364019 -0.0835331 2.22976
-0.374495 -0.126225 2.23514
0.134711 0.353187 2.23656
0.231257 0.109038 2.30847
0.270855 -0.0951664 2.20991
0.279933 -0.154066 2.20585
-0.128189 -0.0554807 2.44251
-0.265759 -0.293655 2.19781
-0.306168 -0.602998 2.32297
-0.289119 -0.659324 2.26019
0.0235191 -0.0614866 2.44896
0.130035 -0.300924 2.19216
0.176303 -0.609762 2.31671
0.174942 -0.661264 2.23007
-0.0330373 0.382718 2.2363
-0.402713 -0.185063 2.2532
-0.306404 -0.164536 2.18167
0.287038 -0.216455 2.21722
0.330171 -0.155792 2.20864
-0.055936 -0.0883089 2.51989
-0.0447824 0.191025 2.41686
-0.0330403 0.463834 2.30267
-0.0118567 0.593098 2.22133
-0.202393 0.382454 2.33367
-0.306263 0.121776 2.36109
-0.384591 -0.0763684 2.30413
-0.403849 -0.129066 2.30156
0.135389 0.362517 2.34884
0.216128 0.107858 2.41036
0.269064 -0.0785103 2.29973
0.273175 -0.132242 2.28648
-0.128813 -0.0838009 2.4825
-0.289505 -0.196603 2.19637
-0.308144 -0.591142 2.32933
-0.306675 -0.643903 2.25356
0.0183578 -0.0905667 2.48939
0.121029 -0.228883 2.18743
0.172679 -0.598669 2.31283
0.173053 -0.664251 2.22539
-0.0360003 0.396722 2.33333
-0.427567 -0.18075 2.33321
-0.356157 -0.13529 2.2802
0.277055 -0.192533 2.28538
0.325113 -0.151886 2.30612
-0.0581556 -0.0927837 2.51841
-0.0465584 0.171661 2.37438
-0.034109 0.42713 2.21482
-0.0116655 0.544651 2.12518
-0.202463 0.356325 2.25738
-0.316051 0.109221 2.33957
-0.383087 -0.0953637 2.29121
-0.408332 -0.137125 2.28492
0.133444 0.346124 2.30172
0.211839 0.0863016 2.3849
0.271369 -0.108037 2.29396
0.278264 -0.158505 2.27391
-0.130946 -0.0888273 2.4805
-0.287556 -0.196145 2.19732
-0.309127 -0.589903 2.33069
-0.308308 -0.64413 2.25473
0.0161983 -0.0943025 2.48827
0.120024 -0.229943 2.18875
0.171565 -0.601761 2.31541
0.172446 -0.664436 2.22354
-0.0372079 0.364719 2.25681
-0.437154 -0.200314 2.3168
-0.37042 -0.159417 2.26842
0.285591 -0.228017 2.29159
0.320556 -0.148361 2.27656
-0.0535498 0.0951225 2.34445
-0.0448505 0.344286 2.1748
-0.036099 0.589139 1.99215
-0.0233395 0.700829 1.9146
-0.206514 0.510886 2.05738
-0.297701 0.279605 2.16072
-0.37042 0.0729219 2.16478
-0.401549 0.0155986 2.17306
0.127756 0.501932 2.06367
0.216916 0.274175 2.175
0.271686 0.0632962 2.13489
0.284453 -0.00518165 2.1233
-0.129362 0.0955197 2.30737
-0.242755 -0.237269 2.21492
-0.307081 -0.588964 2.32289
-0.295347 -0.64708 2.2621
0.0237983 0.0920252 2.31341
0.129686 -0.265433 2.193
0.171968 -0.594778 2.31604
0.172692 -0.662924 2.22585
-0.0383185 0.529145 2.03974
-0.422936 -0.0480038 2.22106
-0.366091 -0.00222424 2.16476
0.294008 -0.0671833 2.13796
0.335498 -0.0121534 2.1345
-0.0370685 0.202311 2.21365
-0.0365399 0.47353 2.09045
-0.0360063 0.736374 1.95207
-0.0183564 0.862811 1.87737
-0.204285 0.65261 1.99234
-0.289278 0.401343 2.07498
-0.354168 0.190243 2.06329
-0.373857 0.152734 2.05255
0.136326 0.643498 2.00193
0.218733 0.41132 2.08689
0.270485 0.198041 2.04993
0.279732 0.126651 2.02743
-0.112775 0.19868 2.17519
-0.204632 -0.169476 2.25372
-0.310815 -0.588953 2.3345
-0.292234 -0.644912 2.27149
0.039778 0.199733 2.18422
0.11764 -0.178592 2.24062
0.176447 -0.58722 2.32196
0.175394 -0.655278 2.23371
-0.0361479 0.671735 1.98858
-0.395481 0.085581 2.07857
-0.340133 0.133097 2.0396
0.288034 0.0608498 2.04108
0.329829 0.116943 2.03491
-0.0428659 0.19841 2.17316
-0.0425835 0.482684 2.06517
-0.0417427 0.755057 1.94439
-0.0197995 0.88045 1.87504
-0.207731 0.664953 1.98022
-0.288709 0.407203 2.05496
-0.348824 0.194291 2.0428
-0.368646 0.151781 2.03841
0.131132 0.653896 1.9979
0.202862 0.417883 2.07475
0.262744 0.203824 2.04063
0.27654 0.127442 2.0345
-0.118049 0.194179 2.13437
-0.206886 -0.167195 2.23374
-0.302025 -0.586247 2.33145
-0.292409 -0.646295 2.27492
0.0335879 0.196404 2.14409
0.106658 -0.172664 2.23374
0.17606 -0.58655 2.32326
0.174873 -0.655942 2.23314
-0.0419892 0.688551 1.97667
-0.392085 0.0830866 2.06028
-0.334125 0.147752 2.039
0.286486 0.061468 2.0462
0.320245 0.121496 2.03065
-0.0480451 0.0946477 2.36247
-0.0424618 0.33916 2.17468
-0.036909 0.576707 1.97702
-0.019859 0.683478 1.8941
-0.207868 0.49766 2.04268
-0.313462 0.27851 2.12158
-0.37048 0.0657402 2.09566
-0.395264 -0.000237374 2.09224
0.129168 0.490243 2.05362
0.232959 0.262961 2.1462
0.280754 0.0520438 2.09092
0.288268 -0.0215734 2.08218
-0.127702 0.0925267 2.32536
-0.227532 -0.245399 2.21761
-0.303164 -0.581075 2.32271
-0.289868 -0.643846 2.27764
0.0328051 0.0940142 2.3317
0.134226 -0.258085 2.22581
0.176774 -0.583912 2.32158
0.175024 -0.656277 2.2343
-0.0382903 0.519007 2.02805
-0.415244 -0.0616957 2.11983
-0.356872 -0.0149354 2.08925
0.303063 -0.0858067 2.10356
0.328788 -0.0119339 2.07122
-0.0488819 -0.0522589 2.49776
-0.0474684 0.203544 2.34792
-0.0452081 0.450806 2.19221
-0.032055 0.574355 2.11083
-0.217473 0.382282 2.2231
-0.321566 0.140257 2.27663
-0.374289 -0.0658883 2.20938
-0.394128 -0.115744 2.21332
0.122604 0.371144 2.24381
0.227107 0.140215 2.29863
0.279279 -0.0576573 2.20671
0.290855 -0.125112 2.18864
-0.125971 -0.0522319 2.45884
-0.243779 -0.29331 2.20479
-0.303978 -0.602417 2.32322
-0.286744 -0.660682 2.26589
0.0295524 -0.050843 2.46847
0.141442 -0.290296 2.20761
0.178548 -0.606169 2.3189
0.175564 -0.660033 2.23012
-0.0459446 0.390023 2.23248
-0.416717 -0.176233 2.2252
-0.357471 -0.140265 2.19668
0.303941 -0.184088 2.18712
0.34038 -0.129566 2.18836
-0.0549335 -0.0751593 2.54299
-0.0465768 0.20314 2.4325
-0.0399299 0.474109 2.31139
-0.0221394 0.607559 2.23913
-0.209748 0.391182 2.34014
-0.321277 0.125648 2.37288
-0.389859 -0.0807268 2.32694
-0.409536 -0.109819 2.33867
0.128343 0.375261 2.35743
0.218218 0.127112 2.40878
0.27419 -0.0673939 2.31098
0.286939 -0.125987 2.29697
-0.133554 -0.0718461 2.50703
-0.275241 -0.201245 2.20105
-0.309502 -0.591727 2.32599
-0.306378 -0.645885 2.25383
0.0250207 -0.0761199 2.511
0.137448 -0.228645 2.19897
0.174181 -0.593428 2.31307
0.174804 -0.662704 2.22756
-0.0413896 0.407485 2.34361
-0.430229 -0.174358 2.35383
-0.37298 -0.126882 2.32125
0.296807 -0.189156 2.30133
0.341266 -0.144584 2.3208
