-0.119634 0.217639 2.29144
-0.128472 0.526671 2.22261
-0.136342 0.823866 2.14384
-0.123782 0.963007 2.09564
-0.297214 0.718887 2.17417
-0.355333 0.4507 2.25064
-0.402553 0.236429 2.24742
-0.412762 0.208292 2.24177
0.058994 0.728311 2.18694
0.301934 0.666048 2.13855
0.373929 0.838537 1.93147
0.380236 0.908187 1.89949
-0.205432 0.211315 2.24524
-0.237449 -0.159428 2.38793
-0.264647 -0.502201 2.52771
-0.28606 -0.584122 2.45582
-0.0298503 0.217067 2.26416
0.0133187 -0.156384 2.39538
0.0352465 -0.510251 2.5388
0.0463859 -0.591734 2.45708
-0.134448 0.751356 2.1654
-0.433373 0.107288 2.24169
-0.412028 0.177221 2.19107
0.391527 0.973914 1.86235
0.322237 0.890647 1.86525
-0.119906 0.217799 2.29202
-0.129295 0.527705 2.22565
-0.137954 0.82584 2.14944
-0.126471 0.965024 2.10328
-0.297357 0.718858 2.17852
-0.355782 0.451115 2.2537
-0.401344 0.236216 2.24955
-0.40604 0.215361 2.24108
0.0585827 0.728877 2.18902
0.300069 0.670325 2.13315
0.371965 0.847094 1.93428
0.379896 0.918028 1.90208
-0.205753 0.211482 2.24666
-0.237655 -0.159785 2.38867
-0.265053 -0.502291 2.5276
-0.285691 -0.584017 2.45679
-0.0300769 0.217265 2.26379
0.0138432 -0.155933 2.39534
0.0350879 -0.510152 2.53914
0.0458096 -0.591179 2.45882
-0.135877 0.753101 2.17042
-0.430896 0.11516 2.24062
-0.407463 0.174152 2.18761
0.393824 0.987719 1.87192
0.323038 0.907094 1.86881
-0.119882 0.218805 2.29315
-0.128879 0.528588 2.22752
-0.13716 0.826513 2.15156
-0.12656 0.966112 2.10569
-0.296871 0.719384 2.18003
-0.355408 0.451543 2.25419
-0.398451 0.23588 2.24957
-0.406699 0.215705 2.24057
0.0585845 0.729479 2.18949
0.300316 0.674707 2.13182
0.382335 0.852604 1.93857
0.400649 0.920922 1.90745
-0.205874 0.21264 2.24843
-0.237897 -0.160173 2.38987
-0.264508 -0.502047 2.52748
-0.286201 -0.584061 2.45527
-0.0299618 0.218056 2.2643
0.0140721 -0.15556 2.39566
0.0347187 -0.51016 2.54017
0.0471019 -0.592229 2.45801
-0.135199 0.753807 2.17247
-0.429573 0.114806 2.2425
-0.407243 0.175727 2.18774
0.415653 0.984647 1.87441
0.341804 0.910145 1.87221
-0.117978 0.219422 2.29384
-0.127247 0.528574 2.22791
-0.13545 0.825654 2.15103
-0.125044 0.965372 2.10383
-0.295924 0.719831 2.18061
-0.354212 0.451894 2.25561
-0.397256 0.236072 2.25187
-0.401933 0.210043 2.24559
0.0594841 0.729057 2.18965
0.296371 0.67438 2.12542
0.434812 0.834701 1.95285
0.48623 0.889214 1.93746
-0.204289 0.213275 2.24909
-0.236749 -0.159113 2.39051
-0.264601 -0.50181 2.52751
-0.285879 -0.585772 2.45831
-0.0277435 0.218627 2.26503
0.014369 -0.156045 2.39708
0.0353681 -0.508856 2.53848
0.0465339 -0.591881 2.45751
-0.133545 0.753185 2.17226
-0.421133 0.109113 2.24434
-0.401383 0.174244 2.19083
0.53561 0.948962 1.92572
0.434284 0.911433 1.90426
-0.116637 0.219923 2.29305
-0.127145 0.528386 2.22649
-0.136979 0.82434 2.14778
-0.131753 0.963259 2.09817
-0.297024 0.719466 2.18225
-0.352313 0.448455 2.26022
-0.396291 0.232972 2.26071
-0.40206 0.211835 2.25317
0.0578953 0.730497 2.18108
0.303476 0.740248 2.07685
0.359156 0.886339 1.91784
0.360316 0.952405 1.88905
-0.203021 0.213398 2.24949
-0.236157 -0.157947 2.39033
-0.264334 -0.501926 2.52785
-0.286002 -0.584663 2.45629
-0.0261913 0.21959 2.26269
0.0147588 -0.155482 2.39679
0.0351794 -0.509533 2.53854
0.0468198 -0.591501 2.45763
-0.134609 0.752185 2.16955
-0.424163 0.108751 2.25822
-0.406753 0.145686 2.2006
0.372 1.02356 1.86376
0.306255 0.938537 1.85311
-0.114912 0.220224 2.29082
-0.126082 0.528471 2.22539
-0.136616 0.824739 2.14835
-0.126628 0.963418 2.1
-0.295434 0.719277 2.18203
-0.349408 0.446849 2.25618
-0.389845 0.23028 2.24664
-0.390992 0.216662 2.23457
0.0569021 0.729438 2.18194
0.244618 0.761227 2.03478
0.141022 0.864095 1.86359
0.123034 0.882323 1.8525
-0.201431 0.213792 2.24689
-0.23598 -0.158317 2.3886
-0.264849 -0.502043 2.52796
-0.286497 -0.584623 2.45889
-0.0246936 0.2196 2.26111
0.0147316 -0.158657 2.39823
0.0354063 -0.509093 2.53945
0.0469312 -0.592353 2.45752
-0.134071 0.752421 2.16954
-0.414114 0.115094 2.22534
-0.38987 0.17856 2.18291
0.0745791 0.934024 1.80971
0.150263 0.926374 1.81619
-0.115034 0.221383 2.28972
-0.125851 0.529652 2.2255
-0.135601 0.826185 2.14993
-0.12206 0.967124 2.10506
-0.294199 0.718889 2.18109
-0.35108 0.446503 2.25365
-0.391586 0.229882 2.24455
-0.399208 0.20979 2.23265
0.0606694 0.734474 2.18521
0.295366 0.773991 2.08063
0.389208 0.916146 1.93822
0.408763 0.981533 1.91981
-0.201151 0.215187 2.2452
-0.236633 -0.158452 2.38726
-0.264224 -0.502244 2.52776
-0.285861 -0.584036 2.45686
-0.0252641 0.220697 2.26059
0.0145581 -0.157161 2.39671
0.0355794 -0.509112 2.53811
0.046196 -0.59196 2.45693
-0.13334 0.753803 2.17074
-0.420265 0.108642 2.22696
-0.394642 0.179556 2.18088
0.439876 1.06272 1.91497
0.451095 0.972264 1.92732
-0.116516 0.221424 2.29043
-0.125847 0.529837 2.2253
-0.133839 0.826548 2.14822
-0.119692 0.967533 2.10364
-0.293965 0.719042 2.17491
-0.354076 0.449641 2.24658
-0.395543 0.233156 2.23715
-0.406916 0.207201 2.21987
0.0632773 0.729584 2.18723
0.282039 0.679835 2.16111
0.486481 0.718674 2.09011
0.586242 0.734702 2.09395
-0.201929 0.215121 2.24558
-0.237665 -0.160547 2.39007
-0.264839 -0.502869 2.52845
-0.287181 -0.585619 2.45889
-0.0276379 0.220727 2.2619
0.0139518 -0.156546 2.3965
0.0347807 -0.509768 2.54066
0.0460018 -0.591893 2.45793
-0.132166 0.754136 2.16958
-0.424483 0.108183 2.21731
-0.398888 0.184517 2.16836
0.673344 0.759416 2.11812
0.610097 0.699837 2.08971
-0.117158 0.221702 2.29151
-0.125498 0.530158 2.22484
-0.132179 0.826978 2.14615
-0.118373 0.96786 2.1023
-0.294002 0.719687 2.17326
-0.35535 0.453464 2.24515
-0.401376 0.237924 2.23641
-0.411755 0.206352 2.22504
0.0637718 0.72778 2.18611
0.31464 0.740938 2.08994
0.413587 0.881798 1.9475
0.430555 0.950891 1.92061
-0.202466 0.215445 2.24633
-0.237736 -0.160369 2.39119
-0.264114 -0.501625 2.52802
-0.286411 -0.584596 2.45627
-0.0282449 0.220876 2.26353
0.0140338 -0.156027 2.39639
0.0349268 -0.508682 2.53842
0.0446999 -0.590859 2.45885
-0.130804 0.75456 2.16796
-0.426464 0.109088 2.22232
-0.404466 0.183649 2.17119
0.458229 1.02941 1.91292
0.373762 0.956053 1.89674
-0.116111 0.222463 2.29082
-0.124641 0.53056 2.2241
-0.131569 0.826939 2.1455
-0.117823 0.966904 2.10146
-0.291374 0.720199 2.17442
-0.351797 0.449308 2.24944
-0.391254 0.232434 2.24302
-0.391634 0.209611 2.23338
0.0609407 0.7322 2.17912
0.239311 0.75715 2.03916
0.121714 0.815949 1.85499
0.0923465 0.826828 1.84389
-0.201831 0.216537 2.24526
-0.237582 -0.159057 2.38934
-0.264202 -0.50225 2.5279
-0.286331 -0.583861 2.45925
-0.0265513 0.221388 2.26289
0.0137963 -0.15752 2.39794
0.0346595 -0.509984 2.54014
0.0469314 -0.592171 2.45844
-0.130099 0.75463 2.16727
-0.407592 0.108464 2.22842
-0.391057 0.180653 2.18173
0.0358871 0.864835 1.79994
0.0516382 0.780169 1.85396
-0.115213 0.223236 2.2895
-0.123758 0.531383 2.22245
-0.130878 0.827339 2.14316
-0.115627 0.96735 2.09997
-0.290461 0.719976 2.17255
-0.351586 0.452401 2.2458
-0.3929 0.235803 2.2368
-0.401867 0.214205 2.21968
0.0651389 0.735745 2.17623
0.290847 0.776417 2.06294
0.38429 0.917059 1.91551
0.406269 0.976493 1.89006
-0.200891 0.21745 2.24357
-0.237622 -0.159022 2.38876
-0.264065 -0.502117 2.52809
-0.289252 -0.588936 2.46064
-0.0257544 0.222031 2.26182
0.0137534 -0.156988 2.39755
0.0350601 -0.51158 2.54138
0.0469775 -0.592465 2.45859
-0.129313 0.755157 2.16509
-0.422666 0.11452 2.21462
-0.396894 0.186286 2.16592
0.43427 1.04403 1.87678
0.351945 0.976624 1.83293
-0.115217 0.222085 2.28909
-0.123479 0.530306 2.21992
-0.130494 0.826318 2.13829
-0.111566 0.965742 2.09304
-0.290287 0.7193 2.16364
-0.352648 0.448218 2.2401
-0.39369 0.231546 2.23083
-0.401363 0.203394 2.21592
0.0672443 0.727835 2.179
0.281135 0.676007 2.14682
0.486809 0.711437 2.0774
0.585275 0.733895 2.08112
-0.200598 0.215974 2.24259
-0.237189 -0.160632 2.38905
-0.264622 -0.502974 2.52882
-0.286608 -0.584713 2.45744
-0.0260638 0.220979 2.26175
0.0135576 -0.15628 2.39648
0.0347202 -0.510583 2.54031
0.0465772 -0.592079 2.45829
-0.12892 0.754114 2.16078
-0.414211 0.108628 2.21768
-0.390469 0.170329 2.16412
0.667924 0.768584 2.10445
0.578258 0.772772 2.03143
-0.11443 0.220172 2.28858
-0.121791 0.528374 2.2185
-0.127108 0.824318 2.13768
-0.107522 0.963776 2.0886
-0.288638 0.718698 2.15846
-0.35672 0.453827 2.23186
-0.40126 0.237765 2.21744
-0.413823 0.200869 2.20295
0.066122 0.719851 2.18067
0.303014 0.681034 2.11418
0.488191 0.751291 2.01397
0.576228 0.81154 1.99568
-0.199688 0.213481 2.24073
-0.236757 -0.160988 2.38868
-0.264351 -0.501685 2.52772
-0.285697 -0.585622 2.4574
-0.0253509 0.219399 2.26251
0.0140441 -0.156815 2.39651
0.0357606 -0.509248 2.53856
0.0460401 -0.591375 2.45893
-0.12602 0.752128 2.15983
-0.427557 0.107144 2.20292
-0.402806 0.182401 2.15008
0.649403 0.860358 2.00972
0.533827 0.840783 1.9517
-0.11424 0.221126 2.2883
-0.120432 0.529191 2.21771
-0.12479 0.824907 2.13579
-0.105018 0.964482 2.09002
-0.286911 0.719602 2.15944
-0.354235 0.455529 2.23512
-0.397313 0.239056 2.2231
-0.399616 0.218047 2.21274
0.0711237 0.72743 2.17598
0.285081 0.745608 2.07247
0.256817 0.884371 1.89142
0.214396 0.933586 1.84706
-0.199483 0.215543 2.24057
-0.237178 -0.160912 2.38794
-0.2649 -0.501395 2.52759
-0.285475 -0.586195 2.45757
-0.0252695 0.219745 2.26224
0.0138145 -0.156047 2.39608
0.0345934 -0.510572 2.53977
0.0451428 -0.591219 2.45821
-0.123906 0.752787 2.15829
-0.418499 0.119019 2.20732
-0.396848 0.181489 2.15783
0.174375 0.998947 1.81378
0.169031 0.897157 1.84033
-0.111417 0.220475 2.28376
-0.118978 0.528927 2.21548
-0.124596 0.824946 2.13512
-0.104839 0.96555 2.09166
-0.286106 0.718881 2.15975
-0.350823 0.447785 2.23404
-0.390887 0.230734 2.21558
-0.395051 0.2014 2.20158
0.0702002 0.727165 2.1757
0.295376 0.743181 2.06417
0.282796 0.88467 1.88461
0.27367 0.940621 1.84404
-0.197336 0.214861 2.23611
-0.235937 -0.161022 2.38482
-0.264277 -0.500634 2.52606
-0.286233 -0.584335 2.45815
-0.0218535 0.218999 2.25777
0.0147855 -0.157083 2.39519
0.0356412 -0.508696 2.53816
0.0461884 -0.591765 2.45775
-0.123458 0.752739 2.15734
-0.406744 0.107115 2.19737
-0.388122 0.182955 2.14807
0.251609 1.00599 1.81317
0.222002 0.904395 1.80856
-0.112556 0.220277 2.2836
-0.119797 0.528702 2.21406
-0.125859 0.824671 2.1324
-0.110577 0.966016 2.08986
-0.287397 0.717856 2.1605
-0.350956 0.448791 2.23417
-0.390004 0.231293 2.22058
-0.396612 0.201548 2.21165
0.069175 0.729284 2.16585
0.308733 0.727795 2.07704
0.512166 0.770032 2.00408
0.595557 0.810322 1.99401
-0.198592 0.214609 2.23782
-0.235965 -0.160794 2.38498
-0.26415 -0.501355 2.52669
-0.28618 -0.584494 2.45812
-0.0233887 0.21868 2.25583
0.0143045 -0.15613 2.39373
0.0351577 -0.510198 2.54013
0.047014 -0.592071 2.45709
-0.124535 0.752474 2.15492
-0.408449 0.108427 2.21318
-0.385309 0.179911 2.15983
0.680531 0.843971 2.00374
0.566327 0.849384 1.95279
-0.114839 0.216947 2.28369
-0.121631 0.526145 2.21418
-0.127356 0.82295 2.13435
-0.114986 0.964813 2.08671
-0.289794 0.717327 2.16043
-0.352508 0.444743 2.2371
-0.391901 0.227243 2.22522
-0.402069 0.195738 2.21029
0.0620665 0.717819 2.16829
0.295034 0.639316 2.11374
0.506049 0.639337 2.04913
0.605419 0.654677 2.05391
-0.200897 0.210507 2.23825
-0.236316 -0.159967 2.38521
-0.26379 -0.501565 2.52711
-0.286135 -0.583775 2.45814
-0.0252527 0.216258 2.25561
0.0144302 -0.156415 2.39277
0.0353445 -0.509718 2.53901
0.0467185 -0.591653 2.45747
-0.126097 0.750506 2.15631
-0.414945 0.101475 2.21302
-0.389345 0.180668 2.15965
0.691775 0.649662 2.07389
0.599139 0.711385 2.02612
-0.116368 0.21779 2.28431
-0.122252 0.526763 2.2138
-0.127286 0.823845 2.13161
-0.113507 0.96524 2.08693
-0.290081 0.718072 2.1595
-0.354305 0.451203 2.23397
-0.397398 0.234361 2.21967
-0.400525 0.204284 2.20677
0.065499 0.722099 2.16945
0.297703 0.673796 2.10268
0.319894 0.844627 1.88805
0.302132 0.90454 1.84015
-0.201952 0.212164 2.23898
-0.237522 -0.16055 2.38616
-0.264634 -0.502104 2.52739
-0.286333 -0.583398 2.45775
-0.0270976 0.21657 2.25618
0.0137118 -0.155804 2.39219
0.035434 -0.509099 2.53811
0.0456496 -0.590935 2.45906
-0.126242 0.751378 2.15433
-0.413266 0.108729 2.20725
-0.395693 0.18281 2.15383
0.283586 0.970132 1.79959
0.248887 0.874862 1.7958
-0.114924 0.217715 2.28409
-0.122036 0.527033 2.21375
-0.12775 0.824329 2.13177
-0.112409 0.965127 2.08762
-0.289466 0.718208 2.15956
-0.352137 0.446125 2.23361
-0.390185 0.228318 2.21862
-0.392753 0.201785 2.20387
0.0649054 0.721602 2.17099
0.293164 0.705602 2.04796
0.208723 0.805453 1.8409
0.193158 0.834266 1.80946
-0.200755 0.212062 2.2383
-0.235819 -0.161226 2.38522
-0.26407 -0.501448 2.52682
-0.286682 -0.584807 2.45664
-0.0252621 0.216453 2.25643
0.0145185 -0.156082 2.39292
0.0356244 -0.510209 2.53876
0.0462819 -0.59152 2.45965
-0.126416 0.751761 2.15433
-0.406332 0.107463 2.20031
-0.386523 0.183154 2.15167
0.146371 0.878351 1.75766
0.146768 0.788608 1.7963
-0.113706 0.218088 2.28226
-0.121706 0.52714 2.21233
-0.128273 0.824199 2.13062
-0.111776 0.965692 2.08843
-0.289179 0.717219 2.15738
-0.351832 0.444804 2.23009
-0.389591 0.226858 2.21374
-0.394698 0.193596 2.19836
0.066321 0.722074 2.17383
0.303996 0.67097 2.11975
0.432689 0.822182 1.93644
0.465404 0.88577 1.91387
-0.199505 0.21219 2.23518
-0.235442 -0.161665 2.38422
-0.263623 -0.501784 2.52786
-0.287224 -0.585089 2.45584
-0.0242239 0.216922 2.25538
0.0148084 -0.156722 2.39262
0.0359085 -0.510238 2.53763
0.0463711 -0.591799 2.45833
-0.126741 0.751693 2.15311
-0.403961 0.100592 2.20132
-0.381121 0.173201 2.14506
0.498503 0.951424 1.89414
0.413187 0.885953 1.86271
-0.114798 0.217189 2.28254
-0.122372 0.526559 2.21158
-0.129159 0.823681 2.129
-0.109853 0.964524 2.08694
-0.289464 0.715545 2.15146
-0.354829 0.442265 2.22264
-0.391528 0.224166 2.20391
-0.401104 0.183896 2.18423
0.0658081 0.720244 2.1783
0.286445 0.652101 2.14329
0.484214 0.70581 2.05601
0.575839 0.737044 2.04864
-0.200064 0.210862 2.23438
-0.236911 -0.164643 2.38607
-0.263329 -0.50182 2.5268
-0.287499 -0.584197 2.45949
-0.0261343 0.21622 2.25702
0.0144691 -0.15693 2.39224
0.0355319 -0.509453 2.53771
0.0466556 -0.591715 2.4579
-0.127578 0.751177 2.15172
-0.408812 0.0952897 2.19337
-0.388417 0.175083 2.13168
0.658218 0.783047 2.06203
0.554397 0.776448 2.00558
-0.115169 0.216816 2.28245
-0.122352 0.526448 2.21125
-0.12897 0.823673 2.12879
-0.108383 0.964616 2.08732
-0.289165 0.715581 2.14979
-0.356575 0.447662 2.21985
-0.397715 0.230414 2.1997
-0.403193 0.18844 2.18554
0.0651047 0.719187 2.1781
0.291356 0.649939 2.12313
0.428615 0.816228 1.92715
0.453367 0.881998 1.90195
-0.200001 0.21031 2.23339
-0.236574 -0.16555 2.38626
-0.263569 -0.502323 2.52764
-0.286489 -0.5838 2.45795
-0.0266718 0.216249 2.25791
0.014589 -0.157189 2.39165
0.0353509 -0.510637 2.53843
0.0460039 -0.59197 2.45731
-0.127417 0.751168 2.15146
-0.412865 0.100889 2.19254
-0.391565 0.176491 2.13285
0.487308 0.953236 1.88799
0.401809 0.887498 1.85085
-0.114623 0.217567 2.282
-0.122222 0.527072 2.21152
-0.128963 0.824373 2.12975
-0.110265 0.965364 2.08907
-0.288785 0.716767 2.15489
-0.351963 0.443828 2.22992
-0.387681 0.225412 2.2158
-0.389968 0.195313 2.20822
0.0635954 0.721965 2.17172
0.263885 0.713804 2.05533
0.17686 0.809453 1.85253
0.140419 0.827963 1.83299
-0.20012 0.211762 2.2346
-0.23631 -0.163553 2.38477
-0.264179 -0.501841 2.52697
-0.286354 -0.584065 2.45695
-0.0252992 0.216535 2.25594
0.0142757 -0.157083 2.39196
0.0355274 -0.51001 2.53806
0.0460548 -0.591551 2.45723
-0.127395 0.751831 2.1522
-0.399558 0.10158 2.20887
-0.382027 0.174584 2.15066
0.0877754 0.875814 1.78978
0.100773 0.782714 1.8327
-0.11472 0.217611 2.28191
-0.122531 0.527355 2.21224
-0.129779 0.824871 2.13159
-0.113163 0.966326 2.09094
-0.289752 0.717337 2.15836
-0.352223 0.444066 2.23333
-0.389644 0.225993 2.21779
-0.399722 0.195579 2.20259
0.0619093 0.72121 2.17226
0.302442 0.695693 2.06184
0.275807 0.852327 1.87603
0.272867 0.908138 1.84725
-0.20049 0.211771 2.23516
-0.237253 -0.161861 2.38372
-0.263835 -0.502044 2.52726
-0.286534 -0.582147 2.45908
-0.0250366 0.21655 2.25517
0.0144365 -0.15809 2.39262
0.0357774 -0.509876 2.53776
0.0466001 -0.591969 2.45763
-0.128067 0.752261 2.15371
-0.412396 0.100751 2.20502
-0.396339 0.182073 2.15022
0.259298 0.978595 1.80885
0.234946 0.928464 1.8815
-0.116731 0.217678 2.28432
-0.124593 0.52757 2.21544
-0.131584 0.825197 2.13548
-0.115405 0.967307 2.09368
-0.293067 0.717744 2.16152
-0.354557 0.443684 2.23371
-0.390542 0.225397 2.21629
-0.400191 0.192624 2.20365
0.061678 0.719933 2.17675
0.26768 0.653795 2.11185
0.448881 0.773197 1.97463
0.518007 0.819994 1.96109
-0.202132 0.211626 2.23759
-0.238777 -0.161057 2.38442
-0.264268 -0.502245 2.52709
-0.286537 -0.583993 2.45709
-0.0275815 0.216832 2.2577
0.0139678 -0.157119 2.39232
0.0346882 -0.509621 2.53784
0.0457474 -0.591558 2.45772
-0.129985 0.752576 2.15747
-0.408028 0.101874 2.20948
-0.389406 0.176824 2.14979
0.591302 0.86993 1.96694
0.483905 0.857531 1.93718
-0.121195 0.217644 2.28875
-0.129547 0.528321 2.2197
-0.137764 0.826853 2.13989
-0.1219 0.969428 2.09889
-0.298419 0.71902 2.16359
-0.360813 0.446373 2.23527
-0.401098 0.228936 2.21772
-0.412065 0.192588 2.20224
0.054281 0.718369 2.17944
0.265797 0.642311 2.11916
0.461682 0.690527 2.00777
0.546775 0.733737 1.9932
-0.206027 0.211348 2.24183
-0.239424 -0.161333 2.38687
-0.264219 -0.501357 2.52659
-0.286748 -0.582828 2.45856
-0.0324472 0.217049 2.26235
0.0134433 -0.15808 2.39445
0.0346508 -0.509845 2.53774
0.0449726 -0.590957 2.45767
-0.135816 0.754009 2.16183
-0.420517 0.102247 2.20695
-0.401579 0.1759 2.14636
0.633099 0.761088 2.00943
0.528713 0.783395 1.96745
-0.122259 0.218606 2.28961
-0.131093 0.529235 2.22095
-0.139338 0.827646 2.14139
-0.123631 0.970366 2.10048
-0.300246 0.719255 2.16532
-0.364285 0.446949 2.23775
-0.403218 0.229258 2.22012
-0.406843 0.192454 2.20797
0.0538546 0.720407 2.18313
0.258831 0.703705 2.08733
0.25842 0.870675 1.91303
0.230882 0.932644 1.8817
-0.207441 0.212325 2.2427
-0.241861 -0.159136 2.38675
-0.264118 -0.5025 2.52721
-0.287152 -0.583912 2.45653
-0.0332289 0.217968 2.26322
0.00960626 -0.159163 2.39654
0.0347693 -0.511316 2.54013
0.0453282 -0.591952 2.45832
-0.137422 0.754845 2.16327
-0.414454 0.102595 2.21419
-0.395862 0.181457 2.15729
0.217691 1.00499 1.85573
0.176565 0.90986 1.85272
-0.12588 0.218389 2.28991
-0.135998 0.52927 2.22247
-0.14547 0.827859 2.14429
-0.131074 0.969077 2.10332
-0.30438 0.719215 2.17007
-0.365803 0.445062 2.24412
-0.403284 0.227135 2.22772
-0.412332 0.204743 2.2215
0.0428527 0.720071 2.18003
0.237331 0.722352 2.05112
0.140533 0.847111 1.88556
0.118212 0.881997 1.86583
-0.212091 0.212296 2.24378
-0.243759 -0.159062 2.38713
-0.265224 -0.503584 2.52657
-0.289305 -0.586379 2.45365
-0.0359429 0.217478 2.26275
0.00637739 -0.161922 2.39975
0.0355803 -0.510913 2.53994
0.0442752 -0.591306 2.46001
-0.143249 0.75501 2.16581
-0.424284 0.108179 2.22091
-0.40621 0.18166 2.16653
0.0724451 0.93924 1.83119
0.0719834 0.842036 1.85882
