-0.258366 0.168372 2.27878
-0.260378 0.461128 2.20944
-0.25962 0.742815 2.12958
-0.251516 0.892204 2.06961
-0.426607 0.65467 2.17889
-0.491507 0.378831 2.25601
-0.534381 0.153552 2.27774
-0.548147 0.113544 2.27563
-0.0715235 0.674577 2.18389
0.156721 0.604873 2.14864
0.170635 0.80527 2.03039
0.167173 0.868981 2.01603
-0.329029 0.164592 2.23938
-0.379146 -0.198936 2.3497
-0.3992 -0.566327 2.49789
-0.404129 -0.621705 2.41358
-0.179383 0.16684 2.24667
-0.17333 -0.21966 2.38366
-0.219409 -0.582047 2.48869
-0.209922 -0.639601 2.40322
-0.259874 0.673991 2.15171
-0.561234 0.0343061 2.29774
-0.499648 0.151581 2.24324
0.171923 0.943601 2.00249
0.103907 0.854368 2.01333
-0.257292 0.168576 2.27874
-0.260196 0.46134 2.20928
-0.260261 0.743355 2.1289
-0.253545 0.893214 2.06954
-0.427304 0.654499 2.17875
-0.489777 0.377814 2.2535
-0.532975 0.152289 2.27309
-0.547515 0.112696 2.26932
-0.0724003 0.675134 2.18287
0.153514 0.604061 2.1472
0.173396 0.800594 2.02284
0.170036 0.864571 2.0064
-0.328133 0.164593 2.23939
-0.378311 -0.199869 2.3502
-0.399359 -0.566324 2.49786
-0.403632 -0.621223 2.414
-0.178178 0.167276 2.24652
-0.17313 -0.222239 2.38541
-0.219285 -0.581912 2.48874
-0.209813 -0.639405 2.40314
-0.260253 0.674427 2.15119
-0.561272 0.0325477 2.29261
-0.499246 0.1454 2.24175
0.175991 0.938984 1.99453
0.104684 0.845773 1.99859
-0.256115 0.168612 2.27869
-0.259714 0.461482 2.20889
-0.260413 0.743604 2.12784
-0.254926 0.893881 2.06942
-0.427026 0.653875 2.17697
-0.488455 0.377548 2.25
-0.532144 0.151851 2.26764
-0.548949 0.113784 2.26603
-0.0729591 0.675449 2.18178
0.152528 0.601383 2.14331
0.17353 0.796586 2.01684
0.165827 0.858801 1.99959
-0.327107 0.164525 2.23941
-0.37756 -0.200501 2.34979
-0.399311 -0.566692 2.49779
-0.404361 -0.621519 2.41475
-0.176928 0.167414 2.24636
-0.171886 -0.221017 2.38502
-0.21903 -0.581404 2.48865
-0.209913 -0.639542 2.40322
-0.260282 0.674654 2.15031
-0.562606 0.0326633 2.2857
-0.500158 0.142383 2.24683
0.175484 0.929952 1.98113
0.0995293 0.843785 1.99508
-0.255095 0.1687 2.27809
-0.259083 0.461734 2.20784
-0.260523 0.743956 2.12615
-0.25581 0.894268 2.06875
-0.427396 0.653908 2.17577
-0.488569 0.377433 2.24777
-0.532439 0.151637 2.26437
-0.550801 0.115378 2.26713
-0.0737153 0.675202 2.17884
0.152684 0.599087 2.13905
0.174633 0.795255 2.01441
0.171268 0.858414 2.00276
-0.326219 0.164549 2.23875
-0.37745 -0.201146 2.34973
-0.399321 -0.566363 2.49768
-0.404342 -0.621441 2.41495
-0.175833 0.167563 2.24578
-0.170824 -0.220181 2.38485
-0.218998 -0.581203 2.48862
-0.21031 -0.64015 2.40392
-0.260264 0.674999 2.14873
-0.563717 0.0347792 2.28887
-0.505109 0.1467 2.231
0.176315 0.936349 1.99582
0.103894 0.84452 1.99605
-0.255028 0.168603 2.27776
-0.258927 0.461687 2.20735
-0.260461 0.743911 2.12544
-0.255932 0.894307 2.06858
-0.427354 0.653847 2.17554
-0.48876 0.377663 2.24715
-0.53326 0.152126 2.26475
-0.55272 0.115388 2.27205
-0.0736551 0.675013 2.17819
0.154275 0.595855 2.14315
0.174707 0.791646 2.01752
0.166901 0.861512 2.01485
-0.326208 0.164473 2.23852
-0.377413 -0.201446 2.3493
-0.399747 -0.566316 2.49767
-0.404649 -0.621321 2.41471
-0.175721 0.167428 2.24533
-0.170488 -0.219481 2.3846
-0.219387 -0.5811 2.48884
-0.209867 -0.640137 2.40346
-0.260209 0.674962 2.14805
-0.565744 0.033112 2.29965
-0.503818 0.145682 2.24541
0.178268 0.936173 2.00471
0.0999347 0.852452 2.00823
-0.255424 0.168155 2.27706
-0.25881 0.461591 2.20705
-0.259925 0.74402 2.12529
-0.255467 0.894572 2.06853
-0.423021 0.65416 2.16704
-0.488721 0.378023 2.24696
-0.534492 0.152892 2.26559
-0.55449 0.116278 2.27639
-0.0728111 0.673487 2.17754
0.166909 0.586469 2.15583
0.0928393 0.779831 2.04884
0.0663898 0.833625 2.02997
-0.32667 0.164216 2.23766
-0.377449 -0.201679 2.34882
-0.400232 -0.56346 2.49709
-0.404726 -0.621372 2.41442
-0.176094 0.166749 2.24471
-0.169786 -0.219175 2.38366
-0.219389 -0.580944 2.48872
-0.209839 -0.640217 2.40305
-0.259844 0.67501 2.14785
-0.566986 0.0343536 2.30295
-0.506625 0.137187 2.25044
0.0469066 0.913967 2.03232
0.0107347 0.797917 2.0202
-0.255314 0.171456 2.27475
-0.256199 0.464875 2.20511
-0.25442 0.747435 2.12384
-0.252096 0.89786 2.07215
-0.422165 0.654004 2.16726
-0.48838 0.377505 2.24718
-0.535966 0.153131 2.26828
-0.553324 0.11808 2.28241
-0.069836 0.674359 2.17684
0.163561 0.582073 2.16826
0.0379957 0.721723 2.02628
-0.00763808 0.7693 2.02242
-0.326688 0.167927 2.2339
-0.378525 -0.200505 2.34727
-0.400303 -0.564171 2.49752
-0.405285 -0.621025 2.41349
-0.175877 0.169663 2.24365
-0.169416 -0.206565 2.37835
-0.219486 -0.580473 2.4888
-0.209012 -0.638868 2.40386
-0.255193 0.678403 2.14621
-0.568213 0.0350046 2.31048
-0.499293 0.159874 2.26438
-0.0615825 0.822577 2.01128
-0.0448802 0.711371 2.00694
-0.256394 0.169829 2.27549
-0.256045 0.464758 2.20545
-0.253219 0.748252 2.12444
-0.252203 0.901588 2.07888
-0.421541 0.653804 2.16699
-0.48936 0.37788 2.24721
-0.536584 0.153595 2.26947
-0.553187 0.121724 2.27984
-0.0693592 0.672838 2.17802
0.149789 0.591815 2.17206
0.127296 0.765073 2.01438
0.112661 0.823754 1.99626
-0.327711 0.166373 2.23448
-0.378928 -0.200337 2.34708
-0.400442 -0.564516 2.49759
-0.405147 -0.620879 2.41358
-0.177037 0.167916 2.24465
-0.169321 -0.206995 2.37854
-0.220018 -0.580985 2.4894
-0.208924 -0.638977 2.40387
-0.254349 0.67889 2.14672
-0.566599 0.0376471 2.30966
-0.524387 0.106797 2.26917
0.0870744 0.898762 1.98903
0.06445 0.78161 1.96107
-0.257106 0.169665 2.27599
-0.255986 0.465296 2.20599
-0.252249 0.750295 2.12534
-0.257952 0.905958 2.08693
-0.421846 0.653917 2.16702
-0.490783 0.380358 2.24594
-0.537913 0.15613 2.26875
-0.558682 0.122015 2.27514
-0.0689622 0.673038 2.17763
0.160334 0.60466 2.15025
0.250589 0.774098 2.01656
0.270684 0.852758 1.99922
-0.328415 0.166213 2.23518
-0.379448 -0.199846 2.34746
-0.400477 -0.565374 2.49805
-0.405133 -0.62123 2.414
-0.177744 0.167747 2.24507
-0.170985 -0.211655 2.38137
-0.220099 -0.581581 2.48965
-0.208869 -0.639916 2.40344
-0.253609 0.680544 2.14755
-0.570819 0.041423 2.29755
-0.509161 0.152982 2.24911
0.293398 0.924837 1.99438
0.211828 0.838443 1.96327
-0.257202 0.169662 2.27614
-0.255991 0.466032 2.20635
-0.252306 0.752397 2.12581
-0.263831 0.908487 2.09135
-0.422726 0.653847 2.16723
-0.49144 0.380962 2.24507
-0.540449 0.156836 2.26573
-0.562703 0.121803 2.26892
-0.0691691 0.673759 2.17569
0.173451 0.625669 2.14489
0.320277 0.764216 2.0192
0.36625 0.827822 2.011
-0.328366 0.166106 2.2357
-0.380244 -0.198964 2.34801
-0.400447 -0.565568 2.49803
-0.405474 -0.621211 2.41327
-0.17795 0.167819 2.24509
-0.171784 -0.210625 2.38089
-0.219999 -0.58149 2.48969
-0.208997 -0.639926 2.40326
-0.253608 0.682315 2.148
-0.576759 0.041088 2.29257
-0.52522 0.119398 2.25813
0.415576 0.892406 2.00981
0.313031 0.842093 1.978
-0.257695 0.170161 2.27622
-0.256796 0.468543 2.20673
-0.253654 0.757112 2.12637
-0.273141 0.911344 2.09832
-0.425452 0.654487 2.16918
-0.494421 0.383106 2.24449
-0.545961 0.159083 2.26161
-0.570384 0.128937 2.26392
-0.0704447 0.67412 2.16911
0.157788 0.62629 2.15007
0.382897 0.738528 2.0432
0.44196 0.783171 2.03052
-0.328614 0.166755 2.23636
-0.382905 -0.197583 2.34965
-0.400115 -0.5661 2.49789
-0.405509 -0.62128 2.41341
-0.17891 0.168388 2.24455
-0.17419 -0.212491 2.38315
-0.219764 -0.581385 2.48971
-0.209207 -0.640292 2.40287
-0.254772 0.686538 2.1485
-0.587125 0.0463801 2.28985
-0.524461 0.156173 2.222
0.516738 0.822021 2.03479
0.405728 0.826972 1.99559
-0.259677 0.170396 2.27699
-0.257749 0.469626 2.2072
-0.254082 0.758738 2.12656
-0.275717 0.91222 2.10041
-0.426344 0.655025 2.17023
-0.496113 0.384409 2.24461
-0.54966 0.160715 2.26043
-0.570565 0.129414 2.26694
-0.0706776 0.673981 2.16788
0.200821 0.615997 2.13039
0.328541 0.778863 2.02461
0.349021 0.836001 2.01512
-0.330102 0.167433 2.23732
-0.383604 -0.196504 2.3506
-0.400002 -0.566635 2.49913
-0.405797 -0.621148 2.41293
-0.181359 0.168067 2.24509
-0.175567 -0.2163 2.38639
-0.21967 -0.581192 2.4897
-0.209176 -0.640295 2.40292
-0.255312 0.68804 2.14876
-0.585611 0.0469774 2.28669
-0.519368 0.160265 2.23908
0.396163 0.901723 2.01663
0.291144 0.83973 1.98553
-0.260797 0.170126 2.27757
-0.25765 0.469757 2.20737
-0.252252 0.759167 2.12638
-0.275076 0.912228 2.10054
-0.425541 0.656095 2.17076
-0.495729 0.385643 2.24481
-0.550859 0.162345 2.26057
-0.568046 0.135638 2.26804
-0.0697175 0.672892 2.16883
0.171584 0.612146 2.15284
0.192 0.796795 2.01
0.173791 0.848727 2.00141
-0.331144 0.167503 2.23835
-0.383978 -0.195885 2.3521
-0.400037 -0.566684 2.49919
-0.405721 -0.620934 2.41276
-0.182564 0.167422 2.24523
-0.175542 -0.219173 2.38721
-0.219783 -0.581416 2.48968
-0.209357 -0.639996 2.40323
-0.254071 0.688395 2.14872
-0.586525 0.0537683 2.29424
-0.52165 0.159125 2.2351
0.171358 0.921664 1.99251
0.11395 0.820806 1.9724
-0.261823 0.169639 2.27825
-0.257335 0.469639 2.20767
-0.250063 0.758829 2.12647
-0.26815 0.911512 2.10129
-0.420582 0.657656 2.16706
-0.494115 0.386868 2.24482
-0.549917 0.164281 2.26466
-0.562079 0.134833 2.2792
-0.0689719 0.671077 2.17148
0.179849 0.587663 2.14924
0.0791771 0.7605 2.0276
0.0343966 0.804746 2.0148
-0.332193 0.16702 2.23888
-0.385544 -0.195482 2.35289
-0.400436 -0.566806 2.49857
-0.405839 -0.621255 2.41292
-0.183434 0.16693 2.24603
-0.172089 -0.216879 2.38293
-0.220055 -0.581625 2.48977
-0.209592 -0.639803 2.40356
-0.25238 0.688146 2.14889
-0.580725 0.0532411 2.30034
-0.509613 0.171371 2.25059
-0.00532466 0.861876 1.98934
-0.0158835 0.754799 2.01124
-0.2623 0.169397 2.27898
-0.25696 0.469636 2.20828
-0.248812 0.758881 2.12697
-0.263758 0.912482 2.10273
-0.418644 0.65772 2.16439
-0.492957 0.389623 2.24486
-0.548188 0.167482 2.26874
-0.558995 0.137311 2.28302
-0.068507 0.670199 2.17248
0.181063 0.586126 2.14762
0.123859 0.770781 2.01525
0.109313 0.836063 1.99446
-0.3327 0.166567 2.23941
-0.386927 -0.194866 2.35282
-0.400432 -0.566746 2.49776
-0.405907 -0.621235 2.41229
-0.183821 0.166928 2.24704
-0.171156 -0.216248 2.38116
-0.219898 -0.581321 2.49027
-0.209859 -0.639914 2.40388
-0.25131 0.688199 2.14941
-0.577969 0.0542467 2.30521
-0.513124 0.16048 2.26186
0.0898065 0.907691 1.98023
0.0590031 0.795471 1.96763
-0.262914 0.169871 2.27947
-0.256939 0.470162 2.20888
-0.248462 0.759446 2.1276
-0.262881 0.913442 2.10466
-0.418668 0.658023 2.1658
-0.493403 0.389995 2.24643
-0.548629 0.167931 2.27077
-0.563394 0.13472 2.28505
-0.0677974 0.671112 2.17257
0.161057 0.616392 2.14023
0.249658 0.784501 2.0036
0.264561 0.869418 1.98244
-0.333314 0.167052 2.24012
-0.387857 -0.193973 2.35304
-0.40048 -0.566323 2.49775
-0.405616 -0.621261 2.4127
-0.184375 0.16737 2.24731
-0.173319 -0.218259 2.38304
-0.220167 -0.581499 2.49059
-0.209897 -0.639872 2.40387
-0.251 0.688762 2.15001
-0.57946 0.0546482 2.31201
-0.506397 0.173274 2.26209
0.288164 0.944731 1.97376
0.206318 0.854579 1.95671
-0.263366 0.170269 2.27958
-0.257024 0.470894 2.20923
-0.248458 0.760538 2.1282
-0.26562 0.914702 2.10678
-0.419392 0.658042 2.16839
-0.494429 0.38975 2.24802
-0.548888 0.167285 2.27107
-0.56618 0.133672 2.28166
-0.0670118 0.67205 2.16931
0.177186 0.636536 2.12731
0.3561 0.751811 2.00451
0.413938 0.818506 1.98791
-0.333712 0.16752 2.24045
-0.388572 -0.193032 2.3533
-0.400327 -0.566597 2.49828
-0.40551 -0.621418 2.41232
-0.18485 0.167776 2.24723
-0.175514 -0.21472 2.38307
-0.219552 -0.580927 2.4904
-0.210049 -0.640546 2.40289
-0.250982 0.689763 2.15053
-0.586161 0.0521995 2.3053
-0.510401 0.172142 2.26245
0.467028 0.871376 1.97806
0.361207 0.834585 1.94769
-0.264166 0.17113 2.28071
-0.257976 0.472629 2.21044
-0.249956 0.763119 2.12932
-0.272909 0.916601 2.11111
-0.421566 0.657772 2.17272
-0.495696 0.389978 2.2498
-0.549123 0.167004 2.27118
-0.565024 0.133552 2.2781
-0.0674099 0.673345 2.16314
0.180859 0.638448 2.12385
0.388173 0.693157 2.03288
0.46909 0.741587 2.01267
-0.334439 0.168937 2.24294
-0.389152 -0.19269 2.35396
-0.400383 -0.566414 2.49815
-0.405427 -0.621493 2.4126
-0.185674 0.168269 2.24732
-0.178724 -0.21964 2.38813
-0.219362 -0.581025 2.49036
-0.21036 -0.64089 2.40266
-0.252267 0.692122 2.15164
-0.5832 0.0521601 2.30145
-0.513445 0.167517 2.25835
0.541547 0.783282 2.00929
0.441528 0.781918 1.97071
-0.264851 0.17079 2.28184
-0.258334 0.472987 2.2113
-0.250364 0.764196 2.13014
-0.274264 0.916971 2.11209
-0.421558 0.657531 2.17324
-0.496036 0.389402 2.25032
-0.549045 0.166196 2.27086
-0.563767 0.132089 2.28018
-0.0673533 0.672741 2.16113
0.189548 0.629369 2.12135
0.371563 0.728276 2.0144
0.424272 0.797227 1.99094
-0.334932 0.169132 2.24415
-0.389327 -0.192366 2.35423
-0.399813 -0.567116 2.4991
-0.405641 -0.621231 2.41163
-0.186601 0.167196 2.24836
-0.177879 -0.218423 2.38795
-0.219255 -0.581275 2.49021
-0.210534 -0.641378 2.40207
-0.252642 0.692994 2.15245
-0.580228 0.0532297 2.30149
-0.508639 0.16554 2.25475
0.484625 0.846177 1.98909
0.371754 0.815692 1.94473
-0.264871 0.170372 2.28221
-0.257832 0.472838 2.21147
-0.24904 0.764239 2.13001
-0.272485 0.917015 2.11248
-0.418782 0.65711 2.17138
-0.495645 0.389522 2.24956
-0.548811 0.166454 2.27083
-0.561789 0.133191 2.28029
-0.0664546 0.67143 2.16156
0.194636 0.621535 2.11662
0.283898 0.792721 1.98495
0.28323 0.844064 1.97161
-0.334823 0.168886 2.24424
-0.389399 -0.192067 2.3543
-0.399705 -0.567141 2.4989
-0.403135 -0.620992 2.41291
-0.186737 0.166425 2.24896
-0.17617 -0.22051 2.38788
-0.219139 -0.581185 2.49015
-0.21079 -0.641431 2.40234
-0.251558 0.69299 2.15242
-0.57896 0.0517476 2.30581
-0.511369 0.154898 2.26167
0.315577 0.915503 1.96421
0.24535 0.84457 1.96989
-0.264654 0.170043 2.28222
-0.255912 0.47237 2.21116
-0.244154 0.763504 2.12878
-0.264488 0.917299 2.11243
-0.413356 0.657729 2.16455
-0.493396 0.390006 2.24687
-0.548303 0.167786 2.27073
-0.56117 0.13231 2.27888
-0.0627913 0.668592 2.16534
0.190945 0.589181 2.13545
0.105738 0.765049 2.00608
0.0746062 0.810137 1.98974
-0.334652 0.16842 2.24371
-0.389696 -0.187744 2.35257
-0.399757 -0.567332 2.49813
-0.403081 -0.621242 2.4131
-0.186467 0.166048 2.24939
-0.169652 -0.213657 2.37735
-0.219472 -0.581613 2.49036
-0.210878 -0.641127 2.40257
-0.247439 0.692357 2.15145
-0.574369 0.0532386 2.29976
-0.50912 0.164302 2.25076
0.0503744 0.876893 1.97439
0.0257485 0.774535 1.98572
-0.263837 0.170454 2.28144
-0.253825 0.472638 2.21018
-0.24131 0.763435 2.12767
-0.257795 0.916859 2.11111
-0.411107 0.657205 2.16353
-0.491331 0.388573 2.24483
-0.547978 0.166943 2.26943
-0.561687 0.131886 2.27354
-0.0622871 0.66842 2.16661
0.165337 0.575213 2.12953
0.0526635 0.741936 2.00979
0.00298061 0.77801 2.0046
-0.33387 0.168492 2.24231
-0.389812 -0.188131 2.35296
-0.39994 -0.567483 2.49798
-0.402869 -0.621382 2.41317
-0.185439 0.166863 2.24895
-0.168792 -0.21431 2.37543
-0.219515 -0.581622 2.49038
-0.210695 -0.640226 2.40313
-0.244722 0.692396 2.15035
-0.575377 0.0531463 2.29494
-0.5097 0.165224 2.25422
-0.0400262 0.82788 1.97479
-0.049379 0.734287 2.01762
-0.263382 0.170505 2.28108
-0.252837 0.47239 2.20974
-0.239996 0.762859 2.1271
-0.254808 0.916503 2.11052
-0.409875 0.657207 2.16281
-0.490267 0.389736 2.24311
-0.548456 0.168526 2.26769
-0.566646 0.133996 2.27264
-0.0619967 0.667926 2.16752
0.165014 0.574789 2.12872
0.0670253 0.748459 2.00599
0.0488006 0.797503 1.98872
-0.333608 0.168336 2.24144
-0.390975 -0.1843 2.35067
-0.399808 -0.566893 2.49748
-0.403129 -0.621627 2.41394
-0.184664 0.167212 2.24897
-0.16811 -0.215748 2.37473
-0.219555 -0.581434 2.49036
-0.210386 -0.639707 2.40349
-0.243476 0.691908 2.14981
-0.582106 0.0539369 2.29549
-0.512606 0.173924 2.24227
0.0187243 0.858867 1.95867
0.00435678 0.758916 1.98415
-0.263576 0.170329 2.28148
-0.252732 0.472201 2.20968
-0.239832 0.7626 2.12654
-0.253805 0.916393 2.11001
-0.409724 0.657468 2.16273
-0.492117 0.391176 2.24266
-0.553376 0.170275 2.2637
-0.573699 0.137948 2.271
-0.0606516 0.667505 2.16834
0.17609 0.608941 2.12946
0.213675 0.792337 1.98875
0.219025 0.867522 1.96462
-0.333668 0.16822 2.2416
-0.39177 -0.187777 2.35506
-0.399898 -0.567307 2.49738
-0.403229 -0.62173 2.4145
-0.185142 0.166958 2.2497
-0.171961 -0.222719 2.38211
-0.219771 -0.581467 2.49063
-0.21047 -0.639932 2.40339
-0.243332 0.691683 2.14942
-0.588677 0.0596343 2.29509
-0.567262 0.0682618 2.274
0.228548 0.942038 1.95043
0.159314 0.84562 1.93408
-0.263813 0.170606 2.28211
-0.252806 0.47231 2.20961
-0.240105 0.762801 2.12555
-0.255352 0.916594 2.10905
-0.410051 0.657601 2.16265
-0.494359 0.395205 2.24264
-0.55536 0.174059 2.26262
-0.573702 0.140996 2.27012
-0.0604942 0.669254 2.16277
0.18459 0.635387 2.12376
0.327069 0.797779 1.99402
0.36596 0.855953 1.9775
-0.333907 0.168831 2.24236
-0.393043 -0.188403 2.3569
-0.39956 -0.567522 2.49745
-0.404237 -0.622585 2.41462
-0.185427 0.166977 2.25039
-0.175498 -0.221225 2.38543
-0.21908 -0.581057 2.49043
-0.210707 -0.640299 2.40295
-0.243536 0.691864 2.14875
-0.592982 0.059056 2.29691
-0.521229 0.170356 2.23969
0.407685 0.913794 1.96265
0.308009 0.859079 1.93945
-0.264508 0.170775 2.28366
-0.253308 0.47241 2.2099
-0.240937 0.762845 2.12512
-0.258484 0.915679 2.10751
-0.411097 0.657299 2.16323
-0.498047 0.393681 2.24511
-0.556654 0.171769 2.26436
-0.57333 0.1398 2.27477
-0.0602772 0.669207 2.16083
0.192935 0.635033 2.12245
0.4037 0.724243 2.02655
0.467159 0.768084 2.0039
-0.334562 0.169619 2.24423
-0.394039 -0.188614 2.35831
-0.399389 -0.567635 2.49777
-0.404097 -0.62253 2.41482
-0.186183 0.166642 2.25171
-0.179215 -0.219896 2.38758
-0.218479 -0.580716 2.49034
-0.211055 -0.640642 2.40259
-0.244224 0.691925 2.14851
-0.590221 0.059711 2.30128
-0.515826 0.17883 2.24945
0.536302 0.810611 2.00115
0.43508 0.804101 1.96214
-0.265831 0.17067 2.28698
-0.254063 0.472175 2.2112
-0.241329 0.762552 2.12521
-0.261012 0.9143 2.10701
-0.412458 0.657134 2.16486
-0.498242 0.393493 2.24621
-0.5569 0.171907 2.2676
-0.57107 0.141898 2.2796
-0.0602377 0.668885 2.15982
0.195354 0.62895 2.12573
0.405371 0.680341 2.03986
0.482291 0.731524 2.02324
-0.335127 0.170132 2.24818
-0.395055 -0.189792 2.35947
-0.399171 -0.5677 2.49844
-0.403975 -0.62257 2.41504
-0.188237 0.165911 2.25444
-0.182058 -0.219112 2.38898
-0.218279 -0.580626 2.49064
-0.211217 -0.640969 2.40255
-0.244672 0.691645 2.14877
-0.590911 0.0595363 2.30748
-0.515951 0.174634 2.25223
0.558807 0.763452 2.01377
0.456444 0.772098 1.97706
-0.26653 0.170184 2.28788
-0.254011 0.471671 2.21135
-0.240427 0.761616 2.1244
-0.260463 0.913154 2.10558
-0.412052 0.657228 2.1648
-0.498424 0.392475 2.24613
-0.557297 0.171367 2.27018
-0.571008 0.14158 2.28571
-0.0590073 0.667688 2.15952
0.196973 0.62583 2.12827
0.347051 0.765623 2.01595
0.37784 0.840779 1.98849
-0.335597 0.170083 2.24856
-0.395256 -0.19002 2.36003
-0.398697 -0.567178 2.49816
-0.403201 -0.622004 2.41406
-0.189202 0.164696 2.25595
-0.182896 -0.21905 2.38922
-0.217895 -0.580327 2.49043
-0.2113 -0.641209 2.40206
-0.244042 0.690859 2.14827
-0.590012 0.060306 2.31524
-0.545902 0.112531 2.28583
0.422821 0.900723 1.97784
0.319211 0.840959 1.947
-0.265545 0.169195 2.28741
-0.252193 0.470563 2.21098
-0.237292 0.760353 2.1237
-0.25501 0.912148 2.10425
-0.408845 0.65657 2.16274
-0.496446 0.395211 2.24334
-0.557099 0.175146 2.27059
-0.572777 0.141159 2.28031
-0.0563626 0.666513 2.16008
0.190895 0.62295 2.13082
0.22684 0.816589 2.00578
0.223723 0.881948 1.98167
-0.33444 0.168946 2.24692
-0.393183 -0.190496 2.36058
-0.398616 -0.567305 2.49823
-0.404403 -0.622485 2.41285
-0.188253 0.163638 2.25643
-0.182963 -0.219996 2.38941
-0.217892 -0.580203 2.4904
-0.211065 -0.641146 2.40198
-0.241264 0.689608 2.14763
-0.589234 0.060864 2.30927
-0.517972 0.170818 2.255
0.236847 0.956948 1.97507
0.165234 0.85607 1.95146
-0.264658 0.167999 2.2861
-0.250457 0.46963 2.21028
-0.234774 0.759552 2.12326
-0.251017 0.911347 2.10363
-0.406287 0.656246 2.15886
-0.494925 0.394395 2.2418
-0.556829 0.174639 2.26871
-0.568332 0.140775 2.26968
-0.0539207 0.664427 2.1615
0.173565 0.61461 2.13433
0.117544 0.797669 1.99932
0.0750087 0.844165 2.00544
-0.33388 0.168083 2.24536
-0.390853 -0.182294 2.35524
-0.398659 -0.567292 2.49831
-0.402521 -0.622095 2.41392
-0.187003 0.162241 2.25531
-0.184994 -0.224916 2.39046
-0.217778 -0.579895 2.49034
-0.211091 -0.641262 2.40145
-0.238965 0.688766 2.14709
-0.585525 0.0603019 2.29401
-0.505751 0.183068 2.25062
0.0457976 0.912888 1.99261
0.0266854 0.801989 1.98939
-0.262969 0.168484 2.28384
-0.249198 0.469603 2.20946
-0.233662 0.759306 2.12326
-0.249006 0.911182 2.1036
-0.404162 0.655908 2.15847
-0.492902 0.391234 2.23978
-0.554976 0.170694 2.26163
-0.562533 0.138709 2.25889
-0.0540775 0.664263 2.16185
0.172622 0.597059 2.11814
0.049679 0.773152 2.02883
-0.00217207 0.804107 2.03876
-0.332671 0.168065 2.2425
-0.391669 -0.184994 2.3565
-0.39892 -0.567042 2.49873
-0.402091 -0.621975 2.41485
-0.184806 0.163416 2.25346
-0.16968 -0.208323 2.37612
-0.217823 -0.580075 2.49024
-0.211122 -0.641264 2.40147
-0.237844 0.688558 2.1469
-0.578665 0.0565264 2.28502
-0.513051 0.16267 2.24279
-0.0543287 0.853453 2.0181
-0.0466203 0.752228 2.03375
-0.262916 0.167944 2.28218
-0.248946 0.46913 2.20895
-0.233299 0.758699 2.12347
-0.248234 0.910803 2.10375
-0.403287 0.655432 2.15853
-0.489956 0.38901 2.23679
-0.552048 0.167766 2.25367
-0.55813 0.136685 2.25542
-0.0548132 0.663914 2.16222
0.169052 0.602876 2.12106
0.089359 0.796255 2.01891
0.061045 0.854842 2.02599
-0.332943 0.167063 2.24088
-0.394516 -0.184174 2.35414
-0.398856 -0.567186 2.49892
-0.402961 -0.621984 2.41431
-0.184431 0.163386 2.25165
-0.171632 -0.213963 2.3787
-0.217788 -0.580041 2.49037
-0.211372 -0.641162 2.40154
-0.237501 0.688025 2.14691
-0.576649 0.0515271 2.28038
-0.502937 0.164702 2.2326
0.0276623 0.91646 2.01115
0.0172725 0.808813 2.01113
-0.263812 0.167678 2.28173
-0.249319 0.468963 2.20886
-0.233547 0.758592 2.12383
-0.248512 0.910952 2.10409
-0.403715 0.655305 2.1571
-0.487123 0.390403 2.23352
-0.551425 0.170128 2.25274
-0.55909 0.137323 2.26143
-0.054482 0.663743 2.16246
0.173078 0.620809 2.12057
0.191451 0.827683 2.00976
0.189831 0.906372 1.99153
-0.333713 0.166938 2.24077
-0.39496 -0.182678 2.35305
-0.398891 -0.566323 2.49853
-0.40247 -0.62233 2.41499
-0.185552 0.162982 2.25081
-0.174768 -0.212681 2.37869
-0.217573 -0.579786 2.49039
-0.211472 -0.641146 2.40143
-0.237751 0.687901 2.14712
-0.579093 0.055545 2.28112
-0.515321 0.146147 2.252
0.190773 0.976319 1.97593
0.134924 0.8796 1.97327
-0.264983 0.167953 2.28174
-0.25001 0.469092 2.20892
-0.234012 0.758671 2.12404
-0.250967 0.91116 2.10472
-0.404719 0.654775 2.15805
-0.487737 0.390926 2.23422
-0.551157 0.17052 2.2544
-0.558076 0.138255 2.26425
-0.0549449 0.665604 2.16154
0.185895 0.648626 2.11553
0.311758 0.823017 1.99285
0.343093 0.894533 1.97255
-0.334711 0.167304 2.241
-0.39529 -0.185152 2.35432
-0.398711 -0.566829 2.49858
-0.403889 -0.622292 2.4138
-0.186983 0.163219 2.25066
-0.177257 -0.213259 2.3791
-0.217448 -0.579678 2.49042
-0.211672 -0.641307 2.40124
-0.238241 0.687983 2.14729
-0.579178 0.053775 2.28534
-0.500775 0.165491 2.23414
0.380552 0.957588 1.95938
0.286388 0.887043 1.9406
-0.265254 0.168001 2.28245
-0.250718 0.469401 2.20939
-0.235445 0.759465 2.12458
-0.256248 0.911182 2.10532
-0.40672 0.653688 2.15933
-0.489855 0.390431 2.23625
-0.550282 0.169228 2.25695
-0.556565 0.134658 2.26975
-0.0561311 0.666466 2.16017
0.188838 0.651968 2.11504
0.374862 0.745958 2.01094
0.459339 0.807158 1.97914
-0.334794 0.167466 2.24158
-0.395394 -0.18658 2.35477
-0.398402 -0.566773 2.49886
-0.40429 -0.622128 2.41334
-0.187483 0.163152 2.25165
-0.179616 -0.214863 2.38144
-0.217318 -0.579653 2.49042
-0.211748 -0.641343 2.40117
-0.239449 0.688626 2.14782
-0.581571 0.0533195 2.2943
-0.501274 0.161649 2.24592
0.521438 0.851196 1.96007
0.414986 0.822388 1.93278
-0.265127 0.168412 2.28442
-0.251655 0.469674 2.21043
-0.237768 0.7597 2.1252
-0.259808 0.910277 2.10537
-0.409254 0.653361 2.16186
-0.490073 0.388575 2.23785
-0.5496 0.167235 2.2592
-0.555394 0.130406 2.27153
-0.0577888 0.66714 2.15777
0.190824 0.64909 2.11265
0.397944 0.705962 2.02304
0.48008 0.755036 2.01247
-0.334411 0.168104 2.24427
-0.395696 -0.187334 2.35435
-0.398275 -0.566938 2.49875
-0.404982 -0.622198 2.41198
-0.187537 0.163421 2.25304
-0.18193 -0.218598 2.38564
-0.21687 -0.580093 2.49062
-0.211778 -0.641297 2.4013
-0.241365 0.688872 2.14856
-0.575107 0.0510554 2.29681
-0.538907 0.0892872 2.27383
0.550652 0.790592 2.00346
0.454759 0.79071 1.9661
-0.264406 0.167785 2.28729
-0.251723 0.469461 2.2112
-0.238293 0.759677 2.12488
-0.260748 0.910108 2.10501
-0.409227 0.652925 2.16188
-0.491388 0.387768 2.24035
-0.549182 0.166071 2.26245
-0.559257 0.127927 2.27794
-0.0578479 0.666108 2.15684
0.195647 0.634517 2.11592
0.386963 0.776034 2.03386
0.427673 0.83934 2.02039
-0.33323 0.167907 2.24721
-0.387873 -0.191048 2.35794
-0.398333 -0.566477 2.49942
-0.404832 -0.621891 2.41175
-0.187302 0.162329 2.25593
-0.183783 -0.224202 2.38949
-0.216564 -0.580435 2.49086
-0.211746 -0.641509 2.40154
-0.241788 0.688828 2.14849
-0.570673 0.0489192 2.29993
-0.502848 0.157798 2.25857
0.488313 0.892246 2.02517
0.377112 0.85737 1.97931
-0.262669 0.166964 2.28847
-0.250263 0.468744 2.21157
-0.236574 0.758954 2.12414
-0.257197 0.909677 2.10434
-0.407565 0.652792 2.16149
-0.490788 0.388802 2.24038
-0.54929 0.167659 2.26473
-0.561713 0.132368 2.27905
-0.0562823 0.665047 2.15677
0.18982 0.632541 2.12104
0.29467 0.830658 2.0306
0.301061 0.903107 2.01897
-0.331252 0.16688 2.24805
-0.386092 -0.191936 2.35907
-0.398219 -0.56668 2.49943
-0.405153 -0.622198 2.412
-0.185809 0.161628 2.2575
-0.183713 -0.223202 2.39005
-0.216252 -0.580548 2.49073
-0.211613 -0.641422 2.40164
-0.240213 0.688125 2.14807
-0.576922 0.0528895 2.30081
-0.517076 0.144571 2.26343
0.329163 0.978467 2.02425
0.242956 0.888562 1.98476
-0.2613 0.16625 2.28829
-0.248129 0.467863 2.21125
-0.233498 0.757889 2.12331
-0.250084 0.909254 2.10267
-0.403074 0.65357 2.1593
-0.489619 0.391493 2.23964
-0.548682 0.170704 2.26523
-0.561069 0.13231 2.27607
-0.0524828 0.663089 2.15905
0.179418 0.62646 2.1256
0.15893 0.837057 2.03091
0.135476 0.894964 2.02442
-0.330029 0.166274 2.24741
-0.384655 -0.1923 2.35991
-0.398139 -0.567038 2.49945
-0.405833 -0.621961 2.41126
-0.184251 0.160523 2.25773
-0.184016 -0.225558 2.39117
-0.216481 -0.581022 2.4908
-0.211588 -0.641474 2.40168
-0.237385 0.687092 2.14737
-0.574467 0.0537838 2.29426
-0.505761 0.161331 2.25844
0.122208 0.975999 2.02855
0.0792561 0.863496 2.00929
-0.25797 0.166544 2.28577
-0.245586 0.467764 2.20996
-0.231376 0.757461 2.12266
-0.244999 0.908886 2.10258
-0.400598 0.653119 2.15777
-0.488593 0.391028 2.23914
-0.546704 0.16971 2.26318
-0.553181 0.13321 2.26866
-0.0518549 0.663229 2.16101
0.175079 0.606047 2.12249
0.0610108 0.786965 2.03123
0.00302934 0.813007 2.0367
-0.327856 0.165672 2.24438
-0.384798 -0.190445 2.35842
-0.398345 -0.567474 2.49939
-0.404983 -0.62172 2.41216
-0.179493 0.162147 2.25542
-0.184195 -0.226165 2.39127
-0.216933 -0.581322 2.4904
-0.211576 -0.641604 2.40167
-0.235195 0.686736 2.14657
-0.571959 0.0509704 2.29525
-0.540063 0.0709515 2.2786
-0.0478183 0.865755 2.02367
-0.0334028 0.756887 2.022
-0.253097 0.171898 2.28261
-0.243023 0.470381 2.20904
-0.230544 0.758272 2.12302
-0.243359 0.909361 2.10299
-0.398966 0.652088 2.15718
-0.482627 0.393518 2.23397
-0.543658 0.173192 2.25916
-0.549453 0.132653 2.26099
-0.0586926 0.667283 2.1622
0.168693 0.642066 2.10392
0.00229256 0.780298 2.01755
-0.062592 0.834551 2.04154
-0.323665 0.169933 2.24062
-0.387288 -0.188737 2.3559
-0.398471 -0.567569 2.4994
-0.404976 -0.621501 2.41248
-0.174289 0.168515 2.25293
-0.173629 -0.21358 2.38347
-0.217379 -0.581402 2.49036
-0.211313 -0.641598 2.40164
-0.234036 0.687881 2.14667
-0.567205 0.0528192 2.2834
-0.492449 0.162863 2.23633
-0.140316 0.910136 2.00851
-0.0826689 0.806215 2.03943
-0.2577 0.168656 2.28255
-0.244348 0.469648 2.20942
-0.230774 0.758317 2.12405
-0.244102 0.910083 2.10445
-0.39907 0.652668 2.15726
-0.482632 0.391507 2.2337
-0.542558 0.170318 2.25548
-0.554174 0.129815 2.25976
-0.0579794 0.66608 2.1637
0.168702 0.619091 2.12034
0.136694 0.818354 2.00372
0.119714 0.877503 1.99303
-0.327793 0.167178 2.24089
-0.390608 -0.183767 2.35157
-0.39875 -0.56803 2.49906
-0.405107 -0.621819 2.41428
-0.179522 0.164691 2.25249
-0.17639 -0.219196 2.38656
-0.217474 -0.581212 2.49025
-0.211339 -0.641586 2.40183
-0.234396 0.6878 2.14742
-0.571168 0.0488635 2.28223
-0.493763 0.165669 2.23518
0.101462 0.949973 1.97965
0.0659944 0.83986 1.9648
-0.259939 0.168345 2.28326
-0.246527 0.469741 2.21028
-0.232738 0.759105 2.12539
-0.249053 0.911634 2.1072
-0.401693 0.653003 2.15934
-0.484003 0.391052 2.23455
-0.542705 0.169349 2.25517
-0.557428 0.129217 2.26203
-0.0574545 0.666866 2.16355
0.174849 0.63352 2.1214
0.264104 0.812596 2.00208
0.273791 0.90366 1.97966
-0.33004 0.167153 2.24225
-0.391569 -0.185931 2.35417
-0.398922 -0.567959 2.49903
-0.404836 -0.621956 2.41456
-0.181815 0.164139 2.2527
-0.176287 -0.219572 2.387
-0.21754 -0.581302 2.49005
-0.211069 -0.641787 2.40156
-0.236381 0.688417 2.14862
-0.573272 0.0477705 2.28516
-0.502088 0.162815 2.23365
0.297179 0.974119 1.96974
0.215126 0.887686 1.95075
-0.260831 0.168447 2.28349
-0.248492 0.470185 2.21094
-0.23582 0.760255 2.12683
-0.257288 0.912779 2.1088
-0.405788 0.653053 2.16163
-0.485231 0.390499 2.2361
-0.543029 0.168353 2.25533
-0.555214 0.129149 2.26557
-0.0580025 0.667885 2.16253
0.188601 0.645705 2.11841
0.356276 0.78096 2.00683
0.409885 0.845649 1.98476
-0.330899 0.167495 2.24303
-0.391431 -0.186367 2.35477
-0.398904 -0.567499 2.49913
-0.40426 -0.621939 2.41547
-0.182884 0.164094 2.25246
-0.176224 -0.216406 2.38532
-0.217565 -0.581265 2.48998
-0.21063 -0.642053 2.4008
-0.239175 0.689383 2.14986
-0.574103 0.0460259 2.28986
-0.49942 0.159951 2.24073
0.464263 0.895893 1.96995
0.359555 0.863122 1.95407
-0.261851 0.168488 2.28387
-0.251564 0.470373 2.21172
-0.241142 0.760729 2.12817
-0.264895 0.911556 2.11002
-0.408916 0.652686 2.16379
-0.487226 0.389256 2.23854
-0.542763 0.166471 2.25743
-0.553219 0.128948 2.26827
-0.0589278 0.668176 2.16181
0.188696 0.641846 2.12121
0.393371 0.703576 2.02904
0.472553 0.750059 2.00473
-0.331895 0.167802 2.24409
-0.391382 -0.187472 2.35532
-0.398928 -0.566906 2.49847
-0.404832 -0.622303 2.41366
-0.184005 0.163919 2.25227
-0.177709 -0.216796 2.38517
-0.217562 -0.581191 2.48998
-0.210857 -0.64207 2.40085
-0.243922 0.689795 2.15106
-0.57491 0.0481399 2.29048
-0.495579 0.157886 2.23696
0.54291 0.784485 1.99506
0.444352 0.783241 1.96052
-0.263445 0.167887 2.28506
-0.253784 0.469773 2.21298
-0.243469 0.760225 2.12941
-0.268043 0.911159 2.11067
-0.411347 0.652548 2.16606
-0.490624 0.386753 2.24268
-0.543141 0.162975 2.25969
-0.552143 0.12907 2.27595
-0.0599133 0.668181 2.16181
0.186992 0.626141 2.1264
0.396918 0.675932 2.03908
0.480907 0.715948 2.0212
-0.33317 0.167544 2.24577
-0.391645 -0.189189 2.3555
-0.399028 -0.567112 2.49815
-0.40531 -0.622626 2.41404
-0.185762 0.162987 2.25296
-0.180073 -0.218678 2.38655
-0.217826 -0.581556 2.49016
-0.211046 -0.642177 2.40095
-0.246252 0.689273 2.15232
-0.572348 0.0468053 2.29925
-0.49543 0.156847 2.245
0.552588 0.744362 2.00995
0.458124 0.754356 1.976
-0.265937 0.167176 2.28593
-0.254693 0.469755 2.21342
-0.243537 0.760598 2.12967
-0.268019 0.911492 2.11149
-0.41168 0.653195 2.16645
-0.492993 0.386923 2.24413
-0.546447 0.163933 2.26504
-0.559077 0.12875 2.28095
-0.0606664 0.667134 2.16208
0.180828 0.617331 2.13172
0.367268 0.727725 2.02912
0.432523 0.798582 2.00057
-0.335517 0.167351 2.24627
-0.392747 -0.188713 2.35542
-0.398696 -0.567596 2.4981
-0.405162 -0.622439 2.41397
-0.188261 0.161674 2.25412
-0.180621 -0.218889 2.38685
-0.217194 -0.580581 2.48978
-0.211134 -0.642078 2.4011
-0.246566 0.689512 2.1526
-0.572148 0.0486128 2.3058
-0.493251 0.166323 2.24052
0.491902 0.840371 1.99031
0.386749 0.82705 1.96369
-0.266596 0.166814 2.28582
-0.254617 0.46968 2.21343
-0.24192 0.760659 2.12988
-0.265486 0.91203 2.11235
-0.411309 0.653313 2.16606
-0.491646 0.390815 2.2416
-0.547378 0.168667 2.26431
-0.563949 0.130247 2.27423
-0.0603293 0.666724 2.16275
0.193461 0.625487 2.12491
0.299354 0.798805 2.01138
0.319636 0.875865 1.99174
-0.336284 0.167156 2.24584
-0.393445 -0.189218 2.35608
-0.398464 -0.567803 2.49838
-0.405958 -0.622216 2.41145
-0.188827 0.161156 2.25422
-0.180403 -0.218737 2.38665
-0.216891 -0.579935 2.48951
-0.211116 -0.6419 2.40102
-0.245507 0.689511 2.15275
-0.577823 0.0492293 2.29738
-0.510238 0.158722 2.24325
0.355632 0.946129 1.98983
0.260079 0.874446 1.95993
