-0.228549 0.144426 2.15947
-0.234873 0.434819 2.1023
-0.23931 0.712887 2.03391
-0.227732 0.861439 1.97722
-0.406511 0.622092 2.08092
-0.470496 0.345856 2.16323
-0.535639 0.110068 2.18924
-0.574366 0.0525658 2.21655
-0.0507162 0.643669 2.0939
0.184308 0.560169 2.0921
0.347003 0.709312 1.97693
0.357804 0.763216 1.96665
-0.296852 0.139105 2.1211
-0.344329 -0.226493 2.24676
-0.336887 -0.58434 2.41895
-0.351047 -0.642617 2.33623
-0.152827 0.145082 2.12784
-0.124357 -0.228125 2.26123
-0.153818 -0.59346 2.41679
-0.156604 -0.656457 2.33755
-0.238469 0.645075 2.05286
-0.577126 -0.00294093 2.23536
-0.562384 -0.00652506 2.2325
0.410375 0.819669 1.95052
0.30547 0.783255 1.93637
-0.228368 0.144337 2.15916
-0.234509 0.434553 2.10216
-0.238709 0.712504 2.03401
-0.226396 0.860744 1.97636
-0.405928 0.62262 2.08125
-0.471386 0.347068 2.16412
-0.538224 0.111788 2.19021
-0.576635 0.0548561 2.21627
-0.0499982 0.643247 2.09411
0.193035 0.561614 2.08534
0.333629 0.731358 1.96998
0.335651 0.775122 1.96416
-0.296694 0.139078 2.12075
-0.344082 -0.226669 2.24669
-0.336698 -0.583714 2.41854
-0.350734 -0.642502 2.33599
-0.152629 0.144935 2.1276
-0.124319 -0.228413 2.26113
-0.15379 -0.59336 2.41682
-0.156516 -0.656257 2.3377
-0.237935 0.644714 2.05291
-0.580165 0.00260694 2.23863
-0.565458 0.00222204 2.23356
0.379052 0.835311 1.94832
0.281685 0.796211 1.93718
-0.228101 0.144355 2.15911
-0.233641 0.434241 2.102
-0.237171 0.711954 2.0337
-0.223383 0.859897 1.9751
-0.404834 0.623466 2.08151
-0.471701 0.353184 2.1649
-0.541269 0.118723 2.19111
-0.581583 0.0594255 2.21427
-0.0487763 0.642709 2.09491
0.194694 0.560571 2.08397
0.275703 0.760463 1.95943
0.258756 0.794987 1.95914
-0.296408 0.139146 2.12068
-0.34372 -0.226885 2.24738
-0.336771 -0.583867 2.41833
-0.350302 -0.642555 2.33542
-0.15238 0.144908 2.12759
-0.124207 -0.229363 2.26097
-0.153936 -0.59379 2.41695
-0.156563 -0.656348 2.33742
-0.236575 0.64421 2.05267
-0.587662 0.00199097 2.23674
-0.569516 0.0203873 2.2075
0.283402 0.864016 1.94474
0.200047 0.793877 1.93453
-0.227953 0.144424 2.15913
-0.23292 0.434051 2.10189
-0.235564 0.711516 2.03339
-0.219695 0.858934 1.97319
-0.402845 0.624574 2.08108
-0.472756 0.358478 2.16465
-0.54634 0.125056 2.1895
-0.583082 0.0639209 2.2109
-0.0470185 0.642346 2.09566
0.18582 0.551977 2.08889
0.187301 0.767849 1.96434
0.160035 0.798969 1.96303
-0.296257 0.139242 2.12067
-0.34418 -0.225736 2.24743
-0.336709 -0.584338 2.41723
-0.350832 -0.644664 2.33334
-0.152227 0.144952 2.12766
-0.124371 -0.229541 2.2606
-0.15394 -0.5939 2.41705
-0.156479 -0.656241 2.33754
-0.235209 0.643824 2.05244
-0.589123 0.00703444 2.23716
-0.575481 0.00872566 2.24033
0.155311 0.873624 1.94915
0.101343 0.78767 1.9464
-0.227853 0.144534 2.15938
-0.23232 0.43403 2.10207
-0.234262 0.711497 2.03345
-0.21641 0.85877 1.97288
-0.401658 0.625028 2.08073
-0.472804 0.362293 2.16385
-0.546373 0.128807 2.18847
-0.582766 0.0681846 2.20765
-0.0459187 0.641508 2.09572
0.184251 0.544811 2.09348
0.0928836 0.749851 1.98566
0.0675218 0.785685 1.97765
-0.296207 0.139416 2.12091
-0.344548 -0.225715 2.24895
-0.336802 -0.585147 2.4172
-0.350449 -0.644591 2.3331
-0.152079 0.145004 2.12797
-0.124728 -0.230486 2.26199
-0.154057 -0.59406 2.41742
-0.156413 -0.65679 2.33672
-0.234086 0.643792 2.05255
-0.589985 0.0064031 2.23405
-0.57768 0.0113879 2.22822
0.0390682 0.851041 1.95458
0.0152299 0.751532 1.96989
-0.227476 0.145238 2.16022
-0.231531 0.434467 2.10216
-0.232992 0.712016 2.03296
-0.214387 0.858918 1.97258
-0.401285 0.625196 2.08003
-0.473076 0.363506 2.16299
-0.547662 0.13023 2.18684
-0.582763 0.0671499 2.20578
-0.0455882 0.641471 2.09569
0.18405 0.542675 2.08658
0.0961107 0.750181 1.98094
0.0875888 0.792736 1.96944
-0.295971 0.140105 2.12133
-0.345733 -0.222766 2.24846
-0.336861 -0.585391 2.41763
-0.347909 -0.643896 2.3341
-0.151559 0.145711 2.12941
-0.12545 -0.229955 2.26263
-0.15418 -0.593989 2.41751
-0.156155 -0.656863 2.33606
-0.232938 0.644269 2.05226
-0.589129 0.00639318 2.2308
-0.548652 0.0835851 2.18183
0.0622094 0.869535 1.96397
0.0367764 0.756526 1.948
-0.227714 0.145987 2.16124
-0.231822 0.435003 2.10254
-0.233695 0.712728 2.03297
-0.215584 0.86026 1.9737
-0.401696 0.625662 2.0797
-0.47366 0.363846 2.16269
-0.548094 0.130491 2.18636
-0.581971 0.0672924 2.20831
-0.046674 0.642752 2.09566
0.186156 0.552168 2.08683
0.233501 0.754672 1.94849
0.238697 0.801517 1.93549
-0.296164 0.140871 2.12209
-0.345633 -0.221055 2.24823
-0.337172 -0.585398 2.41803
-0.347557 -0.643832 2.33391
-0.151866 0.146419 2.13078
-0.126018 -0.230079 2.26548
-0.15421 -0.594098 2.41754
-0.156224 -0.657032 2.33639
-0.233497 0.644905 2.05237
-0.588736 0.00822835 2.23473
-0.529632 0.109852 2.185
0.253511 0.877977 1.92078
0.18397 0.772131 1.88656
-0.228126 0.147026 2.16212
-0.232792 0.436148 2.10324
-0.235896 0.71424 2.03353
-0.221449 0.862838 1.97666
-0.404496 0.625979 2.08021
-0.477191 0.361413 2.16333
-0.549494 0.127325 2.18664
-0.584014 0.0652331 2.20446
-0.0477408 0.643766 2.09527
0.194667 0.585476 2.07841
0.365342 0.716878 1.95262
0.398532 0.767681 1.93445
-0.296538 0.141736 2.12298
-0.345172 -0.221915 2.24975
-0.336537 -0.584889 2.41864
-0.347744 -0.643847 2.33353
-0.152306 0.147608 2.13163
-0.126423 -0.228265 2.26791
-0.153958 -0.593954 2.41749
-0.156259 -0.656763 2.33645
-0.23533 0.64632 2.05296
-0.587976 0.000566153 2.23793
-0.565689 0.047156 2.19263
0.448886 0.828332 1.91889
0.342427 0.760874 1.8762
-0.227507 0.148339 2.16484
-0.234254 0.437722 2.10528
-0.240142 0.716423 2.03513
-0.229518 0.865291 1.98054
-0.406827 0.625552 2.08121
-0.480202 0.362958 2.16288
-0.552436 0.128899 2.18654
-0.589059 0.0649437 2.20405
-0.0497428 0.646439 2.09338
0.193209 0.590655 2.07973
0.399361 0.6846 1.97696
0.450149 0.742289 1.96176
-0.296026 0.142974 2.12528
-0.344199 -0.223513 2.25092
-0.337468 -0.585922 2.41934
-0.348234 -0.644088 2.33306
-0.15162 0.148956 2.13472
-0.126712 -0.227099 2.27077
-0.153906 -0.593376 2.41731
-0.156349 -0.656615 2.33677
-0.238814 0.648346 2.05467
-0.594607 0.0032608 2.22875
-0.58193 0.00867163 2.22633
0.51975 0.789169 1.95743
0.406182 0.771742 1.9165
-0.22778 0.148226 2.16604
-0.234512 0.437905 2.10612
-0.240149 0.716723 2.03562
-0.230143 0.865824 1.981
-0.407305 0.625823 2.08177
-0.481541 0.364756 2.16315
-0.554637 0.130734 2.18522
-0.590062 0.0683092 2.20339
-0.049521 0.646144 2.09414
0.192803 0.587586 2.08229
0.335296 0.7424 1.94798
0.346038 0.777886 1.93565
-0.296279 0.143052 2.12651
-0.344382 -0.221926 2.25006
-0.33767 -0.585841 2.419
-0.34809 -0.644257 2.33315
-0.151917 0.148663 2.13588
-0.127301 -0.227764 2.27259
-0.15383 -0.593354 2.41731
-0.156288 -0.656634 2.33674
-0.238931 0.648623 2.05523
-0.600038 0.00716277 2.23491
-0.577075 0.031441 2.2214
0.383515 0.836883 1.91721
0.288401 0.775681 1.89382
-0.228331 0.148185 2.16695
-0.23423 0.438004 2.10667
-0.238407 0.716968 2.03613
-0.225659 0.865992 1.98013
-0.405268 0.627139 2.08118
-0.480834 0.369355 2.16317
-0.555151 0.135834 2.18609
-0.589334 0.0750185 2.20648
-0.0478462 0.645333 2.09742
0.187198 0.561795 2.0945
0.191202 0.763708 1.94669
0.175619 0.783504 1.94145
-0.296661 0.143104 2.12694
-0.345823 -0.223578 2.25294
-0.337851 -0.585877 2.41921
-0.347667 -0.644092 2.33341
-0.15266 0.148448 2.13756
-0.128523 -0.229763 2.27425
-0.153712 -0.593492 2.41727
-0.156331 -0.656658 2.33683
-0.237715 0.648829 2.05575
-0.599827 0.0114969 2.24448
-0.585773 0.0220467 2.2318
0.172992 0.847724 1.92285
0.123151 0.763099 1.91006
-0.229166 0.148248 2.16754
-0.233547 0.438039 2.10702
-0.234223 0.716799 2.03618
-0.217532 0.864647 1.97828
-0.400897 0.628316 2.07984
-0.47926 0.372125 2.16174
-0.55422 0.138979 2.18584
-0.588372 0.0788569 2.20305
-0.0444116 0.642825 2.10195
0.185742 0.545857 2.09753
0.0781721 0.741824 1.98723
0.0505016 0.775193 1.98003
-0.297428 0.143334 2.12694
-0.349233 -0.221047 2.25392
-0.338228 -0.586469 2.41936
-0.34845 -0.644876 2.33268
-0.15367 0.148331 2.1389
-0.132138 -0.235115 2.27901
-0.153543 -0.593377 2.4172
-0.156347 -0.656583 2.33671
-0.234578 0.648748 2.05593
-0.598397 0.0195275 2.23541
-0.573238 0.050276 2.19811
0.0184292 0.836703 1.94446
-0.00505371 0.748246 1.99114
-0.229665 0.148214 2.16868
-0.23234 0.43795 2.10769
-0.231042 0.716573 2.03612
-0.213055 0.86377 1.97764
-0.398192 0.629025 2.07932
-0.478662 0.37326 2.16135
-0.55271 0.139732 2.18499
-0.586314 0.0780911 2.20473
-0.0428375 0.641925 2.10386
0.187078 0.544444 2.09968
0.142954 0.757668 1.97821
0.13437 0.790443 1.9686
-0.297858 0.143436 2.1273
-0.352156 -0.216778 2.25341
-0.338267 -0.586615 2.41982
-0.34828 -0.644752 2.33284
-0.154162 0.148072 2.14106
-0.134095 -0.236848 2.28156
-0.15322 -0.593532 2.41708
-0.156405 -0.656262 2.33762
-0.231811 0.648557 2.05609
-0.597738 0.0188239 2.23296
-0.564221 0.0676613 2.19065
0.122894 0.857677 1.95878
0.0770553 0.767809 1.94541
-0.229977 0.148304 2.16983
-0.231895 0.437783 2.10834
-0.230482 0.716217 2.03642
-0.213298 0.863736 1.9775
-0.398045 0.629435 2.07983
-0.477271 0.37412 2.16107
-0.551867 0.140719 2.1844
-0.583689 0.0773183 2.20196
-0.0418391 0.642333 2.10543
0.195434 0.564978 2.09437
0.275648 0.756679 1.95593
0.280193 0.795591 1.94555
-0.298239 0.143733 2.12837
-0.353425 -0.21634 2.25412
-0.338742 -0.587326 2.41991
-0.348336 -0.644916 2.33291
-0.154336 0.147971 2.14217
-0.134379 -0.237674 2.28368
-0.152978 -0.592967 2.41698
-0.156337 -0.655997 2.33765
-0.231243 0.648243 2.05644
-0.595954 0.0154954 2.22816
-0.565086 0.0624227 2.18704
0.300114 0.867545 1.92351
0.220923 0.779048 1.90564
-0.229759 0.148357 2.17112
-0.231614 0.437604 2.10935
-0.230484 0.715843 2.03711
-0.217401 0.863813 1.9779
-0.398363 0.629606 2.0812
-0.476123 0.371977 2.16216
-0.551775 0.138812 2.18463
-0.580481 0.0756999 2.20285
-0.0418573 0.643299 2.10518
0.197165 0.573202 2.10262
0.387843 0.680475 1.98287
0.425342 0.743516 1.95853
-0.298041 0.143901 2.13015
-0.353729 -0.21645 2.25486
-0.338941 -0.587671 2.42024
-0.348316 -0.644852 2.33305
-0.154133 0.14797 2.14285
-0.133647 -0.236531 2.28468
-0.152998 -0.592503 2.41668
-0.156291 -0.655792 2.33767
-0.231156 0.647922 2.05716
-0.591677 0.0141366 2.22911
-0.5306 0.114831 2.189
0.479926 0.796257 1.94158
0.369906 0.737939 1.90812
-0.22801 0.148273 2.17299
-0.230905 0.437672 2.1107
-0.230871 0.715974 2.03795
-0.224177 0.864555 1.97916
-0.399219 0.628562 2.08462
-0.474532 0.365729 2.16626
-0.550321 0.132365 2.18676
-0.577398 0.0690476 2.20919
-0.0417015 0.644965 2.10298
0.197305 0.575283 2.10255
0.411912 0.6545 2.00497
0.477622 0.703999 1.98924
-0.296136 0.143735 2.13329
-0.350992 -0.22039 2.25717
-0.338286 -0.588262 2.42071
-0.34807 -0.644875 2.33357
-0.152554 0.147973 2.14359
-0.131863 -0.234832 2.286
-0.153633 -0.592763 2.41729
-0.156344 -0.65589 2.33761
-0.231273 0.648028 2.05805
-0.583874 0.00640504 2.2338
-0.540499 0.102979 2.1787
0.548452 0.732502 1.98656
0.442321 0.738504 1.93891
-0.226125 0.148113 2.17441
-0.229219 0.437339 2.11216
-0.229948 0.715536 2.03909
-0.224272 0.864273 1.97929
-0.39772 0.628561 2.08615
-0.472017 0.362584 2.16916
-0.54676 0.12906 2.19089
-0.574735 0.0695487 2.2181
-0.0400438 0.64463 2.10261
0.198836 0.574675 2.10275
0.378722 0.70082 1.9853
0.400155 0.750701 1.96107
-0.294272 0.143771 2.13466
-0.3481 -0.221472 2.25823
-0.338367 -0.588085 2.42017
-0.348285 -0.64459 2.33394
-0.150753 0.147682 2.14486
-0.129761 -0.232217 2.28527
-0.153995 -0.593085 2.41748
-0.156198 -0.655807 2.33745
-0.230122 0.647603 2.0593
-0.580427 0.0136938 2.23752
-0.544992 0.0825495 2.19715
0.45422 0.807171 1.94405
0.348703 0.757975 1.91406
-0.225198 0.147863 2.17538
-0.226512 0.436882 2.11355
-0.22541 0.714829 2.04067
-0.218096 0.862817 1.97915
-0.394243 0.629023 2.0881
-0.469482 0.36305 2.17057
-0.544457 0.130191 2.19617
-0.553049 0.112388 2.20783
-0.0353711 0.644068 2.1052
0.205803 0.572412 2.09601
0.280451 0.759533 1.94779
0.263336 0.791682 1.9424
-0.293527 0.143727 2.13548
-0.346379 -0.223722 2.26017
-0.338825 -0.587423 2.41984
-0.348538 -0.644496 2.33395
-0.149654 0.14717 2.14596
-0.127623 -0.231621 2.28398
-0.154779 -0.593461 2.41773
-0.155994 -0.655763 2.33734
-0.225997 0.64696 2.06087
-0.579824 0.025328 2.24336
-0.499946 0.138945 2.18227
0.277961 0.858696 1.92658
0.204568 0.789945 1.91017
-0.224388 0.147767 2.17627
-0.224047 0.436751 2.11445
-0.221225 0.714638 2.04136
-0.209495 0.861759 1.97853
-0.389081 0.630293 2.08847
-0.466409 0.36676 2.17109
-0.542184 0.134609 2.19943
-0.550355 0.117551 2.20797
-0.0315095 0.643007 2.10722
0.201047 0.552413 2.10133
0.143952 0.759305 1.97377
0.122892 0.786896 1.96412
-0.292894 0.143906 2.13577
-0.345505 -0.223176 2.26129
-0.3387 -0.587308 2.41981
-0.348332 -0.644211 2.33466
-0.148671 0.146731 2.14758
-0.126637 -0.231232 2.2834
-0.155141 -0.593711 2.41792
-0.155794 -0.655774 2.33732
-0.222225 0.646786 2.06163
-0.579968 0.0319572 2.24216
-0.501631 0.135285 2.17976
0.10217 0.850794 1.94746
0.0671318 0.768233 1.95127
-0.221986 0.148776 2.17721
-0.219843 0.437257 2.11471
-0.215538 0.714551 2.04077
-0.203234 0.860715 1.97707
-0.384885 0.630701 2.08824
-0.463098 0.368102 2.17114
-0.538205 0.135499 2.19825
-0.546932 0.118729 2.20142
-0.0278991 0.643831 2.10568
0.202167 0.54626 2.09169
0.0812382 0.741027 1.99503
0.0496138 0.786172 1.99615
-0.29033 0.145257 2.13641
-0.343616 -0.223566 2.26494
-0.338164 -0.587341 2.4185
-0.349087 -0.644274 2.3344
-0.146493 0.14749 2.14863
-0.125925 -0.231914 2.28386
-0.1555 -0.593769 2.41842
-0.155639 -0.655916 2.33716
-0.216885 0.646857 2.06127
-0.576049 0.034665 2.23448
-0.495245 0.142556 2.18077
0.0161883 0.846578 1.96823
-0.00504676 0.748484 2.0003
-0.220615 0.148516 2.17766
-0.218815 0.437037 2.11494
-0.215034 0.714406 2.04092
-0.202595 0.860569 1.97691
-0.383841 0.631093 2.08867
-0.461536 0.368133 2.17199
-0.536793 0.135302 2.19742
-0.546727 0.116962 2.20098
-0.0276075 0.643207 2.1053
0.203909 0.549312 2.08779
0.15239 0.764342 1.97322
0.14498 0.802488 1.96065
-0.289119 0.145216 2.1368
-0.343303 -0.222497 2.26388
-0.338168 -0.587865 2.41855
-0.349178 -0.644086 2.3345
-0.144996 0.147004 2.14905
-0.125303 -0.231896 2.28394
-0.156089 -0.593964 2.4185
-0.155607 -0.655881 2.33728
-0.216258 0.646693 2.06142
-0.575743 0.031863 2.23529
-0.493489 0.143304 2.18356
0.132904 0.867464 1.94888
0.0882479 0.778747 1.94057
-0.219689 0.14828 2.17803
-0.218491 0.436932 2.11502
-0.215087 0.714357 2.0409
-0.203479 0.86056 1.97691
-0.38338 0.630818 2.08855
-0.460949 0.36682 2.17218
-0.536213 0.134049 2.19793
-0.544999 0.115917 2.20046
-0.0274186 0.643199 2.10521
0.211267 0.571225 2.08178
0.280664 0.761339 1.93496
0.288419 0.798275 1.92376
-0.288195 0.14499 2.13731
-0.342727 -0.224016 2.26386
-0.338198 -0.588875 2.41871
-0.349139 -0.644085 2.33449
-0.144101 0.146778 2.14924
-0.124712 -0.231509 2.28379
-0.157037 -0.595294 2.41869
-0.156082 -0.655721 2.33783
-0.216214 0.646641 2.06142
-0.576054 0.0310355 2.23489
-0.496181 0.13963 2.17674
0.313294 0.866896 1.90267
0.230426 0.775201 1.8818
-0.218497 0.147909 2.17855
-0.218338 0.436711 2.11556
-0.216058 0.714051 2.04182
-0.210514 0.860337 1.97875
-0.384266 0.629557 2.08952
-0.461491 0.36153 2.17368
-0.534629 0.127775 2.19746
-0.542664 0.112369 2.19976
-0.0282949 0.643834 2.10427
0.212468 0.579298 2.08949
0.395799 0.689737 1.96089
0.446034 0.735742 1.94124
-0.286976 0.144481 2.13804
-0.341766 -0.226101 2.26459
-0.338204 -0.589535 2.41858
-0.348838 -0.643589 2.33519
-0.142846 0.146536 2.14959
-0.123763 -0.230772 2.28504
-0.157222 -0.59521 2.41874
-0.155737 -0.655466 2.3376
-0.216774 0.646382 2.06219
-0.572902 0.0264697 2.22511
-0.497465 0.12513 2.16947
0.503812 0.783188 1.92221
0.39854 0.74517 1.89
-0.21803 0.147679 2.17862
-0.218313 0.43651 2.11575
-0.216748 0.713743 2.04237
-0.213729 0.860164 1.97927
-0.384572 0.628944 2.08982
-0.461214 0.36061 2.17431
-0.534052 0.126576 2.19684
-0.542337 0.110413 2.19968
-0.0289391 0.644032 2.10222
0.211697 0.579068 2.08991
0.405207 0.68226 1.97131
0.45734 0.728786 1.95583
-0.286363 0.14414 2.13865
-0.341141 -0.226247 2.26366
-0.338397 -0.589307 2.41819
-0.349052 -0.643761 2.33519
-0.142347 0.146324 2.14919
-0.123553 -0.230372 2.28539
-0.157541 -0.595653 2.41857
-0.155787 -0.655486 2.33753
-0.217245 0.646103 2.06263
-0.571973 0.0244861 2.22996
-0.492694 0.131156 2.18628
0.518852 0.770397 1.9437
0.411229 0.742924 1.90606
-0.217149 0.146685 2.1788
-0.217884 0.435801 2.11598
-0.216724 0.71339 2.0425
-0.215181 0.859784 1.97903
-0.384496 0.62854 2.09059
-0.461361 0.359415 2.17542
-0.534786 0.125606 2.19813
-0.54767 0.111054 2.20667
-0.0286887 0.642478 2.10172
0.209082 0.569012 2.1023
0.337359 0.731613 1.96259
0.341137 0.777984 1.94545
-0.28562 0.143325 2.13896
-0.340598 -0.2267 2.26411
-0.338361 -0.589348 2.41779
-0.34916 -0.643708 2.33513
-0.141459 0.145233 2.14921
-0.121576 -0.229027 2.28564
-0.157698 -0.595236 2.4185
-0.155769 -0.655651 2.33722
-0.217165 0.645672 2.06279
-0.572614 0.0270069 2.23722
-0.493682 0.135325 2.18368
0.371318 0.836766 1.92378
0.284224 0.773938 1.90245
-0.217129 0.146223 2.17874
-0.217192 0.435024 2.116
-0.214913 0.712286 2.04246
-0.210929 0.858023 1.97747
-0.382972 0.628488 2.09059
-0.460934 0.365407 2.17472
-0.53446 0.131953 2.19975
-0.549965 0.117312 2.21056
-0.026667 0.641317 2.10419
0.209309 0.561712 2.10359
0.219219 0.7674 1.96194
0.203222 0.793499 1.95726
-0.285675 0.142757 2.13831
-0.341789 -0.225819 2.26442
-0.3383 -0.589223 2.41767
-0.349232 -0.643798 2.33548
-0.141444 0.144619 2.14971
-0.121539 -0.229464 2.28507
-0.1576 -0.594898 2.41861
-0.155635 -0.655766 2.33705
-0.215713 0.644641 2.0628
-0.580448 0.0307052 2.24838
-0.495543 0.144656 2.18468
0.188645 0.861961 1.92604
0.14607 0.7842 1.93019
-0.217287 0.145797 2.1789
-0.216554 0.434421 2.11614
-0.213111 0.711487 2.04243
-0.204128 0.856286 1.97553
-0.38119 0.628908 2.08981
-0.460243 0.370292 2.17299
-0.536546 0.138561 2.20284
-0.550673 0.120423 2.20909
-0.024942 0.639596 2.10596
0.208425 0.551886 2.10333
0.11454 0.755082 1.994
0.086033 0.784289 1.99022
-0.285789 0.142504 2.13835
-0.342932 -0.226194 2.26612
-0.337599 -0.588044 2.41777
-0.348899 -0.643538 2.33592
-0.141681 0.144091 2.14999
-0.121776 -0.229896 2.28498
-0.157769 -0.595123 2.41877
-0.1557 -0.655926 2.33679
-0.214249 0.643872 2.06283
-0.579169 0.030868 2.24631
-0.497064 0.143257 2.18641
0.0544182 0.844949 1.95644
0.0320215 0.755032 1.98586
-0.217372 0.146161 2.17887
-0.215854 0.434469 2.11602
-0.211149 0.711132 2.04201
-0.20031 0.855205 1.97366
-0.380151 0.629378 2.0891
-0.460143 0.37156 2.17256
-0.537445 0.140286 2.20306
-0.550539 0.119647 2.20468
-0.0233388 0.640403 2.10636
0.206553 0.542889 2.09867
0.0882173 0.742535 2.01011
0.0529145 0.785109 2.01198
-0.285823 0.142946 2.13799
-0.343693 -0.225832 2.26628
-0.337264 -0.587511 2.41762
-0.348759 -0.643385 2.33603
-0.1419 0.144541 2.15028
-0.122872 -0.231955 2.28566
-0.157516 -0.595057 2.4191
-0.155303 -0.656082 2.33705
-0.212628 0.643633 2.06251
-0.579347 0.0328512 2.24395
-0.501415 0.137163 2.1733
0.0187771 0.85307 1.99427
0.00150595 0.747599 2.01507
-0.217862 0.145767 2.17902
-0.215874 0.434013 2.11601
-0.211067 0.710583 2.04185
-0.199891 0.854579 1.97317
-0.380041 0.629394 2.08891
-0.460181 0.372066 2.17173
-0.537581 0.140519 2.20055
-0.550646 0.118287 2.20059
-0.0238154 0.640175 2.10651
0.206554 0.543675 2.0967
0.146098 0.75801 1.98538
0.138939 0.791575 1.97238
-0.286295 0.142729 2.13793
-0.344158 -0.225294 2.26634
-0.33747 -0.587664 2.41792
-0.348726 -0.643387 2.33582
-0.142446 0.143943 2.1507
-0.123165 -0.232937 2.28527
-0.15728 -0.594473 2.41884
-0.155206 -0.655887 2.33706
-0.212558 0.643095 2.06238
-0.582575 0.0319246 2.23472
-0.497702 0.143915 2.18052
0.134601 0.861138 1.95937
0.0814338 0.769942 1.9521
-0.218993 0.145179 2.17912
-0.217005 0.43335 2.11608
-0.212964 0.709909 2.04195
-0.204645 0.853988 1.97313
-0.381858 0.628406 2.08885
-0.461981 0.366902 2.1717
-0.53936 0.134874 2.19756
-0.55116 0.117166 2.19713
-0.0261208 0.640513 2.10744
0.212012 0.566338 2.08914
0.300064 0.745188 1.93782
0.317239 0.77518 1.92446
-0.28777 0.14212 2.1376
-0.345249 -0.224733 2.26631
-0.337315 -0.587547 2.41787
-0.349112 -0.643745 2.33532
-0.143319 0.143378 2.15108
-0.124849 -0.234799 2.28588
-0.157115 -0.594575 2.41896
-0.155153 -0.655971 2.33691
-0.214211 0.642411 2.06247
-0.584435 0.0325043 2.22315
-0.503177 0.132931 2.17198
0.344232 0.841804 1.9
0.259627 0.754093 1.88484
-0.219739 0.145021 2.17901
-0.218744 0.432904 2.11627
-0.216618 0.709221 2.04272
-0.21279 0.853256 1.97302
-0.384974 0.628143 2.08955
-0.462999 0.363553 2.17228
-0.540208 0.131091 2.19563
-0.551131 0.110923 2.19629
-0.0291212 0.640384 2.10586
0.209992 0.569557 2.09078
0.364417 0.706791 1.94993
0.399063 0.744661 1.92681
-0.288613 0.141786 2.1378
-0.346471 -0.223686 2.26478
-0.337474 -0.587611 2.41759
-0.349033 -0.643894 2.33511
-0.144054 0.143439 2.15058
-0.125278 -0.234722 2.28605
-0.156809 -0.594448 2.41885
-0.155111 -0.656048 2.33668
-0.217326 0.641773 2.06307
-0.579929 0.024532 2.22594
-0.502515 0.134797 2.16294
0.453152 0.792142 1.898
0.344522 0.760654 1.88939
-0.220463 0.144558 2.17899
-0.219848 0.432324 2.11629
-0.218066 0.708695 2.04273
-0.216623 0.852569 1.97303
-0.387491 0.627189 2.09187
-0.464067 0.362183 2.17366
-0.540592 0.12936 2.19609
-0.55425 0.110405 2.20367
-0.0313269 0.639866 2.10455
0.2078 0.569095 2.09157
0.348315 0.715679 1.94537
0.348904 0.757842 1.92832
-0.289424 0.141242 2.13822
-0.346976 -0.223888 2.26458
-0.336732 -0.586405 2.41762
-0.348973 -0.643788 2.33549
-0.144726 0.143027 2.15015
-0.125187 -0.234444 2.28618
-0.156568 -0.594104 2.41858
-0.155202 -0.656101 2.33669
-0.218707 0.641222 2.06309
-0.582513 0.025521 2.23848
-0.500027 0.136747 2.18149
0.387903 0.811589 1.89737
0.291973 0.768167 1.89456
-0.221177 0.143949 2.1787
-0.220254 0.43176 2.11624
-0.218089 0.708123 2.04279
-0.216048 0.851982 1.97248
-0.387627 0.627116 2.09266
-0.464738 0.361717 2.17587
-0.54197 0.129705 2.20188
-0.55624 0.112704 2.21477
-0.0314648 0.639442 2.10466
0.204613 0.55843 2.09076
0.257618 0.746284 1.93362
0.236494 0.774296 1.93104
-0.290149 0.140711 2.13795
-0.347353 -0.224179 2.26542
-0.336633 -0.586152 2.41753
-0.349268 -0.643738 2.3351
-0.145313 0.14244 2.14986
-0.124961 -0.234904 2.28606
-0.156285 -0.59363 2.41868
-0.155402 -0.655822 2.33739
-0.21886 0.640664 2.06312
-0.582691 0.0264393 2.24888
-0.505107 0.138064 2.18319
0.240959 0.836257 1.89348
0.175937 0.785689 1.90925
