-0.215603 0.16575 2.21263
-0.212714 0.457632 2.14674
-0.206121 0.737067 2.06888
-0.191856 0.890878 2.02271
-0.378217 0.646523 2.1033
-0.484574 0.407576 2.17576
-0.573513 0.176328 2.18068
-0.577543 0.159941 2.17509
-0.0218376 0.654481 2.13118
0.222874 0.621894 2.14934
0.220429 0.83327 2.01555
0.207688 0.866291 2.0078
-0.283864 0.161453 2.16929
-0.339086 -0.200827 2.27896
-0.328237 -0.582553 2.44491
-0.345251 -0.638421 2.36366
-0.140612 0.164856 2.18661
-0.118465 -0.222891 2.29578
-0.160194 -0.595338 2.4213
-0.157928 -0.656538 2.34012
-0.208064 0.668882 2.09041
-0.621574 0.0743696 2.1964
-0.594162 0.203065 2.16507
0.205293 0.934563 1.97923
0.140109 0.842866 1.99878
-0.216008 0.1656 2.21301
-0.21243 0.457258 2.14669
-0.205512 0.736568 2.06845
-0.191194 0.890396 2.02166
-0.377657 0.646581 2.10284
-0.481159 0.405255 2.17318
-0.569049 0.173562 2.17771
-0.573852 0.156293 2.17818
-0.0213474 0.654162 2.13036
0.223187 0.618816 2.14749
0.221858 0.829634 2.0127
0.209349 0.859146 2.00707
-0.284325 0.161429 2.16945
-0.339848 -0.200316 2.2788
-0.328043 -0.582723 2.44493
-0.3453 -0.638395 2.36383
-0.141015 0.164568 2.18718
-0.118998 -0.223306 2.29668
-0.160278 -0.595283 2.42104
-0.158298 -0.656881 2.34016
-0.207519 0.668396 2.09007
-0.616487 0.0746258 2.2037
-0.59029 0.206902 2.16957
0.203477 0.928787 1.98081
0.146426 0.833074 1.99433
-0.216007 0.165549 2.2133
-0.212165 0.457093 2.14668
-0.205265 0.736454 2.06824
-0.190957 0.890386 2.02138
-0.377389 0.646546 2.10244
-0.479292 0.40422 2.17198
-0.567118 0.172642 2.17845
-0.574797 0.156248 2.18508
-0.0206601 0.653974 2.12893
0.223949 0.616167 2.14317
0.222092 0.828388 2.0108
0.208481 0.858412 2.00468
-0.284278 0.161432 2.16984
-0.339782 -0.2007 2.27938
-0.327532 -0.582809 2.44499
-0.34472 -0.638587 2.36327
-0.141039 0.164478 2.18745
-0.118439 -0.222967 2.29692
-0.16043 -0.595267 2.42089
-0.158511 -0.656697 2.34044
-0.207254 0.668263 2.0899
-0.61544 0.0731077 2.20731
-0.591715 0.200855 2.17264
0.202962 0.929581 1.98099
0.144326 0.835911 1.99401
-0.215881 0.165418 2.21339
-0.211689 0.456835 2.14637
-0.2049 0.736384 2.0677
-0.190904 0.890434 2.02134
-0.377304 0.646392 2.10257
-0.478055 0.40385 2.17059
-0.566145 0.172551 2.17923
-0.577269 0.153656 2.18433
-0.0249199 0.655269 2.1309
0.220557 0.615102 2.13424
0.223528 0.82832 2.0037
0.209138 0.858176 2.00253
-0.284096 0.161304 2.16978
-0.339221 -0.200551 2.27904
-0.327618 -0.582965 2.44501
-0.345008 -0.639025 2.36225
-0.14094 0.164325 2.18762
-0.117367 -0.221663 2.29598
-0.160589 -0.594953 2.42103
-0.158458 -0.656582 2.3407
-0.206842 0.668137 2.08939
-0.61936 0.0693414 2.20751
-0.596864 0.187369 2.1734
0.208177 0.934958 1.97807
0.144678 0.837119 1.99616
-0.215803 0.165158 2.21314
-0.21145 0.456587 2.14583
-0.204745 0.736346 2.06701
-0.191051 0.890365 2.02121
-0.377375 0.646466 2.10265
-0.478005 0.403728 2.17029
-0.565934 0.172405 2.17938
-0.576461 0.153767 2.18067
-0.0228262 0.653741 2.12769
0.222399 0.61303 2.1329
0.225179 0.826528 2.00283
0.219687 0.855 2.00169
-0.284035 0.161002 2.16949
-0.338628 -0.200464 2.27809
-0.32773 -0.582745 2.44505
-0.34482 -0.638984 2.36294
-0.140837 0.164079 2.18721
-0.116693 -0.221475 2.29533
-0.16329 -0.601147 2.42369
-0.158689 -0.656773 2.34085
-0.206662 0.668045 2.08874
-0.618183 0.0695812 2.19967
-0.597655 0.176442 2.16748
0.218984 0.928989 1.97966
0.154168 0.838789 1.9895
-0.21568 0.164889 2.21255
-0.211349 0.456352 2.1454
-0.204912 0.736234 2.06684
-0.191634 0.890218 2.02108
-0.377717 0.646304 2.10257
-0.477619 0.403415 2.17003
-0.564578 0.171761 2.17967
-0.57322 0.152666 2.17997
-0.0225184 0.653664 2.1271
0.222658 0.612206 2.13163
0.23726 0.823134 1.99795
0.238326 0.853681 1.99688
-0.283908 0.160688 2.16896
-0.337664 -0.201432 2.2779
-0.32769 -0.582848 2.4452
-0.344998 -0.639077 2.3632
-0.140731 0.163869 2.18648
-0.116704 -0.221656 2.29533
-0.162495 -0.598631 2.42343
-0.159262 -0.656592 2.34201
-0.206744 0.667906 2.08849
-0.614074 0.0672187 2.19712
-0.585908 0.200786 2.16318
0.253595 0.928739 1.97792
0.173939 0.841416 1.98011
-0.215656 0.164535 2.21182
-0.211492 0.456073 2.1444
-0.205502 0.736177 2.06563
-0.192356 0.890002 2.02096
-0.377987 0.645896 2.10193
-0.476164 0.402542 2.16948
-0.559587 0.169528 2.17899
-0.566539 0.147799 2.18197
-0.0226655 0.65327 2.12638
0.221387 0.605425 2.132
0.197439 0.810524 1.98973
0.17492 0.83392 1.9897
-0.283876 0.160426 2.16833
-0.337459 -0.201081 2.27718
-0.327543 -0.582741 2.44506
-0.344717 -0.638571 2.36398
-0.140702 0.16344 2.18569
-0.116567 -0.22141 2.29498
-0.161622 -0.595944 2.42192
-0.159374 -0.656268 2.34229
-0.207207 0.667786 2.08733
-0.605425 0.0619901 2.20478
-0.579593 0.155958 2.15323
0.16643 0.906297 1.97164
0.116824 0.80869 1.97319
-0.215759 0.164725 2.21095
-0.211377 0.456406 2.14267
-0.205306 0.736836 2.06286
-0.192562 0.889805 2.02077
-0.377081 0.644334 2.0968
-0.470466 0.399012 2.16759
-0.547517 0.163915 2.17909
-0.552385 0.141801 2.1832
-0.0220863 0.65415 2.12552
0.215594 0.584885 2.14446
0.0733445 0.745458 2.01347
0.0388007 0.785521 2.01225
-0.283959 0.160555 2.16681
-0.337339 -0.202152 2.27686
-0.327442 -0.583145 2.44532
-0.344184 -0.638211 2.36502
-0.140787 0.163685 2.18526
-0.116348 -0.221099 2.29429
-0.161338 -0.59527 2.42165
-0.15949 -0.656344 2.34209
-0.207032 0.668358 2.08483
-0.58609 0.0554265 2.20357
-0.57233 0.191191 2.177
-0.00453953 0.838253 1.98771
-0.00827188 0.735538 2.01187
-0.216486 0.165124 2.21023
-0.211638 0.456668 2.14163
-0.205354 0.737019 2.06151
-0.192898 0.889798 2.02054
-0.376129 0.64368 2.09318
-0.465073 0.393506 2.16585
-0.540723 0.15839 2.18145
-0.546807 0.135644 2.18932
-0.0216135 0.655817 2.12543
0.216221 0.58333 2.13668
0.0943898 0.763267 2.01135
0.0793163 0.803084 2.00303
-0.28483 0.160878 2.16537
-0.337658 -0.203155 2.27699
-0.327558 -0.582855 2.44539
-0.344203 -0.637825 2.36522
-0.141376 0.16421 2.18514
-0.116379 -0.221023 2.29425
-0.160823 -0.593875 2.42093
-0.159458 -0.656345 2.34188
-0.207124 0.668562 2.08355
-0.57875 0.0519791 2.20969
-0.569149 0.168398 2.18209
0.0437937 0.866352 1.98784
0.0305467 0.760012 1.98557
-0.217305 0.164392 2.21034
-0.212084 0.456316 2.14128
-0.205669 0.736888 2.06069
-0.195324 0.889933 2.02084
-0.376845 0.642978 2.09058
-0.462963 0.389043 2.16546
-0.537673 0.154121 2.18499
-0.546401 0.1353 2.19291
-0.0228915 0.655216 2.12469
0.219319 0.599324 2.1334
0.230003 0.802415 1.98654
0.221743 0.847636 1.97907
-0.285478 0.160119 2.16545
-0.338186 -0.203457 2.27705
-0.328515 -0.581634 2.4448
-0.344322 -0.637648 2.36523
-0.142366 0.16349 2.18536
-0.116675 -0.221084 2.29455
-0.160676 -0.593737 2.42111
-0.159319 -0.656341 2.34155
-0.207471 0.668374 2.08286
-0.58497 0.0535002 2.22023
-0.561681 0.19403 2.178
0.222263 0.924136 1.96418
0.167588 0.816308 1.94786
-0.218207 0.16399 2.21004
-0.214007 0.456116 2.14059
-0.209196 0.737127 2.05975
-0.205205 0.890734 2.02208
-0.380074 0.641935 2.08888
-0.463893 0.38617 2.16572
-0.538167 0.151365 2.18703
-0.554237 0.131671 2.19514
-0.026648 0.656277 2.12045
0.217919 0.617862 2.13497
0.38808 0.757387 2.017
0.435211 0.816598 1.99686
-0.286357 0.159686 2.16548
-0.338678 -0.203648 2.27702
-0.328858 -0.58119 2.44467
-0.344507 -0.637527 2.36496
-0.143293 0.163104 2.18471
-0.118323 -0.221566 2.29626
-0.160202 -0.593308 2.42086
-0.159125 -0.656529 2.34114
-0.210558 0.66849 2.08196
-0.586698 0.0440199 2.22399
-0.568841 0.17512 2.17945
0.484606 0.869205 1.97637
0.384023 0.82844 1.95592
-0.218466 0.164227 2.20937
-0.215223 0.456708 2.13971
-0.211731 0.738238 2.05877
-0.213978 0.892326 2.02483
-0.382675 0.641717 2.08813
-0.466484 0.384512 2.16646
-0.540714 0.149725 2.18789
-0.558833 0.131787 2.19115
-0.0303222 0.65812 2.11391
0.214756 0.626315 2.13091
0.429051 0.715326 2.04085
0.507284 0.766978 2.03361
-0.286716 0.15971 2.1648
-0.339292 -0.203497 2.27633
-0.328962 -0.581009 2.44461
-0.344964 -0.637405 2.36455
-0.143412 0.163563 2.18407
-0.120204 -0.221718 2.29852
-0.159811 -0.592798 2.4205
-0.159167 -0.656527 2.34092
-0.212742 0.669466 2.08097
-0.591629 0.0455907 2.22218
-0.578744 0.170552 2.17722
0.577091 0.807658 2.03107
0.479802 0.806724 1.98742
-0.218585 0.164365 2.2088
-0.216163 0.457286 2.13917
-0.213719 0.73947 2.05847
-0.218651 0.893855 2.02641
-0.384329 0.641464 2.08774
-0.468311 0.385614 2.1662
-0.543645 0.151022 2.18642
-0.579876 0.0954595 2.20197
-0.0321557 0.658471 2.1097
0.212895 0.628473 2.12836
0.430078 0.714904 2.0434
0.488675 0.787848 2.02797
-0.286921 0.159698 2.16439
-0.33907 -0.20355 2.27633
-0.329274 -0.581085 2.44458
-0.34443 -0.637504 2.36491
-0.143395 0.163881 2.18333
-0.120577 -0.221184 2.29878
-0.159879 -0.592399 2.42063
-0.159105 -0.656195 2.34138
-0.21447 0.670529 2.08059
-0.596504 0.0307053 2.24039
-0.593603 0.119288 2.18463
0.554945 0.829326 2.02724
0.446636 0.8174 1.9795
-0.219336 0.164333 2.20804
-0.216906 0.457534 2.13866
-0.214191 0.739883 2.05822
-0.21909 0.894038 2.02685
-0.384425 0.641284 2.08716
-0.469471 0.385911 2.16576
-0.545327 0.15133 2.18476
-0.580347 0.0955257 2.19553
-0.0322258 0.658399 2.11033
0.214158 0.626171 2.12874
0.359813 0.783074 1.99961
0.362049 0.836303 1.97897
-0.287891 0.159514 2.16363
-0.338408 -0.203435 2.2757
-0.329377 -0.5803 2.44434
-0.344628 -0.637458 2.36484
-0.143905 0.163969 2.18264
-0.121412 -0.221469 2.29908
-0.159744 -0.592243 2.42042
-0.159011 -0.656251 2.34117
-0.215014 0.670908 2.08028
-0.596574 0.0330164 2.23158
-0.577914 0.134975 2.1835
0.394604 0.900788 1.96062
0.301216 0.828543 1.94227
-0.220527 0.164091 2.20786
-0.217249 0.45753 2.13859
-0.214052 0.739928 2.05818
-0.217498 0.893797 2.02681
-0.383501 0.640971 2.08615
-0.469225 0.386768 2.16451
-0.545025 0.151936 2.18175
-0.558181 0.132146 2.17872
-0.031969 0.657836 2.11539
0.215725 0.595565 2.14015
0.161743 0.781414 1.97897
0.140475 0.804244 1.97075
-0.28927 0.159252 2.1631
-0.339798 -0.204168 2.27636
-0.329507 -0.58061 2.4443
-0.34452 -0.637523 2.36494
-0.144977 0.163744 2.18287
-0.122358 -0.221332 2.29785
-0.159323 -0.590656 2.41985
-0.158991 -0.655847 2.3415
-0.215018 0.670945 2.08026
-0.592057 0.0464051 2.21111
-0.575871 0.18298 2.17033
0.114449 0.865647 1.93847
0.0850935 0.771893 1.95577
-0.221597 0.163499 2.20817
-0.217687 0.457347 2.13863
-0.213954 0.740002 2.05798
-0.215643 0.893636 2.027
-0.382859 0.640814 2.08532
-0.467994 0.386473 2.16293
-0.542931 0.151233 2.17922
-0.554089 0.131444 2.17721
-0.038365 0.65867 2.12566
0.208418 0.591463 2.12898
0.128226 0.779529 1.98271
0.107823 0.800621 1.97841
-0.290232 0.15857 2.16292
-0.340905 -0.204821 2.277
-0.329627 -0.580704 2.44422
-0.344495 -0.637665 2.36494
-0.146245 0.163196 2.18381
-0.123639 -0.223387 2.29957
-0.159425 -0.590789 2.41979
-0.158897 -0.655969 2.34095
-0.215098 0.670934 2.08017
-0.584633 0.0452032 2.20566
-0.575768 0.171089 2.16975
0.0810221 0.866032 1.94825
0.0550408 0.758635 1.97019
-0.222425 0.163165 2.20846
-0.218585 0.457348 2.13883
-0.214613 0.740278 2.0581
-0.215216 0.893794 2.02748
-0.382939 0.640862 2.08515
-0.467885 0.385907 2.1628
-0.542196 0.150421 2.17874
-0.554927 0.132235 2.18146
-0.0375568 0.657572 2.12469
0.207515 0.594192 2.12595
0.21598 0.790757 1.96955
0.215015 0.833307 1.96179
-0.290993 0.158354 2.16307
-0.341888 -0.204702 2.27735
-0.329871 -0.580607 2.44397
-0.34458 -0.637427 2.36497
-0.147044 0.162757 2.18425
-0.125231 -0.225631 2.30192
-0.158906 -0.590158 2.41948
-0.158698 -0.655998 2.34083
-0.215797 0.671158 2.0803
-0.587342 0.0470253 2.20846
-0.576132 0.165026 2.17192
0.216264 0.90444 1.93902
0.157808 0.802824 1.92993
-0.223824 0.163264 2.20854
-0.220073 0.457562 2.1393
-0.215794 0.740609 2.05899
-0.217127 0.894489 2.02886
-0.38487 0.641141 2.08631
-0.469723 0.385152 2.16375
-0.544086 0.149589 2.17879
-0.561907 0.133036 2.1848
-0.0370574 0.658068 2.12151
0.210601 0.621874 2.1179
0.369747 0.768863 1.99329
0.412762 0.835051 1.9726
-0.292403 0.15862 2.16333
-0.344229 -0.203859 2.276
-0.330367 -0.580707 2.44383
-0.344868 -0.637409 2.36486
-0.148373 0.162716 2.18415
-0.126697 -0.22566 2.30291
-0.158312 -0.589928 2.4193
-0.158412 -0.656166 2.34038
-0.217049 0.671466 2.08106
-0.594303 0.0472319 2.20896
-0.58093 0.176468 2.17815
0.45744 0.894389 1.95888
0.354035 0.835853 1.93
-0.224197 0.163936 2.2082
-0.221146 0.458287 2.13959
-0.217821 0.741449 2.06035
-0.221882 0.89507 2.03064
-0.387519 0.641189 2.08789
-0.470875 0.385761 2.16519
-0.546507 0.150611 2.18015
-0.581216 0.0960263 2.20017
-0.0379472 0.660574 2.11606
0.20953 0.634025 2.11536
0.421779 0.723993 2.02098
0.497279 0.77176 2.01236
-0.292794 0.159254 2.16331
-0.345522 -0.202793 2.27442
-0.330616 -0.580528 2.44363
-0.344996 -0.637586 2.36417
-0.148717 0.16352 2.18338
-0.128475 -0.225546 2.3038
-0.158 -0.589529 2.41915
-0.15826 -0.656206 2.33986
-0.218821 0.672292 2.08209
-0.596663 0.0329657 2.23274
-0.593798 0.113318 2.17737
0.568017 0.815515 2.00901
0.464755 0.804359 1.96658
-0.224552 0.164331 2.20812
-0.222351 0.458853 2.14008
-0.219922 0.742139 2.0617
-0.225346 0.895561 2.03208
-0.39046 0.640999 2.09088
-0.472611 0.385337 2.16774
-0.548135 0.150389 2.18462
-0.581694 0.094497 2.20863
-0.0385209 0.661119 2.11351
0.211139 0.633025 2.11452
0.432706 0.709541 2.03129
0.505886 0.762484 2.02858
-0.293191 0.159599 2.16353
-0.345455 -0.203432 2.27473
-0.331566 -0.580373 2.44331
-0.344858 -0.637663 2.36415
-0.149066 0.164018 2.18298
-0.130632 -0.225304 2.3042
-0.157927 -0.589867 2.41953
-0.157805 -0.656618 2.33997
-0.220704 0.67296 2.08321
-0.59555 0.0257701 2.23679
-0.596326 0.110556 2.19017
0.586986 0.794223 2.03239
0.472522 0.803362 1.98665
-0.225152 0.164374 2.20818
-0.22282 0.45894 2.14034
-0.22017 0.742249 2.06206
-0.225271 0.895532 2.03235
-0.390492 0.640863 2.09123
-0.473091 0.384548 2.16912
-0.549034 0.150077 2.18858
-0.562531 0.132887 2.20011
-0.0380755 0.659972 2.11487
0.209826 0.622739 2.12032
0.399927 0.747936 2.01922
0.426198 0.815268 1.9997
-0.293769 0.159822 2.16365
-0.345114 -0.203506 2.27462
-0.33232 -0.579823 2.44276
-0.344112 -0.637345 2.36359
-0.149685 0.163835 2.18304
-0.130942 -0.224603 2.30399
-0.158217 -0.590741 2.41996
-0.157824 -0.656698 2.33963
-0.221008 0.67307 2.08355
-0.593418 0.0467465 2.2338
-0.582399 0.164941 2.18769
0.478644 0.873949 1.99151
0.367133 0.821111 1.959
-0.225454 0.164195 2.20877
-0.222593 0.458701 2.14063
-0.218292 0.741686 2.06194
-0.216589 0.893837 2.03132
-0.38658 0.641183 2.08906
-0.47304 0.384545 2.16883
-0.548854 0.150095 2.18876
-0.564953 0.133281 2.1959
-0.0344642 0.658081 2.12211
0.207979 0.6068 2.13738
0.239189 0.803815 1.98496
0.217118 0.839307 1.98041
-0.293859 0.15987 2.16368
-0.34519 -0.205842 2.27771
-0.333037 -0.579432 2.44223
-0.345983 -0.637711 2.36284
-0.15029 0.163111 2.18486
-0.130065 -0.223524 2.30365
-0.158676 -0.591268 2.42032
-0.157423 -0.656707 2.33919
-0.2197 0.672608 2.08359
-0.59432 0.0463316 2.23393
-0.581471 0.17306 2.18388
0.215939 0.910579 1.96421
0.158021 0.823077 1.95586
-0.225785 0.16383 2.20966
-0.221897 0.458331 2.14099
-0.215474 0.741106 2.06162
-0.209731 0.892817 2.03028
-0.382506 0.641134 2.08619
-0.472848 0.385072 2.16693
-0.549516 0.150957 2.18725
-0.563309 0.13751 2.1866
-0.0326728 0.656427 2.12459
0.209129 0.596882 2.1303
0.113359 0.790139 2.00264
0.086735 0.806751 1.99986
-0.294001 0.159891 2.16379
-0.346585 -0.204992 2.27857
-0.333091 -0.579548 2.44221
-0.346341 -0.637823 2.36281
-0.150745 0.162172 2.18696
-0.1302 -0.224467 2.30517
-0.158586 -0.591385 2.42017
-0.157447 -0.656734 2.33917
-0.217487 0.672066 2.08351
-0.593644 0.0504254 2.21911
-0.583266 0.166001 2.17107
0.054258 0.869056 1.96483
0.0344241 0.771181 1.99736
-0.225809 0.164047 2.21064
-0.221179 0.458366 2.14112
-0.213489 0.741085 2.06054
-0.206113 0.892209 2.02903
-0.37953 0.641356 2.08306
-0.472497 0.386601 2.16355
-0.550375 0.152366 2.17981
-0.562479 0.138402 2.1759
-0.0312547 0.656887 2.1253
0.20746 0.585774 2.13282
0.0845345 0.768578 2.01342
0.0594198 0.800877 2.01269
-0.293917 0.160229 2.16391
-0.348267 -0.204408 2.27919
-0.333362 -0.579931 2.44282
-0.346197 -0.637692 2.36316
-0.150883 0.162234 2.18902
-0.13091 -0.227392 2.30792
-0.158595 -0.591194 2.42003
-0.157634 -0.656422 2.33929
-0.215797 0.672063 2.08281
-0.595087 0.0513839 2.20826
-0.58135 0.171479 2.16188
0.0190684 0.859912 1.98594
0.00820342 0.757398 2.01414
-0.22646 0.163813 2.21162
-0.22112 0.458191 2.14119
-0.212979 0.740814 2.05993
-0.205327 0.891974 2.02843
-0.378969 0.640983 2.08171
-0.472678 0.385703 2.16011
-0.551792 0.151672 2.17442
-0.565345 0.136255 2.17168
-0.0310968 0.656793 2.12549
0.212102 0.595436 2.12458
0.184235 0.805334 1.99086
0.168237 0.834726 1.98386
-0.294449 0.160251 2.16433
-0.351329 -0.202148 2.2797
-0.333509 -0.580002 2.44296
-0.345164 -0.638184 2.3634
-0.151484 0.161844 2.19028
-0.131746 -0.22694 2.30931
-0.157946 -0.591457 2.42023
-0.156524 -0.65669 2.33847
-0.215383 0.671815 2.08237
-0.598301 0.0517353 2.20027
-0.582591 0.176617 2.16235
0.158853 0.907194 1.96943
0.11114 0.805748 1.96188
-0.226995 0.164025 2.21311
-0.221437 0.458212 2.14153
-0.213976 0.740783 2.05961
-0.206939 0.892379 2.02798
-0.379975 0.640979 2.08128
-0.473612 0.38519 2.15899
-0.551811 0.150518 2.1702
-0.565131 0.136645 2.17064
-0.0313106 0.657125 2.1248
0.213079 0.609455 2.12784
0.355195 0.765439 1.99316
0.386464 0.82699 1.96364
-0.294975 0.160492 2.16537
-0.353518 -0.200715 2.27883
-0.333731 -0.579945 2.44247
-0.344583 -0.638656 2.36378
-0.151902 0.162132 2.1918
-0.131777 -0.225157 2.30997
-0.157984 -0.591113 2.42003
-0.156767 -0.656273 2.33887
-0.216078 0.671796 2.08222
-0.597874 0.0509539 2.19216
-0.586274 0.163552 2.15727
0.425103 0.883856 1.94003
0.327733 0.822905 1.92338
-0.225934 0.165004 2.21404
-0.22149 0.458464 2.14175
-0.215117 0.740934 2.05948
-0.212148 0.89324 2.02802
-0.382241 0.640461 2.08148
-0.47409 0.384857 2.15912
-0.552011 0.150128 2.1707
-0.563495 0.131727 2.1766
-0.0324422 0.659961 2.1214
0.213601 0.621172 2.12099
0.410217 0.727004 2.00917
0.479646 0.769492 1.99441
-0.293953 0.161097 2.16671
-0.352967 -0.20134 2.27882
-0.333902 -0.580081 2.44242
-0.343258 -0.638158 2.36404
-0.150737 0.163618 2.19222
-0.132282 -0.225665 2.31182
-0.158142 -0.590551 2.41956
-0.156514 -0.656341 2.33819
-0.216791 0.671969 2.08218
-0.596488 0.0468059 2.19814
-0.584192 0.168325 2.16636
0.54889 0.808289 1.98095
0.446905 0.802741 1.948
-0.223886 0.165637 2.21462
-0.221504 0.458603 2.14186
-0.217475 0.741061 2.05915
-0.215949 0.893754 2.02785
-0.384784 0.640213 2.08238
-0.474478 0.382695 2.16162
-0.550048 0.147409 2.17538
-0.577755 0.092444 2.20047
-0.0335805 0.660559 2.11782
0.212084 0.618444 2.11618
0.42125 0.711558 2.01758
0.47139 0.773691 1.998
-0.292115 0.16125 2.1679
-0.352326 -0.201516 2.27904
-0.333906 -0.579973 2.44234
-0.343867 -0.638076 2.36374
-0.148394 0.164848 2.19205
-0.133987 -0.227882 2.31558
-0.158066 -0.589745 2.41903
-0.156624 -0.656072 2.33863
-0.218289 0.672131 2.08199
-0.58896 0.0253933 2.23014
-0.595204 0.109065 2.18355
0.534561 0.812022 1.99111
0.424928 0.799771 1.95871
-0.222265 0.165332 2.21498
-0.220925 0.458366 2.14155
-0.217492 0.740483 2.05756
-0.215311 0.893305 2.02691
-0.384219 0.639889 2.08106
-0.473148 0.382029 2.16334
-0.545134 0.14769 2.19209
-0.554381 0.132402 2.20737
-0.0336661 0.659508 2.11702
0.210867 0.611697 2.11842
0.333235 0.782587 1.98253
0.330192 0.833616 1.96688
-0.29072 0.160932 2.16827
-0.346753 -0.204183 2.28027
-0.334006 -0.579795 2.44146
-0.344797 -0.637844 2.36331
-0.146678 0.164562 2.19232
-0.130724 -0.228005 2.31717
-0.1578 -0.589454 2.41931
-0.156672 -0.656368 2.33851
-0.218222 0.671649 2.08076
-0.585959 0.0432986 2.24017
-0.575721 0.161629 2.1955
0.357988 0.898743 1.95094
0.271055 0.834807 1.93392
-0.221603 0.165212 2.21514
-0.219812 0.458124 2.14116
-0.215607 0.739887 2.05592
-0.209226 0.892126 2.0239
-0.38195 0.639318 2.07904
-0.469722 0.383009 2.16378
-0.542912 0.149849 2.19687
-0.551338 0.137299 2.20701
-0.0311083 0.658601 2.11833
0.212722 0.606064 2.11697
0.222371 0.814929 1.97919
0.199608 0.84711 1.97464
-0.290088 0.160842 2.1681
-0.345732 -0.204966 2.28091
-0.334087 -0.579505 2.44127
-0.345096 -0.637794 2.36315
-0.145929 0.164368 2.1929
-0.129584 -0.226025 2.31639
-0.157308 -0.588988 2.4191
-0.155579 -0.656672 2.33823
-0.216693 0.671149 2.07944
-0.58211 0.0490472 2.2411
-0.568576 0.182085 2.19
0.188961 0.920828 1.96006
0.143565 0.828205 1.95317
-0.221157 0.164948 2.21522
-0.21814 0.457499 2.14036
-0.212705 0.738921 2.0537
-0.203772 0.890881 2.02133
-0.379084 0.63929 2.07715
-0.467075 0.383971 2.1632
-0.541486 0.151372 2.19714
-0.548976 0.138025 2.19814
-0.0288071 0.656506 2.11898
0.21875 0.607858 2.11375
0.144195 0.816363 1.99804
0.113465 0.837707 1.99997
-0.28969 0.160742 2.16793
-0.344591 -0.205025 2.28154
-0.333896 -0.579445 2.44115
-0.345254 -0.637562 2.36311
-0.145432 0.163871 2.19322
-0.126805 -0.222449 2.3142
-0.157507 -0.589492 2.4197
-0.156164 -0.656422 2.33898
-0.214189 0.670247 2.07753
-0.581602 0.0511755 2.22731
-0.573243 0.163212 2.1906
0.087473 0.901147 1.97684
0.060384 0.801573 1.99096
-0.220503 0.164468 2.21508
-0.217045 0.456845 2.13958
-0.211592 0.738175 2.0524
-0.201552 0.889975 2.01976
-0.377619 0.639275 2.07615
-0.466055 0.383664 2.16285
-0.541277 0.150673 2.19332
-0.551413 0.136514 2.18767
-0.027685 0.655598 2.11899
0.21856 0.60597 2.11274
0.140296 0.813702 1.99812
0.133368 0.839917 1.99753
-0.289085 0.160496 2.16766
-0.344442 -0.205085 2.2816
-0.333923 -0.579466 2.44114
-0.345318 -0.637547 2.363
-0.144788 0.163153 2.19315
-0.124658 -0.219803 2.31289
-0.157618 -0.590183 2.41965
-0.156136 -0.656625 2.33857
-0.213094 0.669506 2.0763
-0.584672 0.049711 2.21629
-0.570919 0.178681 2.17473
0.109753 0.909664 1.98086
0.084588 0.801264 1.97774
-0.219897 0.164218 2.21512
-0.216363 0.456325 2.13937
-0.211052 0.737324 2.05201
-0.201723 0.889458 2.01889
-0.377218 0.638906 2.07588
-0.46604 0.382421 2.16145
-0.541724 0.14808 2.18261
-0.556028 0.130522 2.17567
-0.0271436 0.655522 2.11885
0.215209 0.598123 2.12335
0.269948 0.798608 1.98362
0.27554 0.845009 1.97401
-0.288425 0.160339 2.16759
-0.344426 -0.203358 2.28066
-0.33365 -0.579278 2.44112
-0.345888 -0.637584 2.36292
-0.144285 0.162834 2.19325
-0.123587 -0.219102 2.31198
-0.157751 -0.590036 2.41961
-0.155952 -0.656545 2.33831
-0.212537 0.668741 2.07592
-0.586147 0.0441929 2.20577
-0.57767 0.170568 2.16833
0.287633 0.914237 1.95808
0.218355 0.827947 1.94112
-0.219833 0.164151 2.21517
-0.216477 0.456281 2.13939
-0.211813 0.737282 2.05212
-0.204752 0.889487 2.01903
-0.377553 0.638731 2.07598
-0.466587 0.380711 2.16102
-0.5418 0.145831 2.17927
-0.556517 0.130418 2.17623
-0.0278373 0.655655 2.11815
0.215166 0.601568 2.12316
0.355854 0.763112 1.99415
0.387493 0.813221 1.97891
-0.288319 0.160236 2.16771
-0.345025 -0.202232 2.27956
-0.334054 -0.578953 2.44056
-0.34581 -0.63723 2.36288
-0.144261 0.162798 2.19323
-0.123642 -0.219552 2.31224
-0.157788 -0.590789 2.4202
-0.156215 -0.656709 2.3384
-0.213104 0.668691 2.07598
-0.586407 0.0445789 2.2018
-0.574838 0.17344 2.16267
0.426882 0.872081 1.96053
0.333473 0.81825 1.93629
-0.219676 0.164249 2.21517
-0.216781 0.456278 2.13941
-0.213503 0.737078 2.05243
-0.210637 0.890166 2.01961
-0.379594 0.637851 2.077
-0.467214 0.378969 2.16125
-0.542329 0.144009 2.17905
-0.552986 0.127145 2.18153
-0.0296483 0.657123 2.11626
0.212953 0.602164 2.12383
0.411974 0.716717 2.02755
0.473461 0.756225 2.01384
-0.288115 0.160227 2.16784
-0.34514 -0.201602 2.27907
-0.334307 -0.578879 2.44021
-0.345587 -0.63737 2.36318
-0.144091 0.163099 2.19299
-0.124186 -0.222696 2.31462
-0.157835 -0.591079 2.42038
-0.156633 -0.656724 2.33876
-0.214397 0.668549 2.07618
-0.583522 0.0396411 2.2097
-0.575883 0.162677 2.17633
0.537026 0.800728 2.01502
0.438931 0.784011 1.96717
-0.218927 0.164715 2.21585
-0.217212 0.456545 2.13956
-0.215854 0.737449 2.05217
-0.216425 0.890193 2.0202
-0.383825 0.638281 2.07964
-0.468141 0.375071 2.16444
-0.541431 0.139818 2.18439
-0.55053 0.125289 2.19556
-0.0320759 0.658703 2.11279
0.209173 0.599583 2.12478
0.43546 0.670209 2.05025
0.506344 0.717036 2.04799
-0.287329 0.160206 2.16965
-0.343571 -0.202665 2.27983
-0.334205 -0.578888 2.44019
-0.345426 -0.637331 2.36332
-0.14324 0.164092 2.19292
-0.124481 -0.224476 2.31687
-0.157771 -0.591138 2.42047
-0.15652 -0.656775 2.33816
-0.216223 0.668899 2.07606
-0.579436 0.0392482 2.22353
-0.569246 0.170008 2.18055
0.580244 0.752791 2.05589
0.47956 0.754289 1.9978
-0.218402 0.164802 2.21653
-0.217369 0.456544 2.13977
-0.21647 0.737415 2.05205
-0.217252 0.89005 2.0207
-0.384152 0.638265 2.07986
-0.467909 0.373687 2.16798
-0.541057 0.139614 2.19584
-0.551888 0.125176 2.20953
-0.0332493 0.65885 2.11179
0.205684 0.593124 2.12944
0.419619 0.688115 2.04544
0.453253 0.764023 2.02601
-0.286693 0.160045 2.17079
-0.340408 -0.205707 2.28131
-0.334256 -0.579023 2.43995
-0.345288 -0.637343 2.3633
-0.142895 0.164354 2.19325
-0.126756 -0.230894 2.32007
-0.157604 -0.591231 2.42082
-0.157085 -0.656947 2.33899
-0.216736 0.668869 2.07604
-0.578272 0.0387737 2.24551
-0.569391 0.16366 2.1903
0.517204 0.811507 2.02938
0.408677 0.787124 1.97807
-0.218387 0.164795 2.21665
-0.217393 0.456524 2.13984
-0.216379 0.737378 2.0521
-0.213007 0.889996 2.02272
-0.383319 0.63825 2.07944
-0.467141 0.376148 2.17049
-0.542291 0.144273 2.20649
-0.555271 0.128128 2.22048
-0.0331667 0.658523 2.11224
0.206201 0.59508 2.13076
0.331832 0.773143 2.00888
0.345062 0.823383 1.99586
-0.286707 0.16004 2.17089
-0.34145 -0.206216 2.2825
-0.334219 -0.579023 2.43982
-0.345135 -0.637493 2.36311
-0.142879 0.164348 2.19334
-0.124809 -0.226761 2.31782
-0.157481 -0.590581 2.42043
-0.156831 -0.656871 2.33844
-0.216701 0.668834 2.07609
-0.582489 0.0392023 2.25863
-0.577042 0.146332 2.20519
0.38276 0.887848 1.99069
0.287264 0.82427 1.95907
-0.218261 0.164916 2.21731
-0.216857 0.456678 2.14046
-0.214664 0.737575 2.05281
-0.203274 0.890342 2.02655
-0.381268 0.638529 2.0791
-0.466845 0.38047 2.17143
-0.542117 0.149131 2.20985
-0.558028 0.132633 2.22057
-0.0308124 0.658422 2.11528
0.218978 0.601047 2.11837
0.246285 0.815014 1.99238
0.222649 0.849985 1.99464
-0.286662 0.16025 2.17132
-0.341611 -0.207298 2.28413
-0.334515 -0.57929 2.43973
-0.345427 -0.637327 2.36314
-0.142753 0.164357 2.1941
-0.124569 -0.225218 2.31671
-0.15611 -0.589121 2.41956
-0.156095 -0.656922 2.33804
-0.215421 0.669006 2.07675
-0.584945 0.0465692 2.25633
-0.577872 0.172953 2.20644
0.222744 0.92683 1.9884
0.163428 0.830307 1.96729
-0.217934 0.165069 2.21787
-0.215806 0.45693 2.1413
-0.21232 0.737901 2.05397
-0.197802 0.890583 2.02876
-0.379186 0.63833 2.07888
-0.467243 0.382331 2.17234
-0.542706 0.150383 2.20763
-0.556293 0.136012 2.20544
-0.028918 0.658596 2.11674
0.226434 0.604007 2.11848
0.209512 0.82075 1.99541
0.204162 0.858319 1.99508
-0.286334 0.160534 2.17176
-0.342043 -0.206846 2.28445
-0.334365 -0.57967 2.44025
-0.345224 -0.636975 2.36333
-0.1425 0.164377 2.19476
-0.124543 -0.225509 2.31653
-0.157315 -0.589818 2.42088
-0.156425 -0.656867 2.33837
-0.213452 0.669306 2.0778
-0.589071 0.0517954 2.23568
-0.573651 0.176228 2.18592
0.201013 0.937344 1.98981
0.148779 0.832893 1.96767
-0.217915 0.165161 2.21819
-0.215778 0.457076 2.14188
-0.212319 0.738063 2.05484
-0.198819 0.890853 2.03007
-0.378722 0.638094 2.07932
-0.467258 0.381809 2.17238
-0.543194 0.14875 2.20096
-0.555174 0.130913 2.19383
-0.0289753 0.658899 2.11683
0.213336 0.601638 2.12237
0.287232 0.801404 1.99152
0.298805 0.855385 1.98755
-0.286344 0.160615 2.17204
-0.342445 -0.207059 2.28483
-0.334526 -0.580189 2.43985
-0.344377 -0.637056 2.36365
-0.142485 0.164477 2.19503
-0.124988 -0.227186 2.31741
-0.157895 -0.590732 2.4211
-0.156299 -0.656845 2.33764
-0.213434 0.669461 2.07858
-0.585867 0.0445861 2.22346
-0.573003 0.176513 2.18064
0.319593 0.932281 1.98434
0.24108 0.847097 1.95008
-0.218026 0.165329 2.2192
-0.216765 0.457415 2.14351
-0.214609 0.738557 2.05722
-0.206424 0.892313 2.03373
-0.380556 0.638102 2.08194
-0.468189 0.378172 2.17385
-0.544365 0.144241 2.19637
-0.554459 0.12936 2.19298
-0.0303392 0.659552 2.11642
0.212563 0.604705 2.12117
0.376121 0.752322 2.00377
0.41161 0.809531 1.99485
-0.286476 0.160574 2.17364
-0.343453 -0.205862 2.28535
-0.334553 -0.579797 2.43974
-0.344577 -0.637307 2.36394
-0.142611 0.164782 2.19553
-0.124619 -0.225905 2.31698
-0.157821 -0.590565 2.4211
-0.156486 -0.656424 2.33813
-0.215346 0.669909 2.08074
-0.587937 0.0469424 2.21885
-0.57347 0.173809 2.18213
0.459248 0.872593 1.99196
0.359104 0.822677 1.95631
-0.218084 0.165468 2.21941
-0.217701 0.457871 2.14397
-0.217714 0.739625 2.05819
-0.216038 0.893569 2.03541
-0.383275 0.637668 2.08447
-0.469097 0.375028 2.17398
-0.544524 0.14072 2.19551
-0.555292 0.124782 2.19757
-0.032748 0.6605 2.11521
0.209965 0.605116 2.12106
0.417425 0.700935 2.02129
0.482801 0.747899 2.01204
-0.28651 0.160602 2.17444
-0.343789 -0.206133 2.28539
-0.334158 -0.579863 2.4397
-0.345113 -0.637407 2.36384
-0.142612 0.165115 2.1953
-0.124592 -0.225788 2.31717
-0.15765 -0.590061 2.42039
-0.156657 -0.656252 2.33912
-0.217811 0.670803 2.08157
-0.586123 0.0398348 2.22713
-0.574583 0.160244 2.18375
0.549873 0.79451 2.01294
0.446202 0.777659 1.96606
-0.217756 0.165537 2.21971
-0.218636 0.458279 2.14464
-0.220427 0.740493 2.05928
-0.221762 0.894236 2.03626
-0.387345 0.637075 2.08778
-0.470178 0.372785 2.17705
-0.54457 0.138254 2.19929
-0.555812 0.125169 2.2109
-0.0346044 0.660347 2.11421
0.206969 0.599665 2.12009
0.418617 0.692032 2.0266
0.477006 0.749511 2.01545
-0.286018 0.160238 2.17566
-0.338821 -0.209254 2.2877
-0.334268 -0.580213 2.43969
-0.345025 -0.637445 2.36378
-0.14229 0.165519 2.19497
-0.125903 -0.227394 2.31923
-0.157414 -0.589774 2.42047
-0.156164 -0.656649 2.3377
-0.220091 0.671562 2.08258
-0.584185 0.039609 2.24244
-0.573465 0.178312 2.1985
0.545118 0.793636 2.01664
0.432906 0.782241 1.97408
-0.217811 0.165467 2.21976
-0.218734 0.458313 2.14488
-0.220219 0.740594 2.05971
-0.222017 0.894165 2.03621
-0.387284 0.637818 2.0889
-0.470323 0.372069 2.17911
-0.545235 0.138556 2.20666
-0.555886 0.125472 2.21973
-0.0347123 0.659837 2.11421
0.207346 0.599656 2.11991
0.371957 0.751664 2.01066
0.385443 0.812907 1.99238
-0.286099 0.160177 2.17585
-0.33834 -0.209946 2.28833
-0.334354 -0.58015 2.43972
-0.345249 -0.637626 2.36359
-0.142376 0.165392 2.19485
-0.124099 -0.224982 2.31695
-0.157341 -0.589897 2.42056
-0.156461 -0.656766 2.33793
-0.220002 0.671644 2.08294
-0.585212 0.0392989 2.25513
-0.577068 0.140708 2.20507
0.431947 0.874697 1.98611
0.326314 0.823365 1.9506
-0.218504 0.164982 2.2196
-0.218524 0.458071 2.14513
-0.217032 0.740052 2.06082
-0.217594 0.892661 2.03438
-0.384429 0.638851 2.0906
-0.467868 0.376438 2.18062
-0.543269 0.143663 2.21154
-0.552215 0.127016 2.22111
-0.0311844 0.657936 2.11836
0.211236 0.600001 2.12113
0.2122 0.816943 1.9973
0.191365 0.858475 1.99478
-0.286986 0.159985 2.17499
-0.339291 -0.209509 2.28813
-0.333864 -0.580162 2.44043
-0.345148 -0.63727 2.36379
-0.143171 0.164565 2.19503
-0.123892 -0.222855 2.31329
-0.157571 -0.589952 2.4207
-0.156751 -0.656382 2.33886
-0.217862 0.671177 2.08379
-0.578711 0.0410575 2.25504
-0.570416 0.170674 2.21
0.197598 0.939134 1.99264
0.129625 0.836623 1.97442
