-0.138349 -0.0482193 2.30634
-0.146766 0.254292 2.28312
-0.154419 0.546467 2.24667
-0.151536 0.686867 2.22833
-0.298588 0.412083 2.23398
-0.340189 0.181404 2.26896
-0.388335 -0.0372036 2.25637
-0.391296 -0.0727365 2.24416
0.0217986 0.459787 2.24992
0.227962 0.462032 2.14505
0.173675 0.670963 2.08449
0.176019 0.700367 2.08841
-0.209863 -0.0503113 2.26524
-0.200334 -0.347971 2.35797
-0.202585 -0.652566 2.4183
-0.204192 -0.731191 2.33625
-0.0624138 -0.0444406 2.27462
-0.0678504 -0.357138 2.36246
-0.079095 -0.650833 2.42739
-0.0630878 -0.730987 2.34756
-0.152647 0.474885 2.25804
-0.392821 -0.137315 2.23683
-0.411279 -0.0854035 2.20953
0.178404 0.775435 2.09054
0.129866 0.68493 2.06913
-0.137925 -0.048075 2.3067
-0.147067 0.254333 2.28323
-0.155561 0.546363 2.24703
-0.151536 0.68715 2.22806
-0.299337 0.412284 2.23441
-0.341517 0.18085 2.26995
-0.388033 -0.0381195 2.25779
-0.389734 -0.0739384 2.24573
0.0211422 0.460373 2.25112
0.227458 0.462756 2.14661
0.173164 0.671403 2.08486
0.175746 0.698412 2.09021
-0.209372 -0.0503477 2.26581
-0.200975 -0.347502 2.35789
-0.202592 -0.652446 2.41817
-0.204344 -0.731276 2.33622
-0.0620622 -0.0441607 2.27497
-0.0684672 -0.357726 2.36293
-0.0785876 -0.650049 2.42735
-0.0630592 -0.731637 2.34731
-0.153558 0.474824 2.2583
-0.390425 -0.137916 2.23492
-0.414651 -0.0754394 2.21929
0.182043 0.772274 2.09243
0.130544 0.684061 2.06807
-0.138736 -0.0477472 2.30737
-0.147654 0.254359 2.28381
-0.155944 0.546161 2.24781
-0.152899 0.686907 2.22843
-0.301141 0.411962 2.23606
-0.342092 0.181087 2.27073
-0.388428 -0.0379214 2.25931
-0.391076 -0.0749791 2.24619
0.0200474 0.461062 2.25398
0.228428 0.46109 2.15428
0.173541 0.667387 2.08399
0.176056 0.698643 2.09108
-0.210229 -0.0500089 2.26625
-0.201136 -0.347582 2.35787
-0.202397 -0.653268 2.41771
-0.204315 -0.731688 2.3358
-0.0629403 -0.0438152 2.27598
-0.0688259 -0.358348 2.36343
-0.0793538 -0.650936 2.42738
-0.0627787 -0.731981 2.34761
-0.15401 0.474682 2.25901
-0.394637 -0.138593 2.23975
-0.413058 -0.0728502 2.21871
0.175974 0.770132 2.09068
0.129739 0.680223 2.07097
-0.139225 -0.0470757 2.30823
-0.148495 0.254776 2.28541
-0.156952 0.546335 2.25051
-0.151883 0.688137 2.23395
-0.301964 0.412138 2.23792
-0.343212 0.181161 2.27127
-0.389484 -0.0378608 2.25916
-0.390885 -0.0737533 2.24792
0.0191906 0.462205 2.25474
0.216985 0.479709 2.13455
0.14093 0.677065 2.05718
0.126291 0.711608 2.0499
-0.210689 -0.0495403 2.26706
-0.201183 -0.349078 2.35949
-0.202446 -0.653425 2.41745
-0.204579 -0.73101 2.33566
-0.0634347 -0.0430191 2.27703
-0.0689562 -0.358178 2.36381
-0.0796032 -0.652383 2.42719
-0.0627666 -0.732358 2.34694
-0.155005 0.474906 2.26141
-0.396637 -0.138775 2.24355
-0.410595 -0.0780749 2.21101
0.117148 0.787083 2.04712
0.0841853 0.682059 2.04047
-0.132203 -0.0403271 2.31015
-0.142141 0.25876 2.29122
-0.150247 0.547695 2.2609
-0.14354 0.688679 2.24452
-0.281355 0.411567 2.23768
-0.343398 0.190172 2.27786
-0.390607 -0.0286153 2.26074
-0.395654 -0.0683235 2.2499
0.0211316 0.470619 2.25802
0.172381 0.471225 2.0771
-0.0528314 0.597933 2.03228
-0.0688804 0.623631 2.02913
-0.204277 -0.0420953 2.26538
-0.202899 -0.345059 2.35879
-0.202567 -0.653879 2.41816
-0.204637 -0.731078 2.33612
-0.0557392 -0.0367585 2.28251
-0.0685005 -0.343417 2.35753
-0.0794938 -0.652442 2.42716
-0.0640337 -0.731977 2.34672
-0.148454 0.476916 2.2706
-0.397154 -0.132018 2.23856
-0.415781 -0.0687261 2.21815
-0.111175 0.6607 2.02412
-0.0903485 0.60132 2.09317
-0.137544 -0.047132 2.3128
-0.142977 0.251917 2.29315
-0.147093 0.53965 2.2616
-0.138305 0.70807 2.24951
-0.289723 0.409375 2.24638
-0.344051 0.189084 2.28538
-0.39458 -0.0289378 2.26933
-0.398336 -0.067882 2.25709
0.0232065 0.457498 2.25954
0.1906 0.442172 2.09517
-0.0672581 0.505704 2.05188
-0.110867 0.528724 2.05747
-0.210503 -0.0482195 2.27149
-0.200386 -0.348075 2.36139
-0.20261 -0.654422 2.41832
-0.204623 -0.731083 2.33591
-0.0606146 -0.0447459 2.282
-0.0687209 -0.35896 2.36525
-0.0795811 -0.65289 2.42755
-0.0640131 -0.732546 2.34627
-0.146295 0.469239 2.27172
-0.400897 -0.130174 2.25206
-0.418045 -0.0751227 2.22323
-0.177761 0.558188 2.04835
-0.120734 0.582092 2.092
-0.139492 -0.0521839 2.31446
-0.142983 0.248282 2.29111
-0.145135 0.537935 2.25366
-0.13475 0.698324 2.24828
-0.292746 0.41168 2.2448
-0.345621 0.185174 2.2865
-0.396857 -0.0326574 2.27075
-0.399164 -0.0664106 2.26242
0.0231849 0.449639 2.25992
0.189403 0.436856 2.09406
-0.0764382 0.483929 2.05799
-0.120858 0.499065 2.06673
-0.212721 -0.0532109 2.27404
-0.201003 -0.348787 2.36266
-0.201987 -0.655251 2.41857
-0.204458 -0.731116 2.33622
-0.0619974 -0.0496774 2.2825
-0.0687657 -0.361647 2.36722
-0.0800933 -0.652742 2.4278
-0.0635383 -0.73225 2.34624
-0.14484 0.466808 2.26546
-0.401367 -0.130566 2.26038
-0.418841 -0.0762642 2.22321
-0.187382 0.522609 2.06133
-0.141134 0.5498 2.07525
-0.133531 -0.0420067 2.31016
-0.141058 0.254892 2.29022
-0.146937 0.543809 2.25725
-0.136453 0.693558 2.23676
-0.283826 0.409926 2.23308
-0.345363 0.189453 2.28077
-0.39498 -0.0288312 2.26961
-0.396913 -0.0663082 2.25176
0.0231656 0.469563 2.25439
0.195196 0.472364 2.09488
0.0207902 0.597581 2.02376
-0.012354 0.622764 2.01003
-0.206282 -0.0435726 2.26588
-0.2011 -0.344783 2.35966
-0.202406 -0.655331 2.41878
-0.20438 -0.731084 2.33617
-0.0562432 -0.0386081 2.28161
-0.0690112 -0.34878 2.35937
-0.0792793 -0.650454 2.42673
-0.0633083 -0.732744 2.34584
-0.145571 0.472851 2.26752
-0.400933 -0.132528 2.24081
-0.418538 -0.0786654 2.2158
-0.0673906 0.681 1.98656
-0.0101768 0.663534 1.97686
-0.136156 -0.0424084 2.30791
-0.145059 0.256956 2.28679
-0.15334 0.547124 2.25276
-0.137666 0.691988 2.24007
-0.295739 0.412995 2.23354
-0.348129 0.186832 2.27169
-0.394866 -0.0320969 2.25759
-0.397494 -0.0701412 2.24224
0.0199743 0.467873 2.2524
0.216742 0.497005 2.13323
0.21053 0.70897 2.0599
0.220224 0.737945 2.06822
-0.207613 -0.0447529 2.26391
-0.203203 -0.344643 2.35725
-0.202358 -0.654424 2.41792
-0.204869 -0.731339 2.3354
-0.0605341 -0.0384643 2.27877
-0.0692253 -0.358127 2.36222
-0.0793663 -0.651045 2.42659
-0.0632569 -0.732396 2.34516
-0.151406 0.475955 2.26346
-0.39872 -0.136182 2.2352
-0.419183 -0.0841611 2.2015
0.224924 0.817485 2.08469
0.265387 0.735586 2.05962
-0.137404 -0.043294 2.30591
-0.146211 0.257205 2.28408
-0.154087 0.548073 2.24919
-0.139477 0.692056 2.23652
-0.297143 0.413007 2.22977
-0.349565 0.179539 2.26394
-0.398295 -0.0388706 2.24752
-0.400903 -0.0687752 2.22644
0.0257139 0.468944 2.25462
0.238392 0.465467 2.16653
0.30833 0.666532 2.09666
0.325759 0.680382 2.11269
-0.208295 -0.0459924 2.26092
-0.204032 -0.344244 2.35601
-0.202542 -0.654491 2.41707
-0.204474 -0.731728 2.33483
-0.0621676 -0.0392092 2.27776
-0.0698707 -0.358842 2.36197
-0.0798152 -0.651432 2.42585
-0.0632903 -0.732111 2.34523
-0.152301 0.476753 2.26015
-0.400767 -0.13081 2.21826
-0.417117 -0.077407 2.18333
0.360121 0.754325 2.13975
0.363895 0.659287 2.10057
-0.139311 -0.0451583 2.30454
-0.145857 0.256327 2.28236
-0.151187 0.547386 2.24682
-0.137565 0.691634 2.23494
-0.295706 0.413819 2.22792
-0.349306 0.17701 2.26299
-0.399075 -0.0411054 2.24499
-0.400428 -0.0669014 2.23323
0.027759 0.467803 2.25713
0.243992 0.446735 2.18324
0.38223 0.607803 2.11069
0.380285 0.59817 2.13718
-0.209795 -0.0476214 2.25903
-0.203358 -0.345305 2.35581
-0.202125 -0.654039 2.41662
-0.20488 -0.731401 2.33486
-0.0645313 -0.0413742 2.27704
-0.0699005 -0.357189 2.36168
-0.0803242 -0.65216 2.42679
-0.0627879 -0.731687 2.3454
-0.150167 0.476036 2.25794
-0.400254 -0.130439 2.22671
-0.417649 -0.0750292 2.19449
0.436423 0.651708 2.16737
0.418541 0.569871 2.12367
-0.14013 -0.0468865 2.30485
-0.145694 0.255294 2.28286
-0.150183 0.546788 2.24821
-0.137736 0.69155 2.23503
-0.295291 0.415313 2.2312
-0.348565 0.176711 2.26644
-0.399718 -0.0410755 2.2488
-0.401659 -0.0694172 2.2394
0.0278524 0.46387 2.25893
0.233447 0.380229 2.2017
0.39326 0.521807 2.13222
0.425325 0.525704 2.14441
-0.210649 -0.0491239 2.26013
-0.202925 -0.347839 2.35832
-0.201877 -0.654131 2.41779
-0.204711 -0.73139 2.33519
-0.0654104 -0.0433809 2.27671
-0.0694362 -0.356721 2.36169
-0.0803041 -0.651934 2.42724
-0.0635585 -0.731484 2.3444
-0.14935 0.475321 2.25902
-0.40239 -0.131265 2.23731
-0.420317 -0.0762124 2.20215
0.479238 0.550653 2.17214
0.467304 0.490118 2.1338
-0.137849 -0.0459726 2.30667
-0.144266 0.255657 2.28492
-0.14914 0.547062 2.25107
-0.137578 0.6921 2.23773
-0.294076 0.414858 2.2348
-0.345709 0.180219 2.26929
-0.398887 -0.0370964 2.2522
-0.400075 -0.0682626 2.23985
0.0313191 0.465659 2.25956
0.246776 0.454148 2.18093
0.341923 0.636907 2.08994
0.357029 0.675733 2.09597
-0.208405 -0.0484518 2.26284
-0.202115 -0.349949 2.35977
-0.20191 -0.653641 2.41818
-0.204389 -0.731867 2.33548
-0.0630232 -0.0421206 2.27803
-0.0691208 -0.358477 2.36348
-0.0801028 -0.652069 2.42731
-0.0634287 -0.73184 2.34523
-0.148174 0.475624 2.26168
-0.400437 -0.131348 2.23426
-0.41889 -0.0784635 2.20035
0.409705 0.741719 2.11588
0.3966 0.656935 2.0785
-0.132389 -0.0429178 2.3084
-0.139737 0.258544 2.28903
-0.145495 0.550171 2.25787
-0.134272 0.692726 2.24435
-0.288909 0.413632 2.23542
-0.342107 0.181492 2.26973
-0.393789 -0.0361509 2.25063
-0.393659 -0.0647597 2.2342
0.0325536 0.468747 2.259
0.21162 0.518418 2.11864
0.139169 0.700732 2.00453
0.122223 0.725513 1.99774
-0.203108 -0.0452562 2.26474
-0.20132 -0.348902 2.35906
-0.202438 -0.654154 2.41779
-0.204126 -0.731515 2.33585
-0.0574569 -0.0390644 2.27958
-0.0671511 -0.360625 2.36487
-0.0794466 -0.651717 2.42766
-0.0636625 -0.730676 2.3473
-0.144257 0.478678 2.26781
-0.391149 -0.130468 2.22807
-0.413199 -0.0783066 2.19573
0.109966 0.794126 1.97964
0.165677 0.741028 1.98314
-0.127799 -0.0402888 2.30525
-0.136304 0.259003 2.28778
-0.142329 0.547991 2.25735
-0.137576 0.692835 2.23774
-0.274006 0.41022 2.22847
-0.340405 0.189432 2.27389
-0.393205 -0.0280705 2.259
-0.398323 -0.0668093 2.25198
0.0285621 0.468299 2.25274
0.20144 0.432422 2.09799
-0.00524826 0.56442 2.00658
-0.0254593 0.56242 2.0023
-0.199962 -0.0416646 2.26054
-0.198749 -0.34293 2.35395
-0.202558 -0.654582 2.41726
-0.204162 -0.731585 2.336
-0.051396 -0.0374586 2.27726
-0.0670879 -0.340047 2.35355
-0.079238 -0.65152 2.42717
-0.0638128 -0.731003 2.34763
-0.141006 0.477305 2.26708
-0.399042 -0.132402 2.24915
-0.417309 -0.0855869 2.213
-0.0768248 0.619646 1.98622
-0.0222447 0.604465 1.95683
-0.134643 -0.0463504 2.30451
-0.140932 0.252376 2.28583
-0.146173 0.54041 2.25438
-0.139849 0.705456 2.22665
-0.283961 0.406542 2.2307
-0.340101 0.191539 2.2745
-0.392555 -0.0260805 2.26188
-0.397275 -0.0696559 2.2529
0.0254016 0.458449 2.25056
0.180697 0.434574 2.07472
-0.0259266 0.510632 2.02178
-0.0864794 0.533718 2.02463
-0.207302 -0.0468522 2.26285
-0.198054 -0.34606 2.35546
-0.202801 -0.654551 2.41735
-0.204243 -0.731518 2.33594
-0.058093 -0.0447525 2.27353
-0.0671894 -0.349945 2.35744
-0.0792546 -0.651356 2.42663
-0.0634432 -0.731063 2.34844
-0.145032 0.469874 2.26445
-0.402076 -0.132888 2.24706
-0.41676 -0.0761083 2.21432
-0.15763 0.559295 2.01822
-0.0994914 0.583196 2.04617
-0.132636 -0.0444182 2.30204
-0.139856 0.252076 2.28159
-0.145249 0.538535 2.24782
-0.139312 0.694741 2.21486
-0.281779 0.404871 2.22663
-0.340175 0.190693 2.27231
-0.392 -0.0270784 2.25913
-0.395827 -0.0716241 2.24144
0.0248414 0.463562 2.24504
0.19018 0.444251 2.07881
-0.0102807 0.567387 2.01889
-0.0505503 0.603722 2.01075
-0.20549 -0.044871 2.25885
-0.198696 -0.344578 2.35366
-0.202654 -0.653818 2.41696
-0.204596 -0.731194 2.33618
-0.0553749 -0.0423858 2.27213
-0.0677256 -0.343642 2.35331
-0.0792421 -0.651441 2.42664
-0.063973 -0.731463 2.34777
-0.144056 0.468349 2.25859
-0.398906 -0.135546 2.24006
-0.415626 -0.0756818 2.21179
-0.105838 0.644604 2.00947
-0.0334787 0.633506 1.96143
-0.130817 -0.0437336 2.30283
-0.138787 0.255293 2.28016
-0.14605 0.545292 2.24488
-0.13865 0.688799 2.22623
-0.290246 0.411178 2.23008
-0.341577 0.183767 2.26816
-0.392382 -0.0342115 2.25378
-0.395249 -0.0738241 2.24021
0.0255149 0.465019 2.24626
0.215113 0.495589 2.11502
0.15555 0.689311 2.01449
0.165473 0.718736 2.01949
-0.203001 -0.045849 2.2595
-0.20025 -0.345337 2.35381
-0.202785 -0.652095 2.4167
-0.204399 -0.731263 2.3353
-0.0547092 -0.0406331 2.27369
-0.0673242 -0.356916 2.35991
-0.0790797 -0.651339 2.42638
-0.0635004 -0.731343 2.34695
-0.144424 0.474068 2.25599
-0.396815 -0.135566 2.23666
-0.413593 -0.0824409 2.20344
0.162783 0.797116 2.01738
0.20837 0.723317 1.99894
-0.13044 -0.0438352 2.30422
-0.138851 0.255853 2.28049
-0.146375 0.546169 2.24446
-0.137297 0.690126 2.22851
-0.291713 0.411544 2.23071
-0.341051 0.179526 2.26675
-0.391818 -0.0384328 2.25167
-0.392441 -0.0709652 2.23867
0.0335129 0.466934 2.24971
0.247201 0.464478 2.16481
0.308934 0.653987 2.05808
0.339095 0.672037 2.06913
-0.202013 -0.0459162 2.26056
-0.199613 -0.348442 2.35627
-0.203031 -0.652623 2.4166
-0.204449 -0.731325 2.33569
-0.0548944 -0.0405213 2.27556
-0.0670221 -0.359862 2.3618
-0.0791424 -0.650924 2.42689
-0.0638413 -0.731178 2.34707
-0.14467 0.474926 2.25574
-0.394303 -0.134406 2.23464
-0.411259 -0.083136 2.20165
0.381539 0.741093 2.07846
0.388166 0.655629 2.05518
-0.13062 -0.0458711 2.30428
-0.138002 0.25515 2.28039
-0.143593 0.545877 2.24406
-0.132281 0.690098 2.22725
-0.288612 0.411902 2.22818
-0.340254 0.175491 2.26547
-0.39247 -0.0420462 2.24805
-0.393081 -0.0686873 2.23295
0.0363235 0.466031 2.25426
0.25062 0.413798 2.19264
0.37007 0.5774 2.09263
0.400584 0.592384 2.10398
-0.201663 -0.0482356 2.25976
-0.19882 -0.349013 2.3559
-0.202995 -0.652713 2.416
-0.203965 -0.731736 2.33575
-0.0555741 -0.0422554 2.2763
-0.0638073 -0.357445 2.36034
-0.079007 -0.650571 2.4263
-0.06352 -0.731425 2.34794
-0.142479 0.474553 2.25539
-0.397631 -0.130912 2.22644
-0.408626 -0.0748945 2.19199
0.459555 0.639834 2.12001
0.447462 0.565807 2.0914
-0.132611 -0.0488843 2.29994
-0.137526 0.253896 2.27803
-0.141621 0.545704 2.24277
-0.130974 0.690176 2.22737
-0.286322 0.412476 2.22567
-0.339219 0.174578 2.26294
-0.392163 -0.0427704 2.24528
-0.392984 -0.067306 2.22916
0.0377635 0.461888 2.25314
0.267187 0.436416 2.17313
0.376854 0.508542 2.1406
0.433461 0.547301 2.11972
-0.203076 -0.0504579 2.25699
-0.198389 -0.34921 2.35471
-0.20221 -0.654314 2.4165
-0.204024 -0.73159 2.33615
-0.058069 -0.0459515 2.26978
-0.0629819 -0.354837 2.35736
-0.0792165 -0.650803 2.42624
-0.0637928 -0.731611 2.34743
-0.140882 0.474134 2.25379
-0.396988 -0.130703 2.22287
-0.410823 -0.0796413 2.18632
0.508821 0.568892 2.15019
0.468114 0.517188 2.10368
-0.131762 -0.0482207 2.29921
-0.136343 0.254123 2.27768
-0.139569 0.546195 2.24339
-0.130501 0.690697 2.22811
-0.285192 0.413081 2.22492
-0.338755 0.174041 2.26135
-0.392836 -0.0429311 2.24111
-0.392731 -0.06876 2.22582
0.0409314 0.462676 2.25
0.253589 0.439844 2.16485
0.29707 0.628416 2.04645
0.309596 0.68146 2.03348
-0.2023 -0.049682 2.25609
-0.198743 -0.348838 2.35386
-0.202017 -0.654298 2.41634
-0.203483 -0.731636 2.33634
-0.0570194 -0.0451897 2.26936
-0.0645756 -0.355161 2.35531
-0.0788406 -0.650017 2.42532
-0.0630705 -0.732018 2.34796
-0.138993 0.47457 2.25411
-0.397055 -0.12954 2.2195
-0.412275 -0.0756014 2.18788
0.348597 0.747393 2.02617
0.345313 0.662678 2.01174
-0.130531 -0.046558 2.29871
-0.135139 0.255418 2.2802
-0.138737 0.547022 2.25196
-0.126695 0.689185 2.23882
-0.281293 0.413197 2.22961
-0.337505 0.180631 2.26203
-0.390772 -0.036551 2.24095
-0.394838 -0.0692822 2.22813
0.0364473 0.463401 2.25031
0.21208 0.465109 2.09519
0.0657425 0.61193 2.00291
0.0371387 0.634092 1.9939
-0.201327 -0.0476068 2.25471
-0.197507 -0.345338 2.35102
-0.202882 -0.653141 2.41701
-0.203868 -0.731271 2.33621
-0.0554373 -0.0432435 2.26971
-0.0659745 -0.34648 2.3507
-0.0785442 -0.649602 2.4254
-0.0639256 -0.730984 2.34827
-0.137934 0.475633 2.26098
-0.397015 -0.129124 2.21994
-0.41265 -0.0790865 2.19262
0.000842519 0.687318 1.96554
0.0696852 0.636704 1.95884
-0.132208 -0.0466179 2.30055
-0.135752 0.252848 2.28284
-0.138481 0.54078 2.25348
-0.133759 0.699703 2.23634
-0.272455 0.405773 2.22922
-0.336917 0.191218 2.27134
-0.389606 -0.0263148 2.25553
-0.392777 -0.0685745 2.24791
0.0314804 0.458746 2.25345
0.178414 0.436749 2.06987
-0.021598 0.531815 2.0292
-0.0563744 0.540643 2.01367
-0.204713 -0.0466088 2.25724
-0.198401 -0.344149 2.35044
-0.203021 -0.652784 2.41641
-0.204014 -0.731127 2.33622
-0.0557594 -0.0449157 2.27145
-0.0678265 -0.348391 2.3531
-0.079455 -0.650172 2.42549
-0.0634146 -0.730631 2.34765
-0.138034 0.47043 2.26313
-0.394362 -0.13516 2.24376
-0.414583 -0.0722606 2.21612
-0.116024 0.579882 2.0078
-0.0395532 0.5725 1.98217
-0.139654 -0.0491059 2.30683
-0.142678 0.251004 2.28782
-0.144971 0.540377 2.25644
-0.137949 0.706173 2.23631
-0.282981 0.405878 2.23303
-0.34073 0.192182 2.2756
-0.39158 -0.0258146 2.2608
-0.398259 -0.0704899 2.25132
0.0271026 0.454062 2.25548
0.169773 0.439763 2.06763
-0.0366994 0.521739 2.03169
-0.0682428 0.545449 2.01963
-0.212472 -0.0483643 2.26466
-0.20006 -0.345804 2.35595
-0.203017 -0.654049 2.41689
-0.204596 -0.730925 2.3355
-0.0625773 -0.0481023 2.27672
-0.0675328 -0.353041 2.35841
-0.0797949 -0.652318 2.42655
-0.0631312 -0.732138 2.34483
-0.144523 0.469535 2.26652
-0.400631 -0.133703 2.24769
-0.421221 -0.0765897 2.22061
-0.128832 0.584358 2.02585
-0.0483765 0.574578 1.98204
-0.133006 -0.0421708 2.30723
-0.141258 0.25644 2.28795
-0.147912 0.546006 2.25617
-0.139055 0.690539 2.23646
-0.290024 0.411151 2.23584
-0.343487 0.1888 2.27428
-0.391825 -0.0297623 2.25885
-0.394119 -0.0739765 2.24459
0.024275 0.470008 2.25247
0.198935 0.509616 2.10244
0.104755 0.699467 2.02645
0.104332 0.745122 2.02876
-0.205173 -0.0437579 2.26343
-0.202278 -0.345551 2.35723
-0.202554 -0.654445 2.41806
-0.204647 -0.73112 2.33517
-0.0567478 -0.0388699 2.27854
-0.0689033 -0.357035 2.36097
-0.079205 -0.651764 2.42611
-0.063864 -0.731632 2.34554
-0.146347 0.474945 2.26634
-0.398065 -0.137486 2.24139
-0.412608 -0.0777465 2.20805
0.0835987 0.810169 2.02924
0.145223 0.744075 2.01222
-0.133895 -0.0426786 2.30625
-0.142222 0.257043 2.28686
-0.149418 0.547384 2.25475
-0.139882 0.692336 2.23903
-0.293597 0.41233 2.23479
-0.344286 0.182404 2.26732
-0.391629 -0.036347 2.25121
-0.394055 -0.0726229 2.23198
0.0278433 0.470878 2.25295
0.236471 0.484961 2.15576
0.307718 0.68406 2.08123
0.337119 0.706677 2.09916
-0.205321 -0.0447257 2.26239
-0.202265 -0.346392 2.35669
-0.202427 -0.653813 2.41808
-0.204951 -0.730964 2.33581
-0.058489 -0.0391956 2.27711
-0.0689347 -0.360575 2.36196
-0.07955 -0.651605 2.42616
-0.0638054 -0.731462 2.34553
-0.147768 0.476182 2.265
-0.395861 -0.13673 2.22906
-0.414075 -0.0783766 2.19747
0.382454 0.772263 2.11889
0.369829 0.680221 2.07781
-0.135772 -0.0444521 2.30379
-0.142443 0.256752 2.28359
-0.147887 0.547861 2.25029
-0.132909 0.691857 2.23683
-0.292143 0.413887 2.22858
-0.346619 0.177693 2.26069
-0.39882 -0.0397609 2.24037
-0.402275 -0.0690932 2.22364
0.0343882 0.467456 2.25655
0.248884 0.419648 2.19141
0.381939 0.578888 2.10383
0.421559 0.597357 2.12518
-0.206586 -0.0464604 2.25723
-0.201682 -0.348048 2.35584
-0.202305 -0.653138 2.41759
-0.204627 -0.731218 2.33569
-0.0607945 -0.0410117 2.27692
-0.069933 -0.357718 2.35935
-0.0795581 -0.651939 2.4263
-0.0633518 -0.73116 2.34745
-0.146744 0.476491 2.26086
-0.402745 -0.1306 2.22124
-0.41864 -0.0748976 2.18764
0.478819 0.64587 2.14563
0.456719 0.56865 2.11327
-0.136331 -0.0465163 2.3016
-0.141868 0.255964 2.28119
-0.146098 0.548144 2.24773
-0.128857 0.691164 2.23329
-0.29028 0.414459 2.22424
-0.346949 0.175873 2.25814
-0.399208 -0.0415427 2.23739
-0.400848 -0.0680313 2.22446
0.036221 0.464436 2.25642
0.246382 0.399395 2.19121
0.400476 0.536049 2.09904
0.454497 0.563288 2.11271
-0.206671 -0.0485751 2.25481
-0.20212 -0.348152 2.35577
-0.202034 -0.653855 2.41746
-0.204707 -0.731173 2.33546
-0.0617385 -0.0429869 2.27532
-0.0693816 -0.357192 2.35927
-0.0800306 -0.651835 2.42612
-0.0636073 -0.731886 2.34441
-0.145272 0.476518 2.25834
-0.400107 -0.130975 2.22106
-0.420024 -0.0776905 2.19083
0.500621 0.600383 2.12422
0.489189 0.53122 2.10607
-0.136598 -0.0469543 2.30089
-0.141974 0.255662 2.28048
-0.146317 0.547931 2.24714
-0.129865 0.691117 2.23368
-0.29018 0.413922 2.2243
-0.345177 0.175983 2.25791
-0.397302 -0.0414811 2.23745
-0.397128 -0.0716188 2.2275
0.0364291 0.464252 2.25549
0.248121 0.426569 2.17315
0.35394 0.599163 2.07302
0.381662 0.643059 2.0733
-0.206775 -0.0490755 2.25462
-0.20162 -0.349839 2.35604
-0.202226 -0.652568 2.41773
-0.204558 -0.73114 2.33567
-0.0621022 -0.0433723 2.27424
-0.0677436 -0.354092 2.35712
-0.0799768 -0.651904 2.42662
-0.0635013 -0.731975 2.34606
-0.145419 0.476297 2.25772
-0.395951 -0.134646 2.22435
-0.418912 -0.0838943 2.20386
0.440246 0.694694 2.07802
0.413956 0.616223 2.05304
-0.133278 -0.0458938 2.30122
-0.139925 0.256096 2.28158
-0.145079 0.548089 2.24974
-0.131267 0.691637 2.23813
-0.289212 0.412873 2.2285
-0.340951 0.177069 2.2597
-0.392253 -0.0405626 2.23815
-0.391328 -0.0736093 2.22453
0.0359387 0.465042 2.25501
0.231706 0.488009 2.13249
0.200617 0.682668 2.02058
0.188612 0.709361 2.01834
-0.203434 -0.047631 2.25577
-0.200588 -0.348466 2.35471
-0.20282 -0.652602 2.41719
-0.204592 -0.731034 2.33622
-0.0586754 -0.0425492 2.27396
-0.0658864 -0.359524 2.3595
-0.0793794 -0.650856 2.42655
-0.0635796 -0.731838 2.34732
-0.14398 0.476517 2.25985
-0.392968 -0.135178 2.2215
-0.409046 -0.0828003 2.18851
0.194106 0.778689 2.00029
0.22773 0.696195 1.99144
-0.12667 -0.0418371 2.30218
-0.137518 0.257188 2.28374
-0.14517 0.546915 2.25379
-0.135392 0.688974 2.24098
-0.276636 0.411277 2.22968
-0.338965 0.181717 2.26932
-0.387484 -0.0367846 2.25424
-0.393861 -0.0733373 2.24889
0.0320327 0.466922 2.25529
0.211061 0.450315 2.10509
0.00790302 0.523326 2.03519
-0.00790275 0.58162 2.00807
-0.198919 -0.0435263 2.25704
-0.197924 -0.343016 2.3532
-0.202813 -0.65296 2.41754
-0.204579 -0.731319 2.33623
-0.0502197 -0.0386988 2.27489
-0.0639646 -0.337236 2.34981
-0.0789334 -0.650303 2.42592
-0.0639176 -0.730899 2.34846
-0.143532 0.476008 2.26332
-0.397694 -0.137666 2.24882
-0.411663 -0.0839029 2.20865
-0.0569213 0.635457 1.9878
0.0238839 0.595325 1.9679
-0.131431 -0.0456602 2.30348
-0.138678 0.252931 2.28383
-0.144149 0.539747 2.25017
-0.139578 0.700353 2.23871
-0.279011 0.404888 2.23044
-0.337 0.191338 2.27203
-0.386349 -0.0270251 2.25742
-0.391488 -0.071376 2.24528
0.0302765 0.45842 2.256
0.210166 0.440059 2.10711
-0.00158909 0.491257 2.04378
-0.0393786 0.51145 2.03187
-0.204027 -0.0460582 2.2597
-0.198454 -0.343273 2.35325
-0.202976 -0.653083 2.41663
-0.204533 -0.731315 2.33612
-0.054925 -0.0440703 2.27471
-0.0654259 -0.348819 2.35588
-0.0792412 -0.651034 2.4259
-0.0632831 -0.731283 2.3491
-0.143014 0.469565 2.26096
-0.395159 -0.137754 2.23893
-0.410783 -0.0818805 2.20596
-0.10301 0.547583 2.02394
-0.0200439 0.534051 1.98707
-0.133888 -0.0485694 2.30353
-0.140683 0.251341 2.2844
-0.146573 0.539852 2.25226
-0.138349 0.699637 2.23553
-0.285411 0.404453 2.23039
-0.337864 0.189946 2.27093
-0.388375 -0.0281414 2.25698
-0.393287 -0.0743299 2.24142
0.029151 0.454982 2.25501
0.211767 0.443911 2.10915
0.00315737 0.50692 2.04666
-0.0568594 0.532816 2.04796
-0.206438 -0.0485383 2.26057
-0.198102 -0.343853 2.35403
-0.203161 -0.652849 2.41694
-0.204418 -0.731291 2.33565
-0.0572554 -0.0472394 2.27386
-0.0660804 -0.353693 2.3583
-0.0792833 -0.650958 2.42615
-0.0630758 -0.731438 2.34851
-0.145192 0.469195 2.2625
-0.396156 -0.137781 2.23292
-0.412624 -0.0804665 2.20585
-0.121661 0.579435 2.05123
-0.0505627 0.567167 2.01419
-0.131054 -0.0430795 2.30252
-0.139507 0.255902 2.28413
-0.14711 0.545531 2.25323
-0.136455 0.691326 2.23811
-0.287638 0.411604 2.23217
-0.341289 0.1874 2.26968
-0.390813 -0.0309147 2.25708
-0.395517 -0.0752168 2.24474
0.0260058 0.465907 2.24727
0.206151 0.497151 2.10212
0.101206 0.678067 2.01694
0.100657 0.709572 2.01614
-0.203269 -0.044709 2.25868
-0.200783 -0.343518 2.35382
-0.20268 -0.653351 2.41715
-0.204361 -0.731139 2.3357
-0.0550522 -0.0398049 2.27387
-0.0671928 -0.353218 2.35812
-0.0790215 -0.650463 2.42633
-0.0629715 -0.731775 2.3479
-0.145341 0.474456 2.26317
-0.400311 -0.137927 2.24156
-0.414437 -0.0791252 2.20948
0.0766908 0.780362 2.00727
0.0550107 0.683538 1.99015
-0.135192 -0.0439674 2.30363
-0.142878 0.256678 2.28298
-0.150391 0.54759 2.24962
-0.13815 0.692616 2.23808
-0.293601 0.412077 2.23114
-0.346507 0.179085 2.26623
-0.398242 -0.0385603 2.2481
-0.406441 -0.076162 2.23397
0.0264977 0.466426 2.24525
0.229334 0.491261 2.13713
0.286709 0.687026 2.04127
0.309272 0.71289 2.051
-0.206552 -0.0461712 2.26033
-0.202158 -0.34458 2.35468
-0.202431 -0.653161 2.41682
-0.204739 -0.730894 2.33548
-0.0599551 -0.0402472 2.27448
-0.0684984 -0.359761 2.36153
-0.0792771 -0.651067 2.42646
-0.062778 -0.731973 2.34617
-0.148657 0.476234 2.26022
-0.410526 -0.137758 2.23905
-0.4205 -0.0863932 2.1945
0.337005 0.782155 2.06636
0.27142 0.721777 2.01796
-0.138547 -0.0444429 2.30143
-0.144473 0.257108 2.28012
-0.1502 0.548425 2.24587
-0.137544 0.692871 2.23575
-0.294989 0.4125 2.22711
-0.350179 0.17568 2.26148
-0.404258 -0.0413715 2.24393
-0.409628 -0.0763597 2.23125
0.0290542 0.467673 2.24406
0.245063 0.452906 2.16776
0.386969 0.608233 2.08901
0.415484 0.616203 2.11001
-0.20932 -0.0466744 2.25734
-0.203041 -0.343963 2.3541
-0.202512 -0.653872 2.41662
-0.204838 -0.731264 2.33504
-0.0635807 -0.0406857 2.27267
-0.0706364 -0.356387 2.35801
-0.0791321 -0.650026 2.42549
-0.0627844 -0.732397 2.34566
-0.148923 0.477021 2.25672
-0.414287 -0.13623 2.23464
-0.424178 -0.0846861 2.19124
0.471114 0.663544 2.14022
0.394598 0.642431 2.09285
-0.141659 -0.0462476 2.29837
-0.146095 0.25625 2.27845
-0.150444 0.548263 2.24545
-0.137397 0.693099 2.23592
-0.295366 0.413553 2.22533
-0.351072 0.175736 2.25556
-0.403941 -0.0415267 2.2349
-0.407843 -0.0753693 2.2181
0.0300216 0.465271 2.24562
0.244891 0.426314 2.17498
0.416931 0.552614 2.10571
0.440758 0.548735 2.12087
-0.212067 -0.0482414 2.25377
-0.203532 -0.343681 2.35279
-0.202952 -0.653046 2.41643
-0.205101 -0.731263 2.33491
-0.0668334 -0.0427421 2.27025
-0.0703108 -0.354259 2.35613
-0.0792873 -0.65002 2.4255
-0.0631222 -0.732066 2.34513
-0.14941 0.476739 2.25604
-0.410469 -0.134564 2.21943
-0.425468 -0.0809633 2.18267
0.512517 0.564333 2.15453
0.435596 0.580943 2.10432
