-0.132704 -0.0516947 2.31313
-0.135409 0.251846 2.29785
-0.137126 0.544974 2.27084
-0.133766 0.690855 2.25681
-0.28696 0.422882 2.24759
-0.337291 0.161551 2.28058
-0.35688 -0.061047 2.25361
-0.348916 -0.0654337 2.25519
0.0446002 0.443988 2.26491
0.252421 0.427507 2.16526
0.211619 0.643753 2.12976
0.205151 0.678509 2.12642
-0.204369 -0.0531917 2.27254
-0.198011 -0.351613 2.36074
-0.200752 -0.654714 2.41728
-0.196992 -0.73163 2.3335
-0.0569557 -0.0485367 2.28131
-0.0565368 -0.359359 2.36852
-0.0781012 -0.652287 2.42829
-0.0609705 -0.731668 2.34712
-0.13686 0.473147 2.27975
-0.3639 -0.133004 2.26086
-0.303689 -0.0802453 2.24059
0.200037 0.755002 2.13021
0.15695 0.662926 2.11454
-0.13546 -0.0513216 2.31375
-0.137119 0.252111 2.29992
-0.137925 0.545095 2.2741
-0.134389 0.690145 2.25975
-0.286737 0.425794 2.24723
-0.340632 0.163061 2.28182
-0.359773 -0.0593773 2.25212
-0.354894 -0.0614221 2.24863
0.0436185 0.441774 2.26531
0.25113 0.417786 2.16642
0.20121 0.631675 2.12609
0.189515 0.67931 2.13051
-0.207201 -0.0524517 2.27376
-0.199252 -0.352108 2.36158
-0.201061 -0.655397 2.41761
-0.198335 -0.731551 2.33435
-0.0595958 -0.0485185 2.28128
-0.0607534 -0.359387 2.36883
-0.078504 -0.652339 2.42854
-0.0609318 -0.73183 2.3468
-0.137918 0.473312 2.28277
-0.365522 -0.13112 2.25092
-0.303894 -0.0694576 2.22944
0.184858 0.760332 2.14457
0.142597 0.665386 2.1216
-0.138181 -0.0509331 2.31376
-0.139249 0.252497 2.30041
-0.139863 0.545758 2.27504
-0.135136 0.691097 2.26336
-0.287224 0.426861 2.24694
-0.344304 0.169179 2.28203
-0.367666 -0.052997 2.25425
-0.360864 -0.0618083 2.24983
0.0418406 0.442594 2.26645
0.250495 0.412514 2.17227
0.202598 0.626453 2.12886
0.203819 0.685974 2.12983
-0.209803 -0.0514967 2.27297
-0.199449 -0.352359 2.36151
-0.201596 -0.656289 2.4186
-0.199865 -0.731656 2.3354
-0.0624477 -0.0487085 2.28201
-0.0643169 -0.360246 2.36965
-0.0792413 -0.652187 2.42862
-0.0617319 -0.732262 2.34648
-0.139893 0.473869 2.28358
-0.371308 -0.132783 2.25067
-0.309413 -0.0678783 2.23563
0.195398 0.765479 2.14531
0.157879 0.673025 2.109
-0.136776 -0.0495981 2.31298
-0.139849 0.254156 2.30145
-0.141889 0.548218 2.27792
-0.136327 0.692751 2.26594
-0.289039 0.423675 2.25023
-0.344938 0.168015 2.28084
-0.368208 -0.0540533 2.25158
-0.360538 -0.0613344 2.24766
0.0365991 0.45069 2.26465
0.22016 0.456893 2.12021
0.0886024 0.632871 2.07573
0.064309 0.66578 2.07007
-0.20838 -0.0507197 2.27139
-0.199538 -0.352346 2.36104
-0.201537 -0.656185 2.41833
-0.200447 -0.731516 2.33546
-0.0608445 -0.0466555 2.28188
-0.0651796 -0.360015 2.36961
-0.0794101 -0.652321 2.42866
-0.0611742 -0.73228 2.34658
-0.141574 0.476106 2.28599
-0.368261 -0.137134 2.25487
-0.310466 -0.0664555 2.23716
0.0273292 0.735685 2.07437
0.0284303 0.634059 2.06265
-0.134524 -0.0531494 2.31272
-0.135797 0.249578 2.29281
-0.133944 0.559688 2.25571
-0.136646 0.702349 2.26811
-0.290662 0.421167 2.25496
-0.343241 0.167584 2.28235
-0.362229 -0.0548395 2.25207
-0.356189 -0.0637511 2.25161
0.0305767 0.442949 2.2618
0.181137 0.447972 2.08042
-0.0410074 0.472024 2.05024
-0.114555 0.468135 2.06358
-0.207786 -0.0553016 2.27342
-0.198111 -0.351243 2.36
-0.201053 -0.65556 2.41835
-0.198093 -0.730821 2.3342
-0.0573119 -0.0499913 2.27999
-0.0634982 -0.356093 2.36509
-0.0792152 -0.652165 2.42831
-0.0610152 -0.731795 2.34677
-0.13463 0.481538 2.26725
-0.366211 -0.137827 2.25487
-0.312442 -0.0765992 2.24831
-0.189674 0.497282 2.06837
-0.119515 0.423806 2.06721
-0.131886 -0.0456011 2.31279
-0.134188 0.258532 2.29481
-0.137248 0.549394 2.27115
-0.13716 0.685313 2.27536
-0.285326 0.420644 2.25327
-0.3435 0.17393 2.28638
-0.365054 -0.0485666 2.26011
-0.359149 -0.061988 2.2566
0.0305858 0.456287 2.26278
0.175424 0.513633 2.08695
0.0554159 0.670146 1.97383
0.0434073 0.69891 1.97214
-0.204679 -0.0468538 2.27232
-0.19831 -0.349527 2.35923
-0.200596 -0.656407 2.41882
-0.198124 -0.731223 2.33492
-0.054822 -0.0425677 2.28077
-0.0632492 -0.353169 2.36385
-0.0792985 -0.65286 2.42864
-0.0606732 -0.731911 2.34743
-0.1362 0.478137 2.27874
-0.370803 -0.137284 2.26159
-0.308998 -0.0727104 2.23873
-0.00055584 0.769505 1.96891
0.00257145 0.659521 1.92827
-0.13505 -0.045328 2.31244
-0.139627 0.258128 2.29999
-0.143582 0.550394 2.27739
-0.134225 0.693381 2.27005
-0.291325 0.418044 2.25195
-0.34961 0.170626 2.27937
-0.381531 -0.0488035 2.23672
-0.377221 -0.0546482 2.22013
0.0279991 0.461058 2.26227
0.218557 0.498989 2.13505
0.287153 0.698865 2.06017
0.304115 0.724769 2.07614
-0.206784 -0.0469751 2.2698
-0.200594 -0.350003 2.35962
-0.201165 -0.656114 2.41893
-0.200327 -0.731147 2.33551
-0.0594401 -0.0416707 2.28227
-0.0677615 -0.363786 2.36881
-0.0796333 -0.653064 2.4285
-0.0607702 -0.732062 2.34631
-0.142689 0.478762 2.28519
-0.377122 -0.121694 2.20503
-0.31972 -0.0432078 2.23217
0.33893 0.789708 2.10165
0.26106 0.737931 2.05676
-0.137494 -0.0468732 2.3118
-0.141656 0.25711 2.29908
-0.14553 0.55034 2.27432
-0.134132 0.694996 2.26547
-0.293982 0.417612 2.24546
-0.351355 0.166161 2.26601
-0.381069 -0.0531407 2.22038
-0.373072 -0.0577233 2.21321
0.0333929 0.457943 2.26563
0.240901 0.406877 2.17855
0.375013 0.572508 2.10849
0.405546 0.577561 2.12582
-0.208782 -0.0490098 2.26631
-0.20075 -0.352317 2.35916
-0.200823 -0.656753 2.41872
-0.200999 -0.73132 2.33614
-0.0625472 -0.0432918 2.28456
-0.0687707 -0.362469 2.3679
-0.0801401 -0.653125 2.42861
-0.061661 -0.73174 2.34597
-0.144678 0.478454 2.2828
-0.372106 -0.126914 2.20647
-0.332781 -0.0418151 2.238
0.460762 0.610301 2.15216
0.392741 0.615016 2.11514
-0.139171 -0.0495882 2.3091
-0.142238 0.255134 2.29663
-0.144799 0.549124 2.27136
-0.133453 0.694153 2.26218
-0.294366 0.417981 2.24397
-0.35187 0.164573 2.26612
-0.382654 -0.0552301 2.22503
-0.375986 -0.0570541 2.2242
0.0367191 0.450909 2.26708
0.241177 0.384781 2.18306
0.414974 0.509643 2.11534
0.452368 0.518903 2.12206
-0.209967 -0.0517323 2.26316
-0.200848 -0.352673 2.35842
-0.201338 -0.655175 2.4184
-0.201752 -0.731161 2.33559
-0.0642116 -0.0458977 2.28231
-0.0688073 -0.36062 2.36594
-0.0802702 -0.652407 2.42863
-0.0627269 -0.732305 2.34581
-0.144298 0.47705 2.27994
-0.380447 -0.130033 2.22518
-0.322876 -0.034066 2.23289
0.528786 0.529248 2.1468
0.438503 0.558429 2.10943
-0.139629 -0.0495736 2.30886
-0.142998 0.255449 2.29758
-0.146205 0.550066 2.27428
-0.135443 0.694593 2.26455
-0.294898 0.418133 2.24497
-0.351757 0.164368 2.26688
-0.378132 -0.0561698 2.22674
-0.373012 -0.058984 2.22474
0.0341925 0.454431 2.265
0.22418 0.467333 2.1308
0.274873 0.668534 2.0436
0.265899 0.696777 2.0431
-0.210339 -0.0516651 2.26328
-0.200581 -0.35287 2.35839
-0.200485 -0.656264 2.41914
-0.201463 -0.731063 2.33625
-0.0646284 -0.0458928 2.28175
-0.0677006 -0.360702 2.36599
-0.0802063 -0.651854 2.42835
-0.0620104 -0.731609 2.34612
-0.145539 0.477822 2.28225
-0.373442 -0.135499 2.22897
-0.325681 -0.02915 2.2438
0.290988 0.777097 2.06104
0.224318 0.699301 2.01478
-0.134191 -0.0462333 2.30981
-0.139277 0.256582 2.29667
-0.142378 0.548695 2.27006
-0.139843 0.693039 2.26692
-0.286575 0.420017 2.24573
-0.349194 0.165923 2.27188
-0.376441 -0.0554306 2.24
-0.36789 -0.0631345 2.24197
0.0305488 0.457888 2.2657
0.191396 0.476512 2.09536
0.0198386 0.595234 2.00569
-0.0134373 0.613294 1.99612
-0.206131 -0.0483237 2.26502
-0.199925 -0.350946 2.35748
-0.200639 -0.655691 2.41876
-0.20087 -0.731458 2.33595
-0.0579408 -0.0425038 2.28204
-0.0668216 -0.352632 2.36187
-0.0802798 -0.652794 2.42846
-0.0607791 -0.731441 2.34758
-0.141783 0.477211 2.27908
-0.368596 -0.143579 2.24864
-0.320746 -0.0449813 2.2413
-0.0749049 0.67539 1.98824
-0.0424682 0.573247 1.98823
-0.138718 -0.0519769 2.31069
-0.137893 0.246161 2.2877
-0.133458 0.534098 2.24667
-0.142891 0.703867 2.25443
-0.29733 0.414919 2.25316
-0.347503 0.176898 2.27533
-0.374012 -0.0448374 2.24618
-0.368318 -0.0619362 2.24707
0.0280563 0.445723 2.2617
0.170527 0.455691 2.07372
-0.119557 0.495227 2.03405
-0.169544 0.512397 2.05128
-0.211821 -0.0536706 2.27021
-0.199559 -0.348753 2.35756
-0.200503 -0.655656 2.41884
-0.20008 -0.731264 2.33535
-0.061688 -0.0491576 2.27895
-0.0665544 -0.355037 2.36365
-0.0804809 -0.653184 2.4282
-0.0601449 -0.731844 2.34785
-0.134915 0.463315 2.25944
-0.374521 -0.142482 2.25151
-0.31745 -0.0517935 2.23803
-0.212987 0.516048 2.05082
-0.196626 0.49999 2.02779
-0.135939 -0.0474747 2.3062
-0.137333 0.250937 2.2864
-0.137897 0.540578 2.25629
-0.151073 0.681315 2.24817
-0.291987 0.414298 2.24503
-0.349945 0.178064 2.27463
-0.379386 -0.0436013 2.25012
-0.372457 -0.064283 2.24206
0.0204699 0.464375 2.25318
0.160788 0.494684 2.06607
-0.00468099 0.6191 1.97294
-0.02752 0.638063 1.96596
-0.208628 -0.04946 2.26352
-0.200025 -0.346098 2.35491
-0.20111 -0.6547 2.41811
-0.200748 -0.730914 2.33526
-0.0586537 -0.043479 2.27599
-0.0673052 -0.346723 2.35719
-0.0803324 -0.652316 2.42757
-0.0608156 -0.732262 2.34612
-0.137629 0.469705 2.26558
-0.378481 -0.144372 2.24863
-0.322211 -0.0623577 2.24295
-0.0819272 0.689393 1.94969
-0.00694745 0.653659 1.92675
-0.139556 -0.0461388 2.30546
-0.14613 0.256166 2.2903
-0.152283 0.54899 2.2637
-0.145078 0.692356 2.25033
-0.298842 0.416555 2.23697
-0.354343 0.165796 2.26363
-0.38376 -0.0553559 2.23276
-0.377823 -0.0647682 2.22598
0.0198457 0.460818 2.25115
0.214141 0.496115 2.12942
0.267439 0.695589 2.03986
0.288233 0.724789 2.04969
-0.211295 -0.0483214 2.26203
-0.202557 -0.347182 2.35411
-0.20153 -0.654336 2.41764
-0.201516 -0.731454 2.3361
-0.0638276 -0.0423277 2.2759
-0.0692325 -0.360934 2.36377
-0.080535 -0.652951 2.42795
-0.0618008 -0.732338 2.34566
-0.150864 0.477248 2.2725
-0.382091 -0.142808 2.23487
-0.326596 -0.0502375 2.23529
0.321795 0.799034 2.06427
0.332924 0.712173 2.0354
-0.139703 -0.047736 2.30499
-0.146188 0.255394 2.28936
-0.151868 0.548212 2.26112
-0.139609 0.693536 2.24666
-0.299324 0.415466 2.23208
-0.353061 0.162137 2.2532
-0.381552 -0.0587499 2.21831
-0.371058 -0.0619923 2.21437
0.0299655 0.45793 2.2581
0.244853 0.426653 2.1833
0.377502 0.593921 2.115
0.415044 0.605523 2.13523
-0.210486 -0.0505818 2.2591
-0.202428 -0.349678 2.35439
-0.20161 -0.653833 2.41745
-0.201926 -0.731315 2.33619
-0.0646811 -0.0438725 2.27784
-0.0690708 -0.360896 2.36398
-0.080302 -0.652354 2.42799
-0.0631143 -0.730346 2.34661
-0.150636 0.476459 2.27043
-0.373989 -0.140804 2.21608
-0.328491 -0.0417801 2.23246
0.476894 0.638741 2.16074
0.465234 0.578368 2.1253
-0.14009 -0.0508669 2.30262
-0.144984 0.25423 2.28871
-0.148181 0.548454 2.26203
-0.13463 0.692515 2.24898
-0.297116 0.415925 2.23221
-0.351869 0.162495 2.25258
-0.382736 -0.0579288 2.21653
-0.378375 -0.0585686 2.219
0.0354525 0.450154 2.26397
0.243236 0.379521 2.19619
0.422155 0.502924 2.14347
0.484648 0.497427 2.17035
-0.210586 -0.0531058 2.25539
-0.201806 -0.351712 2.3546
-0.201823 -0.653946 2.4171
-0.202025 -0.731402 2.33591
-0.0652104 -0.047387 2.27694
-0.0689938 -0.35828 2.36203
-0.0812546 -0.652896 2.42775
-0.062391 -0.732296 2.34509
-0.147688 0.476275 2.27084
-0.380954 -0.135751 2.22152
-0.319301 -0.0277456 2.21821
0.544393 0.48913 2.19901
0.488826 0.459902 2.13989
-0.139154 -0.0510754 2.30347
-0.142397 0.253622 2.29058
-0.144046 0.547703 2.26544
-0.132947 0.692685 2.25319
-0.294163 0.417094 2.23803
-0.350087 0.162176 2.25886
-0.380723 -0.0584816 2.22473
-0.374922 -0.0605516 2.22351
0.0385329 0.450408 2.26313
0.241046 0.45294 2.15058
0.306659 0.654083 2.07581
0.308077 0.682012 2.07877
-0.209602 -0.0529314 2.25748
-0.20031 -0.352773 2.3553
-0.201833 -0.652962 2.41709
-0.201112 -0.731227 2.33528
-0.0642328 -0.047796 2.27701
-0.0670452 -0.358378 2.3629
-0.0808878 -0.652418 2.42747
-0.0614481 -0.731962 2.34593
-0.143832 0.475596 2.2739
-0.374187 -0.136656 2.22308
-0.319586 -0.0319602 2.23322
0.346989 0.751162 2.10255
0.27011 0.696763 2.05329
-0.133577 -0.047892 2.30606
-0.137361 0.255284 2.29318
-0.139096 0.548323 2.2676
-0.129481 0.693218 2.26028
-0.28536 0.419515 2.24141
-0.3457 0.170347 2.26334
-0.377144 -0.0502922 2.22984
-0.369877 -0.057832 2.22889
0.0372307 0.456742 2.26193
0.198557 0.486103 2.09395
0.0504513 0.644846 2.03474
0.0178111 0.665536 2.03265
-0.204873 -0.0503036 2.26042
-0.199469 -0.350358 2.35499
-0.200738 -0.654907 2.41809
-0.200527 -0.730836 2.33565
-0.058019 -0.043906 2.27924
-0.064977 -0.355041 2.36172
-0.079848 -0.651109 2.42703
-0.0610417 -0.731167 2.34729
-0.138899 0.476517 2.27627
-0.372263 -0.136811 2.22883
-0.323137 -0.0340502 2.23873
-0.023934 0.729914 2.03951
-0.0183094 0.631787 2.01358
-0.134091 -0.0475057 2.30619
-0.13579 0.250043 2.2883
-0.135093 0.535384 2.25541
-0.134859 0.698589 2.24437
-0.287942 0.414672 2.24081
-0.347779 0.177832 2.26995
-0.381043 -0.0430887 2.24271
-0.377484 -0.059815 2.24273
0.0335629 0.454477 2.25903
0.189313 0.459154 2.08244
-0.0760774 0.504002 2.06167
-0.119272 0.537309 2.07719
-0.20732 -0.0492636 2.26366
-0.198569 -0.347836 2.35506
-0.200706 -0.655986 2.4185
-0.200859 -0.731253 2.3359
-0.0574857 -0.0446576 2.27625
-0.0667984 -0.352787 2.36149
-0.0799944 -0.652165 2.42754
-0.060765 -0.731621 2.34676
-0.135545 0.465547 2.26597
-0.384479 -0.137555 2.24878
-0.323444 -0.0409842 2.24262
-0.187002 0.571806 2.08937
-0.119781 0.596199 2.10957
-0.133259 -0.0446582 2.30549
-0.135321 0.252245 2.28658
-0.136531 0.540312 2.25541
-0.141517 0.679501 2.23909
-0.285744 0.413397 2.23568
-0.348819 0.175382 2.26787
-0.379191 -0.0460095 2.24121
-0.372189 -0.0582139 2.23233
0.0294275 0.466235 2.25456
0.190931 0.487112 2.08522
-0.00157251 0.587743 2.02263
-0.0473197 0.624249 2.01543
-0.20605 -0.0459579 2.26168
-0.199661 -0.346896 2.35426
-0.200415 -0.656873 2.41937
-0.200896 -0.731141 2.33565
-0.0562608 -0.0415948 2.27639
-0.0667035 -0.349446 2.35955
-0.0800585 -0.652278 2.42796
-0.0608567 -0.731397 2.34732
-0.136262 0.469607 2.26524
-0.376262 -0.137411 2.23535
-0.325889 -0.0413714 2.246
-0.116143 0.677754 2.02927
-0.0271461 0.655461 1.98425
-0.134889 -0.0439376 2.30568
-0.140631 0.257817 2.29061
-0.146055 0.550616 2.26419
-0.13599 0.691297 2.24906
-0.292221 0.417529 2.23426
-0.351052 0.167804 2.26271
-0.381703 -0.0532815 2.23298
-0.373443 -0.0605832 2.22612
0.0270523 0.464805 2.25558
0.22097 0.507077 2.13603
0.252472 0.70994 2.04342
0.2619 0.742768 2.05255
-0.206571 -0.0461731 2.2614
-0.201202 -0.3467 2.35346
-0.200885 -0.655265 2.41805
-0.201587 -0.731194 2.33628
-0.059397 -0.0400928 2.27759
-0.0678848 -0.360204 2.36442
-0.0799173 -0.651859 2.42781
-0.0618632 -0.732333 2.34559
-0.14484 0.478818 2.27294
-0.37642 -0.13703 2.23008
-0.32278 -0.0425031 2.23612
0.273955 0.820754 2.07155
0.307092 0.744909 2.05946
-0.135336 -0.0443922 2.306
-0.140963 0.25777 2.29055
-0.145905 0.550267 2.26256
-0.133656 0.69157 2.24354
-0.293716 0.417374 2.23229
-0.350566 0.166381 2.25656
-0.381151 -0.0541541 2.22101
-0.374548 -0.0595208 2.21276
0.0334772 0.463299 2.25605
0.247353 0.461298 2.17176
0.37826 0.630126 2.10472
0.408163 0.638389 2.12492
-0.206399 -0.0468415 2.26096
-0.201094 -0.348476 2.35381
-0.201098 -0.654886 2.41765
-0.201843 -0.730615 2.33598
-0.0603202 -0.0405718 2.27876
-0.0678779 -0.360956 2.3649
-0.0801556 -0.651947 2.42779
-0.0619419 -0.732106 2.34575
-0.144878 0.478575 2.27185
-0.373401 -0.136378 2.21845
-0.321887 -0.0238514 2.23067
0.467558 0.676399 2.15731
0.457337 0.615993 2.1161
-0.135233 -0.0473071 2.30489
-0.140274 0.255916 2.28926
-0.144371 0.548637 2.26095
-0.131868 0.692344 2.24104
-0.292983 0.416909 2.23028
-0.34938 0.164651 2.25498
-0.380542 -0.0557228 2.21879
-0.378058 -0.0593477 2.21425
0.0390782 0.458103 2.25948
0.253067 0.398821 2.20537
0.420956 0.537908 2.1576
0.484108 0.540853 2.18053
-0.205849 -0.0499159 2.25884
-0.2007 -0.34982 2.35406
-0.200678 -0.655004 2.41776
-0.201564 -0.730564 2.33649
-0.0605113 -0.0433801 2.27833
-0.0659618 -0.360301 2.36457
-0.0796519 -0.65158 2.42728
-0.0614463 -0.731345 2.34535
-0.143564 0.476899 2.27028
-0.379217 -0.135846 2.22308
-0.320176 -0.0186573 2.23037
0.543902 0.534057 2.20611
0.516917 0.506118 2.16764
-0.135633 -0.0493744 2.30356
-0.139607 0.254824 2.28916
-0.142259 0.548027 2.26231
-0.130649 0.692778 2.24396
-0.290813 0.418018 2.23091
-0.347833 0.163359 2.25341
-0.379719 -0.0567073 2.21555
-0.376583 -0.0590186 2.20891
0.0410635 0.453123 2.26255
0.255673 0.444826 2.18097
0.409145 0.594391 2.11608
0.445029 0.62507 2.16448
-0.206121 -0.0513183 2.25794
-0.199707 -0.350368 2.35348
-0.200676 -0.65471 2.41706
-0.20144 -0.730817 2.33637
-0.0609527 -0.0460753 2.27643
-0.0644539 -0.359722 2.36388
-0.0800673 -0.651387 2.42684
-0.0608671 -0.730771 2.3467
-0.141882 0.476143 2.27117
-0.375872 -0.134658 2.2187
-0.351686 -0.0736028 2.20926
0.483163 0.64595 2.19572
0.398237 0.645311 2.13443
-0.133848 -0.0483149 2.30437
-0.137018 0.256495 2.29123
-0.139061 0.550848 2.26594
-0.126071 0.695294 2.2527
-0.288064 0.418748 2.23225
-0.346306 0.168673 2.25669
-0.384562 -0.0505887 2.22093
-0.378807 -0.0578673 2.21874
0.0415474 0.456299 2.26268
0.229283 0.499543 2.13293
0.117016 0.67297 2.04046
0.0948009 0.70214 2.03768
-0.204466 -0.0504042 2.25873
-0.200901 -0.349227 2.35352
-0.200634 -0.654955 2.41716
-0.201539 -0.730973 2.33686
-0.0589679 -0.0447141 2.2774
-0.0649692 -0.359225 2.36404
-0.0801165 -0.651224 2.42741
-0.0611834 -0.730454 2.34734
-0.138722 0.47869 2.27443
-0.377578 -0.13527 2.22883
-0.35529 -0.070384 2.22215
0.0591548 0.769675 2.04193
0.0514872 0.679281 2.01105
-0.127586 -0.0437676 2.3046
-0.132866 0.257127 2.28937
-0.135415 0.546938 2.26072
-0.129097 0.698771 2.23889
-0.275498 0.413472 2.228
-0.345593 0.180492 2.25944
-0.379286 -0.0398003 2.22544
-0.375995 -0.0568429 2.22626
0.0381357 0.466162 2.25704
0.202277 0.48709 2.09053
-0.00752448 0.550575 2.0343
-0.068935 0.572374 2.03242
-0.199398 -0.045476 2.25778
-0.199303 -0.344879 2.3516
-0.200455 -0.656473 2.41906
-0.201656 -0.731021 2.33644
-0.0517705 -0.0404619 2.2788
-0.0654515 -0.34229 2.35503
-0.0798599 -0.651383 2.42761
-0.0603328 -0.730647 2.34826
-0.134983 0.476032 2.27017
-0.377507 -0.136076 2.23073
-0.320072 -0.0326886 2.23222
-0.140386 0.611139 2.03826
-0.062027 0.518941 2.00345
-0.131572 -0.0449825 2.30414
-0.133547 0.250613 2.28291
-0.133827 0.534804 2.24737
-0.132537 0.705517 2.24093
-0.289279 0.413464 2.23259
-0.347678 0.180667 2.2626
-0.383581 -0.0400013 2.23781
-0.378251 -0.0609131 2.23314
0.0348452 0.45707 2.25632
0.192808 0.496651 2.08729
-0.0703101 0.553591 2.0109
-0.115744 0.559498 2.02171
-0.204749 -0.0460275 2.26064
-0.199468 -0.344145 2.35208
-0.20117 -0.654616 2.41785
-0.20228 -0.731062 2.33598
-0.0545776 -0.0426478 2.27496
-0.0663942 -0.349754 2.35855
-0.0797071 -0.651401 2.42736
-0.0607536 -0.731346 2.34715
-0.133905 0.465216 2.25841
-0.379038 -0.14289 2.23808
-0.325617 -0.0331991 2.23997
-0.163502 0.570733 2.02209
-0.112105 0.584159 2.00533
-0.135903 -0.046265 2.30428
-0.140513 0.2547 2.28565
-0.144976 0.546541 2.25524
-0.139214 0.691528 2.24397
-0.292661 0.413299 2.23068
-0.350826 0.169777 2.26132
-0.384329 -0.0510937 2.23437
-0.377176 -0.0645742 2.22881
0.0258731 0.457144 2.24651
0.200845 0.497206 2.09699
0.158818 0.703561 2.01804
0.158954 0.728056 2.02423
-0.207652 -0.0484845 2.26038
-0.200612 -0.346291 2.35266
-0.200864 -0.655076 2.41827
-0.201636 -0.73121 2.33572
-0.0601018 -0.0425487 2.27558
-0.0678147 -0.356851 2.36056
-0.0799243 -0.651808 2.42697
-0.061439 -0.731741 2.34654
-0.143977 0.47495 2.26498
-0.381357 -0.142541 2.23067
-0.32826 -0.0525471 2.24
0.150275 0.80675 2.03109
0.204576 0.731858 2.0247
