-0.256085 0.172241 2.28831
-0.258399 0.463951 2.20635
-0.25936 0.744478 2.11342
-0.269289 0.900522 2.07809
-0.433573 0.657598 2.16843
-0.509249 0.394444 2.25598
-0.572311 0.174048 2.28734
-0.583335 0.140432 2.29485
-0.0811521 0.669164 2.16498
0.139529 0.597852 2.21188
0.152099 0.788038 2.07275
0.1431 0.835659 2.07385
-0.326748 0.168918 2.2504
-0.38393 -0.185085 2.36102
-0.370693 -0.56343 2.50368
-0.385219 -0.621845 2.42205
-0.177281 0.170197 2.25443
-0.15478 -0.194967 2.38132
-0.195996 -0.573963 2.50403
-0.188334 -0.635022 2.41599
-0.259387 0.676006 2.13866
-0.598907 0.0583834 2.32025
-0.545242 0.14901 2.26484
0.141845 0.909117 2.06164
0.0793524 0.818396 2.05666
-0.256137 0.17254 2.28911
-0.258442 0.464263 2.20715
-0.259275 0.744832 2.11411
-0.269389 0.900672 2.07864
-0.43345 0.657813 2.16921
-0.508685 0.39319 2.25755
-0.572635 0.172931 2.28842
-0.584545 0.140798 2.29888
-0.0809112 0.670051 2.16656
0.16294 0.569753 2.22803
0.152572 0.77019 2.08575
0.142198 0.835619 2.07579
-0.326855 0.169233 2.25133
-0.384276 -0.183381 2.36205
-0.370604 -0.562774 2.50323
-0.385532 -0.621802 2.42207
-0.177287 0.170436 2.25509
-0.154403 -0.19246 2.38083
-0.196082 -0.573881 2.50471
-0.188321 -0.631207 2.42063
-0.259344 0.676346 2.13939
-0.600244 0.0592895 2.32407
-0.542069 0.1619 2.27236
0.139705 0.90954 2.06373
0.0798377 0.815516 2.05414
-0.256054 0.172663 2.28945
-0.258449 0.464288 2.20739
-0.259338 0.744788 2.11429
-0.269396 0.900582 2.0787
-0.433324 0.65793 2.16964
-0.507914 0.393455 2.25773
-0.572085 0.173381 2.28964
-0.583803 0.139828 2.29981
-0.0808244 0.670297 2.16702
0.160555 0.568687 2.2247
0.153423 0.770165 2.08555
0.143254 0.834741 2.07267
-0.326734 0.169325 2.25172
-0.383993 -0.185916 2.36444
-0.37007 -0.56228 2.50346
-0.385731 -0.621938 2.42179
-0.17725 0.170565 2.25541
-0.154455 -0.192517 2.38078
-0.196249 -0.573757 2.50475
-0.188265 -0.632441 2.41938
-0.259391 0.67632 2.13959
-0.600633 0.0612116 2.32613
-0.537724 0.165823 2.271
0.13822 0.907783 2.06249
0.0799829 0.814264 2.0531
-0.25597 0.172689 2.29001
-0.258366 0.464284 2.20776
-0.259233 0.744761 2.11447
-0.269414 0.900546 2.07875
-0.433283 0.657925 2.17003
-0.507385 0.394663 2.25859
-0.570711 0.174272 2.29067
-0.581841 0.140392 2.29916
-0.0808124 0.670331 2.167
0.161133 0.563313 2.23271
0.154217 0.76974 2.08542
0.145828 0.831418 2.07148
-0.326651 0.169324 2.2524
-0.383595 -0.186704 2.36544
-0.369996 -0.56224 2.50315
-0.385987 -0.621856 2.42175
-0.177181 0.170627 2.25583
-0.154199 -0.191854 2.38024
-0.196112 -0.573559 2.50484
-0.188487 -0.632247 2.41995
-0.259295 0.676298 2.13981
-0.595445 0.0571634 2.32636
-0.535129 0.166699 2.26564
0.138962 0.90395 2.06103
0.0858056 0.810073 2.04848
-0.255956 0.172788 2.2901
-0.258313 0.464333 2.20784
-0.259124 0.744773 2.11453
-0.269474 0.900504 2.07875
-0.433014 0.65811 2.17022
-0.50713 0.394426 2.25959
-0.569492 0.1737 2.29155
-0.580232 0.139274 2.29942
-0.0807271 0.670497 2.16683
0.157346 0.563342 2.22591
0.164112 0.767389 2.08681
0.168296 0.833397 2.07943
-0.32663 0.169472 2.25259
-0.383553 -0.185352 2.36393
-0.370186 -0.562643 2.5035
-0.385861 -0.622284 2.4213
-0.177177 0.170674 2.25581
-0.154566 -0.194287 2.38142
-0.195814 -0.573175 2.50467
-0.188617 -0.632279 2.41975
-0.259206 0.676321 2.13988
-0.593118 0.0573369 2.32478
-0.543529 0.146249 2.27113
0.169262 0.911557 2.07897
0.107967 0.828115 2.0592
-0.255773 0.173166 2.2903
-0.258311 0.464471 2.20781
-0.259422 0.74481 2.11413
-0.270366 0.900502 2.0785
-0.434667 0.658859 2.17169
-0.50734 0.393098 2.26227
-0.568562 0.171721 2.2929
-0.578257 0.137589 2.30369
-0.0813858 0.671099 2.16527
0.158627 0.575676 2.20942
0.256152 0.762139 2.10596
0.292919 0.825653 2.11141
-0.326492 0.169787 2.25319
-0.382862 -0.187469 2.36544
-0.369955 -0.561806 2.50318
-0.386187 -0.621364 2.42213
-0.176898 0.171239 2.25562
-0.153976 -0.192424 2.38059
-0.195933 -0.573166 2.50467
-0.188657 -0.63186 2.42021
-0.259407 0.676391 2.13961
-0.594933 0.0598715 2.32868
-0.535476 0.155671 2.26929
0.332881 0.894689 2.12656
0.241215 0.831014 2.08375
-0.25547 0.173414 2.29027
-0.258684 0.464834 2.20728
-0.261185 0.745392 2.11227
-0.274522 0.900903 2.07822
-0.437401 0.658152 2.17238
-0.508618 0.389633 2.26587
-0.564098 0.166449 2.29525
-0.572337 0.132799 2.30843
-0.0823552 0.670864 2.16122
0.163102 0.606759 2.20064
0.364348 0.701497 2.12916
0.423364 0.755365 2.14092
-0.326109 0.169792 2.25381
-0.381889 -0.188037 2.36614
-0.370115 -0.561853 2.50318
-0.386707 -0.620973 2.42227
-0.17642 0.17211 2.25452
-0.154553 -0.190742 2.37908
-0.195698 -0.572927 2.50431
-0.1888 -0.631008 2.42099
-0.260766 0.676923 2.13814
-0.583058 0.0531425 2.33054
-0.532218 0.143736 2.2775
0.489621 0.797645 2.15895
0.388007 0.783542 2.10493
-0.255433 0.173751 2.29001
-0.259191 0.465418 2.20657
-0.26219 0.746139 2.11118
-0.278026 0.901233 2.0787
-0.439306 0.657175 2.17314
-0.508435 0.387731 2.26709
-0.560894 0.163917 2.29742
-0.578516 0.100023 2.32291
-0.0833527 0.671151 2.15598
0.164892 0.609356 2.19737
0.380441 0.680535 2.14485
0.450019 0.730039 2.15751
-0.326091 0.169805 2.25387
-0.380945 -0.188373 2.36662
-0.370078 -0.561733 2.50293
-0.386738 -0.620646 2.42269
-0.17645 0.173143 2.2534
-0.156141 -0.190629 2.37961
-0.19554 -0.57353 2.50467
-0.189136 -0.631313 2.42098
-0.26167 0.677633 2.13712
-0.578439 0.0415853 2.33852
-0.530454 0.140219 2.291
0.527034 0.766939 2.18054
0.431195 0.776892 2.12307
-0.255946 0.173596 2.28848
-0.259815 0.465687 2.20498
-0.26262 0.746716 2.10978
-0.2789 0.901426 2.07887
-0.440047 0.656884 2.17327
-0.507996 0.384933 2.26788
-0.556887 0.160354 2.29915
-0.574911 0.0984106 2.32187
-0.0832544 0.670263 2.15442
0.170866 0.611572 2.19383
0.367275 0.712088 2.11594
0.380349 0.787736 2.10619
-0.326638 0.1695 2.25313
-0.380086 -0.189099 2.36706
-0.37033 -0.56176 2.50265
-0.386911 -0.620208 2.42351
-0.177004 0.172862 2.25111
-0.159654 -0.198651 2.38503
-0.195453 -0.573447 2.50474
-0.189366 -0.632112 2.41989
-0.26217 0.678133 2.13566
-0.571039 0.0394252 2.33915
-0.534316 0.124406 2.2875
0.439286 0.843482 2.10921
0.331026 0.803751 2.05893
-0.256709 0.17314 2.28728
-0.260166 0.465422 2.20405
-0.262495 0.746534 2.10903
-0.277396 0.90149 2.07899
-0.438297 0.655994 2.17143
-0.504589 0.385829 2.26351
-0.55383 0.161971 2.29825
-0.572024 0.0980446 2.31605
-0.0830439 0.670157 2.15466
0.164506 0.577188 2.20572
0.248828 0.761642 2.07725
0.246767 0.82332 2.05989
-0.327403 0.168984 2.25237
-0.380048 -0.189481 2.36731
-0.370383 -0.561873 2.50251
-0.386917 -0.619835 2.42413
-0.177762 0.17232 2.24961
-0.159971 -0.204656 2.38589
-0.195317 -0.574172 2.50482
-0.189101 -0.634627 2.41668
-0.26218 0.677934 2.13488
-0.5701 0.0404006 2.33166
-0.538492 0.113611 2.2862
0.277143 0.896542 2.05318
0.19243 0.816696 2.02059
-0.257036 0.172525 2.28683
-0.259904 0.464903 2.20363
-0.261114 0.745884 2.10865
-0.27153 0.901323 2.07939
-0.434306 0.654228 2.16684
-0.499624 0.384547 2.25697
-0.551132 0.161809 2.29466
-0.557525 0.126054 2.29468
-0.0823421 0.669654 2.15541
0.157932 0.567523 2.20272
0.107254 0.75551 2.06818
0.0712804 0.814529 2.04676
-0.327672 0.16837 2.25149
-0.381026 -0.191186 2.36709
-0.371488 -0.563367 2.50358
-0.387064 -0.619746 2.42445
-0.178241 0.1714 2.24965
-0.158063 -0.205646 2.38288
-0.195506 -0.574311 2.50442
-0.188934 -0.635895 2.41583
-0.261155 0.677316 2.13447
-0.5694 0.0469938 2.31943
-0.506247 0.150688 2.26413
0.0538699 0.881291 2.0173
0.0168734 0.783251 2.03326
-0.256464 0.172322 2.2867
-0.259149 0.464698 2.20334
-0.260115 0.745736 2.10827
-0.267949 0.901375 2.07955
-0.432329 0.654017 2.16463
-0.498548 0.38366 2.25496
-0.547977 0.159668 2.28908
-0.555025 0.129892 2.28798
-0.0816163 0.670058 2.15579
0.133731 0.565241 2.184
0.0391161 0.746118 2.06532
0.00573438 0.796385 2.05655
-0.327068 0.168169 2.25106
-0.381195 -0.192095 2.36672
-0.372555 -0.564488 2.50386
-0.3871 -0.619623 2.42477
-0.177635 0.17115 2.24986
-0.155898 -0.203327 2.3808
-0.195494 -0.574229 2.50433
-0.1891 -0.635848 2.41619
-0.260201 0.677146 2.13411
-0.568561 0.0523358 2.30895
-0.514645 0.148278 2.25841
-0.0234679 0.856113 2.02308
-0.0481731 0.756959 2.058
-0.255824 0.172186 2.28639
-0.258725 0.464494 2.20297
-0.259862 0.745505 2.10787
-0.26639 0.901109 2.07947
-0.43131 0.653708 2.16301
-0.49804 0.382961 2.25268
-0.546293 0.158348 2.2851
-0.55609 0.127334 2.28783
-0.0811962 0.670214 2.15577
0.129663 0.565676 2.17878
0.0468709 0.75301 2.06166
0.0301464 0.803562 2.05331
-0.326396 0.168025 2.25047
-0.381369 -0.19323 2.36654
-0.371518 -0.563767 2.50341
-0.387526 -0.619491 2.42461
-0.177052 0.171004 2.24983
-0.154847 -0.201095 2.37985
-0.195702 -0.574217 2.50421
-0.189013 -0.633095 2.41855
-0.259901 0.676919 2.13371
-0.568701 0.0456267 2.31058
-0.512097 0.154732 2.2546
0.00874744 0.869801 2.0267
-0.0226564 0.769707 2.049
-0.255774 0.171933 2.28621
-0.258482 0.464126 2.20228
-0.259319 0.74504 2.10648
-0.266211 0.901059 2.07924
-0.43114 0.653589 2.16225
-0.497535 0.382735 2.25124
-0.546101 0.158429 2.28468
-0.556664 0.128886 2.29164
-0.0814447 0.669727 2.15538
0.14865 0.564876 2.18909
0.126923 0.760515 2.05841
0.118409 0.82075 2.03614
-0.326301 0.167843 2.2502
-0.381818 -0.193608 2.36554
-0.370995 -0.563111 2.50283
-0.387907 -0.619267 2.42497
-0.177042 0.17066 2.24977
-0.153864 -0.199465 2.37793
-0.195967 -0.574278 2.50411
-0.18877 -0.632004 2.41932
-0.259431 0.676476 2.1325
-0.572966 0.0465347 2.3167
-0.516962 0.142288 2.25982
0.112386 0.88967 2.01727
0.0645265 0.795065 2.01667
-0.255903 0.171676 2.28527
-0.258493 0.463794 2.20052
-0.259273 0.744697 2.10393
-0.266786 0.900995 2.07835
-0.431913 0.653219 2.16097
-0.49774 0.382986 2.24961
-0.546176 0.159145 2.28544
-0.557221 0.129106 2.29521
-0.0814777 0.669691 2.15456
0.162864 0.580352 2.18439
0.265176 0.756043 2.06082
0.288816 0.821689 2.04411
-0.326372 0.167703 2.2495
-0.382455 -0.19433 2.36454
-0.372105 -0.564376 2.50344
-0.388033 -0.619266 2.42521
-0.177255 0.170279 2.2487
-0.15496 -0.197916 2.37588
-0.195519 -0.573797 2.50388
-0.188744 -0.633543 2.41678
-0.259387 0.676133 2.13015
-0.571499 0.047184 2.32648
-0.519936 0.143266 2.26438
0.322343 0.889948 2.03337
0.237156 0.817203 2.00509
-0.256201 0.171123 2.2833
-0.259277 0.463477 2.1981
-0.260667 0.744646 2.10121
-0.268883 0.901223 2.07694
-0.433061 0.652249 2.16008
-0.501541 0.383364 2.25064
-0.545488 0.15834 2.2855
-0.557691 0.128256 2.29368
-0.0811262 0.668694 2.15191
0.165842 0.601777 2.18066
0.36188 0.722587 2.0925
0.416255 0.770406 2.0804
-0.326763 0.167256 2.24796
-0.382759 -0.193707 2.36365
-0.371823 -0.564043 2.50319
-0.387931 -0.619356 2.42527
-0.177453 0.169603 2.24638
-0.156003 -0.196832 2.37626
-0.195181 -0.57328 2.50338
-0.188692 -0.633974 2.4164
-0.260612 0.676016 2.12749
-0.571762 0.0462996 2.32189
-0.516234 0.150122 2.26163
0.471921 0.818997 2.07708
0.375042 0.787976 2.0368
-0.257564 0.170799 2.28033
-0.260311 0.463588 2.19618
-0.261417 0.745016 2.1002
-0.271676 0.901075 2.07619
-0.434626 0.651338 2.15786
-0.501128 0.381215 2.24808
-0.545688 0.156844 2.28543
-0.558043 0.127562 2.2902
-0.0803761 0.668422 2.14728
0.169718 0.603534 2.17809
0.391185 0.677689 2.11943
0.461789 0.708169 2.11698
-0.328099 0.166851 2.2449
-0.383159 -0.19302 2.36258
-0.372717 -0.56505 2.50356
-0.388026 -0.619274 2.42554
-0.178807 0.169335 2.24358
-0.158385 -0.19645 2.37755
-0.195006 -0.572916 2.50279
-0.18855 -0.634503 2.41543
-0.261424 0.676336 2.12628
-0.572612 0.0468967 2.31489
-0.514603 0.150083 2.25853
0.53389 0.745651 2.12919
0.444289 0.737746 2.06724
-0.25946 0.170056 2.27778
-0.261545 0.463524 2.19438
-0.262093 0.74543 2.09916
-0.273136 0.901131 2.07592
-0.435169 0.650596 2.15729
-0.503094 0.380682 2.24856
-0.545035 0.155161 2.28327
-0.555521 0.126267 2.28744
-0.0798345 0.667365 2.14414
0.173325 0.603691 2.17567
0.395055 0.655358 2.12445
0.453225 0.719383 2.11356
-0.330067 0.166211 2.24258
-0.384417 -0.188237 2.35751
-0.372177 -0.563746 2.50284
-0.388042 -0.619286 2.42573
-0.180574 0.168515 2.24088
-0.160789 -0.199388 2.38058
-0.195026 -0.573147 2.50297
-0.188976 -0.633682 2.41691
-0.262226 0.676652 2.12506
-0.569386 0.0461009 2.3123
-0.5185 0.148279 2.24307
0.53066 0.74997 2.12579
0.425553 0.747302 2.06082
-0.260079 0.169358 2.27608
-0.261816 0.463275 2.1925
-0.261897 0.745708 2.09706
-0.272937 0.901337 2.07574
-0.434569 0.649565 2.15484
-0.502752 0.381182 2.24635
-0.543703 0.155508 2.28151
-0.552059 0.126883 2.2845
-0.0793559 0.666591 2.14358
0.173999 0.604281 2.17622
0.358212 0.721808 2.09169
0.38007 0.782517 2.06827
-0.330759 0.165703 2.24058
-0.384019 -0.189253 2.35781
-0.372132 -0.563367 2.50259
-0.388143 -0.61928 2.42584
-0.181126 0.167657 2.23945
-0.160611 -0.201998 2.38141
-0.194993 -0.572916 2.50311
-0.188315 -0.633644 2.41658
-0.262165 0.676789 2.12301
-0.564519 0.0463039 2.30643
-0.505138 0.146915 2.25373
0.437183 0.835645 2.06202
0.335022 0.793728 2.013
-0.259823 0.168932 2.27496
-0.261145 0.462999 2.19164
-0.260694 0.745529 2.09642
-0.270594 0.90142 2.0759
-0.43216 0.64837 2.15079
-0.502141 0.381434 2.24372
-0.541961 0.155404 2.27851
-0.549653 0.125707 2.28171
-0.078716 0.666729 2.1441
0.173403 0.588796 2.18309
0.251711 0.765522 2.04694
0.253442 0.818682 2.02714
-0.330459 0.165155 2.23888
-0.383897 -0.190432 2.35728
-0.372145 -0.563334 2.50225
-0.387974 -0.619317 2.42592
-0.180898 0.167318 2.23872
-0.160883 -0.197996 2.37567
-0.194713 -0.572692 2.50363
-0.188453 -0.631759 2.41876
-0.261115 0.676586 2.12232
-0.564226 0.0467277 2.30625
-0.507772 0.141601 2.25005
0.283349 0.884017 2.01325
0.203566 0.814709 1.99038
-0.25936 0.168737 2.27471
-0.260217 0.462725 2.19118
-0.259246 0.745241 2.0958
-0.265684 0.901609 2.07596
-0.425579 0.648362 2.15149
-0.501398 0.38205 2.24072
-0.538511 0.15541 2.27506
-0.544385 0.121723 2.2778
-0.0783449 0.66711 2.14455
0.164119 0.581324 2.18256
0.153983 0.76486 2.03248
0.129019 0.821126 2.00669
-0.329932 0.165013 2.23823
-0.383551 -0.191183 2.35705
-0.372794 -0.564411 2.50335
-0.388212 -0.619158 2.42579
-0.180478 0.167116 2.23878
-0.155753 -0.173513 2.35708
-0.194921 -0.573157 2.50341
-0.188229 -0.633009 2.4167
-0.259792 0.676296 2.12172
-0.559099 0.0407728 2.30309
-0.506646 0.126402 2.24737
0.116878 0.882583 1.97118
0.0787045 0.789556 1.9818
-0.258 0.168085 2.27513
-0.258848 0.462126 2.19096
-0.257672 0.7447 2.09507
-0.261286 0.902099 2.07639
-0.423789 0.646995 2.14526
-0.497075 0.381075 2.23569
-0.532884 0.153933 2.26869
-0.537763 0.123229 2.27269
-0.0780494 0.667207 2.14542
0.141784 0.567492 2.1694
0.0605664 0.744454 2.0343
0.0183547 0.78585 2.02116
-0.328774 0.164377 2.23827
-0.383 -0.192157 2.3563
-0.372598 -0.564907 2.50366
-0.388325 -0.619069 2.42579
-0.178888 0.166445 2.2398
-0.155747 -0.191209 2.37021
-0.195133 -0.573383 2.50305
-0.188522 -0.631884 2.41812
-0.258278 0.675741 2.12112
-0.551785 0.0395443 2.29732
-0.4884 0.144894 2.24471
-0.0141899 0.838702 1.9838
-0.0284386 0.745037 2.01615
-0.256872 0.167802 2.2754
-0.257883 0.461754 2.19094
-0.256881 0.744297 2.09484
-0.259822 0.901993 2.07688
-0.423596 0.646681 2.14399
-0.496381 0.381172 2.23492
-0.530601 0.15354 2.2668
-0.536922 0.122978 2.27213
-0.0780689 0.667243 2.14544
0.14027 0.563742 2.16727
0.0687843 0.74641 2.03462
0.0568794 0.797788 2.01626
-0.327627 0.164183 2.23823
-0.382761 -0.192339 2.35537
-0.371522 -0.563661 2.50305
-0.388367 -0.618991 2.42562
-0.177781 0.166082 2.24042
-0.154554 -0.19558 2.37261
-0.195674 -0.574257 2.50277
-0.188506 -0.632453 2.41764
-0.257444 0.675341 2.12094
-0.551613 0.0386172 2.29771
-0.486227 0.146517 2.24789
0.0369176 0.861685 1.98424
0.00357555 0.766285 1.99819
-0.256501 0.167496 2.27532
-0.257449 0.461595 2.19066
-0.256422 0.744316 2.09435
-0.259639 0.901856 2.07723
-0.423965 0.646509 2.14381
-0.494792 0.380966 2.23338
-0.530289 0.153807 2.26659
-0.539913 0.123088 2.27598
-0.0786236 0.66749 2.14639
0.145333 0.56798 2.17204
0.164417 0.757142 2.03083
0.167491 0.816992 2.00596
-0.327288 0.163767 2.23803
-0.382809 -0.193091 2.35513
-0.371518 -0.563678 2.50318
-0.388231 -0.619434 2.42477
-0.177412 0.16587 2.24046
-0.153607 -0.199674 2.37336
-0.195679 -0.574632 2.50256
-0.188149 -0.633367 2.41612
-0.256986 0.675313 2.1205
-0.554078 0.0403479 2.30135
-0.492635 0.140887 2.24599
0.168814 0.884611 1.98105
0.117276 0.793174 1.97526
-0.256656 0.167247 2.2751
-0.257535 0.46149 2.19035
-0.256601 0.744348 2.09386
-0.261234 0.902194 2.07789
-0.420522 0.646719 2.15065
-0.495162 0.382794 2.23301
-0.530216 0.15568 2.26677
-0.541429 0.123859 2.27932
-0.078826 0.667379 2.14598
0.157112 0.590741 2.16699
0.274183 0.751435 2.03962
0.303601 0.815429 2.02076
-0.32746 0.163599 2.23784
-0.382921 -0.193504 2.35476
-0.372805 -0.565414 2.50365
-0.388074 -0.619982 2.42365
-0.177572 0.165508 2.24022
-0.154337 -0.199247 2.37266
-0.195641 -0.574486 2.50233
-0.188152 -0.633517 2.41565
-0.257119 0.6753 2.12006
-0.558764 0.0394512 2.3057
-0.50076 0.145286 2.25605
0.337715 0.877546 2.00455
0.252431 0.808349 1.97938
-0.257512 0.167325 2.27465
-0.258969 0.461833 2.18982
-0.259043 0.745057 2.09337
-0.271654 0.903937 2.08116
-0.430381 0.644932 2.1489
-0.497221 0.382292 2.23492
-0.53061 0.154881 2.26821
-0.541291 0.123117 2.28171
-0.0796153 0.667368 2.14551
0.164417 0.599829 2.16739
0.379774 0.681195 2.09599
0.446065 0.718009 2.08607
-0.328295 0.163662 2.23756
-0.382999 -0.193656 2.35457
-0.374275 -0.566252 2.50442
-0.388873 -0.619344 2.42508
-0.17856 0.165684 2.23959
-0.156852 -0.195758 2.37344
-0.195319 -0.573629 2.50211
-0.188252 -0.633167 2.41622
-0.25928 0.675912 2.11954
-0.556155 0.0408445 2.30702
-0.494866 0.142173 2.24716
0.516867 0.762836 2.09185
0.420577 0.741746 2.03615
-0.259062 0.167433 2.27381
-0.260864 0.462273 2.18921
-0.261341 0.745945 2.09311
-0.281226 0.9053 2.08362
-0.434781 0.64496 2.15034
-0.498393 0.381814 2.23727
-0.530855 0.154095 2.26948
-0.538569 0.118943 2.28326
-0.0824791 0.667148 2.14024
0.163721 0.598762 2.16734
0.391791 0.621162 2.12288
0.474117 0.655505 2.12585
-0.329721 0.163521 2.23764
-0.383316 -0.191074 2.35265
-0.374341 -0.564966 2.50358
-0.388661 -0.619335 2.42504
-0.18046 0.166146 2.23738
-0.159049 -0.196231 2.37575
-0.194928 -0.573378 2.50196
-0.188768 -0.633508 2.41635
-0.261478 0.676682 2.11917
-0.554895 0.0365706 2.3099
-0.491836 0.137249 2.25228
0.552984 0.680509 2.13491
0.464839 0.688189 2.0739
-0.260948 0.167094 2.27327
-0.263036 0.462554 2.18883
-0.263769 0.746866 2.09292
-0.287003 0.905732 2.08588
-0.433575 0.645361 2.15525
-0.498102 0.381618 2.2382
-0.530852 0.154155 2.27128
-0.535196 0.118516 2.28495
-0.0843525 0.665507 2.13831
0.161733 0.593349 2.16929
0.391149 0.608981 2.13028
0.468034 0.655972 2.128
-0.3319 0.163205 2.23768
-0.38314 -0.190662 2.35244
-0.374565 -0.565968 2.50408
-0.388365 -0.619976 2.42466
-0.181978 0.165785 2.23646
-0.159742 -0.194644 2.37555
-0.194736 -0.573128 2.50217
-0.188984 -0.632921 2.41675
-0.263851 0.677443 2.11893
-0.547971 0.035918 2.31204
-0.483198 0.143296 2.2503
0.550714 0.674163 2.14565
0.45683 0.686516 2.07295
-0.261689 0.166991 2.27289
-0.263839 0.462742 2.18879
-0.264705 0.747463 2.09342
-0.287666 0.90631 2.0873
-0.435933 0.644533 2.15391
-0.498756 0.381646 2.23955
-0.53051 0.154615 2.2753
-0.534081 0.114276 2.28713
-0.0848124 0.665293 2.13909
0.163495 0.593738 2.17272
0.356725 0.697965 2.09108
0.407555 0.752013 2.07227
-0.332586 0.163151 2.23735
-0.382827 -0.188708 2.35229
-0.373565 -0.564198 2.50302
-0.388587 -0.619689 2.42552
-0.182651 0.165622 2.23616
-0.160476 -0.199265 2.37648
-0.1946 -0.572875 2.50191
-0.18888 -0.633307 2.41624
-0.264757 0.677927 2.11927
-0.543407 0.0331146 2.31591
-0.487998 0.133892 2.24951
0.474642 0.797679 2.07364
0.369255 0.763149 2.019
-0.261918 0.166938 2.27281
-0.263795 0.462859 2.18906
-0.264098 0.747916 2.09439
-0.282822 0.906824 2.08946
-0.430224 0.644944 2.15642
-0.498864 0.382368 2.24026
-0.530606 0.155216 2.2754
-0.536078 0.115839 2.28542
-0.0844426 0.665188 2.14028
0.166184 0.604991 2.16983
0.286547 0.766106 2.04705
0.297828 0.829159 2.02987
-0.332827 0.163238 2.23716
-0.383316 -0.187913 2.35146
-0.373756 -0.564452 2.50329
-0.388578 -0.619488 2.42554
-0.182878 0.165372 2.23628
-0.159693 -0.195551 2.37307
-0.194779 -0.572964 2.50216
-0.188798 -0.633846 2.41574
-0.264333 0.678286 2.12003
-0.546166 0.0330163 2.31503
-0.497357 0.113822 2.25342
0.338008 0.889799 2.01868
0.245325 0.827185 1.98892
-0.262011 0.166996 2.27307
-0.263695 0.462896 2.18941
-0.263724 0.747882 2.09483
-0.276982 0.90763 2.09245
-0.428661 0.644475 2.15469
-0.498955 0.382924 2.24013
-0.530069 0.155429 2.27394
-0.535454 0.114702 2.27893
-0.0834959 0.667583 2.14629
0.159956 0.594618 2.1682
0.175785 0.78764 2.03306
0.163392 0.844289 2.01678
-0.332917 0.163408 2.23712
-0.382907 -0.190183 2.35278
-0.37329 -0.563758 2.50272
-0.388318 -0.619797 2.42507
-0.182928 0.165249 2.23721
-0.159729 -0.198295 2.37478
-0.194425 -0.572561 2.50221
-0.189089 -0.632992 2.41677
-0.26403 0.678278 2.12045
-0.544329 0.0344922 2.30449
-0.488338 0.131283 2.24575
0.168766 0.913581 1.99955
0.112137 0.827073 1.99043
-0.261554 0.166748 2.27386
-0.262868 0.463164 2.19094
-0.262426 0.748775 2.09714
-0.274157 0.907777 2.09446
-0.422287 0.645951 2.15905
-0.496732 0.381001 2.23793
-0.529247 0.15376 2.27169
-0.533825 0.113152 2.27487
-0.083601 0.667702 2.14787
0.153752 0.584808 2.1687
0.0815804 0.771924 2.04422
0.0465387 0.817804 2.02768
-0.332502 0.163266 2.23759
-0.382699 -0.188724 2.35125
-0.373021 -0.563184 2.50253
-0.388277 -0.619921 2.42517
-0.182405 0.164882 2.23839
-0.159185 -0.19767 2.37513
-0.194606 -0.572674 2.50221
-0.189071 -0.633313 2.41661
-0.262842 0.679013 2.12258
-0.54251 0.0336837 2.2999
-0.51708 0.0642084 2.2592
0.023867 0.880676 2.00418
0.000443928 0.787381 2.01832
-0.259546 0.167259 2.27573
-0.261874 0.463464 2.19257
-0.262153 0.748815 2.09865
-0.272544 0.907774 2.09595
-0.420066 0.64653 2.16087
-0.497228 0.380549 2.23849
-0.527123 0.152057 2.26779
-0.528594 0.113364 2.27004
-0.0842636 0.669288 2.14889
0.131989 0.578815 2.16251
0.0276674 0.756135 2.04722
0.00317682 0.809027 2.04078
-0.330537 0.16351 2.23878
-0.382222 -0.188556 2.35064
-0.372834 -0.563759 2.50353
-0.388522 -0.619688 2.42536
-0.18037 0.165719 2.24099
-0.156343 -0.200248 2.37536
-0.195154 -0.572897 2.50258
-0.189059 -0.632383 2.4176
-0.262399 0.679127 2.1241
-0.53873 0.0339254 2.29106
-0.479233 0.135097 2.23412
-0.0273724 0.87008 2.02114
-0.0419757 0.769824 2.03611
-0.258165 0.166843 2.27785
-0.261724 0.463418 2.19413
-0.26308 0.748932 2.0999
-0.272314 0.907691 2.09654
-0.426859 0.645379 2.15736
-0.495144 0.379808 2.23754
-0.525185 0.151357 2.26694
-0.528328 0.108537 2.27468
-0.0853372 0.668619 2.14954
0.147049 0.579518 2.16902
0.0934655 0.771819 2.04314
0.0812612 0.831788 2.02152
-0.328935 0.162739 2.24138
-0.381062 -0.190888 2.35268
-0.372544 -0.563761 2.50319
-0.3882 -0.619619 2.42521
-0.17924 0.165638 2.24262
-0.153616 -0.2027 2.37692
-0.195741 -0.573755 2.50272
-0.189181 -0.633472 2.41667
-0.263023 0.679206 2.12541
-0.533791 0.0280951 2.29961
-0.478812 0.134639 2.2358
0.0676315 0.902216 2.00373
0.0323603 0.806612 2.00153
-0.25774 0.166928 2.2792
-0.262074 0.463592 2.19538
-0.264423 0.749183 2.10103
-0.272699 0.907298 2.09705
-0.431807 0.643948 2.15587
-0.495464 0.379232 2.23775
-0.523411 0.150635 2.26781
-0.528496 0.110362 2.27987
-0.0856473 0.66855 2.15017
0.150218 0.59264 2.16162
0.189319 0.783461 2.02841
0.199308 0.849594 2.00636
-0.328451 0.162633 2.24253
-0.380069 -0.192196 2.35473
-0.372301 -0.563802 2.50315
-0.388675 -0.619459 2.4253
-0.178891 0.165956 2.24414
-0.152825 -0.195785 2.3736
-0.19543 -0.573041 2.50278
-0.189133 -0.631971 2.41828
-0.264086 0.679443 2.12658
-0.540034 0.0257482 2.3049
-0.475659 0.12804 2.22938
0.213974 0.914516 1.98685
0.149003 0.835101 1.98053
-0.259273 0.167719 2.28063
-0.263469 0.464226 2.19633
-0.265828 0.749673 2.10144
-0.273529 0.906962 2.09756
-0.436164 0.643284 2.15684
-0.496058 0.380599 2.23826
-0.523365 0.151987 2.26873
-0.535498 0.0835174 2.29264
-0.0867315 0.669184 2.15057
0.15948 0.602769 2.15526
0.254977 0.777363 2.0291
0.282654 0.834102 2.01001
-0.330054 0.163422 2.24414
-0.380027 -0.192478 2.35521
-0.37229 -0.563729 2.50278
-0.388564 -0.61955 2.4255
-0.1803 0.166721 2.24535
-0.153959 -0.193712 2.37364
-0.195347 -0.572851 2.50262
-0.189116 -0.631666 2.41855
-0.265494 0.679968 2.12713
-0.531983 0.0160658 2.31303
-0.512452 0.0532777 2.27336
0.317736 0.89278 1.98885
0.23502 0.836467 1.97764
-0.261571 0.169067 2.28105
-0.268375 0.465192 2.19763
-0.273988 0.74984 2.10337
-0.282515 0.905683 2.09896
-0.44457 0.641966 2.15893
-0.497891 0.38195 2.24169
-0.52183 0.153164 2.27319
-0.53471 0.0833009 2.29486
-0.0877043 0.669732 2.15051
0.163672 0.604368 2.15625
0.366123 0.690355 2.07454
0.432635 0.722776 2.06148
-0.332525 0.164844 2.24544
-0.379501 -0.192471 2.35626
-0.372362 -0.5634 2.5028
-0.388042 -0.620121 2.42522
-0.182496 0.168049 2.24498
-0.16131 -0.200381 2.38298
-0.19517 -0.572997 2.50291
-0.189256 -0.632465 2.4184
-0.272846 0.680371 2.12894
-0.530629 0.0105914 2.31383
-0.509169 0.0633633 2.2695
0.498122 0.758631 2.05586
0.405357 0.741143 2.00764
-0.264622 0.169058 2.28085
-0.272021 0.465124 2.19752
-0.277803 0.749803 2.10316
-0.287445 0.90535 2.09832
-0.448174 0.641145 2.15982
-0.499458 0.380773 2.2453
-0.521325 0.151319 2.27418
-0.529218 0.101715 2.28991
-0.0897738 0.669103 2.14847
0.159598 0.601517 2.15869
0.377145 0.65374 2.09004
0.445706 0.706615 2.0832
-0.335616 0.164569 2.24583
-0.379552 -0.192544 2.35707
-0.372218 -0.56319 2.5023
-0.387946 -0.619914 2.42555
-0.185441 0.168271 2.24415
-0.163954 -0.201145 2.38258
-0.195391 -0.573025 2.50313
-0.189371 -0.634154 2.41715
-0.276657 0.680317 2.12877
-0.534039 0.0226593 2.31601
-0.476148 0.133662 2.2348
0.520079 0.737307 2.08898
0.420844 0.731745 2.02992
-0.265767 0.169136 2.2808
-0.273061 0.465123 2.19741
-0.27868 0.749754 2.10297
-0.28884 0.905069 2.09777
-0.449084 0.640939 2.15983
-0.499879 0.380699 2.24619
-0.521579 0.151374 2.27564
-0.529668 0.102219 2.29137
-0.0918523 0.669278 2.1464
0.159733 0.600844 2.16185
0.367582 0.67717 2.08604
0.410768 0.749194 2.07215
-0.33666 0.164687 2.24591
-0.380779 -0.188362 2.35516
-0.372218 -0.563307 2.50246
-0.388382 -0.620176 2.42474
-0.186627 0.168286 2.24395
-0.160134 -0.171069 2.366
-0.195572 -0.573435 2.50297
-0.189204 -0.635384 2.4159
-0.277578 0.680276 2.1286
-0.536199 0.0225688 2.31903
-0.48878 0.122042 2.2449
0.475137 0.794502 2.07285
0.377168 0.769879 2.01817
-0.267041 0.168998 2.28103
-0.273205 0.464935 2.19739
-0.278274 0.749378 2.10276
-0.287573 0.904736 2.09659
-0.448924 0.640925 2.15964
-0.500534 0.381888 2.24607
-0.522279 0.152781 2.27645
-0.527579 0.0989186 2.29112
-0.0917902 0.669338 2.14716
0.158716 0.608809 2.16477
0.299099 0.766214 2.06252
0.318737 0.824277 2.04662
-0.33779 0.164757 2.24589
-0.381882 -0.190845 2.35737
-0.373558 -0.565199 2.50369
-0.388286 -0.62036 2.42462
-0.188022 0.167902 2.24447
-0.161975 -0.187587 2.37427
-0.195267 -0.573817 2.50309
-0.188889 -0.6335 2.41747
-0.277375 0.679991 2.12847
-0.53095 0.0219922 2.31711
-0.480446 0.114345 2.23167
0.36313 0.883455 2.04031
0.268664 0.821553 2.00333
-0.267856 0.169041 2.28161
-0.273001 0.464932 2.1974
-0.275599 0.749331 2.10188
-0.283597 0.905081 2.09551
-0.445972 0.640972 2.15711
-0.497728 0.381407 2.24212
-0.523371 0.153658 2.27697
-0.526383 0.0969834 2.28779
-0.091595 0.669633 2.14837
0.157139 0.607866 2.16427
0.200687 0.804701 2.04341
0.188293 0.865115 2.03477
-0.33859 0.165076 2.24577
-0.382826 -0.191587 2.35854
-0.375114 -0.565903 2.50453
-0.387919 -0.620531 2.42487
-0.189036 0.167632 2.24621
-0.160665 -0.197263 2.37832
-0.195414 -0.574009 2.5029
-0.188688 -0.635517 2.41523
-0.275514 0.679947 2.1279
-0.525157 0.0219861 2.31642
-0.48119 0.122371 2.23256
0.20555 0.932428 2.02123
0.134056 0.852989 2.00369
-0.268055 0.169002 2.28186
-0.272378 0.464844 2.19761
-0.27339 0.749236 2.10198
-0.278335 0.904835 2.09575
-0.443422 0.641385 2.15431
-0.498439 0.382358 2.23924
-0.522517 0.153724 2.27066
-0.522437 0.0982123 2.27438
-0.0917004 0.669952 2.14927
0.140209 0.595388 2.16273
0.0587044 0.787241 2.05423
0.0231853 0.83386 2.04551
-0.338714 0.16516 2.2457
-0.38331 -0.192947 2.35861
-0.3757 -0.565346 2.50377
-0.38798 -0.620431 2.42505
-0.18931 0.167411 2.24685
-0.162015 -0.199193 2.38042
-0.19543 -0.574042 2.50318
-0.188473 -0.632962 2.41816
-0.273643 0.679834 2.12802
-0.521433 0.0226367 2.29805
-0.482423 0.11809 2.22809
0.00160862 0.899206 2.03038
-0.0219342 0.804559 2.0368
-0.267749 0.169534 2.28207
-0.271716 0.465043 2.19777
-0.272566 0.749152 2.10205
-0.276577 0.90472 2.09656
-0.443353 0.64138 2.15411
-0.497688 0.381444 2.23423
-0.521373 0.152456 2.26403
-0.518114 0.102565 2.26448
-0.0920952 0.670982 2.15021
0.129157 0.592051 2.15586
0.00780537 0.769967 2.06293
-0.0352848 0.81862 2.06122
-0.338233 0.165861 2.24521
-0.383558 -0.187731 2.35319
-0.374547 -0.564691 2.50289
-0.388144 -0.620268 2.42506
-0.189006 0.168088 2.24784
-0.161402 -0.206962 2.3839
-0.195574 -0.574091 2.50297
-0.188937 -0.636267 2.41507
-0.272807 0.679819 2.1281
-0.521265 0.026615 2.28465
-0.477591 0.0952484 2.2183
-0.0720188 0.870555 2.03886
-0.0770062 0.776377 2.05927
-0.266992 0.169587 2.28224
-0.271226 0.465067 2.19788
-0.272566 0.749041 2.10213
-0.276097 0.904831 2.09726
-0.441943 0.641477 2.15022
-0.497834 0.380761 2.23288
-0.520016 0.151017 2.25935
-0.516265 0.100155 2.26127
-0.0930566 0.671645 2.15069
0.126358 0.586861 2.15436
0.0168583 0.771788 2.06057
-0.00288458 0.828074 2.04964
-0.337092 0.165852 2.24461
-0.383315 -0.192175 2.35517
-0.374903 -0.565883 2.50374
-0.388364 -0.620961 2.42457
-0.188293 0.168191 2.24865
-0.160895 -0.208832 2.38348
-0.195686 -0.574149 2.50278
-0.188814 -0.636593 2.41443
-0.272648 0.679757 2.12819
-0.516303 0.0219304 2.28163
-0.475543 0.0801416 2.21333
-0.0338732 0.890751 2.03479
-0.0465616 0.793627 2.04105
-0.2665 0.169326 2.28267
-0.271203 0.464959 2.19814
-0.273304 0.74901 2.10243
-0.276722 0.905431 2.09819
-0.442078 0.64118 2.14891
-0.497321 0.381214 2.2313
-0.519742 0.151619 2.25852
-0.517731 0.0983676 2.26389
-0.0939848 0.671652 2.15089
0.13834 0.59359 2.16158
0.0965052 0.792539 2.04322
0.088553 0.856705 2.02479
-0.336545 0.165507 2.24479
-0.383227 -0.19338 2.35577
-0.374074 -0.56545 2.5034
-0.388221 -0.62107 2.42475
-0.187924 0.167994 2.24922
-0.159642 -0.20378 2.38126
-0.195618 -0.574041 2.50294
-0.188822 -0.636284 2.41488
-0.273092 0.679695 2.12844
-0.518318 0.0213503 2.28267
-0.478085 0.0976234 2.21799
0.0797053 0.926301 2.00738
0.0415677 0.831966 2.00512
-0.266494 0.169484 2.28298
-0.271493 0.465069 2.19818
-0.274668 0.749198 2.1019
-0.279692 0.906116 2.09867
-0.442919 0.640583 2.1484
-0.497736 0.381202 2.23129
-0.519458 0.151448 2.25802
-0.518313 0.0991285 2.26715
-0.0939391 0.672085 2.1512
0.143606 0.605028 2.15414
0.191449 0.801366 2.03414
0.203821 0.867689 2.01358
-0.336523 0.165593 2.24499
-0.383742 -0.191733 2.35467
-0.374488 -0.565587 2.50364
-0.388289 -0.620906 2.42501
-0.187959 0.168187 2.24957
-0.159894 -0.198425 2.37889
-0.195422 -0.573789 2.50285
-0.188892 -0.633685 2.41726
-0.274114 0.679857 2.12809
-0.522619 0.0210646 2.2877
-0.479321 0.0986787 2.22253
0.224897 0.934163 1.9973
0.154184 0.856577 1.98412
-0.267105 0.169944 2.28336
-0.273547 0.465405 2.19813
-0.27932 0.749294 2.10107
-0.287103 0.906027 2.09786
-0.446373 0.639854 2.14923
-0.497348 0.385219 2.23105
-0.519708 0.155771 2.25927
-0.515867 0.098447 2.26701
-0.0962872 0.672016 2.14837
0.160669 0.616755 2.14571
0.312861 0.759769 2.03863
0.354486 0.813148 2.03122
-0.337313 0.166032 2.24558
-0.384156 -0.191111 2.35447
-0.374799 -0.564668 2.50287
-0.388155 -0.62041 2.42565
-0.188457 0.168698 2.24972
-0.161289 -0.198397 2.38118
-0.195217 -0.574007 2.50296
-0.189219 -0.634593 2.41658
-0.278098 0.680027 2.12744
-0.519558 0.0210375 2.28657
-0.478661 0.078491 2.22317
0.406078 0.864012 2.01932
0.311688 0.821549 1.99024
-0.267438 0.170265 2.28302
-0.274992 0.465589 2.19779
-0.282115 0.749218 2.10095
-0.292135 0.905597 2.09752
-0.451331 0.639487 2.1522
-0.497405 0.383212 2.23293
-0.519885 0.153567 2.25975
-0.51519 0.0932442 2.26827
-0.0985401 0.671847 2.14596
0.169239 0.61254 2.14127
0.354735 0.729781 2.06118
0.403686 0.764996 2.04995
-0.337678 0.166216 2.24566
-0.38437 -0.190771 2.35443
-0.374575 -0.564474 2.50292
-0.388272 -0.620276 2.42587
-0.188798 0.169293 2.2486
-0.163586 -0.195872 2.38129
-0.194774 -0.574082 2.50324
-0.189305 -0.632772 2.41846
-0.280564 0.680021 2.12723
-0.515785 0.0155256 2.28856
-0.478308 0.0723638 2.2215
0.466505 0.812647 2.0378
0.368201 0.783455 2.00471
-0.269213 0.170211 2.28227
-0.27797 0.46528 2.19705
-0.285484 0.748868 2.10043
-0.298685 0.904753 2.09664
-0.455019 0.638693 2.15466
-0.49722 0.381103 2.23559
-0.519716 0.151404 2.26179
-0.515953 0.0927874 2.27336
-0.0976234 0.671479 2.14628
0.155192 0.605571 2.15254
0.374258 0.659445 2.0926
0.440605 0.712257 2.08439
-0.339614 0.165965 2.2457
-0.384887 -0.186005 2.3523
-0.374277 -0.564973 2.50365
-0.38861 -0.620114 2.42572
-0.19057 0.169285 2.24695
-0.165966 -0.208759 2.38693
-0.194753 -0.574249 2.50292
-0.189179 -0.635693 2.41483
-0.283901 0.679658 2.12663
-0.516358 0.0155438 2.29109
-0.47775 0.0886616 2.22267
0.511777 0.744163 2.09015
0.415873 0.743717 2.0387
-0.271152 0.1697 2.28163
-0.280057 0.464832 2.1964
-0.287362 0.748583 2.09986
-0.300157 0.904366 2.09624
-0.455773 0.638782 2.15542
-0.497055 0.380168 2.23734
-0.520627 0.151146 2.26639
-0.515771 0.0934417 2.2757
-0.100453 0.669935 2.1434
0.154097 0.603578 2.15429
0.370586 0.664436 2.09174
0.42444 0.731952 2.08357
-0.341564 0.16545 2.24564
-0.384893 -0.186148 2.35334
-0.373712 -0.564716 2.50315
-0.388494 -0.619881 2.42593
-0.192448 0.168683 2.24566
-0.16609 -0.209219 2.38686
-0.194884 -0.574785 2.50332
-0.189092 -0.636521 2.41412
-0.28585 0.679328 2.12603
-0.516059 0.0156471 2.29731
-0.478187 0.0926914 2.22286
0.485608 0.76695 2.08678
0.387974 0.756392 2.0348
-0.271219 0.169533 2.28156
-0.280027 0.464735 2.19631
-0.287053 0.74842 2.0997
-0.299468 0.904108 2.0957
-0.455459 0.63884 2.15517
-0.497027 0.379871 2.23809
-0.521355 0.1513 2.26884
-0.517561 0.0906171 2.27936
-0.101128 0.669853 2.14268
0.153357 0.604667 2.15779
0.326883 0.735917 2.07258
0.348524 0.794776 2.05744
-0.341653 0.165323 2.24563
-0.384644 -0.18811 2.35537
-0.374569 -0.565453 2.5041
-0.388168 -0.620179 2.42627
-0.192404 0.16842 2.24551
-0.165397 -0.206185 2.38364
-0.194882 -0.57508 2.5034
-0.188982 -0.635958 2.41417
-0.285644 0.679187 2.1259
-0.518531 0.0154838 2.2976
-0.477437 0.0875058 2.22247
0.403023 0.848284 2.05495
0.302214 0.804112 2.01421
-0.2716 0.169388 2.28167
-0.27904 0.464428 2.19609
-0.282598 0.747687 2.09858
-0.291575 0.903494 2.09408
-0.450488 0.638885 2.15223
-0.49506 0.379846 2.23573
-0.523356 0.152994 2.27227
-0.518775 0.0922655 2.27622
-0.0969109 0.670398 2.14592
0.146936 0.59192 2.16967
0.189543 0.788937 2.04898
0.178224 0.849366 2.03531
-0.342009 0.165346 2.24562
-0.385017 -0.191097 2.35822
-0.375102 -0.566469 2.50496
-0.38814 -0.620125 2.42628
-0.192824 0.168024 2.2459
-0.162071 -0.199021 2.37828
-0.194773 -0.575086 2.50294
-0.188894 -0.634525 2.41544
-0.282194 0.678549 2.12503
-0.517129 0.015949 2.28984
-0.478068 0.0944382 2.22022
0.189626 0.921945 2.02612
0.124945 0.839198 1.99967
-0.271549 0.169316 2.28165
-0.277691 0.464134 2.19569
-0.279693 0.747416 2.09772
-0.287177 0.903375 2.09355
-0.448382 0.638861 2.15113
-0.494832 0.380122 2.23479
-0.523333 0.153047 2.27007
-0.517008 0.109238 2.26843
-0.096798 0.670284 2.14605
0.152881 0.588489 2.17908
0.115586 0.782375 2.05057
0.0887919 0.847269 2.03143
-0.341946 0.165352 2.24546
-0.385033 -0.191846 2.35879
-0.375022 -0.566404 2.5046
-0.388119 -0.620084 2.42625
-0.192688 0.16775 2.24608
-0.16174 -0.199798 2.37942
-0.194793 -0.575055 2.50295
-0.188916 -0.63484 2.41503
-0.279634 0.678257 2.12428
-0.522463 0.0338132 2.28263
-0.476415 0.106757 2.216
0.0765667 0.920892 2.02389
0.0390724 0.819241 2.00847
