-0.126389 -0.0525155 2.30673
-0.130097 0.249848 2.28605
-0.13295 0.542301 2.25298
-0.120156 0.689646 2.23787
-0.28465 0.414779 2.22942
-0.329573 0.164325 2.26957
-0.339928 -0.0582966 2.2346
-0.327379 -0.0596014 2.23405
0.0516083 0.449755 2.26954
0.272152 0.439152 2.21316
0.245695 0.653778 2.15467
0.244876 0.682419 2.15942
-0.197376 -0.0541951 2.26273
-0.195201 -0.347751 2.35458
-0.20031 -0.652105 2.41561
-0.20024 -0.731165 2.33383
-0.0514548 -0.049277 2.27815
-0.0543614 -0.356318 2.36305
-0.0777202 -0.651424 2.42735
-0.0619216 -0.731638 2.3486
-0.132382 0.4706 2.26344
-0.324678 -0.136078 2.24075
-0.286533 -0.0717895 2.21312
0.232407 0.752703 2.15504
0.283734 0.699883 2.14625
-0.125145 -0.0524087 2.30567
-0.129435 0.24996 2.28528
-0.132634 0.542368 2.25225
-0.120632 0.68964 2.23686
-0.285943 0.413729 2.22784
-0.326775 0.163907 2.26753
-0.336221 -0.0586598 2.2316
-0.324146 -0.0634364 2.23189
0.0530297 0.45133 2.26585
0.274787 0.448419 2.21625
0.249001 0.66308 2.1578
0.245286 0.692642 2.16284
-0.196014 -0.0542918 2.26182
-0.195168 -0.348259 2.35446
-0.2006 -0.652039 2.4158
-0.200054 -0.731259 2.33336
-0.0503102 -0.0489044 2.27676
-0.053131 -0.355419 2.36149
-0.076904 -0.65105 2.42677
-0.0626942 -0.731672 2.34995
-0.131988 0.47069 2.26273
-0.323511 -0.13542 2.23795
-0.280693 -0.0641246 2.20596
0.237243 0.768114 2.16264
0.285107 0.700245 2.14727
-0.122614 -0.0530444 2.30325
-0.12683 0.249527 2.28215
-0.129651 0.541829 2.24827
-0.119983 0.688428 2.23399
-0.284946 0.412405 2.22664
-0.323621 0.162532 2.26517
-0.332649 -0.0599958 2.22873
-0.320461 -0.0659952 2.2282
0.0553107 0.450502 2.2613
0.276532 0.43977 2.20905
0.252283 0.655575 2.15518
0.249163 0.688683 2.15279
-0.193392 -0.0552204 2.2601
-0.193278 -0.34765 2.35276
-0.200438 -0.651936 2.41581
-0.200371 -0.730972 2.33261
-0.0479716 -0.0491934 2.27359
-0.0503931 -0.353166 2.35873
-0.0755037 -0.649121 2.42554
-0.0626273 -0.731504 2.34833
-0.129106 0.470217 2.25895
-0.319996 -0.141551 2.23713
-0.279697 -0.0754062 2.20711
0.239734 0.757269 2.14741
0.289106 0.689766 2.13355
-0.122433 -0.053334 2.30119
-0.126406 0.249288 2.28074
-0.12907 0.541542 2.24699
-0.118959 0.687884 2.2309
-0.284191 0.41216 2.22508
-0.323531 0.162799 2.26354
-0.333302 -0.0597973 2.22802
-0.325043 -0.0659163 2.22763
0.0561352 0.45006 2.25828
0.275471 0.430872 2.19799
0.259756 0.64596 2.13698
0.258857 0.691818 2.12706
-0.193303 -0.0554028 2.25782
-0.193297 -0.348185 2.35228
-0.200352 -0.6512 2.41646
-0.201506 -0.730704 2.3334
-0.0477431 -0.049576 2.27163
-0.0508928 -0.352832 2.35694
-0.0752134 -0.649474 2.42527
-0.0630503 -0.731005 2.3489
-0.128503 0.469962 2.25758
-0.326435 -0.136373 2.23531
-0.279352 -0.075736 2.20219
0.264754 0.773282 2.14335
0.304241 0.709087 2.1364
-0.12075 -0.0499932 2.30123
-0.124927 0.251744 2.28268
-0.128074 0.543419 2.25257
-0.112567 0.690115 2.24574
-0.278864 0.414034 2.22633
-0.327056 0.165073 2.25994
-0.338903 -0.0570494 2.22122
-0.326188 -0.0650758 2.22101
0.0526018 0.454512 2.26321
0.220495 0.496033 2.10567
0.049258 0.621268 2.02613
0.0181448 0.640968 2.00979
-0.191895 -0.0523765 2.2552
-0.195333 -0.348501 2.3511
-0.201098 -0.650995 2.41532
-0.201802 -0.730634 2.33419
-0.0455976 -0.045308 2.27495
-0.056137 -0.34541 2.35362
-0.0768972 -0.650339 2.4267
-0.0630574 -0.730339 2.34941
-0.127392 0.471992 2.26217
-0.328838 -0.134915 2.22587
-0.284237 -0.0692945 2.20257
-0.0336774 0.698778 1.99299
0.0498397 0.661788 1.97482
-0.129374 -0.0527605 2.30567
-0.131589 0.243229 2.28486
-0.133929 0.52675 2.25116
-0.125419 0.702363 2.24541
-0.286039 0.412745 2.24042
-0.336166 0.175487 2.27492
-0.346006 -0.047432 2.24219
-0.339396 -0.0653499 2.24883
0.0435953 0.449016 2.26318
0.194375 0.452414 2.08201
-0.0760339 0.465793 2.05449
-0.113619 0.510415 2.04916
-0.202628 -0.0543962 2.2634
-0.19431 -0.348374 2.35218
-0.201384 -0.65363 2.41673
-0.201479 -0.73073 2.33504
-0.0523813 -0.0493989 2.276
-0.061739 -0.357058 2.36012
-0.0787164 -0.651364 2.42697
-0.0625252 -0.73085 2.34879
-0.133548 0.457398 2.26204
-0.344076 -0.136648 2.25537
-0.294176 -0.0718934 2.21586
-0.178666 0.533688 2.03741
-0.114951 0.459548 2.0598
-0.131253 -0.0494795 2.30709
-0.133449 0.245174 2.28462
-0.135602 0.530782 2.24963
-0.130553 0.701401 2.2461
-0.290534 0.411548 2.23697
-0.338079 0.179744 2.27585
-0.347299 -0.0434768 2.24592
-0.338401 -0.0688967 2.24103
0.0422516 0.452457 2.26524
0.205407 0.470294 2.09725
-0.00239191 0.542453 2.02463
-0.0634593 0.557177 2.0275
-0.204024 -0.0502334 2.26391
-0.194695 -0.348812 2.35312
-0.201356 -0.654003 2.41656
-0.200934 -0.730956 2.33467
-0.0543126 -0.046825 2.2776
-0.062323 -0.356575 2.36096
-0.0801957 -0.652249 2.427
-0.0625668 -0.731065 2.34846
-0.135218 0.460735 2.26047
-0.338039 -0.143631 2.25357
-0.296856 -0.0981967 2.23225
-0.126403 0.583417 2.03108
-0.0693749 0.499483 2.01179
-0.128298 -0.0457544 2.30882
-0.136157 0.254729 2.28982
-0.143712 0.546479 2.2591
-0.128937 0.693818 2.24996
-0.287612 0.414218 2.23315
-0.339733 0.168024 2.26717
-0.347885 -0.0548204 2.23314
-0.337686 -0.0721126 2.23256
0.0355244 0.463889 2.26355
0.239126 0.504563 2.1638
0.204746 0.710365 2.07921
0.214194 0.758737 2.08878
-0.199617 -0.0483887 2.26265
-0.197516 -0.345825 2.35214
-0.201929 -0.653985 2.41636
-0.200352 -0.731 2.33457
-0.0529585 -0.0410537 2.28299
-0.0619948 -0.360474 2.36514
-0.0803039 -0.651744 2.42682
-0.0625696 -0.731312 2.34824
-0.141944 0.474942 2.26895
-0.34523 -0.1425 2.24184
-0.292565 -0.0783938 2.21332
0.210228 0.840419 2.10062
0.17014 0.748838 2.06496
-0.132147 -0.0466742 2.3102
-0.139522 0.255878 2.29095
-0.146512 0.54845 2.25955
-0.130715 0.693893 2.24979
-0.291108 0.4146 2.23195
-0.342485 0.162166 2.26261
-0.348451 -0.0607256 2.22844
-0.338856 -0.0644099 2.22997
0.0369694 0.462264 2.27043
0.255796 0.455266 2.20461
0.30032 0.66525 2.1413
0.333949 0.688119 2.15708
-0.202187 -0.0494203 2.26202
-0.198624 -0.349971 2.35447
-0.202442 -0.654136 2.41648
-0.201109 -0.731056 2.33437
-0.0582599 -0.0422143 2.28647
-0.0643259 -0.36299 2.36645
-0.0803465 -0.651564 2.42739
-0.0629561 -0.731339 2.34804
-0.144871 0.476752 2.26958
-0.341314 -0.136103 2.23473
-0.298926 -0.0933257 2.22647
0.375797 0.749618 2.18085
0.299196 0.710017 2.13979
-0.137234 -0.0498402 2.3089
-0.143558 0.2543 2.29167
-0.149519 0.547962 2.26199
-0.133633 0.69476 2.25311
-0.295668 0.415522 2.23404
-0.346823 0.159934 2.2634
-0.352196 -0.0630602 2.23019
-0.348277 -0.0673065 2.23023
0.033287 0.455268 2.2766
0.241019 0.382094 2.21209
0.350165 0.570332 2.16181
0.385295 0.577974 2.16842
-0.207081 -0.0528 2.25988
-0.198815 -0.352685 2.35565
-0.201273 -0.654639 2.41649
-0.202691 -0.731152 2.33518
-0.0632026 -0.045289 2.28545
-0.0669188 -0.360039 2.36453
-0.0808508 -0.652357 2.42774
-0.0635648 -0.731227 2.34692
-0.148138 0.476007 2.27159
-0.349533 -0.137147 2.23379
-0.297504 -0.0696621 2.20663
0.43833 0.616561 2.19306
0.441067 0.541931 2.1585
-0.141017 -0.0496103 2.31073
-0.147596 0.254312 2.29582
-0.15341 0.547873 2.26883
-0.138574 0.69569 2.25967
-0.300653 0.4171 2.24041
-0.351495 0.159825 2.26745
-0.357839 -0.0630552 2.23351
-0.354034 -0.0644116 2.23889
0.0299179 0.455015 2.27879
0.238788 0.437919 2.18169
0.311504 0.641173 2.12368
0.33698 0.671145 2.13211
-0.2112 -0.0524865 2.26202
-0.199662 -0.354458 2.35804
-0.201619 -0.655573 2.41726
-0.202506 -0.7312 2.33583
-0.066482 -0.0451684 2.2869
-0.0690043 -0.360179 2.36542
-0.0817773 -0.65338 2.42847
-0.062838 -0.733047 2.34465
-0.15212 0.475928 2.27775
-0.364392 -0.132122 2.23936
-0.302217 -0.073218 2.2172
0.39829 0.717268 2.16183
0.382435 0.644486 2.10892
-0.134821 -0.0448702 2.31759
-0.143147 0.257796 2.30264
-0.149738 0.550449 2.27566
-0.134026 0.696567 2.26827
-0.297177 0.417841 2.24563
-0.350226 0.163919 2.27253
-0.359879 -0.0585762 2.23622
-0.348721 -0.0655648 2.23975
0.0282772 0.460984 2.27724
0.187185 0.517375 2.11478
0.0544369 0.674606 2.01999
0.0241325 0.698073 2.02875
-0.205912 -0.0482507 2.26876
-0.200792 -0.354368 2.36005
-0.202073 -0.655161 2.41742
-0.202959 -0.73129 2.33562
-0.0594811 -0.0399101 2.29403
-0.069035 -0.362132 2.36813
-0.0812343 -0.653174 2.42911
-0.063189 -0.731965 2.34763
-0.148334 0.478715 2.28458
-0.354028 -0.130173 2.23811
-0.304069 -0.0536452 2.22145
-0.0129744 0.760852 2.01796
0.0606386 0.726276 2.01269
-0.133039 -0.0430417 2.31928
-0.138161 0.252576 2.29951
-0.139553 0.534994 2.26459
-0.135953 0.711433 2.25592
-0.288097 0.414501 2.24684
-0.344939 0.185129 2.28364
-0.360154 -0.0381325 2.2595
-0.357679 -0.0627452 2.25985
0.0369962 0.458999 2.27488
0.184554 0.467786 2.09114
-0.035137 0.506303 2.05865
-0.0902811 0.533057 2.04424
-0.205706 -0.0449638 2.27179
-0.198878 -0.348423 2.35859
-0.202219 -0.655649 2.41816
-0.202529 -0.73164 2.33528
-0.0568143 -0.0393589 2.29476
-0.0673591 -0.35348 2.36557
-0.0808442 -0.652904 2.42876
-0.0630383 -0.732552 2.34653
-0.139454 0.465877 2.27565
-0.365999 -0.138138 2.2645
-0.309618 -0.0681979 2.24131
-0.167169 0.561918 2.03599
-0.0959303 0.59164 2.08737
-0.135214 -0.0474149 2.32116
-0.136923 0.246028 2.29542
-0.136618 0.528704 2.25492
-0.134603 0.704444 2.25231
-0.29301 0.415783 2.25065
-0.344627 0.179471 2.28501
-0.357655 -0.0438723 2.2601
-0.348833 -0.0681792 2.25412
0.0382201 0.45169 2.27278
0.195254 0.461168 2.09774
-0.0682042 0.506633 2.03848
-0.108249 0.532035 2.05483
-0.208244 -0.0493229 2.27694
-0.197921 -0.350599 2.36046
-0.202498 -0.656305 2.41846
-0.201087 -0.731834 2.33487
-0.0583598 -0.0444318 2.29357
-0.065632 -0.358649 2.36831
-0.0806424 -0.652854 2.42885
-0.0629215 -0.732087 2.3475
-0.136886 0.459341 2.2674
-0.352573 -0.138715 2.26011
-0.302285 -0.0825428 2.23835
-0.16608 0.547772 2.0418
-0.12045 0.558991 2.08829
-0.133217 -0.0423991 2.31915
-0.139177 0.255724 2.29776
-0.145799 0.546321 2.26554
-0.135491 0.696728 2.25314
-0.291448 0.417169 2.24286
-0.347595 0.171165 2.27934
-0.358794 -0.0520696 2.25161
-0.352802 -0.0688976 2.24915
0.0289357 0.45963 2.2686
0.201626 0.502648 2.11719
0.10535 0.684609 2.02356
0.10596 0.718789 2.02639
-0.205174 -0.0447864 2.27161
-0.19908 -0.349036 2.35862
-0.202552 -0.655731 2.41832
-0.202075 -0.731674 2.33591
-0.0570875 -0.0385602 2.29396
-0.067896 -0.35684 2.36744
-0.0805088 -0.651869 2.42869
-0.0633226 -0.732248 2.34752
-0.144218 0.47494 2.27568
-0.362229 -0.138632 2.25897
-0.30336 -0.0800893 2.23244
0.0783811 0.790734 2.02266
0.143343 0.739597 2.02506
-0.135427 -0.0436704 2.31815
-0.142704 0.25716 2.29526
-0.149975 0.548875 2.25961
-0.134371 0.695385 2.24682
-0.296235 0.417924 2.23478
-0.349274 0.167825 2.26907
-0.360681 -0.0555288 2.24333
-0.353612 -0.0654044 2.23779
0.0310199 0.460124 2.26491
0.242967 0.473837 2.17678
0.304177 0.678994 2.11175
0.3302 0.699597 2.1324
-0.206771 -0.0461623 2.26996
-0.200188 -0.351263 2.36003
-0.202191 -0.655344 2.41809
-0.202496 -0.731676 2.33629
-0.0600052 -0.0397833 2.29333
-0.0693015 -0.361406 2.36859
-0.0805165 -0.65145 2.42863
-0.0636835 -0.732123 2.34726
-0.148298 0.477342 2.27078
-0.362171 -0.137672 2.24336
-0.309509 -0.0847339 2.23627
0.368829 0.762352 2.16065
0.373426 0.681518 2.12429
-0.137159 -0.0460937 2.31505
-0.143278 0.256317 2.29148
-0.148775 0.548769 2.25486
-0.132337 0.69442 2.24207
-0.295787 0.417626 2.22894
-0.350379 0.166618 2.26299
-0.363045 -0.0565378 2.23546
-0.356584 -0.0643769 2.23279
0.0366962 0.458552 2.26797
0.255942 0.436106 2.20788
0.336122 0.640238 2.17197
0.362199 0.652494 2.19125
-0.207664 -0.0486172 2.26591
-0.200787 -0.352852 2.36044
-0.20206 -0.655566 2.41814
-0.202838 -0.731744 2.33635
-0.0624715 -0.042196 2.29138
-0.0698275 -0.360349 2.36786
-0.0807073 -0.652284 2.42869
-0.0643568 -0.732221 2.34617
-0.1476 0.477083 2.26628
-0.361961 -0.142074 2.24199
-0.325136 -0.0768513 2.2529
0.406776 0.700232 2.21982
0.415997 0.629737 2.17479
-0.138641 -0.0473179 2.3133
-0.144109 0.255798 2.29004
-0.148894 0.548699 2.25396
-0.132095 0.693627 2.2405
-0.296008 0.417705 2.22784
-0.3506 0.165347 2.26024
-0.362358 -0.0578835 2.233
-0.357358 -0.0641706 2.23225
0.035529 0.458051 2.26934
0.251001 0.400765 2.22124
0.362311 0.589547 2.1825
0.391917 0.608829 2.1843
-0.208762 -0.0499722 2.26408
-0.200499 -0.352895 2.35967
-0.201769 -0.655467 2.41727
-0.202877 -0.731796 2.33593
-0.0642176 -0.043224 2.28972
-0.0702865 -0.358343 2.36679
-0.0817551 -0.652578 2.4283
-0.062881 -0.73324 2.34497
-0.147875 0.476912 2.26523
-0.364546 -0.1376 2.23663
-0.309588 -0.0742857 2.22583
0.469358 0.6317 2.21166
0.439157 0.575044 2.16133
-0.138714 -0.0459501 2.31368
-0.142683 0.257323 2.294
-0.144909 0.550084 2.26398
-0.126611 0.696294 2.25408
-0.293814 0.418634 2.23369
-0.352 0.171406 2.26195
-0.37513 -0.0503278 2.22842
-0.369659 -0.0577172 2.22759
0.035588 0.460734 2.2732
0.232391 0.520834 2.16971
0.165637 0.717325 2.08139
0.147114 0.783472 2.06689
-0.209072 -0.0481309 2.26412
-0.201433 -0.352182 2.35915
-0.20216 -0.655495 2.41702
-0.20333 -0.731976 2.3357
-0.0640858 -0.0421291 2.29062
-0.0701655 -0.360197 2.36651
-0.0819322 -0.652899 2.42815
-0.0632029 -0.73265 2.34619
-0.144572 0.478371 2.27358
-0.375317 -0.130096 2.22758
-0.319385 -0.0455811 2.23052
0.148376 0.860283 2.07369
0.198082 0.803241 2.06443
-0.130117 -0.0416196 2.31495
-0.136323 0.258379 2.29721
-0.140056 0.54824 2.26777
-0.12939 0.684637 2.26359
-0.282354 0.417824 2.24052
-0.349177 0.177695 2.27154
-0.370404 -0.0439636 2.23517
-0.366089 -0.0606349 2.23915
0.038616 0.465118 2.27732
0.200889 0.507401 2.11364
0.00238214 0.593605 2.04716
-0.0353521 0.608 2.0399
-0.201837 -0.0436483 2.26475
-0.201645 -0.350487 2.35741
-0.202586 -0.655544 2.41801
-0.20349 -0.731853 2.33573
-0.0541776 -0.0380767 2.29267
-0.0687218 -0.352081 2.36118
-0.0814122 -0.652987 2.42838
-0.0638269 -0.732106 2.34721
-0.139379 0.477353 2.27738
-0.369961 -0.13062 2.23809
-0.319561 -0.041301 2.2369
-0.0900603 0.669164 2.02867
-0.0120449 0.624913 2.00033
-0.131252 -0.0413156 2.31733
-0.135238 0.25255 2.29707
-0.136822 0.533368 2.26296
-0.126532 0.703184 2.25533
-0.284947 0.414801 2.24527
-0.34481 0.183599 2.27961
-0.363447 -0.039289 2.25407
-0.356148 -0.0622169 2.25229
0.040254 0.463761 2.27624
0.209079 0.49569 2.11712
-0.0807128 0.504516 2.09508
-0.113106 0.550994 2.09815
-0.203773 -0.0427701 2.2691
-0.198345 -0.347706 2.35795
-0.202656 -0.656084 2.41829
-0.203237 -0.732154 2.33576
-0.0547054 -0.0384087 2.29362
-0.0679409 -0.354065 2.36485
-0.0807096 -0.652628 2.42857
-0.064201 -0.731356 2.34721
-0.136621 0.464649 2.27383
-0.364291 -0.137761 2.26244
-0.310265 -0.0638409 2.23879
-0.173313 0.569675 2.09064
-0.0917207 0.588455 2.05943
-0.128781 -0.0386112 2.32024
-0.134236 0.257433 2.30318
-0.13977 0.545722 2.27565
-0.129474 0.692376 2.25807
-0.279489 0.416611 2.24681
-0.343189 0.181611 2.28012
-0.361029 -0.0411519 2.25188
-0.353701 -0.0631876 2.24965
0.0390776 0.475203 2.27966
0.21099 0.508167 2.1245
0.0247268 0.609669 2.04407
-0.00323169 0.644489 2.02771
-0.200998 -0.0407578 2.27199
-0.198428 -0.349052 2.3579
-0.202802 -0.655891 2.41783
-0.202212 -0.732259 2.33568
-0.0526915 -0.0349831 2.2966
-0.0663881 -0.351241 2.36465
-0.0800614 -0.652979 2.42895
-0.063878 -0.731352 2.34774
-0.1384 0.47491 2.28468
-0.358532 -0.138367 2.25956
-0.306635 -0.0534763 2.22968
-0.0675405 0.698411 2.01188
-0.0418375 0.605863 2.01033
-0.132029 -0.0402745 2.32166
-0.137968 0.259612 2.30417
-0.144135 0.550586 2.2747
-0.128947 0.696138 2.26291
-0.288747 0.419387 2.24716
-0.344143 0.173056 2.28
-0.361477 -0.0497381 2.25217
-0.357741 -0.0614087 2.25226
0.0352026 0.467147 2.27565
0.24026 0.491842 2.17273
0.276449 0.6937 2.07942
0.301211 0.714031 2.08854
-0.203327 -0.0427881 2.27396
-0.200053 -0.351511 2.36051
-0.202731 -0.65583 2.41855
-0.202464 -0.732177 2.33543
-0.056932 -0.0364562 2.29696
-0.0676257 -0.361302 2.36946
-0.0800243 -0.652135 2.42879
-0.0639726 -0.730834 2.34747
-0.142705 0.479162 2.28431
-0.37125 -0.132083 2.25634
-0.308715 -0.0727149 2.23563
0.341039 0.780668 2.10805
0.265338 0.733306 2.06361
-0.136468 -0.0436648 2.31719
-0.13828 0.259216 2.30146
-0.139816 0.55181 2.27179
-0.12414 0.69729 2.2605
-0.288043 0.421966 2.24292
-0.346671 0.170743 2.27334
-0.370096 -0.0509696 2.24006
-0.361025 -0.0582035 2.23564
0.0437259 0.459637 2.27968
0.263131 0.456526 2.21665
0.398892 0.627356 2.17277
0.400751 0.61272 2.19796
-0.206617 -0.0455143 2.26812
-0.201094 -0.353372 2.36126
-0.202206 -0.656349 2.41883
-0.20286 -0.73203 2.3363
-0.0621605 -0.040531 2.29325
-0.0685833 -0.361712 2.36983
-0.0799834 -0.652206 2.42909
-0.0634548 -0.731755 2.348
-0.139833 0.479969 2.28147
-0.368904 -0.13125 2.24209
-0.314297 -0.0564607 2.23291
0.446913 0.654106 2.22898
0.382432 0.645632 2.18725
-0.135892 -0.0460971 2.31431
-0.137764 0.258041 2.29915
-0.139105 0.551627 2.27071
-0.123187 0.698148 2.2619
-0.287356 0.421855 2.24024
-0.345403 0.167684 2.26705
-0.365872 -0.0544151 2.23455
-0.358207 -0.0596067 2.2315
0.0441876 0.455476 2.28539
0.25808 0.388925 2.24553
0.406156 0.550181 2.20442
0.462745 0.564475 2.22366
-0.205804 -0.0479275 2.26493
-0.200908 -0.353462 2.36072
-0.202095 -0.656144 2.41903
-0.202716 -0.73214 2.33631
-0.061767 -0.0428354 2.29085
-0.0687754 -0.361185 2.36964
-0.080457 -0.652843 2.42938
-0.0626835 -0.732218 2.34667
-0.139046 0.479635 2.2801
-0.362946 -0.136463 2.2405
-0.309128 -0.0579694 2.22389
0.524147 0.562572 2.2552
0.45989 0.5964 2.22189
-0.136508 -0.0458301 2.31529
-0.138983 0.257795 2.29972
-0.140954 0.551119 2.27167
-0.125688 0.698074 2.26355
-0.2888 0.421747 2.24223
-0.346263 0.167049 2.26958
-0.366277 -0.055199 2.23829
-0.360833 -0.0621661 2.24132
0.0428038 0.458493 2.2857
0.260913 0.440115 2.21915
0.315832 0.642063 2.13685
0.340075 0.685943 2.1365
-0.206435 -0.0477373 2.26613
-0.200363 -0.354686 2.36101
-0.202147 -0.655353 2.41785
-0.202856 -0.731977 2.33656
-0.0623628 -0.0424953 2.29174
-0.0687605 -0.361862 2.3699
-0.080469 -0.652911 2.42913
-0.0634907 -0.73236 2.34604
-0.140629 0.479219 2.28089
-0.371712 -0.135803 2.24886
-0.308603 -0.0640692 2.22858
0.396326 0.738195 2.15574
0.311388 0.717785 2.1265
-0.130471 -0.0403816 2.32136
-0.135856 0.260524 2.30558
-0.139578 0.552009 2.27773
-0.124233 0.697684 2.27201
-0.284884 0.420403 2.24998
-0.342782 0.172492 2.27749
-0.362845 -0.049497 2.24335
-0.354229 -0.0718417 2.24394
0.0400882 0.473435 2.28753
0.213153 0.521332 2.13849
0.0584351 0.662697 2.05267
0.0299555 0.687848 2.04195
-0.201288 -0.0433179 2.27188
-0.199263 -0.351351 2.36013
-0.202357 -0.655177 2.41776
-0.201983 -0.731603 2.33546
-0.0555859 -0.0361043 2.29841
-0.0645505 -0.35736 2.36919
-0.0795793 -0.652288 2.42855
-0.0634829 -0.731634 2.34801
-0.138872 0.480534 2.28685
-0.37214 -0.147998 2.25375
-0.324993 -0.0574593 2.2595
-0.00491731 0.756481 2.03711
-0.0051293 0.647 2.03961
-0.126759 -0.0383693 2.32225
-0.132736 0.254007 2.30656
-0.136533 0.531813 2.27689
-0.12687 0.707479 2.26763
-0.278236 0.414069 2.2518
-0.341325 0.184586 2.28847
-0.361709 -0.0377398 2.25773
-0.358927 -0.0665928 2.26292
0.0402988 0.474696 2.28519
0.209451 0.499224 2.12493
-0.0765809 0.510457 2.08725
-0.105492 0.550964 2.07742
-0.198525 -0.0402904 2.27372
-0.197001 -0.347381 2.35712
-0.202691 -0.655464 2.41789
-0.200647 -0.732014 2.33497
-0.0511516 -0.0350964 2.29852
-0.0643543 -0.35162 2.36684
-0.0792333 -0.652371 2.42804
-0.0630238 -0.731648 2.34775
-0.135764 0.463885 2.28661
-0.371597 -0.139328 2.26767
-0.313726 -0.0771074 2.2592
-0.155953 0.565656 2.07145
-0.0961454 0.593352 2.094
-0.129855 -0.0450934 2.32441
-0.133572 0.249276 2.30086
-0.136064 0.533496 2.2612
-0.128534 0.708839 2.26859
-0.288843 0.41559 2.2579
-0.341693 0.178003 2.28858
-0.359653 -0.0446668 2.25962
-0.349941 -0.0691063 2.2535
0.0371001 0.458443 2.2834
0.208307 0.497193 2.1289
-0.0747203 0.504712 2.08105
-0.108158 0.515998 2.08194
-0.202756 -0.0475699 2.2799
-0.196837 -0.349099 2.35791
-0.202836 -0.655405 2.41886
-0.19962 -0.731902 2.33468
-0.0532067 -0.041564 2.29685
-0.0628395 -0.3587 2.37058
-0.0794963 -0.652069 2.42852
-0.0627827 -0.730671 2.34839
-0.135617 0.463528 2.27355
-0.357814 -0.143023 2.2621
-0.305042 -0.0724261 2.24274
-0.159093 0.535139 2.08498
-0.097672 0.463104 2.10019
-0.126886 -0.0403028 2.32407
-0.131981 0.256494 2.30601
-0.137103 0.544894 2.2774
-0.127337 0.699288 2.26656
-0.277214 0.416481 2.2531
-0.341539 0.18147 2.28699
-0.358626 -0.0412589 2.25759
-0.353831 -0.0656938 2.25796
0.0404066 0.470814 2.28617
0.205959 0.502279 2.12327
0.0481783 0.634233 2.02692
0.0317001 0.648287 2.01733
-0.198826 -0.0424668 2.27643
-0.197868 -0.346093 2.35636
-0.202813 -0.655729 2.41846
-0.199185 -0.732122 2.33461
-0.0509426 -0.0362982 2.2993
-0.0633399 -0.348983 2.36651
-0.0790718 -0.651924 2.4292
-0.0631259 -0.730775 2.34871
-0.135853 0.474149 2.2866
-0.364902 -0.138442 2.26091
-0.303181 -0.0762548 2.23981
-0.00085974 0.708515 1.99531
-0.0187816 0.614868 1.99585
-0.131765 -0.0411507 2.32427
-0.137804 0.259203 2.30677
-0.143267 0.550115 2.27739
-0.126578 0.697947 2.26664
-0.290286 0.419351 2.25211
-0.345351 0.171258 2.2843
-0.365076 -0.0514618 2.2588
-0.359408 -0.0622892 2.25417
0.0377999 0.466481 2.28383
0.248851 0.484501 2.19446
0.29128 0.687115 2.1062
0.326755 0.70939 2.11823
-0.202429 -0.0435702 2.27638
-0.198699 -0.352004 2.36055
-0.202873 -0.655718 2.41819
-0.200051 -0.732288 2.33463
-0.0572967 -0.0371954 2.29975
-0.0664379 -0.361563 2.3716
-0.0794337 -0.652495 2.42863
-0.0633276 -0.731641 2.34786
-0.142034 0.478781 2.28692
-0.370243 -0.137993 2.26282
-0.310388 -0.0668274 2.24233
0.371716 0.767766 2.13411
0.294395 0.734661 2.102
-0.134174 -0.0430639 2.32119
-0.139683 0.259203 2.30575
-0.145083 0.551218 2.27729
-0.126381 0.697675 2.26582
-0.291816 0.420582 2.24807
-0.346428 0.165976 2.27459
-0.364015 -0.0561414 2.23977
-0.356564 -0.0618511 2.23556
0.0391916 0.462617 2.29162
0.254826 0.408788 2.23956
0.361872 0.591943 2.16624
0.395443 0.600444 2.17321
-0.204242 -0.0457461 2.27185
-0.198297 -0.356136 2.3621
-0.202469 -0.655375 2.41774
-0.201791 -0.732242 2.33522
-0.06011 -0.0390517 2.29775
-0.067287 -0.360975 2.37139
-0.0800368 -0.652584 2.42879
-0.0632023 -0.732249 2.34767
-0.14381 0.479602 2.28661
-0.361788 -0.137506 2.24271
-0.325463 -0.0469306 2.25396
0.441038 0.639509 2.19768
0.364222 0.623998 2.1692
-0.135578 -0.0455804 2.31827
-0.139861 0.258522 2.30533
-0.143625 0.551598 2.2796
-0.125259 0.698567 2.2716
-0.291004 0.421594 2.24827
-0.34641 0.165101 2.27438
-0.366935 -0.0569332 2.24151
-0.360941 -0.0586641 2.2427
0.0387841 0.457522 2.29607
0.247941 0.388559 2.23211
0.377446 0.560368 2.16994
0.396682 0.573079 2.16995
-0.205363 -0.0477229 2.26932
-0.198988 -0.355246 2.36085
-0.201469 -0.656073 2.41746
-0.202101 -0.732281 2.33541
-0.0616247 -0.0420665 2.29441
-0.0655582 -0.360392 2.37118
-0.0806799 -0.653178 2.42935
-0.0631484 -0.73246 2.34691
-0.142925 0.479655 2.28802
-0.369831 -0.131784 2.24327
-0.31254 -0.0584632 2.23967
0.465951 0.591499 2.18923
0.389349 0.604571 2.1686
-0.134693 -0.0444338 2.32009
-0.139039 0.259123 2.30707
-0.14233 0.55225 2.28222
-0.124399 0.698911 2.27502
-0.289857 0.4216 2.25271
-0.345114 0.166848 2.27925
-0.367486 -0.0550469 2.24691
-0.360526 -0.0589919 2.24921
0.0418986 0.462138 2.2934
0.242066 0.507051 2.18807
0.273731 0.717442 2.11818
0.268532 0.742837 2.12409
-0.204662 -0.0466125 2.27145
-0.199399 -0.353625 2.36046
-0.201408 -0.655695 2.41717
-0.201778 -0.732188 2.33552
-0.0605563 -0.0408501 2.29615
-0.0650265 -0.362174 2.3721
-0.0799419 -0.653192 2.42961
-0.063013 -0.731885 2.34681
-0.141709 0.480346 2.29052
-0.370542 -0.132265 2.25009
-0.310342 -0.0506021 2.23836
0.303883 0.820137 2.15181
0.225336 0.751938 2.10848
-0.129504 -0.0394625 2.32334
-0.135227 0.262157 2.3095
-0.139234 0.553866 2.28394
-0.122768 0.695853 2.27372
-0.280851 0.422051 2.25341
-0.343595 0.172399 2.28216
-0.367881 -0.0494426 2.25135
-0.358492 -0.0611655 2.24896
0.0437867 0.473115 2.29331
0.215456 0.521364 2.14266
0.0318361 0.626594 2.06106
-0.00722986 0.643962 2.05017
-0.199957 -0.041258 2.27321
-0.200491 -0.350067 2.35893
-0.20211 -0.65552 2.41735
-0.201305 -0.732289 2.33483
-0.0547735 -0.0358909 2.30087
-0.0642872 -0.353111 2.3683
-0.0796095 -0.653057 2.42929
-0.0622954 -0.731665 2.34763
-0.138467 0.48232 2.29247
-0.366996 -0.137922 2.25419
-0.311214 -0.0601238 2.24301
-0.0644948 0.697742 2.03147
-0.0413085 0.601491 2.04211
-0.128575 -0.038484 2.32263
-0.133659 0.255132 2.30226
-0.136293 0.536286 2.26712
-0.126451 0.707805 2.26062
-0.280506 0.413566 2.24786
-0.342314 0.189253 2.28391
-0.364547 -0.0332533 2.25766
-0.359276 -0.062213 2.25624
0.0436879 0.465507 2.27915
0.224062 0.494056 2.13384
0.00603539 0.518842 2.07627
-0.0685228 0.535705 2.06814
-0.200473 -0.0402079 2.27315
-0.198054 -0.348958 2.35831
-0.202598 -0.655572 2.41787
-0.201524 -0.732151 2.33514
-0.0529461 -0.0354793 2.2994
-0.0650298 -0.351412 2.36732
-0.0794433 -0.652791 2.42863
-0.062257 -0.73158 2.34782
-0.135814 0.467444 2.27819
-0.371045 -0.138428 2.26082
-0.30911 -0.0602577 2.23871
-0.146144 0.558692 2.07455
-0.0806147 0.480932 2.05875
-0.130347 -0.0389863 2.31912
-0.134358 0.253594 2.29607
-0.136796 0.535937 2.25921
-0.128961 0.706203 2.24699
-0.286521 0.411226 2.237
-0.341959 0.189019 2.28168
-0.364085 -0.0336311 2.25754
-0.357141 -0.0649375 2.2508
0.0403549 0.468388 2.27317
0.21681 0.484884 2.1204
-0.0126005 0.555251 2.03882
-0.0537265 0.571422 2.04493
-0.202612 -0.0399283 2.27059
-0.196658 -0.346032 2.35625
-0.202441 -0.65606 2.41838
-0.201244 -0.731971 2.335
-0.0540651 -0.0369661 2.29435
-0.0652414 -0.352179 2.36599
-0.0797108 -0.652572 2.42829
-0.0623704 -0.731065 2.34816
-0.136359 0.466708 2.27076
-0.366555 -0.143831 2.25736
-0.310339 -0.0665403 2.24169
-0.12182 0.597201 2.04707
-0.0957997 0.554841 2.03931
-0.128647 -0.0425579 2.31663
-0.13591 0.255331 2.29482
-0.143599 0.545511 2.2604
-0.128556 0.694788 2.24641
-0.287458 0.414962 2.23673
-0.340864 0.171482 2.26932
-0.360478 -0.0509707 2.23965
-0.350481 -0.0676623 2.23452
0.0361494 0.460758 2.26919
0.235946 0.498562 2.15948
0.213163 0.703376 2.06799
0.224075 0.752241 2.07253
-0.200209 -0.0452597 2.26873
-0.198205 -0.348185 2.35617
-0.202439 -0.655876 2.41835
-0.200838 -0.731892 2.33575
-0.0529959 -0.0387529 2.29163
-0.063156 -0.361187 2.36907
-0.07933 -0.652386 2.42762
-0.0624574 -0.731278 2.34816
-0.141742 0.474176 2.27111
-0.359959 -0.143964 2.23995
-0.304075 -0.0613404 2.22354
0.228453 0.830339 2.07586
0.179469 0.744583 2.04644
-0.129465 -0.0433475 2.31484
-0.136595 0.256431 2.29297
-0.143249 0.547375 2.25833
-0.127079 0.694705 2.2441
-0.288343 0.415859 2.23392
-0.341112 0.16746 2.26641
-0.361241 -0.0551355 2.23951
-0.358362 -0.0654207 2.23857
0.0425062 0.463803 2.26723
0.259814 0.466049 2.19541
0.373193 0.649901 2.13914
0.416444 0.66376 2.14419
-0.200336 -0.0462071 2.26697
-0.198187 -0.350427 2.35673
-0.202597 -0.655049 2.41746
-0.200342 -0.731641 2.33514
-0.05456 -0.0392481 2.28976
-0.0633101 -0.36221 2.36853
-0.079164 -0.651635 2.42749
-0.0624421 -0.731085 2.34793
-0.141779 0.475958 2.26916
-0.365555 -0.143512 2.24539
-0.308027 -0.0583613 2.22982
0.490614 0.693079 2.15737
0.395536 0.68914 2.14604
-0.130907 -0.0460103 2.31138
-0.135923 0.256292 2.29194
-0.139883 0.548665 2.25874
-0.123415 0.695184 2.24785
-0.286768 0.416698 2.233
-0.340273 0.165619 2.26431
-0.360824 -0.056724 2.23469
-0.353084 -0.0624239 2.22984
0.0448544 0.460731 2.26873
0.261804 0.429013 2.20288
0.400588 0.594327 2.14486
0.437957 0.586348 2.14859
-0.201191 -0.0484382 2.26342
-0.19826 -0.351023 2.35613
-0.20274 -0.654168 2.4175
-0.199585 -0.731252 2.33419
-0.0565318 -0.0421917 2.28659
-0.0615016 -0.360844 2.36637
-0.079061 -0.65098 2.42738
-0.0625034 -0.73143 2.34752
-0.139288 0.476853 2.2691
-0.357106 -0.141713 2.23372
-0.321686 -0.0468296 2.24861
0.496967 0.60274 2.17381
0.434697 0.611645 2.15363
-0.131177 -0.0466559 2.31052
-0.13562 0.256413 2.29222
-0.138405 0.549747 2.26207
-0.1225 0.695694 2.25221
-0.286422 0.418053 2.23474
-0.34069 0.165795 2.2661
-0.365664 -0.0562455 2.23897
-0.360165 -0.0598051 2.24042
0.0455049 0.459429 2.27007
0.259638 0.413765 2.202
0.395553 0.580084 2.13892
0.424438 0.590211 2.13603
-0.201356 -0.0489021 2.26308
-0.198061 -0.352051 2.35666
-0.201125 -0.654828 2.41737
-0.200306 -0.731297 2.33504
-0.0569257 -0.0430395 2.28504
-0.0613274 -0.360897 2.36647
-0.079177 -0.651286 2.42744
-0.063207 -0.731808 2.34729
-0.137975 0.477747 2.27161
-0.369247 -0.137172 2.24431
-0.311524 -0.065274 2.23911
0.490792 0.605973 2.16038
0.417467 0.619255 2.13696
-0.13068 -0.0452655 2.31361
-0.134846 0.257789 2.29618
-0.1378 0.550776 2.26664
-0.122139 0.695848 2.25696
-0.286677 0.418002 2.24013
-0.340895 0.166236 2.27089
-0.366299 -0.0555923 2.24169
-0.358312 -0.0632086 2.24173
0.0458383 0.461627 2.27306
0.24479 0.502656 2.16317
0.232423 0.706954 2.06835
0.224924 0.742736 2.07191
-0.201145 -0.0475605 2.26592
-0.198779 -0.351587 2.35669
-0.201613 -0.655558 2.41752
-0.200358 -0.731667 2.3351
-0.0561141 -0.0415557 2.2887
-0.0615539 -0.362653 2.36764
-0.0793193 -0.651481 2.42741
-0.0628437 -0.731981 2.34662
-0.137258 0.478938 2.27619
-0.36863 -0.137767 2.24717
-0.311085 -0.0576522 2.23719
0.236599 0.822594 2.08655
0.17911 0.734306 2.0532
-0.125053 -0.0433843 2.31632
-0.132043 0.257473 2.29711
-0.136479 0.547904 2.26532
-0.121457 0.690857 2.25228
-0.273368 0.416791 2.23994
-0.339878 0.16912 2.27558
-0.364522 -0.0527549 2.24571
-0.35683 -0.0633653 2.24684
0.0471191 0.46323 2.2743
0.232176 0.485247 2.13424
0.0438073 0.585451 2.05715
-0.0115915 0.605095 2.04817
-0.196409 -0.0460543 2.2683
-0.197949 -0.349181 2.35537
-0.201623 -0.655396 2.41745
-0.200682 -0.731673 2.3353
-0.0497054 -0.0393164 2.29188
-0.0627564 -0.350409 2.36104
-0.0796563 -0.652814 2.42799
-0.0627928 -0.731175 2.34763
-0.135519 0.476866 2.27564
-0.365765 -0.137461 2.24669
-0.310533 -0.0675623 2.24252
-0.0672305 0.66322 2.0351
-0.036087 0.558822 2.04025
-0.126904 -0.0424291 2.31413
-0.131811 0.252986 2.2917
-0.134751 0.537193 2.25573
-0.122682 0.700339 2.24124
-0.28283 0.41188 2.23452
-0.339147 0.181681 2.27748
-0.362874 -0.0406371 2.25129
-0.356868 -0.0643922 2.24933
0.0461644 0.45898 2.26874
0.224853 0.47827 2.11929
-0.0132525 0.535162 2.07449
-0.0813946 0.545951 2.06712
-0.199101 -0.043634 2.26726
-0.196091 -0.346436 2.35471
-0.200923 -0.65596 2.41755
-0.200153 -0.731908 2.33551
-0.0509108 -0.0399957 2.28791
-0.0638777 -0.351716 2.36136
-0.0795999 -0.652484 2.42821
-0.0625213 -0.730584 2.34797
-0.134203 0.467622 2.26697
-0.362879 -0.145402 2.25543
-0.311084 -0.0675198 2.24295
-0.138682 0.554349 2.05831
-0.0963761 0.613254 2.11578
-0.127633 -0.0443876 2.31042
-0.132292 0.250838 2.2878
-0.135645 0.53575 2.25205
-0.123807 0.698184 2.23474
-0.283315 0.410075 2.23089
-0.337862 0.180188 2.27156
-0.361509 -0.0422355 2.2469
-0.354047 -0.0676784 2.23952
0.0453314 0.45514 2.26689
0.222331 0.473892 2.11514
0.00858923 0.523167 2.05835
-0.0490513 0.543839 2.04828
-0.19987 -0.0451921 2.26462
-0.19505 -0.343846 2.35138
-0.200997 -0.655675 2.41699
-0.199979 -0.731278 2.33532
-0.05141 -0.0422163 2.28301
-0.0642379 -0.351785 2.35856
-0.0792295 -0.651662 2.4272
-0.06255 -0.730423 2.34818
-0.134979 0.465962 2.26326
-0.360573 -0.150129 2.25249
-0.308985 -0.0667437 2.23346
-0.121985 0.571928 2.04905
-0.062336 0.603438 2.07767
-0.128133 -0.0455994 2.30561
-0.133052 0.253147 2.28461
-0.137513 0.543046 2.24972
-0.124514 0.693297 2.23555
-0.282579 0.413109 2.22765
-0.339349 0.171704 2.2643
-0.364336 -0.0505046 2.23925
-0.357086 -0.0675888 2.23531
0.040549 0.457737 2.25535
0.22787 0.488931 2.1208
0.136145 0.673322 2.0272
0.14267 0.69857 2.02804
-0.199626 -0.047708 2.25889
-0.196498 -0.346851 2.35248
-0.201637 -0.65461 2.4169
-0.201732 -0.731118 2.33616
-0.0526337 -0.0423822 2.27915
-0.0644259 -0.353992 2.35896
-0.0789546 -0.650889 2.4265
-0.0626535 -0.730317 2.34865
-0.136543 0.471768 2.26067
-0.366036 -0.148642 2.24646
-0.306526 -0.06929 2.22312
0.132895 0.771095 2.01902
0.184548 0.705737 2.01137
