-0.0673127 -0.0654464 2.27977
-0.0677226 0.241956 2.25579
-0.0676736 0.538876 2.21878
-0.0528996 0.683744 2.19904
-0.222444 0.412267 2.2017
-0.27959 0.171307 2.22644
-0.285412 -0.0482678 2.19494
-0.282469 -0.0747716 2.19552
0.093985 0.416315 2.22813
0.145 0.169623 2.2688
0.154182 -0.0474996 2.21996
0.145395 -0.0698219 2.22134
-0.139257 -0.0647905 2.23697
-0.172613 -0.343185 2.32328
-0.193694 -0.651943 2.38113
-0.193829 -0.738196 2.29559
0.0067082 -0.0640387 2.24987
0.0285419 -0.341439 2.33774
0.043596 -0.645737 2.4047
0.0679336 -0.737175 2.33286
-0.0677931 0.466105 2.23027
-0.286837 -0.147633 2.20369
-0.240376 -0.0826523 2.1739
0.146598 -0.135591 2.22534
0.184398 -0.0711525 2.22048
-0.0673438 -0.0656401 2.27904
-0.0675736 0.241663 2.25506
-0.0673376 0.538429 2.21814
-0.0518763 0.682772 2.19631
-0.221778 0.412473 2.20109
-0.279434 0.173112 2.2256
-0.285824 -0.0465054 2.19468
-0.283983 -0.0759442 2.19396
0.094242 0.415688 2.22724
0.14477 0.171048 2.26851
0.153986 -0.046064 2.21958
0.14619 -0.0710865 2.21956
-0.139363 -0.0649344 2.2359
-0.172756 -0.342662 2.3226
-0.193574 -0.651662 2.38076
-0.193746 -0.73823 2.29542
0.00676639 -0.0643143 2.24928
0.0287262 -0.342018 2.33695
0.0435051 -0.646416 2.40398
0.0681046 -0.737384 2.33262
-0.0674911 0.465715 2.2296
-0.289138 -0.146833 2.20359
-0.242337 -0.0778368 2.17156
0.149401 -0.135675 2.22678
0.183644 -0.068597 2.2191
-0.06745 -0.0657689 2.27808
-0.0683991 0.24129 2.25184
-0.0693715 0.537667 2.21192
-0.0537549 0.682144 2.19205
-0.22335 0.411998 2.19682
-0.28106 0.169254 2.22302
-0.286635 -0.0503783 2.19214
-0.285505 -0.0752755 2.18988
0.0934203 0.41569 2.224
0.144388 0.17096 2.26716
0.153467 -0.046354 2.21935
0.141419 -0.0675311 2.22034
-0.139507 -0.0651522 2.2349
-0.172437 -0.343725 2.31986
-0.193424 -0.651743 2.38073
-0.193593 -0.73817 2.29495
0.00670687 -0.0643472 2.24839
0.0289319 -0.341712 2.33757
0.0436873 -0.646008 2.40442
0.0679593 -0.737129 2.33282
-0.0691777 0.465058 2.22418
-0.291565 -0.147311 2.19974
-0.242051 -0.0907807 2.17012
0.148166 -0.133289 2.22566
0.175955 -0.0581056 2.21423
-0.0969082 -0.0679002 2.25665
-0.0986321 0.233416 2.22199
-0.0998669 0.524377 2.17453
-0.08497 0.661656 2.1328
-0.25691 0.407253 2.16773
-0.31281 0.162668 2.20626
-0.315609 -0.0573396 2.17946
-0.321319 -0.0794115 2.17574
0.0643952 0.412161 2.19784
0.115217 0.166679 2.25078
0.0980921 -0.0560791 2.19726
0.105107 -0.0662685 2.20212
-0.16884 -0.0691671 2.21298
-0.191767 -0.349219 2.29432
-0.194787 -0.653588 2.37915
-0.194586 -0.738265 2.29218
-0.0218764 -0.0644919 2.22766
0.00588475 -0.364711 2.25255
0.0395584 -0.650966 2.38972
0.0686828 -0.736896 2.32431
-0.0996567 0.45311 2.18863
-0.327222 -0.151803 2.19161
-0.277207 -0.0872079 2.1397
0.116074 -0.121631 2.21124
0.133719 -0.0366479 2.20213
-0.0816706 -0.100471 2.16149
-0.07793 0.192095 2.10133
-0.0737573 0.474692 2.02837
-0.0537035 0.612395 1.97691
-0.233693 0.36687 2.02801
-0.292244 0.122802 2.09688
-0.299616 -0.0972446 2.09596
-0.304708 -0.130074 2.10419
0.085056 0.372001 2.05896
0.134469 0.126715 2.14551
0.158028 -0.0922665 2.12523
0.150056 -0.121073 2.10433
-0.156353 -0.101433 2.11741
-0.190173 -0.339919 2.24834
-0.196822 -0.6534 2.37554
-0.196465 -0.738751 2.29168
-0.00425896 -0.096135 2.13297
0.0879026 -0.403523 2.05975
0.160207 -0.684388 2.00559
0.179868 -0.73867 1.90519
-0.0748744 0.405506 2.04885
-0.308033 -0.19718 2.13184
-0.266424 -0.142121 2.09908
0.142224 -0.191636 2.1057
0.162469 -0.143343 2.10668
0.0445983 -0.117884 1.91968
0.0407313 0.181209 1.87721
0.0368928 0.46869 1.82136
0.0471869 0.615168 1.7855
-0.121018 0.352719 1.83846
-0.163618 0.0977712 1.89766
-0.187834 -0.121335 1.87745
-0.177084 -0.139079 1.8632
0.200889 0.354942 1.82091
0.256451 0.110046 1.89492
0.269193 -0.108875 1.85854
0.259401 -0.117283 1.85232
-0.0317 -0.115024 1.88921
-0.0946668 -0.383097 1.86619
-0.1651 -0.657431 2.0751
-0.210938 -0.745117 2.03711
0.119172 -0.11636 1.87731
0.150722 -0.410593 1.88037
0.180131 -0.743965 1.94176
0.204032 -0.810735 1.86207
0.0378707 0.398485 1.83757
-0.172874 -0.211294 1.86341
-0.14198 -0.136993 1.83283
0.248279 -0.190923 1.86354
0.288422 -0.103511 1.85944
-0.0415076 -0.128906 1.8317
-0.057272 0.170457 1.77909
-0.0725783 0.45771 1.71211
-0.0487745 0.60537 1.67923
-0.225527 0.337975 1.71012
-0.270967 0.0877222 1.76591
-0.27633 -0.132977 1.75858
-0.276893 -0.156525 1.74994
0.0934278 0.348921 1.73738
0.141898 0.10364 1.82824
0.179822 -0.113739 1.8205
0.150702 -0.111276 1.81763
-0.116294 -0.129342 1.79023
-0.168829 -0.435208 1.77959
-0.212595 -0.770645 1.8576
-0.208261 -0.824644 1.75814
0.0346034 -0.123301 1.80056
0.103587 -0.428752 1.84352
0.171706 -0.748035 1.93268
0.202965 -0.811845 1.85891
-0.0688921 0.387657 1.73117
-0.273529 -0.231684 1.76312
-0.230467 -0.158062 1.71733
0.156088 -0.183218 1.83017
0.170037 -0.116802 1.81789
-0.0637547 -0.118586 1.95867
-0.0913356 0.176924 1.88769
-0.117136 0.461308 1.80369
-0.101667 0.610106 1.78513
-0.26606 0.332054 1.79544
-0.318335 0.0853706 1.86515
-0.367097 -0.127621 1.87969
-0.361366 -0.178286 1.89273
0.048907 0.35538 1.84805
0.109994 0.126766 1.96101
0.147828 -0.0864707 1.99067
0.13182 -0.118813 1.99804
-0.13818 -0.12266 1.91162
-0.175839 -0.433052 1.81241
-0.217089 -0.765824 1.85163
-0.208424 -0.828702 1.75431
0.0129935 -0.110108 1.93319
0.059425 -0.351037 2.09698
0.0820054 -0.613337 2.32937
0.114832 -0.718523 2.30974
-0.110952 0.391855 1.8269
-0.362619 -0.225229 1.90582
-0.332601 -0.173026 1.88512
0.128381 -0.160759 2.00561
0.151214 -0.124704 2.00994
0.00718954 -0.0684985 2.2328
0.00245106 0.22527 2.17875
-0.00156934 0.509455 2.11422
0.00832914 0.64109 2.05744
-0.159884 0.396357 2.10037
-0.216943 0.153382 2.15633
-0.253814 -0.0633275 2.15983
-0.25546 -0.0795829 2.1686
0.153339 0.408104 2.14168
0.202986 0.171242 2.23013
0.214295 -0.0486564 2.23032
0.18958 -0.0442423 2.21981
-0.0670713 -0.0675236 2.19032
-0.124554 -0.372454 2.13622
-0.207967 -0.675705 2.24277
-0.218525 -0.739622 2.15529
0.0810328 -0.0672055 2.20287
0.0739671 -0.339876 2.29291
0.0599191 -0.649657 2.40475
0.0910189 -0.73327 2.33768
-0.000600423 0.439842 2.13233
-0.274766 -0.153733 2.18248
-0.206775 -0.0812239 2.1422
0.195791 -0.117221 2.25365
0.148369 -0.0504164 2.15147
-0.0628195 -0.0534581 2.31018
-0.0644315 0.234908 2.24339
-0.0661784 0.513708 2.1642
-0.0668719 0.644651 2.09677
-0.230126 0.412921 2.17678
-0.282693 0.174412 2.25439
-0.31764 -0.0367515 2.29402
-0.32847 -0.0593914 2.30288
0.0893987 0.420188 2.18237
0.142445 0.181892 2.26702
0.155337 -0.0382434 2.25898
0.132107 -0.0645068 2.27633
-0.135346 -0.0545012 2.27361
-0.164547 -0.325933 2.36272
-0.18138 -0.64002 2.445
-0.184879 -0.727801 2.36581
0.0116751 -0.0507315 2.27411
0.0401036 -0.319517 2.35615
0.0585468 -0.637429 2.41748
0.0873269 -0.729781 2.34068
-0.0657642 0.445423 2.18623
-0.349343 -0.127874 2.32878
-0.283634 -0.064238 2.26578
0.134503 -0.106895 2.29797
0.11012 -0.0616527 2.23567
-0.0773567 -0.0659686 2.26754
-0.0927472 0.222497 2.20763
-0.106919 0.50124 2.13497
-0.101007 0.63449 2.07414
-0.264494 0.389515 2.1417
-0.304085 0.134509 2.21257
-0.335841 -0.0793072 2.24181
-0.330612 -0.100131 2.23357
0.0589612 0.407618 2.15872
0.120491 0.176575 2.2342
0.165734 -0.0391252 2.21686
0.154434 -0.0734105 2.20537
-0.151172 -0.0700043 2.22849
-0.182854 -0.322845 2.33516
-0.195483 -0.641912 2.44895
-0.188223 -0.726508 2.36642
-0.00106513 -0.0598804 2.23376
0.107863 -0.3653 2.18801
0.198121 -0.67305 2.16436
0.239236 -0.733139 2.06692
-0.10355 0.432975 2.15538
-0.341247 -0.17274 2.27022
-0.297726 -0.0858041 2.22733
0.154574 -0.147972 2.22097
0.132295 -0.0822097 2.15733
0.0578879 -0.11267 2.07715
0.0472345 0.183579 2.03279
0.0366664 0.469225 1.9749
0.0399972 0.615399 1.93858
-0.120894 0.348759 1.98661
-0.156354 0.0939403 2.05839
-0.174703 -0.121089 2.0902
-0.172986 -0.142814 2.08244
0.204745 0.362986 1.97949
0.26511 0.11853 2.03888
0.290225 -0.0992831 2.00479
0.280406 -0.13452 1.9908
-0.0174624 -0.115742 2.04302
-0.0670724 -0.367869 2.13633
-0.151577 -0.621719 2.36401
-0.184535 -0.729148 2.34756
0.131307 -0.105635 2.03866
0.196968 -0.397367 2.00042
0.248098 -0.733035 2.03604
0.273112 -0.79073 1.94936
0.0393043 0.399338 1.99166
-0.179037 -0.211339 2.11103
-0.139416 -0.159684 2.07217
0.267672 -0.220934 1.99142
0.251974 -0.132647 1.94556
0.0935427 -0.110418 1.94152
0.0835484 0.188437 1.90424
0.0732359 0.475718 1.85386
0.0730644 0.618458 1.82008
-0.0864803 0.358623 1.89031
-0.116117 0.102699 1.95323
-0.14359 -0.11591 1.95091
-0.149435 -0.144697 1.93733
0.235544 0.360538 1.83283
0.301955 0.110447 1.89516
0.325808 -0.108312 1.86868
0.304146 -0.137142 1.8724
0.0174812 -0.109701 1.91661
-0.0751105 -0.407475 1.89643
-0.181813 -0.731186 1.94078
-0.195401 -0.798214 1.85266
0.166112 -0.107064 1.89386
0.216886 -0.399645 1.93952
0.250654 -0.730717 2.02863
0.274231 -0.795564 1.95118
0.0758743 0.405545 1.86867
-0.149138 -0.214181 1.94846
-0.116948 -0.142447 1.89164
0.29677 -0.186003 1.89006
0.279898 -0.117095 1.8271
-0.0288193 -0.104972 1.93344
-0.0472547 0.191197 1.88051
-0.0653419 0.476053 1.81491
-0.0408705 0.620672 1.7824
-0.217298 0.356245 1.81019
-0.273961 0.110204 1.8615
-0.313815 -0.106656 1.84806
-0.327971 -0.127192 1.84366
0.0991341 0.367944 1.84627
0.14701 0.127657 1.93447
0.197597 -0.0866902 1.93492
0.174545 -0.123841 1.94457
-0.10307 -0.107686 1.88864
-0.153926 -0.419251 1.87582
-0.189531 -0.754643 1.93291
-0.191923 -0.813677 1.83713
0.0464744 -0.0982987 1.90582
0.130339 -0.396038 1.97982
0.198575 -0.696562 2.11945
0.246826 -0.768066 2.05469
-0.0608992 0.406489 1.83351
-0.337171 -0.198379 1.84691
-0.296759 -0.13122 1.83558
0.173641 -0.162464 1.95694
0.156002 -0.1124 1.89656
0.00430354 -0.109865 2.10878
-0.0155094 0.184995 2.05409
-0.0335705 0.469535 1.98703
-0.00607049 0.609129 1.9427
-0.185815 0.347929 1.958
-0.240776 0.0985535 2.00612
-0.264915 -0.120129 2.00602
-0.265445 -0.135566 2.00755
0.129127 0.364405 2.03816
0.17894 0.126052 2.13608
0.208362 -0.0920525 2.13461
0.190869 -0.122574 2.14513
-0.0680139 -0.111119 2.05632
-0.128243 -0.418715 1.94741
-0.195539 -0.74871 1.9412
-0.185899 -0.80397 1.83199
0.0764692 -0.104836 2.08875
0.0939011 -0.361453 2.24088
0.107144 -0.651936 2.41383
0.144642 -0.728193 2.36912
-0.029256 0.399903 2.00599
-0.278391 -0.210899 2.01246
-0.218526 -0.126501 1.99789
0.181559 -0.163297 2.1532
0.164903 -0.12285 2.09625
0.057976 -0.0556264 2.28128
0.0595757 0.233858 2.22061
0.0611365 0.513512 2.14768
0.0864754 0.644951 2.0857
-0.0934499 0.410311 2.13991
-0.1635 0.165062 2.18684
-0.219381 -0.0474264 2.19165
-0.225658 -0.0666177 2.20403
0.220001 0.408037 2.18307
0.256614 0.174633 2.27138
0.268284 -0.0435021 2.28894
0.253076 -0.0744614 2.2969
-0.0159387 -0.0521322 2.23716
-0.0856375 -0.35539 2.18816
-0.169265 -0.654351 2.31132
-0.180296 -0.721877 2.22808
0.129912 -0.0573029 2.25287
0.121779 -0.324753 2.36703
0.10861 -0.633257 2.44609
0.131829 -0.723416 2.38849
0.0607842 0.445032 2.16811
-0.244773 -0.130901 2.21635
-0.169959 -0.0544017 2.18863
0.244482 -0.120597 2.30274
0.235053 -0.0765901 2.25486
0.0122658 -0.0509189 2.3328
0.0131371 0.235159 2.26682
0.0131889 0.511867 2.1881
0.0293872 0.636695 2.11441
-0.146714 0.418704 2.19807
-0.206792 0.170133 2.27261
-0.243819 -0.0445115 2.29346
-0.247017 -0.0628854 2.30144
0.173981 0.413865 2.21463
0.217793 0.179957 2.30281
0.226421 -0.0400497 2.30252
0.20519 -0.0736981 2.30694
-0.0618153 -0.0505832 2.29459
-0.108607 -0.336248 2.37296
-0.141064 -0.644554 2.45979
-0.151332 -0.726799 2.37293
0.085891 -0.0496915 2.29842
0.10958 -0.316471 2.38515
0.108233 -0.628336 2.45052
0.130268 -0.722583 2.38804
0.0132564 0.444072 2.21003
-0.261746 -0.131735 2.32254
-0.201607 -0.0753274 2.27561
0.197842 -0.114737 2.31784
0.182907 -0.069012 2.26408
0.0121175 -0.0694181 2.27897
0.00704392 0.215198 2.21375
0.00219476 0.490258 2.13582
0.0273643 0.616348 2.06678
-0.151089 0.390435 2.13387
-0.213441 0.141342 2.21285
-0.251956 -0.0717904 2.24034
-0.252904 -0.118394 2.24962
0.165786 0.394498 2.17615
0.207412 0.156301 2.2673
0.24882 -0.0599458 2.26059
0.237031 -0.0908611 2.23121
-0.0641624 -0.0705958 2.23509
-0.111501 -0.330613 2.33911
-0.147261 -0.649066 2.46203
-0.152601 -0.72753 2.37736
0.08799 -0.0660138 2.25011
0.181497 -0.367355 2.19537
0.278522 -0.687621 2.15915
0.315186 -0.725586 2.04883
0.00338307 0.422892 2.15755
-0.262108 -0.158674 2.26696
-0.225523 -0.12345 2.23878
0.241642 -0.148557 2.25418
0.22474 -0.0931798 2.19552
0.180695 -0.0994715 2.0614
0.181238 0.195965 2.02923
0.180558 0.480548 1.98421
0.197886 0.613846 1.92863
0.0233522 0.365827 1.97608
-0.0299903 0.114262 2.02353
-0.0706246 -0.102335 2.02043
-0.0625842 -0.135785 2.01297
0.346884 0.372778 2.00364
0.389039 0.125947 2.07018
0.399447 -0.0923046 2.02958
0.393974 -0.133864 2.01741
0.103108 -0.0972167 2.02325
0.0314031 -0.362851 2.04277
-0.0614581 -0.609415 2.2752
-0.118626 -0.706756 2.27185
0.251922 -0.0983367 2.02694
0.29345 -0.39907 2.01485
0.328319 -0.722179 2.05651
0.352498 -0.788981 1.97694
0.180938 0.410939 1.99769
-0.07025 -0.184267 2.02389
-0.0278785 -0.129957 1.99471
0.381265 -0.176786 2.0178
0.365281 -0.136179 1.96887
0.174966 -0.110048 1.95242
0.173425 0.187614 1.91911
0.170664 0.473833 1.87274
0.175036 0.615345 1.82429
0.00991027 0.361099 1.8917
-0.0344003 0.110619 1.95114
-0.0683414 -0.107415 1.94066
-0.076226 -0.140376 1.93156
0.329098 0.358674 1.86725
0.385703 0.115636 1.93644
0.395796 -0.104451 1.91402
0.390952 -0.122872 1.90902
0.0962293 -0.107219 1.92197
0.0125329 -0.41623 1.90804
-0.0752233 -0.739859 1.95722
-0.0897608 -0.802113 1.8667
0.247207 -0.108794 1.91051
0.293047 -0.402111 1.95653
0.329257 -0.725028 2.04535
0.352973 -0.79557 1.98146
0.171562 0.4039 1.88655
-0.079459 -0.207733 1.94383
-0.0419617 -0.14372 1.88827
0.389328 -0.174531 1.90371
0.366491 -0.105115 1.87035
0.0718468 -0.0989306 1.94682
0.0540527 0.198174 1.89591
0.0355116 0.484028 1.83215
0.0606229 0.630202 1.79893
-0.115108 0.361683 1.8229
-0.166615 0.111406 1.86962
-0.20461 -0.105921 1.85433
-0.219379 -0.126579 1.84876
0.198518 0.37621 1.86436
0.24652 0.132484 1.95373
0.294298 -0.082504 1.9514
0.264902 -0.11273 1.95299
-0.00205303 -0.100693 1.90241
-0.0537464 -0.414049 1.90268
-0.0815725 -0.751691 1.95921
-0.0858345 -0.81033 1.86616
0.14306 -0.0933691 1.919
0.221472 -0.398101 1.97906
0.276179 -0.703804 2.0966
0.314557 -0.774761 2.02674
0.0402128 0.414213 1.85033
-0.226437 -0.198303 1.85757
-0.190221 -0.136042 1.83815
0.264931 -0.15552 1.96212
0.248194 -0.0990564 1.9118
0.0906458 -0.102025 2.12878
0.0753415 0.196606 2.08053
0.0599565 0.484681 2.02023
0.0796094 0.63426 1.99156
-0.0915291 0.359236 1.9978
-0.143427 0.106018 2.03915
-0.178544 -0.111474 2.03267
-0.179328 -0.128653 2.04127
0.224097 0.375668 2.05484
0.276658 0.123987 2.13199
0.291702 -0.0957333 2.12727
0.270663 -0.119472 2.14142
0.0176782 -0.101021 2.08221
-0.0445693 -0.421736 1.98315
-0.0863288 -0.747918 1.96799
-0.0808921 -0.806561 1.86305
0.160578 -0.0994994 2.10294
0.161132 -0.362668 2.25838
0.153809 -0.657502 2.43352
0.188069 -0.732303 2.3862
0.0638093 0.414183 2.03746
-0.196009 -0.199541 2.04946
-0.129582 -0.109746 2.02285
0.273017 -0.160137 2.16164
0.24697 -0.121302 2.10066
0.119328 -0.0560245 2.29849
0.124324 0.240588 2.24234
0.128712 0.527349 2.174
0.152617 0.671122 2.14521
-0.02701 0.410776 2.16097
-0.0945969 0.156155 2.20857
-0.140958 -0.0592685 2.20216
-0.137635 -0.0703163 2.21444
0.283003 0.409911 2.20762
0.324676 0.170124 2.29188
0.325354 -0.0503437 2.28094
0.295175 -0.0759043 2.28614
0.0447734 -0.0517161 2.25308
-0.0281716 -0.360805 2.20679
-0.109149 -0.649689 2.31727
-0.134033 -0.714844 2.23438
0.190102 -0.0584704 2.27139
0.172191 -0.327815 2.37884
0.150349 -0.635514 2.45951
0.174459 -0.723244 2.40155
0.127745 0.457097 2.19328
-0.152566 -0.138736 2.22706
-0.0969227 -0.0786831 2.19454
0.269689 -0.113966 2.28229
0.275998 -0.0616053 2.22508
0.0594992 -0.048475 2.34494
0.0651635 0.246929 2.30014
0.0667731 0.532941 2.24386
0.0815575 0.666222 2.20141
-0.100544 0.423558 2.249
-0.157476 0.172113 2.29554
-0.196806 -0.044395 2.29496
-0.203149 -0.0625942 2.30179
0.223557 0.419197 2.25565
0.269309 0.179015 2.31309
0.271213 -0.0411403 2.28934
0.250542 -0.0683893 2.30126
-0.0142168 -0.0478152 2.30755
-0.0551025 -0.342459 2.39719
-0.0883646 -0.636382 2.4817
-0.104882 -0.721314 2.39329
0.131186 -0.0476376 2.30989
0.155507 -0.320197 2.39804
0.151141 -0.630864 2.46468
0.171081 -0.72196 2.40626
0.0668004 0.462822 2.26004
-0.21996 -0.133168 2.3186
-0.152509 -0.0531252 2.2768
0.247511 -0.11419 2.32039
0.228294 -0.0583237 2.25586
0.00757917 -0.0485806 2.33825
0.00673248 0.237208 2.28768
0.00536362 0.513074 2.2245
0.0171506 0.642307 2.1561
-0.154825 0.410729 2.22791
-0.210774 0.167981 2.31071
-0.258267 -0.0393512 2.3551
-0.265456 -0.0651004 2.34892
0.166491 0.416123 2.24418
0.215923 0.172855 2.31196
0.228538 -0.0462811 2.2801
0.219318 -0.0649659 2.26864
-0.0678444 -0.0505341 2.30039
-0.0902858 -0.328586 2.39014
-0.0968415 -0.638297 2.48843
-0.105881 -0.721346 2.39915
0.0826498 -0.0451856 2.30333
0.132518 -0.336941 2.24112
0.185848 -0.683919 2.29361
0.236505 -0.742168 2.22754
0.0057411 0.445503 2.24253
-0.280294 -0.127254 2.37508
-0.231969 -0.0692453 2.32579
0.213957 -0.13953 2.27976
0.19544 -0.0660627 2.21865
0.102279 -0.115091 2.17352
0.105333 0.173714 2.1231
0.10746 0.452749 2.05997
0.132172 0.581663 1.99767
-0.0446412 0.345986 2.05669
-0.102275 0.104076 2.10591
-0.135438 -0.112668 2.1152
-0.132779 -0.138542 2.11163
0.272502 0.349541 2.08992
0.310961 0.110468 2.1532
0.334154 -0.106912 2.11531
0.323623 -0.146483 2.09489
0.0244829 -0.11445 2.13246
-0.0337916 -0.363177 2.30037
-0.089873 -0.643252 2.47623
-0.107217 -0.724445 2.3938
0.176611 -0.11188 2.14206
0.248985 -0.407171 2.04257
0.313042 -0.73042 2.01855
0.327713 -0.785217 1.92463
0.107075 0.384406 2.07799
-0.148946 -0.211481 2.12861
-0.0980078 -0.101697 2.1235
0.315148 -0.194666 2.08958
0.30464 -0.129397 2.05477
0.194342 -0.0950989 2.00738
0.201117 0.190628 1.95879
0.206401 0.465652 1.89722
0.217553 0.593946 1.82111
0.0481949 0.375275 1.92804
-0.0053699 0.123787 1.99649
-0.0637478 -0.0888181 1.99393
-0.0699261 -0.112429 1.98834
0.368396 0.359936 1.89381
0.413743 0.117467 1.96403
0.414235 -0.102731 1.93837
0.407629 -0.134763 1.93411
0.115778 -0.090221 1.97884
0.0188246 -0.384847 1.97037
-0.0704149 -0.691369 2.0746
-0.114929 -0.763672 1.99902
0.265852 -0.0965966 1.96344
0.302325 -0.39605 1.96601
0.318147 -0.727937 2.00817
0.332704 -0.80096 1.92287
0.205343 0.398438 1.91484
-0.0873191 -0.177857 1.99962
-0.0230798 -0.104352 1.97486
0.402867 -0.177285 1.94784
0.377924 -0.13915 1.8914
0.104554 -0.111266 1.94538
0.100821 0.176396 1.90607
0.0957746 0.453137 1.85362
0.109452 0.575801 1.77343
-0.0611275 0.360252 1.86718
-0.109931 0.110808 1.92617
-0.156454 -0.104286 1.92905
-0.161225 -0.122544 1.91886
0.260274 0.353939 1.85869
0.3061 0.109888 1.93416
0.327993 -0.109173 1.9099
0.302137 -0.142709 1.90946
0.0280704 -0.108465 1.9109
-0.0362946 -0.430518 1.92351
-0.0924116 -0.748319 1.98093
-0.101876 -0.805788 1.87834
0.176929 -0.109919 1.90732
0.246447 -0.421889 1.92815
0.311981 -0.739477 1.99797
0.333077 -0.804473 1.9213
0.0972058 0.38552 1.86897
-0.183052 -0.199452 1.93497
-0.114401 -0.139378 1.89192
0.295199 -0.188749 1.91937
0.282427 -0.135398 1.86865
0.0472146 -0.0918573 2.02637
0.0344238 0.190498 1.96733
0.0218267 0.462438 1.89565
0.0463444 0.580781 1.8142
-0.129039 0.363905 1.88828
-0.188237 0.122735 1.95158
-0.243704 -0.0890398 1.96512
-0.2522 -0.113232 1.97538
0.186766 0.376408 1.93984
0.228433 0.133763 2.04237
0.267876 -0.0823133 2.04864
0.245794 -0.115905 2.0472
-0.0267474 -0.0925721 1.98118
-0.0783749 -0.412079 1.96066
-0.100677 -0.746758 1.98308
-0.102376 -0.807415 1.87621
0.119461 -0.0878538 1.99893
0.175673 -0.362798 2.07773
0.210663 -0.630188 2.30295
0.256131 -0.727322 2.28896
0.0249632 0.395974 1.91579
-0.271841 -0.17966 1.98611
-0.217799 -0.120509 1.96727
0.243312 -0.160126 2.0659
0.227176 -0.113714 2.00347
0.111381 -0.0646009 2.252
0.11104 0.220327 2.18886
0.110072 0.495541 2.11313
0.134813 0.618075 2.03949
-0.0406893 0.394492 2.10036
-0.103836 0.141152 2.14885
-0.144263 -0.0740193 2.16236
-0.142908 -0.0913578 2.16632
0.269491 0.400798 2.15588
0.310477 0.159462 2.24579
0.331388 -0.0588279 2.25516
0.309768 -0.0870863 2.27057
0.0385523 -0.0606545 2.20652
-0.0366611 -0.375451 2.11761
-0.0987369 -0.676769 2.1216
-0.119873 -0.734375 2.01172
0.180551 -0.0664646 2.22511
0.182485 -0.332391 2.34804
0.173654 -0.641517 2.4363
0.198056 -0.726823 2.37368
0.110431 0.428156 2.1343
-0.159767 -0.1528 2.18142
-0.100444 -0.0993868 2.14016
0.304467 -0.132143 2.28786
0.290596 -0.0784228 2.22168
0.0621848 -0.0512173 2.31321
0.0584886 0.244704 2.27497
0.0546029 0.530967 2.22461
0.0667069 0.670557 2.18317
-0.106336 0.412779 2.21984
-0.157035 0.153966 2.266
-0.191214 -0.062895 2.27252
-0.195002 -0.0755932 2.28063
0.216512 0.415135 2.23529
0.270032 0.172751 2.2945
0.279771 -0.047268 2.27302
0.253491 -0.0791465 2.27552
-0.0116793 -0.050048 2.27438
-0.0623352 -0.349867 2.35938
-0.103758 -0.639321 2.44851
-0.129177 -0.72325 2.3705
0.133937 -0.0508182 2.27955
0.171023 -0.317196 2.37014
0.17621 -0.633701 2.44319
0.196956 -0.725401 2.37817
0.0556141 0.460802 2.23939
-0.211471 -0.148407 2.29895
-0.150228 -0.0800385 2.26088
0.244872 -0.119255 2.28355
0.228213 -0.0769467 2.23411
-0.0355353 -0.0452271 2.33226
-0.042338 0.250581 2.28878
-0.0490625 0.536669 2.23301
-0.0363655 0.681721 2.20761
-0.204432 0.411812 2.23449
-0.248883 0.158472 2.29226
-0.268096 -0.0604458 2.29602
-0.278632 -0.081349 2.29799
0.116961 0.424043 2.24156
0.174909 0.174156 2.30712
0.194526 -0.0444622 2.27516
0.175929 -0.0389167 2.28238
-0.106812 -0.047355 2.29406
-0.125968 -0.329241 2.38571
-0.121932 -0.634177 2.4607
-0.134654 -0.724224 2.38473
0.0366616 -0.0416623 2.29784
0.103528 -0.345077 2.32167
0.154675 -0.655562 2.43397
0.197374 -0.727413 2.37583
-0.0474152 0.466555 2.24916
-0.292834 -0.146036 2.31987
-0.230505 -0.101354 2.28094
0.179265 -0.110577 2.29689
0.148708 -0.0456476 2.2383
-0.0393808 -0.0564625 2.28983
-0.050858 0.237341 2.24211
-0.0617414 0.521284 2.18183
-0.0425157 0.668841 2.15772
-0.212314 0.395123 2.16883
-0.254744 0.136222 2.22195
-0.266699 -0.0836403 2.21837
-0.267926 -0.0978905 2.20992
0.10558 0.412067 2.21159
0.16108 0.169993 2.27933
0.202146 -0.0458618 2.25084
0.193474 -0.064446 2.2354
-0.111161 -0.0609033 2.24536
-0.130102 -0.321087 2.35282
-0.125538 -0.636265 2.46203
-0.134603 -0.72409 2.38604
0.0336189 -0.0502382 2.2616
0.139628 -0.360688 2.21005
0.230827 -0.669244 2.16141
0.267012 -0.714362 2.04421
-0.0591156 0.451723 2.19913
-0.279396 -0.17383 2.23443
-0.23478 -0.115263 2.222
0.193018 -0.138367 2.2381
0.173011 -0.0633982 2.18931
0.0813481 -0.0981112 2.09884
0.0822211 0.195737 2.05978
0.0824747 0.479026 2.00765
0.102429 0.624295 1.97121
-0.0732787 0.358777 2.00494
-0.123549 0.109408 2.06107
-0.149125 -0.108403 2.07104
-0.142855 -0.13388 2.06368
0.249697 0.367438 2.02138
0.295267 0.115522 2.07614
0.310436 -0.101431 2.02891
0.29944 -0.140154 2.01792
0.00510103 -0.0986582 2.06227
-0.0442174 -0.364716 2.18131
-0.106493 -0.633234 2.39985
-0.13324 -0.724591 2.36337
0.154778 -0.0942001 2.06276
0.209005 -0.39772 2.01853
0.258506 -0.728288 2.0286
0.279791 -0.794736 1.95338
0.0825122 0.409713 2.02294
-0.148223 -0.204014 2.09469
-0.104628 -0.134293 2.04986
0.28346 -0.221946 2.01087
0.266994 -0.127686 1.968
0.142391 -0.094079 1.97647
0.143401 0.196586 1.9345
0.143356 0.476141 1.87959
0.14887 0.617301 1.82521
-0.0167084 0.373851 1.90887
-0.0588048 0.121349 1.98141
-0.098517 -0.0953406 1.98168
-0.105279 -0.121194 1.97011
0.302792 0.363535 1.86914
0.354309 0.123057 1.93272
0.361091 -0.0972433 1.90971
0.346493 -0.128949 1.90753
0.0661144 -0.0900926 1.94839
-0.0085685 -0.405075 1.92044
-0.0776204 -0.733085 1.9857
-0.0933894 -0.795837 1.8887
0.21346 -0.0946477 1.93206
0.249938 -0.385895 1.96924
0.265689 -0.721335 2.02084
0.281909 -0.794052 1.94182
0.143547 0.407842 1.89554
-0.119092 -0.190976 1.99102
-0.0680625 -0.135521 1.93433
0.335058 -0.173632 1.9193
0.318723 -0.111507 1.86512
0.0630983 -0.0927936 1.95937
0.0535818 0.201013 1.91007
0.0437334 0.483535 1.84778
0.0670307 0.624685 1.80582
-0.107844 0.366411 1.83616
-0.166593 0.115012 1.89056
-0.211246 -0.101026 1.88045
-0.228595 -0.123976 1.875
0.205827 0.374231 1.88419
0.245836 0.126625 1.97358
0.26992 -0.0925806 1.95651
0.25201 -0.103733 1.95731
-0.00911805 -0.0925456 1.91466
-0.0578613 -0.41221 1.92938
-0.0757207 -0.745383 1.96466
-0.0763438 -0.810709 1.86038
0.132902 -0.0895253 1.93172
0.19129 -0.396672 1.96632
0.227982 -0.707512 2.10567
0.280273 -0.771973 2.04102
0.0462408 0.414537 1.86558
-0.238472 -0.193769 1.88926
-0.198269 -0.124554 1.86319
0.249257 -0.189398 1.97412
0.228671 -0.11858 1.91021
0.0810471 -0.0968866 2.12917
0.0702809 0.197862 2.07971
0.0593333 0.482186 2.01788
0.0688921 0.627481 1.98773
-0.0989062 0.360211 2.00629
-0.153497 0.104454 2.06367
-0.196795 -0.110764 2.06979
-0.199124 -0.12172 2.07819
0.217876 0.371971 2.05117
0.268277 0.115089 2.131
0.280964 -0.104876 2.12175
0.260535 -0.136816 2.13579
0.0081269 -0.0946599 2.08191
-0.0464742 -0.424061 1.99276
-0.0796491 -0.745326 1.97019
-0.0745813 -0.804759 1.86027
0.15116 -0.0958763 2.10392
0.154585 -0.36576 2.26585
0.157418 -0.657743 2.42935
0.199293 -0.727774 2.37698
0.0621013 0.41261 2.03553
-0.217386 -0.186706 2.08786
-0.147267 -0.109943 2.05037
0.263436 -0.178301 2.15166
0.234005 -0.132113 2.0891
0.0882445 -0.0511665 2.31049
0.0937499 0.240738 2.2571
0.0987585 0.523005 2.19172
0.110645 0.663356 2.15554
-0.0614977 0.411478 2.18498
-0.127349 0.155791 2.23093
-0.17132 -0.0600984 2.22409
-0.170649 -0.0731608 2.23478
0.25331 0.407818 2.22163
0.293573 0.15683 2.29936
0.253613 -0.0594331 2.26952
0.27108 -0.060617 2.28889
0.0149181 -0.0465313 2.26812
-0.0557156 -0.359861 2.22574
-0.129197 -0.644128 2.34661
-0.158081 -0.729492 2.26563
0.158746 -0.0542098 2.28027
0.165637 -0.326078 2.38208
0.160416 -0.637908 2.45881
0.188533 -0.727077 2.39721
0.0976065 0.453845 2.21024
-0.186184 -0.13262 2.24444
-0.1282 -0.07823 2.20781
0.279168 -0.124448 2.32279
0.237488 -0.0766134 2.23905
