-0.0588644 -0.0566694 2.28738
-0.0671969 0.247146 2.25832
-0.0750143 0.540434 2.21555
-0.055102 0.686781 2.19674
-0.225896 0.416025 2.19567
-0.275435 0.159993 2.22176
-0.277824 -0.0596641 2.18922
-0.272487 -0.0758741 2.18856
0.0912671 0.424411 2.23608
0.143835 0.175406 2.28671
0.165752 -0.0430782 2.25375
0.166739 -0.06554 2.24764
-0.13006 -0.0576751 2.24299
-0.15691 -0.3282 2.33971
-0.164868 -0.644812 2.41162
-0.177078 -0.729944 2.32604
0.0141821 -0.0538769 2.259
0.0380253 -0.341256 2.34828
0.0592231 -0.647845 2.41718
0.0782621 -0.734235 2.33762
-0.0731561 0.468605 2.2286
-0.269287 -0.151875 2.18904
-0.226876 -0.0655121 2.1675
0.172158 -0.135283 2.26285
0.128153 -0.0784376 2.23257
-0.0578269 -0.05746 2.28123
-0.0647539 0.246513 2.25546
-0.0704449 0.539876 2.21618
-0.0510228 0.686763 2.20021
-0.221485 0.414378 2.19566
-0.271761 0.158521 2.22421
-0.276226 -0.0613558 2.19474
-0.26714 -0.0746106 2.19786
0.0969365 0.422855 2.23099
0.148897 0.170002 2.27557
0.164316 -0.0469557 2.22715
0.15996 -0.0623497 2.225
-0.129398 -0.0579326 2.23819
-0.153512 -0.326943 2.33622
-0.164812 -0.643676 2.40944
-0.177209 -0.730133 2.32628
0.0156159 -0.0552651 2.25134
0.0384213 -0.342781 2.34656
0.0592167 -0.647013 2.41575
0.0783552 -0.734153 2.33821
-0.0692538 0.468029 2.22816
-0.264778 -0.146706 2.20116
-0.225217 -0.0649562 2.17582
0.164034 -0.130554 2.22972
0.121366 -0.0673974 2.20399
-0.0538518 -0.0581633 2.28213
-0.0599717 0.245638 2.25353
-0.0652639 0.538862 2.21141
-0.0474407 0.682426 2.19242
-0.217249 0.414772 2.19495
-0.26793 0.159204 2.22768
-0.271888 -0.0608339 2.20013
-0.267769 -0.0728673 2.19946
0.101468 0.421796 2.22559
0.150799 0.168039 2.2749
0.171766 -0.0497304 2.23509
0.166533 -0.0627466 2.24178
-0.125613 -0.0583469 2.23926
-0.146095 -0.332894 2.32157
-0.164145 -0.644786 2.40842
-0.176334 -0.730419 2.32639
0.0197174 -0.0562119 2.25227
0.0444324 -0.342912 2.34948
0.0593971 -0.646715 2.41663
0.0785669 -0.733785 2.34127
-0.0640397 0.46704 2.22421
-0.267463 -0.145796 2.2109
-0.225039 -0.071892 2.17468
0.177458 -0.132522 2.24634
0.127394 -0.0698984 2.22392
-0.0847631 -0.0692945 2.25684
-0.0866427 0.224232 2.20442
-0.086765 0.507418 2.13763
-0.0648562 0.642638 2.0832
-0.238672 0.397172 2.13029
-0.296606 0.141091 2.1971
-0.311005 -0.0780727 2.20451
-0.313561 -0.0821224 2.20087
0.0786904 0.406142 2.17146
0.127304 0.152703 2.24947
0.142078 -0.0661734 2.21476
0.143844 -0.0800331 2.21147
-0.157315 -0.0715965 2.21445
-0.173293 -0.338923 2.31067
-0.169063 -0.652091 2.41146
-0.1765 -0.731019 2.3245
-0.00949217 -0.0647953 2.22657
0.0334137 -0.368358 2.14768
0.0767598 -0.700882 2.15671
0.116909 -0.751124 2.06734
-0.0868972 0.438066 2.15664
-0.323857 -0.154981 2.22184
-0.265442 -0.10002 2.17369
0.14591 -0.147258 2.22373
0.111687 -0.0876778 2.16836
0.000528562 -0.124639 2.02248
0.00436223 0.167949 1.97995
0.00857411 0.449855 1.92353
0.023464 0.586549 1.85698
-0.150604 0.349221 1.93428
-0.202028 0.0944233 2.00377
-0.223331 -0.122863 2.02239
-0.220157 -0.15676 2.01552
0.170813 0.3487 1.94164
0.219332 0.100443 2.0163
0.240912 -0.118895 1.99644
0.247142 -0.143351 2.00104
-0.0754519 -0.123956 1.98681
-0.109794 -0.398978 2.08927
-0.152043 -0.642064 2.33758
-0.176716 -0.729723 2.30534
0.0764906 -0.120731 1.98531
0.113462 -0.416814 1.91416
0.147506 -0.755834 1.91984
0.152682 -0.814042 1.81868
0.00749443 0.380913 1.93997
-0.223348 -0.210783 2.02873
-0.183956 -0.160431 2.00204
0.242299 -0.214543 2.02895
0.212507 -0.145456 1.95763
0.0113785 -0.116602 1.9052
0.0165279 0.1764 1.86265
0.0210937 0.457719 1.80633
0.0213758 0.59572 1.74019
-0.142978 0.364989 1.83919
-0.18643 0.108375 1.92696
-0.216347 -0.109732 1.93029
-0.22292 -0.133758 1.92738
0.176633 0.355373 1.79715
0.229578 0.108078 1.8564
0.245592 -0.112019 1.83517
0.234657 -0.134041 1.83675
-0.0644295 -0.112904 1.87567
-0.120262 -0.435657 1.85471
-0.175924 -0.762136 1.90268
-0.182714 -0.814954 1.80416
0.086793 -0.11599 1.8618
0.129623 -0.416758 1.86473
0.148479 -0.75256 1.9187
0.154259 -0.818096 1.82037
0.0200377 0.38905 1.8227
-0.213164 -0.199341 1.93913
-0.195732 -0.138773 1.87717
0.239266 -0.203613 1.84259
0.195102 -0.139176 1.81212
-0.033387 -0.107098 1.95849
-0.0439317 0.186686 1.91294
-0.0538581 0.46923 1.85447
-0.0213046 0.605446 1.79522
-0.203818 0.363009 1.83482
-0.277417 0.117789 1.89153
-0.312823 -0.0997481 1.89032
-0.315046 -0.114391 1.90163
0.110119 0.37144 1.90399
0.144971 0.117136 1.98702
0.178774 -0.0999716 1.99523
0.176839 -0.142074 2.00594
-0.10635 -0.107597 1.9085
-0.149712 -0.424767 1.87011
-0.17758 -0.7647 1.89859
-0.180264 -0.820546 1.80455
0.0408638 -0.102622 1.93587
0.0902152 -0.375965 1.98372
0.111057 -0.635516 2.21877
0.151367 -0.728027 2.21094
-0.0514766 0.400211 1.8713
-0.324418 -0.18824 1.90433
-0.261986 -0.106165 1.87108
0.176303 -0.183321 2.02233
0.149487 -0.150073 1.97069
0.00964421 -0.0763934 2.23584
0.0085369 0.209331 2.16157
0.00723439 0.485528 2.07465
0.0324528 0.609937 1.99936
-0.144759 0.384466 2.06204
-0.209285 0.134654 2.13893
-0.231199 -0.0797142 2.17339
-0.241904 -0.102962 2.17088
0.169754 0.394299 2.12329
0.220981 0.139698 2.2227
0.246043 -0.076218 2.247
0.255026 -0.117913 2.2853
-0.0648399 -0.0742589 2.1877
-0.12326 -0.373973 2.08818
-0.179861 -0.688681 2.11169
-0.201172 -0.74707 1.99805
0.0837848 -0.0759834 2.21132
0.0828405 -0.341087 2.33593
0.0719032 -0.645298 2.42601
0.0971285 -0.728608 2.36215
0.00758759 0.417895 2.09861
-0.242341 -0.147653 2.18699
-0.200264 -0.0973816 2.13215
0.264532 -0.153535 2.30617
0.227194 -0.123272 2.27367
-0.0549098 -0.0634952 2.31415
-0.0539614 0.219333 2.23639
-0.0575292 0.493534 2.14665
-0.058954 0.617293 2.0691
-0.229221 0.400325 2.15444
-0.281812 0.140504 2.24785
-0.303422 -0.07144 2.29169
-0.310186 -0.0726235 2.29221
0.0892756 0.408292 2.17633
0.14499 0.168336 2.28495
0.168587 -0.0490791 2.30141
0.161939 -0.0543386 2.30393
-0.127903 -0.0647839 2.27423
-0.162898 -0.343994 2.33487
-0.198079 -0.644997 2.45889
-0.219926 -0.721936 2.37937
0.0194535 -0.0601602 2.28154
0.0498064 -0.331593 2.34824
0.072337 -0.63204 2.44061
0.0954806 -0.722912 2.3677
-0.0567485 0.426245 2.17151
-0.325602 -0.145276 2.31813
-0.26058 -0.08344 2.25543
0.175123 -0.12786 2.33683
0.130582 -0.0670328 2.279
-0.100443 -0.100442 2.22111
-0.105587 0.186189 2.15089
-0.109916 0.463266 2.06786
-0.0940524 0.596182 1.99943
-0.267898 0.364284 2.0762
-0.320721 0.107707 2.15484
-0.335003 -0.108977 2.17992
-0.335982 -0.118087 2.17844
0.0525169 0.375183 2.10152
0.10497 0.124897 2.18979
0.149453 -0.0907078 2.16657
0.142791 -0.11197 2.17014
-0.174321 -0.103244 2.18
-0.19552 -0.341253 2.32708
-0.204184 -0.640073 2.46299
-0.221732 -0.723579 2.38804
-0.0232826 -0.0943178 2.18963
0.0622212 -0.385527 2.09888
0.136503 -0.691256 2.02848
0.165253 -0.736206 1.91944
-0.108973 0.395407 2.09087
-0.343156 -0.190621 2.20833
-0.289066 -0.115929 2.15067
0.156474 -0.186705 2.2012
0.11731 -0.127252 2.13143
-0.0140142 -0.126732 1.94055
-0.0148042 0.164299 1.88897
-0.0154765 0.444228 1.82405
-0.0116219 0.57994 1.75508
-0.174444 0.347083 1.85785
-0.212548 0.0861354 1.93066
-0.235576 -0.133189 1.92306
-0.231748 -0.141616 1.91028
0.147019 0.346657 1.81897
0.203733 0.0957722 1.87963
0.226424 -0.123269 1.85258
0.220491 -0.144659 1.84488
-0.0891207 -0.122869 1.9131
-0.128549 -0.382747 1.88821
-0.166357 -0.627418 2.1357
-0.204224 -0.710938 2.13477
0.0616617 -0.126079 1.89503
0.104534 -0.420282 1.87257
0.143287 -0.752663 1.90961
0.167519 -0.81558 1.82601
-0.0153292 0.375851 1.84254
-0.233631 -0.211279 1.91674
-0.191897 -0.141716 1.87719
0.222349 -0.225941 1.86552
0.177389 -0.15284 1.82792
-0.0595369 -0.12017 1.84638
-0.0690197 0.171216 1.79388
-0.0787267 0.450121 1.72785
-0.0653049 0.580504 1.65266
-0.238877 0.355446 1.74033
-0.29337 0.102127 1.80812
-0.31194 -0.11781 1.80352
-0.319007 -0.12146 1.7945
0.0810608 0.355264 1.74122
0.125129 0.100508 1.81414
0.159851 -0.117464 1.79322
0.145629 -0.128615 1.80458
-0.13464 -0.118449 1.80915
-0.175357 -0.426853 1.81179
-0.193616 -0.762085 1.85519
-0.197897 -0.826856 1.76592
0.0170596 -0.116637 1.81069
0.0877291 -0.427944 1.83758
0.142558 -0.75128 1.9016
0.169759 -0.816395 1.82668
-0.0764034 0.382101 1.74656
-0.330568 -0.197544 1.7974
-0.26557 -0.129152 1.76783
0.158495 -0.200143 1.80803
0.112209 -0.143272 1.77828
-0.058346 -0.11272 1.94824
-0.0730343 0.180168 1.90794
-0.0866392 0.461829 1.85465
-0.0730389 0.59719 1.78535
-0.24175 0.352293 1.84274
-0.292517 0.0994523 1.89833
-0.319078 -0.119454 1.89268
-0.321509 -0.125714 1.89539
0.076386 0.365871 1.87716
0.13157 0.116057 1.95479
0.163223 -0.1024 1.94525
0.159905 -0.112479 1.95405
-0.132674 -0.113536 1.90451
-0.175753 -0.431814 1.84651
-0.196358 -0.763804 1.85516
-0.198363 -0.829441 1.7571
0.0181614 -0.107726 1.9194
0.0700794 -0.361846 2.03134
0.0879863 -0.614694 2.2735
0.0972001 -0.665435 2.14914
-0.083403 0.393019 1.87019
-0.331614 -0.204063 1.89812
-0.26748 -0.116848 1.86964
0.184136 -0.184595 1.96317
0.119327 -0.134761 1.9309
0.00142957 -0.0759148 2.21533
0.00840636 0.208463 2.15018
0.0148599 0.483325 2.0728
0.0324891 0.606577 1.99545
-0.144116 0.391986 2.07181
-0.215364 0.145762 2.14832
-0.250591 -0.0746612 2.16611
-0.25814 -0.0992257 2.17638
0.172448 0.390352 2.10089
0.215645 0.132117 2.18505
0.234546 -0.086445 2.19495
0.241474 -0.128395 2.22149
-0.074374 -0.0708637 2.1715
-0.125171 -0.368728 2.09006
-0.177963 -0.681096 2.14498
-0.196289 -0.744141 2.04102
0.0771435 -0.0784338 2.18653
0.0816787 -0.340394 2.29326
0.0742588 -0.644445 2.39032
0.0953345 -0.73065 2.32828
0.0132985 0.416021 2.09434
-0.264584 -0.145234 2.19516
-0.209111 -0.102553 2.13045
0.251364 -0.17166 2.24128
0.212622 -0.129035 2.19993
-0.042972 -0.0664426 2.27128
-0.0397337 0.219369 2.2054
-0.0365353 0.495648 2.12683
-0.0180571 0.617321 2.04878
-0.194658 0.410132 2.13886
-0.263454 0.153753 2.22915
-0.295062 -0.0604133 2.25822
-0.303318 -0.0542046 2.25937
0.122103 0.401883 2.1482
0.163539 0.152053 2.22085
0.17248 -0.0682045 2.21785
0.167153 -0.0775508 2.2192
-0.116062 -0.065292 2.23256
-0.13706 -0.335734 2.31681
-0.148558 -0.650766 2.42545
-0.168464 -0.731934 2.34834
0.0313504 -0.0654686 2.23737
0.0512451 -0.341491 2.30378
0.0719369 -0.643661 2.39696
0.0921463 -0.728881 2.32825
-0.0373484 0.427981 2.14872
-0.320546 -0.122209 2.28201
-0.253044 -0.0596445 2.21219
0.175897 -0.153911 2.24121
0.130091 -0.0874844 2.19767
-0.0635039 -0.103915 2.17002
-0.0662058 0.18666 2.11541
-0.0683464 0.467352 2.04774
-0.0549028 0.603508 1.98852
-0.225465 0.363647 2.05238
-0.272389 0.108797 2.12144
-0.289713 -0.109195 2.13678
-0.291765 -0.119572 2.13412
0.0933559 0.371925 2.06664
0.145997 0.118013 2.13393
0.180626 -0.0971276 2.0888
0.17446 -0.126212 2.08986
-0.138155 -0.105287 2.13155
-0.151673 -0.345481 2.28895
-0.154514 -0.647449 2.42752
-0.167467 -0.732624 2.35377
0.0132637 -0.0990437 2.13594
0.0909592 -0.397677 2.03845
0.156715 -0.702454 1.96775
0.171226 -0.748603 1.86452
-0.0679043 0.398619 2.06692
-0.297259 -0.191054 2.15561
-0.245955 -0.11124 2.09029
0.190411 -0.192821 2.11057
0.140096 -0.142007 2.05177
0.0273445 -0.120681 1.92415
0.0263948 0.172245 1.8825
0.0252673 0.453611 1.82736
0.0236151 0.592292 1.76689
-0.139709 0.352534 1.86076
-0.178085 0.0911104 1.92282
-0.202575 -0.127914 1.92111
-0.198705 -0.159162 1.90595
0.182924 0.351212 1.82036
0.242414 0.098303 1.87447
0.268555 -0.120331 1.84764
0.265787 -0.140922 1.84189
-0.0481966 -0.118078 1.89648
-0.0979992 -0.376906 1.86264
-0.12567 -0.627447 2.10592
-0.169556 -0.72168 2.11914
0.10183 -0.118963 1.87873
0.142541 -0.419054 1.86983
0.165448 -0.74967 1.8944
0.176915 -0.816236 1.80521
0.0255796 0.384912 1.84341
-0.194158 -0.213848 1.92647
-0.161595 -0.146846 1.87693
0.280064 -0.215569 1.86125
0.220995 -0.148804 1.823
-0.0375361 -0.127167 1.83863
-0.0479798 0.162533 1.79324
-0.057707 0.440593 1.73461
-0.0555284 0.572402 1.66018
-0.223888 0.34562 1.7539
-0.266313 0.0874848 1.81798
-0.279392 -0.132718 1.81547
-0.292372 -0.141427 1.8065
0.09877 0.34508 1.73629
0.150658 0.0950385 1.8033
0.186275 -0.122901 1.78845
0.175308 -0.172716 1.80348
-0.11247 -0.126618 1.80491
-0.151769 -0.440582 1.76944
-0.184021 -0.773595 1.83533
-0.192577 -0.827591 1.74091
0.038536 -0.122663 1.79958
0.103769 -0.434678 1.82708
0.162156 -0.751332 1.89178
0.1815 -0.817976 1.8114
-0.0553887 0.372753 1.75149
-0.29507 -0.214578 1.8213
-0.247067 -0.142526 1.76067
0.17875 -0.223579 1.81732
0.141651 -0.15743 1.771
-0.0365416 -0.116972 1.9519
-0.0473919 0.179506 1.9172
-0.057574 0.46459 1.86961
-0.049276 0.605087 1.81561
-0.217232 0.352674 1.8492
-0.273574 0.0925744 1.89659
-0.299018 -0.126516 1.88062
-0.298874 -0.12768 1.89043
0.10186 0.357661 1.89116
0.157564 0.107157 1.97234
0.17189 -0.112671 1.94663
0.177235 -0.158713 1.97033
-0.110792 -0.115937 1.90336
-0.150111 -0.440434 1.81433
-0.185701 -0.766605 1.83218
-0.191849 -0.828226 1.73608
0.0390062 -0.113739 1.92799
0.0856501 -0.373814 2.08157
0.102076 -0.652189 2.29608
0.138642 -0.736696 2.26401
-0.0551346 0.394935 1.88371
-0.306941 -0.202628 1.89274
-0.246997 -0.114283 1.864
0.197777 -0.205453 1.97715
0.13594 -0.161932 1.94118
0.0226904 -0.0704657 2.20438
0.030987 0.215377 2.13803
0.0385215 0.491537 2.05927
0.0568758 0.618318 1.98436
-0.117683 0.397526 2.05376
-0.189062 0.152032 2.10775
-0.223939 -0.0742697 2.11374
-0.235945 -0.0934468 2.11169
0.197003 0.392917 2.08913
0.239307 0.140978 2.16817
0.253922 -0.0809001 2.17326
0.25254 -0.108903 2.18955
-0.0517716 -0.0642873 2.16163
-0.115328 -0.359873 2.10266
-0.176788 -0.675413 2.19782
-0.197998 -0.737305 2.10742
0.0963671 -0.0742786 2.17458
0.100373 -0.344372 2.27923
0.0989499 -0.646333 2.35983
0.12708 -0.7429 2.29856
0.0367371 0.423928 2.08116
-0.246412 -0.142767 2.12259
-0.185667 -0.0834587 2.09956
0.256569 -0.152144 2.20516
0.208436 -0.0861513 2.16893
-0.0503024 -0.0636026 2.27724
-0.046102 0.219694 2.20773
-0.0420231 0.493447 2.12554
-0.0248489 0.61043 2.04393
-0.200599 0.406915 2.13731
-0.26692 0.155809 2.21912
-0.296037 -0.0602167 2.23982
-0.303882 -0.0590633 2.24675
0.118219 0.400377 2.14763
0.164181 0.163303 2.22249
0.16562 -0.0573303 2.21622
0.16132 -0.0813643 2.21901
-0.123236 -0.0636694 2.23747
-0.149161 -0.326945 2.32927
-0.15933 -0.643097 2.44448
-0.174841 -0.727313 2.37516
0.0241626 -0.0615076 2.24439
0.0542575 -0.352706 2.26179
0.0895137 -0.656626 2.36487
0.124153 -0.742352 2.30319
-0.0430516 0.426415 2.14834
-0.328506 -0.13474 2.26546
-0.251341 -0.0704176 2.22031
0.173537 -0.157726 2.23461
0.126577 -0.0920577 2.1956
-0.0580276 -0.11448 2.15097
-0.0533473 0.171107 2.09315
-0.0486494 0.446858 2.02229
-0.0386229 0.574836 1.94867
-0.209387 0.350455 2.03226
-0.259268 0.0942661 2.10832
-0.278338 -0.122927 2.12783
-0.283742 -0.152144 2.12685
0.111547 0.354329 2.03897
0.166607 0.0998206 2.10712
0.197831 -0.117283 2.07369
0.201222 -0.164003 2.08323
-0.132572 -0.113814 2.11384
-0.141702 -0.351959 2.26974
-0.160988 -0.644099 2.44054
-0.177275 -0.728576 2.37854
0.0184863 -0.111283 2.11551
0.0940873 -0.40691 2.00925
0.15171 -0.726462 1.95303
0.169422 -0.768435 1.84782
-0.0498492 0.379356 2.04228
-0.288935 -0.210988 2.14844
-0.23634 -0.141316 2.11733
0.214269 -0.213794 2.10731
0.165453 -0.165856 2.041
0.03541 -0.118466 1.92163
0.0319908 0.171683 1.88454
0.0285004 0.450566 1.83426
0.0170905 0.585046 1.76384
-0.133095 0.348814 1.86775
-0.165964 0.0829103 1.92876
-0.199443 -0.135064 1.91932
-0.190357 -0.143749 1.90409
0.186842 0.352799 1.81311
0.256761 0.104736 1.85996
0.278871 -0.114809 1.84061
0.284512 -0.138316 1.8337
-0.039004 -0.11592 1.89704
-0.104001 -0.376814 1.8569
-0.106946 -0.657525 2.06904
-0.169434 -0.746094 2.05078
0.108443 -0.11668 1.87346
0.142784 -0.41597 1.86313
0.15891 -0.749823 1.91389
0.174416 -0.813546 1.82174
0.0293936 0.38245 1.84907
-0.188114 -0.214782 1.91332
-0.152175 -0.131921 1.87467
0.304826 -0.218577 1.85233
0.237164 -0.144366 1.82367
-0.0280023 -0.119503 1.85434
-0.0376224 0.168702 1.81065
-0.0478691 0.44549 1.75379
-0.0406911 0.575094 1.67788
-0.211205 0.349941 1.76445
-0.260831 0.0996738 1.82651
-0.285788 -0.119641 1.8189
-0.296116 -0.129125 1.80491
0.107101 0.353321 1.76237
0.159131 0.102591 1.83041
0.191017 -0.11588 1.82371
0.184554 -0.134992 1.83113
-0.101067 -0.119128 1.81786
-0.153607 -0.42895 1.80702
-0.191873 -0.763699 1.8757
-0.208943 -0.822755 1.78914
0.0455886 -0.114839 1.81912
0.103883 -0.436394 1.83777
0.156198 -0.758572 1.90366
0.176481 -0.819561 1.82042
-0.0452927 0.377955 1.77029
-0.313478 -0.206576 1.8045
-0.243207 -0.157806 1.808
0.199912 -0.212118 1.84612
0.146335 -0.144707 1.80692
-0.0368993 -0.107557 1.9983
-0.0436158 0.178241 1.94639
-0.0500703 0.453502 1.88103
-0.0261379 0.578535 1.80501
-0.204329 0.355672 1.87035
-0.263535 0.109682 1.93693
-0.294252 -0.106832 1.95356
-0.2944 -0.123682 1.96061
0.113393 0.364408 1.92011
0.160991 0.120066 2.0076
0.175848 -0.0996463 2.01061
0.180741 -0.115837 2.02518
-0.109961 -0.105989 1.95074
-0.164775 -0.443009 1.89424
-0.196364 -0.758983 1.88121
-0.206154 -0.819114 1.78786
0.0374798 -0.105321 1.97334
0.0702104 -0.366467 2.11093
0.0732507 -0.644261 2.32681
0.115449 -0.735755 2.31236
-0.0485664 0.386239 1.89959
-0.308869 -0.196766 1.97494
-0.243029 -0.104061 1.92387
0.205803 -0.19246 2.04576
0.144345 -0.146615 2.0146
0.0155315 -0.0650163 2.23618
0.0276405 0.217874 2.17123
0.039173 0.491199 2.09412
0.0670909 0.611568 2.01606
-0.114831 0.400546 2.08676
-0.192754 0.155763 2.15899
-0.239288 -0.0592174 2.16254
-0.232375 -0.0722864 2.17489
0.200034 0.395384 2.1316
0.243023 0.146988 2.21132
0.272571 -0.0711916 2.21034
0.277222 -0.116346 2.23938
-0.0584855 -0.0570189 2.19071
-0.111084 -0.353476 2.14853
-0.157495 -0.652779 2.28398
-0.197144 -0.731445 2.20703
0.088994 -0.0708731 2.209
0.0872835 -0.337548 2.3159
0.0759281 -0.646335 2.3999
0.104173 -0.734173 2.33578
0.0363789 0.424277 2.11559
-0.247005 -0.137177 2.1846
-0.189151 -0.0712427 2.13663
0.290605 -0.160244 2.25408
0.246172 -0.125844 2.22678
-0.0485489 -0.0623011 2.2777
-0.0427498 0.225241 2.22117
-0.0369434 0.503111 2.15211
-0.0184753 0.632267 2.08538
-0.198812 0.408013 2.16157
-0.260028 0.151036 2.22943
-0.28013 -0.067412 2.2395
-0.28719 -0.0693922 2.24395
0.123065 0.402923 2.17142
0.169357 0.150788 2.24182
0.176469 -0.0696752 2.2272
0.174407 -0.082236 2.22764
-0.120906 -0.0628777 2.23916
-0.141105 -0.332885 2.33277
-0.149558 -0.644373 2.43868
-0.168864 -0.72819 2.36946
0.0252128 -0.0597893 2.24369
0.0462281 -0.351324 2.23171
0.0706925 -0.657066 2.36602
0.113626 -0.734771 2.30215
-0.0384095 0.435052 2.1716
-0.311768 -0.140495 2.26042
-0.240412 -0.0829634 2.22114
0.185605 -0.158421 2.24737
0.136845 -0.0892611 2.19968
-0.0395585 -0.109216 2.15487
-0.0277853 0.18478 2.10436
-0.0164001 0.468488 2.04043
0.00760962 0.609522 1.99659
-0.170851 0.359607 2.04004
-0.233949 0.111169 2.10301
-0.252109 -0.108095 2.10517
-0.257258 -0.126266 2.11106
0.147201 0.355908 2.05685
0.185509 0.105003 2.11785
0.201868 -0.11408 2.08753
0.211071 -0.144211 2.0762
-0.113411 -0.10764 2.11574
-0.127417 -0.354695 2.28036
-0.150006 -0.641766 2.43514
-0.169192 -0.728589 2.36773
0.0356271 -0.107108 2.12134
0.101318 -0.400201 2.01523
0.160004 -0.707546 1.984
0.174566 -0.768003 1.879
-0.0192132 0.399043 2.05871
-0.267868 -0.196187 2.136
-0.213151 -0.123199 2.08467
0.228654 -0.219626 2.08776
0.173263 -0.154792 2.03673
0.0575811 -0.109041 1.93636
0.0717996 0.187832 1.8985
0.0850557 0.473103 1.84749
0.102599 0.617639 1.81715
-0.0771025 0.36622 1.87327
-0.13643 0.0925195 1.9374
-0.176437 -0.12427 1.91726
-0.170179 -0.124577 1.9019
0.243018 0.352087 1.83651
0.287682 0.0938557 1.87903
0.307116 -0.125482 1.85268
0.311229 -0.148458 1.84689
-0.0165665 -0.101725 1.90725
-0.0991365 -0.364727 1.87885
-0.0953996 -0.651008 2.08416
-0.150879 -0.742188 2.0625
0.129515 -0.112428 1.89271
0.153434 -0.422283 1.88523
0.171825 -0.745137 1.9323
0.185784 -0.813084 1.84098
0.0818942 0.403433 1.86247
-0.179362 -0.190164 1.90506
-0.134184 -0.129008 1.86916
0.325731 -0.231387 1.85899
0.257124 -0.122444 1.84229
0.000558974 -0.119561 1.86676
0.00554078 0.182562 1.84299
0.0101438 0.472539 1.80612
0.0508073 0.619015 1.78548
-0.14585 0.360821 1.80971
-0.215604 0.0978459 1.87041
-0.254704 -0.11926 1.8624
-0.255277 -0.132017 1.85385
0.170921 0.347149 1.80517
0.203028 0.0900685 1.84101
0.229163 -0.127512 1.8027
0.223824 -0.152995 1.80769
-0.0733503 -0.113875 1.82939
-0.122626 -0.430436 1.83078
-0.170217 -0.756333 1.91206
-0.17947 -0.814417 1.81813
0.0740007 -0.120647 1.83133
0.118583 -0.438046 1.84593
0.166058 -0.755918 1.93009
0.185764 -0.815402 1.84418
0.00903544 0.401747 1.81754
-0.267315 -0.200556 1.86788
-0.215369 -0.147653 1.82392
0.23535 -0.229492 1.81027
0.191615 -0.165164 1.78824
-0.0331372 -0.102892 1.97921
-0.0424751 0.196872 1.94862
-0.0512189 0.485154 1.90508
-0.0151809 0.632579 1.88225
-0.203073 0.364842 1.88916
-0.271339 0.116252 1.93332
-0.301819 -0.102208 1.92674
-0.304714 -0.11965 1.92805
0.116168 0.371018 1.92567
0.162175 0.112197 1.98239
0.194762 -0.106032 1.97106
0.200501 -0.125106 1.97802
-0.106308 -0.10166 1.93339
-0.151374 -0.427046 1.89323
-0.173346 -0.760714 1.91655
-0.177731 -0.816522 1.82036
0.0412235 -0.100345 1.95241
0.0832507 -0.362731 2.04448
0.104091 -0.608206 2.29342
0.146515 -0.711592 2.29211
-0.0491253 0.414706 1.91817
-0.317141 -0.195297 1.93274
-0.253147 -0.110349 1.91363
0.217761 -0.203181 1.98694
0.141422 -0.0994735 1.95475
0.0149204 -0.0599029 2.27229
0.0310943 0.225638 2.20712
0.0463777 0.501647 2.12949
0.0945601 0.622012 2.05959
-0.106402 0.408132 2.11832
-0.198195 0.166859 2.19374
-0.255911 -0.0443843 2.20687
-0.257013 -0.0506179 2.21848
0.207375 0.391567 2.17161
0.232668 0.133437 2.2522
0.267017 -0.0829979 2.27493
0.267841 -0.112764 2.28865
-0.0582455 -0.0506913 2.22863
-0.121366 -0.354957 2.15556
-0.182819 -0.680212 2.233
-0.20124 -0.73722 2.1394
0.0876028 -0.0672337 2.24347
0.0943114 -0.337584 2.34775
0.0905467 -0.639181 2.43491
0.112291 -0.728417 2.37342
0.0426803 0.434052 2.15112
-0.273302 -0.117705 2.235
-0.228116 -0.0669497 2.21454
0.276753 -0.151301 2.30952
0.23935 -0.119188 2.26927
-0.0225041 -0.0509711 2.32459
-0.0131508 0.233276 2.26018
-0.00449976 0.508468 2.18352
0.024065 0.629418 2.10957
-0.164503 0.420908 2.19167
-0.235032 0.167745 2.27569
-0.271416 -0.0458162 2.30402
-0.274291 -0.0514221 2.31059
0.156809 0.410167 2.22141
0.195079 0.167208 2.30889
0.21976 -0.0504979 2.32144
0.212807 -0.0709829 2.32736
-0.0951616 -0.0478055 2.28435
-0.139858 -0.331002 2.35602
-0.158059 -0.637639 2.42492
-0.180616 -0.725895 2.33444
0.0504787 -0.0526319 2.29269
0.0787307 -0.328259 2.36184
0.0887629 -0.635448 2.43991
0.109342 -0.727421 2.37342
-0.00657472 0.441011 2.20493
-0.293879 -0.119711 2.33383
-0.230858 -0.0573509 2.27535
0.228737 -0.14754 2.35705
0.178661 -0.0753608 2.31153
-0.0519329 -0.0516251 2.32295
-0.0533228 0.237028 2.27258
-0.0574646 0.518392 2.21213
-0.0335799 0.64985 2.14978
-0.210103 0.417687 2.21327
-0.27292 0.157215 2.27967
-0.301477 -0.0600699 2.29085
-0.298767 -0.0710263 2.28039
0.110015 0.41491 2.22859
0.161201 0.171539 2.29955
0.184979 -0.0475585 2.29626
0.187075 -0.0698477 2.29704
-0.12391 -0.0518904 2.28257
-0.157592 -0.332111 2.37047
-0.167113 -0.636744 2.42941
-0.182499 -0.729617 2.34212
0.0215904 -0.0499557 2.29042
0.0555963 -0.334869 2.35109
0.0771417 -0.643517 2.4336
0.102645 -0.731136 2.35711
-0.0564216 0.449248 2.2292
-0.310152 -0.142761 2.29992
-0.259445 -0.0911708 2.28646
0.203967 -0.146636 2.33061
0.149194 -0.0806051 2.28426
-0.0448508 -0.0546018 2.30991
-0.0548829 0.242029 2.27221
-0.0634691 0.532465 2.22336
-0.0344166 0.676456 2.20077
-0.211249 0.412849 2.20582
-0.262284 0.148304 2.23492
-0.27299 -0.0719158 2.21805
-0.267232 -0.0848189 2.2109
0.105195 0.420142 2.25128
0.162605 0.174941 2.3034
0.190707 -0.0436531 2.28326
0.187177 -0.0740807 2.27956
-0.115125 -0.0560349 2.26413
-0.150306 -0.323186 2.35104
-0.167061 -0.636262 2.4281
-0.181638 -0.728828 2.34293
0.0267791 -0.0515493 2.28262
0.0573181 -0.335983 2.35971
0.0773241 -0.638434 2.43389
0.102141 -0.73048 2.3564
-0.061141 0.461101 2.23725
-0.269916 -0.155207 2.22715
-0.226914 -0.0771886 2.20207
0.195647 -0.145193 2.30761
0.151391 -0.0903628 2.27379
