-0.0607275 -0.0639471 2.27625
-0.0613283 0.240195 2.25019
-0.0612799 0.534048 2.21169
-0.0468921 0.678177 2.19664
-0.213137 0.407164 2.19608
-0.267124 0.157544 2.23211
-0.283413 -0.0621919 2.21078
-0.278142 -0.0789031 2.21115
0.103964 0.413603 2.21881
0.154828 0.165328 2.25699
0.163371 -0.0522029 2.2096
0.157898 -0.0651497 2.2133
-0.133223 -0.062054 2.23684
-0.153122 -0.327256 2.33616
-0.181428 -0.645921 2.41128
-0.196671 -0.731961 2.33441
0.0137372 -0.0637964 2.24321
0.0362506 -0.333648 2.34078
0.0493717 -0.643528 2.41692
0.0738568 -0.733037 2.3425
-0.0613695 0.462034 2.22352
-0.283743 -0.147337 2.22074
-0.23849 -0.0839216 2.19776
0.161869 -0.124925 2.21651
0.118538 -0.0648288 2.18103
-0.0602424 -0.0636349 2.277
-0.0606308 0.240751 2.25135
-0.0604717 0.534912 2.21332
-0.0464901 0.678539 2.19768
-0.212176 0.407366 2.19759
-0.26566 0.15909 2.23336
-0.282084 -0.0606132 2.21139
-0.280035 -0.0766261 2.21268
0.105134 0.414029 2.21937
0.155835 0.164955 2.25678
0.163962 -0.0526735 2.20988
0.157555 -0.0664863 2.21233
-0.132666 -0.0616644 2.23797
-0.152462 -0.327956 2.33694
-0.181116 -0.64661 2.41142
-0.196884 -0.731928 2.33424
0.0141605 -0.0635908 2.24365
0.0368207 -0.331987 2.34077
0.0494263 -0.642724 2.41703
0.0739207 -0.733157 2.34234
-0.0605812 0.462822 2.22503
-0.287089 -0.147527 2.22094
-0.234961 -0.0763715 2.19295
0.160616 -0.127774 2.21814
0.119356 -0.0575403 2.181
-0.0605654 -0.0644776 2.27638
-0.0619628 0.23923 2.24832
-0.0629814 0.532519 2.20668
-0.0505123 0.674586 2.18599
-0.214663 0.40646 2.19669
-0.268533 0.158123 2.23585
-0.283127 -0.0616644 2.21294
-0.284982 -0.0794996 2.21007
0.101653 0.411184 2.21068
0.150055 0.159203 2.24958
0.163049 -0.0594008 2.21131
0.152864 -0.0681242 2.21368
-0.132778 -0.0622962 2.23776
-0.15416 -0.3386 2.30391
-0.178068 -0.649203 2.40635
-0.196836 -0.732498 2.333
0.0135486 -0.0646797 2.24232
0.0359622 -0.338448 2.34029
0.0487766 -0.64428 2.41667
0.0742326 -0.733229 2.34138
-0.0627759 0.460657 2.21939
-0.287697 -0.147546 2.21878
-0.23604 -0.108969 2.182
0.154184 -0.13488 2.22223
0.117531 -0.0845384 2.20044
-0.0969781 -0.0729364 2.24517
-0.0959936 0.218124 2.19117
-0.0931995 0.498625 2.12346
-0.0726067 0.632955 2.07056
-0.245764 0.38999 2.12412
-0.307725 0.140425 2.19683
-0.337917 -0.0752041 2.21844
-0.341826 -0.0886423 2.21657
0.0701886 0.395817 2.15204
0.116922 0.146932 2.2179
0.128677 -0.0719102 2.18102
0.126067 -0.0837318 2.1646
-0.170424 -0.0753351 2.20405
-0.180488 -0.340005 2.30095
-0.186817 -0.65244 2.41086
-0.190726 -0.734515 2.32877
-0.0204194 -0.0682653 2.21364
0.0265009 -0.362042 2.12137
0.0755908 -0.699974 2.13911
0.118916 -0.752285 2.05481
-0.0940776 0.429959 2.14267
-0.35787 -0.15845 2.23968
-0.291558 -0.106798 2.19764
0.126915 -0.146351 2.16191
0.0975577 -0.0944941 2.12983
-0.000581898 -0.125152 1.99634
0.00755059 0.163841 1.9451
0.0152921 0.442211 1.88085
0.0319888 0.573517 1.80895
-0.139785 0.344551 1.89074
-0.195827 0.0971637 1.96899
-0.237601 -0.115951 1.99444
-0.228233 -0.133434 1.98283
0.179851 0.342104 1.89485
0.227479 0.0931938 1.96145
0.242442 -0.126656 1.93896
0.246273 -0.142822 1.93779
-0.0757737 -0.121562 1.95893
-0.12187 -0.391443 2.01592
-0.170049 -0.624731 2.27191
-0.202823 -0.722757 2.27869
0.0746608 -0.124139 1.96109
0.116551 -0.420966 1.8913
0.14748 -0.751726 1.90323
0.160773 -0.812303 1.80533
0.0134099 0.374159 1.89915
-0.230848 -0.20453 1.99568
-0.186569 -0.128856 1.95835
0.247784 -0.211309 1.95241
0.203455 -0.149573 1.89025
0.00352435 -0.123652 1.87872
0.00983685 0.162697 1.82542
0.0158679 0.437628 1.75823
0.016335 0.566972 1.68215
-0.146482 0.349391 1.795
-0.19038 0.10369 1.89602
-0.220975 -0.109157 1.93299
-0.235233 -0.134218 1.92497
0.171105 0.340479 1.75629
0.224473 0.0965058 1.81894
0.23594 -0.123996 1.80031
0.220083 -0.147192 1.79609
-0.0726176 -0.118989 1.84963
-0.133236 -0.434311 1.81353
-0.197062 -0.762015 1.86685
-0.205757 -0.819094 1.77282
0.0795481 -0.123642 1.83492
0.123562 -0.418045 1.83168
0.146941 -0.749228 1.89622
0.161263 -0.819397 1.81211
0.0144182 0.370546 1.77733
-0.226642 -0.203961 1.94129
-0.209172 -0.117736 1.88
0.215388 -0.222943 1.80654
0.182507 -0.141741 1.77053
-0.0648114 -0.112753 1.92016
-0.0707808 0.171769 1.84812
-0.0768545 0.445852 1.76813
-0.0588058 0.579289 1.7052
-0.231606 0.345936 1.77299
-0.297844 0.108743 1.84202
-0.334246 -0.107839 1.85101
-0.342224 -0.125433 1.86227
0.0814562 0.355773 1.8239
0.125214 0.11266 1.92335
0.152814 -0.105893 1.92613
0.146882 -0.137907 1.93531
-0.138202 -0.113638 1.87706
-0.178932 -0.427629 1.84133
-0.198631 -0.764903 1.86651
-0.205221 -0.821647 1.77249
0.0110471 -0.107554 1.89073
0.070286 -0.384529 1.91511
0.0898153 -0.662792 2.12931
0.138184 -0.748535 2.11523
-0.0757536 0.378992 1.79021
-0.35125 -0.204844 1.87173
-0.284725 -0.11377 1.851
0.14434 -0.182105 1.94138
0.112959 -0.135573 1.89242
0.00713028 -0.111423 2.18434
0.00372679 0.170366 2.09279
0.000105226 0.44304 1.98986
0.0322139 0.565031 1.91441
-0.144016 0.346812 1.9845
-0.219476 0.104216 2.07623
-0.251704 -0.109513 2.10672
-0.246981 -0.135578 2.12713
0.167547 0.356212 2.05709
0.217885 0.109933 2.17267
0.229709 -0.116366 2.21765
0.229461 -0.138608 2.21556
-0.0653408 -0.105926 2.13525
-0.140632 -0.403672 2.02454
-0.191525 -0.70306 1.9512
-0.195293 -0.745298 1.82273
0.0793193 -0.113227 2.16087
0.0753038 -0.344313 2.31538
0.0651159 -0.645233 2.41175
0.0939279 -0.727451 2.35831
0.00105149 0.376278 2.01773
-0.246669 -0.17603 2.14293
-0.20764 -0.139926 2.07891
0.234304 -0.184859 2.23642
0.193219 -0.11632 2.18808
-0.00444223 -0.0655463 2.27563
0.00421158 0.214756 2.19569
0.0129902 0.486151 2.10421
0.0358826 0.607173 2.02613
-0.137163 0.398109 2.10526
-0.215431 0.159093 2.18994
-0.259555 -0.0535195 2.21569
-0.2545 -0.0663047 2.22913
0.175132 0.391892 2.14588
0.219241 0.147977 2.2588
0.228877 -0.0667394 2.29563
0.223826 -0.114285 2.30851
-0.0777353 -0.0597667 2.23382
-0.130069 -0.348397 2.27166
-0.16306 -0.641028 2.42291
-0.191928 -0.720564 2.35378
0.0688062 -0.0693371 2.24523
0.079021 -0.328348 2.3572
0.0706288 -0.634211 2.43412
0.0940981 -0.724959 2.36528
0.0108118 0.41967 2.12926
-0.267136 -0.134435 2.24484
-0.210616 -0.0742396 2.19861
0.22175 -0.154049 2.3372
0.192816 -0.0928456 2.2838
-0.077044 -0.0813379 2.23341
-0.0734512 0.202239 2.16052
-0.0694848 0.476326 2.07494
-0.0535001 0.606729 2.0038
-0.225446 0.380063 2.08314
-0.284787 0.128394 2.17525
-0.315585 -0.0838501 2.21322
-0.316156 -0.0903236 2.20784
0.0911839 0.381103 2.10237
0.138864 0.130251 2.17545
0.159192 -0.089036 2.15194
0.153474 -0.0986248 2.13957
-0.15143 -0.0835468 2.19336
-0.16021 -0.328121 2.32777
-0.163584 -0.637479 2.45084
-0.180129 -0.724775 2.37778
-0.000188864 -0.0764689 2.20069
0.0561839 -0.362709 2.10972
0.104306 -0.701492 2.13126
0.147467 -0.757118 2.05181
-0.0705456 0.409211 2.09857
-0.327699 -0.163097 2.23477
-0.272821 -0.108143 2.20633
0.156776 -0.173233 2.14795
0.117702 -0.0959946 2.10629
0.00301533 -0.127291 1.9626
0.00571317 0.164523 1.91956
0.00866042 0.445295 1.86305
0.0211935 0.579041 1.79527
-0.147276 0.340748 1.86562
-0.194599 0.0885536 1.9301
-0.223345 -0.128496 1.94433
-0.221327 -0.160483 1.93196
0.172061 0.341059 1.87234
0.217241 0.0931711 1.93133
0.233746 -0.125292 1.8933
0.234016 -0.142705 1.88112
-0.0725653 -0.125538 1.92543
-0.111458 -0.37682 1.95936
-0.147368 -0.598027 2.22718
-0.143491 -0.649276 2.10254
0.0784759 -0.124371 1.92711
0.11807 -0.418293 1.87771
0.149406 -0.749194 1.89199
0.165348 -0.811739 1.80386
0.00790928 0.376682 1.87945
-0.229479 -0.21207 1.94932
-0.181248 -0.171953 1.92793
0.233491 -0.203441 1.88431
0.192494 -0.130997 1.84026
-0.0181835 -0.122753 1.8554
-0.0312233 0.168169 1.80633
-0.0441181 0.447437 1.74423
-0.0394289 0.585176 1.67503
-0.203838 0.343812 1.75796
-0.238024 0.0877588 1.8317
-0.254536 -0.131266 1.84155
-0.262642 -0.141208 1.83276
0.116848 0.35054 1.74914
0.171968 0.101622 1.8167
0.206413 -0.116486 1.80094
0.192546 -0.129323 1.80445
-0.0935565 -0.121845 1.82179
-0.134658 -0.436841 1.79474
-0.179141 -0.767626 1.86456
-0.183045 -0.82353 1.77111
0.0577641 -0.118939 1.81605
0.109123 -0.424588 1.8364
0.149419 -0.752557 1.88777
0.166307 -0.814875 1.80459
-0.0409654 0.3793 1.76196
-0.264767 -0.214483 1.85262
-0.218959 -0.163944 1.7848
0.201763 -0.199581 1.81084
0.157885 -0.138613 1.78081
-0.0546359 -0.099127 1.93045
-0.0784282 0.190122 1.87895
-0.101106 0.468254 1.81493
-0.0788773 0.602629 1.74883
-0.236089 0.351826 1.77726
-0.293157 0.105504 1.80329
-0.337478 -0.110569 1.78593
-0.342442 -0.136911 1.79395
0.0665171 0.385726 1.87191
0.116542 0.142993 1.96657
0.162603 -0.0720909 1.97405
0.158296 -0.0884393 1.98225
-0.125135 -0.103619 1.87858
-0.16085 -0.425755 1.8448
-0.181725 -0.762806 1.86436
-0.183624 -0.823672 1.77022
0.0178495 -0.0908737 1.90973
0.0815562 -0.368946 1.94047
0.0826547 -0.644145 2.15934
0.131592 -0.743164 2.15039
-0.095636 0.400335 1.83311
-0.349193 -0.209029 1.79824
-0.30836 -0.138955 1.79535
0.170549 -0.151746 1.99053
0.127609 -0.106011 1.92813
-0.0136675 -0.094853 2.15874
-0.00842248 0.202247 2.11895
-0.00338423 0.488951 2.06646
0.00629117 0.626808 2.02053
-0.156706 0.373076 2.03524
-0.218162 0.118519 2.08172
-0.260582 -0.0963024 2.09451
-0.258166 -0.124689 2.09973
0.15504 0.378833 2.10011
0.208142 0.110357 2.1573
0.235872 -0.108253 2.14637
0.240088 -0.11247 2.15726
-0.0856008 -0.0888351 2.11023
-0.138357 -0.397561 2.01281
-0.180158 -0.71066 1.95882
-0.188744 -0.746849 1.83845
0.0586906 -0.0976771 2.13458
0.0640112 -0.354733 2.2856
0.0522477 -0.656 2.39586
0.0871228 -0.738093 2.33709
-0.00462532 0.41876 2.0818
-0.257725 -0.166728 2.10806
-0.216209 -0.132816 2.0635
0.252635 -0.18066 2.17023
0.207032 -0.119826 2.1435
-0.036386 -0.0680436 2.25522
-0.0327084 0.229688 2.2185
-0.0292193 0.517472 2.16935
-0.0127856 0.655553 2.12895
-0.186947 0.404032 2.14514
-0.255893 0.149334 2.19431
-0.297806 -0.0658509 2.20459
-0.297652 -0.0618457 2.21277
0.129361 0.398488 2.19422
0.170254 0.152859 2.24249
0.181962 -0.0673728 2.22647
0.171974 -0.0912185 2.2304
-0.108369 -0.0641691 2.20777
-0.163068 -0.357787 2.26016
-0.20327 -0.652036 2.38954
-0.222794 -0.730907 2.31594
0.036625 -0.0696571 2.23012
0.0543819 -0.330465 2.32229
0.0539965 -0.644321 2.41409
0.0816167 -0.732367 2.34236
-0.0300884 0.446957 2.18385
-0.309384 -0.133355 2.23337
-0.251562 -0.0673801 2.1777
0.170477 -0.158449 2.24034
0.137384 -0.0912945 2.20435
-0.11126 -0.0796599 2.20916
-0.106783 0.214819 2.16384
-0.101726 0.499156 2.10585
-0.0779459 0.635491 2.06007
-0.254845 0.383466 2.0868
-0.321545 0.131398 2.14545
-0.364577 -0.082836 2.16078
-0.362139 -0.091141 2.16009
0.0624303 0.388081 2.1416
0.100129 0.133959 2.20077
0.115786 -0.0833958 2.15518
0.118303 -0.1009 2.14214
-0.183309 -0.0814342 2.16351
-0.202282 -0.340262 2.28262
-0.212495 -0.651116 2.40232
-0.223832 -0.733193 2.32629
-0.0356018 -0.0752187 2.18196
0.0180269 -0.374587 2.07171
0.0801206 -0.701039 2.02368
0.110935 -0.74419 1.92294
-0.103093 0.429531 2.12257
-0.375112 -0.167522 2.19086
-0.312055 -0.0786938 2.13947
0.123726 -0.167639 2.14575
0.08565 -0.095247 2.09637
-0.0190812 -0.129982 1.96916
-0.0155459 0.16427 1.94126
-0.0120222 0.447441 1.90021
0.0102614 0.583622 1.83918
-0.165958 0.336833 1.89212
-0.222433 0.0946925 1.94307
-0.259635 -0.122341 1.94234
-0.252752 -0.138458 1.93156
0.155578 0.338907 1.91253
0.197057 0.0846316 1.9646
0.217935 -0.129701 1.9055
0.222732 -0.155248 1.90319
-0.0939241 -0.127051 1.92819
-0.141402 -0.390324 1.95437
-0.193949 -0.612866 2.21838
-0.185021 -0.662697 2.09325
0.0564328 -0.128155 1.93756
0.102705 -0.427559 1.86601
0.136532 -0.754049 1.8755
0.154501 -0.815939 1.78355
-0.0129045 0.378213 1.91272
-0.265597 -0.211371 1.93175
-0.207808 -0.138071 1.92147
0.222352 -0.225741 1.91449
0.178801 -0.157254 1.852
-0.0026568 -0.124002 1.8549
-0.0102626 0.167909 1.81596
-0.0185985 0.448233 1.7636
-0.00351181 0.584866 1.69447
-0.176228 0.34496 1.77144
-0.220509 0.0985898 1.83269
-0.236417 -0.121656 1.82471
-0.244898 -0.155247 1.81184
0.145341 0.344805 1.77144
0.192511 0.094658 1.83259
0.215889 -0.124576 1.8085
0.20628 -0.144791 1.81083
-0.0782628 -0.121257 1.8184
-0.121836 -0.442042 1.77676
-0.165242 -0.772893 1.83853
-0.166899 -0.828282 1.73473
0.0731203 -0.122119 1.81817
0.112431 -0.420544 1.83344
0.135816 -0.749133 1.8688
0.1553 -0.820392 1.78256
-0.0164685 0.37981 1.77892
-0.236293 -0.211869 1.82534
-0.202818 -0.156293 1.7693
0.209375 -0.215604 1.81952
0.168598 -0.149722 1.78342
-0.0447361 -0.109517 1.91071
-0.0561683 0.180787 1.86368
-0.0668012 0.459758 1.80369
-0.037544 0.590621 1.73243
-0.212801 0.351025 1.77984
-0.281642 0.110666 1.82744
-0.331314 -0.103977 1.82629
-0.337798 -0.127388 1.82959
0.0995556 0.366282 1.85427
0.137096 0.113266 1.94203
0.17067 -0.104309 1.94585
0.169466 -0.112485 1.95123
-0.11605 -0.110087 1.86161
-0.153147 -0.437292 1.82343
-0.16605 -0.771271 1.84134
-0.165155 -0.828379 1.74176
0.0282395 -0.104764 1.88722
0.0718938 -0.372624 1.9219
0.0795709 -0.614752 2.17447
0.1016 -0.665389 2.05283
-0.0642667 0.391648 1.8209
-0.343296 -0.19971 1.83398
-0.305163 -0.122827 1.82083
0.189247 -0.181255 1.96171
0.130658 -0.114651 1.8959
0.00567359 -0.0942336 2.18733
0.0158844 0.187485 2.11521
0.0254962 0.459745 2.03047
0.0498769 0.57322 1.94714
-0.128614 0.368744 2.02031
-0.206826 0.12849 2.1008
-0.25206 -0.0851619 2.11837
-0.248362 -0.111763 2.1346
0.184985 0.368791 2.07238
0.221677 0.113605 2.16219
0.24015 -0.103016 2.18604
0.249495 -0.130098 2.19871
-0.0674806 -0.0860353 2.14201
-0.126981 -0.387228 2.02766
-0.18033 -0.71288 2.02744
-0.198836 -0.751891 1.91982
0.0786148 -0.0993316 2.16
0.0755802 -0.359497 2.29777
0.0627007 -0.647353 2.4035
0.0955895 -0.733546 2.33894
0.0231746 0.393087 2.05389
-0.248891 -0.155231 2.14783
-0.206652 -0.111371 2.09087
0.252635 -0.171312 2.21666
0.193417 -0.100639 2.17333
-0.0374434 -0.071493 2.24428
-0.0339332 0.213019 2.17971
-0.0303599 0.488113 2.10252
-0.00575265 0.610004 2.02555
-0.185087 0.395075 2.10999
-0.252316 0.154446 2.18852
-0.290487 -0.059042 2.21562
-0.297093 -0.0690744 2.22092
0.130064 0.389333 2.12389
0.169254 0.141598 2.20058
0.186671 -0.0774378 2.20746
0.181077 -0.0914066 2.2017
-0.110243 -0.0680106 2.20427
-0.145743 -0.357202 2.26229
-0.168709 -0.650528 2.38244
-0.194567 -0.731878 2.3171
0.0364414 -0.0726258 2.21165
0.0527712 -0.341959 2.29757
0.0627751 -0.642397 2.41764
0.0929223 -0.731775 2.34403
-0.0312741 0.420736 2.12406
-0.316215 -0.140234 2.24588
-0.247687 -0.0843929 2.1881
0.194913 -0.17063 2.22759
0.145785 -0.0963627 2.18636
-0.0707975 -0.107036 2.14089
-0.071295 0.180097 2.08269
-0.0712371 0.457262 2.0116
-0.0409128 0.59083 1.94725
-0.224692 0.355526 2.00936
-0.287499 0.105645 2.07809
-0.320082 -0.108496 2.10589
-0.320245 -0.119819 2.09913
0.0917532 0.359126 2.0455
0.133389 0.106489 2.10896
0.168894 -0.109379 2.07008
0.165858 -0.126303 2.05485
-0.144968 -0.10788 2.09912
-0.161582 -0.349208 2.24466
-0.173984 -0.646717 2.38894
-0.192617 -0.733799 2.32431
0.00577122 -0.102595 2.11003
0.0813117 -0.396078 2.00269
0.147802 -0.713936 1.93787
0.173573 -0.757747 1.83417
-0.0713425 0.389424 2.03162
-0.339253 -0.194997 2.12463
-0.272035 -0.120142 2.09029
0.183124 -0.197267 2.05726
0.132871 -0.134197 2.02239
0.0256399 -0.135836 1.87482
0.0234444 0.154621 1.83406
0.021143 0.433702 1.78003
0.0378357 0.572542 1.71384
-0.137986 0.331189 1.80136
-0.179184 0.0773524 1.85679
-0.205291 -0.140851 1.86414
-0.205603 -0.152922 1.84198
0.180917 0.331598 1.7835
0.237209 0.0859302 1.83548
0.262535 -0.132282 1.80247
0.264288 -0.150176 1.79342
-0.0504282 -0.133312 1.84362
-0.0822679 -0.402544 1.81446
-0.114911 -0.65108 2.05883
-0.171265 -0.744629 2.04883
0.10074 -0.133309 1.83313
0.133203 -0.438438 1.80266
0.155652 -0.76169 1.83597
0.170936 -0.825947 1.7526
0.0217382 0.365562 1.79578
-0.208772 -0.228544 1.84464
-0.158622 -0.150386 1.82656
0.277725 -0.224215 1.80317
0.216294 -0.162075 1.7725
-0.0326778 -0.136421 1.7792
-0.0338983 0.155815 1.75271
-0.0348343 0.435696 1.71248
-0.01784 0.567544 1.63906
-0.195549 0.334099 1.72516
-0.244324 0.0850959 1.79164
-0.285738 -0.128925 1.81295
-0.287777 -0.139725 1.81197
0.125284 0.336999 1.71528
0.176745 0.0882132 1.78235
0.206623 -0.130441 1.7621
0.198279 -0.143226 1.76912
-0.107271 -0.132694 1.74414
-0.135891 -0.444121 1.7239
-0.164283 -0.778639 1.81311
-0.176722 -0.831275 1.71831
0.0429878 -0.134539 1.74158
0.0951167 -0.465149 1.73882
0.151054 -0.776158 1.82332
0.174493 -0.837972 1.74444
-0.0346493 0.36745 1.72479
-0.279372 -0.206096 1.8422
-0.254789 -0.160435 1.78575
0.208218 -0.213643 1.7765
0.159801 -0.151811 1.74609
-0.0552262 -0.12649 1.89842
-0.0581534 0.16131 1.86076
-0.0603898 0.437917 1.81008
-0.0479124 0.567886 1.73601
-0.220196 0.338043 1.81031
-0.286554 0.113634 1.87472
-0.355529 -0.0904083 1.90839
-0.368977 -0.143519 1.9263
0.0991869 0.341321 1.82325
0.146693 0.0962775 1.90393
0.173481 -0.122451 1.90418
0.173689 -0.132444 1.91294
-0.129154 -0.123643 1.85926
-0.166093 -0.438156 1.79556
-0.172137 -0.775432 1.81757
-0.177297 -0.829672 1.72099
0.0208055 -0.124492 1.86504
0.0513288 -0.387373 1.94862
0.0633222 -0.617253 2.21151
0.0977847 -0.716051 2.22912
-0.0599336 0.370363 1.82497
-0.390197 -0.210332 1.92269
-0.355653 -0.168254 1.95044
0.19296 -0.207787 1.91884
0.12636 -0.127944 1.87747
0.00233601 -0.087652 2.17704
0.00952539 0.193268 2.10328
0.016326 0.46452 2.01683
0.0476565 0.582708 1.9379
-0.133417 0.375033 2.01294
-0.214266 0.136712 2.09812
-0.261762 -0.0730807 2.13379
-0.259356 -0.0819354 2.1334
0.181417 0.37037 2.06083
0.211054 0.117285 2.15097
0.229508 -0.097822 2.18304
0.233463 -0.0981233 2.18844
-0.0709604 -0.0798405 2.13288
-0.122641 -0.381995 2.02075
-0.161504 -0.695548 2.0321
-0.18396 -0.748047 1.92188
0.0754968 -0.0925233 2.14865
0.0665723 -0.359171 2.27582
0.0545845 -0.649233 2.37986
0.0836836 -0.737147 2.31788
0.0146819 0.398142 2.04068
-0.273206 -0.151756 2.15448
-0.2204 -0.0943132 2.11164
0.258057 -0.173873 2.21065
0.18921 -0.0999636 2.1748
-0.0414797 -0.071248 2.2381
-0.0303472 0.212706 2.18062
-0.0195122 0.487199 2.11084
0.00692544 0.611452 2.03613
-0.173605 0.395886 2.11228
-0.25052 0.157387 2.18594
-0.297258 -0.0544137 2.21268
-0.303278 -0.0647493 2.21821
0.141636 0.390216 2.13919
0.175597 0.139567 2.2107
0.20497 -0.0785085 2.21224
0.194762 -0.0968614 2.20343
-0.113888 -0.0678326 2.19618
-0.133689 -0.348865 2.27375
-0.142211 -0.655159 2.39942
-0.168416 -0.733279 2.32818
0.032167 -0.0723443 2.20744
0.0478069 -0.360699 2.23253
0.0571327 -0.653623 2.38706
0.0834017 -0.735814 2.31809
-0.0221894 0.419964 2.13049
-0.328856 -0.145757 2.24132
-0.249848 -0.070801 2.18885
0.210848 -0.16846 2.20876
0.156756 -0.0887516 2.21036
-0.056158 -0.117275 2.12304
-0.043211 0.168093 2.06056
-0.0303515 0.443619 1.98517
-0.000837986 0.576886 1.92009
-0.183338 0.347978 1.99287
-0.250561 0.110446 2.06293
-0.284087 -0.105182 2.08151
-0.280536 -0.123035 2.07645
0.133786 0.342661 2.01555
0.164044 0.0906416 2.08523
0.183972 -0.128347 2.05799
0.188996 -0.151426 2.04857
-0.129738 -0.115417 2.08517
-0.132221 -0.354794 2.23583
-0.145771 -0.651486 2.40238
-0.170679 -0.734477 2.3375
0.0193278 -0.115122 2.08829
0.0821697 -0.405495 1.97279
0.138701 -0.717932 1.92774
0.159491 -0.768111 1.82944
-0.0335631 0.376182 2.00627
-0.297581 -0.196544 2.09921
-0.235752 -0.126934 2.0632
0.206664 -0.228401 2.06457
0.153756 -0.161545 2.00414
0.0298777 -0.119688 1.89796
0.0335214 0.166707 1.84753
0.0369085 0.442008 1.78345
0.0479757 0.577788 1.7135
-0.121817 0.34691 1.81038
-0.170727 0.096881 1.88894
-0.212718 -0.118517 1.89935
-0.211184 -0.132382 1.88908
0.196434 0.339869 1.77987
0.248825 0.090859 1.83474
0.263341 -0.128999 1.80859
0.262562 -0.152231 1.8008
-0.0457049 -0.114578 1.86953
-0.0970974 -0.378423 1.83033
-0.108014 -0.644215 2.05932
-0.159668 -0.734863 2.05273
0.104291 -0.120304 1.85371
0.12935 -0.42136 1.83696
0.146432 -0.752764 1.87752
0.165466 -0.818453 1.791
0.0361291 0.374795 1.80175
-0.21919 -0.210834 1.90745
-0.163482 -0.113885 1.86629
0.28054 -0.233289 1.80511
0.215455 -0.168152 1.79545
-0.0226903 -0.124183 1.81832
-0.0288337 0.16543 1.77591
-0.034659 0.443154 1.72023
-0.0177644 0.5789 1.65006
-0.191078 0.343568 1.73719
-0.24014 0.0988102 1.80119
-0.263977 -0.120257 1.80348
-0.277403 -0.150418 1.7869
0.126862 0.343092 1.72657
0.17464 0.0929261 1.79216
0.201944 -0.126186 1.77486
0.194531 -0.14474 1.78008
-0.0966915 -0.121875 1.78493
-0.134911 -0.442375 1.76728
-0.16374 -0.774039 1.83277
-0.176707 -0.828146 1.73825
0.0519508 -0.121458 1.77913
0.0993904 -0.446863 1.7801
0.143212 -0.765799 1.86212
0.168264 -0.829168 1.78589
-0.0332647 0.375422 1.73637
-0.288938 -0.212925 1.78845
-0.223737 -0.162147 1.76046
0.207942 -0.21754 1.78819
0.15419 -0.142047 1.75722
-0.0108391 -0.124131 1.96925
-0.018401 0.168906 1.93368
-0.0257161 0.450773 1.8854
-0.0129109 0.589332 1.82852
-0.183426 0.339964 1.88411
-0.240094 0.101127 1.95677
-0.305158 -0.107363 1.97295
-0.306522 -0.12856 1.97822
0.136148 0.343298 1.89687
0.191365 0.0909365 1.95951
0.211515 -0.128467 1.93668
0.22233 -0.147136 1.93699
-0.0857687 -0.120148 1.92782
-0.12999 -0.455104 1.83932
-0.164139 -0.771778 1.8331
-0.173369 -0.825787 1.73144
0.0645092 -0.12369 1.93827
0.0950725 -0.394523 2.08148
0.0983523 -0.655635 2.3157
0.126618 -0.732169 2.2974
-0.0239336 0.381889 1.89968
-0.318316 -0.203033 1.98367
-0.271762 -0.118149 1.98617
0.236037 -0.225817 1.94966
0.189898 -0.157571 1.92096
0.0312429 -0.0723841 2.20801
0.0406192 0.213021 2.14986
0.0494423 0.488602 2.07913
0.0652405 0.61767 2.01046
-0.110061 0.393473 2.07949
-0.184043 0.147681 2.15
-0.234312 -0.0651419 2.16574
-0.230148 -0.076801 2.16103
0.206156 0.382636 2.1062
0.247323 0.129826 2.17512
0.265039 -0.0897841 2.1713
0.264793 -0.118711 2.18748
-0.0435572 -0.0654334 2.1665
-0.107343 -0.361663 2.10493
-0.172274 -0.673729 2.24477
-0.202148 -0.735352 2.16211
0.104996 -0.0769356 2.1769
0.104929 -0.345107 2.29863
0.0908477 -0.646246 2.39598
0.114987 -0.734955 2.33757
0.0473219 0.421139 2.09903
-0.243435 -0.146482 2.1776
-0.183585 -0.0889252 2.1248
0.285884 -0.186055 2.20046
0.229147 -0.114149 2.17439
-0.0366558 -0.0668453 2.23972
-0.0318682 0.220148 2.18702
-0.0276597 0.497637 2.12198
-0.00857062 0.628707 2.05908
-0.185312 0.398081 2.1309
-0.242698 0.14989 2.19577
-0.266031 -0.0688748 2.19877
-0.275774 -0.0781121 2.20447
0.132581 0.391351 2.13407
0.176359 0.140267 2.20148
0.172788 -0.080339 2.19037
0.181983 -0.106998 2.18416
-0.109233 -0.0655984 2.20255
-0.137374 -0.352608 2.27565
-0.1568 -0.652306 2.38361
-0.175567 -0.733254 2.30791
0.0368925 -0.0659432 2.20425
0.0587714 -0.361466 2.20363
0.0824566 -0.657308 2.38196
0.11546 -0.733767 2.33481
-0.028647 0.429654 2.14044
-0.296544 -0.149206 2.21914
-0.228703 -0.103118 2.17573
0.193597 -0.166163 2.18753
0.144016 -0.09419 2.15862
-0.0385777 -0.113861 2.1194
-0.0307794 0.175049 2.06447
-0.0230652 0.45387 1.99645
0.00618028 0.589841 1.93634
-0.173475 0.347274 1.99335
-0.234213 0.10622 2.05991
-0.266504 -0.108301 2.08638
-0.267461 -0.129604 2.08147
0.142665 0.346814 2.01862
0.179451 0.0939347 2.08109
0.201004 -0.124501 2.04894
0.205286 -0.1475 2.03769
-0.112806 -0.111855 2.07988
-0.134566 -0.358556 2.23288
-0.159645 -0.64871 2.38493
-0.176853 -0.731483 2.31504
0.0369714 -0.111978 2.0863
0.0997398 -0.409809 1.97771
0.165515 -0.733318 1.93024
0.172561 -0.788054 1.83452
-0.0249918 0.385631 2.01572
-0.284036 -0.205322 2.11035
-0.225152 -0.132997 2.07105
0.219524 -0.22586 2.04913
0.167563 -0.150528 1.99346
0.0535394 -0.115995 1.88462
0.0562355 0.172968 1.84497
0.0581873 0.450391 1.7919
0.0748977 0.591389 1.72979
-0.0996619 0.349784 1.81726
-0.14934 0.0954248 1.88293
-0.184601 -0.122421 1.87409
-0.179622 -0.136049 1.86025
0.220585 0.341454 1.78839
0.268883 0.0906352 1.83527
0.282223 -0.128523 1.80028
0.279962 -0.153116 1.79232
-0.021708 -0.11042 1.85481
-0.0847963 -0.386439 1.79259
-0.0988502 -0.680426 1.98676
-0.138428 -0.76709 1.95215
0.126642 -0.117241 1.84138
0.153399 -0.422833 1.83855
0.172557 -0.749075 1.89018
0.186552 -0.818106 1.79424
0.0578069 0.382679 1.80742
-0.1818 -0.210034 1.87136
-0.142455 -0.136064 1.83358
0.292422 -0.233831 1.80501
0.234778 -0.159162 1.78063
-0.00146394 -0.121883 1.82285
-0.00857118 0.167455 1.7794
-0.0165428 0.445041 1.72251
0.00551081 0.581707 1.65386
-0.17283 0.343096 1.72468
-0.231224 0.0969811 1.783
-0.268008 -0.120617 1.77708
-0.277014 -0.132507 1.76992
0.146481 0.343403 1.74199
0.18638 0.0902973 1.81035
0.209867 -0.129157 1.79105
0.203015 -0.145657 1.7999
-0.0751911 -0.11934 1.78394
-0.118704 -0.435906 1.75585
-0.143793 -0.770656 1.83054
-0.159642 -0.828449 1.74225
0.072035 -0.119394 1.7894
0.11655 -0.444006 1.79125
0.16368 -0.76549 1.87993
0.186578 -0.825594 1.79719
-0.0145081 0.377342 1.73902
-0.291439 -0.209422 1.77269
-0.222579 -0.118892 1.77025
0.216165 -0.220712 1.81069
0.16295 -0.152907 1.76843
-0.00664365 -0.114898 1.99501
-0.0148869 0.172208 1.95024
-0.0220295 0.44872 1.89303
-0.00512092 0.582932 1.82385
-0.180177 0.345309 1.88672
-0.236567 0.0925988 1.96965
-0.286634 -0.117602 2.00004
-0.28258 -0.156841 2.02243
0.140716 0.350711 1.92265
0.188374 0.100673 1.99413
0.20637 -0.118824 1.99478
0.212784 -0.136238 2.00064
-0.0807496 -0.111479 1.94956
-0.123166 -0.450175 1.85963
-0.14788 -0.766671 1.83919
-0.157174 -0.825176 1.7417
0.0677168 -0.114316 1.96804
0.0835451 -0.3811 2.13236
0.070279 -0.655669 2.35161
0.11156 -0.730868 2.32115
-0.0203587 0.381119 1.90954
-0.283836 -0.190796 2.0415
-0.247755 -0.14671 2.00787
0.235581 -0.213125 2.01226
0.159689 -0.118039 1.97406
0.0254876 -0.0666444 2.22889
0.0320324 0.217226 2.16956
0.038064 0.491396 2.09808
0.0585372 0.619168 2.02523
-0.1176 0.394749 2.09254
-0.192145 0.153401 2.15619
-0.240095 -0.0614454 2.15678
-0.234112 -0.0660632 2.16851
0.197294 0.390811 2.12774
0.238835 0.14 2.20111
0.249069 -0.0801283 2.19803
0.244205 -0.108752 2.21199
-0.0481944 -0.0597662 2.18818
-0.106014 -0.353941 2.11114
-0.161941 -0.677215 2.24824
-0.193237 -0.743164 2.16602
0.0983218 -0.0713829 2.19701
0.0831037 -0.350782 2.31995
0.0670478 -0.647801 2.41549
0.0976634 -0.731888 2.34703
0.0366293 0.424272 2.11814
-0.248744 -0.123575 2.17903
-0.187948 -0.0658589 2.13783
0.243093 -0.153529 2.22797
0.20398 -0.0863724 2.18486
-0.038504 -0.0658124 2.24958
-0.0347193 0.218057 2.19397
-0.0309906 0.492297 2.1258
-0.0156581 0.622104 2.05401
-0.188108 0.394151 2.13429
-0.248244 0.151304 2.20626
-0.281634 -0.064918 2.22099
-0.29305 -0.0743861 2.22589
0.127512 0.392327 2.1407
0.174067 0.14413 2.20148
0.180239 -0.0762448 2.18141
0.174314 -0.0805028 2.17338
-0.111663 -0.0663922 2.21175
-0.131664 -0.343352 2.29211
-0.136654 -0.652213 2.40538
-0.163718 -0.733692 2.33621
0.0357178 -0.0631665 2.21471
0.0559577 -0.35755 2.19397
0.0634687 -0.653682 2.3714
0.0987073 -0.731848 2.33457
-0.0319315 0.425138 2.14507
-0.308203 -0.1389 2.24889
-0.245256 -0.100785 2.22038
0.178106 -0.147986 2.1925
0.137465 -0.0897414 2.14871
-0.0234624 -0.123571 2.0942
-0.019993 0.165176 2.04763
-0.0166811 0.443857 1.9877
-0.00033359 0.57947 1.92248
-0.172405 0.338402 1.98663
-0.226576 0.0939779 2.04597
-0.251316 -0.12329 2.06127
-0.251423 -0.138362 2.05387
0.145113 0.34231 2.00643
0.18983 0.0934302 2.06149
0.208212 -0.120679 2.00077
0.206585 -0.145593 1.99124
-0.0980157 -0.123733 2.05708
-0.110972 -0.363425 2.22105
-0.135015 -0.650849 2.40001
-0.162794 -0.73435 2.3376
0.0518801 -0.119119 2.05855
0.103088 -0.414017 1.95171
0.155843 -0.73052 1.90734
0.168407 -0.779733 1.80151
-0.017502 0.375646 2.00499
-0.270736 -0.204478 2.07903
-0.209402 -0.139636 2.04657
0.216088 -0.20951 1.99482
0.167858 -0.147744 1.95271
0.0533924 -0.116214 1.88045
0.0599757 0.17025 1.83559
0.0656618 0.445342 1.77745
0.0728024 0.583669 1.70936
-0.094114 0.350805 1.81443
-0.143181 0.0966252 1.89152
-0.184764 -0.119514 1.89504
-0.182204 -0.122013 1.88435
0.221489 0.339228 1.76436
0.274015 0.0910201 1.80624
0.279766 -0.128822 1.77363
0.279182 -0.1521 1.76492
-0.021013 -0.110261 1.85363
-0.0842326 -0.378219 1.80635
-0.0603058 -0.678974 1.99016
-0.121643 -0.765625 1.97754
0.125688 -0.117804 1.8344
0.15596 -0.424357 1.82276
0.168051 -0.755796 1.86481
0.179852 -0.8232 1.76666
0.0643704 0.3782 1.79422
-0.200318 -0.184656 1.90123
-0.141125 -0.127787 1.85064
0.292587 -0.229346 1.77623
0.233717 -0.155688 1.76149
-0.00453805 -0.124016 1.81732
-0.0043998 0.166876 1.78489
-0.00454725 0.445822 1.73903
0.0111038 0.581115 1.66838
-0.163756 0.344186 1.75101
-0.219715 0.098207 1.81587
-0.253608 -0.119558 1.81639
-0.260514 -0.150195 1.80722
0.153781 0.339348 1.74321
0.193813 0.0891842 1.79366
0.215666 -0.129375 1.75878
0.206438 -0.147867 1.76319
-0.0785777 -0.120631 1.78205
-0.114671 -0.445802 1.76164
-0.138828 -0.76964 1.81777
-0.153 -0.827827 1.7294
0.0692429 -0.122325 1.78033
0.111532 -0.447794 1.76474
0.159501 -0.770836 1.85193
0.180523 -0.830425 1.76797
-0.00449032 0.377777 1.75274
-0.270951 -0.190627 1.81457
-0.216629 -0.162968 1.78129
0.214726 -0.218981 1.76316
0.169611 -0.149175 1.74522
0.00937659 -0.118149 1.99498
-0.00151168 0.169089 1.95738
-0.0119805 0.445573 1.9068
-0.000216025 0.577889 1.8356
-0.171258 0.341986 1.90021
-0.231825 0.105434 1.96298
-0.283868 -0.107869 1.97003
-0.285679 -0.128206 1.98105
0.151178 0.349695 1.9385
0.217175 0.112377 2.01107
0.274573 -0.0990585 1.9754
0.287095 -0.148356 1.97595
-0.0647273 -0.116803 1.95096
-0.115302 -0.45406 1.8608
-0.145472 -0.768136 1.82979
-0.151365 -0.821377 1.72245
0.0830937 -0.115192 1.96635
0.102205 -0.395593 2.12447
0.113441 -0.67032 2.32151
0.147076 -0.744676 2.27247
-0.0094203 0.377984 1.92168
-0.298158 -0.190298 1.99578
-0.253123 -0.134409 1.97487
0.297884 -0.193701 1.9793
0.262376 -0.163408 1.97086
