-0.054204 -0.0633329 2.27438
-0.0485401 0.240752 2.25271
-0.0425075 0.534657 2.21906
-0.0285088 0.682842 2.21042
-0.200629 0.409622 2.20926
-0.262645 0.160894 2.23403
-0.271294 -0.0586522 2.20282
-0.264882 -0.0797777 2.20571
0.121538 0.4109 2.2176
0.169275 0.156625 2.25275
0.179019 -0.0614592 2.20967
0.172605 -0.0747215 2.20817
-0.126494 -0.0606147 2.23636
-0.161317 -0.333866 2.32828
-0.188475 -0.647691 2.40068
-0.202081 -0.730875 2.3238
0.0199034 -0.0640109 2.23976
0.0491003 -0.334014 2.33955
0.0612788 -0.637683 2.41885
0.0788256 -0.729686 2.34275
-0.0440558 0.462626 2.22966
-0.274563 -0.141706 2.21085
-0.225223 -0.0873072 2.18545
0.177605 -0.140948 2.21194
0.133687 -0.0749235 2.19096
-0.0515418 -0.0630357 2.27662
-0.0459393 0.240699 2.25264
-0.0390007 0.533989 2.21562
-0.0221135 0.681398 2.20365
-0.197739 0.410608 2.20934
-0.260633 0.162921 2.23599
-0.269673 -0.0568017 2.20696
-0.264395 -0.079036 2.21082
0.124088 0.411147 2.21748
0.169822 0.155887 2.25462
0.181482 -0.062723 2.21622
0.173703 -0.075614 2.21698
-0.123716 -0.0603203 2.23885
-0.160152 -0.335811 2.33061
-0.187966 -0.647616 2.40108
-0.20198 -0.730729 2.32316
0.0223498 -0.0636885 2.24186
0.0500216 -0.334583 2.34112
0.0618956 -0.637016 2.41894
0.0787491 -0.729127 2.34256
-0.0408282 0.46215 2.22725
-0.274488 -0.142647 2.22091
-0.226597 -0.0977965 2.19767
0.179299 -0.142144 2.2159
0.136772 -0.0885493 2.20613
-0.0501254 -0.0633556 2.27686
-0.0437453 0.239469 2.2511
-0.036778 0.531554 2.21174
-0.0190826 0.67809 2.19693
-0.194885 0.410883 2.20786
-0.259551 0.163776 2.23774
-0.269263 -0.0559367 2.20899
-0.26751 -0.0791131 2.21014
0.126449 0.409156 2.21318
0.169963 0.153605 2.25207
0.180257 -0.064989 2.21304
0.173675 -0.0799579 2.2125
-0.122167 -0.0604903 2.2387
-0.159106 -0.334276 2.31643
-0.187406 -0.647512 2.40031
-0.202077 -0.730406 2.32315
0.0236363 -0.0641782 2.24249
0.0516294 -0.333563 2.34087
0.0642755 -0.636905 2.41867
0.0786059 -0.728043 2.34315
-0.0385204 0.460015 2.22391
-0.274728 -0.143984 2.22588
-0.224591 -0.102245 2.18658
0.178126 -0.147534 2.21657
0.136248 -0.0833672 2.19984
-0.0724883 -0.0667262 2.26304
-0.0708699 0.233663 2.22771
-0.0687357 0.523798 2.1795
-0.0535181 0.668263 2.15416
-0.226659 0.406955 2.17969
-0.290684 0.15764 2.21776
-0.297808 -0.0626507 2.19701
-0.303506 -0.0820183 2.1943
0.0940049 0.407001 2.18745
0.13514 0.151218 2.22994
0.141177 -0.0678882 2.19345
0.126235 -0.0853996 2.19191
-0.144526 -0.0650243 2.22423
-0.171536 -0.336342 2.29999
-0.190976 -0.649637 2.3982
-0.20288 -0.730934 2.32269
0.00184283 -0.0663231 2.22911
0.0231097 -0.359901 2.29076
0.0579217 -0.644759 2.41522
0.0800579 -0.731796 2.34135
-0.0693385 0.452721 2.19379
-0.306902 -0.148096 2.21029
-0.254184 -0.107224 2.16725
0.128892 -0.149954 2.19505
0.0965289 -0.0821688 2.17152
-0.0838202 -0.109524 2.15577
-0.076445 0.183505 2.0996
-0.0687865 0.466477 2.03046
-0.0368884 0.598199 1.97331
-0.220585 0.35964 2.02045
-0.290825 0.112239 2.08651
-0.314996 -0.103392 2.11264
-0.312925 -0.118605 2.10796
0.0953112 0.362223 2.0711
0.131027 0.10798 2.15086
0.147622 -0.111743 2.13269
0.159014 -0.143719 2.1314
-0.157054 -0.108898 2.11264
-0.182549 -0.351827 2.25294
-0.197703 -0.650565 2.39493
-0.204136 -0.730847 2.31912
-0.00772006 -0.10655 2.12625
0.0519686 -0.425422 2.02285
0.100914 -0.723134 1.96626
0.111042 -0.775003 1.85413
-0.0707571 0.397201 2.05
-0.323918 -0.191251 2.13794
-0.27012 -0.125512 2.09305
0.153178 -0.192723 2.13886
0.125611 -0.13321 2.08627
-0.0147308 -0.11355 1.94901
-0.0120275 0.174972 1.90463
-0.00948507 0.45244 1.8468
0.00499536 0.586802 1.77664
-0.165138 0.357093 1.87481
-0.215372 0.10032 1.95287
-0.24544 -0.116674 1.96595
-0.243907 -0.129333 1.956
0.154043 0.351499 1.84531
0.213645 0.109603 1.90758
0.235013 -0.109968 1.88803
0.237049 -0.1312 1.87886
-0.0898674 -0.108009 1.91865
-0.143058 -0.383652 1.85455
-0.183085 -0.694608 2.01481
-0.224365 -0.76416 1.95215
0.0608977 -0.114947 1.90655
0.0874565 -0.420763 1.89158
0.106893 -0.747723 1.93051
0.115898 -0.810912 1.83494
-0.0101002 0.384662 1.86353
-0.23788 -0.202716 1.97224
-0.207958 -0.11846 1.90663
0.249935 -0.201038 1.88943
0.187439 -0.128306 1.86755
-0.0670669 -0.117379 1.91089
-0.0687486 0.173224 1.86978
-0.0700014 0.452553 1.81554
-0.0566208 0.586309 1.74445
-0.227421 0.356025 1.82403
-0.28593 0.101067 1.89867
-0.319014 -0.116082 1.90599
-0.32724 -0.120851 1.90092
0.0881524 0.353123 1.83104
0.132321 0.101797 1.90775
0.155788 -0.117697 1.89498
0.150825 -0.128772 1.90399
-0.140039 -0.115263 1.87335
-0.18064 -0.435742 1.85331
-0.212405 -0.764353 1.9018
-0.2225 -0.817422 1.80599
0.00826494 -0.114949 1.87604
0.0558103 -0.431093 1.86908
0.0999388 -0.743892 1.97941
0.133911 -0.800698 1.89639
-0.0697732 0.384338 1.83133
-0.340195 -0.1931 1.91076
-0.275731 -0.129666 1.86773
0.161607 -0.198015 1.9085
0.109146 -0.130469 1.861
-0.0297185 -0.116695 2.18596
-0.0270241 0.16982 2.11964
-0.025415 0.446869 2.04043
-0.0240419 0.577594 1.9689
-0.188848 0.347382 2.04618
-0.246808 0.100475 2.13838
-0.272598 -0.114448 2.16666
-0.276197 -0.113152 2.18123
0.134045 0.351679 2.06784
0.206683 0.108662 2.15274
0.270289 -0.100383 2.16689
0.274734 -0.14107 2.19534
-0.10436 -0.112227 2.14422
-0.154268 -0.408072 2.02968
-0.20293 -0.698794 1.9605
-0.208859 -0.751064 1.82592
0.0458755 -0.117326 2.15522
0.0550126 -0.363089 2.29896
0.0590401 -0.649383 2.46331
0.093676 -0.724371 2.41355
-0.0257224 0.378995 2.06237
-0.284363 -0.178441 2.20542
-0.244178 -0.113272 2.14867
0.290922 -0.180671 2.20863
0.245013 -0.147699 2.1906
-0.0342097 -0.068312 2.30279
-0.0303581 0.216641 2.24
-0.0265661 0.492392 2.16477
-0.0217602 0.621105 2.0916
-0.184778 0.393833 2.16481
-0.244455 0.145602 2.24015
-0.276091 -0.0692539 2.26508
-0.280124 -0.0998618 2.27879
0.13186 0.398043 2.19313
0.197116 0.1546 2.29756
0.249608 -0.055975 2.32278
0.240245 -0.102268 2.34923
-0.107251 -0.0650603 2.26118
-0.150191 -0.359099 2.30235
-0.199181 -0.652424 2.43444
-0.225596 -0.725726 2.37022
0.0398654 -0.0693907 2.27175
0.069347 -0.325974 2.38991
0.0604789 -0.631405 2.49333
0.086197 -0.71946 2.42956
-0.0275206 0.424814 2.1858
-0.278415 -0.140318 2.28985
-0.23814 -0.138417 2.23943
0.250345 -0.142487 2.37585
0.211371 -0.0986622 2.33207
-0.102663 -0.0740653 2.25502
-0.0971849 0.212931 2.19502
-0.0911445 0.49034 2.12224
-0.0814859 0.626038 2.06096
-0.248929 0.387595 2.12989
-0.307233 0.140601 2.19746
-0.329024 -0.0728109 2.23552
-0.335109 -0.0920881 2.23195
0.0690395 0.391575 2.14621
0.112604 0.139686 2.21182
0.123726 -0.0776481 2.16445
0.11819 -0.0902764 2.15388
-0.176029 -0.0767738 2.21464
-0.189982 -0.337976 2.32032
-0.207495 -0.652214 2.44983
-0.22729 -0.726444 2.37833
-0.0260422 -0.0689482 2.22263
0.0215183 -0.351933 2.12528
0.0528886 -0.698021 2.21146
0.0996972 -0.750516 2.12973
-0.0927499 0.422393 2.14269
-0.342472 -0.158383 2.26465
-0.29244 -0.105153 2.20667
0.114468 -0.161125 2.1633
0.0842468 -0.0944082 2.12127
-0.0209878 -0.11868 1.99843
-0.0134099 0.172667 1.95984
-0.00601542 0.453095 1.90839
-0.00518584 0.587939 1.84696
-0.166836 0.349022 1.92661
-0.21272 0.0956004 1.97015
-0.241706 -0.12227 1.97552
-0.234479 -0.13252 1.96368
0.156647 0.353155 1.91043
0.206014 0.100973 1.95992
0.215104 -0.115578 1.9069
0.215575 -0.13049 1.90283
-0.0954405 -0.115706 1.96541
-0.143837 -0.373651 1.99647
-0.187302 -0.602071 2.25743
-0.190103 -0.652863 2.13263
0.0541312 -0.117434 1.95892
0.0937348 -0.421772 1.89757
0.119153 -0.751556 1.91717
0.128147 -0.810092 1.81839
-0.00784626 0.384543 1.92348
-0.242361 -0.200555 1.95449
-0.205536 -0.130774 1.98056
0.218419 -0.195365 1.91248
0.171746 -0.138524 1.86061
-0.00383886 -0.114979 1.86685
-0.00405721 0.180313 1.84205
-0.0042111 0.463448 1.80361
-0.0175441 0.603494 1.73905
-0.170578 0.357022 1.82381
-0.213807 0.0987133 1.89809
-0.237431 -0.116224 1.92943
-0.249217 -0.148076 1.92705
0.152856 0.359386 1.78923
0.210235 0.106827 1.83894
0.232152 -0.111267 1.80029
0.227028 -0.121293 1.80538
-0.0781676 -0.113141 1.83699
-0.133492 -0.435578 1.82314
-0.192778 -0.76128 1.88751
-0.194883 -0.819296 1.794
0.0706998 -0.112419 1.82394
0.11576 -0.413265 1.85724
0.126328 -0.751438 1.91823
0.131749 -0.815373 1.82022
-0.00417513 0.394359 1.8155
-0.236962 -0.1959 1.93174
-0.222462 -0.156093 1.8888
0.238018 -0.188998 1.8121
0.192241 -0.131147 1.79198
-0.0574283 -0.115628 1.91002
-0.0681004 0.178449 1.87903
-0.0779935 0.461008 1.83526
-0.0686752 0.601165 1.77045
-0.233454 0.349681 1.81864
-0.285924 0.0952827 1.88308
-0.330759 -0.118119 1.90266
-0.334536 -0.123723 1.90198
0.082773 0.357279 1.85714
0.131338 0.115152 1.9428
0.168382 -0.101602 1.94939
0.165529 -0.0981526 1.95808
-0.130049 -0.116308 1.86493
-0.161075 -0.438979 1.82533
-0.192626 -0.765227 1.88433
-0.193722 -0.822119 1.78854
0.0173819 -0.110521 1.88252
0.0538585 -0.3788 1.91058
0.0865082 -0.623305 2.15902
0.131836 -0.719727 2.16406
-0.0756427 0.391996 1.8484
-0.374935 -0.199777 1.90382
-0.312065 -0.149422 1.90271
0.179794 -0.155045 1.97319
0.129065 -0.0968355 1.906
0.00292169 -0.0896468 2.20176
0.0114403 0.19849 2.13731
0.0194513 0.477295 2.06083
0.0261037 0.608295 1.99521
-0.140931 0.378193 2.05039
-0.212625 0.134596 2.10362
-0.284548 -0.0732841 2.1026
-0.279244 -0.0830511 2.10928
0.174635 0.372803 2.0926
0.22927 0.116024 2.15935
0.274808 -0.099418 2.15088
0.271327 -0.101329 2.16286
-0.0707997 -0.0851746 2.15705
-0.134595 -0.385161 2.05443
-0.187823 -0.690843 2.03376
-0.205811 -0.742188 1.92773
0.0765247 -0.0910599 2.1739
0.0755035 -0.344994 2.32384
0.0652358 -0.641939 2.43265
0.091846 -0.729098 2.36995
0.0174935 0.408998 2.08212
-0.297799 -0.150213 2.12341
-0.251397 -0.08829 2.10453
0.27142 -0.16307 2.17714
0.242441 -0.117338 2.14905
-0.0280429 -0.0711867 2.26261
-0.0210458 0.216056 2.20765
-0.0141475 0.493742 2.14043
-0.00283704 0.624711 2.07042
-0.173048 0.39984 2.13986
-0.239273 0.153513 2.19106
-0.276323 -0.0631013 2.19612
-0.281616 -0.0628773 2.20807
0.14299 0.3932 2.16375
0.190721 0.156489 2.254
0.23069 -0.0565364 2.28155
0.22643 -0.109388 2.29755
-0.102092 -0.0670433 2.22238
-0.142118 -0.356836 2.28581
-0.174914 -0.64588 2.42284
-0.197145 -0.721396 2.35671
0.046796 -0.0731209 2.23029
0.0676725 -0.330577 2.34099
0.0655965 -0.640587 2.43902
0.0889426 -0.727692 2.37457
-0.0158646 0.425716 2.15944
-0.312189 -0.131945 2.22263
-0.232671 -0.0745341 2.18727
0.232129 -0.146142 2.30928
0.198966 -0.108561 2.27827
-0.105607 -0.0863926 2.21037
-0.100224 0.20163 2.14997
-0.0943313 0.479879 2.07685
-0.0789661 0.616111 2.02009
-0.249377 0.3735 2.07702
-0.308658 0.120792 2.15756
-0.337756 -0.0915583 2.19584
-0.343772 -0.115894 2.2008
0.0675161 0.383639 2.11103
0.113272 0.134537 2.17999
0.126578 -0.081591 2.12659
0.122697 -0.0919404 2.11032
-0.179215 -0.0874015 2.16961
-0.179484 -0.339127 2.30124
-0.176897 -0.643468 2.43811
-0.199764 -0.725766 2.38175
-0.0285282 -0.0825419 2.17856
0.0292004 -0.383108 2.06273
0.0997138 -0.72474 2.0392
0.13286 -0.776482 1.94838
-0.0958981 0.411746 2.09737
-0.361003 -0.170254 2.23141
-0.297016 -0.122577 2.18462
0.124431 -0.156957 2.10204
0.0893657 -0.0925284 2.07938
-0.036749 -0.123246 1.93028
-0.0278008 0.16804 1.89773
-0.0189745 0.448101 1.85208
-0.0135797 0.587904 1.78687
-0.180507 0.345501 1.86119
-0.235524 0.0989456 1.93416
-0.293075 -0.106481 1.9764
-0.290877 -0.106986 1.98257
0.143291 0.345092 1.85411
0.194641 0.104038 1.92021
0.208462 -0.111034 1.86103
0.210381 -0.13177 1.85351
-0.1108 -0.118613 1.89668
-0.142211 -0.377082 1.89434
-0.164419 -0.596554 2.16488
-0.164699 -0.646643 2.03973
0.0386965 -0.12328 1.89121
0.0789849 -0.430756 1.83947
0.103685 -0.754491 1.87241
0.122654 -0.821015 1.78279
-0.0211715 0.379678 1.86573
-0.298371 -0.169354 2.019
-0.256856 -0.115673 1.969
0.217775 -0.199068 1.86002
0.165584 -0.144869 1.8195
-0.0598037 -0.12234 1.83115
-0.060782 0.170174 1.79303
-0.0613621 0.450767 1.74165
-0.0510748 0.591982 1.67607
-0.221867 0.349569 1.74668
-0.274907 0.0961665 1.82066
-0.305465 -0.113904 1.86799
-0.329007 -0.126656 1.8775
0.09768 0.349612 1.75395
0.143341 0.104789 1.82804
0.164498 -0.114457 1.79927
0.157375 -0.125546 1.80299
-0.133532 -0.119326 1.79402
-0.172627 -0.435892 1.78933
-0.211673 -0.770379 1.86775
-0.218578 -0.825533 1.77403
0.0155844 -0.120418 1.79583
0.0621412 -0.444899 1.79323
0.0997724 -0.761733 1.8586
0.123346 -0.82623 1.78292
-0.0612922 0.382317 1.75672
-0.329327 -0.169633 1.90564
-0.2974 -0.139433 1.87263
0.17001 -0.191792 1.80254
0.118215 -0.133805 1.76707
-0.0600762 -0.113567 1.96391
-0.066388 0.175237 1.9223
-0.0719348 0.453057 1.86768
-0.0519592 0.589464 1.8011
-0.229816 0.352 1.85796
-0.296896 0.104854 1.94029
-0.35587 -0.102041 1.97468
-0.349737 -0.10889 1.9815
0.0910246 0.355347 1.90629
0.131302 0.100776 1.9974
0.154925 -0.11842 1.97783
0.152334 -0.120088 1.98525
-0.133672 -0.11187 1.9183
-0.183532 -0.446638 1.85048
-0.21308 -0.768755 1.86671
-0.21647 -0.823638 1.76897
0.0157371 -0.11113 1.93699
0.0578313 -0.374467 2.04445
0.0683653 -0.624156 2.28998
0.105168 -0.72334 2.29411
-0.0706678 0.385175 1.88356
-0.369224 -0.179492 2.00583
-0.281394 -0.117235 1.89889
0.163569 -0.188145 1.99664
0.112738 -0.120712 1.93836
-0.00712956 -0.072168 2.21986
0.0021819 0.21123 2.15061
0.0116721 0.485223 2.0693
0.0300546 0.611156 1.99563
-0.146448 0.390339 2.0676
-0.219372 0.148414 2.14109
-0.263057 -0.0664155 2.15206
-0.262833 -0.0673013 2.16181
0.171172 0.388683 2.11074
0.210452 0.141599 2.20974
0.227449 -0.0760702 2.22819
0.239308 -0.115881 2.2617
-0.081907 -0.0659008 2.17586
-0.138592 -0.354909 2.09854
-0.203783 -0.681261 2.21732
-0.230591 -0.749023 2.13477
0.0678397 -0.0761135 2.19123
0.0683361 -0.342122 2.30824
0.0594936 -0.63764 2.41163
0.0883073 -0.731 2.3393
0.00929205 0.418132 2.09181
-0.284028 -0.136973 2.17875
-0.216813 -0.0813468 2.12639
0.243788 -0.157531 2.28598
0.210455 -0.11602 2.24493
-0.0673522 -0.0725782 2.24141
-0.063553 0.21484 2.18216
-0.0595155 0.492606 2.11034
-0.0371679 0.625346 2.04279
-0.214179 0.397262 2.11763
-0.284694 0.148671 2.19135
-0.305909 -0.0682597 2.21221
-0.315693 -0.0679868 2.20338
0.102767 0.390822 2.13411
0.141848 0.138771 2.20666
0.139963 -0.0818028 2.19309
0.136119 -0.0781751 2.19005
-0.140238 -0.071497 2.20275
-0.163567 -0.332242 2.30379
-0.173941 -0.642446 2.42186
-0.201482 -0.726535 2.35883
0.0075606 -0.0713132 2.2074
0.0289109 -0.357673 2.25001
0.0561312 -0.644736 2.40698
0.0884759 -0.730811 2.33881
-0.0605763 0.424581 2.13053
-0.329548 -0.135549 2.20501
-0.266879 -0.082334 2.17412
0.142092 -0.146896 2.21598
0.09817 -0.0814536 2.15675
-0.106534 -0.116542 2.10166
-0.108927 0.172094 2.04555
-0.110441 0.450547 1.97648
-0.0914863 0.582377 1.90737
-0.268036 0.349046 1.98165
-0.324656 0.0989869 2.04093
-0.342049 -0.117463 2.06625
-0.348668 -0.129569 2.0507
0.0512806 0.351715 1.99987
0.101832 0.103005 2.05521
0.131178 -0.114481 2.02172
0.129209 -0.129976 2.01607
-0.179425 -0.118314 2.06134
-0.18113 -0.359707 2.22236
-0.181308 -0.642889 2.4113
-0.201606 -0.731176 2.35604
-0.0299657 -0.11075 2.06944
0.025269 -0.419487 1.95882
0.0728621 -0.718598 1.89433
0.085941 -0.768641 1.78676
-0.110208 0.382413 1.996
-0.362061 -0.204438 2.06202
-0.301928 -0.130402 2.05585
0.142855 -0.198277 2.0293
0.0918013 -0.148096 1.98593
-0.0635142 -0.117733 1.87195
-0.0642696 0.170822 1.82871
-0.0642689 0.447852 1.76987
-0.0762624 0.58673 1.7057
-0.224516 0.347403 1.8062
-0.26179 0.0884934 1.86644
-0.295173 -0.128515 1.87472
-0.299022 -0.138152 1.85639
0.0889751 0.353035 1.75842
0.148954 0.104441 1.80447
0.172616 -0.114282 1.7723
0.168593 -0.12917 1.76336
-0.136708 -0.114635 1.84611
-0.172834 -0.388115 1.8178
-0.197564 -0.686392 2.00477
-0.243774 -0.76416 1.95508
0.0120802 -0.116406 1.82489
0.0375448 -0.427832 1.81164
0.052453 -0.755167 1.85249
0.0701099 -0.820823 1.75904
-0.0643693 0.380255 1.78699
-0.304525 -0.210756 1.8664
-0.244808 -0.130691 1.832
0.181038 -0.20577 1.77579
0.123027 -0.122663 1.7505
-0.111412 -0.119101 1.84636
-0.11689 0.16906 1.80167
-0.121526 0.44574 1.74416
-0.113812 0.576837 1.66949
-0.281034 0.349291 1.75889
-0.328369 0.0918749 1.83183
-0.346477 -0.12567 1.85171
-0.365009 -0.150702 1.85113
0.0333829 0.35458 1.75822
0.0791107 0.104614 1.81459
0.10526 -0.113848 1.78227
0.0977129 -0.111401 1.79899
-0.182856 -0.119475 1.80935
-0.206246 -0.430925 1.80943
-0.224372 -0.757612 1.87487
-0.23463 -0.819933 1.78775
-0.0355533 -0.114006 1.81118
0.0155935 -0.429935 1.80154
0.0548976 -0.753662 1.91968
0.0913742 -0.808154 1.83563
-0.120515 0.37823 1.76074
-0.374284 -0.214717 1.86944
-0.309263 -0.148371 1.8115
0.120436 -0.179431 1.80836
0.0602615 -0.127737 1.77617
-0.0628456 -0.114864 2.03763
-0.0674818 0.173006 1.99353
-0.0716882 0.450364 1.93658
-0.066247 0.577139 1.86058
-0.23308 0.351831 1.93361
-0.290923 0.0904209 2.02244
-0.330898 -0.119703 2.0621
-0.336966 -0.137786 2.07441
0.0864962 0.353177 1.95305
0.138539 0.108323 2.01608
0.14843 -0.112063 1.99934
0.15353 -0.102516 2.01076
-0.137223 -0.111413 1.99587
-0.183572 -0.444759 1.90955
-0.224215 -0.755954 1.892
-0.229213 -0.811591 1.78324
0.0137546 -0.114287 2.00683
0.046332 -0.373376 2.17292
0.0556988 -0.65597 2.37139
0.0826066 -0.734983 2.32516
-0.0707229 0.382534 1.95305
-0.339159 -0.184785 2.09673
-0.303877 -0.131555 2.06833
0.178158 -0.172712 2.02358
0.102412 -0.093805 1.99354
-0.0301079 -0.06435 2.24117
-0.0169215 0.213871 2.17303
-0.00357942 0.482932 2.09301
0.0112821 0.600622 2.01147
-0.159186 0.394808 2.09836
-0.230306 0.161685 2.17552
-0.27483 -0.0497179 2.20693
-0.284858 -0.0745206 2.22828
0.156859 0.390872 2.12033
0.20022 0.148047 2.20534
0.233268 -0.0689129 2.21397
0.23783 -0.0711814 2.23172
-0.105063 -0.0572388 2.20171
-0.162203 -0.353888 2.15255
-0.233424 -0.664589 2.29558
-0.259521 -0.723633 2.20313
0.0458052 -0.0693419 2.20797
0.0570402 -0.327352 2.31836
0.0488913 -0.640719 2.4151
0.0689547 -0.731613 2.34936
-0.0069184 0.41704 2.1152
-0.293105 -0.12987 2.24871
-0.242699 -0.0628204 2.1702
0.257558 -0.123625 2.24968
0.205707 -0.0875743 2.23142
-0.098111 -0.0725767 2.24157
-0.0922954 0.211707 2.18491
-0.0865016 0.486424 2.11567
-0.0707542 0.613448 2.04182
-0.245824 0.394848 2.12771
-0.31242 0.151954 2.19797
-0.342472 -0.062633 2.22584
-0.353659 -0.0779129 2.21936
0.0734068 0.388834 2.13046
0.115749 0.139862 2.19225
0.11812 -0.079892 2.16132
0.111805 -0.083822 2.15559
-0.170679 -0.0730811 2.20583
-0.192612 -0.343555 2.29635
-0.206874 -0.650461 2.41339
-0.224318 -0.73452 2.34365
-0.0225737 -0.0697276 2.20458
0.00288985 -0.357269 2.17158
0.0225909 -0.653721 2.35036
0.0697577 -0.732249 2.30694
-0.0879854 0.419144 2.13521
-0.368221 -0.151819 2.24458
-0.29846 -0.0815096 2.19218
0.130062 -0.157188 2.17094
0.0729202 -0.0932628 2.12579
-0.0644069 -0.138276 2.05483
-0.0563587 0.152499 2.01379
-0.0482999 0.432961 1.95941
-0.0339735 0.565761 1.89013
-0.204839 0.330267 1.95853
-0.259359 0.0866283 2.00381
-0.282071 -0.129947 2.02528
-0.289316 -0.161949 2.01787
0.11476 0.330528 1.97796
0.15687 0.0792247 2.02646
0.180641 -0.137384 1.98165
0.187186 -0.151398 1.97879
-0.138853 -0.137319 2.01682
-0.164969 -0.387326 2.19129
-0.202589 -0.652337 2.39756
-0.224084 -0.73426 2.34256
0.0123383 -0.134369 2.02025
0.0776853 -0.445596 1.89747
0.122461 -0.744641 1.88015
0.136977 -0.805947 1.77922
-0.050331 0.364326 1.97529
-0.301333 -0.229164 2.02881
-0.251384 -0.167125 2.03571
0.212745 -0.225921 1.99237
0.14803 -0.16005 1.94261
-0.000104044 -0.119631 1.88687
0.00645366 0.168313 1.84923
0.0136581 0.44488 1.79717
0.0107684 0.579068 1.72559
-0.149444 0.350634 1.83147
-0.194165 0.0962915 1.90232
-0.229239 -0.121177 1.90188
-0.2244 -0.112444 1.90209
0.167309 0.342312 1.7831
0.228207 0.0973014 1.82244
0.258524 -0.120232 1.78862
0.262017 -0.137284 1.78049
-0.0744453 -0.113309 1.86131
-0.131419 -0.392198 1.78321
-0.150505 -0.716681 1.92606
-0.192364 -0.79066 1.89329
0.0742304 -0.121401 1.83975
0.10876 -0.427402 1.82439
0.126389 -0.757901 1.87044
0.140187 -0.823403 1.77687
0.0118659 0.377364 1.81246
-0.221084 -0.186187 1.91293
-0.192486 -0.110173 1.848
0.288121 -0.215392 1.78519
0.23269 -0.160431 1.78346
-0.0623495 -0.120557 1.88252
-0.0598186 0.168257 1.84414
-0.0573132 0.445634 1.79287
-0.0491288 0.576368 1.71854
-0.216601 0.347703 1.79529
-0.283215 0.104939 1.84846
-0.302558 -0.114909 1.84187
-0.312766 -0.142094 1.85327
0.0975022 0.346563 1.8135
0.134724 0.0952431 1.88473
0.156396 -0.124278 1.86421
0.150645 -0.126034 1.87686
-0.134578 -0.117844 1.84298
-0.171091 -0.429536 1.8281
-0.193766 -0.762998 1.89614
-0.202938 -0.821786 1.80666
0.0123757 -0.118512 1.84981
0.0662442 -0.450943 1.82006
0.119612 -0.765847 1.89139
0.136605 -0.819629 1.79709
-0.0579687 0.377922 1.80789
-0.323682 -0.204785 1.87051
-0.261556 -0.171966 1.82979
0.160402 -0.198742 1.88854
0.113799 -0.135608 1.83031
-0.0537613 -0.111126 2.03436
-0.0524635 0.179953 2.00683
-0.0511547 0.460275 1.96724
-0.052897 0.594075 1.89711
-0.212901 0.357752 1.9583
-0.267305 0.11803 2.00514
-0.298358 -0.0997941 1.97863
-0.295878 -0.129461 1.99245
0.106197 0.358852 1.98006
0.170267 0.119785 2.04599
0.219087 -0.0925157 2.00037
0.226796 -0.142047 2.01608
-0.127683 -0.106507 1.99391
-0.169851 -0.427046 1.92638
-0.20259 -0.752764 1.90944
-0.203375 -0.813565 1.8061
0.0220838 -0.111794 2.00229
0.0601046 -0.370166 2.14714
0.0716342 -0.656027 2.34985
0.097453 -0.734339 2.30476
-0.0515176 0.391712 1.97929
-0.309564 -0.174107 1.99178
-0.255473 -0.13107 1.97123
0.252465 -0.186167 2.01827
0.192528 -0.1578 2.0031
-0.0163086 -0.0622216 2.24537
-0.00264493 0.21892 2.19445
0.0106737 0.490519 2.13116
0.0157771 0.609434 2.04997
-0.149054 0.400682 2.12801
-0.21411 0.159545 2.18701
-0.265185 -0.0546689 2.1842
-0.262231 -0.0689885 2.19686
0.169211 0.39515 2.14973
0.225997 0.152239 2.2318
0.27649 -0.0618533 2.23187
0.278534 -0.103291 2.25947
-0.0908322 -0.0551741 2.20694
-0.157328 -0.353849 2.15969
-0.220288 -0.660935 2.29119
-0.25242 -0.725733 2.21509
0.0587491 -0.0672401 2.21115
0.074086 -0.335004 2.31723
0.0698901 -0.640572 2.39586
0.0896219 -0.729155 2.32872
0.00739356 0.424005 2.1492
-0.284682 -0.136364 2.20743
-0.222473 -0.0876741 2.16474
0.306359 -0.144836 2.2778
0.248385 -0.111914 2.24571
-0.0566249 -0.0557007 2.28228
-0.0545162 0.233152 2.23204
-0.0528707 0.512946 2.16899
-0.0394113 0.644216 2.10213
-0.211394 0.413964 2.17819
-0.278548 0.177137 2.24112
-0.314686 -0.0385961 2.25635
-0.32548 -0.0704429 2.25972
0.109997 0.407454 2.18024
0.154944 0.154516 2.25485
0.170439 -0.065409 2.23759
0.163487 -0.0899811 2.24616
-0.128376 -0.0543282 2.24595
-0.17675 -0.346622 2.31621
-0.207008 -0.653336 2.3821
-0.225001 -0.738482 2.29237
0.0167619 -0.0552045 2.24616
0.0505765 -0.331651 2.31932
0.0671028 -0.642608 2.39885
0.0890756 -0.733215 2.32812
-0.0532914 0.444362 2.187
-0.339947 -0.140901 2.28199
-0.268949 -0.062951 2.23145
0.170238 -0.136515 2.26508
0.128209 -0.0840992 2.21976
