-0.167262 0.180166 2.33362
-0.156592 0.465808 2.25265
-0.144838 0.740489 2.15965
-0.140793 0.896835 2.1117
-0.306213 0.655994 2.20375
-0.339077 0.397174 2.25252
-0.366042 0.164384 2.27695
-0.372034 0.0913472 2.29244
0.0205075 0.648 2.20218
0.0538732 0.383189 2.24999
0.0595286 0.147721 2.25108
0.0464385 0.0726848 2.26259
-0.240481 0.177194 2.29845
-0.251802 -0.20497 2.44063
-0.271041 -0.558821 2.54627
-0.28539 -0.617778 2.47117
-0.0886679 0.177527 2.29661
-0.0810323 -0.223516 2.43013
-0.097211 -0.568255 2.52423
-0.0974595 -0.633657 2.44178
-0.147917 0.673439 2.18501
-0.386137 0.014386 2.31492
-0.410558 0.0743756 2.281
0.0513799 -0.00722094 2.275
0.00403521 0.0730231 2.236
-0.167187 0.180207 2.33359
-0.156448 0.46576 2.25248
-0.144669 0.740331 2.15933
-0.140385 0.896683 2.1111
-0.306058 0.656295 2.20363
-0.339118 0.39755 2.25276
-0.365818 0.164174 2.27696
-0.370843 0.0928521 2.29489
0.0205893 0.647947 2.20212
0.0544498 0.383235 2.25039
0.0599191 0.147727 2.25072
0.046943 0.073484 2.26451
-0.240334 0.177361 2.29837
-0.251963 -0.201213 2.43904
-0.270992 -0.558866 2.54625
-0.286344 -0.617617 2.47333
-0.08865 0.177521 2.29661
-0.0809074 -0.223398 2.43009
-0.0971442 -0.568208 2.52417
-0.097604 -0.633693 2.44165
-0.14775 0.673309 2.18473
-0.386574 0.0144044 2.31754
-0.40423 0.12218 2.27827
0.0572009 -0.00705907 2.27903
0.00515752 0.0671428 2.24277
-0.1671 0.180193 2.33358
-0.156245 0.4656 2.25228
-0.144391 0.739975 2.15891
-0.140043 0.896378 2.11068
-0.305755 0.656553 2.20338
-0.339096 0.397377 2.2527
-0.365805 0.163923 2.27696
-0.370144 0.0933608 2.29269
0.020964 0.647759 2.2014
0.0549211 0.383399 2.25017
0.0600205 0.147898 2.25072
0.047638 0.073885 2.26412
-0.240218 0.177369 2.29841
-0.251373 -0.198048 2.43729
-0.27281 -0.559904 2.5473
-0.286347 -0.617485 2.47282
-0.0886099 0.177476 2.29656
-0.0807607 -0.223573 2.43004
-0.0970612 -0.567994 2.52434
-0.0980998 -0.633658 2.44467
-0.147485 0.673003 2.18436
-0.386414 0.0144037 2.31653
-0.403115 0.0745857 2.274
0.0557666 -0.00705123 2.27636
0.00667085 0.0713963 2.24141
-0.166689 0.180257 2.33316
-0.155711 0.465395 2.2517
-0.14383 0.739531 2.15833
-0.139346 0.895937 2.10948
-0.305502 0.65676 2.20329
-0.33886 0.397435 2.25224
-0.36547 0.163862 2.27682
-0.369716 0.0930225 2.29252
0.0212636 0.647694 2.20116
0.0558347 0.383688 2.25036
0.0603452 0.148145 2.2502
0.0478765 0.0736803 2.26295
-0.239833 0.177514 2.29795
-0.251275 -0.196014 2.43625
-0.273217 -0.560744 2.54747
-0.286256 -0.61769 2.47339
-0.0881959 0.177453 2.2961
-0.080664 -0.223569 2.42991
-0.0970234 -0.568005 2.52437
-0.0978275 -0.633343 2.44324
-0.146928 0.672616 2.18377
-0.385543 0.0157257 2.3102
-0.404511 0.096597 2.27843
0.0545583 -0.00669736 2.27255
0.00443193 0.0720883 2.23565
-0.166251 0.180165 2.33297
-0.154828 0.465113 2.25119
-0.142552 0.739086 2.15757
-0.138743 0.895618 2.10867
-0.304791 0.657003 2.20303
-0.338374 0.397636 2.25211
-0.364825 0.16406 2.27655
-0.369343 0.0932731 2.29258
0.0215576 0.647521 2.20073
0.0562053 0.384105 2.25004
0.0610919 0.14854 2.24914
0.0491981 0.0724398 2.26333
-0.239486 0.177462 2.2978
-0.251146 -0.202511 2.4395
-0.273076 -0.559989 2.54719
-0.286232 -0.617751 2.47421
-0.0877029 0.177307 2.29589
-0.0805799 -0.223709 2.42989
-0.0968625 -0.567771 2.52416
-0.0977691 -0.633019 2.4441
-0.145748 0.672209 2.18307
-0.382604 0.0153448 2.31221
-0.401671 0.110132 2.27553
0.0616918 -0.00812224 2.27643
0.00461707 0.0706242 2.23782
-0.165339 0.179915 2.33253
-0.154146 0.464798 2.25075
-0.142095 0.738776 2.15724
-0.138116 0.895144 2.10788
-0.304225 0.657021 2.20297
-0.338102 0.39735 2.25239
-0.364318 0.163673 2.27632
-0.368189 0.0919861 2.29149
0.0218187 0.647377 2.20049
0.0564503 0.384171 2.25014
0.0615664 0.148593 2.24869
0.048133 0.0719882 2.26228
-0.238623 0.177233 2.29759
-0.250553 -0.200743 2.43854
-0.272897 -0.560534 2.54746
-0.286278 -0.617884 2.47492
-0.0867661 0.17701 2.29525
-0.080468 -0.223885 2.42977
-0.0964651 -0.567269 2.52407
-0.0978114 -0.632867 2.4437
-0.145241 0.671896 2.1827
-0.384663 0.0153425 2.31194
-0.399743 0.120601 2.27153
0.0591058 -0.00772615 2.27192
0.00607726 0.066456 2.24021
-0.165055 0.179828 2.33236
-0.153639 0.464532 2.25028
-0.141334 0.738358 2.15637
-0.137577 0.894611 2.1071
-0.302782 0.656621 2.20172
-0.337304 0.397026 2.2517
-0.363724 0.163371 2.27549
-0.370346 0.0909369 2.29003
0.0221897 0.647139 2.19969
0.0567147 0.383904 2.24979
0.0620267 0.148334 2.24826
0.0491665 0.073345 2.26355
-0.238383 0.177111 2.29742
-0.249769 -0.210462 2.42897
-0.269977 -0.561502 2.55186
-0.286014 -0.617738 2.47423
-0.08647 0.176933 2.29504
-0.0802508 -0.224434 2.42898
-0.0959872 -0.567255 2.52415
-0.0979671 -0.63281 2.44322
-0.144545 0.671512 2.18194
-0.384783 0.015348 2.31266
-0.40211 0.130874 2.27158
0.0616794 -0.00811902 2.27598
0.00368605 0.065013 2.23798
-0.168607 0.177534 2.32738
-0.15673 0.462339 2.24548
-0.144082 0.736345 2.15191
-0.139127 0.89295 2.1039
-0.305674 0.654634 2.19877
-0.337471 0.395842 2.24895
-0.365481 0.161504 2.2728
-0.376535 0.0916849 2.28834
0.020233 0.644172 2.19439
0.0536531 0.378817 2.24379
0.0597503 0.143347 2.24354
0.0442974 0.0685323 2.25502
-0.242245 0.175231 2.29221
-0.256924 -0.212765 2.41034
-0.265207 -0.562754 2.54842
-0.284755 -0.617393 2.47322
-0.0896925 0.174296 2.2903
-0.0824759 -0.227382 2.42347
-0.0947949 -0.566927 2.52353
-0.0971105 -0.633419 2.44324
-0.147372 0.669451 2.17739
-0.392552 0.0153668 2.3164
-0.406966 0.114543 2.26889
0.0500646 -0.0132494 2.26947
0.00423768 0.0615283 2.23639
-0.176966 0.173066 2.31782
-0.166633 0.457383 2.23485
-0.155639 0.730851 2.14001
-0.146957 0.888881 2.09464
-0.317412 0.64833 2.18455
-0.348464 0.391592 2.24169
-0.371958 0.158299 2.26998
-0.389176 0.0896425 2.28935
0.0098428 0.638339 2.17997
0.0423656 0.372589 2.22711
0.0510842 0.137336 2.2293
0.035252 0.0845722 2.23037
-0.250575 0.171203 2.28383
-0.26669 -0.215736 2.40937
-0.263362 -0.563925 2.54732
-0.287582 -0.619429 2.47649
-0.0978083 0.169526 2.27958
-0.10398 -0.245124 2.36541
-0.0948212 -0.570143 2.51792
-0.096564 -0.635451 2.43523
-0.158519 0.664096 2.16582
-0.405719 0.0146502 2.31439
-0.421528 0.115372 2.27722
0.0387789 0.00899879 2.24118
-0.00401925 0.0917045 2.20441
-0.185748 0.167833 2.30839
-0.176198 0.451101 2.21682
-0.165533 0.723761 2.1123
-0.157017 0.879884 2.07099
-0.325401 0.635746 2.1551
-0.363992 0.384886 2.22642
-0.385053 0.156238 2.26737
-0.404573 0.0903747 2.28119
-0.000553919 0.632544 2.15453
0.035986 0.366382 2.214
0.0450336 0.131062 2.21459
0.0295303 0.0541997 2.21376
-0.259506 0.165664 2.27388
-0.271857 -0.217677 2.40958
-0.262613 -0.565422 2.54621
-0.291642 -0.619894 2.47794
-0.106156 0.164682 2.27063
-0.0998489 -0.260575 2.28315
-0.0833357 -0.589417 2.41909
-0.0930763 -0.654684 2.33925
-0.16838 0.657195 2.14059
-0.424277 0.00902149 2.31304
-0.44016 0.100482 2.27843
0.0337834 -0.0274562 2.23325
-0.00817152 0.0489767 2.18324
-0.185775 0.162961 2.28267
-0.176895 0.444892 2.181
-0.167261 0.716039 2.06734
-0.154924 0.870034 2.02975
-0.324044 0.624346 2.10716
-0.370204 0.372477 2.19052
-0.394468 0.150522 2.25339
-0.415572 0.0734106 2.27451
0.000941873 0.626438 2.11766
0.0368171 0.360042 2.18927
0.0473749 0.124665 2.18759
0.0399664 0.0490067 2.18741
-0.258441 0.160025 2.24487
-0.275014 -0.184818 2.38932
-0.26333 -0.564807 2.54589
-0.293622 -0.61944 2.47776
-0.10714 0.160702 2.24823
-0.0790702 -0.287458 2.21038
-0.0661196 -0.626122 2.26257
-0.0646362 -0.689941 2.16406
-0.169819 0.649887 2.09785
-0.427523 -0.000995304 2.31112
-0.44738 0.091541 2.25825
0.0500524 -0.032412 2.20869
0.00290877 0.0315487 2.15583
-0.156457 0.127531 2.21734
-0.155711 0.409184 2.11476
-0.153574 0.679903 2.00018
-0.137171 0.835025 1.96132
-0.310489 0.591529 2.03589
-0.369166 0.341671 2.1267
-0.39929 0.119765 2.18724
-0.412472 0.0667085 2.20028
0.0144434 0.5941 2.05458
0.0499213 0.328751 2.13074
0.064628 0.0939289 2.13424
0.0640888 0.0147848 2.13853
-0.22871 0.123576 2.17633
-0.26401 -0.190913 2.34902
-0.267892 -0.556764 2.54247
-0.293414 -0.618074 2.47706
-0.0791043 0.127275 2.18597
-0.0499589 -0.330078 2.12316
-0.0398381 -0.660285 2.07282
-0.0376799 -0.70093 1.9555
-0.154319 0.61388 2.03093
-0.427864 -0.00520362 2.24185
-0.44263 0.0656924 2.19078
0.0760942 -0.0667526 2.16014
0.0252204 0.019869 2.09209
-0.134036 0.0987019 2.14773
-0.13183 0.382952 2.04913
-0.128698 0.656042 1.93883
-0.113966 0.812209 1.90576
-0.284612 0.566468 1.97402
-0.347947 0.315375 2.05773
-0.389803 0.0973431 2.12346
-0.409845 0.017789 2.14607
0.0384999 0.566297 1.99172
0.0736134 0.301406 2.05561
0.0872481 0.0665455 2.0595
0.0882603 -0.00676113 2.07554
-0.20732 0.0959314 2.10759
-0.250797 -0.206796 2.25169
-0.266989 -0.550984 2.525
-0.291755 -0.616277 2.47273
-0.056213 0.0981423 2.11542
-0.0352505 -0.366622 2.06317
-0.0390883 -0.697992 2.02625
-0.0333865 -0.750169 1.92082
-0.129632 0.589453 1.96847
-0.41588 -0.0561575 2.1814
-0.434632 0.0373647 2.12925
0.104761 -0.0882119 2.10537
0.0534304 -0.0347225 2.02956
-0.119272 0.0940352 2.07221
-0.109481 0.379851 1.97968
-0.0993351 0.654038 1.87471
-0.0846614 0.808713 1.84029
-0.257189 0.562388 1.91274
-0.315379 0.315195 1.99165
-0.366397 0.0949925 2.0453
-0.385334 0.017376 2.06898
0.0687458 0.558437 1.91674
0.0971037 0.294329 1.98151
0.111031 0.0590252 1.9787
0.110188 -0.0127084 1.99505
-0.193325 0.0938955 2.03338
-0.245224 -0.243726 2.12852
-0.266726 -0.547822 2.44275
-0.294553 -0.623363 2.43629
-0.041018 0.0908755 2.03839
-0.0191766 -0.358125 2.00964
-0.0387247 -0.704648 2.02192
-0.0339235 -0.755347 1.92132
-0.101961 0.587233 1.90308
-0.389263 -0.054119 2.09729
-0.408856 0.0217161 2.04909
0.128675 -0.0953459 2.01832
0.0705035 -0.0379211 1.95483
-0.115013 0.0949539 2.01324
-0.0973866 0.380228 1.922
-0.0795565 0.653495 1.81876
-0.0679631 0.808557 1.78474
-0.239544 0.566834 1.86696
-0.293372 0.32078 1.94196
-0.349824 0.10113 1.99341
-0.363134 0.0185633 2.00938
0.086615 0.555147 1.85548
0.120357 0.288608 1.91168
0.126657 0.0527156 1.90449
0.123724 -0.0221752 1.90437
-0.189696 0.0991174 1.97831
-0.251846 -0.236173 1.99965
-0.270146 -0.544667 2.31012
-0.292489 -0.62408 2.3119
-0.0361674 0.0871594 1.97556
-0.013495 -0.348178 1.98576
-0.038239 -0.704275 2.02065
-0.0339218 -0.756372 1.92411
-0.0840647 0.586972 1.84664
-0.367151 -0.0568488 2.03457
-0.385726 0.027156 1.98855
0.135186 -0.107202 1.91745
0.0871209 0.00154654 1.91947
-0.132606 0.0957856 1.95884
-0.103207 0.37828 1.86781
-0.0741373 0.648611 1.76471
-0.0656038 0.803978 1.72811
-0.237297 0.573117 1.82145
-0.285907 0.328377 1.88765
-0.351126 0.10001 1.93796
-0.361411 0.0166206 1.94901
0.0887638 0.547248 1.78935
0.134204 0.28529 1.83396
0.14799 0.0516157 1.79188
0.141007 -0.0241669 1.76876
-0.206193 0.105202 1.92598
-0.273422 -0.25865 1.92226
-0.3272 -0.643484 2.11353
-0.370361 -0.70166 2.05273
-0.0540774 0.0827705 1.91933
-0.0167927 -0.338282 1.95791
-0.0368009 -0.701373 2.01937
-0.0347137 -0.759048 1.9239
-0.0813943 0.582853 1.79256
-0.367809 -0.0536558 1.97149
-0.383422 0.0436586 1.93254
0.143721 -0.106052 1.76533
0.108252 -0.0337438 1.76019
-0.151883 0.088702 1.92591
-0.117807 0.371837 1.83633
-0.0840925 0.642505 1.73479
-0.0747874 0.796523 1.69768
-0.248876 0.567849 1.78794
-0.299735 0.325694 1.8518
-0.368721 0.108711 1.90026
-0.380476 0.0261858 1.90569
0.0785191 0.541919 1.76599
0.126862 0.283553 1.80335
0.144272 0.0533164 1.74296
0.131362 -0.0198933 1.71219
-0.225357 0.0984744 1.8917
-0.305558 -0.306297 1.88945
-0.394283 -0.698685 1.95751
-0.413086 -0.751465 1.86816
-0.072672 0.0755852 1.88778
-0.0303577 -0.339541 1.93634
-0.0373477 -0.700735 2.01708
-0.0353201 -0.759886 1.92442
-0.0925009 0.576695 1.76223
-0.392543 -0.0446368 1.93363
-0.402963 0.054857 1.89193
0.134119 -0.102323 1.69824
0.0997715 -0.0423426 1.69615
-0.179897 0.0787023 1.89597
-0.145436 0.362811 1.81129
-0.111082 0.63427 1.71442
-0.094341 0.788188 1.67627
-0.274151 0.554371 1.75501
-0.334266 0.310396 1.81473
-0.398825 0.0894858 1.85309
-0.412405 0.00715417 1.86428
0.0518606 0.536898 1.75476
0.0961555 0.27487 1.79296
0.120108 0.0452331 1.7326
0.104958 -0.0284866 1.71081
-0.253749 0.0871764 1.85765
-0.32809 -0.318856 1.84236
-0.407666 -0.709587 1.90576
-0.413481 -0.756985 1.83373
-0.0991813 0.0671175 1.86177
-0.0553744 -0.339624 1.89979
-0.0390141 -0.701425 2.01306
-0.0357557 -0.760098 1.92514
-0.119686 0.56828 1.74071
-0.424013 -0.069884 1.89404
-0.437583 0.026205 1.85089
0.110338 -0.1113 1.6977
0.0755869 -0.0354234 1.70678
-0.210153 0.0729267 1.88337
-0.184495 0.358514 1.79688
-0.159526 0.631528 1.69742
-0.128113 0.784491 1.66267
-0.316579 0.541794 1.7186
-0.392284 0.289216 1.77764
-0.441709 0.062857 1.80867
-0.453482 0.000910402 1.80958
-0.000729498 0.53864 1.75919
0.0299948 0.268609 1.81901
0.0548059 0.0345394 1.78923
0.0572594 -0.0396243 1.78486
-0.283556 0.0792993 1.8394
-0.346831 -0.31986 1.82631
-0.407747 -0.708286 1.90914
-0.414998 -0.756049 1.83285
-0.129285 0.0638922 1.85532
-0.0774964 -0.34588 1.87975
-0.044111 -0.704383 2.00853
-0.0401965 -0.761292 1.92292
-0.165785 0.565154 1.72442
-0.467735 -0.0819399 1.82968
-0.487517 0.0329278 1.809
0.0661525 -0.120954 1.79022
0.0175868 0.00604828 1.8018
-0.224402 0.0821082 1.894
-0.203756 0.367991 1.80325
-0.182807 0.641273 1.70007
-0.149289 0.793162 1.6685
-0.336603 0.5457 1.71406
-0.412327 0.289848 1.76741
-0.466103 0.0640938 1.79598
-0.492249 -0.00513114 1.80568
-0.0236413 0.550949 1.77127
-0.00105903 0.282104 1.83698
0.0204464 0.0470769 1.83404
0.0271752 -0.024808 1.85304
-0.295185 0.0843602 1.84611
-0.361013 -0.321075 1.84279
-0.408746 -0.706987 1.91331
-0.415161 -0.754434 1.83363
-0.145041 0.0771079 1.87015
-0.0978175 -0.328346 1.89523
-0.0731637 -0.683748 2.05548
-0.0583496 -0.739746 1.98242
-0.188184 0.574843 1.72794
-0.499665 -0.0810666 1.82494
-0.514875 -0.00775733 1.77344
0.0451299 -0.105251 1.86656
0.0129217 -0.0689127 1.83524
-0.235219 0.0916162 1.91968
-0.215671 0.378517 1.83181
-0.195125 0.652898 1.73225
-0.165688 0.807459 1.70481
-0.352473 0.554202 1.74941
-0.42793 0.301362 1.79625
-0.477512 0.0729083 1.81395
-0.502367 0.000744689 1.83087
-0.0347094 0.561175 1.80208
-0.0134709 0.289428 1.86263
0.0101664 0.0559689 1.87729
0.0156922 -0.0128086 1.90254
-0.306193 0.0918865 1.87209
-0.37046 -0.32329 1.87812
-0.410905 -0.706098 1.91674
-0.414538 -0.754981 1.83275
-0.155403 0.0879538 1.8953
-0.113475 -0.287915 1.92494
-0.0981672 -0.613313 2.21851
-0.0878296 -0.686523 2.1543
-0.200454 0.58617 1.75915
-0.507857 -0.0770562 1.84642
-0.522574 0.00325379 1.80146
0.037668 -0.0910821 1.92078
-0.0226555 -0.0206658 1.88486
-0.234063 0.0909471 1.97112
-0.212981 0.378425 1.8856
-0.191 0.653619 1.7885
-0.167249 0.810144 1.76037
-0.348231 0.556827 1.81195
-0.424057 0.303378 1.86311
-0.472312 0.0742804 1.87695
-0.49152 -0.000566166 1.8943
-0.0294553 0.560425 1.84727
-0.00643188 0.286691 1.90299
0.013778 0.0521952 1.90894
0.0216286 -0.0177015 1.93175
-0.305698 0.0920184 1.92819
-0.373025 -0.329277 1.90992
-0.413402 -0.706851 1.91969
-0.414445 -0.754863 1.83261
-0.153898 0.0866155 1.94214
-0.120875 -0.254241 2.0034
-0.111321 -0.559028 2.3176
-0.125656 -0.64248 2.31439
-0.196672 0.586645 1.8148
-0.496601 -0.0787226 1.90918
-0.512663 -0.0151893 1.86333
0.0381085 -0.0968426 1.94584
0.00981039 -0.0734294 1.92229
-0.197974 0.0833414 2.08635
-0.181548 0.368651 1.9865
-0.164384 0.642654 1.87518
-0.151482 0.799269 1.84036
-0.322181 0.551985 1.91699
-0.38463 0.295786 1.98535
-0.440253 0.0679683 1.99184
-0.452458 -0.00323235 2.00714
-0.00105802 0.554537 1.92615
0.0300774 0.283004 1.96989
0.0408719 0.0475134 1.95142
0.0538124 -0.0294862 1.95305
-0.271027 0.0866609 2.04768
-0.357599 -0.339279 1.97857
-0.413332 -0.71207 1.92476
-0.41564 -0.756132 1.82847
-0.11806 0.0771603 2.05286
-0.103165 -0.260172 2.18627
-0.140365 -0.589643 2.44173
-0.138535 -0.650587 2.36391
-0.168821 0.575865 1.90505
-0.458744 -0.0839939 2.01561
-0.469132 0.00056389 1.978
0.0658489 -0.114643 1.95922
0.0332985 -0.061912 1.9353
-0.17511 0.103166 2.15749
-0.159481 0.381129 2.04526
-0.143396 0.648698 1.92173
-0.131025 0.804099 1.88586
-0.300586 0.564964 1.9678
-0.358077 0.308158 2.04741
-0.415668 0.0822238 2.06632
-0.427774 0.0101255 2.08561
0.0186826 0.565727 1.97505
0.0580452 0.303191 2.01489
0.0719243 0.0646698 1.97578
0.0798492 -0.0132257 1.96697
-0.248037 0.107323 2.11954
-0.330523 -0.320931 2.03421
-0.38593 -0.676396 1.96972
-0.409687 -0.713286 1.86958
-0.0962651 0.0956386 2.12324
-0.0989444 -0.252134 2.25248
-0.142639 -0.588197 2.45467
-0.137912 -0.64592 2.37803
-0.147522 0.583423 1.95465
-0.432162 -0.0653663 2.09764
-0.42644 -0.0263036 2.06327
0.0895089 -0.0917856 1.96123
0.0515285 -0.0364671 1.96093
-0.165961 0.134583 2.19641
-0.147847 0.40982 2.07989
-0.129432 0.67449 1.95209
-0.115287 0.828418 1.9153
-0.284373 0.587876 1.99633
-0.340881 0.331359 2.07603
-0.400439 0.10726 2.10376
-0.410663 0.0398365 2.13316
0.0331117 0.593807 2.00891
0.078235 0.339361 2.05583
0.0985726 0.0969692 2.00873
0.100423 0.0217302 1.99808
-0.239752 0.138739 2.15733
-0.309617 -0.288441 2.09087
-0.358726 -0.654936 2.09579
-0.373047 -0.689941 2.00391
-0.086698 0.125997 2.16326
-0.0944126 -0.236332 2.31081
-0.141376 -0.586069 2.46816
-0.13529 -0.639808 2.38549
-0.13412 0.609959 1.98607
-0.421071 -0.0332727 2.15242
-0.354313 0.0374026 2.0931
0.108797 -0.0594774 1.99794
0.0743547 -0.00501994 1.982
-0.162533 0.149351 2.22188
-0.140984 0.423936 2.10377
-0.119037 0.687837 1.97421
-0.104596 0.841641 1.93673
-0.273015 0.602409 2.01581
-0.333033 0.35194 2.09936
-0.399541 0.114999 2.13492
-0.411907 0.0676926 2.15749
0.0433187 0.605604 2.03172
0.0915659 0.348489 2.09023
0.116546 0.0997862 2.06282
0.119264 0.0278492 2.06503
-0.23648 0.154286 2.18253
-0.289828 -0.251774 2.17376
-0.325541 -0.603018 2.32883
-0.328857 -0.657227 2.23242
-0.0832857 0.13961 2.18906
-0.0903056 -0.231858 2.34262
-0.135152 -0.584417 2.47751
-0.127243 -0.636785 2.40017
-0.12461 0.623509 2.00865
-0.430533 -0.0139746 2.17484
-0.345645 0.085806 2.12675
0.130686 -0.0536195 2.07072
0.0930844 0.00940021 2.057
-0.163267 0.150323 2.22424
-0.141266 0.425263 2.10887
-0.118838 0.689837 1.98339
-0.103895 0.844074 1.94462
-0.273423 0.606269 2.02482
-0.335735 0.353038 2.10845
-0.397648 0.13197 2.14782
-0.411418 0.0624715 2.16881
0.0437551 0.607142 2.03974
0.0872423 0.338353 2.10754
0.110903 0.103278 2.10717
0.112708 0.0332335 2.12708
-0.237086 0.155381 2.18506
-0.273134 -0.229347 2.26266
-0.291833 -0.568896 2.43003
-0.296785 -0.637871 2.36073
-0.0841138 0.140395 2.19127
-0.09047 -0.239851 2.34986
-0.133131 -0.585211 2.47841
-0.127675 -0.638785 2.40119
-0.124529 0.625315 2.01673
-0.430367 -0.0171595 2.19005
-0.36498 0.072985 2.17329
0.128585 -0.0484585 2.13733
0.0766666 0.0512418 2.12523
-0.165357 0.1457 2.21958
-0.145045 0.423662 2.10856
-0.126448 0.690408 1.98706
-0.110211 0.843703 1.94773
-0.284061 0.60663 2.02997
-0.338872 0.351076 2.10791
-0.397774 0.129296 2.14784
-0.411714 0.0558075 2.17064
0.038604 0.604056 2.04077
0.076002 0.331053 2.11631
0.0866658 0.0990054 2.14456
0.090692 0.0308088 2.17195
-0.238769 0.148512 2.18108
-0.266457 -0.226302 2.30788
-0.282638 -0.576239 2.44168
-0.294607 -0.639042 2.36296
-0.0865882 0.137742 2.18576
-0.106651 -0.259998 2.31778
-0.129323 -0.593522 2.47599
-0.128382 -0.644323 2.39948
-0.131018 0.625239 2.01926
-0.426667 -0.0254898 2.19786
-0.357692 0.0717302 2.15883
0.107273 -0.0526104 2.19607
0.0540464 0.0416875 2.15091
-0.171445 0.142858 2.21289
-0.155649 0.421181 2.10242
-0.140389 0.688627 1.98101
-0.123885 0.841424 1.94355
-0.298797 0.602568 2.02317
-0.349244 0.342293 2.10157
-0.401104 0.119298 2.14382
-0.412579 0.0464045 2.16464
0.025201 0.598935 2.03336
0.0572426 0.32947 2.11778
0.056923 0.101134 2.16424
0.0662666 0.0382167 2.19089
-0.245352 0.142755 2.17423
-0.278152 -0.22604 2.31056
-0.286035 -0.579891 2.4479
-0.295929 -0.639357 2.3648
-0.092159 0.137772 2.17907
-0.112595 -0.266859 2.20133
-0.121888 -0.59516 2.43189
-0.134452 -0.65291 2.37141
-0.144242 0.623371 2.01334
-0.424379 -0.0313289 2.18814
-0.360212 0.0528983 2.15765
0.0841046 -0.0410113 2.21958
0.0475079 -0.00351728 2.19138
-0.176001 0.13669 2.18751
-0.164295 0.415651 2.07246
-0.152118 0.683664 1.94547
-0.134307 0.837307 1.91607
-0.309081 0.591053 1.9822
-0.362555 0.324778 2.0717
-0.405486 0.101767 2.12122
-0.421728 0.0306748 2.13339
0.011652 0.590653 2.0005
0.0451092 0.329303 2.10121
0.0501047 0.0997294 2.14262
0.0621228 0.0294796 2.16388
-0.2498 0.13501 2.14784
-0.281837 -0.233086 2.29903
-0.282653 -0.589455 2.44802
-0.298235 -0.641209 2.36498
-0.0964128 0.133737 2.155
-0.0965366 -0.278066 2.07886
-0.0893156 -0.615354 2.22936
-0.0896606 -0.689453 2.14453
-0.155286 0.618334 1.9793
-0.428474 -0.046837 2.16767
-0.365035 0.049344 2.14125
0.0732111 -0.0526383 2.19724
0.0372497 -0.00320408 2.16672
-0.165653 0.118696 2.14566
-0.156752 0.398788 2.02869
-0.146967 0.667684 1.89987
-0.127249 0.822989 1.8736
-0.301914 0.574661 1.93413
-0.364399 0.309576 2.02984
-0.401492 0.0845964 2.07621
-0.418854 0.0139287 2.0894
0.0131575 0.574339 1.96186
0.0461172 0.317173 2.0637
0.0595503 0.0843955 2.08699
0.0657135 0.00999127 2.10357
-0.239142 0.117031 2.10408
-0.278904 -0.23486 2.27163
-0.282709 -0.582773 2.44458
-0.29701 -0.64025 2.3649
-0.0866117 0.116356 2.115
-0.0711887 -0.341888 2.01773
-0.0482827 -0.674716 2.0306
-0.053772 -0.730957 1.9375
-0.149572 0.602174 1.93415
-0.4226 -0.0608482 2.12649
-0.357994 0.0471651 2.0966
0.0819672 -0.072728 2.13136
0.032726 0.00920746 2.06281
-0.144125 0.0827656 2.08035
-0.137496 0.367488 1.97542
-0.130199 0.640993 1.85839
-0.110253 0.796117 1.83045
-0.287856 0.547721 1.88899
-0.353852 0.280537 1.96981
-0.397457 0.055973 2.01278
-0.414979 -0.0142528 2.02482
0.0320921 0.545983 1.91696
0.0590305 0.287711 2.00352
0.0734057 0.0540175 2.01943
0.0763802 -0.0239689 2.02967
-0.217773 0.0811439 2.0374
-0.264966 -0.252166 2.21242
-0.281688 -0.582917 2.43931
-0.296827 -0.639738 2.36485
-0.0654556 0.081493 2.05092
-0.0461992 -0.360102 1.96695
-0.0286944 -0.699413 1.96271
-0.0387162 -0.745574 1.87845
-0.132156 0.574336 1.88977
-0.416233 -0.0882825 2.06043
-0.38528 -0.00186216 2.01104
0.0929469 -0.103995 2.05313
0.0443361 -0.0303116 1.98257
-0.122828 0.066724 1.98826
-0.112202 0.353167 1.89692
-0.1013 0.62763 1.79297
-0.0818636 0.783483 1.77003
-0.261888 0.532464 1.83076
-0.325087 0.272091 1.89576
-0.374843 0.0478968 1.93528
-0.392726 -0.024366 1.94189
0.0631621 0.533331 1.84417
0.0854616 0.26729 1.91126
0.0977587 0.0321095 1.91272
0.0980611 -0.0451029 1.91961
-0.197616 0.0672288 1.94626
-0.24526 -0.268124 2.01705
-0.274522 -0.568131 2.33416
-0.269438 -0.614246 2.23428
-0.0435579 0.0637758 1.95778
-0.0352404 -0.365764 1.90301
-0.0276483 -0.715402 1.95991
-0.0352907 -0.763519 1.87463
-0.104107 0.560808 1.82109
-0.396803 -0.0992449 1.97112
-0.364983 -0.0234008 1.928
0.107844 -0.125142 1.93771
0.0624082 -0.0517834 1.87275
-0.120615 0.0707225 1.93634
-0.10418 0.358459 1.84587
-0.087489 0.633811 1.74291
-0.0728634 0.788429 1.72355
-0.245562 0.539504 1.78211
-0.309229 0.278474 1.85792
-0.364656 0.0550343 1.89532
-0.378419 -0.0158263 1.90077
0.0752049 0.53202 1.78512
0.104141 0.262723 1.84892
0.114417 0.0269555 1.83649
0.109611 -0.0470556 1.83778
-0.195917 0.0747501 1.89907
-0.262226 -0.260061 1.9001
-0.276262 -0.568095 2.21107
-0.313544 -0.641846 2.21039
-0.0407995 0.0638065 1.90091
-0.0304839 -0.35911 1.88654
-0.0276422 -0.715924 1.95934
-0.0349111 -0.766232 1.87458
-0.0917342 0.566822 1.77075
-0.38235 -0.0893299 1.91952
-0.31693 0.00474436 1.874
0.122939 -0.133365 1.85128
0.0647072 -0.0487733 1.82836
-0.143653 0.0750341 1.89828
-0.115688 0.362344 1.80911
-0.0882237 0.637011 1.70775
-0.0784779 0.791482 1.68611
-0.246584 0.544602 1.76179
-0.307526 0.290963 1.82367
-0.383762 0.0724551 1.85473
-0.381687 -0.00514484 1.86581
0.0720165 0.529975 1.74074
0.116509 0.257274 1.79512
0.132654 0.0225966 1.76404
0.130731 -0.0523084 1.75103
-0.2171 0.0833422 1.86316
-0.29009 -0.257988 1.85694
-0.317993 -0.638529 2.07954
-0.373614 -0.705227 2.04107
-0.0647694 0.0637256 1.86098
-0.0292692 -0.350112 1.87771
-0.0278491 -0.714414 1.96036
-0.0348729 -0.766594 1.87545
-0.0950787 0.570229 1.73517
-0.391224 -0.0825122 1.88297
-0.339319 -0.00504684 1.83357
0.131999 -0.134533 1.76858
0.131234 -0.1106 1.76457
-0.169406 0.0731436 1.86909
-0.136604 0.36055 1.78128
-0.104001 0.63507 1.6815
-0.0990565 0.787452 1.65735
-0.267846 0.549026 1.7305
-0.321932 0.298969 1.79588
-0.396828 0.0802669 1.8287
-0.407259 -0.00147219 1.83496
0.0567927 0.527556 1.71124
0.110032 0.261016 1.76126
0.129545 0.0286866 1.71272
0.120941 -0.0419423 1.68661
-0.242545 0.0820474 1.8341
-0.328034 -0.301649 1.83453
-0.417399 -0.697735 1.94472
-0.443359 -0.74707 1.87109
-0.0896721 0.06139 1.8318
-0.041143 -0.346706 1.8606
-0.0284201 -0.713576 1.96058
-0.0350918 -0.767653 1.87635
-0.112157 0.568355 1.70848
-0.423484 -0.0767854 1.85419
-0.432997 0.0197164 1.82547
0.122757 -0.123308 1.67941
0.143856 -0.0657804 1.65874
-0.215788 0.0594734 1.84658
-0.185297 0.346866 1.76015
-0.154403 0.621361 1.6616
-0.140437 0.774786 1.63546
-0.314948 0.532292 1.7013
-0.377231 0.267613 1.76616
-0.43912 0.0441955 1.79498
-0.45611 -0.0287537 1.80013
0.00700528 0.518421 1.70292
0.0540807 0.252547 1.76035
0.076876 0.0220593 1.70352
0.068338 -0.046537 1.68395
-0.289383 0.0679088 1.80894
-0.365713 -0.319826 1.80389
-0.443269 -0.708892 1.90562
-0.453346 -0.756674 1.82884
-0.133786 0.0486783 1.81207
-0.0825654 -0.355393 1.81902
-0.0300405 -0.71766 1.95681
-0.0363035 -0.769572 1.8724
-0.162224 0.554655 1.68828
-0.470466 -0.104107 1.82354
-0.484457 -0.0229234 1.7888
0.0730818 -0.125896 1.67567
0.0933668 -0.0442369 1.67545
-0.238991 0.060224 1.85059
-0.214202 0.347422 1.75995
-0.189522 0.621887 1.65675
-0.172408 0.775128 1.63165
-0.349765 0.531413 1.6857
-0.41884 0.259746 1.75367
-0.479163 0.0350385 1.77696
-0.493993 -0.03205 1.78446
-0.0316931 0.52554 1.71332
0.00142555 0.256761 1.78162
0.0136415 0.0218215 1.74979
0.0147587 -0.0494111 1.74049
-0.311396 0.0660437 1.80845
-0.383627 -0.324735 1.8039
-0.442035 -0.708474 1.90817
-0.453015 -0.754788 1.83007
-0.157885 0.0526921 1.82167
-0.102063 -0.354308 1.82232
-0.0365409 -0.717018 1.95289
-0.0389543 -0.768277 1.87095
-0.195784 0.555186 1.68465
-0.505253 -0.103366 1.79707
-0.522883 -0.0218965 1.77717
0.0219729 -0.127588 1.74022
0.0363543 -0.0650838 1.70526
-0.253525 0.0727275 1.86629
-0.233928 0.359309 1.77062
-0.213675 0.633184 1.66285
-0.190703 0.784774 1.64009
-0.368472 0.538199 1.6835
-0.442309 0.280252 1.7452
-0.49687 0.0544697 1.77206
-0.525714 -0.0112172 1.78734
-0.0563615 0.540582 1.72589
-0.0333679 0.272504 1.80182
-0.011651 0.0373473 1.78511
-0.014439 -0.0331849 1.79572
-0.324545 0.0746626 1.82068
-0.394689 -0.32215 1.8273
-0.443158 -0.704844 1.91319
-0.451923 -0.7515 1.83386
-0.172619 0.0682034 1.84019
-0.115867 -0.338135 1.85854
-0.0699921 -0.694427 2.01528
-0.0707397 -0.745605 1.93555
-0.218916 0.566633 1.69185
-0.538429 -0.0864007 1.80515
-0.547862 -0.0154022 1.75819
-0.00539932 -0.117609 1.80135
0.0150238 -0.0391624 1.7917
-0.262052 0.0839977 1.89237
-0.24443 0.371557 1.79868
-0.225557 0.646476 1.69325
-0.203528 0.80168 1.67605
-0.38244 0.547035 1.71217
-0.456563 0.291786 1.77207
-0.511691 0.065657 1.7959
-0.540219 -0.00555247 1.81485
-0.0662288 0.553354 1.76021
-0.0453952 0.283193 1.82973
-0.0232084 0.048092 1.82385
-0.0208121 -0.0228382 1.84345
-0.332852 0.0836984 1.84578
-0.403796 -0.320868 1.86928
-0.445893 -0.703733 1.91818
-0.451598 -0.752294 1.8331
-0.18127 0.0811742 1.86714
-0.132469 -0.287858 1.89055
-0.0971229 -0.622316 2.17288
-0.098877 -0.696777 2.11133
-0.23051 0.579641 1.72162
-0.551289 -0.0813411 1.83257
-0.557396 0.0217337 1.79967
-0.0049137 -0.108898 1.85248
0.00730352 -0.00215803 1.84571
-0.253671 0.0869337 1.96053
-0.234656 0.374741 1.86835
-0.214421 0.650225 1.76435
-0.198228 0.806856 1.74535
-0.372051 0.550818 1.79295
-0.44266 0.283428 1.8547
-0.499461 0.0567704 1.8703
-0.521109 -0.0122501 1.88804
-0.0531426 0.557713 1.8242
-0.028091 0.282962 1.88551
-0.0104932 0.0476219 1.87957
-0.00140356 -0.021903 1.89552
-0.324582 0.0873314 1.91866
-0.402034 -0.324016 1.91461
-0.448223 -0.705904 1.92312
-0.45103 -0.755221 1.83049
-0.173438 0.0833734 1.93053
-0.140199 -0.257406 2.01926
-0.11574 -0.572018 2.32349
-0.12993 -0.657885 2.31135
-0.2197 0.583195 1.79238
-0.530704 -0.0798252 1.89582
-0.537006 -0.0439677 1.84957
0.0138652 -0.106766 1.90498
0.0288793 -0.0189761 1.88883
-0.223762 0.0795383 2.04647
-0.204931 0.366179 1.94487
-0.185245 0.641258 1.83162
-0.176754 0.798156 1.80934
-0.344094 0.546036 1.87041
-0.405434 0.28613 1.93976
-0.470558 0.0616219 1.9529
-0.486247 -0.0111486 1.96678
-0.0241766 0.549313 1.88517
0.00877284 0.278125 1.94583
0.0157827 0.042343 1.93503
0.0241715 -0.0315571 1.93752
-0.295283 0.0814778 2.00782
-0.38675 -0.351163 1.96279
-0.448563 -0.714038 1.92568
-0.452181 -0.759638 1.82752
-0.144339 0.0747961 2.01304
-0.126552 -0.265382 2.15366
-0.141673 -0.600368 2.40198
-0.131 -0.659527 2.33937
-0.190335 0.574243 1.86197
-0.494985 -0.0895866 1.98122
-0.490961 -0.0346153 1.937
0.0321198 -0.114247 1.94348
0.0519668 -0.0268023 1.92525
-0.192395 0.089196 2.12331
-0.175646 0.371562 2.01239
-0.15817 0.642881 1.88955
-0.14912 0.798883 1.86346
-0.314941 0.553224 1.93292
-0.374833 0.293788 2.01618
-0.4437 0.0718834 2.03947
-0.461927 0.00144502 2.05263
0.0047945 0.552695 1.94388
0.0419759 0.289483 2.00286
0.050671 0.0539757 1.98321
0.0540109 -0.0247045 1.98529
-0.265105 0.0925336 2.08391
-0.356151 -0.335633 2.01187
-0.438543 -0.70922 1.93663
-0.44842 -0.73383 1.8349
-0.113115 0.0828047 2.09055
-0.103637 -0.255746 2.21887
-0.140128 -0.592883 2.42271
-0.128594 -0.654306 2.35277
-0.162678 0.576742 1.92235
-0.471677 -0.071919 2.06546
-0.476535 -0.0481797 2.03133
0.0572047 -0.106789 1.99045
0.0862273 -0.0357005 1.982
-0.170634 0.127125 2.18111
-0.151519 0.409007 2.07045
-0.131735 0.679872 1.94815
-0.119896 0.834324 1.923
-0.289892 0.587344 1.98801
-0.354599 0.326251 2.07271
-0.426587 0.107991 2.10999
-0.433674 0.0744292 2.12881
0.0303771 0.588364 2.0025
0.0713987 0.317245 2.06887
0.0872746 0.0820728 2.06386
0.0961018 0.0110943 2.07413
-0.243277 0.13094 2.14209
-0.323626 -0.284538 2.07897
-0.376622 -0.65301 2.08011
-0.408936 -0.697754 1.99707
-0.0923286 0.119102 2.14791
-0.0984745 -0.240696 2.27702
-0.139497 -0.589418 2.43501
-0.128845 -0.650006 2.35985
-0.136798 0.613841 1.98079
-0.461412 -0.00923279 2.14746
-0.450611 0.122968 2.102
0.106351 -0.0709317 2.09123
0.116174 -0.0135603 2.04408
-0.165296 0.145705 2.21138
-0.144498 0.428367 2.10273
-0.123234 0.699975 1.98247
-0.108527 0.854014 1.96091
-0.279812 0.606047 2.02019
-0.351821 0.343736 2.10314
-0.427405 0.126747 2.1407
-0.45329 0.0664102 2.17144
0.0408054 0.603718 2.0361
0.0876695 0.328193 2.11566
0.11184 0.0949084 2.12764
0.120091 0.0424832 2.14367
-0.238105 0.150986 2.17227
-0.305908 -0.246755 2.13845
-0.34698 -0.607711 2.26033
-0.363525 -0.661133 2.17578
-0.0870731 0.135683 2.17832
-0.0947027 -0.235576 2.31974
-0.137003 -0.588269 2.44519
-0.128548 -0.648289 2.36407
-0.128641 0.633757 2.0146
-0.468936 -0.00534988 2.19227
-0.470905 0.093588 2.15325
0.137649 -0.0435026 2.159
0.149225 0.0813243 2.12569
-0.165063 0.152767 2.22755
-0.143338 0.436878 2.12331
-0.121029 0.709994 2.00785
-0.106262 0.865179 1.9905
-0.281416 0.614403 2.04297
-0.351956 0.36214 2.11963
-0.427825 0.14445 2.15398
-0.457711 0.0788404 2.18345
0.0413517 0.610824 2.06448
0.0930201 0.337262 2.14809
0.126369 0.108408 2.18141
0.141564 0.0448773 2.20956
-0.238161 0.1577 2.18719
-0.291987 -0.226363 2.2253
-0.322347 -0.579014 2.4111
-0.337646 -0.636719 2.33984
-0.0865794 0.14292 2.19578
-0.0917472 -0.235764 2.33624
-0.135057 -0.587613 2.45061
-0.129308 -0.647853 2.3679
-0.126704 0.643389 2.03874
-0.472973 -0.00426114 2.20994
-0.476776 0.0831377 2.16144
0.161962 -0.0297676 2.23536
0.166571 0.0750204 2.20386
-0.168227 0.156124 2.23849
-0.148675 0.442975 2.14043
-0.129019 0.719198 2.03163
-0.113581 0.874463 2.0158
-0.289339 0.620235 2.06236
-0.360452 0.361598 2.13428
-0.431256 0.141492 2.16527
-0.458626 0.0748917 2.19246
0.0355202 0.614887 2.08708
0.0895341 0.347098 2.17388
0.126633 0.121518 2.21891
0.13913 0.0582343 2.25389
-0.241114 0.15935 2.19682
-0.278056 -0.218121 2.33041
-0.310806 -0.566453 2.46576
-0.3324 -0.632067 2.39025
-0.0899145 0.148184 2.20832
-0.0915551 -0.227988 2.33974
-0.133306 -0.58793 2.45245
-0.129028 -0.647162 2.3717
-0.133997 0.651787 2.06083
-0.47468 -0.00305995 2.22075
-0.477734 0.093099 2.17178
0.159202 -0.0223956 2.28672
0.16133 0.0819286 2.24
-0.183149 0.16458 2.25064
-0.162599 0.452849 2.15586
-0.141722 0.730115 2.04971
-0.130559 0.887491 2.03763
-0.303398 0.631333 2.08035
-0.370884 0.369783 2.14464
-0.433767 0.146119 2.16986
-0.465806 0.0785439 2.18838
0.0218458 0.622901 2.0999
0.0720801 0.350885 2.19397
0.118886 0.126676 2.23717
0.127405 0.0632728 2.26691
-0.256373 0.166207 2.21049
-0.286891 -0.213006 2.35997
-0.311283 -0.569828 2.47703
-0.329118 -0.630451 2.39402
-0.104115 0.157759 2.21882
-0.102533 -0.230151 2.34731
-0.132518 -0.588905 2.45325
-0.131543 -0.649332 2.37283
-0.147028 0.662466 2.07829
-0.477209 -0.00120384 2.20933
-0.484295 0.0918936 2.16391
0.13938 -0.0111602 2.29543
0.154283 0.0741793 2.25224
-0.190676 0.167152 2.255
-0.171557 0.45683 2.16299
-0.151909 0.735493 2.0599
-0.143582 0.892696 2.04765
-0.315755 0.637028 2.09447
-0.38124 0.373845 2.15419
-0.441116 0.148373 2.17317
-0.474597 0.0834381 2.18759
0.0118295 0.626527 2.10726
0.065664 0.354208 2.19951
0.11685 0.129919 2.23842
0.124553 0.0644852 2.25697
-0.263435 0.168484 2.21518
-0.293868 -0.207616 2.35759
-0.310616 -0.572662 2.47707
-0.330041 -0.63022 2.39357
-0.111855 0.16052 2.22278
-0.107676 -0.230721 2.34677
-0.132171 -0.589183 2.45333
-0.131549 -0.650652 2.37146
-0.156935 0.667496 2.08769
-0.4881 0.00390544 2.20816
-0.495258 0.0917931 2.16335
0.137 -0.00464936 2.29073
0.151577 0.068725 2.23693
-0.194494 0.168879 2.25724
-0.178973 0.459931 2.16913
-0.163174 0.739872 2.07054
-0.154044 0.896711 2.05577
-0.326224 0.641172 2.10488
-0.388309 0.380496 2.15898
-0.447336 0.154452 2.17555
-0.48085 0.0868072 2.19255
0.00260766 0.629502 2.11655
0.0586241 0.362384 2.19863
0.113618 0.13782 2.23238
0.123993 0.0629589 2.24153
-0.267023 0.169714 2.21769
-0.298009 -0.206972 2.36079
-0.317665 -0.571131 2.47613
-0.330305 -0.63001 2.39328
-0.115791 0.1627 2.22474
-0.108196 -0.231176 2.34815
-0.130766 -0.590094 2.45543
-0.131577 -0.651296 2.37144
-0.167236 0.671564 2.09718
-0.493833 0.00311377 2.21865
-0.503592 0.0945069 2.17467
0.138383 -0.00804663 2.27923
0.146821 0.0874866 2.22407
-0.196153 0.169654 2.25753
-0.181622 0.460803 2.17077
-0.166685 0.740661 2.07358
-0.159167 0.898226 2.05953
-0.32996 0.641231 2.10649
-0.391814 0.379653 2.16074
-0.453778 0.154744 2.17958
-0.483669 0.085556 2.20167
-0.00225879 0.631703 2.11925
0.0545678 0.364095 2.19634
0.107515 0.136713 2.21703
0.116973 0.0658159 2.21981
-0.268727 0.169936 2.21787
-0.298715 -0.205473 2.3612
-0.318327 -0.569456 2.47508
-0.330241 -0.628383 2.39308
-0.117487 0.164119 2.22526
-0.106242 -0.23383 2.35214
-0.125407 -0.591348 2.45645
-0.12983 -0.651557 2.37189
-0.170546 0.672384 2.09986
-0.49457 0.00313027 2.22659
-0.512829 0.0875872 2.194
0.134243 -0.0137891 2.24473
0.14223 0.0819009 2.20569
-0.196139 0.169799 2.2579
-0.182286 0.460955 2.17195
-0.168428 0.740753 2.07563
-0.161269 0.898396 2.06123
-0.331762 0.640346 2.10789
-0.394327 0.376787 2.16453
-0.455706 0.151904 2.18456
-0.479813 0.0850453 2.20819
-0.00477029 0.633413 2.12143
0.0520073 0.364012 2.19588
0.101519 0.134833 2.20863
0.107449 0.0632106 2.20497
-0.268625 0.16985 2.21833
-0.298037 -0.205624 2.36116
-0.318576 -0.569408 2.47514
-0.330369 -0.627884 2.39318
-0.117508 0.164479 2.22556
-0.10618 -0.241262 2.35933
-0.123649 -0.591656 2.45676
-0.128533 -0.651967 2.37271
-0.171985 0.672491 2.10171
-0.495127 0.00415692 2.23626
-0.497567 0.104461 2.188
0.121336 -0.0137263 2.23357
0.132258 0.0832709 2.198
-0.195378 0.16964 2.25794
-0.18239 0.460836 2.17327
-0.169746 0.740737 2.07905
-0.162602 0.898434 2.06351
-0.331409 0.639176 2.1108
-0.392588 0.372927 2.16788
-0.452049 0.147681 2.18899
-0.459706 0.103698 2.20322
-0.00524815 0.635213 2.12437
0.0496839 0.362096 2.19426
0.0887544 0.130078 2.1978
0.091177 0.0587505 2.19515
-0.267904 0.169679 2.21843
-0.296171 -0.206211 2.35932
-0.318031 -0.569966 2.47516
-0.330503 -0.627984 2.3921
-0.116605 0.164314 2.22545
-0.103813 -0.241516 2.35915
-0.121602 -0.590832 2.45653
-0.127016 -0.652859 2.37086
-0.172964 0.672436 2.10456
-0.480974 0.0284958 2.22262
-0.479139 0.138658 2.18173
0.10226 -0.0197064 2.21791
0.122262 0.0580369 2.18355
