-0.209974 0.119805 2.12344
-0.199469 0.417657 2.05805
-0.188315 0.70336 1.98111
-0.174611 0.852636 1.9281
-0.348054 0.613934 2.02907
-0.41418 0.360847 2.08129
-0.443093 0.133692 2.0891
-0.4454 0.0565521 2.09875
-0.0134199 0.60588 2.02446
0.0179112 0.330736 2.05904
0.0281146 0.0862609 2.04518
0.0165156 0.0160501 2.05548
-0.281993 0.118227 2.09054
-0.330135 -0.221092 2.20362
-0.309962 -0.589118 2.36406
-0.328263 -0.655324 2.2901
-0.130875 0.117362 2.08409
-0.085291 -0.265187 2.17839
-0.128678 -0.617807 2.36231
-0.128506 -0.673338 2.27372
-0.191256 0.633694 2.00238
-0.466756 -0.0260873 2.11776
-0.402375 0.0346389 2.07146
0.0283948 -0.0696428 2.07542
-0.0196785 0.0103339 2.02408
-0.210496 0.119747 2.12326
-0.199818 0.417616 2.05802
-0.188514 0.703352 1.9812
-0.174773 0.852514 1.92794
-0.348351 0.614019 2.02966
-0.414128 0.360256 2.08258
-0.445037 0.133756 2.09129
-0.4452 0.0568123 2.10055
-0.0139884 0.605287 2.02394
0.0175785 0.330963 2.05823
0.0275519 0.0877445 2.04458
0.0169145 0.0158042 2.0554
-0.282517 0.118189 2.09054
-0.328682 -0.221909 2.2038
-0.310024 -0.588771 2.36389
-0.327991 -0.655397 2.28979
-0.131391 0.117269 2.08373
-0.0860552 -0.265384 2.17823
-0.128805 -0.618056 2.36219
-0.128563 -0.673876 2.27315
-0.191488 0.633677 2.00244
-0.470401 -0.0248605 2.12552
-0.403736 0.0385014 2.0706
0.0286172 -0.0707794 2.07412
-0.0155451 -0.00682398 2.03753
-0.210801 0.119667 2.12323
-0.199886 0.417554 2.05806
-0.188395 0.703273 1.98131
-0.174847 0.852429 1.92792
-0.348457 0.614073 2.03032
-0.414051 0.359628 2.08371
-0.44657 0.133564 2.09443
-0.447007 0.0561568 2.10195
-0.0139483 0.605058 2.02393
0.0174242 0.33019 2.05808
0.0290507 0.0980811 2.04464
0.0173608 0.0233334 2.05151
-0.282808 0.118159 2.09062
-0.330125 -0.221804 2.20419
-0.310068 -0.588916 2.36395
-0.328124 -0.654902 2.29031
-0.131713 0.117119 2.08358
-0.0856069 -0.26579 2.17757
-0.128876 -0.618264 2.3622
-0.128456 -0.673685 2.27352
-0.191431 0.633607 2.00252
-0.46884 -0.0253464 2.12221
-0.404453 0.0491511 2.07058
0.0272433 -0.0588102 2.06133
-0.0190047 0.0170287 2.02144
-0.210863 0.119528 2.12311
-0.199835 0.417394 2.05805
-0.188105 0.702998 1.98143
-0.174896 0.852382 1.92808
-0.348278 0.613983 2.03086
-0.413758 0.361076 2.08486
-0.442589 0.133954 2.08976
-0.444438 0.0567744 2.09969
-0.0137498 0.604493 2.02387
0.0175406 0.330046 2.05775
0.0301983 0.0988933 2.04387
0.0183356 0.0235084 2.05146
-0.282866 0.118094 2.09059
-0.330869 -0.221458 2.20386
-0.309964 -0.588615 2.36383
-0.328023 -0.654961 2.29017
-0.131753 0.116878 2.08332
-0.0842112 -0.266189 2.17529
-0.128994 -0.618539 2.36221
-0.128498 -0.673678 2.27328
-0.191222 0.633365 2.0026
-0.466259 -0.0247863 2.12148
-0.401763 0.0497385 2.07204
0.031796 -0.0594069 2.0644
-0.0191161 0.0147576 2.02309
-0.21104 0.119235 2.12277
-0.199607 0.417077 2.05805
-0.187052 0.702553 1.98188
-0.174857 0.852315 1.92858
-0.348332 0.613968 2.0321
-0.41277 0.360772 2.0859
-0.445444 0.134497 2.09429
-0.447094 0.0562515 2.09983
-0.01343 0.60359 2.02352
0.0177536 0.330234 2.05722
0.0300534 0.0987453 2.04282
0.0184474 0.0241905 2.04931
-0.283103 0.117812 2.09048
-0.329181 -0.225534 2.20534
-0.309897 -0.588918 2.36368
-0.327745 -0.655583 2.28972
-0.131856 0.116561 2.08277
-0.0820468 -0.268013 2.17278
-0.128105 -0.617481 2.36142
-0.128219 -0.673789 2.27359
-0.190424 0.632945 2.00292
-0.470263 -0.0265012 2.12174
-0.406587 0.0351444 2.07388
0.0305228 -0.0597269 2.06025
-0.019121 0.0144006 2.02019
-0.211429 0.118959 2.12228
-0.199595 0.417021 2.05759
-0.186667 0.702731 1.98125
-0.174781 0.852646 1.92895
-0.348378 0.613595 2.031
-0.413518 0.355568 2.08603
-0.453432 0.130722 2.09615
-0.452647 0.0530397 2.09998
-0.0136287 0.602648 2.02083
0.0180927 0.327619 2.05323
0.0299151 0.0980988 2.0409
0.0179211 0.0235723 2.04684
-0.283494 0.117618 2.08994
-0.327581 -0.226035 2.20017
-0.309805 -0.588789 2.36336
-0.327476 -0.655705 2.28978
-0.132213 0.116209 2.08236
-0.0805188 -0.268 2.16958
-0.128312 -0.618431 2.3618
-0.128128 -0.674298 2.27281
-0.190151 0.633051 2.00236
-0.47021 -0.026147 2.121
-0.409797 0.0303342 2.07638
0.0358489 -0.0590595 2.05675
-0.0188856 0.0116186 2.02268
-0.212463 0.117695 2.12111
-0.200908 0.416214 2.05497
-0.188482 0.702802 1.97646
-0.175956 0.853096 1.92903
-0.351364 0.611537 2.02206
-0.417995 0.357601 2.07867
-0.452925 0.132369 2.09364
-0.454852 0.0560046 2.09839
-0.0177694 0.601174 2.01153
0.0170112 0.325334 2.04759
0.0281242 0.0957701 2.03741
0.0167263 0.0211486 2.04925
-0.284746 0.11644 2.08893
-0.32933 -0.226716 2.19576
-0.309523 -0.58871 2.36311
-0.328413 -0.655624 2.29243
-0.132976 0.114912 2.08108
-0.0820321 -0.268672 2.16935
-0.126879 -0.617921 2.36033
-0.127721 -0.673929 2.27235
-0.191796 0.632863 1.9982
-0.475765 -0.026483 2.1206
-0.410732 0.0285679 2.0807
0.0359683 -0.0649092 2.06365
-0.0156002 0.015367 2.04614
-0.221909 0.108347 2.11561
-0.21315 0.406389 2.04124
-0.203349 0.692544 1.95323
-0.189233 0.845237 1.91576
-0.365553 0.598786 1.99674
-0.431059 0.34887 2.06241
-0.464291 0.123671 2.07975
-0.463797 0.063633 2.08093
-0.0311726 0.594576 1.98977
0.00883067 0.314771 2.03348
0.0246545 0.0856017 2.02913
0.021877 0.0134841 2.0349
-0.294575 0.107333 2.08315
-0.345445 -0.240326 2.1983
-0.309875 -0.599264 2.36592
-0.327859 -0.657681 2.29084
-0.141662 0.105617 2.0759
-0.118924 -0.286817 2.1295
-0.121349 -0.621327 2.33326
-0.129226 -0.67276 2.2598
-0.206019 0.622741 1.97742
-0.494719 -0.0216008 2.097
-0.417719 0.0460002 2.06129
0.0375193 -0.0697714 2.05705
-0.0232098 0.0212754 2.03489
-0.235633 0.105064 2.09843
-0.224644 0.401421 2.01508
-0.211711 0.685694 1.91898
-0.196452 0.838434 1.88422
-0.369473 0.591284 1.95658
-0.440948 0.334242 2.03615
-0.469747 0.110147 2.06471
-0.47178 0.0652698 2.06211
-0.0395293 0.591196 1.9576
0.00381328 0.308728 2.01351
0.0217115 0.079789 2.01225
0.0277038 0.00796223 2.01316
-0.308212 0.103412 2.06581
-0.349659 -0.243339 2.19679
-0.31041 -0.602666 2.36532
-0.327009 -0.659672 2.28808
-0.154933 0.103094 2.05897
-0.132174 -0.290462 2.01772
-0.107307 -0.640248 2.19797
-0.120789 -0.699219 2.11719
-0.215222 0.616404 1.94512
-0.504183 -0.0223869 2.08416
-0.423356 0.0463266 2.0515
0.0439979 -0.0806672 2.03924
-0.0256321 0.0217839 1.99
-0.239372 0.0982671 2.06791
-0.224131 0.392658 1.97354
-0.207173 0.675099 1.86703
-0.19067 0.827916 1.83663
-0.366355 0.581652 1.90424
-0.445697 0.320852 1.99582
-0.476308 0.0980064 2.02965
-0.477578 0.0627763 2.02376
-0.0366897 0.581263 1.91095
0.00647587 0.30458 1.97634
0.027517 0.0758341 1.97574
0.0371657 0.00347835 1.97782
-0.312097 0.0966264 2.0335
-0.348495 -0.241945 2.18963
-0.309506 -0.605562 2.36411
-0.323205 -0.662241 2.28535
-0.158276 0.0964843 2.03029
-0.114709 -0.338263 1.96158
-0.0903569 -0.677676 2.03253
-0.0924072 -0.735352 1.93164
-0.211654 0.606278 1.89573
-0.508114 -0.0225159 2.05543
-0.426271 0.0472801 2.02126
0.0594862 -0.0843873 2.00557
-0.0151161 0.00949464 1.94018
-0.22445 0.0744547 2.02017
-0.210208 0.367755 1.92181
-0.194816 0.64895 1.81147
-0.173233 0.800394 1.77604
-0.354896 0.557623 1.84956
-0.435474 0.302109 1.9383
-0.477082 0.0835085 1.98215
-0.479142 0.045447 1.97797
-0.0240439 0.557513 1.85957
0.0156874 0.280104 1.92414
0.0412568 0.0524761 1.93299
0.0492815 -0.0234193 1.93955
-0.297127 0.0728522 1.98542
-0.346925 -0.246106 2.16015
-0.308538 -0.60314 2.36184
-0.32223 -0.66316 2.28403
-0.143703 0.0733888 1.98281
-0.0960786 -0.35911 1.89982
-0.0832386 -0.697719 1.92078
-0.0850711 -0.748432 1.82089
-0.198868 0.580469 1.84112
-0.510749 -0.0434858 1.99984
-0.42944 0.0186036 1.98813
0.0694448 -0.103545 1.96381
0.000828078 -0.0345022 1.91414
-0.198233 0.0341416 1.9346
-0.181664 0.330189 1.84313
-0.164151 0.613734 1.73939
-0.140025 0.76542 1.7024
-0.320148 0.524368 1.77246
-0.412789 0.263894 1.87155
-0.46689 0.0466799 1.90908
-0.495041 -0.0220593 1.9112
0.00671095 0.519902 1.79077
0.0360219 0.245817 1.84729
0.0559978 0.0170886 1.84949
0.060799 -0.0641794 1.85631
-0.270754 0.0344629 1.89885
-0.335918 -0.280723 2.04998
-0.304949 -0.605958 2.33509
-0.324472 -0.66267 2.28025
-0.118258 0.0325562 1.89811
-0.0840375 -0.370672 1.83787
-0.0810421 -0.725668 1.89644
-0.0901671 -0.776359 1.80246
-0.168697 0.544714 1.7674
-0.505759 -0.0931068 1.94282
-0.485496 -0.0402887 1.93022
0.0815842 -0.145844 1.87502
0.0178138 -0.0699311 1.81537
-0.178517 0.0393569 1.87694
-0.163658 0.33385 1.79052
-0.147779 0.615461 1.69189
-0.123219 0.767607 1.65594
-0.305398 0.529139 1.72781
-0.39247 0.274814 1.81979
-0.453334 0.0603976 1.86205
-0.480032 -0.0109569 1.86841
0.0236532 0.518737 1.73521
0.0481546 0.243025 1.79185
0.0683172 -0.000714502 1.78759
0.0628115 -0.0721908 1.78892
-0.251807 0.043138 1.84102
-0.317893 -0.281443 1.88692
-0.303557 -0.577889 2.20796
-0.326534 -0.65648 2.21
-0.0982849 0.0340628 1.84043
-0.0734034 -0.363893 1.81533
-0.0801635 -0.728429 1.89312
-0.0899643 -0.779676 1.80178
-0.151912 0.546968 1.7186
-0.490715 -0.0861063 1.90483
-0.474614 -0.0378032 1.8878
0.07912 -0.155697 1.80434
0.022986 -0.0866141 1.76559
-0.183147 0.0483327 1.83752
-0.164303 0.340942 1.75379
-0.144991 0.620525 1.65765
-0.125901 0.769024 1.62398
-0.305272 0.53752 1.69701
-0.393228 0.28025 1.7896
-0.45297 0.0633126 1.82324
-0.479051 -0.00630745 1.83006
0.0226813 0.522241 1.69194
0.058232 0.243945 1.7423
0.0742228 0.0143625 1.72071
0.0709304 -0.05947 1.71225
-0.256262 0.0551798 1.80409
-0.333411 -0.278298 1.7907
-0.330719 -0.613058 2.07434
-0.383581 -0.681011 2.05686
-0.102807 0.0395267 1.7986
-0.0644764 -0.352977 1.79916
-0.0789967 -0.726264 1.89239
-0.0890864 -0.780565 1.80273
-0.149935 0.552564 1.68375
-0.485084 -0.0787274 1.86491
-0.482213 -0.0259208 1.874
0.0779863 -0.146162 1.7172
0.0469328 -0.0828368 1.68055
-0.199387 0.0459403 1.80182
-0.179402 0.340069 1.72413
-0.158563 0.620604 1.63402
-0.14649 0.766518 1.59959
-0.321513 0.537862 1.6756
-0.404181 0.276336 1.7615
-0.465557 0.0584508 1.78825
-0.492422 -0.0124261 1.79439
0.00835087 0.522014 1.66106
0.052154 0.238876 1.69915
0.0618294 0.0102708 1.6601
0.0620553 -0.0586522 1.63899
-0.271976 0.052791 1.77022
-0.36728 -0.298858 1.76126
-0.437529 -0.691802 1.93784
-0.480713 -0.742188 1.88086
-0.118738 0.0372171 1.76122
-0.0689227 -0.342723 1.78195
-0.0788266 -0.725689 1.89273
-0.0892923 -0.781221 1.80579
-0.163924 0.552459 1.65861
-0.501468 -0.086099 1.83202
-0.483797 -0.0279733 1.80955
0.0663197 -0.146446 1.64129
0.0348848 -0.0688351 1.61367
-0.23934 0.030496 1.77461
-0.224754 0.325656 1.70207
-0.209185 0.607154 1.6175
-0.193952 0.753671 1.58023
-0.370965 0.522244 1.65349
-0.438564 0.253973 1.7214
-0.505924 0.0368927 1.74111
-0.520528 -0.0372274 1.74636
-0.0380553 0.514631 1.6524
0.0104399 0.236084 1.68094
0.0438713 0.0114981 1.6299
0.0348939 -0.0584312 1.61028
-0.310909 0.0358637 1.74067
-0.410685 -0.341646 1.74657
-0.505439 -0.716811 1.85057
-0.509732 -0.767339 1.78201
-0.15812 0.0238278 1.7365
-0.0958401 -0.352085 1.74178
-0.0840631 -0.729958 1.8892
-0.0897991 -0.781424 1.80596
-0.213279 0.538767 1.64066
-0.531932 -0.117863 1.77911
-0.535656 0.011458 1.7368
0.0442165 -0.143656 1.60228
0.0231886 -0.0850137 1.56492
-0.285014 0.0237074 1.77658
-0.268576 0.320085 1.7016
-0.250672 0.602908 1.61454
-0.230356 0.750147 1.57923
-0.412178 0.514296 1.64207
-0.486718 0.237276 1.71096
-0.539921 0.00840181 1.71605
-0.542324 -0.0465234 1.72251
-0.0822305 0.511967 1.66174
-0.0348177 0.234772 1.70392
-0.00355925 0.00928584 1.65614
0.0108648 -0.05635 1.64866
-0.35541 0.0283791 1.73784
-0.441827 -0.326729 1.73154
-0.505619 -0.718011 1.85076
-0.513359 -0.765859 1.78136
-0.203426 0.0181071 1.74381
-0.129663 -0.379232 1.75172
-0.088996 -0.732037 1.88399
-0.0928492 -0.782068 1.80269
-0.255416 0.534184 1.63832
-0.555782 -0.128487 1.74069
-0.55804 -0.061122 1.7505
0.031088 -0.141083 1.63665
-0.00317108 -0.0921721 1.61204
-0.312569 0.0366606 1.79437
-0.292096 0.332523 1.71447
-0.270073 0.614836 1.62279
-0.25398 0.762912 1.59337
-0.429973 0.521615 1.6446
-0.499813 0.245464 1.70558
-0.565732 0.0272255 1.71947
-0.570542 -0.0132949 1.72513
-0.104253 0.52574 1.67385
-0.0577953 0.245739 1.72193
-0.0146916 0.0196224 1.69545
-0.000287947 -0.048498 1.70295
-0.38296 0.0408245 1.75327
-0.459218 -0.319446 1.73662
-0.506097 -0.716092 1.85128
-0.513837 -0.763412 1.78098
-0.229708 0.0310355 1.76393
-0.169425 -0.353739 1.78027
-0.127782 -0.705345 1.95311
-0.119812 -0.754883 1.86816
-0.275858 0.546244 1.6477
-0.598974 -0.100192 1.74332
-0.59371 0.0222781 1.71055
0.0143483 -0.130818 1.70886
-0.0168911 -0.0685107 1.66562
-0.318756 0.0524809 1.81926
-0.297253 0.350724 1.74273
-0.273963 0.635595 1.65438
-0.259286 0.785059 1.63098
-0.437399 0.541312 1.67629
-0.507173 0.263105 1.72781
-0.574931 0.0464483 1.74953
-0.600334 -0.0192751 1.76678
-0.108526 0.539455 1.69976
-0.062534 0.258014 1.74885
-0.0189671 0.0314172 1.73701
0.000371478 -0.0395087 1.74849
-0.389262 0.0551047 1.77822
-0.468015 -0.315329 1.77884
-0.506434 -0.713284 1.85673
-0.513587 -0.760892 1.78249
-0.235682 0.0477925 1.78883
-0.17974 -0.316694 1.80832
-0.143905 -0.640316 2.09405
-0.151134 -0.701495 2.05026
-0.280089 0.566342 1.67846
-0.611454 -0.0881144 1.78353
-0.615677 -0.00379803 1.73792
0.0152215 -0.121758 1.76023
-0.0166542 -0.0643887 1.7141
-0.303798 0.0594594 1.88698
-0.279037 0.357835 1.8136
-0.252791 0.643099 1.72839
-0.239249 0.797029 1.70603
-0.416415 0.548412 1.76148
-0.489639 0.28605 1.81167
-0.56498 0.033365 1.83977
-0.58689 -0.0125904 1.85132
-0.0877414 0.542299 1.76571
-0.0435681 0.258648 1.80581
-0.00631034 0.0311501 1.78767
0.0136002 -0.0401742 1.79547
-0.374928 0.0614398 1.85124
-0.463844 -0.327686 1.83844
-0.507152 -0.714594 1.86286
-0.513022 -0.76191 1.78229
-0.221102 0.0552258 1.85114
-0.177259 -0.276603 1.89243
-0.156801 -0.573022 2.21304
-0.170511 -0.652868 2.21867
-0.259609 0.573698 1.75171
-0.595761 -0.0824914 1.86555
-0.600027 -0.00995604 1.821
0.0325885 -0.12134 1.80189
0.00201883 -0.0806818 1.75958
-0.269178 0.0560255 1.97071
-0.24568 0.351555 1.88486
-0.221007 0.634905 1.78748
-0.211622 0.788952 1.76096
-0.382383 0.544716 1.83317
-0.433409 0.276211 1.87353
-0.535455 0.0842093 1.93264
-0.521124 0.053392 1.91342
-0.0553485 0.534899 1.82107
-0.0113505 0.25404 1.85008
0.0128374 0.0249759 1.83016
0.0345492 -0.0476502 1.82968
-0.339569 0.0601295 1.93878
-0.447853 -0.370694 1.89443
-0.505671 -0.718054 1.86617
-0.510742 -0.765816 1.77465
-0.188907 0.0499089 1.93084
-0.159582 -0.287996 2.03088
-0.172167 -0.614966 2.32225
-0.177347 -0.67184 2.25575
-0.227383 0.565884 1.81384
-0.558972 -0.0261708 1.89371
-0.519645 0.0484079 1.88325
0.0505632 -0.134323 1.83711
0.0176073 -0.0818879 1.79837
-0.227798 0.0692088 2.04005
-0.209249 0.363148 1.94373
-0.189614 0.644982 1.83567
-0.179323 0.79817 1.80799
-0.34917 0.554694 1.88271
-0.409347 0.288064 1.9543
-0.493406 0.0792713 1.98608
-0.506673 0.0301166 1.99908
-0.0237899 0.54877 1.87042
0.0235344 0.265839 1.89002
0.0415006 0.0364849 1.86463
0.0640233 -0.0355757 1.86252
-0.299022 0.0741311 2.00626
-0.404239 -0.342761 1.96611
-0.484075 -0.701525 1.90283
-0.499987 -0.73506 1.80201
-0.148492 0.0618528 2.00176
-0.137819 -0.285985 2.12675
-0.177877 -0.617133 2.34943
-0.175949 -0.667621 2.27314
-0.194715 0.57633 1.86472
-0.525749 -0.0557865 2.01814
-0.52567 0.00974491 1.96573
0.0782277 -0.118126 1.86834
0.04347 -0.059731 1.83229
-0.193474 0.104798 2.09226
-0.177782 0.396944 1.99228
-0.161137 0.677249 1.88059
-0.150337 0.831218 1.85216
-0.320639 0.589924 1.92951
-0.405633 0.330828 2.02393
-0.461541 0.111722 2.05341
-0.48803 0.0460439 2.0783
0.00570317 0.58296 1.91407
0.052186 0.298851 1.93802
0.0719609 0.0696763 1.9105
0.0946456 0.00153076 1.91246
-0.264542 0.111573 2.05952
-0.361814 -0.303104 2.04009
-0.425463 -0.664367 2.07993
-0.431771 -0.711629 1.97682
-0.115692 0.0944449 2.05283
-0.11628 -0.257272 2.18987
-0.167497 -0.610008 2.36891
-0.172376 -0.661095 2.28119
-0.165461 0.608954 1.91056
-0.496503 -0.0254666 2.10519
-0.49579 0.0272551 2.042
0.109563 -0.0793122 1.92006
0.0777135 -0.0166823 1.8775
-0.179487 0.115467 2.11588
-0.164867 0.406591 2.01574
-0.149427 0.685979 1.90391
-0.137001 0.839596 1.87504
-0.308745 0.598602 1.95274
-0.388734 0.350383 2.04793
-0.448007 0.131949 2.07679
-0.476795 0.0690632 2.09998
0.0178645 0.591655 1.93816
0.064409 0.306303 1.95876
0.0902315 0.077171 1.94338
0.110353 0.00798485 1.95074
-0.251496 0.122229 2.08193
-0.323654 -0.258912 2.10877
-0.365085 -0.614672 2.25049
-0.375732 -0.670898 2.16602
-0.101299 0.104761 2.07764
-0.100791 -0.252978 2.21756
-0.161146 -0.608095 2.37191
-0.169652 -0.660504 2.28371
-0.153432 0.617898 1.93392
-0.494668 -0.0129997 2.12491
-0.488204 0.0439836 2.06575
0.128382 -0.0722379 1.96279
0.0986562 -0.0292756 1.91579
-0.173449 0.1178 2.12458
-0.15878 0.409026 2.02719
-0.143439 0.68861 1.91846
-0.128647 0.841482 1.88866
-0.303555 0.600532 1.96303
-0.387225 0.353886 2.05908
-0.441431 0.134807 2.09184
-0.468894 0.0696883 2.11506
0.0228552 0.593764 1.95575
0.0699983 0.308294 1.98567
0.0973285 0.0793427 1.97145
0.110173 0.00739403 1.98083
-0.246084 0.123054 2.08953
-0.298629 -0.253629 2.17728
-0.311944 -0.593143 2.34724
-0.326147 -0.656715 2.2827
-0.0947969 0.108683 2.08756
-0.0897952 -0.252925 2.22544
-0.155899 -0.608356 2.37449
-0.168302 -0.661179 2.28506
-0.1474 0.620466 1.94767
-0.487669 -0.0119176 2.14614
-0.46849 0.0287379 2.13067
0.130828 -0.0726774 1.98788
0.100066 -0.0323757 1.94539
-0.176533 0.114776 2.13031
-0.161317 0.407212 2.03364
-0.145487 0.687928 1.92557
-0.126949 0.840547 1.89372
-0.304281 0.600532 1.96873
-0.397204 0.345629 2.0634
-0.44253 0.124965 2.09864
-0.472733 0.0596769 2.10427
0.0204952 0.591153 1.96924
0.06296 0.306267 2.01846
0.0875377 0.0770115 2.00953
0.0978255 0.00487923 2.02195
-0.249749 0.117734 2.09517
-0.285787 -0.253804 2.25265
-0.277471 -0.602261 2.3705
-0.30965 -0.653707 2.30901
-0.0974246 0.107693 2.09342
-0.101657 -0.270993 2.2214
-0.151018 -0.616075 2.36768
-0.169539 -0.666853 2.28236
-0.149564 0.619507 1.95461
-0.487698 -0.02763 2.14536
-0.469434 0.00955582 2.126
0.116686 -0.0750943 2.04023
0.0898999 -0.0418585 1.984
-0.181565 0.114467 2.13197
-0.169037 0.406095 2.03291
-0.15678 0.685757 1.92122
-0.135651 0.838116 1.88937
-0.316372 0.596514 1.96072
-0.401241 0.338394 2.0435
-0.449746 0.116598 2.06951
-0.463365 0.087956 2.05606
0.00959036 0.591021 1.96744
0.0520379 0.306394 2.02275
0.0748904 0.0778177 2.03153
0.0867402 0.00677856 2.05449
-0.255395 0.116035 2.09676
-0.295502 -0.259241 2.25738
-0.278227 -0.602518 2.37128
-0.310429 -0.653372 2.30996
-0.101805 0.108752 2.0951
-0.105297 -0.265106 2.13346
-0.146717 -0.615929 2.32946
-0.174129 -0.667783 2.26823
-0.159926 0.617621 1.9513
-0.495454 -0.00323709 2.05759
-0.411993 0.100715 2.05633
0.103351 -0.0639872 2.07707
0.0785787 -0.0432745 2.02489
-0.194686 0.113517 2.12269
-0.181411 0.402897 2.01855
-0.167457 0.6805 1.90239
-0.14841 0.833909 1.87189
-0.325295 0.590436 1.94355
-0.402147 0.331714 2.01327
-0.447513 0.107366 2.02692
-0.475142 0.0442124 2.0069
-0.00228798 0.588057 1.94908
0.0434688 0.306543 2.01546
0.0713049 0.0798493 2.03597
0.0799195 0.00932212 2.05456
-0.268644 0.112453 2.08739
-0.303798 -0.250436 2.25208
-0.281796 -0.600771 2.37259
-0.311989 -0.653381 2.31169
-0.114296 0.1106 2.08576
-0.125014 -0.28491 2.01471
-0.127096 -0.628907 2.18431
-0.139893 -0.691406 2.10352
-0.17111 0.612866 1.93351
-0.492203 -0.0462207 2.02788
-0.460484 0.0208133 2.0164
0.0994737 -0.0629653 2.08579
0.070605 -0.047828 2.035
-0.196231 0.097761 2.08982
-0.18327 0.389166 1.98315
-0.1693 0.668808 1.86459
-0.151197 0.823021 1.83574
-0.327543 0.57666 1.90406
-0.403964 0.31186 1.97807
-0.443774 0.0853995 1.98052
-0.447177 0.067061 1.95984
-0.0041753 0.575139 1.91265
0.0404142 0.297045 1.98236
0.0673883 0.0713128 2.00986
0.0830338 -0.00719027 2.02159
-0.269186 0.0961564 2.05418
-0.305629 -0.261208 2.2454
-0.283889 -0.608571 2.37486
-0.314745 -0.656213 2.30856
-0.116481 0.0959741 2.05324
-0.101726 -0.318945 1.96358
-0.101852 -0.67976 2.01197
-0.100159 -0.729492 1.91992
-0.172972 0.600678 1.89629
-0.477739 -0.0225146 1.94529
-0.435196 0.0457127 1.92855
0.0986355 -0.0853211 2.05779
0.0704974 -0.0505679 1.99941
-0.181165 0.0492269 2.00023
-0.168 0.347467 1.91041
-0.154263 0.633405 1.80717
-0.136409 0.785505 1.7781
-0.311285 0.538603 1.84292
-0.38631 0.273809 1.91295
-0.423818 0.0474742 1.92228
-0.442898 -0.0179228 1.91078
0.0124809 0.537762 1.85345
0.0538366 0.250161 1.90927
0.0806285 0.0232763 1.92932
0.091218 -0.0554917 1.93851
-0.255075 0.0476699 1.96535
-0.298421 -0.274251 2.15321
-0.286809 -0.598175 2.36958
-0.314479 -0.655659 2.30869
-0.100671 0.0490202 1.96279
-0.0753836 -0.360962 1.89048
-0.075719 -0.71035 1.9228
-0.0849762 -0.761603 1.82307
-0.157823 0.563755 1.8352
-0.455845 -0.105578 1.94344
-0.390192 0.0205395 1.91475
0.106046 -0.135733 1.96946
0.0753342 -0.0868585 1.91156
-0.167109 0.028484 1.92825
-0.152215 0.329099 1.84765
-0.136631 0.616827 1.75421
-0.118378 0.770128 1.72994
-0.293274 0.519256 1.78668
-0.368661 0.254167 1.85879
-0.408619 0.029699 1.88012
-0.41344 -0.00169045 1.87004
0.0302802 0.51942 1.80091
0.0673617 0.233787 1.84594
0.0857968 0.00420337 1.84913
0.0912882 -0.0743023 1.84923
-0.239635 0.0296184 1.89065
-0.298348 -0.288853 2.01098
-0.287453 -0.600045 2.31855
-0.314866 -0.657219 2.29362
-0.0883079 0.0263124 1.89358
-0.0696382 -0.363775 1.84742
-0.0692572 -0.725658 1.91262
-0.085554 -0.773995 1.8193
-0.140657 0.546787 1.77971
-0.445827 -0.0939662 1.89304
-0.364512 0.0111534 1.87625
0.109115 -0.160299 1.87341
0.0420057 -0.0746645 1.82538
-0.157833 0.0359113 1.87618
-0.142856 0.335264 1.79984
-0.127344 0.621576 1.71087
-0.112194 0.777275 1.68752
-0.285789 0.526852 1.74736
-0.344949 0.248928 1.80597
-0.388282 0.0269858 1.83863
-0.397293 -0.00927697 1.83046
0.0404086 0.523286 1.74733
0.0788527 0.237537 1.78698
0.0939925 0.00711739 1.76824
0.0888946 -0.0669805 1.76531
-0.230841 0.0403328 1.84099
-0.305656 -0.287652 1.86519
-0.285332 -0.589862 2.18082
-0.331055 -0.658203 2.17969
-0.0785876 0.0299674 1.83869
-0.061981 -0.362681 1.83096
-0.0707176 -0.727303 1.91166
-0.0844531 -0.775758 1.82272
-0.13133 0.551914 1.73521
-0.420586 -0.0932701 1.85739
-0.34807 -0.0175136 1.80311
0.108511 -0.15388 1.77154
0.0520861 -0.0783726 1.76628
-0.154164 0.0412866 1.83332
-0.14336 0.341609 1.76201
-0.131387 0.628308 1.67813
-0.120034 0.781133 1.6544
-0.290595 0.536193 1.719
-0.362377 0.26216 1.78855
-0.368202 0.0311707 1.77304
-0.403602 -0.026727 1.78731
0.0340171 0.52516 1.70336
0.0790116 0.242433 1.73228
0.0954024 0.0144892 1.68598
0.0984875 -0.0496918 1.67364
-0.226002 0.0482353 1.79947
-0.315352 -0.281584 1.79049
-0.326561 -0.641628 2.04313
-0.382568 -0.696777 2.01758
-0.0762154 0.0326897 1.79478
-0.0506211 -0.357334 1.82264
-0.0702496 -0.725708 1.91467
-0.081429 -0.771148 1.83239
-0.134553 0.558608 1.70118
-0.414836 -0.106158 1.79747
-0.367324 -0.0543231 1.72946
0.108975 -0.137325 1.67207
0.0907649 -0.0398622 1.697
-0.181932 0.0343255 1.79263
-0.170065 0.336862 1.72798
-0.157183 0.625373 1.65083
-0.148396 0.77579 1.62622
-0.320992 0.533232 1.69008
-0.365329 0.251184 1.72808
-0.437089 0.0233293 1.7444
-0.447355 -0.0317032 1.75211
0.0116246 0.521913 1.67571
0.0635658 0.2345 1.68552
0.08278 0.00944776 1.62461
0.0844644 -0.0353155 1.60289
-0.253535 0.0402987 1.75991
-0.305517 -0.322503 1.767
-0.478059 -0.707713 1.88998
-0.499306 -0.752561 1.81893
-0.102967 0.0269686 1.75311
-0.0575588 -0.36159 1.78675
-0.071829 -0.721052 1.90684
-0.0813764 -0.774653 1.82977
-0.160576 0.555262 1.67217
-0.455867 -0.111217 1.76945
-0.406089 -0.0475107 1.70455
0.101903 -0.121859 1.58301
0.116799 -0.0521784 1.58933
-0.212075 0.0253549 1.77435
-0.205094 0.328411 1.71305
-0.196864 0.617453 1.63972
-0.182591 0.767931 1.61477
-0.361258 0.520889 1.66817
-0.420877 0.239561 1.7093
-0.479837 0.00444958 1.72643
-0.481845 -0.0488018 1.72229
-0.0288736 0.514175 1.67235
0.0235764 0.227687 1.6799
0.06144 0.00628381 1.61365
0.0587358 -0.0362478 1.59725
-0.28292 0.0287243 1.73879
-0.342143 -0.335554 1.74581
-0.494835 -0.709618 1.86522
-0.510745 -0.759269 1.79573
-0.132625 0.0208408 1.73772
-0.0723941 -0.353495 1.75741
-0.0735186 -0.724166 1.90408
-0.0832804 -0.777565 1.8253
-0.199151 0.547201 1.66006
-0.48849 -0.130366 1.73218
-0.442815 -0.0661941 1.67321
0.080194 -0.120868 1.57501
0.0165128 -0.00701114 1.61933
-0.268315 0.02769 1.77473
-0.254869 0.330427 1.7101
-0.24005 0.619245 1.63355
-0.21503 0.768225 1.61002
-0.404189 0.521666 1.65219
-0.459449 0.229215 1.69173
-0.518202 0.00731919 1.69988
-0.519718 -0.0613114 1.70646
-0.0749093 0.521394 1.68053
-0.0303245 0.244048 1.70382
0.0130811 0.0199988 1.65393
0.0284803 -0.0490825 1.63628
-0.339171 0.0302106 1.73396
-0.427399 -0.321132 1.73264
-0.494937 -0.709561 1.86495
-0.51173 -0.75923 1.79493
-0.186835 0.0240663 1.7437
-0.105903 -0.350888 1.75864
-0.0840901 -0.728069 1.90353
-0.0869871 -0.777304 1.82503
-0.244007 0.549047 1.65468
-0.511323 -0.152012 1.70325
-0.478074 -0.0860851 1.66122
0.0436765 -0.130753 1.62857
0.0498842 -0.0631615 1.63133
-0.302777 0.0461539 1.79435
-0.288427 0.3475 1.72396
-0.272224 0.635032 1.6417
-0.249424 0.784229 1.62086
-0.43453 0.534222 1.65172
-0.497202 0.260769 1.68489
-0.54835 0.0369725 1.69604
-0.563472 -0.0104432 1.70628
-0.109282 0.541619 1.6961
-0.0658987 0.253897 1.73021
-0.0277181 0.0255216 1.71402
-0.0139665 -0.0436419 1.72407
-0.372869 0.0469419 1.74929
-0.447303 -0.317095 1.76319
-0.496771 -0.704951 1.86762
-0.512749 -0.755858 1.79977
-0.220565 0.0435609 1.7679
-0.159442 -0.348516 1.79731
-0.140904 -0.692727 1.99426
-0.132813 -0.739746 1.91406
-0.276588 0.56515 1.66426
-0.58419 -0.0995667 1.72564
-0.500973 -0.0175541 1.69292
-0.00227805 -0.120142 1.73277
0.0126066 -0.0340182 1.7284
-0.313457 0.0579151 1.81935
-0.299566 0.359095 1.75115
-0.283766 0.646616 1.67121
-0.26244 0.798035 1.65186
-0.446326 0.545217 1.68449
-0.509943 0.274616 1.7169
-0.565383 0.051543 1.72442
-0.585749 0.00424554 1.73258
-0.117763 0.550263 1.72366
-0.0756984 0.261711 1.76482
-0.0385253 0.0333532 1.76341
-0.0240175 -0.0350133 1.78322
-0.384196 0.0576645 1.77614
-0.456974 -0.314617 1.80041
-0.499756 -0.699826 1.87466
-0.511862 -0.755122 1.80064
-0.23039 0.0558459 1.79111
-0.185006 -0.296107 1.81886
-0.171408 -0.613582 2.11999
-0.165405 -0.683594 2.06445
-0.288042 0.576713 1.69318
-0.605818 -0.0856572 1.74193
-0.579129 -0.0106715 1.7415
-0.0115594 -0.115028 1.79961
0.00530516 -0.0431826 1.78877
-0.309697 0.0618453 1.86905
-0.294137 0.363133 1.79863
-0.276827 0.65106 1.71651
-0.261203 0.80488 1.69628
-0.439894 0.549774 1.74347
-0.490662 0.282713 1.76674
-0.561486 0.0663085 1.79003
-0.589893 -0.0075788 1.79662
-0.110029 0.551545 1.76144
-0.0657374 0.262364 1.80353
-0.0300645 0.0344849 1.8116
-0.0111114 -0.0337298 1.83097
-0.380957 0.0619962 1.82982
-0.457241 -0.31997 1.83846
-0.501948 -0.700492 1.88031
-0.51152 -0.756386 1.79946
-0.226549 0.0593684 1.83675
-0.192675 -0.27144 1.88617
-0.176642 -0.579942 2.19612
-0.185309 -0.666691 2.18206
-0.281459 0.581018 1.73904
-0.601747 -0.0871793 1.8089
-0.582601 -0.0184438 1.81357
0.00332004 -0.114093 1.84423
0.014652 -0.0129224 1.82759
-0.284024 0.0584014 1.94192
-0.268265 0.357779 1.86366
-0.251046 0.644531 1.77378
-0.245383 0.798651 1.74958
-0.414524 0.544403 1.81109
-0.488078 0.246569 1.87132
-0.552408 0.0257425 1.86756
-0.577644 -0.0351765 1.87397
-0.0865973 0.547601 1.80789
-0.036695 0.2611 1.84693
-0.0014396 0.0328647 1.84919
0.0220073 -0.0379442 1.86175
-0.356337 0.0591565 1.90701
-0.447096 -0.342906 1.89655
-0.504229 -0.708613 1.88448
-0.510253 -0.758532 1.79777
-0.201178 0.0554678 1.90514
-0.182382 -0.286314 2.03768
-0.186811 -0.629802 2.29934
-0.187158 -0.680549 2.21622
-0.255615 0.574704 1.79826
-0.577154 -0.0896724 1.87351
-0.571147 -0.0506084 1.9008
0.0382608 -0.115324 1.87609
0.0489505 -0.0182097 1.85745
-0.238992 0.0751073 2.048
-0.226875 0.369798 1.95113
-0.213649 0.652519 1.84228
-0.209807 0.805628 1.81385
-0.374368 0.55803 1.88909
-0.438774 0.290575 1.96855
-0.509655 0.0718362 1.96957
-0.510854 0.0476951 1.97701
-0.0493968 0.556788 1.87418
0.00953714 0.275792 1.90459
0.045164 0.0476648 1.87929
0.0647339 -0.023693 1.87776
-0.310777 0.0778859 2.01606
-0.415267 -0.340254 1.97186
-0.477414 -0.689088 1.92012
-0.498719 -0.722148 1.82097
-0.1587 0.0697317 2.00794
-0.151429 -0.273311 2.13453
-0.191055 -0.624005 2.31834
-0.187783 -0.679053 2.23716
-0.217164 0.58363 1.87155
-0.542921 -0.0391502 1.98425
-0.458804 0.0619282 1.9858
0.0807609 -0.104198 1.88247
0.0923425 -0.0040652 1.87856
-0.2207 0.100888 2.08824
-0.208758 0.394394 1.9921
-0.195674 0.676038 1.88423
-0.188802 0.82892 1.8557
-0.354449 0.584956 1.93267
-0.426353 0.317018 2.01731
-0.479738 0.0938271 2.0286
-0.483309 0.0738849 2.04044
-0.0286902 0.583921 1.91926
0.0319838 0.305703 1.95275
0.0639521 0.0789302 1.90871
0.0819274 0.0071391 1.89504
-0.293016 0.106066 2.05577
-0.383203 -0.312042 2.0205
-0.436015 -0.66494 2.02428
-0.45459 -0.710449 1.94238
-0.140735 0.0923166 2.04864
-0.136108 -0.257876 2.164
-0.188745 -0.621643 2.32506
-0.190127 -0.676405 2.24702
-0.199148 0.607405 1.91324
-0.514438 -0.0200568 2.05694
-0.433675 0.0822327 2.04
0.0958554 -0.0715553 1.89523
0.108728 0.0121144 1.8932
-0.206307 0.113672 2.11364
-0.195777 0.408752 2.02111
-0.184279 0.692084 1.91715
-0.179645 0.846366 1.89225
-0.344635 0.599416 1.96931
-0.421388 0.337419 2.05051
-0.461184 0.111888 2.06816
-0.493499 0.0531408 2.09203
-0.0188699 0.593228 1.94404
0.0420967 0.316619 1.98553
0.0695773 0.0881675 1.9498
0.0868505 0.0191019 1.94131
-0.27839 0.118927 2.08206
-0.352964 -0.278527 2.07037
-0.379071 -0.627736 2.19955
-0.383545 -0.682129 2.11328
-0.127149 0.104537 2.07308
-0.12781 -0.260673 2.19352
-0.187132 -0.618364 2.32794
-0.188132 -0.673923 2.2506
-0.187332 0.623013 1.94517
-0.501148 -0.0247875 2.1179
-0.488526 0.0336556 2.09688
0.101371 -0.0586517 1.94201
0.108499 0.0523883 1.9448
-0.196756 0.118141 2.12907
-0.190605 0.414612 2.04102
-0.184091 0.699638 1.94276
-0.176745 0.854464 1.91988
-0.342999 0.606054 1.99085
-0.415713 0.343735 2.07523
-0.456763 0.118277 2.09182
-0.486815 0.0567582 2.12304
-0.0153833 0.599503 1.97339
0.0412685 0.318796 2.0101
0.0703505 0.0892805 2.00378
0.0829382 0.0177636 2.01219
-0.268786 0.121791 2.09699
-0.310994 -0.260239 2.1608
-0.32377 -0.612721 2.32466
-0.332892 -0.666889 2.24564
-0.117956 0.110585 2.08917
-0.117702 -0.262407 2.20211
-0.186388 -0.618932 2.32849
-0.186851 -0.673433 2.24981
-0.185835 0.63011 1.96926
-0.49756 -0.0219551 2.14623
-0.490778 0.066975 2.12367
0.0992905 -0.0635103 2.02709
0.115649 0.00313285 2.008
-0.199027 0.118007 2.13571
-0.194161 0.41725 2.05236
-0.188429 0.705345 1.9581
-0.178882 0.860379 1.93741
-0.346944 0.60833 1.99977
-0.422809 0.342533 2.08438
-0.457722 0.117501 2.11124
-0.481714 0.0643382 2.13924
-0.0202068 0.604186 1.99149
0.031546 0.317765 2.0364
0.0606123 0.0893905 2.04799
0.0702416 0.024249 2.0739
-0.270841 0.12014 2.10237
-0.303451 -0.255674 2.22149
-0.315036 -0.612388 2.33717
-0.332486 -0.665229 2.25932
-0.120468 0.112157 2.09723
-0.115331 -0.262784 2.20602
-0.181884 -0.619508 2.32934
-0.185832 -0.673546 2.24843
-0.190047 0.635039 1.98367
-0.490858 -0.00932583 2.17026
-0.500373 0.0647452 2.12891
0.0892067 -0.0480233 2.09204
0.0973019 0.030697 2.06869
-0.204338 0.121065 2.14113
-0.200403 0.422653 2.06073
-0.195253 0.712628 1.96914
-0.18713 0.868318 1.9497
-0.355463 0.612215 2.01041
-0.430898 0.342467 2.09038
-0.465329 0.117877 2.12039
-0.506491 0.0563559 2.14
-0.0259152 0.609674 2.0001
0.0227847 0.322267 2.05207
0.0562308 0.0964123 2.07806
0.058004 0.0521335 2.10318
-0.276295 0.121652 2.1082
-0.318923 -0.243257 2.2434
-0.321989 -0.612113 2.34528
-0.332367 -0.664464 2.2661
-0.125538 0.116548 2.10214
-0.113572 -0.259399 2.20507
-0.181595 -0.619784 2.33049
-0.184168 -0.676304 2.25056
-0.196749 0.641885 1.99405
-0.510995 -0.0189898 2.17466
-0.508901 0.0246192 2.10586
0.0744509 -0.0288683 2.13059
0.085713 0.0915761 2.095
-0.207894 0.1229 2.14288
-0.203982 0.424655 2.06385
-0.19887 0.714624 1.97372
-0.192241 0.869659 1.95397
-0.360836 0.615067 2.01721
-0.437707 0.340283 2.09471
-0.476683 0.115219 2.11715
-0.529393 0.0533969 2.12221
-0.0296663 0.612345 2.00398
0.020836 0.32512 2.05914
0.0588238 0.0996994 2.08339
0.073994 0.0294265 2.10715
-0.279691 0.122437 2.11063
-0.320817 -0.241144 2.24323
-0.323105 -0.610812 2.34656
-0.332527 -0.663731 2.26896
-0.129243 0.119412 2.1032
-0.113416 -0.258085 2.20361
-0.181054 -0.619919 2.33137
-0.18371 -0.677596 2.25464
-0.200362 0.643892 1.99824
-0.535453 -0.021027 2.15653
-0.537323 0.0356498 2.08811
0.088158 -0.0436906 2.13962
0.098211 0.0484172 2.09927
-0.213406 0.123626 2.14143
-0.206847 0.425357 2.06439
-0.200338 0.7153 1.97569
-0.193817 0.869869 1.95501
-0.36227 0.615298 2.01807
-0.441768 0.344491 2.09246
-0.486189 0.119139 2.10463
-0.532321 0.0527349 2.10411
-0.0314795 0.613119 2.00725
0.020129 0.325252 2.06319
0.0623649 0.0998936 2.08279
0.0825006 0.0286023 2.09335
-0.285005 0.12284 2.10909
-0.326051 -0.238164 2.23799
-0.324169 -0.607956 2.34693
-0.332575 -0.663757 2.26933
-0.134659 0.120347 2.10176
-0.113745 -0.256009 2.19919
-0.180995 -0.620138 2.33193
-0.184284 -0.676832 2.25412
-0.202101 0.644562 1.99981
-0.542109 -0.0220915 2.13296
-0.544797 0.0726875 2.08443
0.095167 -0.0525663 2.13024
0.104928 0.0222646 2.0972
-0.217548 0.123269 2.13909
-0.208523 0.425327 2.06429
-0.200658 0.715358 1.97675
-0.194178 0.869914 1.95544
-0.362794 0.614917 2.01825
-0.443761 0.345371 2.08722
-0.491898 0.120433 2.09566
-0.535021 0.0606367 2.09607
-0.0315591 0.613247 2.00883
0.0207186 0.326658 2.06369
0.0672265 0.10146 2.07819
0.089976 0.032333 2.08752
-0.289336 0.122533 2.10596
-0.334283 -0.234754 2.22939
-0.325356 -0.60775 2.34759
-0.332952 -0.663041 2.2704
-0.138466 0.119911 2.10012
-0.113358 -0.256267 2.19299
-0.180944 -0.620245 2.33215
-0.184709 -0.676917 2.25351
-0.202662 0.644605 2.00054
-0.549529 -0.017099 2.12446
-0.535689 0.0361283 2.06164
0.107057 -0.0469597 2.12211
0.0988627 0.0708489 2.081
-0.219289 0.122961 2.13551
-0.209152 0.425198 2.06351
-0.200537 0.715291 1.97745
-0.193803 0.869808 1.95554
-0.363055 0.614767 2.01829
-0.444665 0.346673 2.08247
-0.496726 0.122598 2.0909
-0.536074 0.0633749 2.09994
-0.0312059 0.612897 2.00938
0.0249585 0.330559 2.06098
0.075478 0.106043 2.07442
0.103596 0.0353745 2.08148
-0.290913 0.122265 2.10209
-0.340999 -0.23129 2.22107
-0.32606 -0.607851 2.34787
-0.334129 -0.662407 2.27109
-0.140265 0.119549 2.09681
-0.112748 -0.255846 2.18833
-0.181 -0.620339 2.33282
-0.184866 -0.676626 2.25357
-0.202744 0.644571 2.00087
-0.550218 -0.0136328 2.12461
-0.555182 0.0584668 2.08398
0.122368 -0.0421586 2.11052
0.125997 0.053554 2.07477
-0.220219 0.121603 2.13216
-0.209028 0.42407 2.06168
-0.198632 0.714128 1.9774
-0.191894 0.869332 1.95538
-0.362823 0.61459 2.01826
-0.444594 0.34588 2.08053
-0.501435 0.123117 2.09039
-0.537596 0.0642588 2.10567
-0.02982 0.611792 2.00926
0.0338491 0.337159 2.05923
0.0910472 0.113806 2.0691
0.113925 0.0540303 2.07298
-0.291556 0.121138 2.09941
-0.344985 -0.229835 2.21594
-0.326583 -0.608866 2.34872
-0.334858 -0.661738 2.27158
-0.141446 0.117969 2.09275
-0.113583 -0.256097 2.18928
-0.180514 -0.620431 2.33337
-0.185539 -0.676337 2.25343
-0.201478 0.643522 2.00046
-0.552243 -0.0139351 2.13353
-0.555705 0.0629932 2.0887
0.137862 -0.0270927 2.09523
0.135267 0.0916781 2.0641
-0.219413 0.120451 2.12931
-0.208045 0.423312 2.06033
-0.196665 0.713548 1.97759
-0.189096 0.868625 1.95433
-0.36225 0.613892 2.01852
-0.44304 0.345829 2.0803
-0.502979 0.124189 2.09303
-0.536219 0.0626665 2.11155
-0.0279359 0.610887 2.00928
0.0384363 0.341149 2.05602
0.0970198 0.118045 2.06526
0.122662 0.0456687 2.07144
-0.290656 0.119725 2.09672
-0.343752 -0.22927 2.21284
-0.326554 -0.608689 2.34868
-0.335066 -0.66158 2.27165
-0.140734 0.117098 2.08974
-0.113722 -0.256411 2.18929
-0.180416 -0.62141 2.33361
-0.186328 -0.677379 2.25512
-0.199846 0.642893 2.00028
-0.550554 -0.0134387 2.14036
-0.552572 0.0798206 2.10325
0.147133 -0.0361238 2.10122
0.150428 0.0539358 2.0671
-0.218581 0.119954 2.12699
-0.206869 0.422718 2.05914
-0.194514 0.712829 1.97782
-0.187036 0.868047 1.95388
-0.361048 0.61394 2.01927
-0.44162 0.34635 2.08129
-0.502248 0.124995 2.09507
-0.532259 0.0594719 2.11516
-0.0256146 0.60993 2.0092
0.040891 0.341949 2.05567
0.102045 0.119384 2.06351
0.119756 0.0532117 2.06607
-0.289738 0.119263 2.0947
-0.340023 -0.230096 2.2091
-0.326324 -0.608412 2.34842
-0.335052 -0.661186 2.27177
-0.140005 0.116576 2.08711
-0.112619 -0.256726 2.188
-0.180526 -0.621584 2.33328
-0.186463 -0.677618 2.25546
-0.197964 0.642191 2.00015
-0.54289 -0.0137421 2.14107
-0.555081 0.0502778 2.1055
0.143662 -0.026943 2.08387
0.14335 0.088902 2.06122
-0.217738 0.119709 2.12549
-0.205998 0.422379 2.05847
-0.193275 0.712462 1.97819
-0.185234 0.867746 1.95401
-0.359287 0.614214 2.02059
-0.440265 0.344844 2.08252
-0.49975 0.123445 2.09876
-0.529711 0.0578723 2.11919
-0.0241513 0.609624 2.00961
0.0419534 0.341631 2.05571
0.102288 0.118694 2.06212
0.115632 0.0523591 2.06649
-0.288945 0.118883 2.09327
-0.337273 -0.232285 2.20887
-0.326268 -0.609397 2.34841
-0.335239 -0.661346 2.2718
-0.139123 0.116474 2.08555
-0.104766 -0.257766 2.17866
-0.180637 -0.621545 2.33301
-0.186344 -0.676968 2.25617
-0.196814 0.641807 2.00025
-0.539478 -0.0138998 2.14616
-0.545465 0.0687874 2.10641
0.137713 -0.0268954 2.08016
0.143117 0.0791741 2.0689
