-0.23042 0.11368 2.11258
-0.220824 0.413025 2.04486
-0.21021 0.700136 1.96533
-0.198945 0.85298 1.91873
-0.372883 0.612863 2.01419
-0.448644 0.342085 2.07777
-0.491335 0.116178 2.09854
-0.516556 0.0471094 2.11645
-0.037919 0.601854 1.99945
0.0130338 0.316954 2.04199
0.0606829 0.0894837 2.04179
0.0735406 0.0196949 2.05385
-0.302251 0.113108 2.08161
-0.343061 -0.240462 2.20506
-0.326088 -0.604974 2.34758
-0.333903 -0.660671 2.27418
-0.15069 0.110382 2.07143
-0.121651 -0.264972 2.17244
-0.182424 -0.621203 2.33025
-0.185852 -0.674514 2.25066
-0.213066 0.630131 1.98727
-0.522387 -0.0262391 2.13834
-0.5402 0.0470488 2.103
0.0885823 -0.0590743 2.07744
0.0978522 0.0372787 2.05131
-0.230679 0.113685 2.11214
-0.221076 0.412788 2.04427
-0.210434 0.699654 1.96459
-0.19943 0.852388 1.91749
-0.373729 0.613219 2.01406
-0.448894 0.342072 2.07733
-0.491802 0.116207 2.09833
-0.517215 0.0464006 2.1141
-0.0383147 0.601613 1.99882
0.012867 0.317017 2.04175
0.0603824 0.0895096 2.04213
0.0718659 0.0174956 2.05139
-0.302497 0.113161 2.08127
-0.342494 -0.239513 2.20373
-0.326377 -0.607938 2.34817
-0.334001 -0.66102 2.27437
-0.150953 0.110339 2.07088
-0.121908 -0.265227 2.17261
-0.182378 -0.621174 2.33018
-0.186058 -0.674565 2.25139
-0.213299 0.62971 1.98657
-0.522578 -0.0271642 2.13771
-0.542573 0.0425977 2.103
0.0856221 -0.059526 2.07836
0.0927993 0.0460494 2.0445
-0.230875 0.113391 2.11135
-0.221297 0.412357 2.04309
-0.210695 0.699126 1.96299
-0.200035 0.851938 1.91559
-0.374265 0.613026 2.01343
-0.448478 0.345856 2.07531
-0.491303 0.120077 2.09738
-0.516476 0.047778 2.11188
-0.0391763 0.600777 1.99719
0.0125091 0.317555 2.04078
0.059651 0.0899382 2.04126
0.0705269 0.0169214 2.04832
-0.30267 0.112932 2.0807
-0.343253 -0.240889 2.20498
-0.3264 -0.60836 2.34728
-0.333962 -0.661929 2.27251
-0.151158 0.109978 2.06983
-0.122021 -0.265066 2.17182
-0.182102 -0.621198 2.32992
-0.186081 -0.674736 2.25113
-0.213548 0.629202 1.98507
-0.52432 -0.025898 2.13734
-0.53239 0.069978 2.0935
0.0853336 -0.0639899 2.07691
0.093112 0.0520833 2.04814
-0.231105 0.113261 2.11087
-0.221579 0.412161 2.04241
-0.210986 0.698919 1.96211
-0.200623 0.851528 1.91418
-0.374526 0.612793 2.0128
-0.448833 0.343286 2.0755
-0.492256 0.117542 2.09712
-0.518774 0.0472013 2.11206
-0.0396485 0.600655 1.99621
0.0116117 0.317765 2.03918
0.0586832 0.0901135 2.04
0.0697528 0.0174602 2.04671
-0.302894 0.112738 2.08009
-0.344063 -0.241223 2.2054
-0.326774 -0.609318 2.34779
-0.334061 -0.661775 2.27275
-0.151373 0.109906 2.06948
-0.122154 -0.264977 2.17149
-0.182145 -0.621272 2.32992
-0.185676 -0.674657 2.25052
-0.21384 0.628993 1.98424
-0.525364 -0.0254327 2.13816
-0.534608 0.0601514 2.09301
0.0844174 -0.064884 2.07095
0.0904676 0.0583631 2.04286
-0.231409 0.113209 2.11027
-0.222173 0.412072 2.04157
-0.211875 0.698814 1.96106
-0.201449 0.851103 1.91264
-0.375501 0.612816 2.01211
-0.449415 0.340722 2.07518
-0.493164 0.115036 2.09695
-0.521047 0.0434045 2.11252
-0.0403159 0.600364 1.99528
0.0113926 0.317008 2.03846
0.0579108 0.0891469 2.03832
0.068174 0.0142257 2.04269
-0.303192 0.112702 2.07938
-0.344906 -0.241649 2.20571
-0.326985 -0.609822 2.34783
-0.334372 -0.661826 2.27303
-0.151676 0.109837 2.06902
-0.122211 -0.26517 2.17163
-0.182195 -0.621152 2.32985
-0.185586 -0.674842 2.25029
-0.214655 0.628891 1.98324
-0.526726 -0.028616 2.13695
-0.537632 0.0545315 2.09208
0.0832043 -0.0642794 2.07111
0.0845515 0.0474135 2.03533
-0.231934 0.113195 2.10984
-0.223041 0.412122 2.04045
-0.213064 0.698998 1.95909
-0.202632 0.850979 1.91099
-0.376443 0.612179 2.00978
-0.450046 0.340157 2.07465
-0.493919 0.114442 2.09628
-0.520203 0.0449201 2.11216
-0.041614 0.599947 1.99305
0.0109579 0.31651 2.03681
0.0568663 0.0884978 2.0369
0.0669428 0.0151851 2.04169
-0.303658 0.112593 2.07909
-0.345824 -0.240608 2.20393
-0.32678 -0.609257 2.34762
-0.335305 -0.661591 2.27334
-0.152255 0.109942 2.06844
-0.122542 -0.264829 2.17109
-0.182346 -0.620857 2.33002
-0.18568 -0.674145 2.25047
-0.215768 0.629037 1.98149
-0.526445 -0.0247198 2.1366
-0.54359 0.0415175 2.09775
0.0803643 -0.0640842 2.0711
0.0889856 0.0580805 2.04054
-0.234334 0.112938 2.10876
-0.22579 0.411836 2.03779
-0.216131 0.698734 1.95456
-0.205249 0.850519 1.90901
-0.380137 0.611088 2.00416
-0.453767 0.338565 2.07296
-0.49623 0.112519 2.09449
-0.521779 0.044049 2.10882
-0.0448725 0.599142 1.98838
0.00757223 0.315045 2.03285
0.0542171 0.0871775 2.03363
0.0617078 0.0137462 2.03719
-0.305924 0.112358 2.07819
-0.349009 -0.240655 2.20276
-0.325864 -0.60957 2.34744
-0.335577 -0.661675 2.27405
-0.154711 0.109656 2.06721
-0.125445 -0.265543 2.16985
-0.182601 -0.621149 2.32972
-0.185922 -0.674852 2.25021
-0.218765 0.628768 1.97746
-0.530101 -0.0312315 2.13887
-0.537924 0.0612569 2.0879
0.0754543 -0.0591868 2.06134
0.0820621 0.0457306 2.0285
-0.242396 0.107033 2.1037
-0.236428 0.40507 2.02853
-0.229288 0.691232 1.941
-0.216978 0.843877 1.89801
-0.391419 0.602711 1.98873
-0.46511 0.32734 2.06141
-0.505125 0.101212 2.08549
-0.512603 0.0637289 2.08555
-0.0569876 0.593509 1.97388
-0.00475781 0.310642 2.0199
0.0452783 0.0836308 2.02395
0.0522817 0.00907729 2.02801
-0.314267 0.106388 2.07256
-0.359016 -0.255876 2.19658
-0.325411 -0.612663 2.34753
-0.337789 -0.663968 2.27121
-0.162219 0.103968 2.06272
-0.144051 -0.273407 2.12432
-0.18238 -0.625927 2.31534
-0.1914 -0.677741 2.24342
-0.231308 0.621443 1.96497
-0.538848 -0.0213215 2.11372
-0.538525 0.105377 2.0785
0.0670006 -0.0701616 2.05896
0.0731998 0.0385386 2.0295
-0.25686 0.102498 2.08948
-0.247302 0.39849 2.00957
-0.236736 0.682311 1.91661
-0.22567 0.834762 1.8788
-0.399087 0.592395 1.96495
-0.470417 0.317565 2.0404
-0.507053 0.0917479 2.06994
-0.51428 0.0602854 2.0645
-0.0648593 0.587439 1.95234
-0.0101344 0.306118 2.00478
0.0387395 0.0790694 2.01235
0.0502264 0.00503657 2.01147
-0.328458 0.101312 2.0582
-0.371126 -0.260545 2.18946
-0.325749 -0.614455 2.34687
-0.340491 -0.66563 2.27137
-0.176371 0.100139 2.0488
-0.153003 -0.274312 2.04637
-0.167705 -0.636611 2.23508
-0.171509 -0.690918 2.14453
-0.239657 0.613156 1.94203
-0.54278 -0.0268729 2.08911
-0.537227 0.0901049 2.04793
0.0626209 -0.0745897 2.04781
0.0747068 0.0218778 2.00514
-0.268418 0.1006 2.05849
-0.252356 0.39441 1.97154
-0.234485 0.676072 1.87244
-0.224167 0.829339 1.84031
-0.397508 0.583554 1.91462
-0.469537 0.313772 2.00046
-0.504587 0.0889541 2.03678
-0.510867 0.0583432 2.03194
-0.0650717 0.581142 1.9102
-0.0111222 0.302229 1.97123
0.0385233 0.0758207 1.98452
0.060217 0.000564885 1.98175
-0.340864 0.0991923 2.02554
-0.371281 -0.256745 2.17648
-0.326899 -0.614643 2.34639
-0.338225 -0.668947 2.26706
-0.186569 0.0984893 2.01954
-0.155351 -0.32719 1.96102
-0.125696 -0.673523 2.06871
-0.134399 -0.730469 1.9834
-0.239237 0.607454 1.89928
-0.536496 -0.0254021 2.06406
-0.532353 0.0991968 2.016
0.0725872 -0.0788492 2.01338
0.0907206 -0.00310915 1.97843
-0.259923 0.0807689 2.01205
-0.24409 0.373972 1.92041
-0.226848 0.654996 1.81675
-0.210941 0.808108 1.78515
-0.38939 0.56675 1.86222
-0.466219 0.305372 1.94977
-0.497429 0.0805966 1.98941
-0.503971 0.0456339 1.98682
-0.0573814 0.560481 1.86128
-0.00194216 0.286986 1.92383
0.0497262 0.0611374 1.93836
0.0697812 -0.0148423 1.9396
-0.333216 0.0800317 1.979
-0.358972 -0.262233 2.15379
-0.32732 -0.614072 2.34707
-0.337904 -0.669245 2.26603
-0.177288 0.0786157 1.97316
-0.129799 -0.358377 1.89126
-0.0990111 -0.7096 1.9032
-0.107483 -0.758789 1.81055
-0.231402 0.586556 1.84473
-0.533349 -0.0431719 2.0179
-0.531005 0.0462901 1.97314
0.0866316 -0.0976733 1.9721
0.0972148 -0.0061843 1.93517
-0.23634 0.0316463 1.92729
-0.21956 0.329697 1.84223
-0.201636 0.6152 1.74481
-0.185107 0.767101 1.71074
-0.362182 0.524003 1.78402
-0.445717 0.260511 1.87308
-0.488653 0.0392463 1.91804
-0.518529 -0.0303948 1.92562
-0.0325572 0.518281 1.78768
0.0183887 0.243804 1.84649
0.063246 0.0167892 1.86288
0.0820132 -0.0608217 1.86381
-0.308943 0.032026 1.89388
-0.346563 -0.28568 2.07196
-0.314716 -0.601625 2.32199
-0.337792 -0.664567 2.26436
-0.154849 0.0300742 1.88864
-0.107766 -0.379426 1.81254
-0.0915902 -0.73097 1.84886
-0.110366 -0.781311 1.75487
-0.206323 0.545688 1.77125
-0.525284 -0.103697 1.97208
-0.533432 -0.0154937 1.90755
0.0973994 -0.140999 1.88954
0.107431 -0.041913 1.85879
-0.210079 0.0186949 1.85711
-0.19725 0.318576 1.78089
-0.183164 0.605377 1.69238
-0.165655 0.757796 1.65863
-0.342387 0.514415 1.72786
-0.427355 0.243427 1.82042
-0.477507 0.0228011 1.86172
-0.508283 -0.0419645 1.87182
-0.0122539 0.50657 1.73587
0.0306218 0.229772 1.78899
0.0658074 -0.000457532 1.78979
0.0826876 -0.0773054 1.79138
-0.282149 0.022029 1.82232
-0.330806 -0.297373 1.89114
-0.328221 -0.587695 2.21892
-0.332787 -0.668458 2.22084
-0.12977 0.0146323 1.81963
-0.10179 -0.379863 1.76802
-0.0906302 -0.738297 1.84047
-0.111656 -0.788258 1.75412
-0.186899 0.535596 1.71658
-0.513423 -0.107279 1.90358
-0.510312 -0.0681325 1.88977
0.0959158 -0.160925 1.80929
0.108252 -0.052864 1.79633
-0.20076 0.0231402 1.80729
-0.189033 0.321922 1.73597
-0.176053 0.607237 1.65228
-0.161428 0.758732 1.6189
-0.336816 0.518999 1.69256
-0.418035 0.253753 1.77592
-0.467133 0.0319766 1.8144
-0.494011 -0.0373838 1.82726
-0.00506264 0.508151 1.68519
0.0373264 0.226192 1.73681
0.0667625 -0.0053098 1.72905
0.077498 -0.0783429 1.72145
-0.273544 0.0289388 1.77458
-0.338081 -0.305619 1.76732
-0.33267 -0.597797 2.09349
-0.36963 -0.663171 2.10764
-0.119916 0.0163499 1.76771
-0.0875626 -0.367828 1.73891
-0.091644 -0.738715 1.83898
-0.111507 -0.790083 1.75432
-0.179508 0.537872 1.67525
-0.492754 -0.103922 1.86116
-0.486914 -0.0707504 1.85825
0.0849045 -0.160297 1.734
0.109543 -0.0870024 1.719
-0.21654 0.028707 1.76897
-0.199338 0.326545 1.70247
-0.181415 0.610608 1.62368
-0.171493 0.757945 1.59027
-0.342978 0.525675 1.66617
-0.412583 0.256882 1.73299
-0.471794 0.0393514 1.77843
-0.493232 -0.0340883 1.7921
-0.0116119 0.510903 1.64997
0.0339472 0.22649 1.69173
0.0602828 -0.00538644 1.6707
0.0670215 -0.0753009 1.66387
-0.28865 0.0361256 1.73807
-0.352372 -0.303933 1.71669
-0.37773 -0.656461 1.97937
-0.431396 -0.71875 1.95215
-0.13553 0.0200759 1.72777
-0.0887375 -0.357113 1.72059
-0.0919175 -0.739024 1.83921
-0.111229 -0.78985 1.75504
-0.186047 0.541586 1.64542
-0.493016 -0.108729 1.82061
-0.488271 -0.0445269 1.83333
0.0726661 -0.151934 1.67719
0.0863789 -0.0744173 1.664
-0.243841 0.0264587 1.74153
-0.2281 0.325484 1.67976
-0.211344 0.610438 1.60578
-0.204561 0.754369 1.57181
-0.376286 0.52313 1.64379
-0.439979 0.249599 1.70564
-0.50664 0.0315857 1.73967
-0.519372 -0.00939875 1.73926
-0.0399677 0.512933 1.63295
0.0089857 0.227283 1.66602
0.0419444 -0.00378088 1.64293
0.0399564 -0.0729348 1.63644
-0.316368 0.0312982 1.70977
-0.40376 -0.323305 1.70163
-0.485521 -0.725148 1.83438
-0.496357 -0.772204 1.76556
-0.161233 0.0204065 1.70131
-0.100735 -0.350196 1.69981
-0.0953462 -0.738594 1.83733
-0.111927 -0.790569 1.75582
-0.215735 0.541219 1.62628
-0.538911 -0.0882888 1.77167
-0.539611 0.0280392 1.738
0.0460402 -0.147619 1.64178
0.0612595 -0.0481565 1.6365
-0.289752 0.0179742 1.74617
-0.271542 0.318484 1.68126
-0.252233 0.60483 1.60474
-0.237283 0.749896 1.57007
-0.413834 0.513105 1.63442
-0.49269 0.238396 1.69964
-0.550621 0.00195182 1.7137
-0.563847 -0.04783 1.72638
-0.0827922 0.510641 1.64579
-0.0338449 0.224603 1.6864
0.0117958 -0.00423856 1.66231
0.0137631 -0.0751576 1.66809
-0.358322 0.0230471 1.70897
-0.431463 -0.328041 1.70459
-0.489428 -0.723211 1.83314
-0.496985 -0.771854 1.76536
-0.209414 0.0121209 1.71204
-0.143218 -0.374241 1.70838
-0.101614 -0.741448 1.83199
-0.113114 -0.790721 1.75537
-0.257291 0.535275 1.62584
-0.56788 -0.124668 1.75372
-0.580268 0.00093286 1.71867
0.0230259 -0.156528 1.67082
0.0399248 -0.0673069 1.66864
-0.311692 0.0235763 1.76469
-0.29462 0.322986 1.69265
-0.27604 0.608717 1.60927
-0.263138 0.755906 1.57908
-0.437294 0.514276 1.63199
-0.516133 0.242332 1.69477
-0.57235 0.0183318 1.71116
-0.602731 -0.043469 1.7231
-0.110482 0.518716 1.66023
-0.0669811 0.232442 1.71298
-0.0246455 0.0026778 1.70844
-0.0181016 -0.0607953 1.71819
-0.381266 0.0269166 1.72379
-0.445301 -0.33301 1.71228
-0.490271 -0.723407 1.83508
-0.498747 -0.771197 1.76628
-0.22944 0.0193263 1.73422
-0.169269 -0.384076 1.73879
-0.128125 -0.743022 1.84872
-0.123135 -0.788383 1.76047
-0.280942 0.539277 1.63207
-0.611985 -0.118189 1.74867
-0.622468 -0.020384 1.7125
-0.00681033 -0.138652 1.72281
0.0101481 -0.0567755 1.71542
-0.321575 0.0478921 1.8084
-0.306754 0.347787 1.73391
-0.289912 0.634097 1.64756
-0.279531 0.782137 1.62348
-0.455345 0.537514 1.67233
-0.520693 0.263414 1.72101
-0.589027 0.0446995 1.74874
-0.610261 0.00599862 1.7618
-0.121888 0.540651 1.69588
-0.0794538 0.252377 1.7505
-0.0465984 0.0220079 1.76139
-0.0331463 -0.0440457 1.7846
-0.391286 0.0481265 1.76767
-0.458596 -0.328168 1.77251
-0.491431 -0.719091 1.84901
-0.499462 -0.766699 1.77066
-0.239099 0.0457647 1.7778
-0.202172 -0.326795 1.78589
-0.183402 -0.668089 2.06085
-0.180812 -0.71887 1.98869
-0.294463 0.564502 1.67114
-0.634838 -0.0751531 1.77836
-0.620917 0.043831 1.74893
-0.0245457 -0.120824 1.80335
-0.00680171 -0.0321926 1.78455
-0.318741 0.0555292 1.85317
-0.302243 0.357478 1.78355
-0.283828 0.64607 1.70208
-0.273531 0.797901 1.67828
-0.446593 0.544914 1.73227
-0.499034 0.272179 1.76844
-0.581431 0.0621141 1.81154
-0.60715 -0.00930332 1.83263
-0.114442 0.54516 1.74049
-0.0705541 0.2575 1.7898
-0.040507 0.0262404 1.79412
-0.0203063 -0.0398251 1.81478
-0.38857 0.0555365 1.81706
-0.464004 -0.338775 1.8188
-0.492389 -0.717777 1.85164
-0.498785 -0.766952 1.77089
-0.236587 0.0533797 1.81784
-0.202611 -0.284891 1.85055
-0.186622 -0.574476 2.17863
-0.195056 -0.655334 2.18318
-0.288754 0.575866 1.72445
-0.614045 -0.0833632 1.85615
-0.595882 -0.0508146 1.84433
-0.0100822 -0.12159 1.83039
0.00600033 -0.0328923 1.8103
-0.301134 0.0543669 1.92695
-0.283035 0.35431 1.85148
-0.263451 0.641553 1.76428
-0.254434 0.79511 1.74112
-0.424759 0.542867 1.80514
-0.484848 0.271515 1.87276
-0.557143 0.0529293 1.89265
-0.575409 -0.0138988 1.90835
-0.0938975 0.539905 1.79675
-0.0481916 0.254777 1.83698
-0.0166127 0.0234734 1.83445
0.00431043 -0.0461573 1.84371
-0.372458 0.0549744 1.89439
-0.450853 -0.350806 1.86133
-0.492557 -0.721872 1.85771
-0.496959 -0.767762 1.76917
-0.218583 0.0517421 1.88781
-0.179868 -0.279299 1.97784
-0.188005 -0.596605 2.28091
-0.194945 -0.673564 2.2475
-0.268616 0.571609 1.78809
-0.58178 -0.086997 1.92713
-0.58891 -0.0418766 1.877
0.0151991 -0.128362 1.85572
0.0322455 -0.0412646 1.83008
-0.272756 0.058551 2.0171
-0.252567 0.354076 1.92712
-0.231468 0.637761 1.82565
-0.229618 0.791403 1.79778
-0.393664 0.54297 1.87659
-0.445591 0.268659 1.93488
-0.524875 0.0638612 1.9979
-0.543954 -0.013162 1.99321
-0.0669478 0.539794 1.85599
-0.0122891 0.260623 1.88569
0.0168887 0.0291346 1.86417
0.0392562 -0.0429198 1.86906
-0.34418 0.0609895 1.98498
-0.428463 -0.358331 1.93412
-0.484397 -0.720282 1.86561
-0.494607 -0.762124 1.76552
-0.191558 0.0540148 1.97737
-0.157514 -0.267931 2.0708
-0.19626 -0.611886 2.34272
-0.194116 -0.668026 2.27383
-0.236937 0.568615 1.85302
-0.543991 -0.0860054 2.01579
-0.560388 -0.0244517 1.95992
0.0530273 -0.123582 1.87894
0.0664408 -0.0190921 1.86354
-0.226442 0.0958739 2.10188
-0.218861 0.387053 1.99953
-0.20902 0.666767 1.88591
-0.200032 0.820706 1.85558
-0.368105 0.576966 1.93473
-0.438763 0.309732 2.03045
-0.491521 0.088569 2.06826
-0.512428 0.0258785 2.07503
-0.0433177 0.572416 1.92147
0.0210437 0.298331 1.94999
0.0603574 0.0692682 1.91543
0.0794648 -0.000583956 1.91025
-0.298279 0.0996411 2.0696
-0.392521 -0.313596 2.01089
-0.439866 -0.663275 1.99181
-0.46582 -0.710449 1.9082
-0.146798 0.0888195 2.06208
-0.128865 -0.261874 2.17719
-0.191536 -0.611805 2.36538
-0.194165 -0.664947 2.28285
-0.211794 0.598578 1.91632
-0.515088 -0.0443186 2.10459
-0.533779 0.0277251 2.0635
0.0921285 -0.0791142 1.91493
0.105467 0.00621642 1.90925
-0.211787 0.112943 2.13451
-0.206835 0.405512 2.03295
-0.200487 0.686494 1.91982
-0.194294 0.840142 1.88963
-0.360066 0.596278 1.97017
-0.43368 0.326413 2.06049
-0.483737 0.102401 2.088
-0.51114 0.0404966 2.10657
-0.0337883 0.591067 1.95107
0.0296068 0.317914 1.98269
0.0728825 0.0892976 1.95042
0.0915813 0.0190016 1.95485
-0.283018 0.117487 2.10269
-0.359994 -0.269542 2.08838
-0.401659 -0.630753 2.18383
-0.414307 -0.683594 2.0918
-0.133341 0.104592 2.09423
-0.125063 -0.265656 2.22035
-0.189475 -0.607616 2.37088
-0.192164 -0.663888 2.28369
-0.202308 0.617996 1.95014
-0.514513 -0.0280563 2.13126
-0.507326 0.00634378 2.12433
0.107695 -0.0602127 1.96173
0.11986 0.0156736 1.9477
-0.205849 0.116718 2.14727
-0.203828 0.411384 2.05124
-0.201393 0.694893 1.94498
-0.195314 0.848069 1.91522
-0.360932 0.602125 1.99384
-0.434111 0.334401 2.07929
-0.48014 0.108358 2.10018
-0.511279 0.0447211 2.12152
-0.0334507 0.598508 1.9765
0.0296315 0.321539 2.00621
0.0744191 0.0922741 1.99106
0.0914587 0.0219299 1.99611
-0.276942 0.120516 2.11445
-0.336791 -0.250085 2.16146
-0.354164 -0.594931 2.35892
-0.367676 -0.654785 2.28906
-0.127798 0.109089 2.10807
-0.119147 -0.260997 2.24091
-0.187547 -0.606292 2.37282
-0.189611 -0.662286 2.28309
-0.202153 0.625727 1.97349
-0.517556 -0.0266471 2.14492
-0.496259 0.0108259 2.12197
0.109289 -0.0555495 2.01173
0.115439 0.0420809 1.9906
-0.21918 0.110015 2.15798
-0.216843 0.408522 2.06789
-0.21401 0.695471 1.96645
-0.205707 0.849513 1.93727
-0.372688 0.598832 2.0094
-0.446128 0.331493 2.0888
-0.484741 0.104883 2.11536
-0.513108 0.0376755 2.12814
-0.0448271 0.598178 2.00148
0.0140847 0.317776 2.0378
0.0584136 0.0884247 2.02721
0.0685013 0.0163703 2.04083
-0.290937 0.110267 2.12534
-0.316107 -0.260703 2.27719
-0.325664 -0.588184 2.41531
-0.346877 -0.645135 2.34515
-0.140134 0.105871 2.11862
-0.125697 -0.263095 2.23511
-0.185848 -0.610729 2.37007
-0.190605 -0.665031 2.28561
-0.214875 0.625476 1.99384
-0.519698 -0.0376596 2.1538
-0.509497 -0.0385624 2.14967
0.0839398 -0.0645193 2.05938
0.0923603 0.0334808 2.03341
-0.238798 0.107934 2.16111
-0.231699 0.405613 2.07031
-0.223877 0.691928 1.96792
-0.217207 0.846109 1.94041
-0.383779 0.593904 2.0124
-0.454149 0.324169 2.0836
-0.494186 0.0974445 2.1078
-0.527053 0.0269923 2.10876
-0.0534034 0.59617 2.00363
-0.000536156 0.313517 2.04385
0.0400076 0.0837718 2.04437
0.0463253 0.014834 2.0591
-0.31029 0.106759 2.1291
-0.367521 -0.243578 2.31797
-0.32544 -0.590561 2.41685
-0.348239 -0.645196 2.34786
-0.159468 0.105439 2.12112
-0.148556 -0.268427 2.15065
-0.173547 -0.619749 2.30416
-0.202541 -0.673946 2.24611
-0.225993 0.622059 1.99556
-0.534694 -0.051336 2.1393
-0.510731 0.00587585 2.10267
0.0618919 -0.0593958 2.07696
0.0742554 0.0193275 2.05871
-0.253047 0.110357 2.14873
-0.241894 0.405621 2.05491
-0.229615 0.689255 1.94876
-0.225444 0.842482 1.9216
-0.391571 0.594089 2.00092
-0.456701 0.321443 2.06731
-0.498718 0.0941117 2.08507
-0.53262 0.0250356 2.07373
-0.0613627 0.593725 1.98169
-0.00705299 0.306634 2.027
0.0311957 0.07793 2.04384
0.0370458 0.00698236 2.05073
-0.323944 0.109198 2.11834
-0.369509 -0.246394 2.31748
-0.329375 -0.594733 2.41749
-0.347006 -0.646341 2.34619
-0.173659 0.107815 2.10711
-0.165981 -0.291244 2.06078
-0.152785 -0.641896 2.15685
-0.165771 -0.691895 2.05859
-0.232916 0.620098 1.97742
-0.540808 -0.0499374 2.11074
-0.529917 -0.0465805 2.115
0.047266 -0.065362 2.08237
0.0638678 0.033892 2.0514
-0.255791 0.088327 2.10756
-0.240997 0.381772 2.00476
-0.224591 0.663528 1.88995
-0.215917 0.817839 1.86363
-0.387738 0.571713 1.94005
-0.457415 0.300024 2.02165
-0.498801 0.0731452 2.0436
-0.527784 0.00378622 2.03599
-0.0604688 0.569954 1.92944
-0.00663918 0.284556 1.98144
0.0266097 0.0535739 1.9822
0.0424342 -0.0212303 1.98144
-0.327177 0.085304 2.07742
-0.369573 -0.239904 2.28633
-0.330594 -0.593788 2.42241
-0.34834 -0.645878 2.34873
-0.17563 0.0882993 2.0657
-0.134296 -0.347813 1.96008
-0.117121 -0.680392 1.9454
-0.122076 -0.728335 1.83982
-0.228952 0.594853 1.92073
-0.535019 -0.0709402 2.06849
-0.54906 0.0134179 2.02717
0.0531391 -0.106344 2.00798
0.0692961 -0.00492981 1.97094
-0.242036 0.0516246 2.03999
-0.224964 0.348568 1.94636
-0.206811 0.633597 1.84047
-0.195818 0.788016 1.8143
-0.368375 0.537521 1.88057
-0.445065 0.270037 1.96418
-0.491598 0.0497646 2.01192
-0.517314 -0.020574 2.01074
-0.0425505 0.540864 1.8858
0.0085175 0.250861 1.92483
0.0393238 0.0192835 1.91766
0.0523301 -0.0541765 1.916
-0.314079 0.0493375 2.00742
-0.366563 -0.258741 2.2256
-0.326539 -0.586067 2.41914
-0.346476 -0.642418 2.35147
-0.161424 0.0521188 2.00054
-0.115548 -0.367704 1.90491
-0.0993564 -0.705183 1.90905
-0.11279 -0.755708 1.80605
-0.211548 0.564125 1.86904
-0.525656 -0.0924366 2.04491
-0.532058 -0.02721 1.98809
0.0608162 -0.139522 1.93244
0.0818915 -0.0404058 1.912
-0.221332 0.029936 1.95909
-0.203734 0.329644 1.87444
-0.185066 0.616898 1.77732
-0.171089 0.772833 1.7566
-0.34468 0.51803 1.81107
-0.425068 0.247173 1.8994
-0.472607 0.0275051 1.94862
-0.498193 -0.0348811 1.96206
-0.0208372 0.52218 1.82718
0.0250341 0.231487 1.86059
0.0535672 -0.00048798 1.84808
0.0658193 -0.0721396 1.84775
-0.292948 0.0298921 1.9213
-0.348329 -0.271422 2.0695
-0.327551 -0.592231 2.36903
-0.347993 -0.651599 2.34239
-0.141491 0.0289949 1.92456
-0.107597 -0.374138 1.85039
-0.0973561 -0.724175 1.8943
-0.113112 -0.77604 1.79673
-0.189919 0.54693 1.8037
-0.504342 -0.102977 2.00034
-0.513682 -0.0407202 1.941
0.0796934 -0.158554 1.86705
0.0965747 -0.0628465 1.83938
-0.19007 0.0327913 1.88634
-0.181533 0.333437 1.81019
-0.171364 0.620975 1.72174
-0.158656 0.776596 1.70156
-0.33141 0.521307 1.75931
-0.406228 0.252045 1.84011
-0.454963 0.0323372 1.88901
-0.47951 -0.0354602 1.89934
-0.00428414 0.522832 1.76212
0.0434475 0.231269 1.79696
0.0676936 -0.00136287 1.78238
0.0729287 -0.0709627 1.78149
-0.263038 0.0358185 1.85173
-0.326171 -0.296579 1.86166
-0.31922 -0.578611 2.19624
-0.315942 -0.622625 2.09517
-0.109781 0.0284255 1.84857
-0.0967678 -0.369984 1.83152
-0.0975538 -0.726212 1.89256
-0.112072 -0.778957 1.79822
-0.174152 0.551008 1.74593
-0.486015 -0.104936 1.93712
-0.47868 -0.059776 1.86862
0.0845594 -0.159163 1.79962
0.103154 -0.0698266 1.7631
-0.189741 0.0392678 1.82594
-0.182471 0.339532 1.7519
-0.17397 0.626239 1.66566
-0.167207 0.779173 1.64193
-0.334191 0.529891 1.70368
-0.405852 0.262166 1.78375
-0.457169 0.0372483 1.80751
-0.47561 -0.036683 1.81627
-0.00741428 0.52604 1.69458
0.0452909 0.236382 1.72586
0.0740695 0.00456757 1.69822
0.0766047 -0.0494843 1.69215
-0.260876 0.0440717 1.79245
-0.314447 -0.304931 1.75596
-0.357007 -0.656914 1.9911
-0.404053 -0.719238 1.96582
-0.111084 0.032893 1.78724
-0.0807219 -0.3675 1.81376
-0.101159 -0.725292 1.89754
-0.110652 -0.778574 1.80303
-0.176305 0.556538 1.68925
-0.472101 -0.104809 1.83829
-0.472414 -0.056046 1.8555
0.0894215 -0.129468 1.68873
0.105042 -0.0245695 1.69714
-0.210615 0.0329425 1.78431
-0.201792 0.333493 1.71428
-0.191551 0.620203 1.63202
-0.18801 0.769565 1.6077
-0.353849 0.525553 1.67367
-0.420177 0.255008 1.74132
-0.477955 0.0306509 1.75783
-0.499696 -0.0413892 1.76279
-0.0238737 0.521106 1.66038
0.0309579 0.231466 1.68346
0.0623398 0.000292212 1.65066
0.0627445 -0.0692787 1.63425
-0.281681 0.0375307 1.75236
-0.393647 -0.323944 1.71801
-0.461654 -0.719068 1.84065
-0.490723 -0.776367 1.75781
-0.131003 0.027022 1.74409
-0.0872505 -0.355679 1.77735
-0.100659 -0.722793 1.89396
-0.110438 -0.778943 1.8031
-0.194347 0.550532 1.65462
-0.499749 -0.113796 1.78549
-0.520819 -0.0364746 1.74908
0.0664577 -0.147642 1.64311
0.0817503 -0.0918777 1.63511
-0.241074 0.0198619 1.75761
-0.235 0.319165 1.68717
-0.227283 0.60446 1.60444
-0.218386 0.753182 1.57816
-0.38914 0.512569 1.64041
-0.456785 0.238689 1.7067
-0.513911 0.0134285 1.71593
-0.52394 -0.0318379 1.71263
-0.0564458 0.509393 1.64246
-0.00147749 0.22529 1.66598
0.0279933 -0.0053122 1.62524
0.032161 -0.0604514 1.60796
-0.313227 0.022839 1.72249
-0.379193 -0.353864 1.70262
-0.496997 -0.72975 1.79582
-0.502855 -0.779043 1.72931
-0.159014 0.0160137 1.72068
-0.106209 -0.353165 1.73575
-0.101845 -0.726207 1.88468
-0.110554 -0.778848 1.80313
-0.229496 0.535161 1.62715
-0.544147 -0.114039 1.73775
-0.546929 -0.0153301 1.70473
0.0482609 -0.143647 1.59763
0.0587281 -0.0592562 1.59325
-0.281909 0.0148143 1.7535
-0.27108 0.314219 1.67711
-0.259324 0.599736 1.58822
-0.244107 0.747917 1.56248
-0.421843 0.506361 1.61017
-0.498276 0.228507 1.67756
-0.547628 0.0013759 1.68705
-0.554537 -0.0340358 1.68466
-0.0945254 0.509255 1.63748
-0.0432251 0.224963 1.66746
-0.00754977 -0.00533655 1.63096
0.00815817 -0.0725049 1.61226
-0.35135 0.0180853 1.7136
-0.414699 -0.350014 1.69272
-0.496362 -0.729296 1.797
-0.505062 -0.776504 1.72817
-0.20128 0.0109447 1.72198
-0.129755 -0.364825 1.73776
-0.111736 -0.730518 1.87759
-0.114549 -0.780696 1.79726
-0.262514 0.530385 1.61253
-0.578576 -0.117388 1.7051
-0.581868 0.0144591 1.67612
0.0161304 -0.150499 1.61228
0.0271659 -0.0759561 1.61108
-0.31451 0.0305327 1.76605
-0.301134 0.329884 1.68567
-0.285705 0.615419 1.5934
-0.267258 0.762342 1.57053
-0.443361 0.515955 1.60424
-0.513165 0.239948 1.66054
-0.583912 0.0200973 1.68034
-0.603433 -0.041648 1.6923
-0.12156 0.528723 1.65225
-0.0776448 0.242007 1.68624
-0.0393375 0.0108215 1.66501
-0.0252745 -0.0549088 1.67459
-0.383914 0.032165 1.72051
-0.457973 -0.329755 1.70304
-0.498116 -0.717041 1.79908
-0.504811 -0.767243 1.73415
-0.232409 0.0277345 1.7403
-0.179286 -0.345131 1.77477
-0.177659 -0.691764 1.98541
-0.160645 -0.743652 1.90527
-0.289909 0.546061 1.61846
-0.619612 -0.110863 1.71873
-0.62995 -0.0332013 1.673
-0.0182671 -0.129826 1.68022
0.00273833 -0.0554404 1.67463
-0.323918 0.0438257 1.78671
-0.308599 0.344887 1.71273
-0.290922 0.632217 1.62718
-0.274352 0.781736 1.60811
-0.452038 0.527497 1.6318
-0.522074 0.255803 1.68493
-0.587105 0.0331697 1.69828
-0.617222 -0.0285306 1.71571
-0.126457 0.540656 1.68365
-0.08178 0.249812 1.72581
-0.0425401 0.018606 1.71554
-0.0253322 -0.0488192 1.73251
-0.393746 0.0440623 1.74108
-0.463588 -0.327468 1.75074
-0.500238 -0.71153 1.80812
-0.504898 -0.765171 1.73641
-0.241121 0.0418099 1.76103
-0.191752 -0.29806 1.80176
-0.192731 -0.618021 2.10215
-0.186035 -0.6875 2.07617
-0.295713 0.562392 1.65054
-0.62367 -0.096536 1.7301
-0.583597 -0.00448651 1.695
-0.0169091 -0.124905 1.74152
-0.00221578 -0.0240738 1.73087
-0.311181 0.0492595 1.83804
-0.296681 0.35156 1.76489
-0.28022 0.640325 1.67983
-0.266141 0.794485 1.66017
-0.442152 0.534909 1.70091
-0.505689 0.267014 1.74671
-0.574609 0.0451039 1.75527
-0.598241 -0.0220687 1.77046
-0.114393 0.54346 1.7328
-0.0692468 0.251447 1.77465
-0.0295721 0.0208157 1.77639
-0.0122668 -0.0486313 1.79348
-0.381439 0.0483437 1.79668
-0.469287 -0.364249 1.81368
-0.498943 -0.714841 1.8197
-0.503203 -0.763756 1.73764
-0.2288 0.048214 1.8079
-0.185745 -0.278815 1.86435
-0.187385 -0.576902 2.18543
-0.179051 -0.620853 2.08435
-0.284664 0.570103 1.7031
-0.606196 -0.0980715 1.78335
-0.564837 0.0020534 1.75567
-0.00418246 -0.130427 1.81065
0.0151559 -0.03789 1.79021
-0.284223 0.0456996 1.954
-0.265433 0.343538 1.86434
-0.245593 0.629325 1.76358
-0.23992 0.784427 1.74212
-0.405051 0.528678 1.80597
-0.460495 0.250475 1.85644
-0.553586 0.0388061 1.87075
-0.552396 -0.0133851 1.87085
-0.0806809 0.533362 1.80128
-0.0301851 0.244366 1.85121
-0.00783068 0.0115302 1.85064
0.0239432 -0.0563538 1.86826
-0.356065 0.0482568 1.91872
-0.457591 -0.392948 1.86783
-0.502276 -0.734185 1.81732
-0.503633 -0.781447 1.71984
-0.201849 0.0415901 1.91758
-0.171557 -0.285775 2.0066
-0.19775 -0.603556 2.30807
-0.19554 -0.673894 2.24488
-0.250778 0.559698 1.79072
-0.565485 -0.0965191 1.87821
-0.500238 0.0205341 1.8712
0.0362473 -0.131234 1.88185
0.0486611 -0.0256634 1.86023
-0.251939 0.0607081 2.03261
-0.235786 0.355417 1.93197
-0.218519 0.638184 1.81929
-0.213348 0.791917 1.79686
-0.377921 0.54152 1.86514
-0.441025 0.275917 1.94511
-0.51824 0.0562471 1.94352
-0.51884 0.0250747 1.95134
-0.0538431 0.542889 1.86069
0.00141083 0.258402 1.90345
0.0356203 0.0268684 1.89805
0.056137 -0.0431857 1.90813
-0.323864 0.0647676 1.99784
-0.4152 -0.335959 1.94776
-0.468793 -0.692134 1.86722
-0.496582 -0.727051 1.77441
-0.171051 0.0544976 1.99539
-0.158385 -0.285696 2.11973
-0.202141 -0.61958 2.34207
-0.196502 -0.669123 2.26374
-0.223045 0.569295 1.84954
-0.543877 -0.0607834 1.95526
-0.467209 0.0572448 1.95118
0.0699607 -0.117268 1.92411
0.082929 -0.0311721 1.9017
-0.229191 0.0931281 2.08339
-0.215661 0.38661 1.97865
-0.200661 0.668295 1.86231
-0.192783 0.822496 1.84131
-0.360103 0.575264 1.90923
-0.435628 0.30447 1.99078
-0.499425 0.0835766 2.01862
-0.512969 0.0237717 2.02198
-0.0364865 0.572233 1.90443
0.0200438 0.293782 1.95796
0.0548548 0.0622885 1.9391
0.074077 -0.00629348 1.94204
-0.300635 0.0979014 2.04818
-0.394839 -0.310669 1.99479
-0.434398 -0.678654 1.98979
-0.459524 -0.715747 1.88181
-0.149783 0.0851308 2.04655
-0.142192 -0.267249 2.17211
-0.200973 -0.614603 2.35163
-0.197739 -0.664438 2.27465
-0.204645 0.599658 1.89343
-0.517903 -0.0431075 2.04134
-0.476568 0.0495203 2.005
0.0858703 -0.082753 1.95448
0.101102 -0.00108209 1.938
-0.212145 0.113945 2.12069
-0.202809 0.408882 2.02044
-0.192491 0.692095 1.90883
-0.183397 0.846191 1.89032
-0.351071 0.595357 1.95316
-0.430311 0.335973 2.03463
-0.485627 0.111035 2.05311
-0.508503 0.0507484 2.07759
-0.0258499 0.591541 1.94807
0.0320185 0.310543 2.00765
0.0695966 0.0793779 1.99937
0.0867054 0.0124012 2.01098
-0.283437 0.118937 2.08601
-0.356358 -0.264137 2.07556
-0.385666 -0.614686 2.24261
-0.398926 -0.670898 2.1582
-0.133602 0.105115 2.0833
-0.126911 -0.257259 2.20161
-0.193679 -0.608657 2.36084
-0.198136 -0.665457 2.28496
-0.195256 0.623062 1.93874
-0.521152 -0.0197336 2.09699
-0.479687 0.0494155 2.062
0.100829 -0.0626912 2.02637
0.110649 0.0270327 2.00275
-0.211342 0.116965 2.12992
-0.203729 0.414984 2.03942
-0.195968 0.702318 1.94019
-0.185523 0.856199 1.921
-0.35503 0.601399 1.97574
-0.381623 0.331418 2.02283
-0.486895 0.13537 2.07945
-0.503506 0.0630047 2.10323
-0.0284301 0.598887 1.98053
0.0290383 0.317542 2.03768
0.0725808 0.0914259 2.06828
0.086711 0.017932 2.07447
-0.283036 0.120333 2.0939
-0.331447 -0.24553 2.19668
-0.344811 -0.582117 2.35819
-0.362061 -0.65332 2.29102
-0.132422 0.109853 2.09406
-0.120461 -0.256705 2.21518
-0.193738 -0.61405 2.36553
-0.196131 -0.664532 2.28528
-0.198036 0.632158 1.9668
-0.520098 -0.0166921 2.12867
-0.494461 0.0180201 2.08025
0.0983442 -0.0650637 2.1119
0.109058 0.0735788 2.07725
-0.221584 0.118887 2.14354
-0.212856 0.419274 2.05606
-0.202972 0.708074 1.95733
-0.191591 0.862206 1.93809
-0.362356 0.605219 1.99035
-0.383789 0.32575 2.0276
-0.48927 0.134983 2.09709
-0.503355 0.0637405 2.12102
-0.034826 0.606326 2.00125
0.0191505 0.320694 2.06292
0.0703455 0.0947066 2.08483
0.0820518 0.0318754 2.11134
-0.293247 0.118992 2.10707
-0.340756 -0.238873 2.25693
-0.342013 -0.587543 2.36314
-0.36206 -0.6541 2.29024
-0.142477 0.114914 2.10816
-0.123667 -0.256902 2.2284
-0.19167 -0.61605 2.36601
-0.195934 -0.665498 2.28364
-0.205652 0.637626 1.98402
-0.520289 -0.0151348 2.15513
-0.438904 0.0786338 2.07633
0.101591 -0.0373094 2.13544
0.108188 0.0390176 2.109
-0.232017 0.123238 2.15067
-0.221586 0.424598 2.06493
-0.20999 0.714187 1.96785
-0.201424 0.869632 1.95026
-0.371362 0.610763 2.00367
-0.388766 0.331546 2.03209
-0.493809 0.1416 2.10408
-0.507322 0.0821741 2.119
-0.0413958 0.611612 2.00969
0.0100846 0.330675 2.08025
0.0634235 0.10535 2.10357
0.0757716 0.0384943 2.13092
-0.304008 0.12332 2.11518
-0.348145 -0.233997 2.26041
-0.348047 -0.59045 2.36935
-0.364813 -0.65356 2.29051
-0.152247 0.119089 2.11435
-0.126368 -0.255297 2.22856
-0.191212 -0.615797 2.36587
-0.196538 -0.666778 2.28258
-0.213101 0.643549 1.99414
-0.533147 0.000360998 2.14477
-0.448747 0.0766364 2.07176
0.0927434 -0.037442 2.15453
0.0988227 0.0609626 2.13263
-0.239084 0.125377 2.1539
-0.228819 0.427055 2.0707
-0.217419 0.71689 1.97636
-0.210279 0.872023 1.95671
-0.378997 0.613656 2.01675
-0.396738 0.337471 2.04162
-0.508293 0.149347 2.10906
-0.527976 0.0756575 2.11806
-0.0474423 0.613812 2.01393
0.00746587 0.331643 2.08635
0.0624358 0.107209 2.11274
0.0761593 0.039153 2.1343
-0.311215 0.125305 2.11999
-0.356395 -0.232019 2.25705
-0.349665 -0.591812 2.37046
-0.364852 -0.653404 2.2911
-0.159026 0.121299 2.11607
-0.129818 -0.25209 2.22795
-0.191167 -0.615201 2.36572
-0.196759 -0.66641 2.28331
-0.220487 0.646193 2.00194
-0.551203 -0.00418602 2.14377
-0.466629 0.0698365 2.08833
0.0934755 -0.0318977 2.16429
0.0975077 0.0693465 2.12778
-0.244246 0.127063 2.1551
-0.23339 0.428513 2.074
-0.221564 0.718122 1.98201
-0.21611 0.873058 1.96098
-0.384271 0.616023 2.02427
-0.40228 0.334729 2.04704
-0.516245 0.146443 2.11053
-0.537681 0.071179 2.11786
-0.051746 0.615354 2.01949
0.0063509 0.332675 2.08873
0.0623518 0.108116 2.11302
0.0800712 0.0368341 2.12663
-0.315711 0.126799 2.12166
-0.365903 -0.230371 2.25075
-0.35158 -0.592986 2.37139
-0.365724 -0.653415 2.29108
-0.164698 0.123111 2.11669
-0.133466 -0.249973 2.22658
-0.191482 -0.614691 2.36557
-0.196979 -0.66562 2.28438
-0.224738 0.647482 2.00698
-0.556694 -0.0109621 2.14763
-0.464562 0.0932259 2.0792
0.0949154 -0.038183 2.15999
0.109354 0.0281085 2.114
-0.247497 0.128006 2.15455
-0.23633 0.429307 2.07582
-0.224555 0.718815 1.98682
-0.219754 0.873419 1.96432
-0.387264 0.616666 2.02807
-0.403208 0.333716 2.04883
-0.518955 0.146742 2.11283
-0.537233 0.0718751 2.12744
-0.0553021 0.617712 2.02492
0.00539865 0.333595 2.09072
0.0618604 0.108332 2.10989
0.0794201 0.0352451 2.11668
-0.318531 0.12728 2.12126
-0.370151 -0.231875 2.24381
-0.353348 -0.593865 2.37229
-0.36574 -0.651557 2.2933
-0.168262 0.124518 2.11592
-0.135562 -0.247139 2.22012
-0.192171 -0.614696 2.36539
-0.197293 -0.665355 2.28521
-0.22773 0.648205 2.01097
-0.555087 -0.00856604 2.15131
-0.530801 0.0234033 2.11833
0.0934153 -0.0365276 2.14579
0.0998125 0.0630774 2.107
-0.247823 0.12805 2.15437
-0.236646 0.4294 2.07629
-0.224773 0.71899 1.98844
-0.220586 0.87334 1.96543
-0.387826 0.616777 2.02954
-0.40311 0.333033 2.04895
-0.519037 0.146552 2.1139
-0.534805 0.0701484 2.12767
-0.0558802 0.618062 2.02581
0.00522318 0.333479 2.09079
0.0612642 0.107776 2.10762
0.0756237 0.0351869 2.1145
-0.318817 0.127306 2.12115
-0.371289 -0.233241 2.24159
-0.354041 -0.596231 2.37302
-0.365717 -0.652526 2.2926
-0.168614 0.124577 2.11564
-0.1367 -0.247478 2.21838
-0.192374 -0.61472 2.36541
-0.197391 -0.665509 2.28518
-0.227996 0.648357 2.01228
-0.553356 -0.00863204 2.15042
-0.526197 0.0280931 2.12115
0.0904155 -0.041518 2.14124
0.0990826 0.051212 2.09971
-0.247944 0.128021 2.15394
-0.236807 0.429251 2.07697
-0.224942 0.718406 1.99123
-0.221337 0.873136 1.96682
-0.387889 0.61766 2.03366
-0.402704 0.333413 2.05023
-0.516809 0.146313 2.11653
-0.529 0.072202 2.12872
-0.0558853 0.618223 2.02713
0.00363701 0.33239 2.09064
0.0569067 0.105418 2.10263
0.0669029 0.0300897 2.11089
-0.318996 0.127284 2.12092
-0.371594 -0.233316 2.23841
-0.355245 -0.596789 2.3737
-0.365856 -0.652333 2.29297
-0.168649 0.124547 2.11489
-0.13736 -0.248716 2.21653
-0.192523 -0.613733 2.36496
-0.197378 -0.664613 2.2866
-0.22816 0.64789 2.01452
-0.5485 -0.00922524 2.14847
-0.51365 0.0514151 2.10254
0.07857 -0.0473152 2.13799
0.0922403 0.0398571 2.10392
-0.247159 0.12785 2.15306
-0.236492 0.429068 2.07745
-0.224724 0.718035 1.99308
-0.221288 0.873058 1.96762
-0.387352 0.617609 2.03541
-0.402235 0.319929 2.05376
-0.519591 0.137192 2.12497
-0.527478 0.0656139 2.13584
-0.0551212 0.618336 2.02853
0.00256352 0.330782 2.08994
0.0538802 0.103002 2.09864
0.0611269 0.0308261 2.1079
-0.318317 0.126961 2.12034
-0.369044 -0.232624 2.23576
-0.355489 -0.596371 2.37337
-0.366698 -0.652715 2.2919
-0.167733 0.124551 2.11365
-0.136757 -0.249719 2.21591
-0.192314 -0.613577 2.36468
-0.197819 -0.665819 2.28518
-0.227884 0.647555 2.01603
-0.543336 -0.0151516 2.15685
-0.508955 0.0499101 2.11181
0.0711872 -0.0485364 2.13639
0.0867257 0.0611123 2.11023
