-0.172622 -0.233477 2.52048
-0.163403 0.00964481 2.57733
-0.159177 0.24692 2.62218
-0.148951 0.38294 2.60427
-0.318652 0.137977 2.59316
-0.348614 -0.0751361 2.5808
-0.41377 -0.147487 2.35663
-0.416878 -0.13729 2.34047
0.0105717 0.140574 2.6043
0.00657547 -0.0896854 2.5665
0.101307 -0.139622 2.37838
0.100258 -0.134389 2.3672
-0.243724 -0.227582 2.48743
-0.272817 -0.332653 2.17458
-0.297945 -0.645479 2.21772
-0.29254 -0.683031 2.12453
-0.0969842 -0.233308 2.48796
-0.0370965 -0.324418 2.18283
-0.0325478 -0.636364 2.23623
-0.030798 -0.674028 2.14274
-0.15934 0.188353 2.61285
-0.427533 -0.141293 2.30832
-0.411903 -0.19183 2.34559
0.114021 -0.135254 2.33516
0.0927224 -0.189991 2.38667
-0.162551 -0.233726 2.51714
-0.160891 0.00982016 2.57598
-0.159213 0.246972 2.62221
-0.148939 0.382863 2.60421
-0.318626 0.138017 2.5932
-0.347616 -0.0781965 2.57795
-0.415472 -0.132723 2.36217
-0.418652 -0.136455 2.33995
0.0105322 0.14059 2.60425
0.0699963 -0.0573374 2.58499
0.101975 -0.135595 2.38021
0.102042 -0.134441 2.36346
-0.233727 -0.229495 2.4845
-0.272743 -0.333482 2.17452
-0.295126 -0.646175 2.21955
-0.289799 -0.684072 2.12662
-0.0874152 -0.231874 2.48446
-0.0370348 -0.323699 2.1827
-0.0328857 -0.63572 2.2358
-0.0311681 -0.673739 2.14257
-0.159377 0.188417 2.61282
-0.423535 -0.141021 2.30672
-0.419918 -0.189914 2.34672
0.107236 -0.141037 2.32594
0.0974855 -0.186563 2.38109
-0.164439 -0.234335 2.51914
-0.161499 0.00978789 2.57634
-0.159271 0.247066 2.62216
-0.149112 0.3829 2.60456
-0.318663 0.13792 2.5932
-0.344039 -0.0789445 2.57799
-0.415246 -0.128849 2.36507
-0.417823 -0.135932 2.33944
0.0106609 0.140272 2.60407
0.06908 -0.0592106 2.58861
0.101329 -0.135013 2.3807
0.101291 -0.135237 2.36284
-0.23616 -0.229654 2.48653
-0.272872 -0.333414 2.17441
-0.296281 -0.646136 2.21887
-0.29095 -0.683803 2.12576
-0.0887351 -0.232824 2.48641
-0.0369901 -0.323792 2.1829
-0.0323149 -0.635735 2.23633
-0.00107451 -0.710734 2.19667
-0.159665 0.188454 2.61294
-0.429058 -0.144346 2.30686
-0.419565 -0.190576 2.34965
0.108155 -0.138226 2.3274
0.0953856 -0.185654 2.37953
-0.165645 -0.234804 2.51953
-0.161993 0.00954965 2.57639
-0.159244 0.247019 2.62201
-0.149222 0.382716 2.60427
-0.318682 0.137955 2.59324
-0.345067 -0.0970411 2.55013
-0.413932 -0.130153 2.35976
-0.418792 -0.137052 2.34176
0.0106732 0.140311 2.60411
0.0341543 -0.0945611 2.60153
0.102397 -0.134454 2.38078
0.101037 -0.134965 2.3674
-0.236606 -0.230288 2.48702
-0.272886 -0.333465 2.17421
-0.297972 -0.646273 2.21744
-0.29261 -0.683865 2.12429
-0.0903839 -0.233297 2.48673
-0.0370273 -0.325018 2.18322
-0.0321594 -0.63687 2.23702
-0.00153639 -0.711746 2.19461
-0.159733 0.188396 2.61279
-0.432278 -0.145176 2.30708
-0.418233 -0.193471 2.35463
0.110016 -0.135781 2.32837
0.0984621 -0.185107 2.38234
-0.162905 -0.233675 2.51929
-0.161638 0.0097837 2.57629
-0.159078 0.247121 2.6217
-0.149262 0.382622 2.60397
-0.318822 0.137904 2.59344
-0.343511 -0.0878427 2.56888
-0.414964 -0.153324 2.34593
-0.416718 -0.136746 2.34011
0.0107765 0.140255 2.60409
0.0690156 -0.0583996 2.58862
0.101835 -0.143031 2.37216
0.101398 -0.134472 2.36473
-0.234749 -0.229538 2.48663
-0.272659 -0.333139 2.17467
-0.298417 -0.64586 2.21807
-0.293104 -0.683492 2.12495
-0.0867119 -0.231574 2.48658
-0.0369857 -0.325652 2.1833
-0.0366373 -0.6377 2.23632
-0.0349287 -0.675431 2.1429
-0.159632 0.188527 2.61254
-0.432025 -0.139156 2.30871
-0.422895 -0.190338 2.34967
0.104113 -0.138151 2.32266
0.0938458 -0.1813 2.36965
-0.163594 -0.235031 2.51898
-0.161675 0.00928622 2.57593
-0.158971 0.246947 2.62127
-0.149465 0.382622 2.60364
-0.318841 0.137855 2.59329
-0.340612 -0.0895324 2.5658
-0.414185 -0.148098 2.34552
-0.416653 -0.135298 2.33667
0.0105817 0.140374 2.60348
0.0688438 -0.0584333 2.58778
0.102077 -0.134913 2.38014
0.101127 -0.133366 2.36303
-0.23474 -0.230699 2.4864
-0.27277 -0.333104 2.1742
-0.296921 -0.646126 2.21669
-0.29174 -0.683696 2.12352
-0.0883941 -0.233246 2.48612
-0.0370188 -0.324142 2.18258
-0.0350724 -0.636464 2.23434
-0.0334987 -0.674151 2.14087
-0.15959 0.188305 2.61215
-0.432304 -0.137002 2.30695
-0.419972 -0.192176 2.34846
0.105981 -0.13487 2.32181
0.104438 -0.183262 2.3743
-0.162482 -0.234498 2.52124
-0.161294 0.00928992 2.57663
-0.158995 0.246869 2.62137
-0.149611 0.382749 2.6035
-0.318876 0.137765 2.59351
-0.370589 -0.0635478 2.55688
-0.401185 -0.112655 2.40537
-0.418144 -0.135716 2.3389
0.0108581 0.140564 2.60463
0.0113335 -0.0928541 2.56778
0.101563 -0.131571 2.38454
0.100658 -0.133373 2.36436
-0.234384 -0.230013 2.4886
-0.272686 -0.333557 2.17463
-0.297092 -0.646543 2.21718
-0.291712 -0.683931 2.12389
-0.0867038 -0.232666 2.48856
-0.0369352 -0.323226 2.18254
-0.0329445 -0.635529 2.23434
-0.0312034 -0.673047 2.14074
-0.159576 0.188252 2.61229
-0.427922 -0.142278 2.30918
-0.417859 -0.191149 2.34698
0.112073 -0.135016 2.328
0.107297 -0.180333 2.37136
-0.163075 -0.234343 2.52175
-0.161393 0.00921176 2.5767
-0.158999 0.246664 2.62118
-0.149601 0.382647 2.60331
-0.318901 0.137717 2.59354
-0.347754 -0.0760429 2.57487
-0.412741 -0.129143 2.36405
-0.417462 -0.134552 2.33844
0.0109208 0.140502 2.60473
0.0687194 -0.0593599 2.5869
0.101292 -0.13209 2.38499
0.101216 -0.13438 2.36162
-0.235175 -0.229794 2.48893
-0.272772 -0.334359 2.17475
-0.298524 -0.647257 2.21713
-0.293104 -0.684579 2.1238
-0.0869523 -0.232615 2.48922
-0.0369337 -0.323071 2.18236
-0.033093 -0.635287 2.23458
-0.031328 -0.672753 2.14094
-0.159599 0.188117 2.6122
-0.428832 -0.140323 2.30916
-0.416218 -0.1887 2.34556
0.106551 -0.137137 2.327
0.0907381 -0.180588 2.37229
-0.164411 -0.234693 2.52172
-0.161648 0.00924464 2.57675
-0.158763 0.246833 2.62113
-0.149649 0.382532 2.60318
-0.318699 0.137668 2.59345
-0.354501 -0.0747689 2.57632
-0.428049 -0.142989 2.35354
-0.420251 -0.131624 2.32957
0.0107343 0.140702 2.60472
0.0447955 -0.0644183 2.59906
0.10193 -0.147314 2.38259
0.11231 -0.12462 2.35953
-0.236332 -0.230143 2.48917
-0.272583 -0.333846 2.17485
-0.296826 -0.646679 2.21832
-0.291428 -0.683989 2.12496
-0.0884306 -0.233069 2.4889
-0.0370649 -0.324085 2.18273
-0.0337312 -0.636204 2.2354
-0.031955 -0.673638 2.14174
-0.159537 0.188216 2.61218
-0.420828 -0.134306 2.29976
-0.398977 -0.179626 2.31429
0.117742 -0.128431 2.32913
0.0950471 -0.181996 2.361
-0.157955 -0.23251 2.51927
-0.159192 0.0100923 2.57543
-0.157951 0.24708 2.6196
-0.1496 0.382564 2.60253
-0.318381 0.137656 2.59296
-0.382687 -0.0624897 2.56341
-0.452611 -0.0546022 2.37367
-0.469552 -0.049315 2.33554
0.0105954 0.140877 2.60421
0.0665167 -0.064729 2.58622
0.167751 -0.0494063 2.43499
0.18956 -0.0430237 2.39733
-0.231095 -0.229349 2.48656
-0.272744 -0.332535 2.17483
-0.296642 -0.645408 2.21828
-0.291271 -0.682897 2.12504
-0.0807672 -0.229451 2.48659
-0.0369183 -0.324879 2.18261
-0.033404 -0.636708 2.2366
-0.0316581 -0.674304 2.14306
-0.158633 0.188578 2.61082
-0.476295 -0.0405878 2.26091
-0.489857 -0.0778927 2.287
0.216031 -0.046722 2.33798
0.216358 -0.0652916 2.3689
-0.159684 -0.232457 2.51972
-0.159314 0.0101114 2.57489
-0.157445 0.247144 2.61778
-0.149333 0.382764 2.60174
-0.31827 0.137262 2.59165
-0.386979 -0.0525937 2.55255
-0.480272 0.00478652 2.38035
-0.511901 0.0546769 2.33325
0.0103875 0.141574 2.60313
0.0874618 -0.0444479 2.56556
0.221688 0.0329962 2.43058
0.26183 0.0700786 2.40122
-0.233156 -0.229327 2.48734
-0.272911 -0.3313 2.17496
-0.29437 -0.644198 2.21934
-0.289044 -0.681486 2.12593
-0.0821999 -0.229527 2.48676
-0.0371081 -0.324464 2.18241
-0.0319226 -0.636327 2.23615
-0.0302099 -0.673707 2.14245
-0.158245 0.188628 2.60939
-0.553385 0.101733 2.27018
-0.534461 0.0217625 2.31256
0.319553 0.0992035 2.36561
0.28427 0.0410435 2.39692
-0.160084 -0.236046 2.52026
-0.158862 0.00904575 2.57469
-0.156866 0.247062 2.61735
-0.149051 0.38272 2.60123
-0.315605 0.135885 2.58681
-0.390917 -0.0581298 2.51721
-0.472611 0.0774806 2.37539
-0.498723 0.148596 2.34655
0.0112706 0.1416 2.6018
0.0858266 -0.0464792 2.55429
0.210882 0.111332 2.4363
0.232277 0.161891 2.4314
-0.231653 -0.232559 2.4879
-0.272896 -0.330849 2.17491
-0.296105 -0.643503 2.2199
-0.290031 -0.680611 2.12637
-0.0845396 -0.233336 2.48706
-0.0367104 -0.323306 2.18291
-0.0296263 -0.635689 2.23407
-0.0272201 -0.672878 2.14025
-0.157675 0.188403 2.60897
-0.540445 0.205452 2.32221
-0.51151 0.111788 2.30575
0.279898 0.218241 2.44078
0.264873 0.146323 2.41495
-0.155192 -0.23679 2.51592
-0.15692 0.00858948 2.57313
-0.156535 0.247011 2.61714
-0.14902 0.382721 2.60124
-0.313261 0.134742 2.58062
-0.379622 -0.0502697 2.50659
-0.410025 0.127606 2.36307
-0.436591 0.190098 2.34319
0.0117773 0.13976 2.59995
0.0823507 -0.0464911 2.54472
0.147368 0.152077 2.42369
0.161457 0.201735 2.41401
-0.225128 -0.233806 2.48142
-0.272525 -0.331676 2.17508
-0.298552 -0.644651 2.21698
-0.2914 -0.682122 2.12379
-0.081034 -0.233665 2.48456
-0.0363725 -0.324134 2.18364
-0.0294836 -0.636666 2.23407
-0.0260385 -0.674228 2.14058
-0.157036 0.188277 2.60854
-0.472596 0.250725 2.32042
-0.448442 0.171138 2.304
0.203481 0.261216 2.416
0.180455 0.179603 2.37907
-0.15441 -0.238286 2.51866
-0.155915 0.0083606 2.57374
-0.155813 0.247232 2.61754
-0.148811 0.382777 2.60163
-0.30765 0.136066 2.57683
-0.348063 -0.00401627 2.45993
-0.327966 0.143384 2.35771
-0.317947 0.191005 2.338
0.00386511 0.139368 2.57883
0.0658893 -0.0420565 2.51612
0.052931 0.153538 2.40072
0.0392431 0.220321 2.37396
-0.225237 -0.235356 2.4836
-0.272129 -0.332272 2.17428
-0.300119 -0.644905 2.21707
-0.296782 -0.682042 2.12357
-0.0781727 -0.234858 2.48826
-0.03666 -0.325323 2.18388
-0.0292171 -0.637663 2.23515
-0.0296127 -0.674885 2.14134
-0.156245 0.188411 2.60882
-0.328899 0.251296 2.30934
-0.301284 0.215918 2.34218
0.0644545 0.281285 2.35678
0.0453346 0.197557 2.33503
-0.157526 -0.241376 2.51818
-0.157091 0.00542778 2.56751
-0.155475 0.243736 2.59592
-0.149068 0.384546 2.59924
-0.304786 0.140427 2.56928
-0.313256 0.0175403 2.42919
-0.187962 0.162342 2.36098
-0.181593 0.188369 2.34429
0.00604938 0.144373 2.57382
0.0462571 -0.00694617 2.47782
-0.0940699 0.16211 2.3795
-0.110637 0.193066 2.35803
-0.229737 -0.238033 2.48369
-0.271602 -0.334341 2.17506
-0.297853 -0.647155 2.21767
-0.293874 -0.682557 2.12295
-0.0810368 -0.238843 2.48717
-0.0366746 -0.325227 2.18322
-0.0300157 -0.637215 2.23623
-0.0297249 -0.67274 2.14121
-0.156256 0.184879 2.59179
-0.175284 0.235234 2.33314
-0.176141 0.182207 2.31544
-0.170373 0.252621 2.34068
-0.102144 0.21888 2.32773
-0.156749 -0.2433 2.51616
-0.157504 0.00497483 2.56285
-0.157173 0.247962 2.59359
-0.148594 0.38697 2.59798
-0.304141 0.14333 2.56779
-0.304749 0.0227417 2.42308
-0.195336 0.205103 2.38129
-0.17703 0.242202 2.3567
0.00652031 0.145333 2.57116
0.0386753 -0.00641307 2.47242
-0.1081 0.16208 2.38404
-0.16889 0.215976 2.35148
-0.229708 -0.239744 2.48104
-0.271457 -0.335501 2.17548
-0.29716 -0.648399 2.21785
-0.293332 -0.68364 2.12303
-0.079682 -0.240852 2.48583
-0.0366455 -0.325309 2.18282
-0.0306512 -0.63703 2.23713
-0.0304932 -0.672414 2.142
-0.157369 0.187624 2.58817
-0.163803 0.290397 2.36191
-0.174454 0.215079 2.31975
-0.175047 0.254605 2.34733
-0.124975 0.233073 2.328
-0.158907 -0.244403 2.51849
-0.158006 0.0049833 2.56686
-0.155581 0.248612 2.60555
-0.14857 0.386641 2.59888
-0.297851 0.141831 2.56238
-0.3324 -0.00278394 2.4536
-0.28136 0.146308 2.36678
-0.282969 0.198413 2.35571
0.00505998 0.147867 2.57002
0.0525562 -0.0347318 2.4877
-0.013173 0.150591 2.39545
-0.010791 0.208457 2.37255
-0.232642 -0.241439 2.48572
-0.271562 -0.334844 2.17552
-0.296984 -0.647797 2.21773
-0.292415 -0.683727 2.12339
-0.080971 -0.240881 2.48594
-0.0367086 -0.325888 2.18275
-0.028761 -0.637408 2.23777
-0.0278857 -0.673472 2.14312
-0.156372 0.188353 2.59759
-0.285049 0.258511 2.33087
-0.287159 0.212105 2.30915
0.00422569 0.273231 2.35195
-0.0250172 0.22462 2.37669
-0.157684 -0.245148 2.51979
-0.156739 0.00467786 2.57012
-0.15447 0.248966 2.61087
-0.148421 0.385995 2.59998
-0.29883 0.138667 2.56208
-0.361852 -0.0360894 2.47596
-0.398444 0.164952 2.36614
-0.419381 0.221414 2.35289
0.00632876 0.143685 2.57826
0.0645613 -0.038283 2.50992
0.117849 0.16406 2.40982
0.141056 0.214634 2.39706
-0.229385 -0.242359 2.4868
-0.271506 -0.332595 2.17462
-0.297557 -0.645497 2.2169
-0.29083 -0.681764 2.12283
-0.0815659 -0.241613 2.48744
-0.03685 -0.325656 2.18297
-0.0301354 -0.637026 2.23879
-0.027094 -0.673409 2.14441
-0.155214 0.188614 2.60254
-0.443513 0.28282 2.33157
-0.399054 0.245591 2.38722
0.177258 0.274501 2.38538
0.125871 0.238186 2.39926
-0.15823 -0.23982 2.52
-0.156467 0.00654416 2.57132
-0.154087 0.248932 2.6117
-0.148311 0.385892 2.60027
-0.302939 0.138601 2.56941
-0.385388 -0.0177026 2.47448
-0.484869 0.158793 2.38916
-0.535127 0.210895 2.38786
0.0101802 0.14173 2.58841
0.0865271 -0.0359333 2.53086
0.212965 0.157379 2.46975
0.242779 0.19056 2.47988
-0.230641 -0.236166 2.4863
-0.271933 -0.330283 2.17467
-0.298086 -0.643293 2.21637
-0.290638 -0.679768 2.12245
-0.0814531 -0.23705 2.48833
-0.0370666 -0.326537 2.18369
-0.0305911 -0.638272 2.23785
-0.0268311 -0.674816 2.14364
-0.154828 0.188916 2.60347
-0.577884 0.270576 2.38562
-0.499466 0.228206 2.41509
0.29028 0.24135 2.48999
0.215604 0.219716 2.4875
-0.160649 -0.238867 2.51836
-0.156697 0.00685357 2.57212
-0.153293 0.24841 2.61372
-0.147269 0.385261 2.60124
-0.304587 0.138463 2.57167
-0.388589 -0.0177336 2.47816
-0.489445 0.153537 2.39049
-0.527199 0.211802 2.37828
0.0120699 0.141545 2.59485
0.109731 -0.00508534 2.53345
0.21583 0.157562 2.47453
0.230544 0.199363 2.47578
-0.231554 -0.234788 2.48522
-0.271644 -0.329325 2.17457
-0.298439 -0.642312 2.21612
-0.290067 -0.679124 2.12248
-0.0859761 -0.236769 2.48592
-0.0366649 -0.325819 2.18384
-0.0302562 -0.637656 2.23755
-0.0255831 -0.674533 2.14363
-0.154452 0.188697 2.60499
-0.570037 0.27253 2.38163
-0.498098 0.230932 2.40315
0.276482 0.25578 2.4978
0.191744 0.208711 2.47094
-0.161478 -0.238261 2.51911
-0.156718 0.00728735 2.57281
-0.152768 0.248338 2.61485
-0.145718 0.384698 2.60263
-0.304034 0.139108 2.57321
-0.386287 -0.0204799 2.48105
-0.435764 0.165877 2.3579
-0.445514 0.216971 2.33845
0.0108476 0.138417 2.59081
0.0890936 -0.0027362 2.50501
0.141329 0.171019 2.41835
0.152154 0.211295 2.41357
-0.233549 -0.233731 2.48639
-0.271108 -0.329876 2.17462
-0.298974 -0.642715 2.21642
-0.291607 -0.679577 2.12277
-0.0855741 -0.236226 2.48642
-0.0361741 -0.325743 2.18452
-0.0304783 -0.637765 2.23744
-0.0268134 -0.674695 2.14349
-0.154017 0.188782 2.60612
-0.481453 0.2766 2.32147
-0.424268 0.242201 2.35478
0.194479 0.267352 2.41169
0.121375 0.226868 2.4278
-0.163647 -0.239972 2.52116
-0.157103 0.00729034 2.57324
-0.152677 0.248488 2.61492
-0.144656 0.384402 2.60317
-0.294198 0.138632 2.56298
-0.350894 0.00382601 2.45093
-0.301302 0.182432 2.32961
-0.31154 0.215728 2.31406
-8.50652e-005 0.142526 2.57088
0.0420083 -0.0266432 2.48587
0.00491539 0.186317 2.3793
0.0121167 0.233291 2.3547
-0.237403 -0.235136 2.48933
-0.270686 -0.332343 2.17458
-0.298865 -0.644995 2.21718
-0.294041 -0.681605 2.12329
-0.0855392 -0.238219 2.48736
-0.0360507 -0.327371 2.1846
-0.0307506 -0.639158 2.2386
-0.029621 -0.675848 2.14442
-0.153885 0.188945 2.60626
-0.326864 0.262023 2.27717
-0.305371 0.241306 2.32322
0.0393751 0.290473 2.33572
-0.0102213 0.236942 2.36627
-0.161138 -0.242823 2.51704
-0.153638 0.00704784 2.566
-0.144247 0.25171 2.60032
-0.144773 0.387365 2.60117
-0.300274 0.144661 2.56404
-0.331835 -0.00778025 2.45513
-0.186014 0.142881 2.33399
-0.151496 0.209756 2.33472
0.00351595 0.14562 2.56652
0.0251934 -0.0104194 2.47229
-0.114039 0.150093 2.35797
-0.152133 0.212935 2.33398
-0.234919 -0.238378 2.48167
-0.270352 -0.333392 2.17411
-0.295411 -0.645753 2.21977
-0.291759 -0.681373 2.12517
-0.0827355 -0.240827 2.48568
-0.0368095 -0.329454 2.18401
-0.0319212 -0.641114 2.23855
-0.0318969 -0.676791 2.14368
-0.147075 0.191129 2.59401
-0.134965 0.264493 2.32113
-0.16667 0.252606 2.31138
-0.167045 0.268795 2.32572
-0.133056 0.253109 2.3098
-0.161903 -0.244374 2.51861
-0.151588 0.006282 2.56532
-0.138463 0.25027 2.59795
-0.145898 0.388227 2.60008
-0.300896 0.145414 2.56479
-0.324181 -0.00302874 2.45827
-0.189987 0.17569 2.36831
-0.167144 0.238181 2.35435
0.00413708 0.146445 2.56754
0.0267459 -0.0106701 2.47569
-0.107431 0.168836 2.38927
-0.163448 0.231591 2.35365
-0.235412 -0.239548 2.48285
-0.270252 -0.333349 2.17412
-0.294055 -0.645679 2.22049
-0.307805 -0.721844 2.16773
-0.0840051 -0.242979 2.48835
-0.0373098 -0.329392 2.18327
-0.0318175 -0.640889 2.23851
-0.0317199 -0.676281 2.14344
-0.142105 0.189992 2.59212
-0.158754 0.279427 2.35109
-0.186229 0.264758 2.34533
-0.177994 0.280475 2.34654
-0.144762 0.27069 2.34933
-0.16285 -0.245881 2.52174
-0.153769 0.00509693 2.56698
-0.144762 0.249045 2.60094
-0.147382 0.386497 2.5995
-0.302726 0.14773 2.56685
-0.328047 0.00705973 2.44952
-0.23862 0.182213 2.37537
-0.250611 0.202234 2.36357
0.00575805 0.148434 2.5691
0.0369724 -0.00779553 2.47845
-0.0369319 0.164665 2.40677
-0.052734 0.203578 2.38094
-0.23622 -0.241308 2.48801
-0.269828 -0.333741 2.17411
-0.293375 -0.646108 2.22038
-0.289786 -0.681423 2.12557
-0.0851866 -0.244323 2.4904
-0.0375551 -0.329249 2.18302
-0.0313859 -0.640721 2.23833
-0.0314029 -0.6761 2.14325
-0.146948 0.188799 2.59457
-0.254512 0.264643 2.33531
-0.231549 0.221523 2.377
-0.0574246 0.252641 2.36996
-0.0679712 0.232405 2.39031
-0.155626 -0.24 2.52217
-0.152425 0.00726064 2.56837
-0.147315 0.250179 2.6061
-0.148587 0.385777 2.60046
-0.295914 0.142301 2.56175
-0.367909 0.0345391 2.42904
-0.352583 0.203046 2.3745
-0.36469 0.245127 2.36561
0.00186836 0.147379 2.56929
0.0573422 -0.0198539 2.49293
0.0771802 0.20472 2.4107
0.0770116 0.237719 2.39788
-0.231394 -0.237291 2.48792
-0.269812 -0.333217 2.17431
-0.297537 -0.645893 2.21698
-0.29287 -0.681661 2.12251
-0.0753413 -0.236124 2.49113
-0.0378098 -0.329293 2.18325
-0.0317545 -0.640916 2.23788
-0.0307501 -0.676752 2.14312
-0.148658 0.190161 2.59842
-0.382562 0.312095 2.35487
-0.347225 0.251063 2.38483
0.0977462 0.297487 2.3836
0.0467432 0.249051 2.40562
-0.153443 -0.237409 2.51464
-0.152322 0.00875117 2.56723
-0.148811 0.250831 2.60708
-0.149229 0.385485 2.6001
-0.300704 0.140878 2.56453
-0.393052 0.00253666 2.48106
-0.455025 0.186368 2.39482
-0.490618 0.248158 2.38703
0.00981239 0.135661 2.58301
0.0927136 -0.0257513 2.52607
0.173682 0.178095 2.47317
0.194668 0.225669 2.47877
-0.225982 -0.233762 2.47922
-0.269897 -0.332216 2.1742
-0.297892 -0.644679 2.21793
-0.289918 -0.681214 2.1241
-0.076275 -0.234519 2.48416
-0.0386625 -0.330096 2.1838
-0.0292847 -0.641708 2.2381
-0.0250104 -0.678282 2.14398
-0.149656 0.190918 2.59904
-0.520024 0.315648 2.38532
-0.462316 0.25969 2.40683
0.226674 0.290504 2.49172
0.156463 0.235385 2.46747
-0.160401 -0.236228 2.51799
-0.154507 0.00942698 2.5686
-0.149135 0.250767 2.60775
-0.149522 0.385181 2.59989
-0.304787 0.140702 2.57118
-0.402504 0.00279967 2.48583
-0.471501 0.186879 2.40067
-0.503285 0.246571 2.39511
0.0118814 0.136537 2.58908
0.106246 -0.00887549 2.54133
0.182526 0.176646 2.48487
0.195641 0.230158 2.48801
-0.232856 -0.23131 2.48399
-0.270068 -0.331818 2.17499
-0.295861 -0.64442 2.21907
-0.288218 -0.680738 2.12505
-0.0844924 -0.234664 2.48615
-0.0389753 -0.328766 2.18374
-0.0294004 -0.640503 2.23747
-0.0254272 -0.676867 2.14317
-0.150364 0.19102 2.59984
-0.531771 0.311065 2.39198
-0.471554 0.252325 2.4138
0.22687 0.29489 2.50592
0.158651 0.24721 2.48433
-0.159678 -0.234339 2.51798
-0.154815 0.010605 2.5706
-0.150594 0.251142 2.61218
-0.149871 0.385178 2.60111
-0.304803 0.141034 2.57275
-0.390671 -0.00893177 2.4943
-0.420414 0.174678 2.38487
-0.430416 0.231776 2.36583
0.0113682 0.136728 2.58993
0.0919511 -0.0128672 2.52781
0.119747 0.18309 2.43269
0.122227 0.244119 2.42437
-0.232596 -0.229862 2.48353
-0.269545 -0.330168 2.17557
-0.296318 -0.642871 2.21867
-0.288832 -0.679633 2.12495
-0.0823943 -0.232144 2.48704
-0.0388376 -0.326903 2.18437
-0.0292389 -0.638779 2.23752
-0.00153922 -0.714329 2.19316
-0.151581 0.191712 2.60368
-0.460516 0.290041 2.34847
-0.409325 0.246655 2.3738
0.145579 0.309141 2.42
0.0840435 0.249917 2.4385
-0.158541 -0.235782 2.52435
-0.155765 0.0105373 2.57297
-0.153186 0.25156 2.6093
-0.151182 0.385056 2.60099
-0.301953 0.146566 2.5676
-0.343254 0.0160811 2.44271
-0.243245 0.145025 2.36763
-0.229866 0.198875 2.34885
0.000970045 0.153145 2.57359
0.0474314 0.00879963 2.46879
-0.0266269 0.131923 2.40791
-0.0666546 0.181971 2.37894
-0.233894 -0.232581 2.4903
-0.268744 -0.331309 2.17524
-0.295694 -0.643893 2.21887
-0.291594 -0.679833 2.12448
-0.0787462 -0.232688 2.49337
-0.0388285 -0.326427 2.18411
-0.0312174 -0.638307 2.23749
-0.0307603 -0.674315 2.14281
-0.153598 0.191891 2.60242
-0.2263 0.261707 2.31823
-0.22377 0.184951 2.32137
-0.0760196 0.253026 2.34362
-0.0898378 0.169084 2.427
-0.156008 -0.239955 2.52142
-0.148355 0.00552763 2.56316
-0.137155 0.245344 2.58941
-0.153902 0.389968 2.59758
-0.302337 0.14917 2.56624
-0.314292 0.0230578 2.42961
-0.158728 0.177127 2.33678
-0.149665 0.21579 2.34856
0.00234433 0.153614 2.5709
0.0372743 0.00956337 2.46066
-0.0984875 0.188305 2.37532
-0.149058 0.230885 2.34492
-0.230539 -0.236978 2.48688
-0.267795 -0.33496 2.17479
-0.297347 -0.647231 2.21866
-0.293313 -0.681957 2.12347
-0.0773137 -0.236872 2.49061
-0.0383797 -0.329159 2.18353
-0.0317597 -0.640814 2.23797
-0.0313817 -0.67562 2.14249
-0.140533 0.185999 2.58546
-0.136711 0.269246 2.32933
-0.170735 0.244677 2.33413
-0.161625 0.293382 2.34312
-0.133147 0.251317 2.32105
-0.156791 -0.242327 2.52035
-0.148137 0.000470062 2.55652
-0.137452 0.236431 2.57759
-0.153847 0.38913 2.59001
-0.302664 0.149901 2.5655
-0.28978 0.0265554 2.42593
-0.17044 0.211078 2.37657
-0.156131 0.248838 2.36258
0.00323835 0.15304 2.56946
0.0306008 0.00564025 2.46183
-0.098682 0.189573 2.37762
-0.138613 0.235319 2.35616
-0.230782 -0.23905 2.48569
-0.267317 -0.335218 2.17465
-0.298173 -0.647231 2.21919
-0.294179 -0.681414 2.12364
-0.078804 -0.239557 2.4896
-0.0384107 -0.328654 2.18328
-0.0315984 -0.640268 2.23791
-0.0312734 -0.674535 2.14206
-0.140338 0.17819 2.57467
-0.126013 0.306129 2.36852
-0.179862 0.261332 2.35574
-0.166566 0.286364 2.35525
-0.118244 0.264563 2.33643
-0.160431 -0.243417 2.51977
-0.154875 0.00360465 2.56356
-0.149407 0.246875 2.59945
-0.153319 0.386976 2.58999
-0.29987 0.147115 2.56261
-0.327324 -0.0086814 2.47039
-0.290931 0.207905 2.37172
-0.300886 0.262022 2.36528
0.0021351 0.149831 2.56617
0.0363028 -0.000511099 2.4657
0.0188907 0.228887 2.39994
0.0080383 0.239737 2.38987
-0.233718 -0.238972 2.48693
-0.267219 -0.335643 2.17499
-0.29568 -0.64791 2.21944
-0.291868 -0.683334 2.12473
-0.0830594 -0.241699 2.48729
-0.0384107 -0.328514 2.18352
-0.0322225 -0.640214 2.23781
-0.00349165 -0.715649 2.19496
-0.150585 0.186692 2.592
-0.307673 0.315355 2.36283
-0.292791 0.273754 2.37475
0.0236786 0.302887 2.36627
-0.00857264 0.249981 2.39931
-0.159016 -0.241764 2.52054
-0.15476 0.00496949 2.56698
-0.150265 0.247824 2.60369
-0.152212 0.385822 2.59224
-0.298794 0.144133 2.5631
-0.350097 0.00186536 2.45873
-0.382815 0.167362 2.37966
-0.424293 0.222558 2.36975
0.00221801 0.14852 2.5716
0.0420148 -0.0470926 2.51041
0.111333 0.14128 2.41592
0.13786 0.207327 2.41934
-0.232027 -0.238226 2.48756
-0.267171 -0.332947 2.1735
-0.298333 -0.645096 2.21721
-0.29338 -0.680833 2.1227
-0.0814237 -0.23899 2.48844
-0.0383746 -0.328802 2.18393
-0.0322373 -0.640695 2.23733
-0.0037409 -0.716208 2.19454
-0.151365 0.187771 2.59642
-0.462107 0.288266 2.36623
-0.402026 0.235633 2.396
0.176533 0.268474 2.41336
0.121314 0.229268 2.42275
-0.161807 -0.239387 2.51501
-0.155591 0.00580962 2.56661
-0.150264 0.24773 2.60517
-0.151493 0.385143 2.5928
-0.299711 0.140285 2.56315
-0.358965 -0.0212972 2.47415
-0.425118 0.16217 2.38314
-0.46736 0.209969 2.37664
0.00819442 0.143247 2.57961
0.0487081 -0.0480677 2.51418
0.13373 0.122859 2.44014
0.175073 0.194535 2.44102
-0.233661 -0.235398 2.4818
-0.266863 -0.332258 2.1735
-0.297984 -0.644115 2.21883
-0.291066 -0.680474 2.1248
-0.0857918 -0.237084 2.48281
-0.038142 -0.328527 2.18509
-0.032215 -0.640646 2.23745
-0.0289564 -0.677045 2.14314
-0.151636 0.18789 2.59739
-0.507202 0.270146 2.37397
-0.444988 0.230016 2.39614
0.222075 0.250923 2.44563
0.141751 0.204377 2.4402
-0.159066 -0.23878 2.5185
-0.155169 0.00652108 2.56847
-0.15048 0.247753 2.60672
-0.150832 0.384549 2.5934
-0.301415 0.136515 2.56162
-0.347983 -0.0371221 2.48848
-0.393304 0.157303 2.37039
-0.405931 0.206124 2.35682
0.0105104 0.142605 2.58249
0.0501738 -0.0487391 2.51498
0.101771 0.155056 2.41617
0.119918 0.208005 2.41483
-0.232164 -0.235605 2.48353
-0.266777 -0.330868 2.1737
-0.296094 -0.642779 2.21975
-0.288411 -0.679021 2.12566
-0.0812444 -0.235404 2.48882
-0.0378473 -0.326309 2.18525
-0.0320569 -0.638566 2.23703
-0.0280091 -0.674854 2.14266
-0.151761 0.188101 2.59907
-0.442072 0.266725 2.34239
-0.400654 0.241837 2.3805
0.155876 0.268737 2.41202
0.0890353 0.217419 2.42456
-0.158691 -0.24191 2.51982
-0.15506 0.00617169 2.56941
-0.150695 0.248006 2.60706
-0.150148 0.384063 2.59358
-0.297424 0.140351 2.56028
-0.329907 -0.0410661 2.4867
-0.234881 0.123106 2.37073
-0.222518 0.177789 2.3534
0.00687735 0.144899 2.57099
0.0297682 -0.014446 2.48391
-0.0554661 0.138617 2.39426
-0.0668291 0.16336 2.38973
-0.231844 -0.23814 2.48577
-0.266755 -0.33225 2.17414
-0.296834 -0.644334 2.21884
-0.291409 -0.680399 2.12455
-0.0811565 -0.239418 2.48862
-0.0379005 -0.327913 2.18527
-0.0312389 -0.640107 2.23723
-0.0294715 -0.676222 2.14266
-0.151912 0.188182 2.5997
-0.229439 0.240799 2.32631
-0.216144 0.236006 2.351
-0.0642306 0.233895 2.35247
-0.063554 0.223519 2.3572
-0.16107 -0.243203 2.52039
-0.15208 0.00398925 2.56318
-0.135152 0.244552 2.58453
-0.149497 0.383765 2.59036
-0.299017 0.143137 2.56159
-0.323524 -0.093707 2.54057
-0.209941 0.0743628 2.40765
-0.144585 0.199015 2.35319
0.00719053 0.143863 2.56881
0.0273229 -0.0172931 2.48497
-0.104549 0.162228 2.39468
-0.137315 0.212809 2.35466
-0.235646 -0.238143 2.48572
-0.266908 -0.33645 2.17507
-0.28963 -0.648534 2.22304
-0.305494 -0.723973 2.16936
-0.0831392 -0.241948 2.49002
-0.0377581 -0.329645 2.1847
-0.03099 -0.641569 2.23787
-0.00243303 -0.716859 2.19382
-0.140641 0.185211 2.58252
-0.138632 0.262862 2.33394
-0.169288 0.218401 2.33967
-0.149999 0.275343 2.34784
-0.126407 0.244726 2.34386
-0.163409 -0.244251 2.52094
-0.152677 0.00196385 2.55969
-0.138687 0.24055 2.5805
-0.149858 0.38489 2.58909
-0.299488 0.143762 2.56201
-0.320157 -0.0803782 2.52693
-0.20511 0.0881422 2.39601
-0.141546 0.215302 2.35747
0.00722422 0.142727 2.56638
0.026912 -0.0187365 2.48313
-0.099793 0.164347 2.39255
-0.134251 0.205956 2.35958
-0.238237 -0.238952 2.48659
-0.266362 -0.333687 2.17464
-0.291926 -0.645718 2.22179
-0.306067 -0.721718 2.16866
-0.0847819 -0.243212 2.48999
-0.0377251 -0.329079 2.18368
-0.0321782 -0.640762 2.23809
-0.00356926 -0.716022 2.19385
-0.142841 0.181711 2.57813
-0.129317 0.27307 2.35118
-0.169425 0.231473 2.33917
-0.156821 0.260565 2.3492
-0.11492 0.233011 2.34167
-0.164051 -0.244799 2.52126
-0.154036 0.00261126 2.56163
-0.145022 0.244788 2.59208
-0.149952 0.384229 2.5873
-0.300829 0.144474 2.56308
-0.3204 -0.0675141 2.5144
-0.240664 0.126908 2.39459
-0.237469 0.203582 2.36694
0.0080558 0.142959 2.56645
0.0264504 -0.0194775 2.48514
-0.0463333 0.181456 2.38481
-0.0410168 0.192983 2.37677
-0.239139 -0.239544 2.48685
-0.266237 -0.333202 2.17482
-0.294818 -0.645569 2.21875
-0.290762 -0.680423 2.12363
-0.0848112 -0.243567 2.49028
-0.0377699 -0.328604 2.18382
-0.0318313 -0.640218 2.23852
-0.00257803 -0.715475 2.19566
-0.14726 0.184919 2.58626
-0.24594 0.259274 2.33456
-0.220618 0.227059 2.3888
-0.0377045 0.243926 2.35254
-0.0618127 0.227729 2.415
-0.158091 -0.243384 2.51472
-0.154599 0.00421691 2.56353
-0.148961 0.246552 2.60038
-0.15044 0.383488 2.58823
-0.295662 0.141675 2.55925
-0.3178 -0.0393637 2.48708
-0.374873 0.15521 2.36536
-0.408761 0.207633 2.36259
0.00593433 0.145115 2.56842
0.0414139 -0.0461499 2.49744
0.0947629 0.121671 2.42258
0.119363 0.213622 2.4086
-0.228335 -0.239768 2.47942
-0.266176 -0.331574 2.17421
-0.296959 -0.643689 2.21837
-0.291801 -0.679634 2.12399
-0.082548 -0.240985 2.48442
-0.0376384 -0.328593 2.18409
-0.0325466 -0.640325 2.23832
-0.00178788 -0.714907 2.19448
-0.150206 0.186729 2.59276
-0.454236 0.268515 2.35261
-0.393113 0.2294 2.3805
0.154997 0.273751 2.39829
0.0950642 0.22946 2.40895
-0.156347 -0.241423 2.51198
-0.154198 0.00486436 2.56317
-0.149405 0.24661 2.6011
-0.150302 0.383276 2.5888
-0.297968 0.139029 2.56022
-0.334028 -0.0506342 2.50992
-0.406475 0.13864 2.37852
-0.441889 0.184199 2.37141
0.00937579 0.141426 2.57444
0.0638231 -0.0433981 2.50366
0.137915 0.174117 2.44109
0.149114 0.214883 2.4425
-0.226575 -0.237964 2.47673
-0.266412 -0.331333 2.17391
-0.296386 -0.643653 2.21742
-0.289981 -0.679924 2.1233
-0.0811492 -0.238636 2.48155
-0.0377662 -0.328049 2.18509
-0.0326259 -0.640025 2.2382
-0.000516329 -0.714161 2.19471
-0.150485 0.186892 2.59323
-0.493473 0.239269 2.36294
-0.422608 0.217219 2.38822
0.179984 0.279122 2.45176
0.117407 0.227701 2.44
-0.158829 -0.240656 2.51273
-0.154941 0.00538588 2.56422
-0.150015 0.246772 2.60344
-0.149908 0.382868 2.58971
-0.299433 0.13714 2.56056
-0.338056 -0.0514906 2.50497
-0.399917 0.14087 2.37246
-0.426554 0.196528 2.36732
0.0104916 0.137781 2.57779
0.0642438 -0.0409693 2.50346
0.126952 0.16655 2.43939
0.133165 0.219392 2.44131
-0.229652 -0.236617 2.47813
-0.266899 -0.33125 2.17383
-0.29641 -0.643749 2.21661
-0.289179 -0.680152 2.12263
-0.0836441 -0.238425 2.48188
-0.0377569 -0.326831 2.1855
-0.0316983 -0.638968 2.23782
-0.0281163 -0.675438 2.14355
-0.151124 0.187185 2.59535
-0.473503 0.257538 2.36756
-0.396416 0.207037 2.37447
0.166998 0.28765 2.45781
0.0951712 0.22122 2.4445
-0.15558 -0.244239 2.51875
-0.154086 0.00458735 2.56693
-0.150325 0.24661 2.60474
-0.149388 0.3829 2.59114
-0.296034 0.136144 2.55821
-0.318314 -0.0675286 2.527
-0.278783 0.14412 2.41804
-0.300109 0.193505 2.34928
0.00140394 0.145492 2.56972
0.0368979 -0.0254091 2.48376
0.00628872 0.170819 2.40206
0.0169668 0.210875 2.39399
-0.226606 -0.240741 2.48416
-0.266844 -0.330569 2.17363
-0.298775 -0.64288 2.21608
-0.293417 -0.678842 2.12172
-0.0803817 -0.241373 2.4879
-0.0376596 -0.326648 2.18545
-0.0327358 -0.638825 2.23767
-0.0310463 -0.674845 2.14301
-0.151297 0.186976 2.59705
-0.322099 0.251039 2.32218
-0.299364 0.233489 2.357
0.0397143 0.264126 2.38189
-0.00380106 0.222186 2.4026
-0.156187 -0.243491 2.51709
-0.154149 0.004221 2.56347
-0.149706 0.244782 2.59506
-0.149387 0.382617 2.59174
-0.301832 0.139459 2.55782
-0.318658 -0.039017 2.47609
-0.164925 0.114095 2.36964
-0.133465 0.176332 2.36377
0.00401308 0.145557 2.56898
0.0331069 -0.0246406 2.48997
-0.0789237 0.120576 2.3953
-0.11858 0.171116 2.37021
-0.230035 -0.239652 2.48227
-0.266734 -0.331934 2.17422
-0.298464 -0.643837 2.21898
-0.292974 -0.679252 2.12423
-0.0789345 -0.240675 2.48631
-0.0376044 -0.326355 2.18478
-0.0309164 -0.638411 2.23743
-0.0291107 -0.67389 2.1424
-0.151027 0.185558 2.58958
-0.113498 0.21632 2.34877
-0.159618 0.20883 2.33589
-0.156378 0.217967 2.34612
-0.142838 0.157155 2.3625
-0.160419 -0.243556 2.51654
-0.15652 0.00611271 2.56129
-0.151639 0.250672 2.59203
-0.149955 0.383023 2.59199
-0.301956 0.141349 2.55939
-0.318687 -0.0202616 2.47078
-0.165107 0.117337 2.34339
-0.133696 0.174346 2.34897
0.00535179 0.14325 2.56576
0.0328345 -0.0249413 2.48873
-0.0947755 0.106839 2.39052
-0.134693 0.177228 2.34756
-0.23519 -0.238464 2.48214
-0.266636 -0.332906 2.17468
-0.296624 -0.644919 2.21977
-0.292042 -0.680025 2.12481
-0.0829652 -0.24193 2.48537
-0.0374691 -0.329347 2.18412
-0.0322615 -0.641197 2.23777
-0.0313188 -0.676346 2.14253
-0.152977 0.190162 2.58652
-0.120286 0.232544 2.33129
-0.150868 0.19909 2.33133
-0.135808 0.238144 2.32395
-0.158462 0.150664 2.34107
-0.162284 -0.24544 2.51397
-0.156058 0.00453936 2.55789
-0.148649 0.248795 2.58834
-0.150795 0.383174 2.5923
-0.301798 0.141609 2.56049
-0.325582 -0.0265951 2.47996
-0.187406 0.118444 2.37352
-0.171027 0.166246 2.35386
0.00635371 0.138717 2.56337
0.0338801 -0.026163 2.4896
-0.101225 0.133142 2.3799
-0.132059 0.182132 2.34639
-0.236467 -0.240127 2.4798
-0.267302 -0.335486 2.17516
-0.294295 -0.647337 2.2225
-0.307778 -0.722893 2.16737
-0.0849076 -0.244124 2.48275
-0.0375597 -0.328657 2.1839
-0.0325869 -0.64045 2.23785
-0.00336214 -0.715756 2.19529
-0.150651 0.188475 2.58293
-0.117884 0.220329 2.32563
-0.169354 0.210639 2.3298
-0.160225 0.232328 2.34011
-0.17291 0.167633 2.32641
-0.161136 -0.246123 2.51195
-0.155797 0.00322152 2.55948
-0.149746 0.245559 2.59532
-0.151436 0.383153 2.59251
-0.298408 0.137076 2.55729
-0.317701 -0.0645688 2.51074
-0.298162 0.11939 2.37223
-0.294412 0.184912 2.34625
0.00672192 0.141053 2.56476
0.0391171 -0.0543109 2.50062
-0.00256802 0.123368 2.39023
0.00750658 0.193222 2.37387
-0.234383 -0.241465 2.47849
-0.267538 -0.335042 2.17542
-0.296673 -0.646779 2.22233
-0.308257 -0.722888 2.16783
-0.084107 -0.244305 2.48005
-0.0378222 -0.329179 2.18412
-0.0323965 -0.64102 2.23781
-0.031354 -0.676778 2.14299
-0.151252 0.185793 2.5881
-0.31268 0.244028 2.32216
-0.282029 0.205039 2.3618
0.0339694 0.254574 2.35021
-0.00349131 0.21928 2.37846
-0.153975 -0.243643 2.51466
-0.153979 0.00391482 2.56188
-0.150683 0.245542 2.5986
-0.151557 0.383064 2.5922
-0.297357 0.137284 2.55804
-0.325754 -0.0465707 2.48692
-0.381851 0.149892 2.36059
-0.411707 0.198411 2.35204
0.00427036 0.143029 2.56686
0.0333988 -0.0612196 2.51197
0.0631714 0.128826 2.4058
0.114416 0.184899 2.39676
-0.227269 -0.240555 2.48033
-0.267539 -0.334741 2.17496
-0.299268 -0.646646 2.2196
-0.294335 -0.682452 2.12516
-0.0767883 -0.240117 2.48386
-0.0378319 -0.328075 2.18376
-0.0314979 -0.639841 2.23775
-0.0302499 -0.675727 2.14301
-0.151568 0.18594 2.59121
-0.447059 0.253265 2.33398
-0.390415 0.220312 2.37255
0.162521 0.239828 2.37854
0.0999872 0.200078 2.4009
-0.158491 -0.243862 2.51474
-0.154595 0.00385184 2.56281
-0.150068 0.245248 2.60022
-0.151455 0.382545 2.59133
-0.298746 0.13627 2.55987
-0.339877 -0.0486668 2.49044
-0.410939 0.150517 2.37497
-0.443464 0.195404 2.36785
0.00693591 0.142288 2.57152
0.0402904 -0.0602759 2.51565
0.0972402 0.128736 2.41616
0.129607 0.190899 2.4116
-0.229649 -0.240275 2.48067
-0.267767 -0.334838 2.17503
-0.298678 -0.646803 2.2198
-0.293108 -0.682723 2.12545
-0.083876 -0.24117 2.48329
-0.0375874 -0.327154 2.18432
-0.0304792 -0.639118 2.23734
-0.0285999 -0.675128 2.14269
-0.151314 0.185731 2.59264
-0.483319 0.255404 2.3592
-0.42119 0.216558 2.38391
0.17769 0.247213 2.40063
0.10163 0.198961 2.41059
-0.155659 -0.242115 2.51753
-0.153642 0.00427921 2.56577
-0.150307 0.244824 2.60352
-0.151463 0.38194 2.59051
-0.297738 0.136306 2.55982
-0.327388 -0.0567047 2.50566
-0.349333 0.148845 2.38063
-0.351061 0.199567 2.358
0.00307476 0.142779 2.57045
0.0471163 -0.0508052 2.5016
0.0460858 0.140209 2.40571
0.0462307 0.207357 2.39582
-0.228302 -0.239451 2.48318
-0.267801 -0.33329 2.1741
-0.298329 -0.645292 2.21894
-0.293023 -0.681324 2.12465
-0.0780955 -0.238193 2.48674
-0.0376008 -0.326614 2.1842
-0.0309042 -0.638679 2.2368
-0.0292792 -0.674788 2.14221
-0.151275 0.185473 2.59597
-0.380185 0.258313 2.33814
-0.334291 0.213473 2.36511
0.0735236 0.264379 2.38083
0.0421654 0.243506 2.40217
-0.163154 -0.244534 2.52126
-0.155018 0.00339884 2.5657
-0.148175 0.242934 2.59645
-0.151471 0.381989 2.58985
-0.300514 0.137746 2.56002
-0.31239 -0.0671553 2.52321
-0.263959 0.128611 2.389
-0.23323 0.18727 2.3566
0.00455833 0.145646 2.56705
0.0383253 -0.0203533 2.48697
-0.0547701 0.139615 2.3943
-0.061294 0.173092 2.38865
-0.2374 -0.240808 2.48884
-0.267786 -0.333761 2.17413
-0.291827 -0.645423 2.22377
-0.306046 -0.720358 2.16697
-0.0847378 -0.241723 2.48878
-0.0377864 -0.327956 2.18386
-0.0318823 -0.639835 2.23737
-0.0311881 -0.675095 2.14219
-0.150346 0.183985 2.59156
-0.237499 0.252706 2.3307
-0.219794 0.233547 2.4085
-0.0565373 0.241859 2.36747
-0.0682856 0.186647 2.39244
-0.159346 -0.246059 2.51541
-0.152103 0.00114338 2.558
-0.145136 0.240685 2.58652
-0.152062 0.382077 2.58883
-0.303582 0.13693 2.55641
-0.329736 -0.0927402 2.48402
-0.193976 0.0729105 2.39422
-0.141462 0.170152 2.36524
0.00627605 0.143531 2.56465
0.0361918 -0.0235688 2.48726
-0.1206 0.1204 2.37422
-0.138401 0.132491 2.38131
-0.23225 -0.24257 2.4806
-0.268055 -0.33391 2.17431
-0.294951 -0.645717 2.22198
-0.307178 -0.721336 2.16614
-0.0819985 -0.243132 2.48462
-0.037654 -0.329749 2.18303
-0.0320548 -0.641452 2.23732
-0.0309674 -0.676434 2.14197
-0.147091 0.181638 2.58178
-0.127765 0.240995 2.35162
-0.12891 0.174864 2.33301
-0.152996 0.178511 2.35497
-0.118595 0.162786 2.353
