-0.152576 -0.0878489 2.59504
-0.142186 0.155655 2.54487
-0.133744 0.394777 2.48585
-0.125917 0.537309 2.48913
-0.292025 0.313113 2.48405
-0.492688 0.179307 2.41207
-0.455745 0.379869 2.251
-0.445889 0.431147 2.23251
0.0290509 0.300953 2.49804
0.188736 0.135392 2.43273
0.201234 0.344527 2.28083
0.198642 0.397666 2.25634
-0.229892 -0.0829427 2.55997
-0.322801 -0.238056 2.17979
-0.291691 -0.636736 2.3296
-0.314244 -0.703639 2.23485
-0.0719352 -0.0905087 2.57041
0.0216461 -0.245181 2.17356
-0.0288613 -0.653593 2.32257
0.011403 -0.709084 2.22318
-0.135493 0.335512 2.50202
-0.447971 0.490647 2.20596
-0.398661 0.419937 2.26061
0.222115 0.458175 2.22998
0.221018 0.360021 2.22084
-0.153927 -0.0872451 2.59653
-0.14265 0.155954 2.54539
-0.133566 0.394757 2.48578
-0.125936 0.537256 2.48924
-0.291989 0.313193 2.48395
-0.493108 0.182191 2.41014
-0.455355 0.383435 2.25148
-0.446586 0.43236 2.23513
0.0291341 0.300935 2.49801
0.18986 0.13483 2.43053
0.201121 0.344603 2.28126
0.199648 0.397311 2.25897
-0.231493 -0.0821874 2.56178
-0.322666 -0.237921 2.17999
-0.290959 -0.636988 2.33011
-0.312144 -0.70262 2.23347
-0.0729695 -0.090107 2.5716
0.0217212 -0.245016 2.17365
-0.0315996 -0.653521 2.32563
0.0115807 -0.70504 2.22449
-0.135478 0.335562 2.50207
-0.450371 0.491681 2.21157
-0.398621 0.424248 2.26429
0.226366 0.455323 2.23185
0.220215 0.353475 2.22382
-0.155438 -0.0868821 2.59715
-0.143399 0.156185 2.54595
-0.133442 0.394673 2.48589
-0.12594 0.537238 2.48939
-0.292206 0.313697 2.48404
-0.493576 0.183154 2.40797
-0.455331 0.384715 2.25209
-0.445424 0.437059 2.23389
0.0291887 0.300957 2.49806
0.1894 0.135297 2.43254
0.201134 0.344762 2.28134
0.198781 0.397211 2.25701
-0.232749 -0.08175 2.56212
-0.322375 -0.238252 2.17949
-0.290212 -0.636817 2.32977
-0.315141 -0.703414 2.23565
-0.0746926 -0.0899011 2.57262
0.0217096 -0.244952 2.17353
-0.0316178 -0.654573 2.32652
0.010913 -0.70434 2.22364
-0.135565 0.335578 2.50233
-0.446844 0.497924 2.21134
-0.399261 0.42589 2.26286
0.225373 0.456087 2.22965
0.221006 0.354816 2.22103
-0.153006 -0.0885358 2.59543
-0.143192 0.156046 2.54587
-0.133195 0.394766 2.48614
-0.125912 0.537316 2.48949
-0.292307 0.313799 2.48419
-0.493798 0.183945 2.40907
-0.455296 0.385802 2.2528
-0.446165 0.438548 2.23755
0.029347 0.300916 2.49814
0.189465 0.135491 2.43238
0.19925 0.350559 2.27829
0.199057 0.398044 2.25951
-0.228884 -0.084169 2.56039
-0.322175 -0.238368 2.17904
-0.290429 -0.636528 2.32941
-0.312629 -0.702928 2.23396
-0.0734051 -0.090994 2.57094
0.0217863 -0.244932 2.17359
-0.0307169 -0.653901 2.3256
0.025485 -0.708443 2.23684
-0.135481 0.335649 2.50259
-0.448309 0.498161 2.21315
-0.399296 0.427151 2.26535
0.224321 0.456938 2.2414
0.220501 0.356458 2.22251
-0.153092 -0.0885351 2.59662
-0.143162 0.156031 2.54619
-0.133109 0.39476 2.48611
-0.125822 0.537413 2.48971
-0.292374 0.314009 2.48443
-0.494893 0.184546 2.4077
-0.45529 0.387138 2.25372
-0.445718 0.438223 2.23899
0.0279352 0.300895 2.49906
0.189548 0.135473 2.43358
0.199703 0.348864 2.28117
0.199611 0.397732 2.25966
-0.229188 -0.0841351 2.56164
-0.322108 -0.238245 2.17902
-0.290153 -0.636349 2.32943
-0.314887 -0.704107 2.23654
-0.0733457 -0.090982 2.57204
0.0217815 -0.24489 2.17347
-0.0324822 -0.655078 2.32933
0.0190695 -0.704152 2.23172
-0.135444 0.335692 2.50267
-0.447583 0.498152 2.21411
-0.395975 0.432517 2.26824
0.22549 0.456966 2.23623
0.221343 0.356368 2.22261
-0.146415 -0.0934924 2.58858
-0.141127 0.154909 2.54409
-0.132812 0.394942 2.48611
-0.125716 0.537662 2.49009
-0.292356 0.314334 2.4846
-0.494157 0.185386 2.41
-0.45552 0.388176 2.25479
-0.445388 0.439668 2.23993
0.02852 0.300456 2.49926
0.189528 0.135385 2.43413
0.200455 0.347355 2.28259
0.199446 0.397848 2.25969
-0.218628 -0.0907385 2.55182
-0.322016 -0.23792 2.17946
-0.290395 -0.636307 2.32905
-0.312153 -0.703392 2.23419
-0.069906 -0.094431 2.56557
0.0218859 -0.244998 2.17352
-0.0302653 -0.655154 2.32568
0.0136683 -0.706728 2.22507
-0.135112 0.335818 2.50259
-0.448686 0.499642 2.21195
-0.393901 0.434727 2.2728
0.224553 0.457227 2.24412
0.223243 0.361796 2.22455
-0.144275 -0.0942512 2.5867
-0.139742 0.154201 2.54293
-0.132758 0.394931 2.48632
-0.125739 0.537663 2.49036
-0.292387 0.3145 2.48459
-0.494182 0.18636 2.40656
-0.455436 0.389457 2.25507
-0.444716 0.439061 2.24097
0.028717 0.300528 2.49919
0.189216 0.135033 2.43293
0.200615 0.346898 2.28312
0.199653 0.39825 2.26077
-0.21691 -0.0914365 2.55063
-0.322006 -0.23789 2.1794
-0.290376 -0.636297 2.32889
-0.312376 -0.703979 2.23479
-0.067802 -0.0950844 2.56305
0.0216197 -0.24505 2.17395
-0.0305024 -0.655565 2.32307
0.015674 -0.705346 2.2224
-0.134816 0.335722 2.5025
-0.446543 0.49945 2.21509
-0.395046 0.436058 2.27249
0.225702 0.45761 2.23916
0.22109 0.358171 2.22441
-0.14142 -0.0946706 2.58621
-0.138613 0.153895 2.54229
-0.132839 0.395133 2.48632
-0.12557 0.537905 2.49076
-0.292311 0.314657 2.48458
-0.494931 0.186121 2.40416
-0.455248 0.390902 2.2557
-0.443672 0.445767 2.24102
0.0289048 0.300694 2.49922
0.189309 0.135309 2.4319
0.200686 0.34705 2.28335
0.198989 0.399171 2.26087
-0.214154 -0.0920235 2.55077
-0.321866 -0.237966 2.17926
-0.290507 -0.63625 2.32884
-0.310969 -0.703091 2.23324
-0.065305 -0.0952676 2.56201
0.0215681 -0.245361 2.17399
-0.0306314 -0.657101 2.32361
0.0259948 -0.707444 2.23123
-0.134738 0.335811 2.50245
-0.44605 0.504793 2.21873
-0.392361 0.441 2.27562
0.223969 0.457566 2.24755
0.222486 0.360688 2.22431
-0.140124 -0.0956131 2.58411
-0.137574 0.153457 2.54136
-0.132639 0.395331 2.48661
-0.125377 0.538212 2.49107
-0.292219 0.314808 2.48449
-0.494619 0.185979 2.40379
-0.454938 0.391546 2.25577
-0.442883 0.445445 2.2395
0.0291887 0.301008 2.49894
0.188851 0.135302 2.43294
0.200689 0.347079 2.28346
0.199459 0.399134 2.2612
-0.212506 -0.0930798 2.54861
-0.321855 -0.237865 2.17949
-0.290733 -0.635541 2.32745
-0.311224 -0.703705 2.23334
-0.0644155 -0.0960419 2.55994
0.0215384 -0.245074 2.17387
-0.0298731 -0.655513 2.32271
0.0226108 -0.710483 2.23119
-0.134284 0.335855 2.50237
-0.44465 0.504308 2.21623
-0.395292 0.434955 2.26771
0.225554 0.455892 2.2442
0.223216 0.360795 2.22605
-0.139982 -0.0957045 2.58375
-0.137284 0.153238 2.54102
-0.132538 0.395249 2.48673
-0.125259 0.538369 2.49154
-0.291975 0.314951 2.48441
-0.494102 0.185568 2.40494
-0.454739 0.391425 2.25556
-0.442096 0.445068 2.23856
0.0293668 0.300963 2.49882
0.188031 0.13518 2.43177
0.200678 0.347063 2.2837
0.200261 0.39884 2.26081
-0.212388 -0.0931592 2.54809
-0.321899 -0.238142 2.17962
-0.290852 -0.635756 2.32854
-0.312083 -0.70331 2.23401
-0.0642504 -0.0961473 2.55966
0.0215329 -0.245103 2.17385
-0.030316 -0.654646 2.3235
0.0157913 -0.710124 2.22769
-0.134094 0.33571 2.50233
-0.441768 0.504915 2.21358
-0.394789 0.434817 2.27187
0.22566 0.456726 2.24015
0.222218 0.358874 2.22468
-0.139932 -0.0957187 2.58362
-0.137171 0.153274 2.54094
-0.132499 0.395555 2.48689
-0.125235 0.538533 2.49174
-0.291803 0.315202 2.48432
-0.489749 0.183315 2.39735
-0.445757 0.388534 2.25155
-0.428195 0.438327 2.22796
0.0293267 0.300986 2.49868
0.183326 0.133229 2.42792
0.19732 0.344826 2.28076
0.193013 0.398658 2.24856
-0.21235 -0.0931632 2.54792
-0.321931 -0.238201 2.17964
-0.29072 -0.635712 2.32856
-0.30681 -0.70148 2.23042
-0.0641928 -0.0961643 2.5595
0.0215533 -0.245074 2.17387
-0.0305469 -0.654392 2.32479
0.0199933 -0.708507 2.23088
-0.13399 0.335894 2.50238
-0.435065 0.495623 2.20053
-0.385449 0.441907 2.26237
0.222436 0.452819 2.2234
0.204732 0.353554 2.2108
-0.143271 -0.0905135 2.58805
-0.138922 0.156838 2.54425
-0.133841 0.398682 2.49022
-0.124825 0.540967 2.49406
-0.287379 0.316939 2.48316
-0.432808 0.211581 2.36746
-0.352681 0.352174 2.22027
-0.332106 0.40319 2.19616
0.0280579 0.304046 2.49749
0.156139 0.166432 2.36631
0.121056 0.33537 2.23744
0.107418 0.392412 2.20666
-0.217936 -0.0869027 2.55282
-0.322018 -0.237831 2.18
-0.290294 -0.635176 2.32834
-0.312927 -0.704447 2.23634
-0.0655639 -0.0918613 2.56361
0.0214367 -0.244551 2.17406
-0.0314952 -0.651969 2.32466
0.0233846 -0.707889 2.23609
-0.135268 0.339024 2.50558
-0.338922 0.458916 2.16294
-0.306095 0.421828 2.22136
0.137852 0.44304 2.16697
0.133172 0.378086 2.15995
-0.15317 -0.0906741 2.59572
-0.142365 0.156315 2.54751
-0.131454 0.396125 2.49042
-0.12449 0.542874 2.4953
-0.2775 0.300331 2.47856
-0.369296 0.215287 2.29305
-0.239429 0.348125 2.19372
-0.22538 0.356434 2.18662
0.0110093 0.296784 2.49504
0.0987265 0.17205 2.32341
0.0200317 0.333714 2.21407
-0.01141 0.371024 2.19127
-0.232667 -0.0865446 2.5612
-0.322031 -0.237842 2.18005
-0.289087 -0.635453 2.32854
-0.315422 -0.704528 2.23792
-0.0710901 -0.0926154 2.57067
0.0212375 -0.244482 2.17442
-0.0329512 -0.652869 2.32738
0.0180254 -0.704238 2.23125
-0.134628 0.337148 2.50667
-0.202284 0.414164 2.14646
-0.207814 0.347428 2.18192
-0.00280049 0.42846 2.16122
-0.0393487 0.392167 2.2332
-0.156958 -0.0915246 2.59556
-0.145744 0.153406 2.54541
-0.134983 0.392031 2.48509
-0.124839 0.556523 2.49853
-0.278104 0.327928 2.47834
-0.349437 0.220103 2.27277
-0.186502 0.338659 2.19282
-0.156815 0.38733 2.16868
0.0154655 0.316198 2.49623
0.0813733 0.170373 2.31279
-0.0176747 0.299551 2.23199
-0.0568639 0.346466 2.19819
-0.236713 -0.0871819 2.55988
-0.322066 -0.237712 2.18011
-0.289342 -0.635376 2.32808
-0.314915 -0.703946 2.23651
-0.0741792 -0.0936813 2.57146
0.0210308 -0.243988 2.17434
-0.0343522 -0.656296 2.3296
0.0121832 -0.702515 2.22643
-0.137874 0.333282 2.50222
-0.137324 0.449668 2.15451
-0.160625 0.385377 2.169
-0.0634131 0.40067 2.17132
-0.0805953 0.369475 2.209
-0.158776 -0.0883276 2.59624
-0.145755 0.153921 2.54556
-0.131462 0.390632 2.4842
-0.122196 0.552589 2.49517
-0.268662 0.327193 2.47591
-0.360113 0.222903 2.2781
-0.232691 0.359041 2.18034
-0.239198 0.373393 2.17521
-0.0123541 0.280036 2.48678
0.0866637 0.171555 2.31395
0.025589 0.344814 2.21208
0.00325896 0.392203 2.19117
-0.238802 -0.082104 2.56034
-0.321885 -0.23795 2.1803
-0.288586 -0.635399 2.3275
-0.32235 -0.70686 2.24427
-0.0755317 -0.0921323 2.57241
0.0208956 -0.243888 2.17412
-0.031438 -0.657065 2.32438
0.0138637 -0.706316 2.22277
-0.135477 0.332404 2.50159
-0.224614 0.4202 2.12491
-0.211972 0.398301 2.20589
0.0173184 0.445899 2.1469
-0.0183905 0.422897 2.22573
-0.158194 -0.0856144 2.59528
-0.145292 0.156849 2.54673
-0.131171 0.394397 2.48728
-0.118766 0.547534 2.49349
-0.27533 0.322107 2.47687
-0.424898 0.21022 2.35709
-0.400075 0.355602 2.1986
-0.402548 0.403796 2.16563
0.0239973 0.300327 2.49155
0.151135 0.150602 2.38819
0.161249 0.30666 2.24565
0.182745 0.373229 2.20351
-0.236212 -0.0792133 2.55864
-0.321544 -0.237693 2.18068
-0.290114 -0.636375 2.32904
-0.32077 -0.706699 2.24232
-0.0763582 -0.0898544 2.57196
0.0212336 -0.243964 2.17426
-0.0356426 -0.654196 2.33314
0.00787148 -0.702505 2.22967
-0.134942 0.335766 2.50398
-0.425348 0.452669 2.10948
-0.36928 0.429772 2.1995
0.222497 0.427986 2.15826
0.15229 0.400713 2.2241
-0.157327 -0.086659 2.59648
-0.144412 0.156513 2.54695
-0.13023 0.394394 2.48705
-0.117406 0.542858 2.49034
-0.282265 0.31481 2.4788
-0.443472 0.197319 2.39
-0.486879 0.352185 2.21272
-0.507895 0.401017 2.18583
0.0286078 0.299329 2.49484
0.174589 0.121641 2.40445
0.247583 0.301394 2.26086
0.277861 0.351499 2.23938
-0.234838 -0.0808069 2.55987
-0.321357 -0.237648 2.1809
-0.290104 -0.636359 2.3289
-0.320654 -0.706754 2.24221
-0.0759965 -0.0905634 2.57334
0.0218246 -0.244509 2.17407
-0.0307328 -0.652031 2.32649
0.00868439 -0.70495 2.2244
-0.133997 0.335684 2.50388
-0.545116 0.457561 2.15092
-0.460594 0.430897 2.2167
0.326871 0.409564 2.21149
0.240629 0.389495 2.25663
-0.157098 -0.0872449 2.59737
-0.143613 0.156297 2.54679
-0.12846 0.39428 2.48583
-0.117123 0.541472 2.4886
-0.284278 0.312286 2.47943
-0.46453 0.176708 2.37971
-0.496873 0.358767 2.21782
-0.505188 0.415501 2.19022
0.0298909 0.299106 2.4952
0.176067 0.121318 2.40001
0.263268 0.311878 2.26059
0.288539 0.369043 2.23969
-0.23428 -0.0818625 2.56099
-0.321183 -0.237668 2.18079
-0.289675 -0.636527 2.32865
-0.319193 -0.706686 2.24108
-0.0760712 -0.0907771 2.57411
0.0218555 -0.243964 2.17433
-0.0295861 -0.653791 2.32447
0.0105046 -0.706476 2.2226
-0.132503 0.335571 2.503
-0.544989 0.467554 2.1618
-0.460943 0.448077 2.21786
0.341062 0.417458 2.22128
0.249267 0.403195 2.25825
-0.16124 -0.0849997 2.57814
-0.145191 0.158426 2.54119
-0.128981 0.396271 2.48524
-0.116991 0.541328 2.48814
-0.283003 0.315288 2.47781
-0.435451 0.183536 2.35595
-0.425414 0.382962 2.19889
-0.412845 0.440647 2.17008
0.0302013 0.299692 2.49406
0.158028 0.137261 2.37357
0.19151 0.350748 2.22844
0.198853 0.409789 2.19911
-0.238214 -0.0780901 2.54084
-0.321234 -0.237565 2.18081
-0.290017 -0.636701 2.3286
-0.319441 -0.706807 2.24093
-0.0804927 -0.0898784 2.55568
0.0219209 -0.244058 2.17457
-0.0314986 -0.655823 2.32514
0.0105622 -0.705553 2.22201
-0.133067 0.337461 2.5018
-0.433104 0.500871 2.14652
-0.383522 0.447419 2.1929
0.23464 0.462789 2.17055
0.170481 0.439428 2.21662
-0.153894 -0.0790397 2.57402
-0.143707 0.161207 2.53885
-0.130726 0.397325 2.48648
-0.117153 0.543384 2.48979
-0.275784 0.31892 2.47552
-0.368187 0.207903 2.29671
-0.255232 0.349415 2.18863
-0.244022 0.374546 2.16798
0.0167036 0.293122 2.48717
0.0914795 0.170968 2.31419
0.0253806 0.339122 2.19264
0.00603924 0.379161 2.16719
-0.234935 -0.0723412 2.53778
-0.321598 -0.237188 2.18141
-0.289955 -0.635894 2.32802
-0.319187 -0.706946 2.24147
-0.067743 -0.083335 2.55096
0.0215494 -0.243842 2.17458
-0.033095 -0.654756 2.32557
0.0156048 -0.706266 2.22798
-0.133915 0.338715 2.50194
-0.236476 0.424599 2.11465
-0.217466 0.399804 2.1966
0.0133619 0.434587 2.12913
-0.0139647 0.396267 2.1795
-0.150638 -0.0862052 2.57012
-0.141273 0.156155 2.53437
-0.131135 0.392547 2.48404
-0.114082 0.554983 2.49426
-0.271248 0.327717 2.47311
-0.322678 0.192317 2.27704
-0.194363 0.327109 2.17848
-0.168341 0.361506 2.15569
0.0221848 0.316934 2.4871
0.0670458 0.165211 2.31018
-0.0657369 0.312238 2.19518
-0.0860397 0.345689 2.17331
-0.232685 -0.0815264 2.53457
-0.321703 -0.237211 2.18131
-0.290096 -0.635682 2.32782
-0.314075 -0.704393 2.23575
-0.065244 -0.0892976 2.54576
0.0211792 -0.243682 2.17406
-0.0323539 -0.655755 2.32499
0.0248055 -0.708534 2.23537
-0.133826 0.334282 2.49896
-0.154392 0.419074 2.12569
-0.166253 0.38429 2.1409
-0.151343 0.412444 2.1437
-0.0980033 0.358308 2.19275
-0.17399 -0.087822 2.54995
-0.142765 0.155585 2.52734
-0.119018 0.392396 2.485
-0.11256 0.557644 2.49601
-0.268679 0.323122 2.47069
-0.319881 0.189362 2.27404
-0.185886 0.327599 2.17553
-0.181447 0.36417 2.15139
0.0234445 0.324142 2.48727
0.0624854 0.145102 2.30906
-0.0698259 0.313845 2.19086
-0.0798359 0.345357 2.17141
-0.253078 -0.0793731 2.51642
-0.321596 -0.237217 2.18125
-0.290208 -0.635432 2.32819
-0.315868 -0.70492 2.2378
-0.0910043 -0.0946098 2.52357
0.020911 -0.243528 2.17375
-0.0295907 -0.656285 2.31985
0.0142533 -0.710381 2.22139
-0.126391 0.333888 2.49756
-0.173046 0.401629 2.1227
-0.183244 0.38003 2.13638
-0.0798362 0.381565 2.13975
-0.0936357 0.367239 2.184
-0.167914 -0.0847562 2.55939
-0.147378 0.155899 2.5264
-0.129626 0.391436 2.48235
-0.113948 0.553982 2.49356
-0.261807 0.30993 2.47023
-0.368557 0.202346 2.28872
-0.264766 0.346145 2.17427
-0.257583 0.378982 2.16065
0.00986967 0.307833 2.48686
0.08309 0.168668 2.30589
0.0158352 0.328478 2.18292
0.00259782 0.371316 2.16601
-0.250979 -0.077605 2.52241
-0.321624 -0.237332 2.18136
-0.29023 -0.635405 2.32791
-0.317617 -0.705731 2.23942
-0.0798139 -0.0898373 2.5373
0.0207727 -0.243686 2.17361
-0.0327791 -0.65651 2.32641
0.0101857 -0.704237 2.22229
-0.134203 0.333394 2.49537
-0.250601 0.429347 2.11041
-0.232679 0.407214 2.19345
0.00670925 0.428345 2.14138
-0.0209021 0.377155 2.17844
-0.149578 -0.0776818 2.56918
-0.14234 0.161566 2.53061
-0.13028 0.395806 2.48405
-0.113685 0.549798 2.49013
-0.270872 0.316071 2.47255
-0.427481 0.21429 2.35667
-0.397171 0.37492 2.19784
-0.397033 0.424533 2.16679
0.0208936 0.301644 2.48772
0.151507 0.167814 2.36562
0.163669 0.335144 2.22022
0.164689 0.392533 2.18533
-0.232076 -0.0726672 2.53169
-0.321543 -0.237248 2.18128
-0.290899 -0.636177 2.32881
-0.315173 -0.704444 2.23635
-0.0631512 -0.0808745 2.54705
0.0206919 -0.243655 2.17393
-0.0316446 -0.655844 2.32395
0.0107591 -0.705284 2.2208
-0.133765 0.33785 2.49738
-0.410928 0.477831 2.1193
-0.362557 0.442067 2.2
0.195853 0.440202 2.14216
0.135784 0.421861 2.20978
-0.144674 -0.0778099 2.57468
-0.139014 0.161905 2.53329
-0.129981 0.39605 2.48402
-0.115092 0.544354 2.48535
-0.280492 0.312247 2.47719
-0.465977 0.188288 2.38024
-0.492441 0.370494 2.21388
-0.5032 0.419353 2.18027
0.0266008 0.300539 2.49122
0.174568 0.141618 2.38174
0.248993 0.320961 2.25519
0.281076 0.386015 2.22538
-0.228004 -0.0740677 2.53837
-0.321467 -0.237359 2.18146
-0.290746 -0.636492 2.32857
-0.314497 -0.704278 2.23533
-0.0576885 -0.0797731 2.55159
0.0210426 -0.244572 2.17406
-0.0320459 -0.654364 2.32475
0.0170825 -0.706796 2.22828
-0.132867 0.338181 2.49779
-0.532809 0.476819 2.14436
-0.45852 0.447295 2.21222
0.323442 0.435344 2.18915
0.244855 0.413872 2.24194
-0.143272 -0.0773215 2.57616
-0.137592 0.162196 2.53386
-0.129345 0.39622 2.48332
-0.115445 0.542565 2.48325
-0.284619 0.310898 2.47813
-0.476387 0.192018 2.38171
-0.499715 0.368737 2.21664
-0.516927 0.431213 2.18643
0.0289274 0.301435 2.49173
0.194842 0.153208 2.38029
0.289357 0.342522 2.25742
0.316112 0.402941 2.23836
-0.226941 -0.0740601 2.53992
-0.321423 -0.237329 2.18146
-0.290891 -0.636396 2.32845
-0.312492 -0.702613 2.23261
-0.0560501 -0.0787552 2.55292
0.0210299 -0.244379 2.17415
-0.0246009 -0.652154 2.31521
0.0137793 -0.712507 2.21942
-0.131955 0.338383 2.4975
-0.552354 0.480601 2.15076
-0.470216 0.455401 2.20995
0.36625 0.45139 2.21575
0.276597 0.432962 2.24987
-0.149502 -0.0753707 2.57253
-0.139718 0.164925 2.53278
-0.130301 0.399892 2.48281
-0.115715 0.543669 2.4832
-0.282228 0.316955 2.47664
-0.449328 0.209858 2.34828
-0.422245 0.412443 2.19425
-0.408979 0.466047 2.17217
0.0299468 0.303016 2.49068
0.177381 0.168393 2.35133
0.209193 0.385984 2.22754
0.208264 0.44761 2.20039
-0.231936 -0.0707097 2.53611
-0.321469 -0.237505 2.18135
-0.290982 -0.636178 2.32817
-0.311936 -0.702981 2.23273
-0.0639108 -0.078321 2.54918
0.0207611 -0.244149 2.17401
-0.0301902 -0.651634 2.32443
0.0169507 -0.707519 2.2297
-0.132933 0.341776 2.49702
-0.428567 0.524827 2.14464
-0.37556 0.487523 2.21
0.236435 0.503851 2.18223
0.175113 0.469813 2.2224
-0.150628 -0.0741381 2.57061
-0.140061 0.166198 2.5329
-0.1297 0.401799 2.48443
-0.115909 0.545749 2.48535
-0.27753 0.3212 2.47362
-0.391666 0.224673 2.31775
-0.31939 0.369747 2.18171
-0.301605 0.416145 2.16267
0.0255937 0.305888 2.48703
0.134715 0.194177 2.31656
0.0792501 0.359422 2.1982
0.0656824 0.411918 2.17469
-0.232184 -0.0689156 2.53356
-0.321486 -0.237504 2.18136
-0.290799 -0.635969 2.3283
-0.314102 -0.705967 2.23751
-0.0656025 -0.0776375 2.54776
0.0207979 -0.244148 2.17466
-0.0294096 -0.652486 2.32218
0.0242081 -0.709449 2.23366
-0.132543 0.343529 2.49823
-0.304638 0.465992 2.11868
-0.289239 0.45548 2.16325
0.0810256 0.461668 2.1516
0.032565 0.423081 2.18929
-0.163271 -0.0776664 2.5636
-0.145925 0.162181 2.52991
-0.130899 0.39701 2.48442
-0.115833 0.551324 2.48695
-0.26423 0.3102 2.47302
-0.348091 0.218171 2.28005
-0.229436 0.348944 2.16423
-0.211825 0.361836 2.16449
0.0260914 0.333136 2.49352
0.0781439 0.181045 2.30509
-0.0259343 0.326532 2.18593
-0.0454921 0.364521 2.17084
-0.245604 -0.0711114 2.52771
-0.321508 -0.237545 2.18121
-0.290618 -0.635364 2.32798
-0.314741 -0.705738 2.238
-0.0773147 -0.0823241 2.53982
0.0206607 -0.243973 2.17418
-0.0319897 -0.653019 2.32624
0.0203723 -0.708972 2.23556
-0.134802 0.339225 2.49759
-0.187069 0.414326 2.11798
-0.192485 0.359686 2.16044
-0.0467239 0.418339 2.13915
-0.0661577 0.386705 2.181
-0.163782 -0.0849827 2.54467
-0.139089 0.158535 2.52233
-0.113529 0.394656 2.48638
-0.11224 0.560312 2.49476
-0.261939 0.336736 2.47564
-0.331488 0.21002 2.27123
-0.146352 0.37581 2.16182
-0.124114 0.403312 2.13279
0.0270987 0.335663 2.49146
0.0458398 0.178457 2.29312
-0.101236 0.338022 2.17262
-0.134845 0.379944 2.14696
-0.238761 -0.0791402 2.50866
-0.321484 -0.237562 2.18124
-0.291101 -0.636424 2.32947
-0.313653 -0.704258 2.23579
-0.0840937 -0.0897162 2.52063
0.0206282 -0.243926 2.17424
-0.0335151 -0.654786 2.32697
0.0138843 -0.705743 2.22803
-0.12049 0.33656 2.49702
-0.0972901 0.427464 2.11455
-0.152139 0.418366 2.11691
-0.149517 0.432045 2.11843
-0.165357 0.356447 2.13326
-0.151145 -0.0889793 2.54023
-0.137497 0.157133 2.51805
-0.125818 0.395341 2.48156
-0.11258 0.556996 2.49281
-0.258099 0.323467 2.47184
-0.375902 0.215969 2.2869
-0.263738 0.347099 2.16476
-0.245445 0.387674 2.14664
-0.0180624 0.276573 2.47897
0.0842443 0.182281 2.29696
0.0154461 0.33901 2.17371
-0.002291 0.371383 2.15919
-0.225524 -0.0837004 2.5041
-0.321464 -0.237816 2.18137
-0.290698 -0.636058 2.32879
-0.315445 -0.705241 2.23762
-0.0733997 -0.0928678 2.51662
0.020653 -0.244033 2.17446
-0.0352933 -0.656108 2.33033
0.0091824 -0.702202 2.22586
-0.128518 0.33638 2.49285
-0.236436 0.438244 2.09553
-0.222907 0.417531 2.17869
2.88461e-005 0.418505 2.11457
-0.0211468 0.394868 2.15953
-0.149313 -0.0810492 2.55286
-0.138335 0.161385 2.52218
-0.12667 0.399615 2.48444
-0.112173 0.554631 2.4922
-0.265532 0.323181 2.47268
-0.418181 0.224514 2.3393
-0.362499 0.37499 2.16843
-0.355388 0.421712 2.13669
0.0292088 0.311707 2.48804
0.144569 0.185998 2.33682
0.123273 0.3543 2.18971
0.114546 0.408688 2.16391
-0.226099 -0.0762609 2.51652
-0.321556 -0.237631 2.18122
-0.290737 -0.636074 2.32894
-0.313803 -0.704257 2.23587
-0.0687355 -0.0837004 2.53009
0.0198924 -0.243216 2.17456
-0.0319062 -0.654893 2.32424
0.0197381 -0.707503 2.2298
-0.129621 0.340596 2.49557
-0.363598 0.472896 2.08272
-0.326523 0.437145 2.16922
0.135703 0.458211 2.12051
0.0914079 0.43975 2.18538
-0.14991 -0.0778276 2.55988
-0.139182 0.164607 2.52627
-0.127828 0.402153 2.48521
-0.112689 0.552028 2.48946
-0.275574 0.321613 2.47656
-0.457737 0.205862 2.36936
-0.463349 0.363859 2.19611
-0.47595 0.420846 2.15749
0.030662 0.30944 2.49209
0.172228 0.182497 2.37199
0.208561 0.343151 2.2324
0.232101 0.394071 2.19948
-0.228888 -0.0726794 2.52344
-0.321538 -0.23764 2.18125
-0.290901 -0.636069 2.32984
-0.311211 -0.702881 2.23418
-0.0675064 -0.080959 2.53701
0.0203717 -0.244029 2.17447
-0.0287388 -0.651616 2.32105
0.0180614 -0.709293 2.22786
-0.130714 0.343373 2.49706
-0.504304 0.473179 2.11313
-0.435296 0.445792 2.18736
0.2721 0.437661 2.1545
0.213714 0.440253 2.226
-0.147741 -0.0740131 2.56962
-0.137932 0.165571 2.5295
-0.126876 0.40164 2.485
-0.113749 0.5485 2.48701
-0.280705 0.319496 2.47856
-0.480201 0.202992 2.38043
-0.504087 0.379867 2.20633
-0.512112 0.435935 2.17429
0.0332049 0.308501 2.4939
0.192081 0.161521 2.38257
0.26733 0.346535 2.23803
0.296145 0.403488 2.212
-0.229507 -0.0694891 2.53165
-0.321298 -0.237845 2.18119
-0.291192 -0.635975 2.3288
-0.313327 -0.704737 2.23604
-0.0622234 -0.0764869 2.5481
0.020419 -0.243922 2.17431
-0.0284765 -0.653299 2.31903
0.0152474 -0.709656 2.22252
-0.129851 0.343169 2.49726
-0.549663 0.486026 2.1392
-0.469273 0.469781 2.199
0.347941 0.450684 2.18124
0.259412 0.431233 2.22698
-0.149333 -0.0729551 2.56941
-0.139158 0.167722 2.53007
-0.127911 0.404073 2.4844
-0.114253 0.548664 2.48666
-0.279858 0.32207 2.47689
-0.465216 0.220218 2.35304
-0.436192 0.420273 2.19468
-0.41854 0.476447 2.16627
0.0329153 0.309393 2.49031
0.17824 0.174724 2.3546
0.220446 0.377299 2.22065
0.223742 0.444014 2.18879
-0.230906 -0.0680973 2.53203
-0.321357 -0.237848 2.18128
-0.290596 -0.635924 2.32878
-0.3187 -0.706635 2.24118
-0.064265 -0.0757777 2.54725
0.0204089 -0.243968 2.17447
-0.0287411 -0.651517 2.32358
0.0127801 -0.705521 2.22359
-0.13089 0.345623 2.49721
-0.434375 0.534314 2.1369
-0.380873 0.490994 2.20033
0.260865 0.494197 2.16622
0.188241 0.467088 2.19711
-0.150391 -0.0710505 2.56872
-0.140125 0.169851 2.53059
-0.12901 0.405983 2.48432
-0.114811 0.549053 2.48696
-0.274439 0.327206 2.47296
-0.42653 0.22291 2.3282
-0.326534 0.412931 2.18276
-0.302813 0.463614 2.16061
0.0262978 0.315079 2.48557
0.134052 0.214374 2.31406
0.111783 0.387198 2.19225
0.0974761 0.445512 2.1629
-0.231435 -0.0663843 2.53164
-0.3215 -0.237759 2.1813
-0.291351 -0.635953 2.33004
-0.313857 -0.703682 2.23622
-0.0658876 -0.0738572 2.54606
0.0202721 -0.244502 2.17591
-0.030707 -0.656232 2.32401
0.0176734 -0.709398 2.2277
-0.131923 0.347638 2.49744
-0.308032 0.519118 2.12401
-0.277881 0.492188 2.201
0.115875 0.499858 2.13902
0.0655954 0.466137 2.18567
-0.142366 -0.0823715 2.56914
-0.137313 0.164594 2.53077
-0.127914 0.402964 2.48381
-0.116175 0.549835 2.48677
-0.258874 0.312866 2.46961
-0.363167 0.245565 2.27359
-0.235493 0.377189 2.16977
-0.204099 0.401743 2.14654
0.00404918 0.297092 2.48173
0.0913503 0.201705 2.29466
-0.0261829 0.396269 2.18305
-0.025703 0.400142 2.16737
-0.22421 -0.0801448 2.53203
-0.321562 -0.237857 2.1813
-0.291418 -0.635879 2.33004
-0.314647 -0.704285 2.23729
-0.057173 -0.0833046 2.54655
0.0201276 -0.244517 2.17693
-0.0309953 -0.656553 2.32333
0.0178649 -0.707961 2.22582
-0.130747 0.34445 2.49724
-0.18889 0.462244 2.11452
-0.18966 0.391058 2.163
-0.0188184 0.456082 2.12388
-0.0487788 0.426507 2.1914
-0.161186 -0.0852484 2.55772
-0.14004 0.158435 2.52663
-0.121108 0.395395 2.48302
-0.116153 0.564826 2.49456
-0.25346 0.343129 2.4703
-0.345352 0.234983 2.26361
-0.190212 0.337601 2.16437
-0.232641 0.310243 2.18888
0.0199216 0.334558 2.48239
0.0633267 0.190964 2.29211
-0.0677842 0.346927 2.178
-0.111371 0.389137 2.16007
-0.241209 -0.0791371 2.52107
-0.321498 -0.237795 2.18121
-0.291104 -0.6354 2.32887
-0.317262 -0.705729 2.23977
-0.0772946 -0.0894785 2.53488
0.0202845 -0.244794 2.1759
-0.03227 -0.65618 2.32407
0.0181882 -0.707227 2.22737
-0.125854 0.337321 2.49603
-0.168289 0.361133 2.14138
-0.207492 0.309385 2.1891
-0.147436 0.44022 2.12344
-0.100219 0.419225 2.20109
-0.164078 -0.0830677 2.56039
-0.144442 0.159342 2.5254
-0.125487 0.396349 2.48038
-0.116455 0.562547 2.49097
-0.25159 0.306135 2.46415
-0.359782 0.233831 2.26839
-0.230928 0.364877 2.16529
-0.211196 0.405205 2.14706
0.012366 0.323923 2.48317
0.070591 0.192559 2.28791
-0.00874124 0.351732 2.17538
-0.0281671 0.390103 2.15308
-0.245876 -0.0770121 2.52308
-0.321417 -0.237953 2.18134
-0.291256 -0.635333 2.32884
-0.310256 -0.70401 2.23482
-0.0786581 -0.0869844 2.5382
0.0203612 -0.244989 2.17534
-0.032658 -0.656086 2.32461
0.0133443 -0.705904 2.22388
-0.130224 0.338162 2.4937
-0.196791 0.461083 2.10583
-0.195496 0.43018 2.193
-0.0244405 0.447135 2.10889
-0.0491977 0.411036 2.16909
-0.157904 -0.0750252 2.56455
-0.143262 0.164927 2.52869
-0.126797 0.400337 2.48307
-0.114895 0.555937 2.49015
-0.259664 0.31855 2.46807
-0.41406 0.231827 2.32808
-0.3236 0.36516 2.19061
-0.307781 0.426077 2.16441
0.0170806 0.307379 2.48171
0.123555 0.197227 2.31772
0.0821401 0.355508 2.1841
0.0694554 0.407192 2.15881
-0.239256 -0.0689438 2.52784
-0.321429 -0.238014 2.18133
-0.291105 -0.635357 2.32844
-0.313915 -0.706012 2.23824
-0.0728819 -0.0792687 2.54172
0.0204486 -0.244776 2.17545
-0.0329702 -0.656372 2.32679
0.0259332 -0.705994 2.23579
-0.131077 0.342225 2.49632
-0.311802 0.476368 2.11105
-0.281669 0.453716 2.20047
0.0835731 0.455232 2.12542
0.0366304 0.422534 2.1768
-0.15803 -0.0732287 2.56344
-0.14296 0.166838 2.52906
-0.127801 0.402173 2.48381
-0.114026 0.550083 2.48459
-0.273474 0.321964 2.47478
-0.454367 0.198242 2.37831
-0.451515 0.382637 2.2127
-0.462702 0.432233 2.18278
0.0262971 0.308385 2.48996
0.164998 0.181398 2.37117
0.196035 0.354651 2.22998
0.219937 0.405388 2.20026
-0.238394 -0.0667057 2.52692
-0.321444 -0.237857 2.18114
-0.290444 -0.635462 2.32824
-0.314858 -0.704887 2.23721
-0.0741563 -0.0779938 2.54026
0.0204127 -0.244448 2.17537
-0.0307479 -0.651173 2.32452
0.0201642 -0.709686 2.23532
-0.131606 0.343937 2.49697
-0.489702 0.486747 2.143
-0.418336 0.452868 2.21329
0.259326 0.451402 2.15784
0.195447 0.435924 2.2253
-0.159029 -0.073903 2.56402
-0.143042 0.166016 2.52901
-0.127401 0.400889 2.48368
-0.114327 0.546562 2.48102
-0.280521 0.317176 2.478
-0.472244 0.189274 2.3865
-0.502174 0.366064 2.22339
-0.53096 0.423657 2.19474
0.0309971 0.30727 2.49302
0.186743 0.175941 2.38201
0.263515 0.336469 2.24862
0.295233 0.386129 2.22637
-0.239686 -0.0673764 2.52731
-0.321439 -0.237885 2.18109
-0.290448 -0.63619 2.32966
-0.312612 -0.702745 2.23439
-0.074495 -0.0785482 2.54126
0.0204391 -0.244453 2.17527
-0.0327405 -0.656177 2.33119
0.0131377 -0.704373 2.22911
-0.13131 0.342987 2.49692
-0.568022 0.48205 2.16243
-0.481802 0.450288 2.2178
0.341716 0.437588 2.20059
0.26617 0.430278 2.24927
-0.166586 -0.0740634 2.56035
-0.145589 0.165695 2.52756
-0.127342 0.400531 2.48353
-0.11474 0.54508 2.47993
-0.283286 0.316236 2.47891
-0.477335 0.190514 2.38421
-0.504479 0.368992 2.21927
-0.508873 0.429214 2.1791
0.0315993 0.306661 2.49278
0.186759 0.156194 2.37765
0.26964 0.339434 2.24665
0.289093 0.394989 2.21603
-0.246423 -0.0663548 2.52424
-0.321488 -0.237938 2.1811
-0.290168 -0.636184 2.32886
-0.313701 -0.703147 2.23459
-0.0829847 -0.0801036 2.53678
0.0203157 -0.244384 2.17506
-0.0326027 -0.655999 2.32926
0.0154185 -0.704288 2.22861
-0.131584 0.342658 2.4966
-0.541624 0.482842 2.1524
-0.463871 0.450693 2.206
0.337197 0.440944 2.18949
0.253444 0.434018 2.23288
-0.159502 -0.0736021 2.56289
-0.144773 0.167039 2.52794
-0.12784 0.402409 2.48346
-0.114779 0.545372 2.47999
-0.281889 0.3197 2.47814
-0.446382 0.203104 2.35681
-0.430008 0.396899 2.18692
-0.416985 0.451598 2.16056
0.0308848 0.306303 2.49168
0.163052 0.161893 2.3607
0.197126 0.368296 2.21319
0.203402 0.426753 2.18436
-0.239014 -0.0668594 2.52679
-0.321591 -0.238051 2.18124
-0.290223 -0.636178 2.32884
-0.314328 -0.704811 2.23673
-0.0760466 -0.0787755 2.53929
0.0201325 -0.244315 2.1747
-0.0328145 -0.655866 2.33029
0.0126763 -0.702747 2.22699
-0.131866 0.344212 2.49657
-0.440651 0.506533 2.12599
-0.380127 0.475706 2.19712
0.235204 0.482939 2.16494
0.170303 0.454919 2.20862
