-0.0922891 0.342176 2.66236
-0.0979373 0.66431 2.58624
-0.103063 0.974132 2.49801
-0.0635976 1.11462 2.45253
-0.272254 0.867447 2.50995
-0.370717 0.595398 2.59029
-0.41988 0.324858 2.5566
-0.429627 0.241389 2.54536
0.0851634 0.860222 2.56368
0.144745 0.597446 2.65161
0.214597 0.347022 2.62732
0.214155 0.247719 2.60571
-0.172556 0.335979 2.61268
-0.187032 -0.0945554 2.78677
-0.21101 -0.454621 2.90774
-0.218812 -0.537129 2.82105
-0.00936063 0.338245 2.63309
-0.030002 -0.103742 2.78774
-0.04047 -0.47858 2.92265
-0.00595528 -0.548826 2.85778
-0.101883 0.898504 2.52227
-0.433787 0.142995 2.57476
-0.390976 0.206642 2.51164
0.218618 0.150904 2.62087
0.177667 0.205271 2.57276
-0.100696 0.343617 2.66394
-0.109256 0.665034 2.58787
-0.117259 0.974028 2.49992
-0.0796075 1.1131 2.45133
-0.287462 0.8666 2.51321
-0.380989 0.595447 2.59143
-0.428552 0.323417 2.55753
-0.430241 0.237254 2.55561
0.0725624 0.86148 2.56362
0.136357 0.602019 2.65238
0.211261 0.347015 2.62914
0.214501 0.252585 2.61601
-0.181027 0.336911 2.61419
-0.192164 -0.088258 2.78412
-0.211364 -0.449741 2.9066
-0.21902 -0.537083 2.81807
-0.0174572 0.340167 2.63481
-0.0324187 -0.105928 2.78876
-0.0407837 -0.475221 2.9207
-0.00581754 -0.54897 2.85853
-0.115376 0.898612 2.5241
-0.431515 0.141844 2.5857
-0.39484 0.198461 2.52224
0.22251 0.157157 2.63872
0.17821 0.202198 2.58172
-0.101939 0.345941 2.67156
-0.11111 0.666071 2.59754
-0.11955 0.973836 2.51182
-0.0823685 1.11164 2.45781
-0.289263 0.868529 2.52534
-0.380255 0.598605 2.60586
-0.424486 0.335299 2.57498
-0.427735 0.245893 2.57006
0.071387 0.864912 2.5731
0.135203 0.607125 2.66228
0.212255 0.348458 2.63987
0.217055 0.25593 2.6274
-0.182141 0.338927 2.62188
-0.192595 -0.0914206 2.78949
-0.211921 -0.451081 2.90835
-0.218307 -0.536225 2.82059
-0.0187585 0.34276 2.64241
-0.0320889 -0.0997159 2.78917
-0.0405129 -0.474349 2.92117
-0.00479836 -0.549183 2.85493
-0.117573 0.898716 2.53542
-0.428936 0.149514 2.59266
-0.392068 0.206005 2.53753
0.224754 0.159926 2.6479
0.177844 0.202217 2.59149
-0.107435 0.346247 2.67729
-0.116833 0.662703 2.60596
-0.125669 0.966422 2.52318
-0.0956792 1.094 2.45077
-0.297099 0.868105 2.53754
-0.386275 0.598175 2.61684
-0.431586 0.331503 2.58321
-0.439694 0.242369 2.57576
0.0661008 0.864901 2.58082
0.131035 0.603869 2.66734
0.204213 0.355908 2.64401
0.206214 0.254744 2.62257
-0.188291 0.339264 2.62862
-0.198042 -0.0900195 2.7878
-0.211128 -0.453033 2.90913
-0.220012 -0.535555 2.82076
-0.0235071 0.343024 2.6472
-0.0318174 -0.106642 2.7824
-0.0395396 -0.4758 2.92015
-0.00451521 -0.549337 2.85766
-0.123597 0.892344 2.54605
-0.441959 0.142943 2.60632
-0.40553 0.20974 2.54255
0.212415 0.153244 2.64676
0.171793 0.203978 2.58682
-0.112509 0.327281 2.62165
-0.117552 0.633002 2.53879
-0.121765 0.926742 2.44399
-0.100351 1.04585 2.34705
-0.297716 0.839737 2.4643
-0.390716 0.568717 2.55039
-0.434437 0.305329 2.52909
-0.435761 0.219415 2.51572
0.0651943 0.840322 2.50544
0.129162 0.58985 2.61586
0.202184 0.329306 2.60033
0.210153 0.232436 2.58589
-0.194809 0.316569 2.57474
-0.206936 -0.0892875 2.76176
-0.213529 -0.448012 2.90654
-0.222626 -0.538589 2.81398
-0.0268574 0.32819 2.5896
-0.016375 -0.149471 2.56915
-0.0171301 -0.55095 2.55389
0.0172683 -0.607193 2.43182
-0.12085 0.855088 2.4699
-0.440396 0.120134 2.54859
-0.399459 0.1893 2.48308
0.211877 0.128052 2.60823
0.175799 0.196705 2.55182
-0.043398 0.279813 2.43031
-0.033726 0.589316 2.35384
-0.024141 0.885967 2.26519
-0.00539614 1.00535 2.17493
-0.204531 0.802859 2.2892
-0.307971 0.54615 2.3814
-0.376139 0.288624 2.37426
-0.384273 0.198278 2.35686
0.157998 0.787427 2.31483
0.21642 0.528775 2.41444
0.277204 0.271157 2.38789
0.284786 0.178381 2.37115
-0.12516 0.277156 2.38594
-0.17971 -0.129592 2.5316
-0.209301 -0.449488 2.82125
-0.223732 -0.537435 2.7897
0.0398636 0.273415 2.3955
0.0234911 -0.189821 2.4233
0.00836228 -0.582643 2.44901
0.0286045 -0.648831 2.34031
-0.0265353 0.813695 2.28955
-0.392855 0.0983069 2.37684
-0.354914 0.157648 2.32236
0.283816 0.0670422 2.38265
0.249441 0.13048 2.33333
0.0242963 0.243486 2.2491
0.0350483 0.558079 2.18007
0.0452077 0.858826 2.09892
0.0578805 0.974377 2.00811
-0.139726 0.775329 2.12874
-0.236676 0.524255 2.22297
-0.30442 0.272513 2.20103
-0.317574 0.170022 2.17869
0.225661 0.755637 2.13673
0.28246 0.488175 2.22531
0.329306 0.224903 2.18595
0.330959 0.13363 2.15796
-0.0594068 0.243425 2.20901
-0.107815 -0.250512 2.20284
-0.149834 -0.603804 2.2444
-0.16394 -0.680176 2.1543
0.1071 0.234958 2.20986
0.0524451 -0.22602 2.34706
-0.000232507 -0.588939 2.43442
0.0266747 -0.658243 2.35185
0.0427565 0.785649 2.12137
-0.323884 0.0613886 2.19458
-0.288872 0.11458 2.14292
0.330635 0.0335885 2.16504
0.291989 0.0875702 2.12042
-0.00985766 0.198546 2.08095
-0.00741483 0.517858 2.02316
-0.00493503 0.822184 1.95313
0.0172668 0.933217 1.87011
-0.184651 0.732329 1.9695
-0.277101 0.467811 2.04772
-0.328146 0.209832 2.01451
-0.337601 0.115667 1.98815
0.179326 0.722702 1.99676
0.240409 0.455197 2.0972
0.298778 0.203331 2.07115
0.298943 0.10626 2.04309
-0.0935242 0.196936 2.03699
-0.126924 -0.317461 2.08257
-0.165175 -0.669914 2.08537
-0.167696 -0.730767 1.97938
0.0741928 0.192591 2.0456
0.05662 -0.231419 2.19784
0.00416822 -0.589223 2.40752
0.0321369 -0.660797 2.34065
-0.00555632 0.748236 1.97278
-0.332845 0.0039906 2.00288
-0.30465 0.0836286 1.94868
0.298438 0.00237967 2.06078
0.258202 0.0571229 2.01168
-0.0454913 0.191458 2.00576
-0.0512333 0.512319 1.94597
-0.0565168 0.817573 1.87412
-0.0280596 0.916448 1.80073
-0.228954 0.723608 1.88067
-0.328782 0.44926 1.94843
-0.371769 0.18539 1.90389
-0.377225 0.10234 1.88267
0.12873 0.71754 1.92501
0.192404 0.449916 2.02664
0.258259 0.194437 2.00126
0.26164 0.105088 1.97552
-0.128456 0.186527 1.95981
-0.149457 -0.312993 2.04999
-0.166917 -0.677264 2.08086
-0.168834 -0.735941 1.98003
0.0392472 0.188834 1.97237
0.0493954 -0.205429 2.0916
0.00519905 -0.551155 2.35009
0.0305579 -0.650691 2.31044
-0.055277 0.743473 1.89418
-0.370837 -0.00656436 1.89104
-0.345031 0.0720459 1.84244
0.261598 0.00152081 1.99356
0.229615 0.0566968 1.93221
-0.0216647 0.201023 2.10219
-0.0249485 0.524008 2.03868
-0.0280675 0.831927 1.96322
0.00308338 0.946034 1.88763
-0.202325 0.73287 1.97262
-0.301895 0.467112 2.05131
-0.356598 0.216628 2.01415
-0.364215 0.1213 2.00904
0.15984 0.727682 2.01722
0.217627 0.455273 2.1026
0.280424 0.198263 2.06275
0.286803 0.110785 2.05489
-0.104417 0.199342 2.05579
-0.143272 -0.308223 2.07106
-0.167915 -0.672602 2.08002
-0.169011 -0.73688 1.97863
0.061867 0.195153 2.06936
0.0343909 -0.215098 2.22899
-0.0194706 -0.58073 2.42875
0.0188759 -0.65648 2.36654
-0.02732 0.757098 1.98419
-0.363138 0.0138118 2.02224
-0.336279 0.0792241 1.96537
0.288545 0.0105926 2.06104
0.24889 0.0567754 2.0135
-0.0139784 0.253392 2.28197
-0.0095433 0.569864 2.20312
-0.00516277 0.872501 2.1124
0.0318247 0.988397 2.03374
-0.176432 0.779573 2.12649
-0.285492 0.527882 2.20912
-0.347453 0.264966 2.17539
-0.361075 0.178704 2.1748
0.182622 0.766167 2.16991
0.232504 0.498154 2.26081
0.288506 0.238283 2.22407
0.287706 0.146154 2.22117
-0.0971201 0.253912 2.23629
-0.136128 -0.216578 2.2672
-0.16305 -0.560943 2.43224
-0.199463 -0.634277 2.35742
0.0696088 0.244173 2.24852
0.0163542 -0.208953 2.3734
-0.0292342 -0.589137 2.45677
0.0100374 -0.657621 2.37775
-0.00625149 0.798863 2.13721
-0.367915 0.069455 2.18843
-0.334614 0.123603 2.13231
0.29006 0.0501505 2.23626
0.249357 0.0983914 2.18827
-0.0948164 0.286729 2.45816
-0.0945317 0.602461 2.37623
-0.093527 0.905284 2.28234
-0.0629103 1.03282 2.21056
-0.263491 0.808384 2.29427
-0.356243 0.538369 2.37318
-0.402979 0.273117 2.33518
-0.41268 0.195399 2.33261
0.0958751 0.800447 2.33999
0.153294 0.547419 2.42633
0.213297 0.298368 2.40373
0.21902 0.190856 2.38943
-0.17606 0.28103 2.41146
-0.212978 -0.13744 2.61007
-0.236875 -0.479507 2.80133
-0.256699 -0.551586 2.73334
-0.010556 0.283193 2.42589
-0.0150293 -0.153797 2.44365
-0.0270578 -0.5775 2.46757
0.00588275 -0.650207 2.37802
-0.0938895 0.831485 2.30798
-0.415139 0.098753 2.34201
-0.378632 0.146032 2.30458
0.2273 0.0988997 2.39783
0.181366 0.139054 2.35918
-0.147667 0.330059 2.58444
-0.152893 0.642497 2.50408
-0.157223 0.942526 2.41213
-0.134934 1.07301 2.33762
-0.334072 0.842273 2.42472
-0.43719 0.581481 2.50826
-0.500317 0.319153 2.48921
-0.517657 0.234335 2.49114
0.028667 0.844918 2.47748
0.0995984 0.581634 2.56127
0.173738 0.327098 2.53198
0.181628 0.234992 2.52185
-0.228923 0.320075 2.5363
-0.237206 -0.104518 2.70213
-0.239852 -0.471862 2.82651
-0.251899 -0.549514 2.74667
-0.0619155 0.329985 2.5538
-0.0442336 -0.128939 2.58259
-0.0565617 -0.51124 2.70274
-0.0193761 -0.588179 2.60144
-0.156303 0.869355 2.43728
-0.526157 0.131724 2.53184
-0.486855 0.178182 2.45822
0.195448 0.146536 2.5342
0.151464 0.184399 2.48869
-0.156526 0.337602 2.61685
-0.161982 0.653192 2.54339
-0.166371 0.956536 2.45821
-0.143348 1.08928 2.38675
-0.342508 0.85639 2.47207
-0.440545 0.593834 2.55178
-0.500961 0.33313 2.52318
-0.506637 0.243506 2.51564
0.0221523 0.854816 2.51641
0.0896517 0.589375 2.59226
0.162532 0.332622 2.55885
0.160463 0.239979 2.54197
-0.236883 0.33099 2.56926
-0.244102 -0.0977781 2.72011
-0.244013 -0.467223 2.83241
-0.252429 -0.549144 2.75195
-0.0714468 0.334156 2.5858
-0.0716194 -0.117235 2.72949
-0.0685164 -0.484481 2.85752
-0.039393 -0.55824 2.77966
-0.165453 0.882513 2.48168
-0.512261 0.145143 2.53973
-0.476935 0.206835 2.48138
0.169608 0.1477 2.55239
0.130482 0.199965 2.50536
-0.152067 0.33661 2.6109
-0.156068 0.646883 2.52899
-0.15916 0.944208 2.43484
-0.13688 1.07666 2.36135
-0.334378 0.846637 2.44881
-0.427458 0.571224 2.52479
-0.476446 0.301904 2.48942
-0.477809 0.220512 2.47499
0.0265434 0.847482 2.5006
0.0869671 0.585436 2.58864
0.153606 0.333752 2.56245
0.160671 0.235749 2.54097
-0.233241 0.326621 2.56214
-0.240299 -0.103979 2.71438
-0.240628 -0.468889 2.83484
-0.249693 -0.548763 2.73994
-0.0662015 0.33647 2.58047
-0.0506234 -0.122821 2.59613
-0.0752105 -0.500908 2.72367
-0.0292631 -0.579887 2.63089
-0.158549 0.871727 2.46058
-0.481358 0.122558 2.51038
-0.443606 0.18673 2.43953
0.168555 0.134486 2.56012
0.128062 0.196494 2.50388
-0.0971426 0.279265 2.44676
-0.0893758 0.592446 2.36097
-0.0814432 0.892643 2.26293
-0.0526193 1.02016 2.18234
-0.254509 0.799273 2.27136
-0.364243 0.543207 2.35368
-0.425343 0.274035 2.34269
-0.43148 0.189561 2.32782
0.101602 0.784865 2.3221
0.151295 0.524602 2.41613
0.207869 0.271917 2.40274
0.219482 0.166939 2.38082
-0.179529 0.275241 2.39925
-0.150258 -0.160225 2.54367
-0.238424 -0.473984 2.81821
-0.251823 -0.548544 2.74726
-0.0116287 0.274256 2.41522
-0.0254153 -0.20933 2.4238
-0.0199592 -0.581515 2.39661
0.0090997 -0.642647 2.27828
-0.0834796 0.819511 2.28965
-0.43672 0.0831975 2.35519
-0.400868 0.146765 2.29207
0.220504 0.0594603 2.40628
0.234663 0.145411 2.3392
-0.00834034 0.249916 2.24147
0.0031875 0.565788 2.17306
0.0141837 0.867585 2.09232
0.0364681 0.992599 2.0164
-0.167255 0.777982 2.11116
-0.273214 0.525007 2.19322
-0.337858 0.276103 2.16526
-0.353317 0.178104 2.14215
0.198649 0.754847 2.13539
0.247774 0.480171 2.21064
0.295402 0.221436 2.17337
0.3005 0.126942 2.14251
-0.091041 0.253533 2.19776
-0.143676 -0.15164 2.20379
-0.178404 -0.512374 2.44438
-0.19518 -0.612953 2.39102
0.0746327 0.237463 2.20603
0.0231413 -0.212877 2.30522
-0.0130272 -0.597562 2.37274
0.0111124 -0.67469 2.28295
0.011499 0.794171 2.11468
-0.362301 0.0740414 2.15326
-0.329136 0.132198 2.107
0.299289 0.0277228 2.15283
0.26419 0.0886262 2.10729
0.011828 0.198143 2.08973
0.01853 0.523071 2.03073
0.0250635 0.832803 1.95951
0.0420664 0.955028 1.89257
-0.15882 0.736366 1.97769
-0.256172 0.473192 2.04396
-0.318782 0.207949 1.9985
-0.328528 0.120274 1.97132
0.208195 0.717857 1.99848
0.261664 0.442086 2.07805
0.315406 0.163322 2.031
0.309676 0.0880922 2.00764
-0.0707842 0.198095 2.04603
-0.122543 -0.323226 2.0538
-0.172173 -0.671179 2.03875
-0.172498 -0.728689 1.92271
0.0939417 0.190661 2.05402
0.040733 -0.251357 2.21206
-0.0157317 -0.614794 2.35889
0.0168565 -0.682153 2.28166
0.023465 0.757531 1.97945
-0.331158 0.0142062 1.98148
-0.296278 0.0791005 1.93006
0.306432 -0.0182322 2.02288
0.279936 0.0582309 1.96929
-0.0341184 0.171406 1.9314
-0.0357676 0.498451 1.87729
-0.0372376 0.808972 1.81101
-0.0212342 0.918491 1.75065
-0.211912 0.707396 1.81701
-0.307179 0.431731 1.87889
-0.354062 0.170029 1.82757
-0.358714 0.0835379 1.79986
0.141923 0.696291 1.85278
0.211829 0.422504 1.94744
0.271552 0.169205 1.91042
0.274055 0.0801507 1.88155
-0.117606 0.168435 1.8857
-0.142381 -0.319813 1.97128
-0.165891 -0.691272 2.01605
-0.167336 -0.751708 1.91402
0.0507659 0.167338 1.89769
0.0408562 -0.235161 2.0397
-0.00919535 -0.583911 2.29306
0.0209123 -0.680736 2.26146
-0.036909 0.733651 1.82966
-0.353631 -0.0231701 1.80699
-0.324745 0.0521776 1.75992
0.274524 -0.0268121 1.89592
0.244336 0.0432418 1.84235
-0.0499478 0.170246 1.91347
-0.0556982 0.495286 1.85393
-0.0608559 0.803825 1.78231
-0.0459188 0.909326 1.71892
-0.233784 0.703068 1.78727
-0.325892 0.424525 1.8499
-0.36843 0.166994 1.80029
-0.370715 0.0802676 1.79245
0.120351 0.697413 1.82999
0.193615 0.420925 1.92619
0.259903 0.174882 1.89203
0.267679 0.0850298 1.87999
-0.133747 0.165609 1.86665
-0.153939 -0.310717 1.95537
-0.166572 -0.69348 2.01497
-0.169485 -0.75326 1.92135
0.0358626 0.167799 1.88096
0.0369998 -0.219669 2.02252
-0.0205967 -0.557145 2.28843
0.00779216 -0.654103 2.26935
-0.059662 0.729012 1.80228
-0.36639 -0.0247476 1.79614
-0.336662 0.0358442 1.75272
0.271001 -0.0177982 1.88664
0.233959 0.0342874 1.83884
-0.0246796 0.188123 2.09139
-0.0178841 0.509463 2.02035
-0.0115556 0.815884 1.9373
0.0009314 0.938086 1.86304
-0.194804 0.719235 1.95698
-0.287608 0.45824 2.02274
-0.348726 0.192483 1.98263
-0.356854 0.109628 1.9745
0.171376 0.711555 1.98539
0.230791 0.438361 2.06897
0.289018 0.177863 2.03624
0.289952 0.0911253 2.02321
-0.106456 0.188316 2.04762
-0.146365 -0.325422 2.00891
-0.174472 -0.686884 2.01784
-0.171378 -0.755731 1.91104
0.0580161 0.180813 2.05583
0.0184151 -0.249814 2.22417
-0.0310664 -0.608299 2.37757
0.00419569 -0.672246 2.30588
-0.0130897 0.741426 1.96016
-0.357787 0.00384035 1.98124
-0.325425 0.0689011 1.93162
0.291429 -0.00829768 2.02898
0.254114 0.0421556 1.985
-0.0386179 0.25415 2.2518
-0.0252033 0.568476 2.17754
-0.0120611 0.868881 2.0914
-0.00186826 0.994687 2.01411
-0.198948 0.778628 2.12191
-0.287114 0.525035 2.20117
-0.354133 0.280103 2.17727
-0.379447 0.181702 2.1698
0.168429 0.761123 2.13911
0.230268 0.496017 2.23239
0.279934 0.230504 2.21019
0.277437 0.14388 2.2127
-0.121559 0.256445 2.2098
-0.174182 -0.157852 2.26327
-0.216259 -0.494979 2.5262
-0.238935 -0.59244 2.4614
0.0456871 0.242943 2.21468
0.00670378 -0.202913 2.31329
-0.0329666 -0.589083 2.39281
0.00010257 -0.671979 2.3137
-0.0153157 0.795807 2.11507
-0.388355 0.0725499 2.17081
-0.359629 0.139731 2.1272
0.278813 0.0438881 2.22889
0.242855 0.11228 2.18386
-0.115586 0.278296 2.41942
-0.1098 0.593013 2.33545
-0.103457 0.894696 2.23981
-0.0945257 1.02837 2.17107
-0.282735 0.799467 2.26285
-0.360727 0.528155 2.33721
-0.408258 0.269001 2.30163
-0.41906 0.187691 2.29717
0.0815722 0.791181 2.29087
0.149591 0.526861 2.37835
0.207527 0.268527 2.35549
0.20065 0.176744 2.34814
-0.197957 0.273262 2.37825
-0.229099 -0.140843 2.55293
-0.250114 -0.484386 2.74597
-0.268915 -0.564315 2.67513
-0.0294742 0.27437 2.38175
-0.0289312 -0.20367 2.39572
-0.0299647 -0.596169 2.399
-0.000264386 -0.668505 2.31019
-0.105137 0.8212 2.26586
-0.424069 0.0908181 2.30401
-0.393349 0.157814 2.26047
0.206357 0.0854546 2.35602
0.159667 0.12317 2.32518
-0.153103 0.319298 2.53322
-0.156454 0.632238 2.45766
-0.15888 0.932545 2.37058
-0.152308 1.06717 2.30141
-0.339888 0.83291 2.38694
-0.418045 0.563033 2.45741
-0.46493 0.289148 2.41938
-0.472209 0.216247 2.42148
0.0270819 0.832226 2.42034
0.0903835 0.561916 2.50882
0.139291 0.297645 2.48359
0.135069 0.212674 2.48021
-0.2352 0.309021 2.48746
-0.241508 -0.120643 2.65757
-0.247771 -0.486181 2.77974
-0.265118 -0.563112 2.69241
-0.0662461 0.319701 2.50018
-0.0500198 -0.145209 2.52257
-0.0536563 -0.511732 2.65526
-0.0246735 -0.594238 2.56836
-0.158441 0.859327 2.39451
-0.475853 0.122768 2.43883
-0.495897 0.261208 2.41925
0.134612 0.116374 2.49904
0.0954401 0.17385 2.45047
-0.142591 0.323258 2.55966
-0.145299 0.643015 2.4958
-0.14714 0.950424 2.42032
-0.144451 1.08926 2.35867
-0.330735 0.844423 2.43415
-0.407928 0.572225 2.5121
-0.459844 0.308076 2.47336
-0.458335 0.225509 2.46377
0.0374532 0.839567 2.45963
0.0979879 0.563591 2.54123
0.14888 0.30483 2.50667
0.155267 0.216476 2.49067
-0.223724 0.316876 2.51567
-0.235191 -0.118655 2.66774
-0.248139 -0.4854 2.78546
-0.265159 -0.563136 2.69609
-0.0569615 0.319791 2.52497
-0.066716 -0.132353 2.67333
-0.0677353 -0.492763 2.8074
-0.0303905 -0.57027 2.73599
-0.14683 0.875403 2.44136
-0.459776 0.130195 2.48441
-0.480759 0.213787 2.45317
0.154686 0.118639 2.5139
0.143919 0.19791 2.50267
-0.140114 0.324318 2.56495
-0.144195 0.644542 2.49872
-0.14775 0.9522 2.42042
-0.142253 1.08977 2.3586
-0.33027 0.846529 2.43617
-0.400886 0.577597 2.51104
-0.444173 0.310022 2.4702
-0.447378 0.223294 2.45502
0.0368032 0.839647 2.46102
0.097306 0.564182 2.53543
0.151007 0.303192 2.49185
0.141519 0.215589 2.47064
-0.22108 0.318361 2.52016
-0.231581 -0.117629 2.67042
-0.247016 -0.481532 2.78759
-0.265374 -0.562185 2.69604
-0.0548615 0.320315 2.53096
-0.0595284 -0.122705 2.65944
-0.0675358 -0.49382 2.80861
-0.0300965 -0.570984 2.74009
-0.146987 0.877132 2.44221
-0.446684 0.124032 2.47785
-0.469393 0.220146 2.45262
0.139362 0.115969 2.4862
0.10605 0.182501 2.44025
-0.150678 0.31309 2.51565
-0.156088 0.626087 2.42747
-0.160369 0.926412 2.32735
-0.153506 1.06416 2.26252
-0.339908 0.823615 2.34897
-0.414352 0.556922 2.4341
-0.456644 0.281486 2.41143
-0.457723 0.20289 2.3933
0.022604 0.818034 2.37501
0.0869567 0.548458 2.47117
0.138652 0.289349 2.4538
0.13771 0.203494 2.43727
-0.232906 0.304372 2.47163
-0.245767 -0.117863 2.65517
-0.25245 -0.480797 2.78468
-0.266428 -0.564788 2.69144
-0.0637308 0.311927 2.48075
-0.0501696 -0.201982 2.46787
-0.0231365 -0.564806 2.43102
-0.00314383 -0.624152 2.32506
-0.159484 0.85321 2.35456
-0.456264 0.0941129 2.42953
-0.478496 0.210507 2.38937
0.142029 0.0952613 2.46151
0.158878 0.19056 2.3986
-0.0897442 0.263185 2.33213
-0.0799845 0.58245 2.25577
-0.0701268 0.887919 2.16705
-0.0619745 1.02238 2.09765
-0.254052 0.790716 2.19424
-0.333599 0.520607 2.2773
-0.376177 0.266926 2.2525
-0.378231 0.173667 2.23228
0.111876 0.771297 2.20294
0.164003 0.503644 2.28913
0.205307 0.239195 2.25813
0.202465 0.147191 2.2371
-0.171901 0.260028 2.29265
-0.220999 -0.147626 2.46358
-0.252465 -0.48347 2.72862
-0.268913 -0.562942 2.67759
-0.00453122 0.257379 2.29252
-0.0186776 -0.234643 2.32963
-0.0297357 -0.611565 2.34848
-0.0142772 -0.67672 2.24054
-0.0726319 0.81356 2.19142
-0.379094 0.0631064 2.262
-0.396482 0.134278 2.232
0.198768 0.0438194 2.25615
0.214105 0.127393 2.18994
-0.0174394 0.227101 2.15684
-0.00495437 0.548646 2.08688
0.00717409 0.855417 2.00482
0.0152328 0.978765 1.93618
-0.180022 0.758377 2.03414
-0.256944 0.496523 2.11566
-0.305853 0.234484 2.0839
-0.306753 0.14542 2.05896
0.186842 0.737779 2.03307
0.240978 0.468923 2.11176
0.280387 0.187391 2.06777
0.274727 0.106593 2.04349
-0.100028 0.228266 2.11605
-0.143006 -0.270049 2.12695
-0.185895 -0.623377 2.18952
-0.201782 -0.692871 2.08984
0.0658121 0.217492 2.11839
0.0127148 -0.245986 2.25759
-0.0294077 -0.611432 2.34209
-0.015279 -0.684335 2.25307
0.00419099 0.780848 2.02746
-0.309628 0.0325296 2.0753
-0.324553 0.114925 2.01876
0.264486 0.003428 2.05717
0.306095 0.103346 2.04418
-0.0252302 0.175553 2.00318
-0.0194431 0.500042 1.94129
-0.0138516 0.808711 1.86707
-0.00568386 0.922047 1.80817
-0.199517 0.712666 1.88636
-0.279454 0.440567 1.96219
-0.323181 0.184255 1.9239
-0.330614 0.0881464 1.90019
0.165574 0.696818 1.9026
0.221371 0.42807 1.99176
0.267736 0.14487 1.95528
0.258907 0.0711654 1.92888
-0.108446 0.173835 1.96051
-0.138177 -0.341552 1.98846
-0.182112 -0.686039 1.98232
-0.181312 -0.748959 1.86407
0.058962 0.170287 1.96647
0.0259766 -0.267097 2.12809
-0.0311857 -0.627595 2.32603
-0.0112235 -0.688269 2.24548
-0.0152341 0.733783 1.88774
-0.32771 -0.0176327 1.90913
-0.355984 0.0466698 1.899
0.251585 -0.034093 1.94442
0.290208 0.100816 1.92355
-0.0733437 0.161392 1.86978
-0.077893 0.486502 1.80748
-0.0817361 0.794708 1.73299
-0.0730027 0.900475 1.66851
-0.256855 0.69087 1.74374
-0.327218 0.410245 1.82288
-0.357592 0.154444 1.78683
-0.347954 0.068869 1.76878
0.100807 0.687918 1.77383
0.16597 0.407273 1.86224
0.215953 0.141674 1.82359
0.208916 0.0655631 1.79765
-0.156623 0.156003 1.8264
-0.166479 -0.314165 1.90895
-0.183107 -0.708667 1.96876
-0.183274 -0.76293 1.86479
0.0130326 0.159962 1.83375
0.0290624 -0.230022 1.94499
-0.0261342 -0.562853 2.21663
-0.021253 -0.611902 2.1021
-0.0808931 0.720031 1.75367
-0.344506 -0.0441422 1.773
-0.385076 0.0741549 1.7587
0.203668 -0.0406106 1.80423
0.243518 0.0576151 1.789
-0.0724785 0.160429 1.86162
-0.0769727 0.485825 1.80324
-0.0806157 0.794309 1.73313
-0.0719486 0.900652 1.66901
-0.254989 0.690757 1.74573
-0.326172 0.412616 1.82505
-0.360312 0.154162 1.7852
-0.354906 0.0667527 1.78366
0.0965626 0.686064 1.7644
0.166624 0.409195 1.85564
0.212791 0.151095 1.81291
0.216306 0.0652789 1.80071
-0.156256 0.154408 1.81737
-0.168622 -0.316625 1.90389
-0.181075 -0.712668 1.96718
-0.185043 -0.764779 1.86604
0.0144049 0.159564 1.8266
0.0369419 -0.232557 1.94479
-0.00184272 -0.557908 2.2272
-0.000249028 -0.606763 2.11229
-0.0798336 0.719559 1.75268
-0.343832 -0.0392702 1.78774
-0.380971 0.0476895 1.76636
0.212569 -0.0386844 1.80438
0.250006 0.0864912 1.798
-0.0187268 0.182288 2.03877
-0.0110845 0.506916 1.97437
-0.00389071 0.81615 1.89823
0.0073345 0.934478 1.83719
-0.187137 0.714028 1.91354
-0.262383 0.445814 1.98962
-0.306762 0.186959 1.95445
-0.307989 0.0923118 1.95134
0.176963 0.706262 1.94491
0.226329 0.430513 2.0238
0.273434 0.158508 1.97437
0.269218 0.0820492 1.9668
-0.100114 0.183527 1.9936
-0.144843 -0.332613 1.97442
-0.185777 -0.711098 1.96141
-0.183031 -0.765138 1.85979
0.0633791 0.17396 2.00462
0.0284164 -0.239785 2.18138
-0.0152673 -0.613078 2.35231
0.0178087 -0.681295 2.2756
-0.00564272 0.741038 1.91933
-0.305051 -0.00952616 1.9595
-0.338447 0.0937281 1.94304
0.265133 -0.0173905 1.97071
0.297537 0.0893945 1.95716
-0.0100819 0.249494 2.22506
-0.00140943 0.565067 2.15607
0.00702987 0.866518 2.07509
0.0182022 0.996536 2.00617
-0.177438 0.771542 2.09752
-0.2764 0.511655 2.17871
-0.334176 0.25746 2.15512
-0.351067 0.168048 2.15799
0.188963 0.759136 2.12298
0.252698 0.495339 2.21752
0.31075 0.234626 2.1951
0.316079 0.14411 2.19404
-0.0932898 0.252079 2.18206
-0.146859 -0.146324 2.21768
-0.192496 -0.456297 2.51536
-0.218893 -0.556299 2.48772
0.0734894 0.238032 2.1889
0.0262672 -0.214626 2.28161
-0.0157334 -0.603726 2.36656
0.012235 -0.678642 2.28858
0.00495324 0.7932 2.09748
-0.35939 0.0661408 2.17424
-0.373743 0.157979 2.14921
0.320401 0.0442645 2.21206
0.345023 0.168582 2.19129
-0.0920603 0.26994 2.44409
-0.0835643 0.581614 2.35292
-0.0742135 0.880595 2.24934
-0.058657 1.01427 2.17644
-0.250925 0.784956 2.26633
-0.349185 0.515073 2.34829
-0.398028 0.255373 2.32281
-0.410361 0.17184 2.325
0.107772 0.77665 2.30303
0.178877 0.518306 2.38831
0.247982 0.259532 2.37034
0.252056 0.162914 2.3557
-0.1744 0.266301 2.39878
-0.208593 -0.124211 2.59591
-0.241074 -0.467698 2.8281
-0.26863 -0.544474 2.76705
-0.00675313 0.264841 2.41036
-0.00837194 -0.223208 2.39337
-0.0106986 -0.604891 2.37865
0.0118418 -0.675324 2.28012
-0.0766618 0.807732 2.27744
-0.415396 0.0727209 2.35131
-0.439123 0.191807 2.3265
0.259684 0.0617863 2.37254
0.276046 0.189498 2.353
-0.148131 0.331196 2.61029
-0.149141 0.639107 2.52499
-0.149378 0.934867 2.42791
-0.133472 1.06695 2.34866
-0.326696 0.840859 2.44257
-0.419195 0.565568 2.50846
-0.468752 0.301511 2.47312
-0.474843 0.221193 2.4754
0.0359336 0.840798 2.48696
0.109742 0.576214 2.57724
0.18385 0.323971 2.55896
0.189383 0.23196 2.55477
-0.230545 0.321774 2.56353
-0.236736 -0.0959065 2.72833
-0.243753 -0.467633 2.86908
-0.267467 -0.546285 2.79417
-0.0612405 0.330616 2.57822
-0.0394596 -0.132722 2.55044
-0.0474361 -0.510774 2.64354
-0.0170658 -0.580886 2.53246
-0.149464 0.862735 2.45437
-0.479334 0.128886 2.49982
-0.497978 0.248423 2.47
0.198175 0.136705 2.56948
0.22054 0.229378 2.54467
-0.139883 0.346412 2.66013
-0.142805 0.660015 2.57956
-0.144716 0.961391 2.48755
-0.124216 1.09313 2.41718
-0.318984 0.859737 2.50245
-0.405489 0.590952 2.57571
-0.450031 0.316977 2.54457
-0.447322 0.237651 2.54217
0.0422095 0.858496 2.54601
0.105407 0.596602 2.63555
0.175491 0.344104 2.61211
0.183154 0.247355 2.60237
-0.220766 0.339106 2.61271
-0.237174 -0.0908865 2.76228
-0.244489 -0.454094 2.87404
-0.265425 -0.545593 2.79281
-0.0547892 0.343478 2.62884
-0.0492096 -0.11559 2.74266
-0.0478847 -0.484327 2.85765
-0.00889742 -0.555802 2.77677
-0.144407 0.887849 2.51271
-0.44822 0.143721 2.5583
-0.474318 0.252709 2.541
0.193377 0.156797 2.61232
0.210132 0.246776 2.58792
