-0.130418 -0.045661 2.31242
-0.139639 0.255468 2.28877
-0.14782 0.54662 2.25306
-0.13649 0.693301 2.24292
-0.295283 0.413518 2.23535
-0.341499 0.167349 2.26869
-0.391395 -0.0506225 2.24863
-0.393972 -0.0816806 2.24371
0.0385708 0.461997 2.26911
0.254631 0.491142 2.20173
0.268004 0.703407 2.13092
0.275724 0.725889 2.13323
-0.201315 -0.0475085 2.26677
-0.200571 -0.34826 2.35989
-0.202782 -0.652033 2.41734
-0.203901 -0.731322 2.33627
-0.0554773 -0.0421565 2.28559
-0.0637525 -0.358842 2.36636
-0.0787146 -0.650974 2.42726
-0.0622718 -0.732093 2.34855
-0.145954 0.47527 2.26415
-0.396115 -0.149252 2.25264
-0.406943 -0.0930941 2.20877
0.289087 0.803714 2.1389
0.326347 0.730748 2.13018
-0.132928 -0.0453812 2.31237
-0.141568 0.255752 2.28921
-0.149771 0.546879 2.25396
-0.138552 0.693672 2.24382
-0.297069 0.413272 2.23586
-0.343351 0.167303 2.26977
-0.39228 -0.0508159 2.24792
-0.391466 -0.0804777 2.23788
0.0368887 0.462439 2.26782
0.252784 0.489811 2.19861
0.271262 0.702216 2.12981
0.270623 0.72337 2.1322
-0.203722 -0.0472595 2.26676
-0.201254 -0.348602 2.36021
-0.202331 -0.652683 2.41792
-0.204249 -0.731258 2.33623
-0.0581064 -0.041892 2.2854
-0.0662093 -0.359443 2.36648
-0.0786736 -0.651831 2.42777
-0.0616921 -0.731709 2.34831
-0.147844 0.475526 2.26493
-0.393321 -0.149164 2.24883
-0.405247 -0.0907514 2.19669
0.283254 0.797525 2.13298
0.320571 0.727771 2.13258
-0.134298 -0.0457904 2.3113
-0.143321 0.25551 2.28844
-0.151823 0.546743 2.25329
-0.141191 0.692575 2.24254
-0.298166 0.412249 2.23253
-0.345178 0.166185 2.26617
-0.39146 -0.05216 2.2382
-0.390791 -0.0804797 2.22943
0.0346237 0.463162 2.26589
0.250997 0.488844 2.19762
0.269765 0.701363 2.12933
0.267166 0.726899 2.13168
-0.205055 -0.0479958 2.26539
-0.201349 -0.348584 2.35946
-0.202265 -0.653168 2.41809
-0.204228 -0.731369 2.33649
-0.0594804 -0.0421015 2.28448
-0.0676632 -0.359421 2.36587
-0.0786826 -0.651973 2.42772
-0.0627738 -0.731869 2.3469
-0.149849 0.475363 2.26426
-0.392182 -0.149139 2.23429
-0.402834 -0.0890487 2.19089
0.279998 0.802421 2.1364
0.317137 0.732584 2.1376
-0.132712 -0.0441297 2.30845
-0.141867 0.256213 2.28738
-0.149318 0.546418 2.25363
-0.139242 0.693154 2.24771
-0.292368 0.413218 2.22763
-0.345479 0.169235 2.2585
-0.391489 -0.0491216 2.2296
-0.390169 -0.0813885 2.2175
0.0358093 0.468866 2.26727
0.220941 0.517117 2.13544
0.0363936 0.612272 2.04246
0.00180901 0.629143 2.02486
-0.203169 -0.0466702 2.26071
-0.201741 -0.345263 2.35633
-0.202264 -0.653166 2.4182
-0.204043 -0.731365 2.33634
-0.0580356 -0.0401991 2.28319
-0.0686165 -0.350448 2.3603
-0.0786164 -0.651747 2.42704
-0.0625854 -0.730732 2.34845
-0.147702 0.475327 2.26423
-0.390851 -0.148633 2.22668
-0.400964 -0.0953644 2.17819
-0.0525622 0.676184 1.99343
0.0364208 0.644848 1.99796
-0.135956 -0.0474116 2.30798
-0.140739 0.253462 2.28469
-0.145383 0.542279 2.24771
-0.146396 0.703458 2.25141
-0.296519 0.410591 2.22912
-0.3454 0.174072 2.26248
-0.391485 -0.0443814 2.23481
-0.395487 -0.0820671 2.23757
0.0357364 0.45462 2.26423
0.198803 0.516817 2.10888
-0.0343718 0.468606 2.06246
-0.0981479 0.478252 2.07136
-0.208978 -0.0496844 2.26396
-0.201479 -0.344172 2.3552
-0.202195 -0.653926 2.41845
-0.203777 -0.731233 2.33615
-0.0591862 -0.044125 2.27982
-0.0679001 -0.353804 2.36109
-0.0787004 -0.652113 2.4272
-0.0626983 -0.731653 2.34713
-0.144466 0.471342 2.25948
-0.397653 -0.152493 2.24637
-0.409475 -0.101009 2.19798
-0.171688 0.484636 2.06904
-0.100183 0.435807 2.11517
-0.13471 -0.0422062 2.3073
-0.141386 0.253555 2.2853
-0.147784 0.539348 2.25306
-0.147104 0.704636 2.24751
-0.297485 0.408502 2.23107
-0.346306 0.174564 2.26528
-0.389339 -0.0449262 2.24435
-0.388038 -0.104861 2.23564
0.0294851 0.473056 2.26451
0.203643 0.518695 2.11594
-0.0230957 0.569801 2.04423
-0.0715392 0.589402 2.04282
-0.207345 -0.043718 2.26129
-0.202874 -0.340794 2.35422
-0.201776 -0.654421 2.41885
-0.204022 -0.731224 2.33639
-0.0577337 -0.0388758 2.28057
-0.0669052 -0.34591 2.35823
-0.0787673 -0.652104 2.42697
-0.0627081 -0.732003 2.34657
-0.146083 0.469488 2.26296
-0.385451 -0.158601 2.25127
-0.402688 -0.105771 2.19786
-0.140627 0.62326 2.04354
-0.0926317 0.558213 2.063
-0.132213 -0.040723 2.31066
-0.142066 0.257382 2.29156
-0.151729 0.54631 2.2612
-0.141754 0.69187 2.25342
-0.296768 0.411502 2.23505
-0.346785 0.174955 2.26582
-0.389587 -0.0444315 2.24179
-0.392925 -0.0846154 2.2358
0.0237661 0.474746 2.26618
0.217954 0.532196 2.15522
0.148075 0.720767 2.05139
0.1439 0.773071 2.04451
-0.203673 -0.0436058 2.26417
-0.202866 -0.347435 2.35871
-0.20175 -0.654647 2.41909
-0.204137 -0.731138 2.33642
-0.0566231 -0.036335 2.28492
-0.0677293 -0.356598 2.36391
-0.0791907 -0.652675 2.42725
-0.0629536 -0.732013 2.34678
-0.149419 0.475471 2.27092
-0.392805 -0.155734 2.24728
-0.405561 -0.0976329 2.19764
0.129011 0.85145 2.04378
0.100282 0.754976 2.01776
-0.132805 -0.0415901 2.31179
-0.143746 0.25773 2.29295
-0.154345 0.547478 2.26246
-0.139777 0.692107 2.25222
-0.298827 0.412597 2.23677
-0.347713 0.172104 2.27045
-0.391854 -0.0469399 2.24569
-0.396145 -0.0826999 2.24508
0.0267896 0.472102 2.26495
0.238692 0.4949 2.17941
0.292306 0.702053 2.11427
0.323482 0.72425 2.1284
-0.203773 -0.0447005 2.26537
-0.202607 -0.347906 2.35922
-0.201841 -0.654518 2.41843
-0.204475 -0.731478 2.33596
-0.0576862 -0.0371324 2.28595
-0.0684482 -0.360721 2.36542
-0.0792717 -0.652996 2.42741
-0.0625787 -0.731754 2.34764
-0.151815 0.476444 2.27226
-0.399191 -0.15053 2.25693
-0.40919 -0.0879495 2.20778
0.368508 0.788111 2.15094
0.287534 0.743344 2.11941
-0.135731 -0.0443554 2.31209
-0.145033 0.256677 2.29297
-0.154212 0.547103 2.26194
-0.139079 0.691631 2.2498
-0.29924 0.413173 2.23721
-0.348834 0.170047 2.26919
-0.394482 -0.0484213 2.24088
-0.394908 -0.0799295 2.22885
0.0309588 0.465985 2.26886
0.249381 0.445296 2.20396
0.357134 0.632776 2.14822
0.385673 0.643809 2.16295
-0.206183 -0.0472666 2.26499
-0.202371 -0.349257 2.36021
-0.201881 -0.654056 2.41819
-0.204144 -0.731196 2.33639
-0.0611305 -0.0401114 2.28677
-0.0687222 -0.361187 2.36586
-0.0794719 -0.653249 2.42771
-0.0626808 -0.731765 2.34681
-0.152044 0.47597 2.27191
-0.393841 -0.148657 2.23806
-0.409189 -0.091656 2.18875
0.445013 0.686883 2.19045
0.364306 0.678858 2.15929
-0.136976 -0.0460088 2.31174
-0.145857 0.255321 2.29256
-0.154146 0.546024 2.26119
-0.138743 0.69159 2.24965
-0.299858 0.413554 2.23778
-0.349153 0.166739 2.26765
-0.396871 -0.0511404 2.23794
-0.397837 -0.0808482 2.23134
0.0318443 0.463043 2.272
0.2493 0.423041 2.21406
0.404134 0.575134 2.16143
0.449565 0.564288 2.16605
-0.207225 -0.0488732 2.26446
-0.202269 -0.349678 2.36013
-0.201711 -0.654476 2.41787
-0.203811 -0.731345 2.33635
-0.0625128 -0.041778 2.28648
-0.0685368 -0.360088 2.36569
-0.0798134 -0.652862 2.42755
-0.0629909 -0.73261 2.34436
-0.152257 0.474812 2.27124
-0.398915 -0.148441 2.23736
-0.408197 -0.0911996 2.19519
0.526111 0.569326 2.18552
0.45447 0.599886 2.17376
-0.136719 -0.0459802 2.31228
-0.145968 0.255375 2.29354
-0.15453 0.546421 2.26332
-0.139911 0.691554 2.25073
-0.302 0.41391 2.24187
-0.349316 0.168713 2.27183
-0.39954 -0.0487221 2.24385
-0.399153 -0.0810039 2.24127
0.0307896 0.464121 2.26922
0.248318 0.459149 2.19769
0.348805 0.646358 2.12637
0.373044 0.686424 2.12592
-0.207111 -0.0488158 2.26621
-0.201228 -0.349715 2.36048
-0.201357 -0.653883 2.41786
-0.203807 -0.731396 2.33661
-0.0620592 -0.0417313 2.28599
-0.0688215 -0.360722 2.36624
-0.0793254 -0.652408 2.42748
-0.0625083 -0.73174 2.34595
-0.152555 0.475096 2.27301
-0.39518 -0.149171 2.2457
-0.411936 -0.0937179 2.20177
0.438571 0.728014 2.14095
0.34909 0.715654 2.12532
-0.133418 -0.043368 2.31351
-0.145096 0.257114 2.2956
-0.155463 0.547832 2.266
-0.140526 0.692018 2.25374
-0.300506 0.412917 2.24125
-0.346095 0.170578 2.27603
-0.394722 -0.0475467 2.25278
-0.393008 -0.0816898 2.2423
0.0281249 0.469258 2.26999
0.209538 0.546222 2.14886
0.104331 0.715921 2.04125
0.0817772 0.740422 2.03604
-0.204227 -0.0466226 2.2681
-0.199754 -0.349296 2.36088
-0.201745 -0.654151 2.41813
-0.20378 -0.731451 2.33653
-0.0582287 -0.0386387 2.28635
-0.0675796 -0.361156 2.36632
-0.0792179 -0.653047 2.4275
-0.0618953 -0.731757 2.34733
-0.153021 0.476564 2.27552
-0.393842 -0.149349 2.25168
-0.40154 -0.0817324 2.20277
0.043172 0.806711 2.02939
0.0428568 0.710982 2.01054
-0.124896 -0.037635 2.3128
-0.137159 0.258772 2.29515
-0.146908 0.545436 2.26458
-0.141896 0.689909 2.25386
-0.284905 0.41113 2.23812
-0.343969 0.175452 2.27634
-0.391631 -0.0428482 2.25177
-0.394791 -0.0832819 2.24559
0.0313325 0.479068 2.27239
0.210775 0.517208 2.12839
-0.0412299 0.571787 2.03236
-0.0639648 0.596585 2.03403
-0.196515 -0.0400317 2.26497
-0.199731 -0.342193 2.3571
-0.20201 -0.65427 2.41799
-0.203924 -0.731453 2.33607
-0.0490931 -0.0336689 2.28797
-0.0658239 -0.344857 2.35722
-0.0791789 -0.653176 2.42716
-0.0616386 -0.732536 2.34661
-0.14478 0.475241 2.27444
-0.393371 -0.150107 2.25643
-0.40593 -0.0949454 2.205
-0.113863 0.618171 2.02202
-0.106875 0.610739 2.082
-0.13093 -0.0414621 2.31247
-0.137928 0.254901 2.29017
-0.143706 0.540242 2.25352
-0.142584 0.700103 2.25415
-0.29481 0.410571 2.24167
-0.342818 0.177738 2.27749
-0.392965 -0.0400731 2.25435
-0.393392 -0.10103 2.24446
0.0347443 0.467754 2.26721
0.221836 0.50775 2.13516
-0.0241105 0.469675 2.06616
-0.0833717 0.491388 2.06943
-0.203526 -0.0430286 2.2676
-0.19908 -0.344268 2.35711
-0.202225 -0.65439 2.41832
-0.203543 -0.731416 2.33591
-0.054641 -0.0389391 2.28468
-0.0664138 -0.35442 2.36154
-0.0789467 -0.653012 2.42664
-0.062033 -0.732549 2.34724
-0.142532 0.470263 2.26509
-0.392825 -0.148152 2.2514
-0.404857 -0.132183 2.21625
-0.141312 0.491023 2.0683
-0.102357 0.454954 2.11933
-0.128971 -0.039046 2.30903
-0.137172 0.255074 2.28848
-0.143134 0.539564 2.25425
-0.14262 0.700404 2.25236
-0.290064 0.408137 2.23306
-0.342412 0.177361 2.27351
-0.391 -0.040803 2.25003
-0.394108 -0.0828977 2.23881
0.0339218 0.469237 2.26651
0.212879 0.514247 2.12418
0.0152846 0.56062 2.019
-0.0290634 0.577831 2.00228
-0.20173 -0.0408628 2.26319
-0.199509 -0.343853 2.35567
-0.202265 -0.654018 2.41758
-0.203504 -0.731278 2.33565
-0.052018 -0.0357984 2.2821
-0.0664914 -0.345429 2.35594
-0.0790477 -0.653368 2.42669
-0.062157 -0.731501 2.3475
-0.141885 0.469959 2.26484
-0.392408 -0.149284 2.24352
-0.408018 -0.0936769 2.2005
-0.0889518 0.608845 1.98977
-0.0423404 0.624841 2.03
-0.127942 -0.0396674 2.30804
-0.138047 0.256873 2.28772
-0.147707 0.544806 2.25434
-0.136521 0.691392 2.24711
-0.294096 0.411797 2.23275
-0.344843 0.174211 2.26882
-0.392377 -0.0441257 2.24435
-0.393849 -0.0817962 2.23444
0.0269436 0.472116 2.26289
0.225325 0.531453 2.16238
0.206585 0.728524 2.05282
0.217513 0.775354 2.05901
-0.199821 -0.0428654 2.2615
-0.200586 -0.34455 2.35534
-0.201948 -0.654147 2.41789
-0.203674 -0.73137 2.33552
-0.0519695 -0.0354874 2.28179
-0.0676082 -0.357034 2.36121
-0.0793773 -0.653183 2.42671
-0.0621227 -0.731558 2.34747
-0.145407 0.474131 2.26481
-0.394253 -0.149372 2.23906
-0.408479 -0.0925442 2.19679
0.228706 0.856044 2.06997
0.272658 0.790445 2.04989
-0.129245 -0.042749 2.30601
-0.140158 0.255908 2.28411
-0.150385 0.544687 2.24912
-0.135966 0.689715 2.23712
-0.29607 0.40875 2.22525
-0.345364 0.169486 2.25998
-0.391013 -0.049139 2.23367
-0.391425 -0.0852592 2.22214
0.0314953 0.473822 2.2588
0.248131 0.503492 2.1941
0.363602 0.681342 2.12198
0.393871 0.699081 2.13222
-0.199891 -0.0462665 2.25908
-0.200454 -0.34654 2.35527
-0.202005 -0.653999 2.4177
-0.20413 -0.731207 2.33572
-0.0545729 -0.0381171 2.28014
-0.0679864 -0.360873 2.36123
-0.079197 -0.652768 2.42666
-0.0623754 -0.730787 2.34749
-0.147973 0.473868 2.26011
-0.387448 -0.154663 2.23634
-0.405414 -0.0965067 2.18646
0.455743 0.750206 2.16117
0.443679 0.672325 2.1148
-0.129297 -0.0458004 2.30376
-0.139214 0.254644 2.28104
-0.147867 0.544985 2.24513
-0.132248 0.688357 2.22838
-0.2944 0.409942 2.22241
-0.343357 0.168675 2.25462
-0.389827 -0.0494229 2.22378
-0.389984 -0.0803496 2.21644
0.0367265 0.466724 2.25784
0.258932 0.460799 2.2106
0.40692 0.603153 2.11766
0.443465 0.618759 2.1143
-0.199771 -0.0489295 2.25673
-0.199596 -0.348315 2.35439
-0.202174 -0.653929 2.41712
-0.203919 -0.731423 2.33589
-0.0547931 -0.0413902 2.27801
-0.0675891 -0.360758 2.36005
-0.078975 -0.65063 2.42557
-0.0631278 -0.730751 2.34848
-0.145915 0.473784 2.25637
-0.38813 -0.148394 2.22431
-0.404786 -0.0926634 2.18131
0.515952 0.654367 2.13552
0.487532 0.582515 2.10027
-0.128621 -0.0472854 2.30209
-0.136364 0.253792 2.27892
-0.142238 0.544868 2.24303
-0.126845 0.687942 2.22612
-0.291384 0.410983 2.22248
-0.341259 0.168393 2.25546
-0.391659 -0.0491708 2.22947
-0.393313 -0.0756057 2.2265
0.0437846 0.462963 2.25386
0.264504 0.447059 2.1994
0.423262 0.582324 2.11499
0.455614 0.601454 2.12165
-0.1992 -0.0496136 2.25585
-0.198016 -0.349335 2.3543
-0.202217 -0.653556 2.41699
-0.203601 -0.731259 2.33621
-0.0539263 -0.0437169 2.27515
-0.0662644 -0.36032 2.35851
-0.0788785 -0.650526 2.42533
-0.062834 -0.731693 2.34806
-0.141002 0.473501 2.25421
-0.394179 -0.143368 2.23361
-0.405834 -0.121673 2.19967
0.524357 0.609751 2.14471
0.49832 0.568505 2.104
-0.124955 -0.0436985 2.30083
-0.131971 0.25579 2.27985
-0.13727 0.545327 2.24683
-0.12177 0.689905 2.23251
-0.286633 0.412121 2.22753
-0.335901 0.177887 2.25932
-0.384461 -0.0379361 2.21362
-0.381231 -0.0670473 2.19527
0.0459375 0.467183 2.25157
0.249475 0.520114 2.1595
0.231623 0.72214 2.04154
0.228109 0.781915 2.03261
-0.195854 -0.0449314 2.25537
-0.197954 -0.346124 2.3523
-0.202018 -0.653383 2.41634
-0.202555 -0.731686 2.33596
-0.0500057 -0.0409677 2.27348
-0.0613418 -0.359682 2.35766
-0.0789392 -0.650791 2.42546
-0.0622189 -0.73128 2.34734
-0.136155 0.47438 2.25722
-0.381401 -0.134906 2.19498
-0.395186 -0.0744568 2.15568
0.2231 0.85739 2.03481
0.272615 0.798204 2.0405
-0.121866 -0.0402889 2.3026
-0.129722 0.257236 2.28176
-0.135656 0.545372 2.24891
-0.124311 0.688657 2.23666
-0.285744 0.412102 2.22931
-0.335142 0.178301 2.26587
-0.381602 -0.0403964 2.24291
-0.388529 -0.0783397 2.24625
0.0436398 0.476154 2.2538
0.214253 0.535498 2.10644
0.0412309 0.65045 1.99541
0.0112738 0.659171 1.99025
-0.192974 -0.0421613 2.25751
-0.196724 -0.344309 2.35187
-0.201495 -0.653791 2.41698
-0.201858 -0.731676 2.33559
-0.0465991 -0.0369179 2.27546
-0.0578475 -0.34726 2.35332
-0.0785799 -0.651423 2.42604
-0.0626097 -0.731287 2.3476
-0.134421 0.474768 2.25926
-0.387786 -0.149847 2.2563
-0.403027 -0.0923835 2.21062
-0.044664 0.706474 1.96138
0.027351 0.706531 1.9754
-0.122682 -0.0381845 2.30087
-0.130547 0.256398 2.28041
-0.137583 0.539198 2.24583
-0.129521 0.694287 2.21819
-0.279601 0.40967 2.22309
-0.337308 0.177214 2.2696
-0.388475 -0.0406029 2.25267
-0.391803 -0.0795287 2.23918
0.0384533 0.476252 2.24751
0.220064 0.498291 2.10245
0.00525209 0.533125 2.03754
-0.0525885 0.550964 2.02936
-0.195025 -0.0396123 2.25518
-0.197859 -0.340021 2.34919
-0.202004 -0.653483 2.41646
-0.202389 -0.73138 2.33624
-0.0464295 -0.0353723 2.27399
-0.0637846 -0.341259 2.34974
-0.078535 -0.650357 2.42566
-0.0630417 -0.730227 2.34848
-0.136013 0.470219 2.25675
-0.389542 -0.149357 2.24843
-0.406382 -0.0908335 2.20148
-0.117555 0.587796 2.02191
-0.0596221 0.599188 1.99618
-0.127431 -0.0410405 2.30032
-0.133821 0.251403 2.27873
-0.139311 0.533369 2.24428
-0.13454 0.697792 2.21808
-0.285065 0.405701 2.22091
-0.336975 0.179658 2.26421
-0.386578 -0.0383201 2.24113
-0.386845 -0.080372 2.23358
0.0369387 0.470682 2.25219
0.211004 0.493091 2.09732
-0.00856777 0.51732 2.0175
-0.0665485 0.52548 2.01763
-0.20002 -0.0425243 2.25612
-0.19736 -0.342947 2.3492
-0.202112 -0.653394 2.41585
-0.20274 -0.73128 2.33568
-0.0509386 -0.0383303 2.2719
-0.0648063 -0.346335 2.35182
-0.0784998 -0.650615 2.42559
-0.0634147 -0.730576 2.34837
-0.138114 0.464346 2.25512
-0.389169 -0.153773 2.23615
-0.403667 -0.0889646 2.19481
-0.143919 0.538936 2.01444
-0.0719311 0.574104 1.98347
-0.124601 -0.0401517 2.29719
-0.133196 0.253357 2.27519
-0.14104 0.538293 2.23842
-0.135573 0.686402 2.21565
-0.286355 0.409078 2.21911
-0.34039 0.175784 2.25912
-0.38824 -0.0427781 2.24076
-0.390358 -0.0832431 2.23017
0.0355884 0.472453 2.24544
0.206826 0.509172 2.09039
0.0608456 0.651514 1.99029
0.0465439 0.674877 1.98057
-0.196666 -0.0423888 2.25119
-0.199041 -0.341342 2.34614
-0.202018 -0.653486 2.41561
-0.203173 -0.731127 2.3355
-0.0482366 -0.0371407 2.27036
-0.0658702 -0.348882 2.35162
-0.0782634 -0.64995 2.42433
-0.0629211 -0.731697 2.34709
-0.13917 0.468338 2.2499
-0.389532 -0.155057 2.24197
-0.404623 -0.0981199 2.19168
0.00310985 0.726063 1.94588
0.0741888 0.714505 1.96175
-0.128257 -0.0445568 2.29741
-0.137588 0.252952 2.27169
-0.146446 0.54102 2.23186
-0.13557 0.68644 2.21553
-0.293697 0.409039 2.21663
-0.341643 0.170948 2.25567
-0.389329 -0.0475246 2.23444
-0.391324 -0.0869521 2.22508
0.0313838 0.465292 2.23549
0.238202 0.503488 2.14247
0.263933 0.707939 2.05178
0.287113 0.738256 2.0583
-0.199798 -0.0469852 2.2531
-0.20001 -0.346611 2.34889
-0.201949 -0.653942 2.4156
-0.203097 -0.731162 2.3356
-0.0527769 -0.0411481 2.26899
-0.0680067 -0.355916 2.35471
-0.0782882 -0.649916 2.42444
-0.0628734 -0.731082 2.34802
-0.144393 0.470345 2.24409
-0.389597 -0.155049 2.23822
-0.401489 -0.132343 2.19375
0.317287 0.813369 2.06512
0.341338 0.732761 2.03886
-0.12961 -0.0472065 2.29653
-0.139167 0.251582 2.26866
-0.147947 0.54041 2.22739
-0.135634 0.685648 2.21104
-0.294602 0.408208 2.21285
-0.340664 0.16759 2.24945
-0.387711 -0.0510148 2.22816
-0.384841 -0.10803 2.21605
0.0352056 0.464413 2.23548
0.255136 0.453944 2.17497
0.355096 0.641145 2.10273
0.37347 0.647357 2.11417
-0.200921 -0.0496722 2.25175
-0.19896 -0.347983 2.34879
-0.202056 -0.653898 2.41542
-0.203364 -0.731109 2.33578
-0.054316 -0.0434698 2.26854
-0.0670499 -0.355924 2.35406
-0.0782697 -0.650289 2.42411
-0.0632813 -0.730837 2.34815
-0.145928 0.469608 2.23996
-0.376258 -0.158895 2.23396
-0.398108 -0.104505 2.17909
0.428161 0.685608 2.13466
0.42906 0.630018 2.095
-0.130552 -0.0506251 2.2924
-0.139151 0.250018 2.26558
-0.147114 0.540058 2.22556
-0.134805 0.684577 2.20921
-0.29332 0.407432 2.21128
-0.338257 0.164857 2.2471
-0.387699 -0.0531977 2.22598
-0.385902 -0.109337 2.2219
0.0385829 0.461338 2.23558
0.258301 0.425962 2.18675
0.425632 0.565686 2.13966
0.490022 0.562645 2.16451
-0.201595 -0.0522439 2.2482
-0.196918 -0.350545 2.34916
-0.202067 -0.65311 2.41462
-0.202884 -0.730985 2.33597
-0.0553955 -0.047484 2.26375
-0.0638807 -0.354012 2.34983
-0.0784895 -0.650091 2.4235
-0.062673 -0.731772 2.34773
-0.145317 0.469021 2.23783
-0.381298 -0.158406 2.23319
-0.399084 -0.125178 2.18755
0.549248 0.557393 2.19534
0.534867 0.534022 2.1635
-0.126317 -0.049849 2.29136
-0.13409 0.250843 2.26587
-0.140448 0.54119 2.22783
-0.130705 0.685266 2.21143
-0.288986 0.407537 2.21107
-0.335017 0.165868 2.2472
-0.383768 -0.0522731 2.22429
-0.380462 -0.108523 2.21667
0.043026 0.462037 2.23432
0.261242 0.473632 2.16793
0.354955 0.66601 2.10287
0.370176 0.700907 2.11088
-0.197264 -0.051313 2.24766
-0.195898 -0.348508 2.34761
-0.201668 -0.652251 2.41472
-0.202151 -0.730795 2.33633
-0.0512655 -0.0467167 2.26224
-0.0584661 -0.351938 2.34768
-0.0779337 -0.650309 2.42359
-0.0624614 -0.73142 2.34799
-0.139069 0.470052 2.23953
-0.37391 -0.15743 2.23007
-0.397621 -0.113933 2.18201
0.415247 0.758632 2.14983
0.411696 0.690324 2.09994
-0.120681 -0.0460497 2.29224
-0.12941 0.253324 2.26855
-0.136807 0.542701 2.2331
-0.127108 0.686791 2.2178
-0.285561 0.407826 2.21446
-0.330089 0.167912 2.24869
-0.378894 -0.0502737 2.22661
-0.378992 -0.107335 2.22042
0.0445506 0.46682 2.23687
0.242161 0.533127 2.14028
0.160624 0.709793 2.02301
0.143666 0.746661 2.02205
-0.191473 -0.0479252 2.24805
-0.197366 -0.341809 2.34426
-0.201258 -0.651513 2.41543
-0.201078 -0.730652 2.3343
-0.0458707 -0.0426227 2.26381
-0.0562342 -0.350063 2.34685
-0.077258 -0.650419 2.42396
-0.0628783 -0.731291 2.34802
-0.135127 0.471798 2.24409
-0.373855 -0.159043 2.23736
-0.392617 -0.114275 2.18435
0.12785 0.821027 2.01986
0.183539 0.749396 1.99773
-0.11651 -0.0427542 2.29355
-0.127109 0.254543 2.27154
-0.135833 0.542101 2.2388
-0.127978 0.685838 2.22107
-0.280568 0.411277 2.21833
-0.329871 0.172872 2.25188
-0.377738 -0.0455614 2.23001
-0.379873 -0.104082 2.22823
0.0439961 0.473694 2.24715
0.237345 0.499587 2.12117
0.062465 0.602164 2.01687
0.0164752 0.619319 2.00649
-0.187961 -0.0449732 2.24827
-0.197095 -0.33799 2.34349
-0.200937 -0.650778 2.41493
-0.200844 -0.731058 2.33369
-0.0411148 -0.0387083 2.26623
-0.0545164 -0.337144 2.34304
-0.077276 -0.650974 2.42467
-0.0624853 -0.731603 2.34777
-0.133862 0.471674 2.24902
-0.375447 -0.15287 2.23918
-0.396144 -0.116984 2.19567
-0.0385233 0.670346 1.98986
0.0280841 0.662153 1.97876
-0.115951 -0.0398233 2.29326
-0.126054 0.254919 2.27357
-0.134513 0.539734 2.24227
-0.128843 0.690982 2.21469
-0.27211 0.403755 2.2143
-0.326604 0.182889 2.25277
-0.375554 -0.0354021 2.23212
-0.376196 -0.0988691 2.21986
0.0457746 0.473534 2.24952
0.228151 0.492367 2.10502
-0.00864809 0.553163 2.01741
-0.0445077 0.566011 2.02389
-0.18825 -0.0418591 2.24702
-0.196411 -0.335119 2.34205
-0.20084 -0.650416 2.41547
-0.200451 -0.731106 2.3341
-0.0399412 -0.0362715 2.26699
-0.0552081 -0.333746 2.342
-0.0769582 -0.649701 2.42477
-0.0622335 -0.731505 2.34776
-0.132623 0.470111 2.25225
-0.376808 -0.156438 2.22307
-0.393964 -0.09065 2.18853
-0.0983492 0.590915 2.02319
-0.048124 0.530949 2.00831
-0.117178 -0.0413912 2.29607
-0.127852 0.254868 2.27418
-0.138134 0.541118 2.23952
-0.129751 0.68618 2.21734
-0.285792 0.408858 2.22088
-0.330327 0.177669 2.25505
-0.377555 -0.0409787 2.23432
-0.384126 -0.101675 2.23343
0.0369413 0.471191 2.24514
0.226341 0.511437 2.11694
0.101956 0.668287 2.00939
0.097215 0.699744 2.00323
-0.189363 -0.0444168 2.2507
-0.19746 -0.33986 2.34525
-0.200824 -0.650738 2.41575
-0.20129 -0.730926 2.33483
-0.0414593 -0.0373566 2.26932
-0.0550527 -0.346024 2.35206
-0.0775388 -0.650181 2.42494
-0.0624721 -0.731348 2.34846
-0.135688 0.47095 2.25057
-0.382816 -0.15232 2.2427
-0.400682 -0.0993128 2.19547
0.0583545 0.762712 1.98662
0.0491513 0.673519 1.97178
-0.122163 -0.0442268 2.29751
-0.132789 0.254165 2.272
-0.143079 0.542479 2.23325
-0.132241 0.685962 2.21577
-0.290074 0.40726 2.21766
-0.334859 0.170051 2.25215
-0.383409 -0.0482987 2.2326
-0.386708 -0.105303 2.2205
0.0367837 0.46791 2.24204
0.248322 0.508322 2.16489
0.280867 0.711962 2.07478
0.299859 0.744493 2.08601
-0.193557 -0.0469639 2.25282
-0.19863 -0.344148 2.3488
-0.201023 -0.651903 2.41643
-0.201229 -0.731018 2.33552
-0.0471059 -0.040302 2.26976
-0.0593409 -0.351887 2.35468
-0.0778305 -0.650177 2.42509
-0.0626334 -0.731287 2.34806
-0.140684 0.471779 2.24526
-0.382955 -0.155212 2.22984
-0.402176 -0.0964605 2.18448
0.32587 0.822224 2.10311
0.261153 0.75825 2.06229
-0.125597 -0.0461763 2.29533
-0.135734 0.253127 2.26845
-0.145124 0.542282 2.22865
-0.132193 0.685073 2.21101
-0.29144 0.406 2.21042
-0.336726 0.167306 2.24332
-0.385629 -0.0508587 2.2214
-0.387357 -0.108294 2.20778
0.0383969 0.46786 2.24152
0.258928 0.488192 2.19142
0.379645 0.667466 2.13628
0.408474 0.681928 2.15673
-0.19647 -0.0493561 2.24951
-0.199066 -0.345781 2.34755
-0.201504 -0.652307 2.41645
-0.20243 -0.730665 2.33661
-0.050884 -0.0417564 2.26842
-0.0621032 -0.354428 2.35449
-0.0776306 -0.649103 2.42412
-0.0630012 -0.731013 2.34799
-0.14296 0.471411 2.24087
-0.379688 -0.157784 2.21851
-0.40147 -0.105887 2.17369
0.470198 0.718332 2.18512
0.389974 0.712749 2.14941
-0.126095 -0.0477376 2.2939
-0.13553 0.252219 2.26734
-0.143972 0.541801 2.2281
-0.129292 0.685261 2.21031
-0.290404 0.407161 2.20791
-0.337109 0.165302 2.24036
-0.386504 -0.0526854 2.21734
-0.385781 -0.0811907 2.2082
0.0416219 0.46476 2.24201
0.265016 0.45274 2.20753
0.411563 0.615452 2.16933
0.47325 0.626679 2.1996
-0.196877 -0.0507575 2.24814
-0.198484 -0.348107 2.34751
-0.201774 -0.65252 2.41528
-0.20246 -0.73094 2.33553
-0.0513989 -0.0433328 2.26691
-0.0619722 -0.355507 2.35372
-0.0780277 -0.64927 2.42418
-0.0624975 -0.731288 2.34746
-0.142075 0.470835 2.24014
-0.381894 -0.153802 2.2194
-0.39992 -0.0995344 2.17184
0.526597 0.631855 2.22874
0.45889 0.664502 2.201
-0.125649 -0.0495188 2.29349
-0.134236 0.25137 2.26762
-0.141261 0.541753 2.2295
-0.127178 0.686227 2.21246
-0.288537 0.408055 2.20831
-0.336275 0.164263 2.24096
-0.387035 -0.0533546 2.21723
-0.383837 -0.0832125 2.20968
0.045083 0.462534 2.24563
0.267917 0.442065 2.21051
0.427503 0.592657 2.17558
0.455893 0.603962 2.18882
-0.196284 -0.0519249 2.24786
-0.196882 -0.348683 2.34738
-0.201128 -0.652853 2.41525
-0.201772 -0.731066 2.33542
-0.0511134 -0.0459165 2.26639
-0.0597356 -0.354861 2.3526
-0.0785725 -0.650117 2.42441
-0.0620949 -0.731935 2.34743
-0.139749 0.470565 2.24118
-0.381411 -0.153205 2.22048
-0.398964 -0.100123 2.17214
0.525551 0.624898 2.23008
0.467083 0.646943 2.19717
-0.124723 -0.0507728 2.29326
-0.132276 0.25075 2.26884
-0.138145 0.542094 2.23285
-0.124315 0.687137 2.21656
-0.284894 0.408614 2.21015
-0.334385 0.164363 2.24285
-0.384097 -0.0533408 2.21642
-0.383541 -0.0798233 2.21206
0.048269 0.460869 2.24872
0.270531 0.444141 2.20551
0.317229 0.650957 2.13205
0.322191 0.703746 2.14133
-0.195274 -0.0530652 2.24767
-0.195623 -0.348001 2.34659
-0.200634 -0.65247 2.41522
-0.200979 -0.730843 2.33554
-0.0501726 -0.0471823 2.26617
-0.0571242 -0.355466 2.35294
-0.0780097 -0.650312 2.42455
-0.0624968 -0.731335 2.34692
-0.136875 0.470646 2.24398
-0.384127 -0.147832 2.21582
-0.397383 -0.0926892 2.17572
0.343339 0.775372 2.17146
0.280609 0.711813 2.1155
-0.120562 -0.0504926 2.2947
-0.128697 0.251022 2.27106
-0.135341 0.542319 2.23559
-0.121579 0.686637 2.21989
-0.282627 0.407796 2.2153
-0.328495 0.164904 2.24618
-0.378122 -0.0529279 2.22131
-0.375429 -0.0838906 2.21709
0.04679 0.461108 2.25269
0.260671 0.477573 2.17161
0.121046 0.615202 2.055
0.0889778 0.631834 2.04388
-0.191529 -0.0533892 2.24854
-0.196128 -0.34632 2.34556
-0.200499 -0.651599 2.41503
-0.200602 -0.730913 2.33476
-0.0455466 -0.0460014 2.26838
-0.0559412 -0.344949 2.34841
-0.0760986 -0.647156 2.4239
-0.0629542 -0.730991 2.34789
-0.133886 0.470922 2.2466
-0.373289 -0.154415 2.22316
-0.388086 -0.102003 2.18148
0.03423 0.678062 2.02166
0.0589389 0.589758 2.02314
-0.117255 -0.0408547 2.29326
-0.12685 0.253233 2.27308
-0.134251 0.53969 2.24094
-0.124827 0.686261 2.22093
-0.274158 0.40637 2.21554
-0.326083 0.177516 2.25128
-0.374273 -0.0408508 2.22895
-0.376641 -0.0826716 2.2249
0.047273 0.465197 2.25469
0.258009 0.449554 2.16253
0.100195 0.533198 2.06948
0.0298775 0.545527 2.03786
-0.189246 -0.043146 2.24583
-0.196296 -0.336474 2.33919
-0.200573 -0.650004 2.41469
-0.201125 -0.731139 2.33355
-0.0415036 -0.037104 2.26805
-0.0550753 -0.333016 2.34164
-0.0764467 -0.648915 2.42407
-0.0628653 -0.731069 2.34827
-0.132623 0.4695 2.251
-0.377648 -0.154546 2.22996
-0.389829 -0.0999008 2.18369
-0.0365121 0.581446 2.0175
-0.00112683 0.49741 2.03436
-0.118601 -0.0386669 2.29302
-0.126999 0.254654 2.27315
-0.133904 0.539598 2.24044
-0.12898 0.686041 2.21547
-0.274603 0.404412 2.2142
-0.327305 0.183032 2.25275
-0.373723 -0.0358498 2.23251
-0.380022 -0.0988947 2.22383
0.0453359 0.466406 2.25568
0.256788 0.451608 2.16535
0.0455541 0.537746 2.03815
0.0198942 0.546389 2.03409
-0.191155 -0.0406629 2.24563
-0.195695 -0.337367 2.33957
-0.200216 -0.651153 2.41516
-0.200792 -0.731049 2.33454
-0.0423201 -0.0352566 2.26757
-0.0546843 -0.332205 2.34143
-0.0757777 -0.648713 2.42422
-0.0630803 -0.730301 2.34818
-0.132383 0.469902 2.25072
-0.383353 -0.15662 2.2259
-0.395101 -0.123246 2.19178
-0.0442794 0.581592 2.01206
-0.0225002 0.494919 2.02822
-0.123688 -0.0449162 2.29364
-0.132774 0.252378 2.26864
-0.141722 0.539788 2.22986
-0.132298 0.684976 2.21226
-0.288636 0.40551 2.21375
-0.332459 0.17086 2.24724
-0.379757 -0.0477153 2.22584
-0.3811 -0.0867127 2.21575
0.0331512 0.465559 2.24068
0.231105 0.508965 2.12961
0.130303 0.694713 2.05121
0.132513 0.729672 2.05208
-0.195372 -0.0480587 2.2484
-0.197268 -0.342422 2.34265
-0.200476 -0.651683 2.41532
-0.200702 -0.7309 2.33433
-0.0483874 -0.0407949 2.26613
-0.0593595 -0.351776 2.35222
-0.0766628 -0.649218 2.42418
-0.0627636 -0.730864 2.34813
-0.139617 0.469345 2.24185
-0.379653 -0.160077 2.22643
-0.397422 -0.0968307 2.17994
0.111568 0.802245 2.05121
0.0876601 0.70953 2.02982
-0.126293 -0.0463948 2.29345
-0.137588 0.251673 2.26598
-0.14832 0.539949 2.22515
-0.140891 0.683766 2.20706
-0.29603 0.405663 2.21067
-0.336519 0.167361 2.24485
-0.384414 -0.0511738 2.22658
-0.388674 -0.110832 2.21879
0.0315845 0.465381 2.23668
0.247575 0.494028 2.16834
0.282075 0.702601 2.09346
0.309395 0.729445 2.10779
-0.19762 -0.0497237 2.24899
-0.198404 -0.343964 2.34241
-0.200968 -0.652696 2.41546
-0.201918 -0.731142 2.33495
-0.0512102 -0.0418544 2.2652
-0.0620326 -0.35525 2.35358
-0.0774056 -0.649337 2.42402
-0.0628574 -0.731152 2.34718
-0.145798 0.469289 2.23761
-0.385487 -0.159036 2.23604
-0.402691 -0.10687 2.1833
0.348493 0.799343 2.13141
0.272828 0.751279 2.0943
-0.130419 -0.0479316 2.29397
-0.141316 0.251225 2.26589
-0.151681 0.540214 2.22507
-0.142976 0.684002 2.20648
-0.298378 0.405861 2.20845
-0.341297 0.164857 2.24046
-0.388873 -0.0535309 2.21721
-0.391168 -0.109216 2.20773
0.0314971 0.465042 2.24009
0.253727 0.46206 2.19247
0.36612 0.64845 2.14518
0.376675 0.638336 2.15375
-0.201159 -0.0512219 2.2486
-0.200016 -0.346258 2.34378
-0.201082 -0.654623 2.41563
-0.203068 -0.731239 2.33536
-0.0557913 -0.0432205 2.26691
-0.0657159 -0.353129 2.35313
-0.0782159 -0.650554 2.42493
-0.0630449 -0.730606 2.34778
-0.149215 0.469409 2.2375
-0.384757 -0.157791 2.22256
-0.404109 -0.112073 2.17155
0.437489 0.672132 2.17604
0.415148 0.683015 2.1758
-0.13238 -0.0487178 2.29537
-0.143385 0.251249 2.26807
-0.153557 0.541323 2.22868
-0.143317 0.684197 2.20979
-0.299044 0.406893 2.20886
-0.343697 0.162517 2.24132
-0.391725 -0.0556805 2.21682
-0.39294 -0.0840574 2.21187
0.0311429 0.465214 2.24649
0.253377 0.439773 2.20822
0.40523 0.596379 2.16279
0.427823 0.58215 2.17093
-0.202857 -0.0519707 2.24955
-0.200265 -0.348221 2.34645
-0.200978 -0.654575 2.41601
-0.203109 -0.731138 2.33531
-0.0578572 -0.0439564 2.26893
-0.0670036 -0.352125 2.354
-0.0782816 -0.650435 2.42463
-0.0623279 -0.730279 2.34898
-0.151194 0.470215 2.24069
-0.391441 -0.153906 2.21916
-0.409363 -0.0976484 2.17585
0.490106 0.599723 2.20281
0.420876 0.60419 2.17983
-0.133631 -0.049313 2.29647
-0.144701 0.251608 2.26986
-0.154944 0.542579 2.2313
-0.144241 0.685972 2.21476
-0.300507 0.407983 2.21058
-0.344998 0.163038 2.24156
-0.394569 -0.0548077 2.21717
-0.397419 -0.085391 2.2114
0.030304 0.465234 2.2492
0.25212 0.443771 2.20393
0.381397 0.617437 2.14942
0.404691 0.641284 2.15695
-0.203932 -0.0524521 2.25045
-0.201112 -0.348379 2.34905
-0.200418 -0.654137 2.41635
-0.20316 -0.730878 2.33587
-0.059205 -0.0446272 2.27012
-0.0689131 -0.356127 2.35784
-0.0786658 -0.651005 2.4252
-0.0623113 -0.732063 2.34695
-0.152568 0.471252 2.2431
-0.396435 -0.153408 2.21851
-0.407087 -0.0986719 2.17387
0.476567 0.662871 2.19061
0.387715 0.671216 2.14968
