-0.12212 0.29992 2.56351
-0.119005 0.631976 2.49519
-0.115526 0.950762 2.41389
-0.106228 1.09836 2.36892
-0.294538 0.833305 2.42348
-0.400752 0.600157 2.52606
-0.445687 0.354594 2.50944
-0.448481 0.251455 2.5032
0.0931427 0.838656 2.45457
0.344505 0.781689 2.40413
0.442339 0.979082 2.28534
0.457581 1.05279 2.26703
-0.204229 0.294217 2.51202
-0.255488 -0.127244 2.65631
-0.304379 -0.473527 2.76509
-0.351312 -0.569184 2.67469
-0.036325 0.295612 2.53302
-0.0614309 -0.111039 2.64631
-0.089736 -0.494588 2.78133
-0.0585741 -0.588787 2.69796
-0.116474 0.872973 2.43652
-0.44547 0.175385 2.50285
-0.473963 0.2363 2.48473
0.521891 1.12144 2.2841
0.423432 1.08134 2.23871
-0.119147 0.300954 2.56459
-0.114499 0.632976 2.49593
-0.108959 0.951507 2.41444
-0.0954103 1.09483 2.36847
-0.282613 0.833801 2.41733
-0.395306 0.60352 2.5194
-0.44029 0.35931 2.50458
-0.440931 0.257259 2.5021
0.0994026 0.838933 2.4618
0.374346 0.793609 2.4199
0.370248 0.969062 2.20569
0.352365 1.02719 2.17536
-0.201229 0.295498 2.5113
-0.252942 -0.125631 2.65602
-0.305398 -0.475245 2.76489
-0.351624 -0.570388 2.67363
-0.0327076 0.296983 2.53662
-0.0612223 -0.109418 2.6467
-0.0899774 -0.49535 2.78105
-0.0589491 -0.589688 2.70034
-0.110457 0.873829 2.43711
-0.444977 0.181155 2.50844
-0.469564 0.247873 2.49733
0.341385 1.09239 2.13363
0.317604 1.00663 2.13628
-0.118333 0.299506 2.56408
-0.112578 0.631002 2.49423
-0.105855 0.949096 2.41145
-0.0933676 1.09343 2.36402
-0.282414 0.833525 2.41726
-0.39789 0.606139 2.52188
-0.445808 0.354496 2.51463
-0.448569 0.255903 2.50098
0.102997 0.837393 2.45868
0.373433 0.776225 2.40122
0.296704 0.966634 2.20776
0.280095 1.0171 2.19081
-0.200405 0.294417 2.51154
-0.2514 -0.124674 2.65491
-0.30545 -0.474508 2.7654
-0.352254 -0.570453 2.67471
-0.0323384 0.294908 2.535
-0.0606402 -0.111992 2.64831
-0.0896518 -0.4951 2.78123
-0.0591234 -0.589167 2.69985
-0.10766 0.871519 2.43443
-0.45369 0.176147 2.52517
-0.473874 0.231959 2.4938
0.250979 1.08342 2.16854
0.237869 0.983361 2.19167
-0.116612 0.299487 2.5629
-0.10776 0.631257 2.49298
-0.0974127 0.949422 2.41038
-0.0806072 1.09399 2.36513
-0.271206 0.834233 2.4116
-0.393517 0.608638 2.51285
-0.439137 0.35939 2.49152
-0.439904 0.259108 2.48608
0.110471 0.831109 2.45861
0.368271 0.777945 2.38778
0.431219 0.975275 2.21854
0.465262 1.04005 2.19131
-0.198554 0.295519 2.5091
-0.249913 -0.122907 2.65349
-0.305928 -0.474756 2.76551
-0.351044 -0.569587 2.67487
-0.0307225 0.293955 2.5344
-0.0597926 -0.110337 2.64678
-0.08961 -0.495085 2.78087
-0.0591203 -0.589469 2.69945
-0.100121 0.871813 2.43331
-0.441826 0.181418 2.49636
-0.467207 0.242921 2.47681
0.516565 1.10766 2.1745
0.413499 1.06431 2.16759
-0.116601 0.297541 2.55942
-0.107425 0.62972 2.48998
-0.0970631 0.948473 2.40801
-0.0832147 1.09368 2.36335
-0.273316 0.833309 2.41126
-0.392276 0.60874 2.51757
-0.440086 0.360348 2.50385
-0.441615 0.259669 2.4943
0.111768 0.832505 2.45131
0.362431 0.796223 2.3923
0.180873 0.916685 2.20904
0.147225 0.939728 2.20031
-0.198483 0.293503 2.50613
-0.249132 -0.122423 2.65251
-0.306666 -0.477631 2.76511
-0.351909 -0.571575 2.67378
-0.0309657 0.292151 2.53052
-0.0600188 -0.111841 2.64631
-0.0904207 -0.49421 2.7799
-0.0591734 -0.589138 2.6996
-0.099794 0.870716 2.43072
-0.447532 0.181902 2.50302
-0.468755 0.256397 2.4824
0.0732315 0.979821 2.17649
0.129419 0.875501 2.16533
-0.115918 0.298278 2.55762
-0.109008 0.629908 2.48861
-0.102537 0.948228 2.407
-0.09141 1.0932 2.36332
-0.280366 0.831787 2.41239
-0.397125 0.603037 2.51337
-0.439488 0.356522 2.49362
-0.442717 0.254213 2.48396
0.107521 0.837058 2.44888
0.359192 0.820397 2.35773
0.479437 0.970163 2.24414
0.573441 1.03269 2.2259
-0.197757 0.294126 2.50404
-0.248751 -0.122974 2.65142
-0.304634 -0.472001 2.76476
-0.351501 -0.568052 2.67659
-0.0304545 0.292943 2.52866
-0.0598446 -0.110371 2.64418
-0.0905283 -0.494494 2.77966
-0.0592853 -0.588984 2.6994
-0.104156 0.870586 2.42964
-0.445789 0.180015 2.48683
-0.46924 0.240494 2.47813
0.656134 1.06875 2.23512
0.57719 1.09059 2.216
-0.115337 0.300035 2.55681
-0.107966 0.631837 2.48861
-0.0995163 0.950621 2.40816
-0.0786856 1.09301 2.36615
-0.269794 0.83233 2.406
-0.395555 0.610172 2.50976
-0.44125 0.356541 2.49672
-0.442256 0.256656 2.48884
0.108588 0.835847 2.45114
0.316202 0.821921 2.38653
0.0966954 0.920762 2.23624
0.0659022 0.899517 2.22502
-0.19738 0.296237 2.50209
-0.248743 -0.123335 2.65144
-0.30504 -0.473873 2.76486
-0.351022 -0.569501 2.67364
-0.0296386 0.294712 2.52893
-0.0598971 -0.109614 2.64376
-0.0904014 -0.496203 2.7809
-0.0590193 -0.589375 2.70216
-0.101793 0.872864 2.43047
-0.445767 0.181261 2.49737
-0.467978 0.235315 2.48132
0.00187728 0.908151 2.20976
0.10301 0.834897 2.18312
-0.115928 0.299537 2.55824
-0.11108 0.632702 2.48836
-0.106474 0.953105 2.40566
-0.0823652 1.09362 2.36732
-0.279525 0.832693 2.40939
-0.406456 0.613278 2.51648
-0.453552 0.361596 2.5061
-0.464484 0.258535 2.50209
0.103208 0.837006 2.44032
0.363533 0.812081 2.33171
0.48827 0.978476 2.24743
0.541896 1.05885 2.24243
-0.198457 0.295017 2.50538
-0.250393 -0.124256 2.65205
-0.305635 -0.47762 2.76722
-0.351411 -0.570376 2.67197
-0.0299861 0.294459 2.53003
-0.0610768 -0.111471 2.64618
-0.0911166 -0.494869 2.78161
-0.0594033 -0.589017 2.70006
-0.10768 0.8749 2.42864
-0.472705 0.181443 2.5132
-0.488087 0.258248 2.48415
0.608774 1.12592 2.25869
0.488384 1.08014 2.24364
-0.117598 0.300221 2.55847
-0.109984 0.633837 2.48887
-0.0999762 0.954702 2.40732
-0.0830915 1.09795 2.36792
-0.27371 0.835723 2.40924
-0.402062 0.617433 2.51684
-0.448939 0.365095 2.50069
-0.449987 0.266538 2.48706
0.101687 0.831729 2.45218
0.334188 0.78049 2.38281
0.270551 0.969455 2.18061
0.244724 1.01164 2.1641
-0.200331 0.295961 2.50514
-0.250618 -0.123394 2.65231
-0.305457 -0.476945 2.76478
-0.351693 -0.570408 2.67408
-0.0314463 0.294947 2.53048
-0.062027 -0.109596 2.64654
-0.0911297 -0.495549 2.78167
-0.0589732 -0.589334 2.6995
-0.102784 0.8765 2.42992
-0.456268 0.187998 2.50101
-0.477921 0.255817 2.4705
0.211386 1.07287 2.11236
0.194498 0.990346 2.09467
-0.120853 0.298947 2.55976
-0.111514 0.632584 2.49015
-0.101117 0.952673 2.40862
-0.0987421 1.09651 2.36555
-0.280844 0.836087 2.41557
-0.402142 0.612808 2.52177
-0.451352 0.364613 2.502
-0.462306 0.267225 2.5021
0.100265 0.831479 2.44678
0.332292 0.776116 2.37577
0.236259 0.960343 2.18632
0.206811 1.00572 2.172
-0.203777 0.294785 2.50933
-0.251637 -0.123956 2.65392
-0.305026 -0.475265 2.76501
-0.351873 -0.570784 2.67303
-0.0349169 0.293353 2.52899
-0.0629057 -0.113691 2.64867
-0.0912473 -0.495869 2.78229
-0.0588473 -0.588782 2.69861
-0.103868 0.874654 2.43123
-0.470731 0.18894 2.51349
-0.487231 0.253409 2.48348
0.175037 1.06355 2.15693
0.152705 0.986204 2.1316
-0.120102 0.299734 2.55675
-0.109978 0.632351 2.48902
-0.0996818 0.951133 2.40937
-0.10349 1.09484 2.36185
-0.280722 0.838405 2.41516
-0.403259 0.617389 2.52397
-0.454463 0.370149 2.51087
-0.461704 0.268103 2.5084
0.102127 0.832567 2.44841
0.333049 0.770618 2.36381
0.451235 0.925513 2.2534
0.53268 1.00004 2.2297
-0.202553 0.296059 2.50591
-0.249082 -0.122836 2.65174
-0.305053 -0.47531 2.76453
-0.352397 -0.571607 2.67169
-0.0343066 0.293692 2.52498
-0.0606935 -0.113679 2.64603
-0.0905483 -0.495724 2.78042
-0.0589691 -0.589032 2.69881
-0.102258 0.873436 2.43146
-0.467715 0.195638 2.51282
-0.490857 0.251897 2.49582
0.603654 1.05611 2.24002
0.519686 1.02983 2.23053
-0.118873 0.299381 2.55479
-0.109025 0.631236 2.48792
-0.0985953 0.949439 2.40882
-0.104557 1.09233 2.36032
-0.279854 0.837716 2.41723
-0.398991 0.617189 2.52998
-0.452335 0.372069 2.52025
-0.457728 0.271703 2.51766
0.0971803 0.830065 2.4507
0.30607 0.772616 2.37452
0.0807448 0.893959 2.25499
0.0300936 0.910993 2.2564
-0.201381 0.295671 2.50457
-0.24729 -0.12093 2.64867
-0.304678 -0.472102 2.76496
-0.351993 -0.571205 2.67212
-0.032618 0.293287 2.52235
-0.0600878 -0.111569 2.64339
-0.0898277 -0.496352 2.78022
-0.0591228 -0.589074 2.69944
-0.10129 0.871868 2.43082
-0.464599 0.196469 2.52375
-0.492545 0.238574 2.51925
-0.0657175 1.00265 2.23038
-0.035141 0.929963 2.2961
-0.120205 0.298576 2.55495
-0.112587 0.629806 2.48858
-0.10509 0.947464 2.40996
-0.108766 1.08977 2.35869
-0.287128 0.836269 2.42093
-0.40062 0.612166 2.53285
-0.445763 0.372309 2.53194
-0.449139 0.268509 2.53242
0.0950598 0.834101 2.44595
0.334459 0.754514 2.36332
0.384498 0.959143 2.2369
0.392896 1.03446 2.2183
-0.202829 0.294424 2.50649
-0.247765 -0.122197 2.64899
-0.305085 -0.476063 2.7651
-0.351308 -0.570375 2.67286
-0.0339241 0.292886 2.52156
-0.0603209 -0.11131 2.64365
-0.0889857 -0.492846 2.77837
-0.0593344 -0.588852 2.69944
-0.107004 0.870018 2.43185
-0.452239 0.191826 2.54583
-0.47407 0.266957 2.52681
0.433552 1.11844 2.22855
0.34175 1.06351 2.19833
-0.119682 0.299156 2.55476
-0.109644 0.63101 2.48851
-0.0981614 0.949448 2.41022
-0.10174 1.09322 2.36418
-0.278655 0.837439 2.4172
-0.399548 0.615709 2.52639
-0.447383 0.369907 2.51678
-0.451409 0.270276 2.50972
0.0992251 0.830084 2.45204
0.343272 0.7552 2.38142
0.396147 0.970993 2.21151
0.399936 1.0358 2.19837
-0.202215 0.295229 2.5053
-0.247618 -0.12233 2.64975
-0.305525 -0.4766 2.76467
-0.352333 -0.56962 2.67664
-0.0332879 0.293472 2.5224
-0.0600139 -0.112819 2.64523
-0.0904467 -0.493768 2.77956
-0.0594299 -0.588575 2.69918
-0.101178 0.871795 2.43202
-0.453891 0.190033 2.52647
-0.482269 0.236225 2.51286
0.42925 1.12394 2.20471
0.351799 1.04336 2.17065
-0.120448 0.298398 2.55667
-0.107252 0.630698 2.48953
-0.0925987 0.949406 2.41058
-0.0958699 1.09394 2.36479
-0.273425 0.838632 2.41816
-0.395521 0.621627 2.53378
-0.447584 0.372883 2.5299
-0.451484 0.277664 2.53167
0.101111 0.826756 2.45175
0.309873 0.761656 2.37776
0.183605 0.850821 2.23169
0.125331 0.865048 2.22928
-0.202952 0.294867 2.50788
-0.247995 -0.12254 2.6506
-0.304837 -0.474537 2.76486
-0.351655 -0.570372 2.67404
-0.0338744 0.292546 2.52371
-0.0602911 -0.113018 2.64667
-0.090223 -0.494785 2.77986
-0.0595115 -0.588644 2.69996
-0.0963986 0.871686 2.43257
-0.458474 0.198925 2.55206
-0.478781 0.270553 2.52533
0.0602053 0.907054 2.21734
0.0890024 0.816766 2.21543
-0.1205 0.297774 2.55727
-0.106398 0.629661 2.49
-0.0917388 0.94771 2.41061
-0.0963814 1.09298 2.3642
-0.27556 0.839906 2.42257
-0.391478 0.621515 2.54147
-0.442501 0.377743 2.53342
-0.445981 0.274805 2.53087
0.101498 0.826179 2.44631
0.339993 0.742094 2.35866
0.451836 0.94095 2.26269
0.484619 1.01748 2.2586
-0.203151 0.294365 2.50886
-0.247635 -0.121848 2.65043
-0.304716 -0.473828 2.76575
-0.350324 -0.568543 2.67532
-0.0340356 0.291684 2.5242
-0.0599534 -0.11475 2.64655
-0.0906585 -0.49611 2.78059
-0.0596708 -0.589035 2.69944
-0.0954472 0.870183 2.43272
-0.451867 0.197617 2.53586
-0.478884 0.256994 2.5302
0.549707 1.08782 2.26985
0.434655 1.03989 2.26082
-0.119718 0.298832 2.55678
-0.105878 0.629838 2.48945
-0.0925922 0.947335 2.40871
-0.0929829 1.09184 2.36038
-0.272322 0.839868 2.41827
-0.39153 0.622163 2.53543
-0.441672 0.379396 2.52818
-0.448708 0.27891 2.52346
0.102946 0.826712 2.45164
0.366053 0.755457 2.36834
0.365755 0.966153 2.22038
0.357101 1.03833 2.19715
-0.202218 0.295582 2.5061
-0.247613 -0.12175 2.65057
-0.305124 -0.476052 2.76575
-0.351648 -0.569709 2.67664
-0.0332066 0.292897 2.52545
-0.059365 -0.114101 2.64521
-0.0905465 -0.494767 2.77993
-0.0595715 -0.589009 2.69955
-0.0958942 0.869917 2.43126
-0.453845 0.203537 2.5313
-0.471688 0.280495 2.51077
0.369736 1.12781 2.19023
0.306953 1.03897 2.17311
-0.121499 0.297879 2.55692
-0.109079 0.628918 2.4875
-0.096898 0.946499 2.40477
-0.0953717 1.09032 2.35375
-0.275745 0.837742 2.41326
-0.393479 0.620012 2.53163
-0.443781 0.373281 2.52489
-0.445368 0.273383 2.51119
0.102834 0.827405 2.44791
0.362967 0.755475 2.3694
0.213523 0.868521 2.19948
0.154179 0.915287 2.19131
-0.20384 0.294336 2.50664
-0.249625 -0.122629 2.65165
-0.305617 -0.475381 2.76458
-0.351918 -0.569822 2.67616
-0.0352585 0.291924 2.52507
-0.0614202 -0.11319 2.6462
-0.0904905 -0.4956 2.78015
-0.0593295 -0.58922 2.69902
-0.0999929 0.869052 2.42777
-0.453162 0.196131 2.52501
-0.47201 0.275856 2.50475
0.0726839 0.959769 2.15952
0.138766 0.862825 2.16552
-0.121406 0.298738 2.55601
-0.109592 0.629086 2.48598
-0.0978055 0.946102 2.40283
-0.0958973 1.09029 2.35322
-0.278532 0.838484 2.4124
-0.395476 0.617695 2.52675
-0.443016 0.366876 2.50611
-0.445293 0.270828 2.49454
0.10256 0.828287 2.44457
0.366535 0.788155 2.35654
0.473876 0.938573 2.26417
0.577666 1.01641 2.24412
-0.203652 0.295259 2.50464
-0.250424 -0.122328 2.65157
-0.305048 -0.473416 2.76517
-0.352426 -0.57021 2.67487
-0.0353155 0.292895 2.52506
-0.0617091 -0.113794 2.64619
-0.0914861 -0.494894 2.78086
-0.0593723 -0.589299 2.698
-0.100813 0.868801 2.42592
-0.44377 0.187697 2.50433
-0.470322 0.26678 2.48785
0.663764 1.05159 2.24992
0.559799 1.05887 2.23411
-0.120438 0.298343 2.55212
-0.105894 0.629065 2.48459
-0.088714 0.946074 2.40506
-0.0864384 1.09057 2.35601
-0.267243 0.83708 2.40592
-0.391613 0.620403 2.52006
-0.438741 0.373749 2.493
-0.438539 0.273614 2.46989
0.105463 0.826872 2.4546
0.321243 0.782145 2.37922
0.138288 0.84844 2.21687
0.0863717 0.873845 2.22423
-0.202167 0.295243 2.49796
-0.248994 -0.121045 2.64944
-0.304426 -0.472201 2.76472
-0.35208 -0.570261 2.67415
-0.0348461 0.292082 2.5227
-0.0606582 -0.112847 2.64364
-0.0895454 -0.491982 2.77921
-0.0590061 -0.588347 2.69677
-0.0932435 0.868843 2.42706
-0.443223 0.195296 2.48076
-0.46493 0.284304 2.46442
0.0110183 0.891113 2.21149
0.0794685 0.811202 2.19283
-0.120471 0.296497 2.5522
-0.108049 0.627876 2.48645
-0.096291 0.945893 2.4089
-0.0939778 1.08998 2.36015
-0.276495 0.834812 2.41562
-0.390624 0.613506 2.53154
-0.437832 0.37029 2.49377
-0.444289 0.270724 2.47931
0.102053 0.827026 2.44715
0.353221 0.764695 2.37697
0.435584 0.973501 2.27385
0.446746 1.04387 2.26031
-0.202799 0.292495 2.50077
-0.248454 -0.120982 2.64913
-0.305082 -0.476099 2.76416
-0.351941 -0.569928 2.67561
-0.0345447 0.290449 2.52202
-0.0604449 -0.112703 2.64195
-0.0908161 -0.493545 2.78024
-0.0589032 -0.58879 2.69783
-0.0992032 0.868316 2.4305
-0.449493 0.192596 2.47956
-0.46737 0.247854 2.46786
0.502815 1.12022 2.2611
0.395188 1.05877 2.25296
-0.120658 0.296594 2.55278
-0.110169 0.628088 2.48853
-0.100265 0.94621 2.41242
-0.0991235 1.08966 2.36284
-0.279249 0.83561 2.42036
-0.392433 0.612642 2.53442
-0.438511 0.370773 2.49815
-0.441537 0.270316 2.48049
0.0987481 0.827989 2.45304
0.323645 0.751505 2.42293
0.368691 0.937275 2.27039
0.373031 1.0343 2.25109
-0.203324 0.292481 2.50258
-0.247675 -0.121048 2.64989
-0.305665 -0.476457 2.76472
-0.351586 -0.571272 2.67283
-0.0343924 0.291061 2.52198
-0.0608881 -0.113507 2.64247
-0.0911196 -0.493299 2.77944
-0.0591806 -0.589062 2.69882
-0.102751 0.868634 2.43367
-0.44781 0.19695 2.48664
-0.465558 0.249319 2.47412
0.395958 1.11327 2.24394
0.414256 1.01718 2.22243
-0.122839 0.296027 2.5545
-0.114805 0.628095 2.49146
-0.106717 0.94682 2.41642
-0.106388 1.09132 2.36811
-0.287562 0.835307 2.4257
-0.400932 0.610133 2.53591
-0.448238 0.36845 2.50578
-0.455822 0.271176 2.4882
0.0927457 0.829004 2.46208
0.337134 0.739016 2.39954
0.249793 0.915106 2.22953
0.217861 0.98031 2.21276
-0.205528 0.291569 2.50589
-0.249815 -0.122186 2.65137
-0.305085 -0.475248 2.76545
-0.351504 -0.570322 2.67408
-0.0364887 0.290857 2.52228
-0.0613224 -0.115627 2.64482
-0.0914814 -0.495541 2.78047
-0.0591255 -0.588942 2.69875
-0.10882 0.869061 2.43741
-0.45887 0.194009 2.49075
-0.481352 0.267399 2.479
0.18618 1.04952 2.18263
0.259637 0.972397 2.19048
-0.123044 0.296716 2.55705
-0.113308 0.62881 2.49276
-0.102781 0.947552 2.41642
-0.0973349 1.09323 2.36882
-0.282966 0.83531 2.42068
-0.40827 0.61635 2.53005
-0.454258 0.370441 2.4935
-0.45911 0.272435 2.48112
0.0928494 0.828801 2.46457
0.346297 0.73504 2.41899
0.442351 0.97401 2.3171
0.472351 1.01249 2.31207
-0.205229 0.292396 2.50563
-0.25239 -0.123314 2.654
-0.304529 -0.473332 2.76514
-0.351776 -0.569322 2.67439
-0.0366233 0.292132 2.52758
-0.0629032 -0.115327 2.64655
-0.0910382 -0.497485 2.7824
-0.0588804 -0.588896 2.69701
-0.105506 0.869814 2.43783
-0.464179 0.196412 2.4921
-0.484449 0.261153 2.46537
0.539157 1.07955 2.31784
0.511582 0.980652 2.26963
-0.121859 0.296299 2.55923
-0.111665 0.628768 2.49442
-0.100979 0.947817 2.41745
-0.0882908 1.09229 2.36971
-0.278812 0.834385 2.41991
-0.40637 0.614921 2.52623
-0.454501 0.365976 2.50007
-0.455502 0.268592 2.48347
0.0970683 0.82888 2.47369
0.3476 0.7348 2.42919
0.208043 0.878921 2.2657
0.148011 0.912259 2.24666
-0.203635 0.291919 2.50711
-0.253248 -0.124174 2.65436
-0.304931 -0.474368 2.76484
-0.351584 -0.568903 2.67423
-0.035366 0.291593 2.53073
-0.0635959 -0.117358 2.64815
-0.0924588 -0.496858 2.78244
-0.058738 -0.588949 2.69756
-0.103741 0.870008 2.43899
-0.46029 0.190583 2.49444
-0.482337 0.267889 2.48397
0.0774995 0.94634 2.22155
0.148461 0.957103 2.24042
-0.120313 0.296343 2.56202
-0.110297 0.628681 2.49692
-0.0997622 0.947631 2.41979
-0.0846205 1.09196 2.37198
-0.276639 0.835655 2.41964
-0.409114 0.615399 2.51941
-0.451014 0.36172 2.47922
-0.45078 0.264995 2.46487
0.0988961 0.828215 2.47349
0.335548 0.739114 2.42472
0.417845 0.94644 2.32082
0.44592 1.02167 2.31428
-0.201899 0.292005 2.50949
-0.251176 -0.124071 2.65407
-0.304587 -0.476053 2.76553
-0.352038 -0.569348 2.67474
-0.0345406 0.29144 2.53337
-0.0619277 -0.115431 2.6473
-0.0921064 -0.49532 2.78193
-0.0593214 -0.58876 2.69941
-0.10248 0.869852 2.44131
-0.448933 0.181898 2.48486
-0.476341 0.237565 2.46225
0.500705 1.09152 2.31579
0.494275 1.00242 2.28396
-0.118616 0.295973 2.5634
-0.107703 0.628537 2.49847
-0.0961158 0.947775 2.42154
-0.0806103 1.09091 2.37248
-0.270959 0.83637 2.41831
-0.405061 0.614761 2.51387
-0.445694 0.363908 2.47295
-0.443896 0.266179 2.45587
0.102934 0.827605 2.47697
0.357172 0.73195 2.43038
0.286224 0.92604 2.26755
0.264966 1.00249 2.26422
-0.200191 0.291748 2.51088
-0.249264 -0.123352 2.6536
-0.304247 -0.476354 2.76603
-0.351103 -0.570955 2.67285
-0.0330046 0.290848 2.53485
-0.0605804 -0.11535 2.64749
-0.0907575 -0.495309 2.78076
-0.0593711 -0.588571 2.69965
-0.0991128 0.869916 2.443
-0.4427 0.183815 2.4775
-0.462141 0.24255 2.45233
0.232414 1.07763 2.24837
0.299495 1.0159 2.24386
-0.118327 0.296018 2.5638
-0.108609 0.628086 2.49779
-0.0997018 0.946316 2.4187
-0.0865806 1.09046 2.36895
-0.274007 0.834939 2.41765
-0.402141 0.612037 2.51753
-0.445725 0.364604 2.49049
-0.446642 0.264605 2.48812
0.101353 0.82882 2.47162
0.343908 0.73965 2.43018
0.248348 0.932209 2.28557
0.213555 0.997464 2.26448
-0.19988 0.291755 2.51176
-0.248947 -0.123362 2.65337
-0.304291 -0.477616 2.76723
-0.351199 -0.570805 2.67297
-0.0327852 0.290838 2.53459
-0.0608407 -0.115972 2.64818
-0.0903855 -0.496844 2.78107
-0.0594798 -0.588769 2.69976
-0.101928 0.868741 2.44081
-0.451276 0.189783 2.49997
-0.472635 0.230044 2.48736
0.181883 1.07163 2.25247
0.254961 1.0038 2.24429
-0.11763 0.297275 2.56146
-0.111927 0.62819 2.49423
-0.106985 0.94563 2.41383
-0.0965078 1.08959 2.364
-0.282909 0.832593 2.41474
-0.40313 0.60672 2.51744
-0.444258 0.360379 2.49426
-0.441722 0.257692 2.48148
0.0966758 0.832551 2.46766
0.343143 0.755038 2.42303
0.388488 0.948916 2.28578
0.426735 1.03202 2.26261
-0.198805 0.292792 2.50724
-0.248972 -0.124761 2.65295
-0.303867 -0.475484 2.76648
-0.350793 -0.569215 2.67353
-0.0325923 0.292411 2.53264
-0.0607649 -0.114539 2.64689
-0.0907509 -0.496021 2.78084
-0.0593593 -0.589028 2.70023
-0.108245 0.868227 2.43622
-0.442295 0.181384 2.48985
-0.467128 0.24843 2.47452
0.473011 1.10263 2.25393
0.480385 1.02086 2.23858
