-0.161801 0.29078 2.54462
-0.169049 0.621422 2.47492
-0.176489 0.938608 2.39326
-0.170124 1.07959 2.33161
-0.35834 0.82606 2.41322
-0.452221 0.577951 2.4956
-0.498867 0.326751 2.46476
-0.50735 0.225152 2.44723
0.032219 0.834585 2.42662
0.296614 0.779642 2.36228
0.343886 1.00228 2.26924
0.351786 1.08233 2.26245
-0.243575 0.283657 2.49582
-0.278357 -0.116803 2.64475
-0.307974 -0.479086 2.76725
-0.350099 -0.574161 2.67266
-0.0749191 0.288712 2.51152
-0.0899885 -0.11787 2.64148
-0.092974 -0.501637 2.78159
-0.0590553 -0.589151 2.69775
-0.174787 0.861284 2.41589
-0.51757 0.147443 2.45163
-0.471631 0.194172 2.42997
0.366037 1.15999 2.25574
0.403917 1.08301 2.25657
-0.161987 0.291056 2.54441
-0.169378 0.621706 2.47538
-0.176486 0.938875 2.39454
-0.169192 1.08111 2.33335
-0.358038 0.827126 2.41291
-0.453056 0.57914 2.49452
-0.50035 0.327525 2.46157
-0.50978 0.226664 2.44794
0.0316962 0.834079 2.42878
0.303024 0.775799 2.36951
0.290847 1.00471 2.26594
0.2912 1.086 2.26356
-0.243836 0.283873 2.49551
-0.278594 -0.118013 2.64539
-0.308215 -0.481366 2.76738
-0.350665 -0.576163 2.67059
-0.0750131 0.28901 2.51147
-0.0902746 -0.118469 2.64178
-0.0930631 -0.501812 2.78151
-0.0593218 -0.588598 2.69739
-0.174926 0.861567 2.41694
-0.517887 0.147839 2.46577
-0.479551 0.213523 2.41967
0.28045 1.17533 2.2689
0.336116 1.0782 2.25064
-0.162265 0.291482 2.54453
-0.169604 0.622298 2.47619
-0.176077 0.939719 2.39618
-0.167941 1.08207 2.3358
-0.35777 0.827664 2.41393
-0.454906 0.580891 2.49633
-0.503511 0.328154 2.46319
-0.510275 0.227178 2.44991
0.0317903 0.834482 2.43073
0.302652 0.776049 2.37264
0.28525 0.99438 2.26393
0.258296 1.07174 2.2496
-0.244099 0.284243 2.49555
-0.27857 -0.118628 2.64584
-0.308019 -0.480925 2.76674
-0.350087 -0.575583 2.67158
-0.0752814 0.289492 2.51175
-0.090461 -0.119208 2.64255
-0.0932382 -0.502577 2.78183
-0.0592228 -0.588857 2.69668
-0.174709 0.862332 2.41838
-0.516813 0.147744 2.4565
-0.47746 0.208201 2.42414
0.240575 1.14139 2.23037
0.294649 1.104 2.24758
-0.16197 0.291771 2.54513
-0.168842 0.622713 2.47778
-0.174522 0.940229 2.39867
-0.167238 1.08177 2.33839
-0.357219 0.827436 2.41608
-0.45443 0.580457 2.49791
-0.501107 0.325796 2.46508
-0.506027 0.226358 2.45363
0.0324077 0.835053 2.43421
0.298839 0.775888 2.37577
0.316089 1.00379 2.27982
0.329583 1.08497 2.28095
-0.243794 0.284485 2.49611
-0.278308 -0.118066 2.64577
-0.308008 -0.480334 2.76737
-0.350171 -0.574802 2.67206
-0.0749745 0.28981 2.51251
-0.0903569 -0.120294 2.64371
-0.0927696 -0.502621 2.78183
-0.0585698 -0.589099 2.69692
-0.173333 0.862814 2.42067
-0.512992 0.148282 2.45795
-0.473434 0.199629 2.42951
0.335196 1.17137 2.28549
0.381213 1.07814 2.27133
-0.161812 0.291917 2.54563
-0.168031 0.622897 2.47907
-0.172774 0.940419 2.40078
-0.163421 1.0814 2.34063
-0.356114 0.827924 2.41783
-0.453686 0.580802 2.49897
-0.500317 0.325294 2.4655
-0.504746 0.227087 2.45264
0.0339561 0.834828 2.43715
0.301094 0.770314 2.37876
0.253317 0.98896 2.26039
0.219588 1.06207 2.24894
-0.243637 0.284657 2.49638
-0.278376 -0.118115 2.64602
-0.308061 -0.480056 2.76624
-0.350234 -0.574884 2.67174
-0.0748114 0.289904 2.5133
-0.0897476 -0.118595 2.64281
-0.0923575 -0.501053 2.78118
-0.0588456 -0.588561 2.69689
-0.17182 0.862999 2.42258
-0.510766 0.148039 2.46329
-0.472335 0.201224 2.42898
0.192223 1.13338 2.2313
0.257178 1.09429 2.23391
-0.161891 0.29208 2.54653
-0.167018 0.622971 2.48022
-0.170457 0.940387 2.40199
-0.159002 1.08229 2.34142
-0.354311 0.828956 2.42034
-0.450804 0.582109 2.50319
-0.497755 0.34023 2.47352
-0.5037 0.237362 2.46452
0.0357291 0.834315 2.43668
0.301607 0.772346 2.37227
0.344175 0.991808 2.28064
0.36163 1.07791 2.27796
-0.243727 0.28498 2.49729
-0.2786 -0.117818 2.6463
-0.308298 -0.478871 2.76647
-0.350195 -0.574827 2.67171
-0.0748801 0.289916 2.5143
-0.0897278 -0.119242 2.64351
-0.0925557 -0.501899 2.78199
-0.058846 -0.588786 2.69745
-0.169837 0.862998 2.42379
-0.510535 0.15864 2.46477
-0.469522 0.208344 2.44069
0.377028 1.16285 2.28185
0.40953 1.05462 2.26771
-0.160838 0.291642 2.54714
-0.164476 0.622696 2.48112
-0.166415 0.940406 2.40302
-0.152063 1.08199 2.3423
-0.35112 0.829529 2.42029
-0.446783 0.583184 2.50511
-0.491833 0.330174 2.47449
-0.494986 0.22767 2.462
0.0397715 0.829652 2.43676
0.308197 0.761674 2.37267
0.291271 0.974452 2.25357
0.269913 1.04671 2.22968
-0.242678 0.284882 2.49826
-0.278401 -0.118247 2.64655
-0.308007 -0.476959 2.76625
-0.349427 -0.572528 2.67307
-0.0737814 0.289076 2.51456
-0.0892139 -0.119344 2.64406
-0.0927625 -0.502531 2.78323
-0.0584922 -0.588679 2.69424
-0.166154 0.862932 2.42479
-0.499755 0.147483 2.4723
-0.460377 0.201201 2.44639
0.260959 1.1229 2.21113
0.320976 1.05571 2.22222
-0.160353 0.291488 2.54788
-0.1634 0.622784 2.48168
-0.16478 0.940994 2.40316
-0.150476 1.08216 2.34195
-0.350058 0.830197 2.42091
-0.44491 0.583589 2.50591
-0.49058 0.326515 2.47769
-0.497608 0.227901 2.4711
0.040465 0.829078 2.43584
0.308971 0.761763 2.37136
0.37864 0.975934 2.2656
0.40291 1.05182 2.26104
-0.242174 0.284955 2.49917
-0.278439 -0.11931 2.64733
-0.307759 -0.476809 2.76666
-0.349356 -0.572719 2.67287
-0.073303 0.288716 2.51519
-0.088531 -0.120421 2.64579
-0.0921535 -0.501073 2.78208
-0.0595426 -0.588903 2.69865
-0.164627 0.863354 2.42508
-0.504146 0.149637 2.48013
-0.461266 0.196479 2.466
0.416623 1.13831 2.26026
0.451494 1.03315 2.25456
-0.15949 0.291364 2.54866
-0.162464 0.622656 2.48198
-0.163797 0.940571 2.40293
-0.148414 1.0822 2.34211
-0.349208 0.83023 2.42049
-0.443858 0.583909 2.50633
-0.490042 0.324489 2.47799
-0.49354 0.225245 2.467
0.0408538 0.829173 2.43636
0.308134 0.754282 2.37556
0.294686 0.966307 2.25287
0.269778 1.0421 2.22761
-0.241265 0.28498 2.49986
-0.278274 -0.120359 2.64775
-0.308293 -0.478253 2.76665
-0.348759 -0.572447 2.67265
-0.0725323 0.288453 2.51603
-0.088204 -0.120667 2.64709
-0.0918858 -0.501449 2.7812
-0.0598446 -0.589471 2.69862
-0.163648 0.863051 2.42498
-0.497431 0.143655 2.48165
-0.519284 0.233599 2.45846
0.255073 1.11498 2.20279
0.31485 1.05282 2.22247
-0.159849 0.291564 2.54916
-0.162937 0.622729 2.48215
-0.165164 0.940473 2.40277
-0.150208 1.08213 2.34169
-0.350383 0.829895 2.42216
-0.443624 0.583705 2.50954
-0.489996 0.327502 2.48268
-0.496871 0.2275 2.47972
0.0396739 0.830724 2.43442
0.308739 0.767499 2.36797
0.425452 0.970232 2.26927
0.467029 1.04017 2.27229
-0.241653 0.285131 2.50061
-0.278582 -0.120191 2.64803
-0.307618 -0.477567 2.76678
-0.349256 -0.57306 2.67292
-0.0729501 0.288719 2.51626
-0.0883131 -0.120113 2.64648
-0.0922285 -0.502005 2.78187
-0.0597885 -0.589343 2.69812
-0.164741 0.86301 2.42492
-0.503155 0.146892 2.49391
-0.524629 0.212449 2.47755
0.508335 1.1086 2.27249
0.511441 1.00594 2.26438
-0.159766 0.291716 2.54973
-0.162898 0.622783 2.48254
-0.164951 0.940369 2.40288
-0.149478 1.0818 2.34193
-0.349865 0.829863 2.42195
-0.444297 0.583831 2.50862
-0.490538 0.32386 2.48163
-0.496246 0.226013 2.46928
0.0419302 0.831202 2.43639
0.312824 0.766318 2.38441
0.254796 0.964732 2.23578
0.222149 1.04144 2.22136
-0.241585 0.285171 2.50085
-0.278781 -0.120194 2.6483
-0.307676 -0.476926 2.7665
-0.34975 -0.574112 2.67203
-0.0728302 0.288985 2.51727
-0.0886023 -0.120272 2.64633
-0.0920961 -0.503083 2.78265
-0.0588971 -0.589418 2.69925
-0.164628 0.862937 2.42509
-0.50023 0.143191 2.48927
-0.499718 0.161541 2.4846
0.191416 1.10816 2.19317
0.2611 1.06623 2.20185
-0.160415 0.292483 2.55044
-0.166631 0.623657 2.48285
-0.173838 0.941344 2.40228
-0.162953 1.08098 2.34215
-0.357041 0.827857 2.42428
-0.447907 0.581053 2.51228
-0.491673 0.322303 2.48648
-0.496596 0.224726 2.48355
0.0380442 0.835297 2.43323
0.312615 0.782009 2.39585
0.534649 0.874554 2.33437
0.620425 0.921281 2.33454
-0.242132 0.285733 2.50204
-0.278294 -0.118792 2.6485
-0.307602 -0.477003 2.76665
-0.34976 -0.573542 2.67335
-0.0736182 0.289969 2.51754
-0.0886199 -0.119353 2.64601
-0.0918774 -0.501972 2.78219
-0.0585768 -0.589589 2.69857
-0.17212 0.863893 2.42473
-0.503192 0.145664 2.48914
-0.463816 0.200691 2.45248
0.700809 0.968782 2.34076
0.640401 0.870455 2.32147
-0.160737 0.293531 2.55244
-0.167549 0.624237 2.48414
-0.173898 0.941497 2.40357
-0.162479 1.08219 2.3434
-0.356621 0.827782 2.42382
-0.445978 0.579172 2.50908
-0.486225 0.326872 2.48014
-0.486191 0.226008 2.46498
0.038852 0.838117 2.43757
0.310236 0.798745 2.4032
0.234281 1.01747 2.28926
0.191587 1.08985 2.28182
-0.242349 0.28649 2.50387
-0.277844 -0.118916 2.6499
-0.307351 -0.477111 2.76739
-0.349194 -0.572803 2.67288
-0.0740028 0.291283 2.5198
-0.0884024 -0.117657 2.64633
-0.0918125 -0.501921 2.78218
-0.0593782 -0.590226 2.69891
-0.172546 0.864155 2.42596
-0.493136 0.145607 2.47042
-0.453084 0.196352 2.44632
0.157366 1.1682 2.27293
0.228762 1.13963 2.27087
-0.161042 0.293993 2.55469
-0.172457 0.625355 2.48747
-0.184772 0.943443 2.40772
-0.176133 1.0836 2.34931
-0.36355 0.825983 2.42675
-0.448609 0.574691 2.50937
-0.482803 0.313938 2.48206
-0.486442 0.213103 2.47775
0.0305194 0.842496 2.44272
0.307511 0.80123 2.42252
0.526906 0.934419 2.36859
0.591872 0.98254 2.36319
-0.242472 0.286444 2.50526
-0.27693 -0.119385 2.65097
-0.308039 -0.478844 2.76743
-0.349064 -0.572131 2.67425
-0.0745132 0.2923 2.52282
-0.0875298 -0.116429 2.64758
-0.0918562 -0.500971 2.78366
-0.0595178 -0.590401 2.6999
-0.181814 0.865873 2.42993
-0.489891 0.135308 2.48617
-0.448053 0.178915 2.46171
0.659126 1.03196 2.36883
0.604846 0.924346 2.34406
-0.162401 0.296283 2.55871
-0.175511 0.626245 2.49026
-0.188092 0.942981 2.4098
-0.176605 1.08355 2.35034
-0.36651 0.825631 2.42706
-0.453699 0.575328 2.51014
-0.491026 0.318757 2.48555
-0.492315 0.217697 2.47297
0.0280417 0.848402 2.45493
0.303938 0.827048 2.43031
0.342623 1.02262 2.28602
0.346709 1.09476 2.25666
-0.243486 0.287744 2.50744
-0.277663 -0.120511 2.65321
-0.308395 -0.479297 2.76765
-0.349329 -0.572952 2.67407
-0.0761911 0.295442 2.52893
-0.0878992 -0.116368 2.64974
-0.0926037 -0.503123 2.78408
-0.0585022 -0.590332 2.70117
-0.185201 0.865784 2.43215
-0.496307 0.139661 2.48281
-0.456114 0.196165 2.45022
0.359008 1.16903 2.23032
0.390945 1.07318 2.25427
-0.158834 0.299823 2.56835
-0.169081 0.629146 2.50028
-0.177888 0.945162 2.42016
-0.157782 1.08291 2.36513
-0.349638 0.827252 2.42243
-0.449134 0.57765 2.4954
-0.480038 0.318902 2.46248
-0.473951 0.223913 2.44778
0.034923 0.853922 2.46818
0.272212 0.843071 2.38161
0.15645 0.987138 2.19999
0.124474 1.04125 2.16399
-0.240725 0.29096 2.51139
-0.27857 -0.121583 2.65567
-0.308204 -0.479845 2.76767
-0.349237 -0.573096 2.67306
-0.0719328 0.299009 2.54515
-0.0878461 -0.11458 2.65258
-0.092804 -0.503517 2.78477
-0.0588051 -0.589467 2.69657
-0.175932 0.868111 2.44242
-0.471558 0.140066 2.45847
-0.434694 0.214082 2.422
0.0855376 1.10473 2.12907
0.163456 1.08 2.14127
-0.161699 0.301528 2.57094
-0.173981 0.631085 2.50198
-0.185329 0.947381 2.42057
-0.170708 1.08766 2.36325
-0.366319 0.828863 2.43189
-0.459648 0.579729 2.51215
-0.497913 0.322711 2.49064
-0.504918 0.224344 2.49229
0.0311418 0.852853 2.46239
0.305772 0.845886 2.39364
0.467119 1.0095 2.3112
0.517635 1.09041 2.31903
-0.243446 0.292759 2.51694
-0.279178 -0.121913 2.65878
-0.308647 -0.479692 2.76789
-0.34966 -0.574223 2.67265
-0.0755424 0.300876 2.54445
-0.0884973 -0.114498 2.65392
-0.0923194 -0.50256 2.78414
-0.0588751 -0.589402 2.69761
-0.182685 0.870251 2.44319
-0.5046 0.146613 2.50254
-0.468275 0.202046 2.4767
0.567059 1.16217 2.33832
0.56773 1.05639 2.33121
-0.162584 0.301638 2.57424
-0.173047 0.631457 2.50608
-0.181181 0.948356 2.42624
-0.162826 1.08903 2.36935
-0.362843 0.83157 2.4357
-0.458902 0.581456 2.51085
-0.492458 0.326301 2.4792
-0.48848 0.226982 2.46015
0.0338625 0.848778 2.47063
0.293329 0.811022 2.38343
0.171938 0.97431 2.19439
0.127591 1.01879 2.16775
-0.244081 0.293269 2.52039
-0.279472 -0.121413 2.66031
-0.308417 -0.478307 2.76798
-0.34932 -0.57357 2.6721
-0.0761941 0.300417 2.54699
-0.0886422 -0.113623 2.6549
-0.0936813 -0.503743 2.78565
-0.0586203 -0.588863 2.69608
-0.179475 0.871028 2.44842
-0.494323 0.146125 2.47888
-0.448716 0.195412 2.43974
0.0819362 1.07784 2.138
0.164427 1.07131 2.15264
-0.164024 0.302091 2.5769
-0.173987 0.633168 2.50887
-0.182595 0.951217 2.4288
-0.161435 1.09092 2.37287
-0.362273 0.833917 2.43887
-0.458777 0.583287 2.51224
-0.491333 0.3278 2.48066
-0.494952 0.227165 2.4814
0.0311464 0.847997 2.47136
0.305867 0.814815 2.41102
0.43237 1.0118 2.31882
0.459898 1.09054 2.31298
-0.245421 0.293949 2.52345
-0.279694 -0.120267 2.6625
-0.308303 -0.478282 2.76811
-0.350084 -0.574094 2.67192
-0.0777718 0.300739 2.54864
-0.0897913 -0.114257 2.65574
-0.0930562 -0.502656 2.78459
-0.0585716 -0.589009 2.69703
-0.180649 0.873627 2.45106
-0.495445 0.149308 2.48924
-0.459192 0.205892 2.457
0.496381 1.16543 2.32721
0.504801 1.05365 2.30071
-0.167117 0.302572 2.5761
-0.176765 0.633302 2.50854
-0.185074 0.950938 2.42923
-0.168735 1.09152 2.37197
-0.365579 0.835019 2.44208
-0.457517 0.587625 2.52772
-0.493406 0.331454 2.50494
-0.491492 0.231225 2.49745
0.0263107 0.850317 2.47198
0.274385 0.795676 2.47766
0.314665 1.00465 2.30949
0.293925 1.07862 2.28591
-0.248319 0.294514 2.5243
-0.28033 -0.119117 2.66253
-0.307818 -0.478627 2.76842
-0.350067 -0.575666 2.67197
-0.0810059 0.301118 2.54595
-0.0914856 -0.115623 2.655
-0.0930092 -0.503139 2.78498
-0.0584553 -0.589344 2.69636
-0.183246 0.873457 2.45126
-0.494694 0.155118 2.50809
-0.456175 0.204669 2.47919
0.286409 1.15568 2.26859
0.339761 1.10746 2.3069
-0.167734 0.302513 2.57758
-0.175633 0.633446 2.51093
-0.181406 0.951289 2.43256
-0.16188 1.09247 2.37688
-0.360522 0.83645 2.44222
-0.455028 0.588591 2.52448
-0.488821 0.336872 2.49947
-0.489742 0.234856 2.49023
0.0309945 0.848298 2.48097
0.304514 0.802605 2.46176
0.335366 1.02626 2.36
0.336655 1.10881 2.3556
-0.248766 0.294733 2.52521
-0.281411 -0.119368 2.66302
-0.308205 -0.479102 2.76823
-0.350184 -0.575569 2.67155
-0.0816488 0.300666 2.54856
-0.0924168 -0.115943 2.65535
-0.0934454 -0.504545 2.78523
-0.0586388 -0.589079 2.69712
-0.180247 0.87376 2.4544
-0.493962 0.160811 2.4931
-0.452739 0.205067 2.47592
0.337642 1.18632 2.34991
0.383572 1.09521 2.345
-0.166934 0.302517 2.57748
-0.175677 0.633522 2.51069
-0.183266 0.951168 2.43176
-0.163652 1.09243 2.37575
-0.361369 0.835119 2.44055
-0.454933 0.586452 2.52178
-0.489061 0.328315 2.49805
-0.485119 0.225054 2.48689
0.027628 0.852352 2.48337
0.295791 0.801719 2.48189
0.275146 1.01018 2.32849
0.259644 1.07899 2.30739
-0.247677 0.294513 2.52468
-0.280816 -0.120356 2.66308
-0.308114 -0.479411 2.76853
-0.349847 -0.575424 2.6713
-0.0809285 0.300922 2.54873
-0.0906261 -0.115739 2.65578
-0.0928033 -0.504237 2.7855
-0.0590715 -0.590808 2.69638
-0.18153 0.873718 2.45378
-0.485135 0.147584 2.5002
-0.446426 0.202208 2.46678
0.255705 1.15995 2.29311
0.31207 1.1059 2.3158
-0.163686 0.302646 2.57911
-0.17242 0.634178 2.51125
-0.180089 0.952617 2.43053
-0.153915 1.09223 2.37656
-0.355819 0.834049 2.43473
-0.450623 0.584329 2.51227
-0.481812 0.327117 2.48779
-0.47904 0.228535 2.47842
0.0339889 0.851685 2.48615
0.312182 0.823901 2.47177
0.426165 1.02697 2.39361
0.469301 1.10247 2.4019
-0.244513 0.294538 2.52465
-0.28056 -0.120858 2.66353
-0.307426 -0.478545 2.76895
-0.349259 -0.573319 2.67282
-0.0775445 0.301161 2.55232
-0.0891259 -0.114832 2.65683
-0.0928871 -0.50234 2.78401
-0.0588811 -0.58818 2.69737
-0.178307 0.874966 2.45308
-0.480466 0.146826 2.49044
-0.44374 0.209617 2.45533
0.5236 1.17424 2.43039
0.489314 1.04527 2.36895
-0.163241 0.302999 2.57966
-0.171578 0.634471 2.51154
-0.178271 0.952802 2.43075
-0.155099 1.0935 2.37622
-0.356112 0.834022 2.43655
-0.450968 0.584913 2.51552
-0.484458 0.327291 2.49301
-0.482095 0.226758 2.48489
0.0343203 0.852308 2.48598
0.293899 0.790896 2.4842
0.239728 0.964394 2.30686
0.217768 1.02966 2.26827
-0.243921 0.295012 2.52598
-0.280414 -0.120647 2.66349
-0.307404 -0.478391 2.76866
-0.349796 -0.573507 2.67348
-0.0772793 0.301492 2.55235
-0.0880412 -0.115065 2.65769
-0.092223 -0.502291 2.78329
-0.0588271 -0.588923 2.69847
-0.17686 0.875181 2.45322
-0.485575 0.147718 2.50238
-0.447323 0.205257 2.4612
0.210082 1.10122 2.23857
0.268935 1.04717 2.25744
-0.162401 0.302627 2.58102
-0.167831 0.634614 2.51373
-0.171631 0.953455 2.43423
-0.148921 1.09433 2.38032
-0.350059 0.836395 2.43864
-0.447773 0.588237 2.51715
-0.483694 0.333589 2.49343
-0.481911 0.23175 2.49146
0.0376154 0.847978 2.48546
0.313501 0.799878 2.47046
0.421409 1.00522 2.35743
0.452013 1.07911 2.35591
-0.243361 0.294988 2.52706
-0.28036 -0.121502 2.66446
-0.307075 -0.478679 2.76814
-0.350346 -0.574051 2.67195
-0.0762213 0.300674 2.55385
-0.0880626 -0.115139 2.65805
-0.092164 -0.501776 2.78322
-0.0588429 -0.588737 2.69923
-0.170861 0.87569 2.45636
-0.486517 0.153913 2.507
-0.445779 0.21113 2.46627
0.485233 1.14907 2.36212
0.502963 1.04337 2.3307
-0.162554 0.302769 2.58113
-0.168615 0.634606 2.51389
-0.173858 0.953045 2.43449
-0.15463 1.09415 2.38032
-0.353426 0.836637 2.44291
-0.448218 0.589078 2.52565
-0.48579 0.331266 2.50422
-0.482839 0.232551 2.49579
0.0353682 0.849427 2.48343
0.300567 0.789946 2.47503
0.296471 0.988753 2.32416
0.282352 1.06317 2.29337
-0.243465 0.295115 2.52741
-0.280298 -0.123103 2.66527
-0.307459 -0.478764 2.76863
-0.349933 -0.575173 2.67184
-0.076541 0.300858 2.55349
-0.0877472 -0.115072 2.65787
-0.0938973 -0.506337 2.78641
-0.0590105 -0.588719 2.69887
-0.1727 0.875393 2.45659
-0.487445 0.155147 2.51201
-0.445663 0.204433 2.47607
0.279769 1.14057 2.26607
0.340224 1.07371 2.28592
-0.162496 0.302607 2.58123
-0.167969 0.634233 2.51423
-0.172419 0.952433 2.43504
-0.151479 1.09407 2.38016
-0.352087 0.837386 2.44284
-0.447577 0.589288 2.52367
-0.484651 0.333311 2.49911
-0.485187 0.230042 2.49
0.0386603 0.847427 2.48241
0.315161 0.812998 2.44983
0.414501 1.02406 2.34591
0.444101 1.09843 2.34671
-0.243427 0.295106 2.52762
-0.280596 -0.122184 2.66463
-0.307885 -0.478464 2.76812
-0.349632 -0.573938 2.67217
-0.0764431 0.300538 2.55341
-0.0877229 -0.116214 2.65789
-0.0926532 -0.503194 2.78451
-0.0590237 -0.589039 2.69664
-0.171464 0.874838 2.45709
-0.490136 0.153774 2.50224
-0.445791 0.202705 2.47107
0.489671 1.16633 2.35215
0.495378 1.06741 2.32558
-0.162824 0.302317 2.58037
-0.168881 0.633698 2.51324
-0.174027 0.951552 2.43354
-0.156005 1.09332 2.37708
-0.354862 0.836167 2.44362
-0.449319 0.588699 2.52687
-0.486679 0.328684 2.50527
-0.484986 0.227983 2.49703
0.035389 0.847963 2.47813
0.297765 0.779429 2.47449
0.317791 0.984676 2.32847
0.301981 1.05591 2.29888
-0.243744 0.29483 2.52735
-0.280224 -0.122024 2.66421
-0.307799 -0.478773 2.76854
-0.349704 -0.573727 2.67288
-0.0768356 0.300279 2.55158
-0.0876807 -0.116668 2.65777
-0.0916383 -0.500384 2.78321
-0.0594688 -0.588647 2.69813
-0.17295 0.874038 2.45571
-0.488539 0.148618 2.51765
-0.44981 0.205452 2.47524
0.295444 1.13737 2.28065
0.355809 1.08509 2.31257
-0.161755 0.301412 2.57924
-0.166998 0.633086 2.51213
-0.170742 0.951527 2.43251
-0.14658 1.093 2.37684
-0.350186 0.836098 2.43976
-0.447621 0.588457 2.51979
-0.484065 0.33116 2.49401
-0.481052 0.228506 2.48073
0.0369127 0.84551 2.48083
0.30879 0.776134 2.45962
0.379602 0.992265 2.33315
0.38027 1.06818 2.32467
-0.242792 0.294079 2.52612
-0.280143 -0.122111 2.66393
-0.307257 -0.478268 2.76869
-0.350045 -0.574186 2.67257
-0.0756209 0.299176 2.55057
-0.0873577 -0.117074 2.65746
-0.0916182 -0.500631 2.783
-0.0588224 -0.589819 2.69981
-0.170031 0.87383 2.45467
-0.484606 0.153141 2.4928
-0.445993 0.205829 2.45862
0.393309 1.14072 2.31961
0.416362 1.03226 2.31306
-0.160773 0.300293 2.57674
-0.167869 0.632159 2.50903
-0.174535 0.950729 2.42848
-0.150657 1.09244 2.3752
-0.352178 0.834127 2.43843
-0.446083 0.586021 2.52074
-0.483152 0.327766 2.49743
-0.480364 0.228015 2.49499
0.0347874 0.845851 2.47552
0.303494 0.764784 2.46768
0.357586 0.969823 2.35308
0.363389 1.04785 2.33623
-0.241893 0.292967 2.52392
-0.279813 -0.121219 2.66242
-0.307921 -0.480247 2.76922
-0.350717 -0.574003 2.67409
-0.0745974 0.298093 2.54769
-0.0845713 -0.113476 2.65445
-0.0907656 -0.498408 2.78186
-0.0593774 -0.588944 2.70106
-0.172986 0.873017 2.4509
-0.48337 0.150525 2.50772
-0.444785 0.202684 2.47155
0.396478 1.12467 2.3334
0.412815 1.02909 2.34086
-0.158964 0.298596 2.57528
-0.16474 0.630916 2.50749
-0.168811 0.950049 2.42717
-0.141699 1.08991 2.37368
-0.34624 0.832693 2.43338
-0.443602 0.586532 2.51699
-0.478848 0.332444 2.4936
-0.474946 0.229411 2.48625
0.0400151 0.842768 2.48021
0.303939 0.760602 2.48382
0.263781 0.974097 2.33919
0.253802 1.05423 2.32291
-0.240086 0.291523 2.52211
-0.279366 -0.122386 2.6619
-0.307704 -0.479732 2.76936
-0.349585 -0.572638 2.67326
-0.0727922 0.296127 2.54665
-0.084219 -0.114348 2.65369
-0.0906137 -0.498664 2.78264
-0.059432 -0.588917 2.70094
-0.168024 0.872176 2.4495
-0.474508 0.154317 2.48895
-0.436187 0.200779 2.47272
0.234599 1.12909 2.30045
0.298081 1.05434 2.31211
