-0.208862 0.165415 2.20415
-0.204727 0.458362 2.13189
-0.199763 0.739981 2.04967
-0.183217 0.894387 2.01374
-0.365387 0.641944 2.08319
-0.438701 0.380298 2.16625
-0.50957 0.14572 2.19129
-0.528594 0.118609 2.19437
-0.0171492 0.658568 2.10963
0.225914 0.592035 2.10521
0.304546 0.787172 1.97122
0.316448 0.823433 1.96265
-0.278132 0.161541 2.16165
-0.337023 -0.218852 2.2681
-0.339833 -0.589774 2.42015
-0.351079 -0.64267 2.33295
-0.132842 0.164376 2.17722
-0.113286 -0.222225 2.30119
-0.161898 -0.596861 2.42366
-0.157185 -0.656339 2.34088
-0.20117 0.67123 2.07212
-0.552306 0.0336104 2.22739
-0.549936 0.132839 2.17959
0.341544 0.893242 1.94617
0.255045 0.812365 1.92747
-0.209066 0.16582 2.20483
-0.205217 0.458631 2.13232
-0.200523 0.740185 2.04977
-0.186356 0.895005 2.01405
-0.366417 0.641872 2.08286
-0.440254 0.379362 2.16682
-0.510025 0.144383 2.19143
-0.530164 0.119809 2.1969
-0.0172325 0.65984 2.10933
0.222463 0.594272 2.11309
0.348491 0.76596 1.98349
0.3735 0.808877 1.96963
-0.278325 0.161794 2.16279
-0.337266 -0.219083 2.2689
-0.340349 -0.590113 2.41967
-0.351139 -0.64253 2.33315
-0.133073 0.164832 2.17753
-0.113689 -0.221916 2.30186
-0.161905 -0.596882 2.42366
-0.157314 -0.656352 2.34109
-0.201849 0.671444 2.07232
-0.556248 0.0340352 2.23099
-0.550218 0.151881 2.19062
0.413533 0.869919 1.94716
0.314624 0.81068 1.9325
-0.209511 0.166123 2.20558
-0.205819 0.458761 2.13258
-0.20142 0.740261 2.04945
-0.190557 0.894816 2.0136
-0.367621 0.641985 2.08322
-0.441691 0.378998 2.16761
-0.511961 0.144237 2.19259
-0.533442 0.119869 2.20233
-0.0173437 0.660626 2.10892
0.220917 0.591537 2.11803
0.362772 0.753636 1.99275
0.38608 0.798417 1.98296
-0.278882 0.161956 2.16364
-0.337638 -0.217617 2.27027
-0.340443 -0.590065 2.41984
-0.351047 -0.642701 2.33309
-0.133435 0.165195 2.17818
-0.114675 -0.221784 2.30248
-0.16202 -0.596884 2.42355
-0.157286 -0.656523 2.341
-0.202646 0.671533 2.07218
-0.558415 0.034612 2.23638
-0.554527 0.137574 2.18886
0.428614 0.854441 1.9609
0.324002 0.805815 1.9565
-0.210502 0.16616 2.20602
-0.20682 0.458769 2.13285
-0.202326 0.740253 2.04938
-0.192103 0.894556 2.01319
-0.368448 0.642194 2.08358
-0.443414 0.379204 2.16926
-0.51392 0.144933 2.19675
-0.533897 0.124257 2.2067
-0.0178508 0.660817 2.10909
0.21908 0.588071 2.12098
0.360496 0.750576 1.99569
0.372635 0.798822 1.98292
-0.279943 0.161897 2.1642
-0.338043 -0.218197 2.27232
-0.339979 -0.589798 2.42021
-0.351134 -0.642327 2.33351
-0.134368 0.165286 2.17843
-0.115003 -0.222102 2.30283
-0.161219 -0.595884 2.42251
-0.157146 -0.656107 2.34188
-0.203589 0.671526 2.0722
-0.559991 0.0371484 2.24468
-0.559826 0.1225 2.19353
0.411865 0.85487 1.95872
0.310452 0.801198 1.94483
-0.211841 0.166066 2.20628
-0.208036 0.458768 2.13294
-0.203331 0.740336 2.04909
-0.192304 0.894489 2.01297
-0.368975 0.6423 2.08354
-0.444595 0.379384 2.17033
-0.515145 0.145316 2.19891
-0.534122 0.123986 2.20947
-0.0185032 0.660792 2.10968
0.234634 0.59144 2.1087
0.363676 0.766822 1.98822
0.361911 0.804182 1.98387
-0.281384 0.161777 2.16429
-0.338386 -0.218559 2.27352
-0.339851 -0.589157 2.42025
-0.351213 -0.642266 2.33359
-0.135612 0.165189 2.17878
-0.115324 -0.222416 2.30236
-0.160941 -0.59555 2.42174
-0.157241 -0.655926 2.34216
-0.204665 0.671588 2.07201
-0.561246 0.0376485 2.25026
-0.55392 0.14303 2.19342
0.397697 0.862516 1.95942
0.299582 0.805968 1.94969
-0.212877 0.165923 2.20639
-0.208949 0.458681 2.13304
-0.204077 0.740311 2.04909
-0.192506 0.894324 2.01285
-0.369982 0.642481 2.08389
-0.445098 0.37953 2.17074
-0.5162 0.146229 2.20258
-0.531732 0.125326 2.20905
-0.0193808 0.660693 2.1103
0.235258 0.590431 2.10903
0.327307 0.785832 1.9853
0.312439 0.817174 1.98307
-0.282443 0.161674 2.16425
-0.339507 -0.218769 2.27519
-0.340045 -0.58939 2.42033
-0.351295 -0.641981 2.33397
-0.136633 0.16498 2.179
-0.115946 -0.222602 2.30231
-0.160727 -0.595135 2.42136
-0.157243 -0.655778 2.34215
-0.205464 0.671548 2.07204
-0.558539 0.0406125 2.24639
-0.549118 0.175051 2.20257
0.336046 0.883951 1.96007
0.252871 0.806138 1.95387
-0.213888 0.165724 2.20653
-0.20971 0.458593 2.13306
-0.204605 0.7403 2.04892
-0.192594 0.894209 2.01275
-0.370317 0.642288 2.08347
-0.445346 0.379284 2.17065
-0.516289 0.145963 2.20264
-0.530924 0.122357 2.20364
-0.0197943 0.660689 2.11063
0.223669 0.583383 2.11558
0.258572 0.791358 1.98226
0.236535 0.823093 1.97768
-0.283495 0.161416 2.16437
-0.340041 -0.21793 2.27459
-0.340662 -0.590625 2.42046
-0.351696 -0.64311 2.33327
-0.137567 0.164831 2.17913
-0.116316 -0.22304 2.3022
-0.162681 -0.595352 2.42192
-0.157005 -0.655655 2.34183
-0.20605 0.67152 2.07192
-0.558102 0.0403633 2.23875
-0.548377 0.151718 2.18913
0.242768 0.898787 1.95627
0.172033 0.808596 1.952
-0.214142 0.165678 2.2067
-0.210109 0.458542 2.13325
-0.205117 0.740234 2.04906
-0.192598 0.894251 2.01283
-0.370623 0.642022 2.08326
-0.445322 0.3794 2.17041
-0.515845 0.145583 2.20044
-0.53002 0.123616 2.20018
-0.0200813 0.660384 2.11116
0.215165 0.574169 2.12236
0.1682 0.775992 1.98209
0.141892 0.802137 1.97504
-0.283706 0.161402 2.16445
-0.340392 -0.218578 2.27429
-0.339744 -0.589333 2.42006
-0.351621 -0.642868 2.33336
-0.137858 0.164728 2.17942
-0.116561 -0.223129 2.30244
-0.162361 -0.595448 2.42218
-0.157122 -0.655899 2.34174
-0.206542 0.671459 2.07207
-0.557779 0.041144 2.23525
-0.560902 0.0394166 2.20587
0.123817 0.871874 1.94214
0.0870207 0.771077 1.95935
-0.214053 0.165913 2.20686
-0.210166 0.4587 2.13354
-0.205397 0.740332 2.04954
-0.192219 0.894584 2.01412
-0.370619 0.641873 2.08286
-0.445774 0.378333 2.16922
-0.515839 0.143994 2.19707
-0.529625 0.124536 2.1932
-0.0206457 0.661586 2.11223
0.205629 0.55817 2.12162
0.0986527 0.741292 1.98842
0.0607792 0.774058 1.98784
-0.283565 0.161563 2.16451
-0.340069 -0.218606 2.27383
-0.339948 -0.589318 2.41999
-0.351722 -0.642846 2.33347
-0.13784 0.165057 2.17972
-0.117545 -0.225204 2.30391
-0.162487 -0.595576 2.4227
-0.157836 -0.655468 2.34216
-0.206763 0.67157 2.07249
-0.558415 0.039004 2.22493
-0.548877 0.156016 2.1818
0.0200883 0.836901 1.95809
0.011078 0.728597 1.98115
-0.213996 0.165865 2.2069
-0.21027 0.458734 2.13368
-0.205735 0.740556 2.04984
-0.192813 0.894804 2.01545
-0.371142 0.64174 2.08247
-0.446235 0.37799 2.16849
-0.517253 0.143782 2.19533
-0.532892 0.124959 2.1945
-0.0221517 0.66115 2.11241
0.207482 0.564198 2.11526
0.149805 0.768024 1.98251
0.139909 0.803448 1.96724
-0.283441 0.161523 2.16448
-0.339669 -0.217473 2.27241
-0.340154 -0.589449 2.42007
-0.351829 -0.642894 2.33346
-0.137822 0.165 2.1798
-0.11867 -0.227088 2.30523
-0.162365 -0.595703 2.4227
-0.157878 -0.6555 2.3422
-0.207039 0.671734 2.07275
-0.559806 0.0413185 2.23016
-0.546687 0.078459 2.1668
0.121114 0.877821 1.95527
0.0837369 0.764479 1.93033
-0.214118 0.165883 2.20696
-0.211213 0.458858 2.13414
-0.207857 0.740794 2.05086
-0.19756 0.895343 2.0177
-0.373734 0.642094 2.08309
-0.448578 0.377445 2.16868
-0.518803 0.142801 2.19434
-0.538214 0.120079 2.19589
-0.0232734 0.661394 2.11234
0.218594 0.591938 2.09499
0.301896 0.785723 1.96192
0.303914 0.826336 1.95432
-0.283588 0.161528 2.16462
-0.339544 -0.216721 2.27216
-0.339899 -0.589518 2.42034
-0.351999 -0.643013 2.33338
-0.137943 0.165021 2.17977
-0.119032 -0.226644 2.30505
-0.161625 -0.595248 2.42203
-0.157907 -0.655574 2.34232
-0.208855 0.671947 2.07362
-0.563619 0.033003 2.22959
-0.487315 0.144932 2.16731
0.326329 0.896511 1.93969
0.247844 0.797225 1.91545
-0.214388 0.165774 2.20671
-0.213271 0.459072 2.13465
-0.212587 0.741709 2.05261
-0.209907 0.895992 2.02051
-0.379012 0.640734 2.0855
-0.453796 0.370296 2.17359
-0.52292 0.13494 2.19648
-0.538658 0.119934 2.20225
-0.0269042 0.661693 2.10864
0.21474 0.599129 2.09951
0.40327 0.719584 1.99071
0.456219 0.760796 1.98174
-0.283896 0.161341 2.1644
-0.339528 -0.215032 2.27102
-0.339956 -0.590095 2.42061
-0.351687 -0.642988 2.33405
-0.13819 0.164918 2.17946
-0.120108 -0.225435 2.30452
-0.161226 -0.595452 2.42198
-0.157826 -0.656044 2.34181
-0.212898 0.672664 2.07503
-0.564505 0.0330545 2.23309
-0.488442 0.144023 2.17285
0.524264 0.800869 1.97383
0.42175 0.801471 1.944
-0.21489 0.165765 2.20654
-0.214526 0.459239 2.13454
-0.21407 0.741917 2.05238
-0.213473 0.89611 2.02069
-0.381489 0.640819 2.08663
-0.454788 0.369556 2.17455
-0.524044 0.134677 2.20022
-0.537313 0.120852 2.20761
-0.0288049 0.660711 2.1052
0.214499 0.599219 2.09921
0.401394 0.721367 1.98941
0.420959 0.77815 1.96993
-0.284409 0.161307 2.16449
-0.339343 -0.214427 2.27037
-0.340139 -0.59064 2.42005
-0.351652 -0.642963 2.33396
-0.138767 0.164978 2.17891
-0.121687 -0.223255 2.30393
-0.162003 -0.595419 2.42193
-0.15777 -0.656016 2.34134
-0.214359 0.672874 2.07484
-0.562679 0.0340661 2.23992
-0.485515 0.148047 2.18602
0.479468 0.827102 1.96385
0.366462 0.796139 1.93358
-0.215166 0.16566 2.20658
-0.215018 0.45918 2.13476
-0.214538 0.741873 2.05267
-0.212742 0.895919 2.02034
-0.381774 0.640991 2.08717
-0.454954 0.371959 2.17643
-0.523132 0.137432 2.20617
-0.537691 0.124813 2.21803
-0.0291493 0.660726 2.10581
0.210291 0.591079 2.09818
0.288503 0.774655 1.94711
0.274594 0.807926 1.94227
-0.284575 0.161241 2.16459
-0.339338 -0.214202 2.27116
-0.340234 -0.590768 2.42017
-0.351588 -0.642838 2.33404
-0.139161 0.164824 2.1789
-0.121918 -0.221878 2.30307
-0.161531 -0.595088 2.42177
-0.157848 -0.655958 2.34159
-0.214841 0.672829 2.07512
-0.565107 0.0384569 2.25273
-0.486251 0.14735 2.18724
0.293586 0.875649 1.92623
0.218342 0.795902 1.91438
-0.215408 0.165472 2.20668
-0.215114 0.45904 2.1348
-0.214387 0.741614 2.05261
-0.208915 0.895376 2.01956
-0.381636 0.64122 2.0871
-0.454547 0.373469 2.17702
-0.523221 0.139994 2.21155
-0.53777 0.124194 2.22225
-0.0293591 0.660365 2.10661
0.204841 0.573402 2.10353
0.151125 0.768964 1.95635
0.128047 0.794017 1.947
-0.284769 0.161092 2.16462
-0.339524 -0.215504 2.27295
-0.340224 -0.590965 2.4201
-0.35152 -0.642903 2.33404
-0.139472 0.164553 2.17913
-0.120609 -0.220376 2.30082
-0.160895 -0.594241 2.42108
-0.157712 -0.655907 2.3415
-0.214787 0.672619 2.0751
-0.561514 0.0403373 2.26105
-0.485235 0.145517 2.19723
0.0997535 0.853974 1.9211
0.0742624 0.770398 1.93637
-0.216008 0.165242 2.20738
-0.215265 0.458948 2.13504
-0.214212 0.741547 2.05261
-0.206187 0.895165 2.01954
-0.380311 0.641782 2.08682
-0.453745 0.375576 2.17678
-0.523314 0.142632 2.21262
-0.53915 0.122872 2.2174
-0.0294815 0.659826 2.10743
0.204491 0.572215 2.09557
0.148348 0.770696 1.95367
0.148499 0.80007 1.94117
-0.285269 0.160861 2.16522
-0.340006 -0.218693 2.27612
-0.339819 -0.590641 2.42007
-0.351184 -0.642678 2.33436
-0.140118 0.16437 2.18008
-0.120959 -0.220897 2.30138
-0.161324 -0.594299 2.42082
-0.1575 -0.655799 2.3412
-0.214707 0.672561 2.07514
-0.563497 0.0391126 2.25054
-0.485512 0.147387 2.19197
0.133143 0.867917 1.92382
0.0930442 0.773286 1.91735
-0.21691 0.165224 2.20764
-0.216183 0.458957 2.13517
-0.214865 0.741565 2.05243
-0.208214 0.89538 2.01993
-0.381266 0.641984 2.08651
-0.45533 0.374815 2.17639
-0.524185 0.14144 2.21118
-0.540658 0.123108 2.20871
-0.0307645 0.660145 2.10698
0.205812 0.577134 2.0887
0.267135 0.768285 1.93926
0.275223 0.807585 1.92826
-0.286308 0.160847 2.16556
-0.340815 -0.21976 2.27706
-0.339616 -0.590359 2.4198
-0.351107 -0.642579 2.33439
-0.140812 0.164361 2.18025
-0.122945 -0.223594 2.30291
-0.160348 -0.593424 2.4202
-0.157365 -0.655751 2.34069
-0.215407 0.672577 2.07504
-0.567333 0.040147 2.24028
-0.487201 0.147161 2.18824
0.290648 0.880137 1.91177
0.219825 0.78702 1.8919
-0.217822 0.165289 2.2078
-0.218121 0.459224 2.13508
-0.217844 0.742052 2.05177
-0.217989 0.896278 2.02064
-0.385191 0.64166 2.08687
-0.458197 0.371582 2.17637
-0.526198 0.137012 2.20613
-0.542443 0.119705 2.20155
-0.0334496 0.660512 2.10473
0.204528 0.585271 2.09456
0.37292 0.721421 1.97085
0.407421 0.766834 1.94757
-0.287236 0.160826 2.16626
-0.342508 -0.218194 2.277
-0.339894 -0.590729 2.41922
-0.350754 -0.642389 2.33477
-0.141811 0.164541 2.17983
-0.12434 -0.225606 2.30424
-0.159788 -0.592903 2.42008
-0.157175 -0.655932 2.34015
-0.218108 0.672999 2.07455
-0.570846 0.03129 2.23192
-0.558152 0.160513 2.18692
0.46008 0.824975 1.93497
0.35338 0.766597 1.904
-0.219368 0.165749 2.20822
-0.220483 0.459883 2.13519
-0.220713 0.742843 2.05133
-0.226522 0.896642 2.02086
-0.392069 0.641304 2.08908
-0.460574 0.369379 2.17685
-0.528116 0.134192 2.20373
-0.543878 0.119402 2.20461
-0.0377044 0.660456 2.10025
0.202527 0.588658 2.09566
0.398649 0.701318 1.99225
0.438484 0.752134 1.97472
-0.288856 0.161248 2.16781
-0.34299 -0.21849 2.27783
-0.339999 -0.590848 2.41911
-0.350515 -0.642836 2.33414
-0.143428 0.165103 2.17928
-0.125164 -0.225109 2.30461
-0.159622 -0.593044 2.42031
-0.157108 -0.656044 2.33984
-0.220864 0.673757 2.07426
-0.569122 0.0319104 2.23776
-0.56382 0.15818 2.19657
0.505173 0.798725 1.97606
0.389439 0.774928 1.93247
-0.220757 0.165834 2.20835
-0.22161 0.459914 2.13512
-0.221524 0.742811 2.05105
-0.226573 0.896726 2.02064
-0.392578 0.641489 2.08931
-0.461174 0.369305 2.17765
-0.528803 0.134152 2.20456
-0.54467 0.121697 2.21165
-0.0380806 0.660291 2.10043
0.209367 0.583776 2.09488
0.325409 0.758215 1.95913
0.323539 0.795145 1.95545
-0.290084 0.161346 2.16811
-0.343397 -0.216544 2.27727
-0.33945 -0.590459 2.41912
-0.350477 -0.642755 2.33431
-0.144753 0.165148 2.17918
-0.125503 -0.224665 2.30454
-0.159722 -0.592904 2.42065
-0.156846 -0.656118 2.33924
-0.22175 0.673742 2.07403
-0.56882 0.0349482 2.24784
-0.565652 0.160154 2.20522
0.358359 0.861798 1.94751
0.265315 0.799019 1.91527
-0.222197 0.165648 2.20813
-0.221921 0.459743 2.13488
-0.221157 0.742519 2.05056
-0.222075 0.896182 2.01931
-0.390832 0.642053 2.08786
-0.461386 0.372031 2.17768
-0.529875 0.137751 2.20819
-0.54451 0.124858 2.21823
-0.0380046 0.660035 2.10159
0.202615 0.568821 2.10328
0.182569 0.776569 1.96572
0.159624 0.808065 1.96556
-0.291347 0.161222 2.16779
-0.343865 -0.216207 2.27801
-0.339471 -0.590503 2.41901
-0.350911 -0.64311 2.33426
-0.146221 0.164888 2.17902
-0.125386 -0.223589 2.30267
-0.159469 -0.591644 2.4204
-0.15652 -0.656199 2.33885
-0.221623 0.673506 2.07366
-0.570704 0.0380677 2.25391
-0.564128 0.158485 2.20772
0.144782 0.880349 1.95148
0.104745 0.785082 1.94392
-0.222935 0.165483 2.20795
-0.22181 0.45954 2.13471
-0.2191 0.741843 2.05009
-0.214527 0.895021 2.0178
-0.386205 0.642922 2.08674
-0.460047 0.376048 2.17695
-0.529419 0.142547 2.21028
-0.544802 0.124857 2.21961
-0.0363566 0.658019 2.10323
0.19559 0.565548 2.09977
0.0953786 0.769776 1.99901
0.0628999 0.802437 2.00148
-0.292239 0.161142 2.16706
-0.344082 -0.219039 2.27957
-0.339058 -0.591013 2.41999
-0.349493 -0.64336 2.33452
-0.146954 0.164619 2.17922
-0.127036 -0.227488 2.30313
-0.158842 -0.591119 2.42051
-0.156161 -0.656228 2.33932
-0.220222 0.672958 2.07325
-0.569668 0.0396248 2.25858
-0.564143 0.156487 2.20597
0.0281674 0.871961 1.9836
0.0111991 0.759651 1.99838
-0.223656 0.164909 2.20782
-0.221758 0.459104 2.13441
-0.218232 0.741378 2.04947
-0.212771 0.89479 2.01734
-0.385274 0.642859 2.08561
-0.460086 0.376875 2.17678
-0.529594 0.14351 2.21061
-0.545842 0.124831 2.21757
-0.0364261 0.655732 2.10311
0.195881 0.565193 2.10491
0.178057 0.779776 1.97902
0.16793 0.816296 1.97388
-0.292888 0.160832 2.16695
-0.344044 -0.218848 2.27977
-0.338709 -0.591063 2.42043
-0.349975 -0.643818 2.33425
-0.147684 0.163737 2.17906
-0.128068 -0.229228 2.30382
-0.158105 -0.591288 2.42062
-0.15602 -0.656501 2.33978
-0.219541 0.672482 2.07271
-0.569145 0.0394704 2.25143
-0.567295 0.135932 2.204
0.158825 0.892494 1.9724
0.112651 0.78923 1.94169
-0.223997 0.165027 2.20775
-0.222222 0.459111 2.13413
-0.218973 0.741393 2.04899
-0.214269 0.895054 2.01713
-0.385912 0.642775 2.08524
-0.460508 0.377216 2.17638
-0.529691 0.143762 2.21028
-0.545443 0.125334 2.21001
-0.0368975 0.656607 2.10332
0.212095 0.587067 2.09069
0.302534 0.781451 1.96379
0.313318 0.822196 1.95867
-0.293195 0.160889 2.16692
-0.344613 -0.21685 2.27828
-0.338668 -0.590919 2.42088
-0.349832 -0.643753 2.33442
-0.148007 0.163947 2.17896
-0.129443 -0.230578 2.30493
-0.157554 -0.590996 2.42069
-0.155665 -0.656397 2.33936
-0.220149 0.672489 2.07229
-0.571162 0.0415873 2.24456
-0.562366 0.159859 2.1964
0.341792 0.896428 1.94922
0.254154 0.796747 1.91712
-0.224264 0.165177 2.20765
-0.222926 0.459374 2.13397
-0.22041 0.742003 2.04892
-0.217482 0.895467 2.01763
-0.387216 0.642522 2.08527
-0.461874 0.374884 2.17633
-0.531595 0.14147 2.20951
-0.544573 0.126379 2.20682
-0.0371038 0.657327 2.10249
0.208202 0.598624 2.09689
0.385853 0.731087 1.98355
0.43014 0.789632 1.966
-0.293437 0.160996 2.16679
-0.3455 -0.215307 2.27771
-0.338555 -0.590553 2.42118
-0.3497 -0.643493 2.33474
-0.148237 0.164135 2.17889
-0.12997 -0.228685 2.30581
-0.157521 -0.591095 2.42065
-0.155691 -0.656585 2.33886
-0.221324 0.672987 2.07218
-0.573749 0.0392926 2.24168
-0.563447 0.0809444 2.18235
0.487916 0.844984 1.9536
0.380381 0.804304 1.92343
-0.224222 0.16536 2.20757
-0.223095 0.459484 2.13388
-0.22091 0.742126 2.04885
-0.218796 0.895421 2.01745
-0.387918 0.642065 2.08511
-0.462759 0.374889 2.17521
-0.532298 0.141038 2.20639
-0.545778 0.126525 2.20395
-0.0372778 0.658158 2.10025
0.209698 0.603858 2.0954
0.39413 0.729216 1.98505
0.42586 0.793536 1.96747
-0.293369 0.161114 2.16663
-0.345631 -0.215311 2.2768
-0.338778 -0.590435 2.42081
-0.349937 -0.643448 2.33473
-0.148209 0.16442 2.17894
-0.130628 -0.226937 2.30631
-0.157055 -0.590444 2.42034
-0.155581 -0.656516 2.33844
-0.221709 0.673107 2.0721
-0.573688 0.0399181 2.24021
-0.56025 0.185632 2.18629
0.481374 0.847618 1.95752
0.369958 0.803657 1.92737
-0.224118 0.165497 2.2077
-0.222766 0.459377 2.13388
-0.219935 0.741566 2.0487
-0.216162 0.894311 2.01612
-0.387328 0.642201 2.085
-0.462942 0.376339 2.17418
-0.534058 0.142859 2.20473
-0.547524 0.132871 2.20432
-0.0353469 0.65859 2.1019
0.205137 0.594836 2.10347
0.273218 0.788811 1.9615
0.26111 0.837381 1.95274
-0.293172 0.161319 2.16653
-0.34473 -0.214206 2.27571
-0.338652 -0.590219 2.42063
-0.350148 -0.643332 2.3348
-0.148122 0.164547 2.17934
-0.130431 -0.225221 2.30612
-0.157459 -0.590861 2.42079
-0.155651 -0.656668 2.33782
-0.22092 0.672689 2.07199
-0.579044 0.0446033 2.24016
-0.50018 0.146728 2.1834
0.27593 0.910642 1.94122
0.200414 0.83047 1.93277
-0.223716 0.165417 2.20804
-0.221936 0.458974 2.13396
-0.218428 0.740734 2.04838
-0.21087 0.892927 2.01375
-0.385247 0.642187 2.08403
-0.462588 0.377854 2.17393
-0.53545 0.144853 2.20407
-0.548701 0.136659 2.20363
-0.0332383 0.658165 2.10327
0.206978 0.591869 2.09876
0.136502 0.800299 1.98173
0.123345 0.82866 1.975
-0.292796 0.161281 2.16663
-0.344541 -0.21389 2.27608
-0.338775 -0.590685 2.42055
-0.350185 -0.643382 2.33479
-0.147638 0.164398 2.18007
-0.128509 -0.223186 2.30488
-0.157367 -0.591193 2.42051
-0.15564 -0.656783 2.33766
-0.219583 0.67197 2.07178
-0.58018 0.052176 2.24193
-0.571977 0.0611579 2.2585
0.105596 0.902223 1.96435
0.0700275 0.803496 1.96688
-0.222031 0.166419 2.20881
-0.218956 0.459016 2.13376
-0.213614 0.739726 2.04702
-0.205005 0.891643 2.01042
-0.380942 0.641363 2.08086
-0.462005 0.379209 2.17349
-0.537142 0.147026 2.20402
-0.547703 0.137578 2.20425
-0.0297266 0.659276 2.10392
0.208681 0.58538 2.09019
0.0748741 0.779731 2.01411
0.0349214 0.81821 2.01754
-0.290791 0.162226 2.16656
-0.344191 -0.213887 2.27657
-0.338894 -0.590509 2.4203
-0.349382 -0.643253 2.33499
-0.146122 0.165538 2.18172
-0.125715 -0.220527 2.30434
-0.157517 -0.591454 2.42081
-0.155549 -0.65697 2.33738
-0.215231 0.671245 2.07074
-0.580355 0.0528285 2.24262
-0.571465 0.067257 2.2565
-0.00814295 0.875244 2.00039
-0.0150155 0.7748 2.03019
-0.22059 0.166672 2.20935
-0.217532 0.458782 2.13342
-0.212297 0.739087 2.04599
-0.203834 0.890767 2.00864
-0.379537 0.641431 2.08087
-0.460952 0.380086 2.17309
-0.536506 0.148145 2.20421
-0.542969 0.137534 2.20651
-0.0291629 0.659354 2.10334
0.207863 0.580822 2.08852
0.11527 0.794621 2.00384
0.108645 0.830211 1.99354
-0.289238 0.162552 2.16681
-0.344108 -0.213993 2.27725
-0.338289 -0.589892 2.42005
-0.348485 -0.642888 2.33541
-0.144881 0.165659 2.18243
-0.124134 -0.219771 2.30354
-0.157571 -0.590759 2.42075
-0.155393 -0.656504 2.33761
-0.213869 0.670703 2.06989
-0.574058 0.052786 2.24301
-0.494027 0.155607 2.18856
0.0835809 0.904008 1.98575
0.0550825 0.801283 1.98542
-0.220069 0.166037 2.20965
-0.217377 0.457984 2.13326
-0.212864 0.738079 2.04542
-0.206143 0.890292 2.00789
-0.379923 0.641008 2.08043
-0.460941 0.37801 2.17404
-0.534111 0.145137 2.20435
-0.541989 0.131347 2.20981
-0.0294885 0.658325 2.10295
0.20769 0.580851 2.09582
0.237546 0.789387 1.96205
0.239666 0.835763 1.95305
-0.288549 0.161892 2.1673
-0.342996 -0.220277 2.28114
-0.338373 -0.589994 2.42007
-0.348815 -0.643205 2.33472
-0.144521 0.16503 2.1826
-0.123844 -0.220567 2.30361
-0.157666 -0.59087 2.42063
-0.155356 -0.65656 2.33725
-0.214213 0.669749 2.06942
-0.57207 0.0447944 2.24855
-0.492956 0.154067 2.18335
0.24908 0.911329 1.94987
0.180553 0.822001 1.92627
-0.219935 0.165932 2.20967
-0.217654 0.457843 2.13329
-0.214522 0.737957 2.04561
-0.212195 0.890299 2.00892
-0.382318 0.640832 2.08168
-0.462133 0.373396 2.17552
-0.531912 0.139504 2.20602
-0.539082 0.126971 2.20869
-0.0316726 0.658436 2.10205
0.209344 0.594281 2.08912
0.347059 0.751866 1.95285
0.376056 0.802067 1.93412
-0.288401 0.161681 2.16769
-0.343126 -0.218394 2.28042
-0.338454 -0.590015 2.42004
-0.348591 -0.643059 2.33507
-0.144339 0.164942 2.18212
-0.12363 -0.219551 2.30333
-0.157859 -0.589497 2.42016
-0.155444 -0.65632 2.33761
-0.215417 0.669589 2.06954
-0.569784 0.0405849 2.24523
-0.491 0.150402 2.19026
0.41729 0.860928 1.91731
0.317726 0.794662 1.89171
-0.219868 0.165856 2.20952
-0.218951 0.457691 2.1335
-0.219053 0.737946 2.04712
-0.217645 0.890447 2.01062
-0.38719 0.639488 2.0848
-0.462364 0.370614 2.17612
-0.530365 0.136143 2.20636
-0.539002 0.123806 2.20853
-0.0332494 0.658139 2.10072
0.208617 0.597472 2.08741
0.390092 0.719282 1.96751
0.439843 0.759258 1.94489
-0.288378 0.16151 2.16785
-0.341672 -0.21927 2.27991
-0.337992 -0.589367 2.41974
-0.348739 -0.64329 2.33466
-0.144187 0.165028 2.18112
-0.123841 -0.219404 2.30393
-0.157662 -0.589751 2.42051
-0.155529 -0.656501 2.3376
-0.219089 0.669512 2.07064
-0.568334 0.0390067 2.24312
-0.491725 0.134048 2.17236
0.502403 0.803233 1.92967
0.39045 0.784403 1.90525
-0.219416 0.165447 2.20868
-0.219415 0.457464 2.13359
-0.220469 0.7377 2.04823
-0.219516 0.890306 2.01117
-0.388859 0.639367 2.08654
-0.462939 0.368271 2.17763
-0.529708 0.133281 2.20696
-0.540399 0.123126 2.20753
-0.0345224 0.657558 2.09998
0.20756 0.59551 2.08611
0.375979 0.727509 1.95763
0.388653 0.779956 1.93931
-0.288028 0.161041 2.16759
-0.340754 -0.218166 2.27817
-0.338078 -0.589864 2.41988
-0.348824 -0.643237 2.33473
-0.143656 0.16474 2.17951
-0.12367 -0.218949 2.30413
-0.157828 -0.589814 2.42038
-0.155584 -0.656434 2.33739
-0.220284 0.669262 2.07142
-0.569862 0.0386068 2.2411
-0.49053 0.138031 2.20575
0.435563 0.835758 1.91746
0.329568 0.787164 1.90894
-0.219647 0.164574 2.20743
-0.219557 0.457007 2.13341
-0.220117 0.737375 2.04859
-0.217693 0.88964 2.01133
-0.388651 0.639505 2.08696
-0.462502 0.370374 2.17716
-0.529134 0.135373 2.20673
-0.544797 0.123604 2.21025
-0.0343771 0.657045 2.10172
0.205877 0.588904 2.08476
0.281981 0.780062 1.94301
0.266982 0.816196 1.937
-0.288252 0.160034 2.16621
-0.340561 -0.217543 2.27737
-0.338159 -0.589894 2.41986
-0.349492 -0.643303 2.33476
-0.14392 0.164025 2.17856
-0.12298 -0.218207 2.3021
-0.158412 -0.589286 2.41996
-0.155446 -0.656262 2.33739
-0.220159 0.668931 2.07164
-0.571857 0.0393746 2.24618
-0.519991 0.116204 2.22978
0.287404 0.880355 1.92367
0.209123 0.810696 1.91631
-0.220125 0.163442 2.2064
-0.219355 0.456229 2.1331
-0.218549 0.736629 2.04872
-0.209805 0.88806 2.01088
-0.386098 0.639303 2.08613
-0.461418 0.373937 2.17526
-0.530564 0.140015 2.2067
-0.546221 0.127449 2.21036
-0.0328148 0.654699 2.10366
0.206927 0.583715 2.08854
0.173198 0.798074 1.96586
0.14961 0.82741 1.96269
-0.288775 0.159 2.16474
-0.340765 -0.216974 2.27661
-0.337648 -0.589835 2.41953
-0.349576 -0.64316 2.33468
-0.144375 0.162771 2.17795
-0.122955 -0.219171 2.30031
-0.158425 -0.590167 2.42011
-0.155388 -0.656385 2.33695
-0.219081 0.668208 2.07167
-0.573626 0.0386256 2.24712
-0.49708 0.146714 2.18171
0.136104 0.898739 1.94027
0.0949074 0.809092 1.95716
-0.220224 0.16249 2.20619
-0.218981 0.455363 2.13293
-0.21711 0.735977 2.0486
-0.204235 0.887548 2.01065
-0.383157 0.639174 2.08422
-0.461283 0.375396 2.17428
-0.533875 0.142615 2.20603
-0.544078 0.132374 2.20316
-0.0325017 0.651488 2.10382
0.207512 0.583284 2.08743
0.1575 0.800293 1.97645
0.158526 0.83211 1.97201
-0.288926 0.15832 2.16419
-0.34138 -0.219154 2.27629
-0.337767 -0.588646 2.4196
-0.349309 -0.643116 2.33496
-0.14446 0.161337 2.17822
-0.123614 -0.220774 2.30032
-0.158354 -0.590191 2.41999
-0.15526 -0.656261 2.33699
-0.21793 0.667493 2.07158
-0.573885 0.0439005 2.24225
-0.518905 0.120899 2.22013
0.147776 0.90035 1.95701
0.103265 0.808362 1.95775
-0.220217 0.162366 2.20621
-0.218889 0.455141 2.13297
-0.216808 0.735765 2.04865
-0.203961 0.887519 2.01092
-0.383132 0.63918 2.08403
-0.461041 0.375563 2.1728
-0.533592 0.142636 2.20386
-0.541442 0.133251 2.19662
-0.0317978 0.652788 2.10578
0.206982 0.5801 2.08969
0.241886 0.791381 1.96214
0.248279 0.826303 1.95561
-0.28892 0.158266 2.16412
-0.341788 -0.218569 2.27514
-0.337585 -0.588366 2.41975
-0.349248 -0.642895 2.33516
-0.144491 0.16117 2.1783
-0.12395 -0.221756 2.30075
-0.158331 -0.590171 2.42009
-0.155254 -0.656176 2.3371
-0.217667 0.667268 2.07163
-0.574544 0.0445383 2.23606
-0.565246 0.0487837 2.256
0.256523 0.897722 1.94753
0.190219 0.814752 1.93026
