-0.155727 0.140599 2.20534
-0.187325 0.443886 2.1185
-0.217151 0.734975 2.01986
-0.213219 0.874778 1.97179
-0.383615 0.611498 2.02273
-0.463395 0.370762 2.08176
-0.492737 0.146053 2.07166
-0.491183 0.0798027 2.07162
-0.0330493 0.649522 2.07641
0.0824914 0.425259 2.1898
0.176515 0.221776 2.21184
0.172873 0.168069 2.21808
-0.233659 0.129815 2.16083
-0.236611 -0.229724 2.27543
-0.176299 -0.567108 2.39255
-0.176322 -0.638003 2.30235
-0.072583 0.146599 2.17587
-0.0299445 -0.214128 2.28952
-0.0147342 -0.549565 2.40448
0.0183275 -0.623097 2.32394
-0.210013 0.664 2.04659
-0.483273 -0.00676454 2.10651
-0.47009 0.0519553 2.0975
0.174426 0.0795617 2.26168
0.148693 0.139058 2.18693
-0.158577 0.139634 2.20248
-0.192007 0.442458 2.11439
-0.223592 0.733103 2.01445
-0.219508 0.87338 1.96696
-0.388152 0.609102 2.01759
-0.466212 0.36933 2.07742
-0.49439 0.144466 2.06805
-0.494382 0.0759557 2.07029
-0.0386216 0.648406 2.07096
0.0794211 0.425468 2.18532
0.172785 0.22155 2.20672
0.169628 0.169792 2.21457
-0.236471 0.128567 2.15798
-0.237984 -0.227952 2.27359
-0.176795 -0.566839 2.39152
-0.176646 -0.637911 2.30178
-0.0753776 0.145949 2.17303
-0.0331406 -0.213374 2.2923
-0.0149428 -0.548071 2.40521
0.0170985 -0.622239 2.32448
-0.216029 0.662239 2.04151
-0.488854 -0.00830044 2.09558
-0.46264 0.100954 2.074
0.172289 0.086785 2.25144
0.145258 0.147276 2.18554
-0.160312 0.139057 2.20091
-0.194884 0.44133 2.11147
-0.227429 0.731363 2.01006
-0.22491 0.871448 1.96194
-0.392605 0.606538 2.01305
-0.468491 0.366699 2.07353
-0.495908 0.141757 2.06558
-0.493938 0.0724416 2.06757
-0.0431797 0.647658 2.06676
0.0758771 0.425558 2.18238
0.170931 0.222578 2.20471
0.169114 0.1683 2.21656
-0.238032 0.127808 2.15656
-0.239152 -0.228188 2.27297
-0.177839 -0.566876 2.391
-0.176602 -0.637499 2.3024
-0.0772454 0.145597 2.17129
-0.0344957 -0.212994 2.2939
-0.0154755 -0.547572 2.40534
0.017059 -0.621947 2.32449
-0.219646 0.660657 2.0375
-0.489399 -0.0123112 2.10092
-0.490699 0.0477557 2.03045
0.173936 0.0855189 2.25542
0.146054 0.137986 2.18926
-0.161879 0.137517 2.1986
-0.197622 0.439498 2.10873
-0.231326 0.729287 2.00697
-0.22909 0.870414 1.95863
-0.395931 0.603827 2.01027
-0.470661 0.363758 2.07077
-0.496568 0.138642 2.06346
-0.494501 0.0714221 2.06658
-0.0464474 0.646992 2.06363
0.0735276 0.425018 2.18176
0.169481 0.222433 2.20392
0.168461 0.170588 2.21884
-0.239567 0.125885 2.15371
-0.240362 -0.225532 2.26947
-0.178337 -0.567466 2.39064
-0.176442 -0.637316 2.30238
-0.078771 0.144459 2.16952
-0.0353366 -0.21302 2.29433
-0.0155981 -0.547163 2.40525
0.0170472 -0.621853 2.32436
-0.223254 0.658639 2.03449
-0.492329 -0.0123553 2.09267
-0.487577 0.0484761 2.02595
0.172808 0.0870339 2.25794
0.158587 0.114495 2.255
-0.16373 0.135442 2.1943
-0.200183 0.437676 2.1053
-0.234357 0.727702 2.00434
-0.233067 0.868561 1.95609
-0.399168 0.601728 2.00819
-0.471164 0.36334 2.07015
-0.496698 0.138157 2.06143
-0.494115 0.0692667 2.06617
-0.0496215 0.645899 2.06133
0.0726009 0.423816 2.18079
0.167928 0.221159 2.20423
0.164742 0.168548 2.22027
-0.241249 0.123786 2.14967
-0.241073 -0.228212 2.26837
-0.178342 -0.567834 2.39016
-0.176129 -0.637712 2.30142
-0.0807052 0.142506 2.16501
-0.0359554 -0.212842 2.29208
-0.0155784 -0.547117 2.40522
0.0172171 -0.622135 2.32425
-0.226184 0.656997 2.03167
-0.489669 -0.0165156 2.0992
-0.490398 0.0454617 2.02879
0.169343 0.0838309 2.26816
0.161458 0.107135 2.2704
-0.166204 0.134059 2.18969
-0.203406 0.43641 2.10142
-0.238209 0.726558 2.00124
-0.237508 0.867844 1.95272
-0.403146 0.600173 2.00514
-0.473384 0.36084 2.06757
-0.498189 0.135578 2.05898
-0.495414 0.0661777 2.0647
-0.05364 0.644736 2.05709
0.0681934 0.423152 2.17593
0.164226 0.221133 2.20111
0.161015 0.168253 2.21044
-0.243586 0.122344 2.14526
-0.241486 -0.229913 2.26547
-0.17782 -0.569027 2.39003
-0.176156 -0.637786 2.30158
-0.0832112 0.141236 2.16018
-0.0370976 -0.213249 2.28978
-0.0157515 -0.545801 2.40529
0.0171773 -0.62165 2.32475
-0.229891 0.655822 2.02836
-0.489759 -0.0187337 2.09966
-0.461109 0.0539896 2.04389
0.164192 0.0848792 2.25178
0.144473 0.119228 2.2515
-0.167049 0.133295 2.18749
-0.205046 0.435808 2.09908
-0.240683 0.726141 1.99877
-0.240212 0.867564 1.95099
-0.404881 0.598804 2.00326
-0.474607 0.359427 2.06555
-0.499917 0.134234 2.05714
-0.499109 0.0653925 2.06195
-0.0560876 0.644099 2.05379
0.0654084 0.423321 2.17105
0.161574 0.221631 2.19771
0.1605 0.167151 2.2027
-0.244437 0.121505 2.14286
-0.241535 -0.231934 2.26495
-0.1773 -0.569669 2.38886
-0.176557 -0.637706 2.30181
-0.0840178 0.140572 2.15818
-0.0378683 -0.213983 2.28931
-0.0156057 -0.545309 2.40506
0.0169783 -0.621585 2.32434
-0.232155 0.655357 2.02592
-0.493908 -0.0184541 2.08546
-0.463353 0.0569069 2.0446
0.160307 0.0801637 2.24602
0.144956 0.134431 2.235
-0.167631 0.132212 2.18564
-0.20633 0.435002 2.09733
-0.242677 0.725587 1.9971
-0.242028 0.867125 1.95005
-0.40613 0.597525 2.00197
-0.4759 0.358421 2.06425
-0.501112 0.133222 2.05597
-0.500421 0.0628079 2.05842
-0.057183 0.64333 2.05196
0.0642855 0.422951 2.16863
0.160719 0.220842 2.19242
0.162351 0.166643 2.20201
-0.244863 0.120458 2.14143
-0.242354 -0.234994 2.26492
-0.177508 -0.569986 2.38893
-0.176566 -0.636701 2.30355
-0.0847642 0.1395 2.15584
-0.0374494 -0.216231 2.28329
-0.0154875 -0.54542 2.40482
0.0172861 -0.621817 2.32433
-0.233972 0.654741 2.02423
-0.49216 -0.0247114 2.09253
-0.501712 0.0794812 2.06608
0.166729 0.0790218 2.24118
0.165088 0.119028 2.24125
-0.168629 0.130272 2.18206
-0.207173 0.433588 2.09474
-0.243284 0.724627 1.99541
-0.242953 0.866168 1.94898
-0.406622 0.596257 2.00061
-0.476467 0.356853 2.06266
-0.501982 0.13169 2.05376
-0.499067 0.0619823 2.05619
-0.0575438 0.641923 2.04997
0.0649661 0.421535 2.16701
0.161285 0.219077 2.1891
0.164816 0.165692 2.20009
-0.24581 0.118572 2.13816
-0.243106 -0.237885 2.26401
-0.178212 -0.570004 2.38831
-0.176874 -0.636368 2.30685
-0.0857536 0.137575 2.15199
-0.0339074 -0.222766 2.2496
-0.0166869 -0.545318 2.38154
0.0192726 -0.625675 2.30874
-0.234643 0.653676 2.02233
-0.492847 -0.0244334 2.08627
-0.485669 0.0188984 2.081
0.16616 0.0797975 2.24674
0.147828 0.139289 2.23212
-0.167535 0.126245 2.16838
-0.205301 0.430201 2.08552
-0.240872 0.721895 1.9902
-0.241326 0.864657 1.94557
-0.404156 0.593348 1.99501
-0.473667 0.35425 2.05706
-0.498703 0.12903 2.04838
-0.49116 0.0594476 2.05162
-0.0553462 0.639743 2.04541
0.0671537 0.417914 2.16321
0.163691 0.215584 2.18533
0.167786 0.158849 2.19873
-0.24513 0.113595 2.12497
-0.244036 -0.243323 2.2615
-0.176268 -0.572982 2.38604
-0.17734 -0.637311 2.30584
-0.0842382 0.13462 2.13782
-0.0221694 -0.240666 2.17839
0.00223497 -0.580909 2.27958
0.0321655 -0.654785 2.17383
-0.232342 0.650781 2.01619
-0.488869 -0.022951 2.08013
-0.465615 0.0758019 2.06251
0.170892 0.0789308 2.23818
0.160214 0.0915082 2.2528
-0.163304 0.119252 2.14912
-0.199137 0.424022 2.07089
-0.232839 0.716327 1.98013
-0.232886 0.859968 1.93726
-0.397513 0.588691 1.98502
-0.467166 0.348882 2.04791
-0.492075 0.123694 2.04164
-0.482525 0.0565751 2.04315
-0.0481249 0.634089 2.03611
0.073131 0.410891 2.15362
0.168916 0.209002 2.17995
0.173413 0.152016 2.19087
-0.241439 0.106444 2.10579
-0.240719 -0.246823 2.24703
-0.174518 -0.575053 2.38384
-0.176655 -0.639112 2.30715
-0.0795453 0.127972 2.11849
-0.0109906 -0.269717 2.12293
0.0291882 -0.613418 2.15391
0.0463553 -0.672103 2.07443
-0.224775 0.64508 2.00498
-0.478421 -0.0306198 2.07727
-0.446591 0.0396522 2.02751
0.17492 0.0678213 2.23144
0.179584 0.12416 2.23175
-0.156858 0.107449 2.12356
-0.189838 0.413404 2.05096
-0.220805 0.706744 1.96586
-0.218387 0.848832 1.92237
-0.385028 0.580253 1.96962
-0.459183 0.341288 2.03381
-0.48399 0.116109 2.02823
-0.474394 0.0493721 2.02728
-0.0351252 0.621452 2.02064
0.0824979 0.398945 2.13927
0.177718 0.196626 2.16444
0.183235 0.137212 2.17529
-0.235868 0.0952546 2.08063
-0.234184 -0.254223 2.22002
-0.172905 -0.578395 2.38435
-0.176212 -0.640549 2.3025
-0.0723652 0.115884 2.09251
0.000955681 -0.300609 2.06871
0.0489104 -0.637807 2.05641
0.0583961 -0.694265 1.96015
-0.213407 0.635249 1.98928
-0.467964 -0.0408385 2.05783
-0.489569 0.103613 2.02943
0.181097 0.0494792 2.22191
0.173602 0.0941808 2.22113
-0.14078 0.0833981 2.07831
-0.169509 0.390867 2.01336
-0.196255 0.685502 1.93592
-0.193192 0.829015 1.8946
-0.362501 0.56175 1.94196
-0.442236 0.325307 2.00511
-0.470374 0.100536 1.99794
-0.461431 0.0260924 1.99712
-0.0111923 0.598294 1.98836
0.103164 0.37596 2.10303
0.195941 0.172446 2.12739
0.200804 0.106109 2.13742
-0.220784 0.0727369 2.03454
-0.22154 -0.260891 2.18411
-0.172312 -0.580275 2.38006
-0.176107 -0.64226 2.30031
-0.0557617 0.091082 2.04799
0.0204323 -0.340655 1.98227
0.06318 -0.668809 1.92391
0.0768255 -0.720744 1.82395
-0.189891 0.613696 1.95741
-0.460902 -0.056788 2.02769
-0.441472 0.0317128 2.01043
0.201714 0.0242943 2.17907
0.211138 0.0790962 2.165
-0.125659 0.0642559 2.03832
-0.149402 0.373538 1.97724
-0.171276 0.6698 1.90376
-0.167095 0.813346 1.86372
-0.339893 0.547549 1.91247
-0.423975 0.309155 1.97523
-0.455948 0.0849348 1.96704
-0.446134 0.0128018 1.96814
0.0141892 0.579219 1.95107
0.128505 0.352802 2.05857
0.217322 0.147606 2.08295
0.220694 0.0829447 2.09224
-0.207248 0.0559427 1.99639
-0.211573 -0.263066 2.15428
-0.172546 -0.579614 2.3723
-0.17526 -0.644985 2.29827
-0.0394812 0.0702058 2.00613
0.0362716 -0.36271 1.91561
0.0736917 -0.681013 1.85489
0.089743 -0.73869 1.74125
-0.166102 0.597604 1.92424
-0.442909 -0.0722251 2.0013
-0.418487 -0.00978973 1.97973
0.222632 -0.00160867 2.13618
0.235124 0.0867162 2.11114
-0.107893 0.0498934 1.99609
-0.125925 0.358688 1.93619
-0.142288 0.654323 1.864
-0.134634 0.797717 1.82376
-0.309733 0.534981 1.87096
-0.400963 0.295605 1.94089
-0.436432 0.0720049 1.93585
-0.42476 0.0026753 1.93569
0.0447423 0.562696 1.91092
0.154765 0.335311 2.01325
0.243815 0.128937 2.02917
0.247028 0.0598007 2.04035
-0.190378 0.0421453 1.95432
-0.19577 -0.261111 2.11655
-0.174372 -0.563886 2.35394
-0.174443 -0.642212 2.2977
-0.0213996 0.0557849 1.96372
0.0497133 -0.366286 1.87272
0.081536 -0.682256 1.83799
0.0940138 -0.739963 1.73458
-0.138448 0.582304 1.88415
-0.42011 -0.0816419 1.97217
-0.38685 -0.0104907 1.91923
0.248637 -0.017885 2.08346
0.26162 0.0706736 2.05386
-0.0906232 0.0392176 1.96679
-0.102423 0.346677 1.90091
-0.112404 0.640767 1.822
-0.10091 0.783815 1.78321
-0.283603 0.523633 1.83122
-0.377318 0.283625 1.90298
-0.413342 0.0602668 1.9025
-0.402186 -0.000393967 1.9003
0.0729791 0.543291 1.87124
0.180803 0.319144 1.97354
0.26694 0.111121 1.9858
0.275679 0.0401663 1.9894
-0.173282 0.032309 1.92382
-0.178457 -0.264573 2.08788
-0.173029 -0.554634 2.34023
-0.173426 -0.641642 2.29615
-0.00454143 0.0446762 1.9355
0.0590147 -0.352411 1.83409
0.0827867 -0.680714 1.83525
0.0952388 -0.740714 1.73178
-0.110146 0.569169 1.8439
-0.394932 -0.0861503 1.93196
-0.381126 0.0532149 1.9046
0.279552 -0.0399371 2.02693
0.298332 0.105076 1.97733
-0.0772061 0.0302206 1.95123
-0.0850675 0.335879 1.88191
-0.0918466 0.628347 1.80009
-0.0757635 0.771257 1.76202
-0.261611 0.513688 1.80473
-0.360224 0.273247 1.87656
-0.396013 0.0497863 1.87522
-0.382972 -0.00789879 1.87736
0.0909511 0.528761 1.85039
0.196088 0.302883 1.95065
0.284633 0.0952702 1.95591
0.29536 0.0238904 1.95936
-0.160575 0.0246359 1.90771
-0.170053 -0.265123 2.07381
-0.169771 -0.5487 2.33296
-0.172172 -0.641475 2.29483
0.00911438 0.0346445 1.92048
0.0662231 -0.343988 1.8136
0.0835479 -0.679012 1.83176
0.0968119 -0.741643 1.7294
-0.090309 0.557145 1.82267
-0.374278 -0.0987402 1.91137
-0.358784 0.00849656 1.88364
0.298267 -0.0594611 1.99598
0.276832 0.0195836 1.97678
-0.0762841 0.0276129 1.95309
-0.0833297 0.332998 1.88522
-0.0892418 0.625316 1.80527
-0.0711902 0.767826 1.76754
-0.259768 0.511632 1.80974
-0.359107 0.271542 1.87634
-0.393364 0.0477328 1.87266
-0.384875 -0.00994845 1.87945
0.0930811 0.525476 1.85419
0.196018 0.300333 1.95152
0.284263 0.0926245 1.957
0.287418 0.0209161 1.97265
-0.159773 0.0227328 1.90893
-0.168619 -0.26647 2.07079
-0.168566 -0.548896 2.33109
-0.171264 -0.641821 2.29419
0.0101311 0.0313353 1.92311
0.0665268 -0.341722 1.81176
0.083689 -0.678233 1.83138
0.0972246 -0.741494 1.72973
-0.0879194 0.554131 1.82734
-0.377984 -0.0944459 1.901
-0.363918 0.0193207 1.88867
0.292598 -0.0597467 1.99906
0.279292 -0.0215845 2.00346
-0.0890001 0.0285183 1.98498
-0.0967447 0.335969 1.9239
-0.103368 0.630563 1.85037
-0.0860887 0.774046 1.81384
-0.275121 0.517633 1.85895
-0.370932 0.27651 1.91095
-0.402433 0.0523041 1.89176
-0.401016 -0.0037974 1.90319
0.0786616 0.528043 1.89474
0.180191 0.301726 1.98699
0.268512 0.0938321 1.98941
0.268238 0.0257369 2.01129
-0.17232 0.0239353 1.9419
-0.172619 -0.272021 2.07902
-0.16863 -0.556517 2.33716
-0.171338 -0.642162 2.29483
-0.0023499 0.0320247 1.95386
0.0599825 -0.344483 1.8323
0.0845187 -0.677552 1.83148
0.0976958 -0.740717 1.73072
-0.101877 0.558778 1.87088
-0.395543 -0.0882592 1.92052
-0.362741 -0.0299929 1.88762
0.268673 -0.0626123 2.04714
0.240742 0.0767793 2.01433
-0.11976 0.0443216 2.06025
-0.128472 0.35267 1.99672
-0.1359 0.648378 1.92087
-0.120023 0.791826 1.88448
-0.305589 0.536113 1.92825
-0.402018 0.293938 1.98059
-0.437163 0.0705273 1.95834
-0.437464 0.0107695 1.973
0.0444657 0.54575 1.96565
0.146584 0.320546 2.06121
0.23035 0.111472 2.07215
0.225966 0.0475676 2.08906
-0.203511 0.041194 2.01891
-0.195004 -0.28339 2.12331
-0.165102 -0.584686 2.36143
-0.173037 -0.651862 2.29245
-0.0317075 0.0458671 2.02746
0.0369192 -0.384627 1.92358
0.0861709 -0.687322 1.83136
0.0966714 -0.741098 1.73019
-0.134245 0.576279 1.94196
-0.436468 -0.0707459 1.98851
-0.402347 -0.0194062 1.95689
0.226638 -0.0353038 2.1229
0.21018 0.0250701 2.11167
-0.138206 0.0663148 2.10693
-0.148205 0.372527 2.03928
-0.156737 0.666418 1.95958
-0.140446 0.808449 1.9206
-0.328038 0.557538 1.97019
-0.427138 0.315006 2.02266
-0.46398 0.091633 2.01193
-0.465281 0.0339036 2.03095
0.0222096 0.565124 2.00811
0.120452 0.343447 2.1084
0.198304 0.133752 2.13194
0.196736 0.0661666 2.15183
-0.221047 0.0619081 2.06498
-0.211259 -0.277667 2.15126
-0.163982 -0.593154 2.3691
-0.173049 -0.654412 2.28962
-0.0505106 0.0684134 2.07482
0.0195617 -0.362928 1.99848
0.0673729 -0.67913 1.92019
0.0748561 -0.723156 1.81679
-0.154834 0.594738 1.98161
-0.468277 -0.0455889 2.05209
-0.427238 0.00543181 2.02081
0.196233 -0.0115672 2.18922
0.18546 0.0386689 2.178
-0.147969 0.0963002 2.14867
-0.161548 0.397749 2.07021
-0.173082 0.687441 1.98101
-0.158069 0.829204 1.94074
-0.343727 0.578863 1.99243
-0.450116 0.338486 2.05571
-0.48744 0.11576 2.06017
-0.489077 0.0628904 2.07927
0.00319294 0.591706 2.03439
0.10062 0.369154 2.14441
0.176979 0.16008 2.17474
0.170369 0.0992055 2.20184
-0.229701 0.0888505 2.10704
-0.221178 -0.270618 2.19546
-0.164395 -0.594353 2.37379
-0.172924 -0.652685 2.28988
-0.0611581 0.100472 2.11627
0.00356242 -0.344505 2.0718
0.049875 -0.654372 2.01919
0.049824 -0.704246 1.923
-0.170477 0.616741 2.00527
-0.489666 -0.0194015 2.11435
-0.486445 0.0359135 2.04276
0.168072 0.0234668 2.23725
0.153534 0.0929726 2.2176
-0.161033 0.129083 2.20466
-0.176727 0.423787 2.10324
-0.189682 0.707131 1.99387
-0.176187 0.847465 1.94916
-0.361783 0.601723 2.00942
-0.47043 0.361755 2.0863
-0.509651 0.140388 2.10137
-0.511866 0.0870742 2.13009
-0.0153573 0.617338 2.05296
0.0880945 0.397072 2.17968
0.158929 0.190396 2.22783
0.15479 0.137512 2.2596
-0.241161 0.120846 2.16367
-0.230244 -0.253486 2.24917
-0.164047 -0.592541 2.37805
-0.173387 -0.649327 2.29221
-0.0755019 0.132992 2.17174
-0.0134856 -0.299893 2.19517
0.0266568 -0.616505 2.18857
0.0289612 -0.669434 2.08789
-0.186755 0.637921 2.02279
-0.511196 0.00488228 2.1692
-0.517522 0.0725039 2.08764
0.150566 0.0606568 2.30677
0.127377 0.114106 2.23252
-0.170822 0.143733 2.24036
-0.185739 0.433073 2.1213
-0.197539 0.711909 1.99657
-0.184069 0.851602 1.94935
-0.36964 0.608096 2.01491
-0.479773 0.370465 2.10115
-0.5219 0.150666 2.12332
-0.521891 0.0949743 2.15348
-0.0248582 0.625602 2.05887
0.083741 0.406742 2.1946
0.153966 0.203169 2.253
0.152112 0.15129 2.28836
-0.249638 0.135635 2.19864
-0.238207 -0.240107 2.28341
-0.163862 -0.591948 2.38083
-0.173232 -0.647662 2.29362
-0.0863715 0.147104 2.20824
-0.0267194 -0.250118 2.28238
0.00664698 -0.581171 2.32381
0.0171407 -0.641719 2.22805
-0.194827 0.643677 2.02885
-0.51957 0.0174045 2.19457
-0.551549 0.0917732 2.13911
0.149128 0.0762848 2.33394
0.122094 0.135517 2.26714
-0.175686 0.152385 2.27195
-0.190661 0.435465 2.13415
-0.202674 0.71032 1.99519
-0.190652 0.847542 1.94576
-0.374268 0.607861 2.01561
-0.486485 0.370209 2.11332
-0.526978 0.150957 2.14046
-0.527447 0.10074 2.17221
-0.0300059 0.626291 2.06056
0.0793598 0.411182 2.20223
0.147557 0.209075 2.26652
0.149757 0.152074 2.30054
-0.253351 0.1441 2.2286
-0.243636 -0.230156 2.30158
-0.173345 -0.577936 2.38423
-0.172989 -0.643304 2.29682
-0.0923348 0.155697 2.24148
-0.0476872 -0.22261 2.36803
-0.0185771 -0.556818 2.45713
-0.000804671 -0.620488 2.34757
-0.199235 0.643246 2.03055
-0.525028 0.0154088 2.22653
-0.530364 0.0751096 2.13634
0.149558 0.0752886 2.34175
0.121461 0.140851 2.27926
-0.180177 0.153818 2.29187
-0.19464 0.432206 2.14503
-0.207486 0.700987 1.99338
-0.196601 0.837519 1.94208
-0.379074 0.601643 2.01606
-0.490235 0.364655 2.12155
-0.531179 0.146948 2.15574
-0.530555 0.0963496 2.18893
-0.0353982 0.620482 2.06426
0.0732604 0.410499 2.21155
0.143816 0.208901 2.27499
0.144576 0.146285 2.30825
-0.258034 0.146425 2.24717
-0.250177 -0.214216 2.30404
-0.180748 -0.572528 2.38535
-0.174491 -0.642198 2.29556
-0.0964943 0.156232 2.26282
-0.0659061 -0.185227 2.4204
-0.0340082 -0.502006 2.55265
-0.0185186 -0.587369 2.4788
-0.203927 0.636014 2.03261
-0.529051 0.017848 2.23591
-0.560919 0.0869246 2.1827
0.144012 0.066697 2.36481
0.117896 0.206212 2.28683
-0.186134 0.149967 2.30661
-0.201409 0.42279 2.15529
-0.215297 0.684745 1.99426
-0.203981 0.821368 1.93977
-0.385808 0.586105 2.01921
-0.49063 0.351026 2.13178
-0.531419 0.134025 2.16883
-0.525859 0.0793716 2.19516
-0.0417892 0.608828 2.06837
0.0644628 0.404858 2.22062
0.132331 0.202702 2.28497
0.135616 0.142345 2.30994
-0.265164 0.143472 2.26276
-0.255472 -0.219127 2.2983
-0.187937 -0.56596 2.38188
-0.176195 -0.64212 2.29178
-0.101202 0.151628 2.27681
-0.0790242 -0.184985 2.47466
-0.0546172 -0.491074 2.65742
-0.0264651 -0.573331 2.57738
-0.211975 0.621087 2.03652
-0.523911 -0.00264684 2.24549
-0.529104 0.0666785 2.21414
0.138216 0.0556915 2.3652
0.107263 0.112459 2.2933
-0.189948 0.141385 2.31033
-0.206623 0.411787 2.16029
-0.221793 0.671723 1.99911
-0.213847 0.808477 1.94436
-0.391652 0.57287 2.02397
-0.490148 0.33594 2.13813
-0.526987 0.117779 2.17298
-0.520741 0.0605907 2.19624
-0.0483469 0.597959 2.07143
0.0601275 0.398232 2.22381
0.130431 0.19758 2.28972
0.137636 0.133649 2.3168
-0.269596 0.134196 2.26704
-0.261523 -0.216097 2.27797
-0.191202 -0.567293 2.37872
-0.17643 -0.641954 2.29144
-0.104285 0.144032 2.27986
-0.0856758 -0.184019 2.48897
-0.0732082 -0.495683 2.68316
-0.0267656 -0.575908 2.59865
-0.218261 0.608392 2.04152
-0.5154 -0.0245428 2.24196
-0.484912 0.0464893 2.18194
0.140237 0.0491719 2.37082
0.117912 0.10134 2.33512
-0.190564 0.135773 2.30831
-0.210378 0.407138 2.1609
-0.230287 0.667311 2.00242
-0.22531 0.805048 1.94813
-0.399237 0.565374 2.0283
-0.488456 0.330295 2.1399
-0.520243 0.110718 2.17199
-0.510026 0.0486679 2.19105
-0.0554096 0.596296 2.07303
0.0577458 0.394614 2.22508
0.131058 0.194383 2.28923
0.140266 0.132815 2.30908
-0.270448 0.126911 2.26507
-0.258853 -0.221945 2.26655
-0.192788 -0.56599 2.37588
-0.176707 -0.64191 2.29092
-0.104641 0.139958 2.27773
-0.092335 -0.190375 2.48014
-0.0750138 -0.499045 2.68455
-0.0285073 -0.575894 2.60453
-0.225417 0.603858 2.04403
-0.501622 -0.0317135 2.23492
-0.505943 0.017654 2.1569
0.141324 0.0482415 2.37033
0.10804 0.16956 2.2985
-0.187401 0.136167 2.29617
-0.215174 0.412026 2.15874
-0.245786 0.681532 2.00982
-0.249166 0.82553 1.9591
-0.409205 0.570396 2.0324
-0.488181 0.330963 2.13931
-0.513953 0.109649 2.16696
-0.504976 0.0544211 2.18147
-0.0699459 0.613375 2.07413
0.0513406 0.403582 2.22031
0.134975 0.203275 2.2731
0.139504 0.149368 2.29049
-0.26665 0.126694 2.25232
-0.256727 -0.227106 2.26524
-0.193683 -0.564265 2.37426
-0.177025 -0.641395 2.29051
-0.102109 0.141124 2.26611
-0.0831199 -0.189425 2.45192
-0.0642476 -0.498434 2.6484
-0.0235113 -0.578481 2.57634
-0.238188 0.615511 2.0486
-0.491809 -0.028539 2.23624
-0.528624 0.0495408 2.1869
0.141693 0.074793 2.33419
0.122127 0.149202 2.30231
-0.184661 0.140166 2.27128
-0.21957 0.425367 2.1527
-0.254919 0.706553 2.01985
-0.260806 0.851302 1.97585
-0.415259 0.581936 2.03578
-0.490807 0.344102 2.13005
-0.513299 0.121738 2.15448
-0.510804 0.0656933 2.16282
-0.0745443 0.62952 2.07915
0.0478738 0.416645 2.21498
0.138819 0.216616 2.25848
0.145939 0.165519 2.27252
-0.262469 0.129935 2.22795
-0.256302 -0.225944 2.26529
-0.19366 -0.564641 2.37451
-0.177574 -0.641188 2.28996
-0.100887 0.145841 2.24069
-0.0714325 -0.1958 2.37764
-0.0423307 -0.524671 2.54509
-0.00596988 -0.597275 2.48381
-0.246251 0.63736 2.05429
-0.500742 -0.0133384 2.20016
-0.486039 0.0758027 2.17267
0.150198 0.0865348 2.31762
0.121333 0.14636 2.24282
-0.183738 0.140798 2.24109
-0.222075 0.435791 2.14439
-0.258709 0.72366 2.02783
-0.268721 0.871282 1.99235
-0.418255 0.590144 2.03908
-0.493764 0.352833 2.12179
-0.519009 0.129765 2.13976
-0.521981 0.0623849 2.14467
-0.0753348 0.640224 2.08366
0.0498157 0.426539 2.20935
0.147942 0.227097 2.24194
0.156689 0.172971 2.25245
-0.260507 0.129181 2.19978
-0.256995 -0.232585 2.2671
-0.193588 -0.565891 2.37626
-0.178166 -0.64044 2.29043
-0.100953 0.14783 2.20848
-0.0490081 -0.224273 2.29461
-0.0312102 -0.553929 2.41439
0.00893831 -0.622359 2.33397
-0.249765 0.652546 2.05828
-0.51625 -0.0145213 2.17999
-0.508516 0.0657841 2.15225
0.160884 0.0923541 2.29333
0.175387 0.150983 2.22154
-0.180114 0.135699 2.21234
-0.221945 0.439276 2.13589
-0.260214 0.731401 2.03494
-0.272589 0.87973 2.00545
-0.420145 0.593895 2.04198
-0.493859 0.354419 2.11717
-0.524447 0.130835 2.12386
-0.524531 0.0584314 2.12879
-0.0739112 0.644687 2.08726
0.0549367 0.428614 2.20507
0.156009 0.229397 2.23176
0.168714 0.172864 2.24094
-0.256504 0.123109 2.17085
-0.255272 -0.242085 2.26187
-0.188999 -0.570954 2.37656
-0.178634 -0.640341 2.29201
-0.0977255 0.143763 2.17994
-0.0324649 -0.249942 2.20634
-0.00104765 -0.5878 2.28496
0.0193207 -0.651328 2.18769
-0.250839 0.65868 2.06113
-0.517406 -0.0254287 2.16519
-0.502848 0.0631179 2.13817
0.173344 0.0927586 2.27826
0.18569 0.15675 2.205
-0.174174 0.113226 2.16798
-0.218289 0.426875 2.11649
-0.259165 0.726697 2.04168
-0.272284 0.873416 2.01632
-0.41174 0.580767 2.04012
-0.487873 0.340204 2.10993
-0.518878 0.116265 2.10961
-0.510264 0.0387241 2.11651
-0.0690483 0.638266 2.0871
0.0707692 0.412175 2.18881
0.174812 0.213113 2.20701
0.183035 0.154694 2.2149
-0.251683 0.0995059 2.12649
-0.243932 -0.266957 2.23394
-0.176915 -0.581715 2.37607
-0.17787 -0.64182 2.29265
-0.0907338 0.123107 2.13552
-0.0177547 -0.306043 2.10299
0.0240285 -0.635987 2.09127
0.0397925 -0.684029 1.99904
-0.249676 0.654418 2.06282
-0.501088 -0.0478505 2.14912
-0.501139 0.0797417 2.11829
0.189575 0.0670656 2.25784
0.201804 0.129288 2.18351
-0.170294 0.0931831 2.13423
-0.212684 0.407728 2.09843
-0.252726 0.709448 2.04473
-0.268218 0.857901 2.02022
-0.40957 0.566863 2.04455
-0.474719 0.312887 2.11091
-0.508309 0.08939 2.10852
-0.49612 0.010915 2.12197
-0.0597978 0.618132 2.08076
0.082908 0.386738 2.16902
0.185266 0.186592 2.18501
0.191885 0.135782 2.188
-0.248291 0.0801354 2.09532
-0.237164 -0.286283 2.20236
-0.174679 -0.583282 2.37343
-0.177994 -0.644284 2.29222
-0.0863678 0.10302 2.09911
-0.0113996 -0.337153 2.02927
0.0298224 -0.65427 1.98308
0.0483295 -0.705435 1.88729
-0.243276 0.636331 2.06078
-0.487679 -0.0710519 2.14968
-0.47848 -0.0389362 2.1466
0.201437 0.0399353 2.22625
0.16632 0.0986662 2.16686
-0.162868 0.0682054 2.10239
-0.203229 0.383601 2.07773
-0.241431 0.686485 2.03906
-0.258799 0.835813 2.01762
-0.401677 0.543789 2.0416
-0.461036 0.289294 2.10899
-0.49133 0.0658007 2.11356
-0.478676 -0.00966372 2.12905
-0.0472529 0.592204 2.06815
0.0920361 0.364084 2.14898
0.200149 0.166431 2.15952
0.206667 0.108801 2.16341
-0.241636 0.0578022 2.06559
-0.231429 -0.298672 2.17261
-0.171648 -0.58496 2.36709
-0.177558 -0.649348 2.29198
-0.078346 0.0761887 2.06519
-0.00154696 -0.353711 1.97155
0.0440695 -0.678631 1.8955
0.0593832 -0.721122 1.80011
-0.23226 0.612613 2.05106
-0.467194 -0.0892309 2.16298
-0.448021 -0.0161161 2.1278
0.220598 0.017844 2.19458
0.179529 0.0672181 2.14082
-0.15387 0.0493553 2.07109
-0.191637 0.365362 2.05427
-0.227296 0.668546 2.02443
-0.245784 0.818568 2.00647
-0.391101 0.525568 2.02969
-0.448677 0.271762 2.10266
-0.478809 0.0487372 2.11207
-0.466366 -0.0215351 2.12986
-0.0333702 0.570521 2.04706
0.10516 0.339816 2.12645
0.214281 0.142787 2.13639
0.214895 0.0821377 2.1377
-0.23379 0.0400826 2.03455
-0.225609 -0.30126 2.14497
-0.169953 -0.587799 2.36309
-0.177699 -0.654005 2.29208
-0.0684298 0.0568583 2.03359
0.0125596 -0.366833 1.9293
0.0641936 -0.695419 1.83387
0.0758612 -0.739495 1.7359
-0.218727 0.594549 2.0341
-0.45155 -0.102688 2.17253
-0.469624 -0.0437659 2.09418
0.221547 -0.00541292 2.17749
0.229474 0.0551485 2.10712
-0.137606 0.039144 2.03476
-0.175679 0.355802 2.02293
-0.211468 0.659383 1.99887
-0.2275 0.808454 1.98072
-0.374204 0.514669 2.0048
-0.431246 0.261851 2.08321
-0.464132 0.0398802 2.09826
-0.453716 -0.0259733 2.1038
-0.017456 0.559714 2.01772
0.11836 0.323506 2.09384
0.22278 0.123796 2.10215
0.221173 0.07016 2.10173
-0.217641 0.0291442 1.99888
-0.212525 -0.298521 2.11861
-0.170619 -0.59075 2.36217
-0.177753 -0.655836 2.28886
-0.0525343 0.0477086 1.99653
0.0281472 -0.372718 1.8957
0.0686028 -0.694808 1.82034
0.0834873 -0.741423 1.71686
-0.202864 0.585288 2.00701
-0.440452 -0.106709 2.14469
-0.457152 -0.0488436 2.06915
0.230068 -0.0196504 2.13948
0.194397 0.0356635 2.07962
-0.129129 0.0385515 2.02144
-0.167145 0.355098 2.00955
-0.202809 0.658413 1.98551
-0.218737 0.807157 1.96693
-0.365429 0.512778 1.98947
-0.424072 0.260611 2.06682
-0.457199 0.0378806 2.07473
-0.451963 -0.026455 2.07714
-0.00930789 0.559786 2.00489
0.123583 0.322471 2.08046
0.229568 0.123033 2.0824
0.228156 0.0709981 2.08565
-0.20939 0.0284743 1.98571
-0.204328 -0.29935 2.10796
-0.172134 -0.589118 2.35871
-0.177064 -0.656183 2.28891
-0.0441098 0.047212 1.98305
0.0351233 -0.375698 1.88599
0.0708451 -0.692101 1.81829
0.0871664 -0.742245 1.71211
-0.194242 0.584401 1.99363
-0.437404 -0.106876 2.11651
-0.454314 -0.0472686 2.04183
0.233821 -0.0158038 2.12676
0.201184 0.0349191 2.06129
-0.125275 0.0379562 2.01933
-0.163571 0.35424 2.00704
-0.199398 0.657249 1.98266
-0.214488 0.805714 1.96343
-0.36209 0.51237 1.98618
-0.423447 0.261772 2.05273
-0.462444 0.0392633 2.04842
-0.461894 -0.0253466 2.04561
-0.00556554 0.558582 2.00262
0.128382 0.322225 2.07831
0.236185 0.123828 2.08075
0.240249 0.075142 2.09768
-0.205692 0.0277784 1.98304
-0.200518 -0.299476 2.10271
-0.172012 -0.587404 2.3558
-0.175812 -0.65713 2.2922
-0.0401906 0.046716 1.98147
0.0378091 -0.377421 1.88336
0.0730657 -0.689316 1.81846
0.088735 -0.742681 1.71017
-0.1908 0.583321 1.99087
-0.451669 -0.109525 2.07201
-0.473351 -0.0457058 2.01291
0.253793 -0.011111 2.12738
0.214217 0.0888817 2.09945
-0.12996 0.0366328 2.04316
-0.166186 0.351197 2.02285
-0.200479 0.653434 1.99153
-0.2127 0.802629 1.96913
-0.363946 0.512871 1.99666
-0.429167 0.266432 2.04515
-0.472424 0.0449602 2.02092
-0.475064 -0.0252854 2.01095
-0.00667841 0.556682 2.01445
0.126472 0.32474 2.09984
0.233212 0.127169 2.11509
0.23556 0.0802521 2.13702
-0.211535 0.0276331 2.00541
-0.201947 -0.300398 2.10795
-0.170804 -0.590994 2.3579
-0.175005 -0.658614 2.28926
-0.0436242 0.0442565 2.0069
0.0342001 -0.381005 1.8945
0.0738976 -0.692061 1.81566
0.0891776 -0.742286 1.70946
-0.192213 0.579613 2.00133
-0.473772 -0.111459 2.03427
-0.472093 -0.043818 1.96891
0.25323 -0.00519677 2.16837
0.222907 0.046503 2.16
-0.145141 0.050445 2.09705
-0.17726 0.361009 2.06262
-0.207452 0.659127 2.0171
-0.216852 0.806448 1.98767
-0.368964 0.531292 2.02638
-0.444226 0.281231 2.05087
-0.481679 0.0607482 2.00616
-0.488089 -0.00731178 1.99094
-0.0159845 0.565182 2.04727
0.113681 0.333366 2.15086
0.216011 0.136048 2.18064
0.208963 0.0690678 2.21766
-0.227806 0.0436988 2.06
-0.212608 -0.297788 2.13709
-0.167748 -0.596392 2.36237
-0.174809 -0.661161 2.28859
-0.0573376 0.0554317 2.06005
0.0189622 -0.372314 1.96354
0.0733878 -0.700146 1.85137
0.079984 -0.740039 1.75295
-0.20021 0.586342 2.03048
-0.488913 -0.0862561 2.00083
-0.453448 -0.0355514 1.98124
0.219067 0.00160408 2.26416
0.178683 0.0524444 2.2009
-0.152377 0.0786111 2.13156
-0.183386 0.385825 2.08508
-0.21233 0.68091 2.02864
-0.21775 0.826088 1.99516
-0.375998 0.553469 2.03572
-0.457065 0.312251 2.0628
-0.488369 0.0902514 2.01086
-0.488305 0.0222358 2.00532
-0.0236315 0.590292 2.06739
0.0949972 0.3574 2.17467
0.189959 0.160047 2.21947
0.180344 0.115028 2.25066
-0.234137 0.0701772 2.09208
-0.217832 -0.283338 2.17363
-0.16622 -0.596406 2.36945
-0.174444 -0.658553 2.29128
-0.0653355 0.0843136 2.09706
0.00541358 -0.355717 2.02631
0.0550343 -0.670959 1.95424
0.0566421 -0.716019 1.85364
-0.205412 0.608837 2.04465
-0.487746 -0.0541991 2.02092
-0.465588 0.0601279 2.0199
0.186884 0.0335551 2.30473
0.152395 0.0877153 2.23314
-0.158079 0.111591 2.1685
-0.187438 0.414661 2.1031
-0.21493 0.706824 2.03008
-0.215887 0.851513 1.99221
-0.38153 0.58284 2.03524
-0.464878 0.344503 2.06999
-0.49295 0.121045 2.03454
-0.48911 0.0556667 2.04479
-0.0287972 0.616755 2.07853
0.0858586 0.384554 2.19493
0.169516 0.184117 2.24686
0.159132 0.14051 2.2776
-0.237545 0.102208 2.12651
-0.22334 -0.265754 2.21807
-0.165739 -0.5955 2.37253
-0.174812 -0.656164 2.29217
-0.0732395 0.117221 2.1366
-0.00953571 -0.336534 2.10952
0.0340834 -0.648535 2.06607
0.0359581 -0.695112 1.97065
-0.208335 0.635219 2.0501
-0.487278 -0.0240147 2.07309
-0.450629 0.0396478 2.03817
0.156499 0.0619989 2.32612
0.12853 0.104156 2.2598
-0.168134 0.137388 2.20813
-0.192518 0.436722 2.11923
-0.216302 0.725318 2.02567
-0.212817 0.869349 1.9841
-0.38475 0.605369 2.0299
-0.47469 0.369358 2.07919
-0.505194 0.144834 2.06649
-0.503994 0.0853409 2.09227
-0.0342671 0.633316 2.08124
0.0783042 0.408261 2.20792
0.156232 0.209002 2.27017
0.150384 0.168986 2.30765
-0.246337 0.128213 2.16341
-0.233866 -0.249433 2.26054
-0.165143 -0.594162 2.37847
-0.173999 -0.651693 2.29353
-0.084328 0.141946 2.179
-0.0216728 -0.296168 2.22064
0.0174631 -0.608605 2.21789
0.0131408 -0.668815 2.11505
-0.210504 0.654214 2.05056
-0.49769 0.00440325 2.13157
-0.465286 0.0751794 2.08754
0.151129 0.0888429 2.36192
0.123316 0.153758 2.28163
-0.176535 0.148272 2.22917
-0.196166 0.445392 2.12891
-0.216077 0.730915 2.02395
-0.209321 0.875884 1.98024
-0.385589 0.613693 2.02668
-0.481265 0.379071 2.08747
-0.514397 0.155276 2.08839
-0.515577 0.097248 2.11724
-0.0360131 0.640179 2.08307
0.0759788 0.417585 2.21236
0.152482 0.218287 2.2761
0.151384 0.172912 2.31231
-0.253893 0.139269 2.1834
-0.245165 -0.236983 2.27889
-0.169664 -0.584653 2.37882
-0.173476 -0.645384 2.29725
-0.0933508 0.152347 2.20113
-0.0361365 -0.246701 2.28941
-0.00372865 -0.581094 2.3458
0.0062294 -0.643555 2.23828
-0.211073 0.660573 2.0513
-0.509826 0.0159082 2.16229
-0.477007 0.0913287 2.10788
0.147893 0.0945925 2.36535
0.137729 0.148635 2.34271
-0.181939 0.152793 2.24205
-0.199277 0.44998 2.13689
-0.216309 0.734334 2.02446
-0.207046 0.877942 1.97988
-0.386262 0.618031 2.02648
-0.488052 0.384157 2.09579
-0.521708 0.160975 2.10393
-0.522334 0.103668 2.13115
-0.0371621 0.642837 2.08814
0.0713737 0.422587 2.21913
0.151247 0.22325 2.2793
0.152798 0.170689 2.30901
-0.258855 0.14386 2.19607
-0.249066 -0.23341 2.28536
-0.175658 -0.57425 2.38233
-0.172699 -0.643135 2.29974
-0.0990522 0.156687 2.21422
-0.0538937 -0.227288 2.34311
-0.0295 -0.55604 2.42249
-0.00815715 -0.624075 2.32839
-0.212008 0.664748 2.05369
-0.516974 0.0215668 2.17396
-0.480926 0.0927839 2.12156
0.155034 0.085531 2.36408
0.13729 0.156638 2.32609
-0.185878 0.154312 2.24782
-0.201727 0.451466 2.14064
-0.216832 0.735643 2.02484
-0.205742 0.878699 1.98028
-0.387007 0.619548 2.02611
-0.490601 0.385476 2.09885
-0.524574 0.162909 2.11243
-0.523438 0.10588 2.13701
-0.0384913 0.643261 2.09211
0.0670534 0.423138 2.22105
0.148885 0.223886 2.27928
0.145289 0.164159 2.3067
-0.262657 0.145882 2.20088
-0.254233 -0.231496 2.29115
-0.180541 -0.570848 2.38448
-0.174849 -0.640334 2.2991
-0.10303 0.157636 2.22108
-0.0677418 -0.19239 2.36058
-0.0472233 -0.526899 2.48949
-0.0297654 -0.603128 2.40503
-0.213062 0.66632 2.05505
-0.520581 0.0261781 2.17829
-0.483505 0.0955217 2.13152
0.143455 0.0811794 2.36297
0.12499 0.194602 2.3072
-0.189768 0.154989 2.25116
-0.204945 0.452474 2.1437
-0.218668 0.737307 2.02601
-0.205737 0.87992 1.982
-0.389025 0.621271 2.02536
-0.491637 0.386541 2.10094
-0.522425 0.16345 2.11438
-0.51637 0.104558 2.13045
-0.0404904 0.64344 2.09347
0.0601722 0.423743 2.22055
0.138657 0.222947 2.27833
0.133094 0.158764 2.30437
-0.266809 0.147397 2.20384
-0.259064 -0.222262 2.29208
-0.187192 -0.568737 2.38361
-0.176747 -0.639324 2.29703
-0.106606 0.157512 2.22484
-0.0798681 -0.188396 2.37607
-0.0571274 -0.521697 2.51539
-0.0328258 -0.597846 2.43588
-0.215433 0.66794 2.05707
-0.5121 0.0271246 2.16486
-0.479096 0.0979457 2.12116
0.132779 0.0753831 2.35135
0.147086 0.144813 2.268
-0.191883 0.155084 2.24901
-0.20754 0.453208 2.14281
-0.22208 0.739193 2.02555
-0.207809 0.882713 1.98336
-0.391535 0.622557 2.02282
-0.490881 0.387565 2.09972
-0.517624 0.163646 2.11094
-0.509788 0.102656 2.11926
-0.0436392 0.644101 2.09332
0.0551977 0.424984 2.21873
0.135033 0.224743 2.27661
0.132175 0.160614 2.29946
-0.269104 0.147328 2.2011
-0.265756 -0.213364 2.28507
-0.190692 -0.568886 2.38293
-0.176514 -0.639212 2.29646
-0.108464 0.157736 2.22314
-0.0845014 -0.186416 2.36758
-0.0592199 -0.520255 2.5097
-0.0384346 -0.603588 2.41965
-0.218653 0.669474 2.05667
-0.503168 0.0207327 2.1612
-0.480504 0.135607 2.11467
0.13233 0.0827389 2.34268
0.159934 0.152474 2.299
-0.194085 0.155155 2.2382
-0.21037 0.454941 2.13826
-0.225264 0.74226 2.02434
-0.211494 0.886815 1.98435
-0.39541 0.624236 2.0182
-0.488882 0.387939 2.09293
-0.511447 0.163203 2.10122
-0.50383 0.102032 2.10587
-0.0466989 0.646393 2.09334
0.0542918 0.424843 2.21837
0.133943 0.224027 2.27485
0.13375 0.169103 2.29661
-0.270963 0.147013 2.18974
-0.264645 -0.226646 2.28537
-0.191533 -0.568695 2.38293
-0.177312 -0.638696 2.29624
-0.110851 0.158171 2.21282
-0.0770064 -0.209151 2.34462
-0.0656394 -0.536329 2.45266
-0.0290563 -0.616422 2.36934
-0.221689 0.672137 2.05489
-0.49601 0.0158177 2.14857
-0.462708 0.0936955 2.09903
0.133853 0.0868606 2.34619
0.10863 0.142591 2.27255
-0.1914 0.149284 2.21377
-0.213045 0.45469 2.12715
-0.230685 0.745661 2.02271
-0.218073 0.891617 1.98624
-0.398424 0.623643 2.01269
-0.483529 0.38572 2.07729
-0.500067 0.159877 2.07919
-0.493598 0.0946997 2.08158
-0.0508919 0.648887 2.09018
0.0532611 0.425604 2.21514
0.134397 0.224971 2.27045
0.139682 0.169071 2.28782
-0.26797 0.140186 2.16534
-0.260626 -0.240678 2.27538
-0.179432 -0.57407 2.38143
-0.176926 -0.639246 2.29601
-0.108462 0.153397 2.18836
-0.0617654 -0.233501 2.27738
-0.0374263 -0.565183 2.35153
-0.0200769 -0.638003 2.26725
-0.226299 0.674691 2.05154
-0.486061 0.00955131 2.11598
-0.483706 0.0697288 2.041
0.138412 0.0860107 2.33771
0.116337 0.144289 2.25761
-0.186301 0.140802 2.19011
-0.212569 0.449655 2.11442
-0.233025 0.744618 2.02133
-0.221592 0.891451 1.98732
-0.400461 0.619034 2.00863
-0.478401 0.378531 2.06695
-0.493045 0.152192 2.06
-0.484776 0.0805839 2.06385
-0.052524 0.647525 2.08684
0.0542763 0.422045 2.20823
0.140856 0.221337 2.25618
0.145227 0.161527 2.27273
-0.263166 0.131288 2.14152
-0.253834 -0.249915 2.25333
-0.175243 -0.581378 2.37732
-0.176537 -0.643631 2.29776
-0.103181 0.145567 2.16486
-0.0458503 -0.256874 2.21719
-0.0120248 -0.592719 2.25899
-0.00150567 -0.653401 2.17549
-0.228486 0.672948 2.04791
-0.481448 -0.00301968 2.09831
-0.442193 0.0703408 2.05385
0.143468 0.0789715 2.31917
0.120281 0.142739 2.24056
-0.181531 0.129035 2.16793
-0.210893 0.439716 2.10143
-0.235419 0.738071 2.01921
-0.2247 0.885833 1.98765
-0.401427 0.608494 2.00394
-0.473441 0.367247 2.05903
-0.484614 0.140668 2.04916
-0.476261 0.0681306 2.05001
-0.0535831 0.639419 2.08117
0.0589328 0.408229 2.19638
0.144859 0.20643 2.24141
0.149668 0.14722 2.25392
-0.258662 0.11938 2.11973
-0.245906 -0.258277 2.21609
-0.173467 -0.583728 2.37612
-0.176179 -0.645944 2.29671
-0.0982274 0.134275 2.14225
-0.0301647 -0.293163 2.16457
0.00416184 -0.600815 2.18999
0.0207194 -0.667074 2.09616
-0.229991 0.665415 2.04281
-0.469586 -0.0182855 2.07781
-0.434496 0.0590189 2.04281
0.149016 0.0614913 2.29944
0.166008 0.124549 2.22559
-0.175723 0.114877 2.14663
-0.207386 0.426172 2.08809
-0.235383 0.725152 2.01497
-0.22636 0.87336 1.98614
-0.400995 0.594832 2.00065
-0.469794 0.354206 2.05375
-0.478252 0.127533 2.04058
-0.469994 0.0545445 2.04336
-0.0522164 0.625505 2.07371
0.0621328 0.389741 2.18372
0.151617 0.187427 2.22068
0.152016 0.125601 2.23341
-0.253403 0.104939 2.09926
-0.241339 -0.264563 2.18724
-0.172398 -0.584354 2.37216
-0.17565 -0.647896 2.29506
-0.0919878 0.12086 2.12003
-0.020989 -0.308971 2.12356
0.0241699 -0.625211 2.1196
0.0369273 -0.678972 2.02616
-0.228937 0.652243 2.03583
-0.462655 -0.034206 2.07376
-0.496875 0.059119 2.04478
0.151795 0.0422594 2.28139
0.169144 0.102816 2.20219
-0.167516 0.0956086 2.12178
-0.201956 0.40729 2.0717
-0.23341 0.706431 2.0081
-0.225471 0.854663 1.97997
-0.398323 0.576529 1.99552
-0.463828 0.336399 2.05091
-0.472115 0.109818 2.03618
-0.465004 0.0378387 2.04235
-0.0482359 0.606805 2.06207
0.0659187 0.367101 2.16287
0.155464 0.164112 2.1965
0.155356 0.103891 2.20526
-0.245997 0.085767 2.07584
-0.240582 -0.267957 2.14925
-0.175014 -0.582885 2.3576
-0.175963 -0.651514 2.29053
-0.0831978 0.102126 2.09376
-0.00599348 -0.317278 2.06131
0.0387477 -0.644809 2.03495
0.0540166 -0.691291 1.94163
-0.225997 0.633477 2.02631
-0.45421 -0.0529448 2.06784
-0.480698 0.00861945 2.05214
0.15321 0.0184126 2.25286
0.170741 0.0802924 2.17356
-0.160272 0.0784621 2.10165
-0.19602 0.390906 2.05846
-0.229001 0.690633 2.00193
-0.222976 0.839865 1.97383
-0.393022 0.558686 1.99118
-0.458096 0.316778 2.0487
-0.466941 0.0902951 2.03681
-0.461463 0.0207363 2.04309
-0.0430614 0.590599 2.05213
0.0726664 0.348031 2.15264
0.163916 0.145181 2.18295
0.165701 0.0669014 2.19509
-0.239045 0.0684534 2.05547
-0.237926 -0.273815 2.12843
-0.177001 -0.581645 2.35347
-0.178051 -0.650959 2.28812
-0.0758694 0.0857085 2.07379
0.00258724 -0.328473 2.01697
0.0510873 -0.654605 1.9578
0.0679417 -0.70626 1.86411
-0.221175 0.617536 2.01831
-0.454973 -0.0684787 2.0713
-0.490112 0.0106903 2.03495
0.162301 -0.00351033 2.23636
0.188325 0.072822 2.17062
-0.153764 0.060442 2.08283
-0.189133 0.373354 2.04556
-0.222065 0.673405 1.99527
-0.217945 0.821641 1.9684
-0.38706 0.54129 1.98646
-0.45037 0.296576 2.04705
-0.463621 0.0704647 2.03705
-0.456119 0.00219909 2.04373
-0.0347067 0.57178 2.04125
0.0828997 0.330378 2.13928
0.175575 0.127287 2.16464
0.176402 0.0498294 2.1799
-0.233597 0.0521265 2.03977
-0.233549 -0.279202 2.10049
-0.180758 -0.575212 2.34146
-0.177673 -0.648218 2.28766
-0.068437 0.066607 2.05166
0.0180108 -0.342875 1.97202
0.0652819 -0.669333 1.88974
0.0847541 -0.724201 1.7874
-0.214215 0.60022 2.01005
-0.448616 -0.0866511 2.07061
-0.486182 -0.0123378 2.04423
0.175107 -0.0217563 2.22272
0.191091 0.0425475 2.14623
-0.139408 0.0368521 2.05299
-0.176256 0.35051 2.02439
-0.210748 0.651409 1.98283
-0.207749 0.800775 1.95857
-0.374973 0.515917 1.97692
-0.438183 0.270998 2.03988
-0.454465 0.0452616 2.03196
-0.441678 -0.0222788 2.03751
-0.0197565 0.546798 2.02113
0.098038 0.305745 2.11845
0.189758 0.102893 2.14655
0.193375 0.025609 2.16123
-0.219821 0.0286339 2.00953
-0.226221 -0.301803 2.07116
-0.183234 -0.582725 2.32982
-0.176694 -0.657314 2.28753
-0.0539613 0.0437487 2.02235
0.0381914 -0.359432 1.93296
0.0848409 -0.676514 1.84413
0.0985409 -0.729153 1.74769
-0.202489 0.577982 1.99542
-0.429232 -0.113897 2.06696
-0.457671 -0.0578265 2.0535
0.191541 -0.0448135 2.20884
0.211006 0.0202542 2.12921
-0.129985 0.0312387 2.03871
-0.167212 0.344124 2.01081
-0.202145 0.644176 1.97048
-0.199685 0.794595 1.9493
-0.366554 0.510299 1.96573
-0.428692 0.264529 2.03313
-0.446158 0.038924 2.02593
-0.432137 -0.0271464 2.03067
-0.0130191 0.540589 2.00936
0.102654 0.299574 2.10266
0.193294 0.0950978 2.1246
0.197046 0.0187552 2.13568
-0.209571 0.0226663 1.99396
-0.212685 -0.30738 2.05683
-0.182366 -0.581946 2.32324
-0.176349 -0.656805 2.29145
-0.0456592 0.0386717 2.00931
0.0449342 -0.365311 1.92101
0.0933401 -0.687017 1.82993
0.103148 -0.732438 1.73693
-0.19376 0.570957 1.9827
-0.421681 -0.11352 2.06291
-0.462976 -0.0459436 2.03763
0.196663 -0.0449281 2.16568
0.213224 -0.0266095 2.12367
-0.125344 0.0297806 2.03498
-0.163728 0.342775 2.00665
-0.199606 0.642827 1.96586
-0.195606 0.792902 1.94456
-0.362726 0.507819 1.95924
-0.424779 0.26368 2.02576
-0.441673 0.0380166 2.01875
-0.429899 -0.0288394 2.022
-0.0104389 0.539748 2.00547
0.104151 0.299021 2.09405
0.194577 0.0940659 2.11374
0.197722 0.0181717 2.1239
-0.205067 0.0211356 1.99057
-0.207308 -0.310755 2.04775
-0.182304 -0.581996 2.31776
-0.17627 -0.656515 2.29076
-0.0410507 0.0373421 2.00524
0.0479985 -0.368564 1.91719
0.0943816 -0.688552 1.82807
0.105348 -0.733078 1.7345
-0.190997 0.569619 1.9782
-0.416525 -0.113015 2.05464
-0.462752 -0.0381338 2.01852
0.199359 -0.0498406 2.15807
0.215227 0.0142976 2.09177
-0.126871 0.0286152 2.04214
-0.164864 0.341068 2.0109
-0.20041 0.640721 1.96803
-0.195833 0.7912 1.94462
-0.363442 0.50627 1.96084
-0.425928 0.260702 2.02163
-0.443925 0.0351372 2.00569
-0.439739 -0.0349404 2.00338
-0.0112002 0.539336 2.00734
0.103562 0.29886 2.10071
0.194535 0.0953606 2.12717
0.196242 0.0222097 2.15409
-0.206789 0.0199339 1.99834
-0.205386 -0.312829 2.05271
-0.180242 -0.585464 2.32137
-0.175516 -0.660311 2.28945
-0.0423484 0.0362463 2.01188
0.0476816 -0.369879 1.91847
0.0950433 -0.689357 1.82649
0.106631 -0.73351 1.73274
-0.191882 0.567615 1.98082
-0.427702 -0.123281 2.03825
-0.433867 -0.057417 1.96291
0.196652 -0.045467 2.1917
0.219111 0.0169595 2.12442
-0.140476 0.0330406 2.0748
-0.177566 0.342057 2.03389
-0.21188 0.639041 1.98161
-0.205371 0.787924 1.95408
-0.374472 0.507031 1.97852
-0.438218 0.261777 2.01983
-0.452562 0.0366191 1.99001
-0.454397 -0.0318811 1.98017
-0.0241885 0.540929 2.02594
0.0909035 0.301542 2.13806
0.183857 0.100451 2.17141
0.171963 0.0320446 2.20889
-0.221527 0.0247259 2.03196
-0.216042 -0.311052 2.07585
-0.178035 -0.594842 2.33214
-0.174213 -0.668995 2.28662
-0.0544314 0.0401779 2.04357
0.0411349 -0.369448 1.94262
0.0955434 -0.693445 1.83015
0.106573 -0.734536 1.73357
-0.2037 0.566513 1.99669
-0.447766 -0.115507 2.00085
-0.415807 -0.0423526 1.96609
0.174928 -0.027398 2.2414
0.147157 0.0222101 2.17983
-0.147551 0.0492469 2.10042
-0.187406 0.355512 2.0509
-0.224213 0.650139 1.99092
-0.218781 0.7974 1.95964
-0.387769 0.522056 1.9906
-0.451977 0.275636 2.02368
-0.460425 0.0506954 1.98737
-0.463331 -0.0174962 1.98183
-0.0388496 0.556157 2.03877
0.0752186 0.314727 2.15565
0.153593 0.110353 2.20076
0.147357 0.0678584 2.22907
-0.227435 0.0392512 2.05728
-0.218211 -0.294862 2.10785
-0.171146 -0.592166 2.34818
-0.172742 -0.663121 2.28807
-0.0625023 0.0575536 2.06953
0.0266652 -0.355464 1.9861
0.0749697 -0.679272 1.89322
0.0891236 -0.726625 1.79073
-0.215412 0.578149 2.00786
-0.458958 -0.0946101 1.99828
-0.42406 -0.0391339 1.97781
0.148164 -0.00771581 2.26986
0.121088 0.0586251 2.19811
-0.153873 0.07935 2.12658
-0.196794 0.381754 2.06277
-0.237043 0.673985 1.98958
-0.23318 0.82073 1.95417
-0.398174 0.544034 1.99053
-0.464208 0.300849 2.02843
-0.472012 0.0749282 2.0012
-0.468435 0.0123328 2.00715
-0.0528606 0.585985 2.04133
0.058775 0.351228 2.16073
0.142732 0.150977 2.21266
0.133196 0.0867248 2.25184
-0.232958 0.0678406 2.08436
-0.222537 -0.275018 2.14165
-0.170554 -0.593271 2.3549
-0.172813 -0.661166 2.28667
-0.0694428 0.0881247 2.0948
0.0138183 -0.336768 2.05296
0.058192 -0.659541 1.99004
0.0673763 -0.710706 1.89149
-0.227302 0.602408 2.00987
-0.465449 -0.0626164 2.01433
-0.430907 -0.00710418 1.99441
0.127912 0.0316717 2.28766
0.107469 0.083102 2.21813
-0.162009 0.105989 2.15674
-0.204971 0.404409 2.07302
-0.246331 0.693804 1.98319
-0.243206 0.838837 1.94376
-0.405122 0.561728 1.98641
-0.471967 0.320982 2.03662
-0.478586 0.0943654 2.02668
-0.473956 0.0402474 2.04338
-0.0621048 0.608372 2.03814
0.0538648 0.383785 2.16424
0.142649 0.188834 2.22558
0.140129 0.149959 2.26188
-0.240293 0.092729 2.11482
-0.229239 -0.261119 2.18083
-0.170316 -0.593808 2.36287
-0.172284 -0.658543 2.28805
-0.0781501 0.115661 2.1247
0.0037781 -0.317089 2.14187
0.0418208 -0.633392 2.12057
0.046817 -0.686401 2.01055
-0.236161 0.622643 2.00754
-0.47075 -0.0409355 2.0644
-0.432639 0.012011 2.03495
0.140182 0.0723001 2.30916
0.11632 0.122461 2.23563
-0.172591 0.133476 2.19603
-0.213928 0.425242 2.08708
-0.253386 0.708093 1.97498
-0.251054 0.853131 1.93498
-0.411592 0.578001 1.98467
-0.480613 0.342435 2.05406
-0.484408 0.116882 2.06603
-0.479401 0.0630951 2.08834
-0.0700536 0.623594 2.03265
0.0464023 0.408482 2.17117
0.146413 0.221241 2.23796
0.15324 0.177527 2.27955
-0.249984 0.119656 2.1534
-0.233746 -0.245915 2.23299
-0.171662 -0.587503 2.36932
-0.173168 -0.652758 2.2952
-0.0894404 0.142814 2.16485
-0.0233336 -0.242793 2.24577
0.0117768 -0.574708 2.29288
0.021698 -0.640625 2.19922
-0.243524 0.638136 2.00457
-0.474158 -0.0148721 2.11548
-0.437889 0.0434314 2.08525
0.163022 0.103635 2.33462
0.137582 0.167188 2.29314
-0.179017 0.146602 2.2186
-0.218724 0.43515 2.09736
-0.256175 0.713297 1.97224
-0.253426 0.859054 1.93149
-0.414647 0.584596 1.98479
-0.485661 0.354264 2.06869
-0.487664 0.129585 2.08832
-0.482213 0.0761966 2.11659
-0.0737196 0.629429 2.03178
0.0429641 0.41688 2.17251
0.143649 0.231181 2.24208
0.145878 0.18396 2.28221
-0.255384 0.132914 2.17467
-0.240313 -0.237186 2.27436
-0.176568 -0.578626 2.3757
-0.173271 -0.642594 2.29876
-0.0967452 0.155377 2.1888
-0.0414287 -0.218538 2.31088
-0.0165225 -0.555087 2.38751
0.00742644 -0.631396 2.28867
-0.246824 0.644597 2.0046
-0.480906 -0.00230744 2.15205
-0.440256 0.0651372 2.11376
0.151369 0.107676 2.33562
0.173024 0.179353 2.25108
-0.18985 0.153291 2.2393
-0.224268 0.440431 2.10923
-0.257015 0.715443 1.97254
-0.253864 0.860411 1.93089
-0.416503 0.588444 1.98553
-0.487221 0.357384 2.07757
-0.489489 0.134031 2.10538
-0.486181 0.080693 2.13586
-0.0753199 0.632147 2.03302
0.0412106 0.420411 2.174
0.139835 0.23526 2.24725
0.139067 0.183321 2.28827
-0.266065 0.140417 2.1939
-0.255983 -0.233397 2.31159
-0.184109 -0.566582 2.3866
-0.176254 -0.637741 2.29932
-0.107378 0.161065 2.21101
-0.0591372 -0.194219 2.36148
-0.0467398 -0.524453 2.4814
-0.0198516 -0.610394 2.39284
-0.248797 0.648078 2.00749
-0.479445 0.000523578 2.1724
-0.444502 0.0750489 2.13644
0.145014 0.105401 2.34207
0.163656 0.167605 2.26471
-0.196697 0.156029 2.25532
-0.227565 0.443065 2.12187
-0.256697 0.717967 1.97793
-0.2533 0.862638 1.93743
-0.418468 0.591565 1.98999
-0.486823 0.356974 2.0821
-0.491345 0.134259 2.11291
-0.486862 0.0747142 2.13917
-0.0760698 0.633845 2.04112
0.0396056 0.422285 2.18414
0.135126 0.237321 2.26117
0.138935 0.183714 2.30745
-0.273205 0.144254 2.20905
-0.260538 -0.225247 2.3222
-0.189543 -0.565523 2.39004
-0.178178 -0.634628 2.30475
-0.113772 0.162666 2.22801
-0.0813761 -0.188701 2.40786
-0.060838 -0.506634 2.55532
-0.0419495 -0.587812 2.48333
-0.249531 0.651041 2.01562
-0.481406 -0.00565762 2.18572
-0.444727 0.0672991 2.13413
0.147657 0.104711 2.36257
0.159237 0.165885 2.28037
-0.199498 0.156372 2.2591
-0.229372 0.444489 2.12993
-0.256247 0.72145 1.99088
-0.2517 0.867368 1.95503
-0.419688 0.595472 1.99696
-0.485372 0.358301 2.08399
-0.489815 0.135075 2.11213
-0.478806 0.0706962 2.12883
-0.075753 0.636226 2.05553
0.0385314 0.424128 2.19377
0.133538 0.238595 2.27017
0.13842 0.183592 2.31442
-0.276011 0.145234 2.21239
-0.26147 -0.223869 2.32508
-0.189791 -0.569086 2.3897
-0.180316 -0.636227 2.30091
-0.116502 0.162386 2.23217
-0.0880955 -0.186483 2.42375
-0.0722855 -0.494389 2.58704
-0.0486401 -0.584133 2.51219
-0.249922 0.65393 2.02756
-0.470073 -0.0140112 2.18014
-0.438366 0.0624028 2.1235
0.145025 0.104676 2.36748
0.164774 0.170753 2.29129
-0.200676 0.155783 2.26078
-0.230582 0.445757 2.13726
-0.257232 0.725904 2.00502
-0.251212 0.873178 1.97163
-0.420582 0.599075 2.0055
-0.483919 0.359016 2.08559
-0.483724 0.134705 2.1079
-0.471128 0.0689008 2.11597
-0.0765127 0.638855 2.06729
0.0378711 0.424757 2.2046
0.133429 0.237804 2.2774
0.135795 0.182106 2.31896
-0.277118 0.145095 2.21365
-0.266065 -0.218909 2.3241
-0.191731 -0.569185 2.38961
-0.180846 -0.63698 2.29988
-0.117707 0.161285 2.2343
-0.0942793 -0.18675 2.42168
-0.0795927 -0.502864 2.59064
-0.0500598 -0.584565 2.51862
-0.250997 0.657513 2.04
-0.453484 -0.0188612 2.15714
-0.460662 0.0491753 2.07463
0.141054 0.0999343 2.37408
0.156453 0.170606 2.28521
-0.201288 0.154571 2.25975
-0.231728 0.447552 2.14163
-0.260094 0.732992 2.01818
-0.253915 0.88212 1.98804
-0.421941 0.603242 2.01425
-0.480638 0.36018 2.08711
-0.476373 0.134916 2.10264
-0.462036 0.0706576 2.11187
-0.0778099 0.64407 2.08207
0.035387 0.426319 2.21531
0.131524 0.237585 2.28349
0.130375 0.182685 2.32191
-0.277702 0.144051 2.21234
-0.266003 -0.228546 2.32472
-0.195199 -0.568992 2.3902
-0.180408 -0.637502 2.29945
-0.118327 0.159929 2.23348
-0.0927028 -0.190929 2.39818
-0.0771697 -0.519563 2.5554
-0.0497334 -0.597971 2.47514
-0.25338 0.663191 2.05083
-0.448514 -0.0134284 2.14684
-0.41844 0.065907 2.1122
0.134362 0.0995216 2.37365
0.153526 0.171201 2.28933
-0.201219 0.153765 2.25596
-0.232483 0.449761 2.14308
-0.262156 0.738812 2.0241
-0.256377 0.889033 1.99638
-0.4231 0.60674 2.01882
-0.478005 0.364103 2.08697
-0.472763 0.138409 2.10053
-0.457183 0.0739338 2.10871
-0.0784333 0.647838 2.08779
0.0343065 0.425924 2.22097
0.129136 0.236697 2.28952
0.126783 0.185099 2.32325
-0.277453 0.142659 2.20862
-0.267966 -0.236579 2.3227
-0.196307 -0.567934 2.39129
-0.180345 -0.636965 2.29942
-0.118443 0.159777 2.22942
-0.0818297 -0.201242 2.36373
-0.070898 -0.527392 2.48963
-0.0475508 -0.606966 2.41471
-0.255106 0.668189 2.05564
-0.445071 -0.00740191 2.13543
-0.414131 0.0669192 2.10819
0.127899 0.107673 2.37006
0.151822 0.170059 2.30114
-0.200716 0.15225 2.24336
-0.233204 0.451975 2.14202
-0.264041 0.743339 2.0272
-0.258022 0.893119 2.0013
-0.424114 0.609665 2.02113
-0.476248 0.367664 2.08718
-0.468561 0.140823 2.09783
-0.453707 0.0742742 2.10567
-0.0790046 0.65065 2.09034
0.0342105 0.426108 2.22196
0.128314 0.23624 2.28989
0.12585 0.18442 2.31621
-0.276482 0.13966 2.1972
-0.268038 -0.245287 2.32008
-0.196294 -0.567927 2.3917
-0.180523 -0.63689 2.29918
-0.118388 0.15989 2.21563
-0.0658689 -0.21014 2.31122
-0.0558015 -0.543264 2.42014
-0.0286824 -0.621765 2.33822
-0.256604 0.672008 2.05761
-0.440296 -0.00766934 2.14395
-0.44326 0.0503215 2.0666
0.125991 0.105729 2.36353
0.150297 0.168885 2.29574
-0.19715 0.147909 2.22563
-0.232414 0.452434 2.13721
-0.264406 0.744682 2.0286
-0.25901 0.894552 2.00403
-0.424513 0.610533 2.02183
-0.474958 0.368591 2.08601
-0.465848 0.142632 2.09468
-0.45219 0.0719839 2.10097
-0.079323 0.651465 2.09077
0.0353174 0.425313 2.22075
0.130163 0.23422 2.28487
0.130645 0.180629 2.30209
-0.272621 0.134502 2.17926
-0.266043 -0.248834 2.30527
-0.194923 -0.571473 2.38658
-0.180535 -0.636833 2.29915
-0.115155 0.156429 2.19819
-0.0491696 -0.236776 2.25817
-0.0283738 -0.569623 2.32746
-0.0106375 -0.640753 2.24732
-0.256838 0.672923 2.05792
-0.435212 -0.0127924 2.13736
-0.407508 0.0674448 2.09761
0.13307 0.0985781 2.35127
0.151071 0.230183 2.27163
-0.187927 0.133872 2.19135
-0.227489 0.44349 2.11902
-0.263564 0.741276 2.02843
-0.258941 0.891009 2.00445
-0.423575 0.606251 2.02143
-0.47184 0.36298 2.08197
-0.46154 0.134497 2.08656
-0.448853 0.0603299 2.09243
-0.0774957 0.647745 2.08784
0.0404671 0.41568 2.20799
0.136312 0.221693 2.26311
0.138825 0.165258 2.28082
-0.264339 0.120806 2.1465
-0.248552 -0.258645 2.24061
-0.182929 -0.578024 2.37754
-0.178239 -0.640509 2.29815
-0.105182 0.142421 2.16236
-0.032942 -0.289922 2.18452
0.00691031 -0.602289 2.19683
0.019152 -0.669255 2.08899
-0.255279 0.668632 2.05485
-0.43718 -0.0256091 2.12572
-0.38075 0.0927815 2.09916
0.138011 0.0813237 2.32603
0.12834 0.141754 2.30571
-0.178026 0.112573 2.16668
-0.219912 0.421537 2.1036
-0.258533 0.717892 2.02617
-0.255786 0.868164 2.00249
-0.420152 0.585375 2.021
-0.468626 0.344159 2.07841
-0.459334 0.116008 2.07778
-0.448141 0.0363963 2.08289
-0.0723883 0.624675 2.07953
0.0489583 0.393255 2.19552
0.148516 0.199015 2.24389
0.156754 0.120999 2.26948
-0.255397 0.09876 2.12305
-0.24111 -0.268827 2.19646
-0.175551 -0.581422 2.37505
-0.177408 -0.644187 2.29638
-0.0945609 0.12253 2.13635
-0.0175446 -0.310563 2.11963
0.0305859 -0.633249 2.10872
0.0375663 -0.682632 2.01427
-0.24941 0.645683 2.04808
-0.440136 -0.0482908 2.11067
-0.375139 0.0674391 2.07971
0.155001 0.0546842 2.31332
0.139395 0.085285 2.29425
-0.170885 0.0908178 2.14555
-0.213802 0.400481 2.09062
-0.253721 0.697596 2.02223
-0.251392 0.846864 1.99811
-0.415067 0.564375 2.01934
-0.462696 0.318434 2.07483
-0.455687 0.0885205 2.07242
-0.447748 0.013055 2.07608
-0.0668618 0.602462 2.07318
0.0555445 0.368735 2.18139
0.155301 0.172839 2.22349
0.162865 0.0920351 2.24512
-0.24915 0.0776261 2.10272
-0.240506 -0.272173 2.15944
-0.174857 -0.582123 2.36758
-0.175862 -0.64748 2.29236
-0.0867059 0.100871 2.11442
-0.00489353 -0.315508 2.06564
0.0446359 -0.641895 2.02554
0.0547574 -0.695726 1.9391
-0.244208 0.625146 2.04162
-0.436661 -0.0748447 2.1029
-0.373946 0.0653864 2.07611
0.165808 0.0263148 2.28463
0.179977 0.0924955 2.21086
-0.162988 0.0732334 2.1244
-0.207082 0.383027 2.0773
-0.248207 0.680401 2.01685
-0.246679 0.828875 1.99034
-0.409746 0.547884 2.01592
-0.456725 0.304107 2.07184
-0.451646 0.0721858 2.06723
-0.444421 -0.00183369 2.07041
-0.0599358 0.585854 2.06279
0.0631659 0.346127 2.16538
0.165445 0.149283 2.19828
0.163158 0.0714091 2.22199
-0.241602 0.0613414 2.08207
-0.237979 -0.276497 2.13582
-0.17497 -0.583269 2.36168
-0.176316 -0.650116 2.29064
-0.0786823 0.0825391 2.09273
0.00595522 -0.334686 2.018
0.0521166 -0.663351 1.9512
0.0688285 -0.713564 1.85529
-0.238381 0.607864 2.03422
-0.434291 -0.0883211 2.09974
-0.403709 -0.0130376 2.05209
0.16574 0.00726656 2.2589
0.177659 0.0770645 2.18542
-0.148084 0.0516823 2.09144
-0.193982 0.363207 2.05612
-0.237071 0.662286 2.0071
-0.235816 0.810118 1.98011
-0.398689 0.52614 2.00753
-0.4422 0.278114 2.06618
-0.441352 0.0515231 2.06178
-0.431675 -0.0200164 2.06543
-0.0454534 0.565332 2.04279
0.0788893 0.326771 2.13877
0.180486 0.128803 2.16777
0.18545 0.0508656 2.18986
-0.226865 0.0409732 2.05035
-0.226597 -0.291414 2.115
-0.175656 -0.588662 2.35477
-0.17673 -0.656883 2.28698
-0.0640563 0.0605438 2.05844
0.0184899 -0.350377 1.97133
0.0629193 -0.680787 1.88413
0.0798089 -0.725441 1.78753
-0.226734 0.589299 2.02166
-0.419473 -0.110849 2.09578
-0.39271 -0.031682 2.04339
0.189542 -0.0166121 2.23094
0.212398 0.067115 2.17267
-0.138515 0.0417309 2.07258
-0.182429 0.353663 2.04051
-0.223843 0.652947 1.99579
-0.222875 0.801299 1.96945
-0.386652 0.5149 1.99565
-0.427898 0.266646 2.0561
-0.431084 0.0405086 2.05585
-0.417405 -0.0249388 2.05724
-0.0314773 0.554603 2.02851
0.0936554 0.315234 2.11825
0.194601 0.117016 2.14732
0.204264 0.0405905 2.16021
-0.217884 0.0314334 2.03126
-0.213317 -0.296841 2.10051
-0.1755 -0.587263 2.34993
-0.176934 -0.657523 2.28746
-0.0541856 0.0505362 2.03981
0.028357 -0.357211 1.95172
0.0712922 -0.685808 1.86546
0.0846872 -0.728266 1.77006
-0.213875 0.579907 2.00915
-0.401408 -0.115347 2.08563
-0.381279 -0.0310551 2.0369
0.211614 -0.0285174 2.2065
0.220326 0.038995 2.12432
-0.131869 0.0394271 2.06407
-0.174055 0.35116 2.03067
-0.213632 0.650171 1.98482
-0.210526 0.799612 1.9591
-0.376776 0.513994 1.98526
-0.4199 0.266869 2.04737
-0.419933 0.0406114 2.0463
-0.406299 -0.0191459 2.04637
-0.0216259 0.551857 2.01941
0.099227 0.315784 2.10251
0.201309 0.117253 2.12719
0.208466 0.0400267 2.13737
-0.21111 0.0293445 2.02277
-0.200488 -0.299901 2.09564
-0.174812 -0.588838 2.34793
-0.176838 -0.659346 2.28638
-0.0478751 0.0480855 2.03117
0.0310279 -0.357927 1.94543
0.0734066 -0.687216 1.86263
0.0861316 -0.728689 1.76627
-0.204124 0.577206 1.99843
-0.388378 -0.109807 2.07524
-0.397516 -0.0437081 2.00795
0.210787 -0.0272223 2.17249
0.222546 0.0427369 2.09969
-0.131775 0.0388547 2.07035
-0.172326 0.349882 2.03183
-0.210342 0.648412 1.98282
-0.205634 0.795997 1.955
-0.373003 0.513085 1.98281
-0.417337 0.268225 2.04161
-0.418993 0.0417472 2.02636
-0.413949 -0.0290611 2.02298
-0.0189043 0.551138 2.01865
0.0999513 0.317044 2.10354
0.199941 0.117093 2.12638
0.201127 0.0549049 2.1477
-0.212206 0.029287 2.02961
-0.199304 -0.299899 2.09849
-0.173513 -0.591254 2.34816
-0.176623 -0.661869 2.28724
-0.0466361 0.0469952 2.03714
0.0315772 -0.36139 1.94641
0.075112 -0.689517 1.85982
0.0874189 -0.72997 1.76257
-0.201239 0.575591 1.99709
-0.39793 -0.118518 2.05829
-0.375995 -0.0337906 1.99918
0.209227 -0.0259374 2.18632
0.218669 0.0361777 2.11492
-0.137159 0.0411337 2.10109
-0.178473 0.348367 2.0518
-0.216463 0.644431 1.99215
-0.211336 0.790489 1.95848
-0.376174 0.511026 1.99142
-0.423805 0.266664 2.04011
-0.427819 0.0405667 2.01613
-0.428182 -0.034067 2.00848
-0.0266932 0.55449 2.03505
0.0898094 0.324317 2.1354
0.185738 0.121728 2.15454
0.180488 0.068611 2.17714
-0.218362 0.031467 2.05988
-0.206935 -0.299919 2.1228
-0.169424 -0.60096 2.36019
-0.173966 -0.665032 2.28476
-0.0511206 0.049355 2.06823
0.0266791 -0.368674 1.96964
0.074129 -0.690501 1.86112
0.0868039 -0.729901 1.76309
-0.207418 0.572067 2.00889
-0.423942 -0.117974 2.02725
-0.388855 -0.0433318 1.99295
0.189084 -0.012562 2.20967
0.157587 0.0432482 2.15135
-0.139858 0.0513876 2.12779
-0.187242 0.355657 2.07259
-0.231342 0.648465 2.00657
-0.228369 0.790783 1.96387
-0.384802 0.514115 2.00783
-0.436722 0.269536 2.04604
-0.438603 0.0434361 2.02129
-0.438943 -0.0301444 2.02507
-0.0416633 0.569019 2.05198
0.0794416 0.337261 2.16784
0.172564 0.134997 2.19629
0.164257 0.0688198 2.23347
-0.220052 0.0404409 2.08843
-0.20933 -0.296363 2.14705
-0.166929 -0.602032 2.36456
-0.173145 -0.664237 2.28622
-0.054797 0.0605884 2.09314
0.0179533 -0.359354 2.01626
0.0636253 -0.681404 1.92883
0.0742499 -0.721086 1.81977
-0.220741 0.576937 2.02503
-0.435266 -0.107147 2.03908
-0.474071 0.0101004 2.028
0.160281 0.0115594 2.27424
0.136596 0.0584263 2.20258
-0.144549 0.0814427 2.15818
-0.195942 0.380323 2.08913
-0.243913 0.668571 2.01064
-0.247433 0.809294 1.96403
-0.393975 0.531338 2.0163
-0.446314 0.295385 2.06304
-0.44745 0.0644258 2.05009
-0.440376 -0.0019218 2.06302
-0.0544333 0.596889 2.05911
0.0704167 0.375803 2.18183
0.161229 0.176139 2.22604
0.154674 0.139247 2.26262
-0.223659 0.0683877 2.11939
-0.211696 -0.276164 2.17614
-0.167307 -0.600712 2.36698
-0.172728 -0.661786 2.28665
-0.0604466 0.091773 2.12302
0.0125063 -0.334497 2.08142
0.0590467 -0.660635 2.00829
0.0621714 -0.705392 1.90892
-0.232338 0.598024 2.03215
-0.431143 -0.0816379 2.07636
-0.47644 0.00920738 2.06285
0.157578 0.0671878 2.31152
0.184011 0.1415 2.2578
-0.152799 0.11759 2.20114
-0.204036 0.4095 2.10801
-0.252435 0.691252 2.00878
-0.261037 0.829445 1.95793
-0.404593 0.557711 2.02078
-0.452421 0.32156 2.08955
-0.452711 0.0963662 2.10382
-0.442399 0.0338471 2.12943
-0.0662411 0.624792 2.05876
0.0694819 0.41489 2.19485
0.160409 0.218444 2.24962
0.163602 0.180572 2.28307
-0.230003 0.101611 2.16081
-0.218534 -0.25515 2.233
-0.168546 -0.594908 2.37313
-0.17152 -0.655204 2.2911
-0.0704705 0.129622 2.16753
0.00708703 -0.295821 2.18533
0.0518026 -0.613809 2.18311
0.0517527 -0.669757 2.06162
-0.240672 0.622053 2.03515
-0.432442 -0.044133 2.16099
-0.479632 0.041959 2.12477
0.169682 0.105949 2.33851
0.184044 0.157507 2.25826
-0.160741 0.134655 2.23467
-0.210616 0.421689 2.12205
-0.257424 0.698587 2.00685
-0.266629 0.835281 1.95207
-0.410031 0.568469 2.02467
-0.456634 0.335444 2.112
-0.454837 0.111864 2.13778
-0.446724 0.056024 2.16437
-0.0719607 0.635204 2.05635
0.0674162 0.429436 2.19699
0.161076 0.234748 2.25326
0.169772 0.193511 2.2806
-0.236879 0.118447 2.19275
-0.226388 -0.246801 2.2778
-0.169778 -0.588063 2.3773
-0.172235 -0.648879 2.29579
-0.0793069 0.1464 2.2027
-0.00353796 -0.259097 2.25591
0.0353704 -0.591457 2.2741
0.0388463 -0.655005 2.16867
-0.245846 0.630334 2.03662
-0.436002 -0.0209446 2.18844
-0.471968 0.0571814 2.14379
0.175723 0.118921 2.33779
0.200725 0.186283 2.26484
-0.169044 0.144041 2.26132
-0.216162 0.427769 2.13517
-0.260047 0.70079 2.00607
-0.26926 0.836106 1.94802
-0.413133 0.573076 2.02732
-0.460623 0.340895 2.12975
-0.458587 0.118435 2.16154
-0.452334 0.062929 2.19185
-0.0754237 0.638866 2.05602
0.0666245 0.432231 2.1981
0.161988 0.238264 2.25407
0.16678 0.191941 2.27763
-0.244888 0.128103 2.21846
-0.229673 -0.249568 2.31654
-0.171994 -0.581487 2.38334
-0.173629 -0.644139 2.29988
-0.0876871 0.155256 2.23036
-0.0136439 -0.246256 2.31965
0.0186024 -0.576298 2.34811
0.0250029 -0.640812 2.24388
-0.249157 0.63356 2.03849
-0.441867 -0.0176679 2.22225
-0.478988 0.0490518 2.17959
0.172154 0.116377 2.33362
0.19639 0.182432 2.247
-0.176377 0.149244 2.28039
-0.220725 0.429694 2.14707
-0.261482 0.700531 2.007
-0.270301 0.834638 1.94558
-0.41617 0.575159 2.03036
-0.464339 0.343241 2.13688
-0.462312 0.122402 2.17609
-0.45718 0.066449 2.20824
-0.0788601 0.639765 2.05862
0.0623013 0.435117 2.20198
0.15982 0.240688 2.25355
0.158405 0.19032 2.27774
-0.251994 0.132849 2.23581
-0.244394 -0.245004 2.34159
-0.177985 -0.570965 2.39412
-0.176251 -0.639455 2.30173
-0.0950257 0.16079 2.25116
-0.0253075 -0.222173 2.35341
0.0071379 -0.55365 2.40752
0.0181081 -0.622818 2.32269
-0.251728 0.633872 2.0424
-0.446294 -0.0173376 2.24979
-0.485096 0.0455687 2.1975
0.163096 0.112725 2.32478
0.179313 0.173604 2.24507
-0.180802 0.151822 2.29156
-0.222743 0.430041 2.15587
-0.260733 0.696549 2.01089
-0.270513 0.833286 1.94505
-0.416177 0.575171 2.03049
-0.466494 0.344203 2.14029
-0.463985 0.123886 2.18166
-0.457091 0.0684867 2.20618
-0.0822055 0.641069 2.06506
0.0503702 0.43693 2.21549
0.15005 0.242417 2.26344
0.144569 0.190909 2.29592
-0.256039 0.135256 2.24549
-0.251689 -0.244894 2.34762
-0.182741 -0.566524 2.39645
-0.178611 -0.637878 2.30094
-0.0997332 0.163494 2.26384
-0.0315687 -0.220763 2.37093
-0.00132479 -0.544667 2.44582
0.0110595 -0.618347 2.34373
-0.251902 0.631615 2.04863
-0.449686 -0.0159373 2.25549
-0.493813 0.0795468 2.19486
0.150036 0.111302 2.34472
0.170202 0.177158 2.2662
-0.183063 0.153041 2.29331
-0.224675 0.432264 2.1598
-0.262685 0.7006 2.01663
-0.270051 0.833872 1.94819
-0.419989 0.579562 2.03708
-0.467667 0.345025 2.14128
-0.464023 0.12394 2.17944
-0.451351 0.0598839 2.19493
-0.0840125 0.64393 2.07274
0.0437004 0.438227 2.22561
0.139767 0.243819 2.27945
0.134945 0.19261 2.31399
-0.258361 0.136654 2.24738
-0.254952 -0.244477 2.34823
-0.185989 -0.56246 2.39738
-0.179483 -0.636722 2.30083
-0.101875 0.164527 2.26548
-0.0373399 -0.214056 2.37549
-0.00957616 -0.537533 2.46257
0.000792924 -0.611492 2.36879
-0.253781 0.635215 2.05425
-0.435455 -0.0226226 2.24586
-0.49278 0.0821303 2.194
0.139668 0.112537 2.37219
0.158621 0.237078 2.2846
-0.184202 0.153444 2.29313
-0.226255 0.43458 2.16296
-0.264914 0.706419 2.02504
-0.268536 0.839795 1.95761
-0.421711 0.583134 2.04156
-0.46858 0.348814 2.13872
-0.461856 0.125956 2.1684
-0.449333 0.0626296 2.17613
-0.0855872 0.648161 2.08238
0.0409732 0.43841 2.23428
0.135109 0.243833 2.29033
0.128721 0.194025 2.32595
-0.259617 0.13729 2.24775
-0.258827 -0.241749 2.34704
-0.186902 -0.562159 2.39741
-0.180458 -0.635797 2.30045
-0.103019 0.164728 2.26467
-0.0437477 -0.206121 2.37335
-0.0105106 -0.536345 2.46686
0.00101045 -0.610589 2.37379
-0.255795 0.640072 2.06136
-0.429365 -0.0228616 2.2264
-0.441681 0.0929227 2.17743
0.130548 0.114564 2.37461
0.15057 0.176622 2.29997
-0.186416 0.153461 2.28658
-0.227579 0.436746 2.16513
-0.267068 0.712191 2.03775
-0.265521 0.842651 1.96749
-0.424713 0.589756 2.04828
-0.468742 0.35606 2.13116
-0.460146 0.131389 2.14984
-0.445442 0.0614682 2.1549
-0.0852755 0.654653 2.09869
0.0365125 0.439717 2.24257
0.131362 0.244242 2.29504
0.12816 0.189434 2.3194
-0.261917 0.137331 2.24171
-0.262211 -0.240356 2.34073
-0.188293 -0.561612 2.39723
-0.181167 -0.635144 2.30036
-0.104966 0.164637 2.25754
-0.0461693 -0.201777 2.35944
-0.0110589 -0.535243 2.4655
0.000685386 -0.610513 2.37436
-0.257754 0.644991 2.07114
-0.424848 -0.0254843 2.19798
-0.445949 0.0696183 2.16475
0.130405 0.108975 2.36144
0.155502 0.22654 2.30325
