-0.127418 0.0157847 2.23892
-0.142686 0.309417 2.19736
-0.156338 0.592986 2.14428
-0.159691 0.737441 2.11453
-0.309963 0.461805 2.1346
-0.342263 0.207921 2.16673
-0.384855 0.0132703 2.14433
-0.384414 -0.026518 2.14083
0.0134239 0.480449 2.15995
0.0697207 0.226785 2.19515
0.107619 0.0317333 2.16151
0.0952503 -0.00585326 2.16055
-0.198841 0.0133098 2.19844
-0.179855 -0.29015 2.30048
-0.167647 -0.593097 2.37603
-0.16476 -0.679324 2.30424
-0.051951 0.0177584 2.20977
-0.0580476 -0.296999 2.31328
-0.0610146 -0.582344 2.38193
-0.0401152 -0.671114 2.29916
-0.153157 0.523536 2.15961
-0.375473 -0.100157 2.15136
-0.393784 -0.039691 2.10458
0.102377 -0.0850777 2.16306
0.136113 -0.0139636 2.15957
-0.127305 0.0157599 2.2389
-0.142354 0.309469 2.19754
-0.155725 0.593162 2.14479
-0.159285 0.737691 2.11455
-0.309788 0.461707 2.13466
-0.341555 0.207769 2.16721
-0.384639 0.0132785 2.14405
-0.383624 -0.0261053 2.1415
0.0140048 0.480496 2.15983
0.069863 0.2267 2.19489
0.108021 0.0317876 2.16052
0.0966972 -0.00556243 2.16256
-0.198782 0.0132897 2.19845
-0.179229 -0.289812 2.30055
-0.167366 -0.593121 2.37661
-0.164357 -0.679193 2.30251
-0.0517694 0.0177342 2.2097
-0.058 -0.297037 2.3133
-0.0608533 -0.582393 2.38141
-0.0402153 -0.671265 2.29933
-0.152615 0.523679 2.16003
-0.378944 -0.0953122 2.15223
-0.395566 -0.039595 2.10605
0.102267 -0.0849914 2.16083
0.141459 -0.0332484 2.17529
-0.1268 0.0156551 2.23906
-0.141719 0.309443 2.19769
-0.155027 0.593217 2.14492
-0.158791 0.737429 2.11475
-0.309413 0.461958 2.13489
-0.340662 0.207613 2.16733
-0.384339 0.0132537 2.14428
-0.382838 -0.0263884 2.1419
0.0147451 0.480484 2.15983
0.0701433 0.226845 2.19476
0.108164 0.031931 2.16018
0.0978018 -0.00455401 2.16336
-0.198191 0.0131795 2.19873
-0.178461 -0.290978 2.30137
-0.166237 -0.593771 2.37695
-0.163986 -0.679044 2.30312
-0.0513654 0.0176349 2.20977
-0.0576805 -0.298007 2.31393
-0.0606852 -0.582575 2.38176
-0.0400736 -0.671343 2.29895
-0.151927 0.523715 2.16016
-0.378621 -0.0952391 2.15048
-0.395002 -0.0396791 2.10523
0.102457 -0.0851457 2.16483
0.142592 -0.0278443 2.1719
-0.125905 0.0156003 2.23915
-0.141034 0.309593 2.19794
-0.154532 0.593534 2.14531
-0.157766 0.737408 2.1157
-0.308539 0.462134 2.13491
-0.340246 0.207446 2.16724
-0.383496 0.0129542 2.14474
-0.383036 -0.0254178 2.1429
0.0153684 0.480371 2.15971
0.0707362 0.227049 2.19445
0.108468 0.0320303 2.16025
0.0982397 -0.00381068 2.16414
-0.197331 0.0131721 2.19882
-0.178434 -0.291314 2.3014
-0.165886 -0.594153 2.37747
-0.164879 -0.679299 2.30441
-0.0504767 0.0175349 2.20986
-0.0571332 -0.298443 2.31443
-0.0609271 -0.583671 2.38244
-0.0401594 -0.671098 2.30012
-0.151383 0.523989 2.16052
-0.380217 -0.0947604 2.15266
-0.394538 -0.0433043 2.10729
0.104361 -0.0847868 2.16529
0.140292 -0.0161794 2.1621
-0.125114 0.0156875 2.23928
-0.140406 0.30977 2.19799
-0.154088 0.593778 2.14527
-0.157434 0.737672 2.11609
-0.307794 0.462277 2.13472
-0.339276 0.207332 2.16687
-0.383252 0.0130023 2.14448
-0.381465 -0.0255773 2.14021
0.0161782 0.48027 2.15929
0.0714987 0.227213 2.19456
0.109559 0.0323681 2.15947
0.0993774 -0.00472829 2.16377
-0.196529 0.0133092 2.19895
-0.17786 -0.292426 2.30163
-0.165178 -0.595471 2.3778
-0.165228 -0.679563 2.30584
-0.0497343 0.0175902 2.20996
-0.0565542 -0.298578 2.3146
-0.0604755 -0.583563 2.3823
-0.0401096 -0.671305 2.29953
-0.150898 0.524219 2.1605
-0.372447 -0.101739 2.15415
-0.392793 -0.0427681 2.10209
0.103058 -0.0859378 2.16642
0.13795 -0.00679956 2.15294
-0.124691 0.0159687 2.23962
-0.14006 0.310094 2.19796
-0.153755 0.594272 2.14474
-0.157283 0.738617 2.11614
-0.307165 0.462727 2.13407
-0.339179 0.207192 2.16708
-0.38325 0.0129209 2.14412
-0.383111 -0.024711 2.14202
0.0166215 0.480297 2.15891
0.0717328 0.227578 2.19466
0.109967 0.032809 2.15924
0.100176 -0.00347808 2.16443
-0.196107 0.0135408 2.1993
-0.176927 -0.292486 2.30037
-0.164896 -0.596007 2.3779
-0.165058 -0.679563 2.30592
-0.0493325 0.0179122 2.21029
-0.0561332 -0.298559 2.31458
-0.0577544 -0.580922 2.37979
-0.0398293 -0.671434 2.29922
-0.150562 0.524662 2.16013
-0.378257 -0.0951347 2.15154
-0.407758 -0.0276841 2.13456
0.108333 -0.0791719 2.16361
0.144712 -0.0364014 2.186
-0.125407 0.016675 2.23976
-0.140461 0.310634 2.19748
-0.154057 0.594803 2.14322
-0.157247 0.73862 2.11463
-0.307612 0.463245 2.13346
-0.340491 0.208257 2.16673
-0.383841 0.0137988 2.14398
-0.387998 -0.0243042 2.14158
0.0162076 0.480792 2.15748
0.0715099 0.227675 2.19472
0.109703 0.0328947 2.15932
0.0992499 -0.00582825 2.16279
-0.196959 0.0145061 2.19961
-0.178014 -0.292197 2.29514
-0.165163 -0.596779 2.37802
-0.163552 -0.6795 2.30325
-0.0499345 0.0184097 2.21032
-0.0568037 -0.298846 2.31286
-0.0570811 -0.581141 2.38125
-0.0398361 -0.671609 2.29915
-0.150892 0.525208 2.15893
-0.384763 -0.0942333 2.15411
-0.402276 -0.0397124 2.11303
0.101621 -0.0858522 2.17136
0.136778 -0.00974603 2.16024
-0.129695 0.017588 2.2381
-0.14319 0.311019 2.19546
-0.155687 0.59465 2.14094
-0.159288 0.737956 2.11133
-0.311309 0.463992 2.13071
-0.345431 0.208897 2.16564
-0.392563 0.0153342 2.14337
-0.400806 -0.0233938 2.14282
0.0131946 0.481031 2.15586
0.0674835 0.227489 2.19373
0.105299 0.0323854 2.16033
0.0927267 -0.00795725 2.16155
-0.201539 0.0154587 2.19696
-0.179076 -0.291353 2.291
-0.165893 -0.595376 2.3765
-0.165429 -0.679883 2.30609
-0.0539191 0.0192377 2.20951
-0.0610273 -0.299163 2.30476
-0.0577289 -0.580722 2.3782
-0.039657 -0.671673 2.29874
-0.152763 0.525188 2.1567
-0.392744 -0.093479 2.14986
-0.423776 -0.0339111 2.12768
0.0954773 -0.0860527 2.16933
0.128939 -0.019022 2.16024
-0.145491 0.0187214 2.23016
-0.158258 0.31074 2.18832
-0.170144 0.592717 2.13468
-0.168181 0.736258 2.10453
-0.325595 0.463832 2.12507
-0.361079 0.208057 2.16127
-0.408864 0.0147848 2.13741
-0.417372 -0.0263455 2.13418
0.000316782 0.479261 2.15241
0.0538891 0.224714 2.1913
0.0897995 0.0291104 2.15907
0.0776333 -0.0103113 2.16214
-0.217475 0.0151998 2.1891
-0.194111 -0.297086 2.28187
-0.166501 -0.597956 2.3756
-0.164487 -0.679892 2.30972
-0.0691235 0.0216144 2.20145
-0.0735361 -0.300112 2.24183
-0.0575724 -0.587468 2.36758
-0.0409096 -0.672019 2.29511
-0.167352 0.523677 2.15019
-0.41288 -0.0941636 2.13998
-0.433046 -0.0366273 2.09881
0.081544 -0.0893001 2.16951
0.116328 -0.0333276 2.17733
-0.157752 0.0163614 2.22612
-0.169834 0.307414 2.18402
-0.180832 0.588428 2.1302
-0.178648 0.73107 2.09837
-0.336831 0.460692 2.12159
-0.372526 0.205117 2.15849
-0.421352 0.0122399 2.1333
-0.428634 -0.0308916 2.12856
-0.01127 0.474268 2.15039
0.0392913 0.218212 2.19046
0.0721208 0.0218414 2.1605
0.0639112 -0.0251761 2.16416
-0.229646 0.0111299 2.18441
-0.210513 -0.305431 2.28307
-0.163461 -0.60813 2.37149
-0.152887 -0.681833 2.3003
-0.0810272 0.0209907 2.19815
-0.0785661 -0.293863 2.17203
-0.0633185 -0.604026 2.31525
-0.0396152 -0.677133 2.24641
-0.17828 0.519624 2.14574
-0.420536 -0.101345 2.13337
-0.442049 -0.0489662 2.09088
0.0705517 -0.0976447 2.16816
0.104545 -0.0352065 2.17025
-0.16886 0.0122375 2.21859
-0.178844 0.303379 2.17794
-0.187795 0.584383 2.12543
-0.186925 0.726442 2.09173
-0.344166 0.45726 2.11584
-0.38152 0.201849 2.15413
-0.428561 0.00832365 2.13217
-0.43317 -0.0355327 2.13123
-0.020208 0.47062 2.14811
0.0307701 0.214924 2.18913
0.0648829 0.0186947 2.16008
0.0554936 -0.0169342 2.16007
-0.24032 0.00776416 2.17687
-0.218302 -0.31396 2.28552
-0.166829 -0.612563 2.37391
-0.153819 -0.687439 2.27959
-0.0921441 0.0162888 2.19065
-0.0761748 -0.308599 2.13523
-0.0496692 -0.625652 2.16351
-0.0263875 -0.698614 2.09947
-0.185748 0.515587 2.14065
-0.42692 -0.106488 2.1418
-0.444447 -0.0521651 2.09354
0.0636024 -0.0950773 2.16573
0.0991314 -0.0311817 2.16592
-0.177532 0.00361722 2.20393
-0.186948 0.296155 2.16731
-0.195092 0.578463 2.11849
-0.19328 0.721552 2.08305
-0.351119 0.451615 2.10462
-0.390452 0.192125 2.14251
-0.43362 -0.00257579 2.12848
-0.434407 -0.0421504 2.12333
-0.0252593 0.467027 2.14558
0.0243719 0.21217 2.18509
0.0631565 0.0169278 2.15491
0.0597782 -0.0278638 2.15361
-0.24821 0.000196692 2.16152
-0.222301 -0.321273 2.28206
-0.17405 -0.611622 2.37416
-0.16573 -0.687229 2.30695
-0.101265 0.00691569 2.17675
-0.0604044 -0.335237 2.0893
-0.0355017 -0.653608 1.99773
-0.0215829 -0.722414 1.88044
-0.19327 0.50935 2.13283
-0.427047 -0.118639 2.13842
-0.455418 -0.0586096 2.0925
0.0689873 -0.108735 2.168
0.101047 -0.0332277 2.16042
-0.17935 -0.0059456 2.18331
-0.189354 0.288119 2.15276
-0.197771 0.571978 2.10974
-0.195814 0.715353 2.07455
-0.35332 0.445028 2.09581
-0.394012 0.186446 2.13128
-0.437998 -0.00795223 2.11357
-0.44114 -0.0480785 2.10014
-0.0283994 0.460171 2.13526
0.0216519 0.206657 2.17122
0.0645758 0.0120981 2.14312
0.0675391 -0.0398005 2.14203
-0.249661 -0.00915198 2.13998
-0.221198 -0.325468 2.26955
-0.177182 -0.608435 2.37354
-0.167694 -0.686573 2.31346
-0.103334 -0.00256437 2.15707
-0.0548962 -0.341638 2.04741
-0.0239477 -0.662077 1.94076
-0.0165262 -0.725192 1.83954
-0.195914 0.502471 2.12267
-0.434744 -0.121327 2.1117
-0.458468 -0.0632748 2.06427
0.0719341 -0.120042 2.15901
0.103961 -0.0412509 2.14792
-0.180001 -0.0169213 2.15487
-0.189001 0.278581 2.13302
-0.196777 0.563911 2.09834
-0.196431 0.708921 2.06462
-0.353524 0.436839 2.08398
-0.39504 0.179406 2.11458
-0.442329 -0.013956 2.09243
-0.444272 -0.0557879 2.07398
-0.0265795 0.449412 2.11646
0.0223633 0.197577 2.14888
0.0702424 0.0039248 2.12424
0.0755915 -0.0486317 2.11702
-0.250425 -0.0196215 2.1125
-0.217678 -0.329006 2.25318
-0.176656 -0.612354 2.37479
-0.170398 -0.689708 2.31189
-0.10376 -0.0136863 2.12768
-0.0511545 -0.336929 2.0232
-0.0166458 -0.670268 1.93241
-0.00463793 -0.718509 1.81197
-0.195046 0.494018 2.10923
-0.44196 -0.125609 2.08098
-0.465746 -0.0663653 2.04486
0.0774545 -0.124641 2.13016
0.108989 -0.051819 2.12692
-0.175571 -0.0264862 2.116
-0.184713 0.270266 2.10351
-0.192689 0.556621 2.07892
-0.194389 0.701992 2.04929
-0.348945 0.426343 2.0626
-0.388616 0.171793 2.08551
-0.440251 -0.0203434 2.0623
-0.437034 -0.0650741 2.04421
-0.0219266 0.437193 2.08526
0.0291837 0.190522 2.10861
0.0819318 -0.00128711 2.07742
0.0839826 -0.0540463 2.06578
-0.246594 -0.0289222 2.07488
-0.214581 -0.329052 2.22998
-0.174791 -0.613466 2.37327
-0.172307 -0.684714 2.29633
-0.098771 -0.0231787 2.08756
-0.0461462 -0.345261 1.99961
-0.0154622 -0.668906 1.94496
-0.00647073 -0.717108 1.82406
-0.190893 0.486478 2.0872
-0.434727 -0.133987 2.04876
-0.454005 -0.0754889 2.0075
0.0868119 -0.132146 2.07504
0.118676 -0.0710043 2.0762
-0.173849 -0.0260374 2.10522
-0.183369 0.271608 2.09221
-0.191644 0.558615 2.06729
-0.192911 0.70457 2.04156
-0.34664 0.42592 2.04886
-0.38573 0.171713 2.07022
-0.430583 -0.0213052 2.03679
-0.423941 -0.057734 2.02015
-0.0204011 0.438635 2.0708
0.0312907 0.192591 2.08794
0.0856075 -0.000336638 2.0458
0.0859892 -0.0503692 2.02895
-0.244841 -0.0287472 2.06362
-0.207024 -0.329679 2.21671
-0.173883 -0.606947 2.36605
-0.17148 -0.684119 2.29648
-0.0971047 -0.0224843 2.07723
-0.0429391 -0.345615 1.99327
-0.0134071 -0.667934 1.94642
-0.00468692 -0.716174 1.8255
-0.189786 0.488347 2.0756
-0.418471 -0.127223 2.02357
-0.438398 -0.0699067 1.98
0.0920726 -0.127897 2.0376
0.120135 -0.0467292 2.02981
-0.173041 -0.0258245 2.10346
-0.183439 0.271966 2.08953
-0.192999 0.559071 2.06305
-0.193021 0.705246 2.03771
-0.346855 0.425845 2.04531
-0.3849 0.171466 2.06424
-0.42712 -0.0200152 2.01681
-0.42501 -0.0562732 1.99646
-0.0218165 0.438975 2.06384
0.0311789 0.1925 2.07997
0.083551 0.00165906 2.02831
0.0839906 -0.0483314 2.01441
-0.244135 -0.0286368 2.06224
-0.206064 -0.329745 2.21472
-0.17269 -0.60621 2.36375
-0.171657 -0.683308 2.29533
-0.0961324 -0.0221413 2.07501
-0.042103 -0.346279 1.9918
-0.0116282 -0.668031 1.94677
-0.00399646 -0.716336 1.8258
-0.190786 0.488789 2.0718
-0.424389 -0.124646 1.99402
-0.439377 -0.0562373 1.95942
0.0910747 -0.121448 2.01189
0.116172 -0.0474708 2.00328
-0.177145 -0.0238435 2.11503
-0.186737 0.272862 2.0961
-0.196735 0.56017 2.06995
-0.195202 0.704263 2.03701
-0.351521 0.426408 2.05194
-0.38517 0.17348 2.06762
-0.42615 -0.0171919 2.01379
-0.420128 -0.054446 1.99793
-0.0248448 0.439549 2.06496
0.0278595 0.191815 2.08294
0.0773695 0.00110552 2.03002
0.0741389 -0.0492418 2.03143
-0.248898 -0.0262936 2.07754
-0.207722 -0.33113 2.21497
-0.170925 -0.609371 2.36294
-0.171468 -0.683857 2.29277
-0.0995287 -0.0205753 2.08333
-0.0435674 -0.344522 1.99207
-0.00948884 -0.669329 1.94658
-0.0115868 -0.750426 1.85477
-0.194136 0.489816 2.07832
-0.41627 -0.119443 1.99237
-0.438019 -0.0582012 1.96355
0.0777703 -0.119913 2.02838
0.110726 -0.0683767 2.03811
-0.185988 -0.020835 2.14801
-0.195732 0.272691 2.1184
-0.203398 0.557035 2.07842
-0.205289 0.701699 2.04709
-0.362286 0.429048 2.07656
-0.393066 0.175467 2.0999
-0.425522 -0.0185256 2.05339
-0.423526 -0.0566937 2.05295
-0.0373167 0.440746 2.08942
0.0132237 0.191252 2.11645
0.0571043 -0.00201482 2.07626
0.0502918 -0.0523495 2.0869
-0.257551 -0.0240028 2.10965
-0.21595 -0.334222 2.23343
-0.170395 -0.612287 2.36375
-0.171871 -0.686624 2.29342
-0.108389 -0.0169579 2.11694
-0.0500697 -0.340353 1.99591
-0.00771712 -0.668482 1.94804
-0.00974612 -0.747934 1.85435
-0.201732 0.487239 2.0902
-0.418938 -0.118188 2.04497
-0.449579 -0.0460807 2.03811
0.0590229 -0.128104 2.08622
0.0887859 -0.0540347 2.08682
-0.193549 -0.00924187 2.16813
-0.200751 0.280774 2.13654
-0.206729 0.5611 2.09359
-0.212317 0.70452 2.05686
-0.367918 0.435064 2.08839
-0.398602 0.178863 2.11901
-0.437536 -0.0170995 2.10566
-0.440751 -0.0467416 2.11476
-0.042945 0.448617 2.10815
0.00694709 0.197169 2.1422
0.0506848 0.0021674 2.11715
0.0432235 -0.0428905 2.13082
-0.265503 -0.0122738 2.12861
-0.222795 -0.329203 2.24174
-0.169373 -0.613806 2.36399
-0.170766 -0.690732 2.30005
-0.115383 -0.00591163 2.13824
-0.0735823 -0.330507 2.03318
-0.011091 -0.643853 2.07739
0.00310366 -0.719108 1.97574
-0.205455 0.492401 2.10636
-0.436875 -0.117763 2.12511
-0.456446 -0.0645164 2.08004
0.0525592 -0.114434 2.13306
0.0842763 -0.0504069 2.1415
-0.201786 -0.000295639 2.18464
-0.207178 0.288749 2.14907
-0.211381 0.567704 2.10222
-0.216927 0.710382 2.06546
-0.371224 0.441138 2.09426
-0.405774 0.184486 2.13432
-0.453469 -0.00799723 2.14623
-0.459753 -0.0410045 2.1618
-0.0465948 0.458096 2.12155
0.0060465 0.20623 2.16397
0.0543478 0.0119732 2.14463
0.0560412 -0.0229512 2.15761
-0.273258 -0.00374557 2.14389
-0.237199 -0.311856 2.25707
-0.174239 -0.609915 2.37147
-0.171972 -0.686538 2.30627
-0.123877 0.00318641 2.15597
-0.0924114 -0.306951 2.10148
-0.0186148 -0.616982 2.22807
-0.0419312 -0.693359 2.16797
-0.210547 0.4994 2.11596
-0.460405 -0.111314 2.18266
-0.486214 -0.0245959 2.14163
0.0645986 -0.103575 2.16787
0.0878452 -0.017138 2.15844
-0.204665 0.00713858 2.20254
-0.210691 0.294877 2.15889
-0.214867 0.572697 2.10609
-0.221492 0.716575 2.0711
-0.374253 0.445755 2.09811
-0.410921 0.190374 2.14373
-0.463419 -0.000361042 2.15896
-0.469164 -0.0383384 2.17029
-0.0491318 0.463691 2.12637
0.00854434 0.213409 2.17672
0.0612001 0.0201776 2.16034
0.0654761 -0.0187675 2.175
-0.276028 0.00228393 2.16051
-0.242538 -0.296803 2.27135
-0.180947 -0.598958 2.37655
-0.170743 -0.680606 2.31485
-0.126841 0.011846 2.17514
-0.0951322 -0.296133 2.18254
-0.0286578 -0.586773 2.37284
-0.0536489 -0.666025 2.29853
-0.214052 0.504625 2.12111
-0.462164 -0.111835 2.19707
-0.484872 -0.0500055 2.13579
0.0761518 -0.0947169 2.19539
0.0969255 -0.017422 2.177
-0.203105 0.0114678 2.2286
-0.212419 0.29851 2.16881
-0.218267 0.57562 2.10547
-0.226071 0.721257 2.07136
-0.376459 0.448073 2.09909
-0.41246 0.192534 2.14654
-0.464561 0.00122801 2.15839
-0.465535 -0.0404309 2.15338
-0.0513057 0.466998 2.12519
0.0104001 0.217714 2.1814
0.0648012 0.0248897 2.16996
0.0677249 -0.016689 2.18267
-0.274288 0.00604383 2.18908
-0.234192 -0.277648 2.292
-0.190844 -0.579298 2.37685
-0.178316 -0.633074 2.25704
-0.125578 0.0165383 2.19869
-0.0948644 -0.265081 2.27502
-0.0546527 -0.52781 2.5385
-0.0280762 -0.614746 2.5
-0.216793 0.507372 2.12246
-0.462869 -0.109613 2.1707
-0.483907 -0.054354 2.11633
0.0761795 -0.0953612 2.20819
0.0962248 -0.0064093 2.17988
-0.195681 0.0131161 2.24865
-0.210428 0.299365 2.17523
-0.219599 0.576277 2.10196
-0.227774 0.721604 2.06752
-0.377527 0.44906 2.09917
-0.412492 0.19287 2.14675
-0.463179 0.000532711 2.15278
-0.461753 -0.0396281 2.14629
-0.0531815 0.468361 2.12123
0.0105599 0.218881 2.18133
0.0639476 0.0257683 2.171
0.0624001 -0.0145433 2.17954
-0.267375 0.00855723 2.20994
-0.229575 -0.27069 2.30559
-0.193046 -0.573803 2.37732
-0.167444 -0.676512 2.31546
-0.117922 0.0172783 2.21788
-0.0914708 -0.235806 2.33628
-0.0583279 -0.472853 2.62279
-0.0297394 -0.575195 2.60742
-0.217264 0.507884 2.122
-0.459148 -0.109196 2.16245
-0.479752 -0.0562474 2.11623
0.073783 -0.0953222 2.21309
0.0893531 -0.0134867 2.15604
-0.187627 0.0185589 2.26633
-0.206402 0.301336 2.1821
-0.219515 0.576265 2.09764
-0.227568 0.721723 2.06392
-0.376411 0.449635 2.09699
-0.411095 0.193971 2.14725
-0.461268 0.00141073 2.15246
-0.45906 -0.0393894 2.15333
-0.053814 0.469295 2.11721
0.0105076 0.219876 2.18088
0.0620058 0.0262453 2.17117
0.0594693 -0.0148687 2.17661
-0.259887 0.0128686 2.22662
-0.232232 -0.263096 2.3116
-0.193076 -0.573089 2.37848
-0.168864 -0.678303 2.31331
-0.109594 0.023722 2.23652
-0.0939568 -0.228428 2.40129
-0.0573093 -0.471048 2.683
-0.0347499 -0.559285 2.67346
-0.216874 0.508228 2.121
-0.459861 -0.111036 2.17283
-0.474743 -0.0496165 2.11917
0.0654632 -0.0929477 2.1973
0.0915223 -0.00945006 2.17867
-0.180322 0.0262177 2.2874
-0.198705 0.304764 2.19399
-0.215138 0.575622 2.09589
-0.222432 0.72019 2.05991
-0.370441 0.448895 2.09372
-0.405057 0.19541 2.14937
-0.453571 0.00274583 2.15823
-0.448461 -0.0372148 2.16878
-0.0497623 0.470214 2.12006
0.012101 0.223065 2.18675
0.0605204 0.0286308 2.17397
0.0614842 -0.0137403 2.18644
-0.252595 0.0200133 2.246
-0.230979 -0.258524 2.32533
-0.188868 -0.583354 2.38469
-0.16924 -0.678281 2.30975
-0.102574 0.0316669 2.2593
-0.0778696 -0.219062 2.47418
-0.0528173 -0.50376 2.72726
-0.0371142 -0.586773 2.70396
-0.212057 0.508665 2.12169
-0.456925 -0.111053 2.18974
-0.462935 -0.049511 2.12988
0.0681219 -0.0935642 2.21091
0.0963316 -0.0177378 2.192
-0.177804 0.0282717 2.29831
-0.194125 0.305846 2.20242
-0.209663 0.575062 2.09796
-0.215826 0.717894 2.06091
-0.362821 0.448052 2.09495
-0.398091 0.195498 2.15361
-0.445729 0.0029042 2.16514
-0.440813 -0.036328 2.17362
-0.0439221 0.471125 2.12753
0.0162089 0.225045 2.20035
0.0628605 0.030268 2.19467
0.0654177 -0.0126277 2.21149
-0.250145 0.0219866 2.25568
-0.229536 -0.258462 2.33069
-0.18996 -0.57802 2.38491
-0.170007 -0.678829 2.31212
-0.100103 0.0337133 2.27142
-0.0772279 -0.222534 2.4811
-0.0544542 -0.505418 2.73199
-0.038256 -0.58832 2.70887
-0.206267 0.508785 2.12566
-0.436428 -0.115455 2.19649
-0.453545 -0.0530969 2.13656
0.0708493 -0.0942606 2.23673
0.0933776 -0.0161537 2.19482
-0.17628 0.0287336 2.30609
-0.190212 0.305576 2.20956
-0.202869 0.573541 2.103
-0.210427 0.716647 2.06402
-0.356681 0.448188 2.10176
-0.390421 0.196295 2.16163
-0.439939 0.00369787 2.16866
-0.433802 -0.0392742 2.17835
-0.0382397 0.470979 2.136
0.0209075 0.22375 2.21531
0.066509 0.0288538 2.21227
0.0674628 -0.0134647 2.2336
-0.248541 0.0230142 2.26341
-0.227288 -0.257243 2.33921
-0.187336 -0.582883 2.38395
-0.171498 -0.676505 2.31047
-0.0987136 0.033556 2.27929
-0.076724 -0.224791 2.48692
-0.0553627 -0.507046 2.73561
-0.0392616 -0.589834 2.71349
-0.200057 0.507784 2.13152
-0.433165 -0.112812 2.19682
-0.451399 -0.0557829 2.14958
0.0731428 -0.0906793 2.25948
0.0932187 -0.0179474 2.21423
-0.174966 0.0288259 2.30985
-0.187436 0.305542 2.21362
-0.198306 0.573196 2.10653
-0.205197 0.716669 2.06791
-0.352791 0.450345 2.10834
-0.385887 0.196647 2.16815
-0.436045 0.00421858 2.17514
-0.432339 -0.0377992 2.18758
-0.035567 0.471714 2.13868
0.0225353 0.223733 2.21963
0.0671283 0.0288293 2.22064
0.0680685 -0.0144247 2.23862
-0.247186 0.0235174 2.26769
-0.225723 -0.256111 2.34234
-0.185313 -0.585897 2.38241
-0.172584 -0.677537 2.30989
-0.0974879 0.0332563 2.28258
-0.0762274 -0.225496 2.48984
-0.0549653 -0.504913 2.73732
-0.0397185 -0.585626 2.72677
-0.1959 0.507595 2.13531
-0.433917 -0.111184 2.20674
-0.451577 -0.0441919 2.15928
0.0729562 -0.0958 2.27377
0.0939402 -0.0209992 2.22342
-0.174798 0.0282063 2.30929
-0.186344 0.305404 2.21457
-0.195898 0.573419 2.1084
-0.202194 0.717416 2.07007
-0.351284 0.450605 2.11044
-0.384633 0.195908 2.17246
-0.436823 0.00418663 2.18077
-0.43881 -0.0336089 2.19071
-0.0334999 0.470987 2.13993
0.0232567 0.222409 2.21811
0.0663789 0.0268914 2.21337
0.0646921 -0.0207577 2.21408
-0.247061 0.0232131 2.26777
-0.226599 -0.257198 2.34086
-0.184459 -0.589491 2.38227
-0.172416 -0.678678 2.31116
-0.0972404 0.0323167 2.28127
-0.0765637 -0.230958 2.4839
-0.0548116 -0.500492 2.73127
-0.0428447 -0.56089 2.6147
-0.193849 0.507748 2.13696
-0.43685 -0.112138 2.21925
-0.458515 -0.047813 2.15616
0.0641323 -0.102144 2.24848
0.0982759 -0.0303946 2.21908
-0.174591 0.0253043 2.30061
-0.186313 0.304717 2.21101
-0.196009 0.573678 2.1078
-0.201802 0.717534 2.06982
-0.351977 0.450944 2.11056
-0.386646 0.196718 2.17261
-0.439264 0.00512448 2.18098
-0.444908 -0.037424 2.18401
-0.0341522 0.46892 2.13543
0.0220118 0.219591 2.20424
0.0624693 0.0233811 2.19367
0.0584087 -0.0241064 2.18966
-0.247072 0.0205009 2.26035
-0.226568 -0.25647 2.33526
-0.182764 -0.594098 2.38179
-0.171766 -0.678705 2.3121
-0.096794 0.0292989 2.27121
-0.0896249 -0.234469 2.41767
-0.0579904 -0.48509 2.69322
-0.0475011 -0.54508 2.57603
-0.193922 0.507876 2.13589
-0.438786 -0.109849 2.20727
-0.46672 -0.0545025 2.15527
0.0599219 -0.105836 2.21516
0.0372718 -0.0295272 2.16272
-0.177471 0.0199334 2.28324
-0.188729 0.302381 2.20055
-0.19785 0.573943 2.10433
-0.203619 0.717705 2.06802
-0.355327 0.451637 2.10693
-0.392207 0.195752 2.16476
-0.444281 0.0041462 2.1744
-0.451663 -0.0392047 2.16878
-0.03657 0.466715 2.12942
0.0165494 0.21498 2.18842
0.0538293 0.0182206 2.1712
0.0507078 -0.0275812 2.1642
-0.249636 0.0156082 2.2432
-0.223881 -0.258898 2.32523
-0.186326 -0.579966 2.38013
-0.170661 -0.678043 2.30846
-0.0999033 0.0236386 2.25353
-0.0860406 -0.233158 2.34576
-0.0605785 -0.467585 2.63502
-0.0509641 -0.526731 2.51699
-0.195922 0.507649 2.13082
-0.449134 -0.109743 2.18919
-0.473292 -0.0463238 2.13668
0.0481947 -0.110716 2.18973
0.0254177 -0.0470562 2.1752
-0.182963 0.014003 2.26036
-0.193153 0.299565 2.18745
-0.201033 0.574154 2.10053
-0.206492 0.717955 2.06514
-0.358945 0.450652 2.10085
-0.397214 0.194569 2.15147
-0.449231 0.00215957 2.15221
-0.451592 -0.0412039 2.14339
-0.039985 0.463676 2.12279
0.0110424 0.207982 2.1761
0.0477396 0.0114655 2.15191
0.0419938 -0.0328633 2.147
-0.25443 0.00914726 2.21909
-0.225026 -0.272015 2.30584
-0.187327 -0.578233 2.3794
-0.169398 -0.675228 2.30309
-0.105824 0.0184204 2.23197
-0.0890448 -0.259794 2.26397
-0.0571769 -0.530125 2.52123
-0.0153503 -0.605469 2.49805
-0.199443 0.507184 2.12483
-0.451563 -0.114032 2.167
-0.468207 -0.0465049 2.10304
0.0357515 -0.115294 2.16298
0.024026 -0.0271858 2.11108
-0.18672 0.0129162 2.24353
-0.195822 0.299352 2.17867
-0.202789 0.574765 2.09874
-0.207597 0.718494 2.06367
-0.360481 0.450764 2.09572
-0.397376 0.19405 2.13942
-0.446208 0.000608853 2.13758
-0.445647 -0.0403762 2.12885
-0.0408512 0.464747 2.1214
0.00982961 0.206507 2.17204
0.0455719 0.0101057 2.14405
0.033687 -0.0258414 2.14262
-0.25797 0.00740456 2.20121
-0.231224 -0.286718 2.29503
-0.184219 -0.594708 2.37736
-0.155907 -0.675426 2.31072
-0.109647 0.0179809 2.21625
-0.0906249 -0.292704 2.21492
-0.063101 -0.589727 2.37673
-0.0424192 -0.665272 2.31407
-0.201421 0.507607 2.12149
-0.443244 -0.112041 2.14353
-0.468978 -0.0467598 2.10495
0.0413076 -0.108391 2.14335
-0.0144081 -0.0223228 2.13915
-0.190831 0.00974209 2.22736
-0.197779 0.298275 2.1695
-0.203311 0.575298 2.09699
-0.207286 0.719507 2.06252
-0.360356 0.451141 2.09015
-0.396737 0.19305 2.12952
-0.442486 -0.0013484 2.12367
-0.441793 -0.0414037 2.11534
-0.0408625 0.465061 2.12122
0.0093706 0.20666 2.16861
0.0458532 0.010751 2.1369
0.0364539 -0.0228203 2.13546
-0.262182 0.00487154 2.18358
-0.234751 -0.296293 2.28933
-0.182848 -0.596558 2.37644
-0.15895 -0.678316 2.30238
-0.113522 0.0143092 2.20148
-0.0843752 -0.312543 2.14898
-0.0349702 -0.616516 2.22025
-0.0469334 -0.695523 2.16837
-0.202209 0.507854 2.11792
-0.439668 -0.113599 2.131
-0.458991 -0.056047 2.07709
0.0521057 -0.108256 2.14287
-0.0125892 -0.0268957 2.11187
-0.190219 0.00487246 2.20815
-0.197163 0.296076 2.15877
-0.202887 0.575511 2.09481
-0.205149 0.719769 2.06043
-0.358761 0.45062 2.08334
-0.39595 0.192227 2.11907
-0.440733 -0.00249007 2.10926
-0.441593 -0.0422583 2.09892
-0.0392333 0.464467 2.12012
0.0106001 0.2057 2.16177
0.0479815 0.0100505 2.12922
0.0453158 -0.0367626 2.12574
-0.261171 0.0014382 2.16383
-0.23241 -0.313539 2.28497
-0.176976 -0.608504 2.37133
-0.167526 -0.684746 2.30585
-0.113289 0.00815793 2.1829
-0.0736279 -0.331526 2.09391
-0.0307051 -0.655704 2.08516
-0.0170746 -0.727539 1.97656
-0.201658 0.507542 2.11357
-0.441017 -0.112454 2.10976
-0.458569 -0.0510671 2.06081
0.0588434 -0.114083 2.14022
-0.00150642 -0.0475007 2.09674
-0.185246 -0.00739994 2.17837
-0.193087 0.287642 2.14096
-0.199933 0.571954 2.0893
-0.199275 0.71487 2.05554
-0.355284 0.444078 2.07499
-0.396369 0.186665 2.10689
-0.443684 -0.00740807 2.09418
-0.448475 -0.0500365 2.08093
-0.0321582 0.455373 2.10914
0.0156536 0.197453 2.14322
0.0566797 0.00223122 2.11383
0.0556476 -0.0487178 2.10628
-0.256068 -0.00986089 2.1351
-0.227779 -0.321975 2.27217
-0.176049 -0.611478 2.37113
-0.169886 -0.688934 2.30852
-0.108492 -0.0046903 2.15205
-0.0578525 -0.334473 2.05056
-0.0235365 -0.67195 1.99341
-0.0217636 -0.75162 1.90062
-0.19833 0.502492 2.10478
-0.445598 -0.121627 2.09482
-0.464608 -0.0616641 2.04726
0.0660823 -0.124966 2.12352
0.0128143 -0.0757798 2.07855
-0.181157 -0.0167591 2.14878
-0.188283 0.279968 2.12299
-0.195075 0.56653 2.08282
-0.193988 0.711021 2.05096
-0.351785 0.437671 2.06744
-0.39349 0.182958 2.0966
-0.445216 -0.00989929 2.08162
-0.447715 -0.0546631 2.06923
-0.025242 0.448075 2.09758
0.0207376 0.19106 2.12157
0.0628597 -0.00368885 2.08989
0.0633427 -0.0519974 2.07965
-0.251968 -0.0192197 2.10569
-0.223857 -0.324127 2.2543
-0.175023 -0.613943 2.36987
-0.169513 -0.691926 2.30886
-0.104506 -0.0137427 2.12228
-0.0566726 -0.33946 2.03396
-0.0247847 -0.671818 1.99191
-0.0215849 -0.751397 1.90108
-0.193437 0.496375 2.09542
-0.443169 -0.126536 2.08106
-0.462282 -0.0658316 2.03065
0.0745284 -0.128393 2.08709
0.0177569 -0.0701693 2.0514
-0.178391 -0.0179872 2.13729
-0.185246 0.279101 2.11225
-0.191436 0.565789 2.07487
-0.189584 0.710566 2.04656
-0.348458 0.43516 2.05751
-0.392045 0.18 2.08561
-0.443391 -0.0129322 2.06927
-0.443647 -0.0526841 2.0558
-0.0217183 0.446336 2.08727
0.0244413 0.189302 2.10477
0.0723512 -0.00287619 2.06383
0.0727291 -0.0506159 2.05057
-0.249013 -0.020655 2.0934
-0.221381 -0.322734 2.2464
-0.174011 -0.612961 2.36848
-0.169069 -0.692681 2.3134
-0.101969 -0.014728 2.11158
-0.0548286 -0.34207 2.02706
-0.0253265 -0.672723 1.99112
-0.0212759 -0.751576 1.90282
-0.189983 0.4956 2.08641
-0.441185 -0.119691 2.06192
-0.464072 -0.040313 2.0324
0.083449 -0.129571 2.06046
0.0210659 -0.0500525 2.03569
-0.177613 -0.0180673 2.13443
-0.184608 0.279152 2.10815
-0.190691 0.565883 2.06949
-0.187868 0.711732 2.04372
-0.34699 0.434267 2.05003
-0.391698 0.179793 2.07426
-0.441738 -0.0132182 2.05126
-0.441975 -0.0541239 2.03476
-0.0212111 0.445981 2.08006
0.0259163 0.189758 2.09513
0.077845 -0.00016251 2.04734
0.0803847 -0.047699 2.03441
-0.248281 -0.0208023 2.09078
-0.220627 -0.322475 2.2444
-0.173251 -0.614045 2.36784
-0.171683 -0.694259 2.31476
-0.101162 -0.014739 2.10847
-0.0543475 -0.342021 2.02388
-0.0263824 -0.671172 1.99304
-0.0214032 -0.751203 1.90262
-0.189323 0.495694 2.08129
-0.441035 -0.123486 2.04506
-0.458178 -0.0671556 1.99973
0.0895338 -0.127479 2.03821
0.0476136 -0.0484656 2.01915
-0.182043 -0.0175751 2.14116
-0.187503 0.279102 2.11081
-0.192252 0.565485 2.06949
-0.189294 0.711716 2.0429
-0.348649 0.434706 2.05159
-0.391607 0.180161 2.07287
-0.438507 -0.012454 2.03706
-0.433092 -0.0502139 2.02402
-0.023469 0.445845 2.07939
0.0240672 0.191859 2.09539
0.0761464 0.00193514 2.04777
0.0728719 -0.0479474 2.05039
-0.25294 -0.0197438 2.09867
-0.220925 -0.324587 2.2469
-0.171624 -0.614464 2.3666
-0.172499 -0.695354 2.31709
-0.105268 -0.0147908 2.11419
-0.0560799 -0.338744 2.02357
-0.0272106 -0.673266 1.99189
-0.0218379 -0.751005 1.90235
-0.191201 0.495366 2.08184
-0.432736 -0.116831 2.02051
-0.451343 -0.0579368 1.98791
0.0777928 -0.120194 2.04657
0.0498376 -0.0414462 2.02124
-0.189752 -0.015032 2.1564
-0.194718 0.279558 2.12061
-0.198436 0.564389 2.07444
-0.195519 0.709217 2.04488
-0.356597 0.436523 2.06214
-0.39308 0.182637 2.08332
-0.433705 -0.0102472 2.03943
-0.426773 -0.0471752 2.03809
-0.0325839 0.447129 2.08958
0.0155224 0.193255 2.11596
0.0631316 0.00101233 2.07486
0.0618094 -0.0484073 2.08545
-0.261042 -0.0172114 2.11602
-0.222785 -0.328374 2.25305
-0.171437 -0.616178 2.37
-0.172244 -0.695981 2.3155
-0.112332 -0.01237 2.12733
-0.0573696 -0.335954 2.02931
-0.0261323 -0.676742 1.98891
-0.0216642 -0.751045 1.90247
-0.197687 0.494603 2.0879
-0.428442 -0.114004 2.03603
-0.441562 -0.0543282 1.99797
0.0684933 -0.116417 2.07735
0.0366395 -0.0470698 2.05928
-0.194043 -0.0107024 2.17558
-0.200913 0.281541 2.13249
-0.205653 0.564314 2.07985
-0.204857 0.709172 2.04937
-0.364667 0.438921 2.07214
-0.398784 0.184104 2.10086
-0.432555 -0.00954302 2.0536
-0.433568 -0.0411576 2.06329
-0.0395558 0.449232 2.09989
0.00852842 0.195069 2.141
0.0541424 0.000578903 2.11503
0.0497214 -0.0429097 2.13063
-0.264774 -0.0140005 2.13443
-0.225401 -0.323928 2.26425
-0.174384 -0.611889 2.37123
-0.173564 -0.689885 2.31005
-0.117137 -0.00700584 2.14738
-0.0549341 -0.332605 2.04477
-0.00792576 -0.664493 2.00586
-0.0180582 -0.742701 1.91331
-0.204708 0.495007 2.09481
-0.437201 -0.109826 2.064
-0.462442 -0.0140932 2.05422
0.0629569 -0.115731 2.13552
0.000920403 -0.0424839 2.09368
-0.197942 -0.00079056 2.19698
-0.20592 0.288551 2.14461
-0.211481 0.568495 2.08368
-0.212645 0.713188 2.05045
-0.370232 0.444131 2.0765
-0.405404 0.188359 2.11371
-0.445115 -0.00638879 2.08185
-0.453119 -0.0335417 2.09368
-0.0470326 0.457378 2.10794
0.00421729 0.206772 2.16533
0.0543154 0.0128014 2.15462
0.0523778 -0.017471 2.16784
-0.268777 -0.00500534 2.15528
-0.2316 -0.304685 2.27694
-0.178873 -0.601916 2.36965
-0.172181 -0.680653 2.30288
-0.120844 0.0034519 2.16919
-0.0658965 -0.31605 2.10756
0.00620534 -0.641139 2.13441
0.0049029 -0.714521 2.03504
-0.210362 0.499822 2.10057
-0.458239 -0.106178 2.10474
-0.477212 -0.00677879 2.07671
0.066669 -0.0973473 2.18044
-0.000237088 -0.0203372 2.1325
-0.199661 0.00633273 2.21051
-0.208135 0.292772 2.14944
-0.214243 0.570846 2.08256
-0.215791 0.715218 2.04891
-0.372269 0.446985 2.07546
-0.40921 0.191989 2.11784
-0.455568 -0.00212077 2.0977
-0.462942 -0.0348854 2.11024
-0.04975 0.461976 2.11071
0.0032513 0.214271 2.1745
0.0570115 0.021467 2.17196
0.0571232 -0.0119755 2.18661
-0.270518 0.000513261 2.16685
-0.236009 -0.290697 2.28462
-0.182747 -0.591621 2.37105
-0.173108 -0.680759 2.30329
-0.122511 0.0120529 2.18474
-0.0758326 -0.30326 2.1638
-0.00079632 -0.603426 2.28278
-0.0127335 -0.68457 2.21289
-0.212764 0.502358 2.1008
-0.468768 -0.106577 2.12688
-0.483164 -0.0477696 2.08217
0.0735146 -0.0941928 2.20648
-0.00498868 0.00551342 2.16067
-0.199809 0.0114146 2.22759
-0.209187 0.295352 2.15507
-0.216021 0.57153 2.08027
-0.218117 0.715614 2.04647
-0.373223 0.447878 2.07307
-0.410793 0.193572 2.11968
-0.458357 -0.000438754 2.10871
-0.461792 -0.0371452 2.1226
-0.0507131 0.46515 2.11158
0.00467826 0.21845 2.18119
0.0584927 0.0257645 2.18079
0.0588627 -0.0117138 2.1963
-0.270321 0.00482681 2.18378
-0.235837 -0.285735 2.29611
-0.182349 -0.584695 2.37344
-0.169779 -0.680361 2.31117
-0.12307 0.0176772 2.20188
-0.0824312 -0.290271 2.23416
-0.0161195 -0.563277 2.41709
-0.0156723 -0.652706 2.33646
-0.213943 0.503178 2.10042
-0.468448 -0.10748 2.13799
-0.480215 -0.0511335 2.09214
0.0713962 -0.0947088 2.21662
0.0278741 -0.0305086 2.18315
-0.19746 0.0139286 2.24156
-0.208384 0.297112 2.16184
-0.216294 0.571822 2.07935
-0.218818 0.715631 2.04517
-0.373077 0.448212 2.07191
-0.410045 0.192984 2.12168
-0.452825 -0.00194836 2.12003
-0.448947 -0.0375999 2.12758
-0.0510158 0.466192 2.11184
0.00543276 0.218984 2.18439
0.0592034 0.0263004 2.18418
0.0592104 -0.0131772 2.19795
-0.267841 0.00742969 2.19879
-0.232716 -0.274589 2.30606
-0.186853 -0.57797 2.37667
-0.17022 -0.6337 2.25885
-0.120965 0.0200084 2.21487
-0.0853869 -0.2603 2.30034
-0.045089 -0.526608 2.56039
-0.00750732 -0.610352 2.50586
-0.21417 0.503634 2.10055
-0.454503 -0.108543 2.14876
-0.470178 -0.0493129 2.09557
0.0702821 -0.093448 2.22467
0.0267116 -0.0258352 2.19271
-0.189766 0.0140943 2.26096
-0.203324 0.297417 2.1751
-0.215138 0.571656 2.08083
-0.218129 0.715192 2.04605
-0.3701 0.447956 2.07561
-0.40339 0.192238 2.12987
-0.440435 -0.00417347 2.11886
-0.431592 -0.0448247 2.12075
-0.0502774 0.466567 2.11393
0.00734078 0.218275 2.18708
0.0589293 0.0249768 2.18645
0.0600117 -0.0157835 2.1958
-0.261259 0.00882907 2.21792
-0.234639 -0.267079 2.31316
-0.189863 -0.573579 2.37849
-0.169726 -0.67632 2.31072
-0.112418 0.0189082 2.23451
-0.0881671 -0.227862 2.39075
-0.0641054 -0.480809 2.665
-0.0306865 -0.568445 2.66671
-0.212228 0.503919 2.1052
-0.432995 -0.114148 2.14262
-0.442674 -0.052583 2.07973
0.0657627 -0.0956443 2.2169
0.0265758 -0.0249363 2.19273
-0.18261 0.0176535 2.28035
-0.19635 0.299303 2.19175
-0.208845 0.571757 2.09198
-0.213005 0.715754 2.0584
-0.363094 0.449425 2.08765
-0.395375 0.193684 2.13619
-0.43327 -0.00230691 2.11491
-0.425335 -0.0432145 2.11561
-0.0455074 0.467709 2.12388
0.0100904 0.21749 2.19337
0.0595321 0.0233962 2.18649
0.0621937 -0.0185269 2.19542
-0.254709 0.011919 2.23673
-0.233616 -0.261611 2.32159
-0.188027 -0.586565 2.3827
-0.171305 -0.676239 2.30972
-0.10491 0.0228635 2.25448
-0.0807018 -0.229173 2.46109
-0.0641532 -0.504208 2.71509
-0.0349395 -0.58202 2.70208
-0.205766 0.504847 2.1188
-0.426445 -0.118538 2.14018
-0.433727 -0.0510483 2.07288
0.0680315 -0.0991389 2.22415
0.0283751 -0.0268213 2.19013
-0.180255 0.0208977 2.29565
-0.190808 0.301842 2.20768
-0.199691 0.573463 2.10845
-0.20521 0.716969 2.07197
-0.355101 0.451349 2.09967
-0.388425 0.195276 2.14384
-0.427011 0.000171215 2.11289
-0.420696 -0.0396333 2.11532
-0.0370729 0.469937 2.14418
0.0170884 0.22129 2.21057
0.0643343 0.0266448 2.19559
0.0692 -0.0165113 2.20696
-0.252283 0.0156856 2.25221
-0.230579 -0.258552 2.33186
-0.191214 -0.582111 2.38451
-0.171639 -0.675877 2.30983
-0.102753 0.0255156 2.26963
-0.0822552 -0.2325 2.46639
-0.0717801 -0.502294 2.7245
-0.0409974 -0.579866 2.71053
-0.197685 0.506912 2.13528
-0.424563 -0.113084 2.13649
-0.428929 -0.0560346 2.07744
0.0756497 -0.0926872 2.22498
0.0333196 -0.0146364 2.21383
-0.179013 0.0228304 2.30775
-0.187186 0.304134 2.22272
-0.193619 0.576266 2.12645
-0.197292 0.719224 2.08823
-0.348345 0.456282 2.11796
-0.380014 0.198299 2.15666
-0.409378 0.00117978 2.12897
-0.406514 -0.0336587 2.13182
-0.0314192 0.473313 2.16356
0.0229934 0.222357 2.23544
0.0732019 0.0284766 2.22189
0.073205 -0.0138514 2.24156
-0.2507 0.0178057 2.2622
-0.229222 -0.260172 2.3381
-0.192261 -0.578455 2.38407
-0.172097 -0.676993 2.31106
-0.101974 0.0271056 2.28385
-0.0828798 -0.234914 2.46849
-0.0755303 -0.498137 2.72181
-0.0446735 -0.574355 2.71305
-0.192257 0.50961 2.15257
-0.410548 -0.107714 2.14784
-0.431485 -0.0407958 2.11027
0.0806186 -0.0902972 2.26044
0.0407994 -0.0219229 2.23561
-0.179018 0.0224833 2.30951
-0.187244 0.304483 2.22722
-0.193961 0.577756 2.13455
-0.196817 0.720821 2.09646
-0.349101 0.458529 2.12924
-0.378379 0.199165 2.16676
-0.404009 0.00122739 2.14255
-0.408147 -0.0319884 2.14786
-0.0309353 0.47424 2.17047
0.0221255 0.222435 2.24418
0.070769 0.0282542 2.23916
0.0664092 -0.013331 2.25831
-0.250635 0.017901 2.2641
-0.229095 -0.260795 2.33893
-0.191963 -0.579087 2.38471
-0.172032 -0.678477 2.31375
-0.102047 0.02633 2.28554
-0.0931166 -0.234896 2.43102
-0.0777813 -0.486137 2.70727
-0.0449426 -0.572341 2.71271
-0.192511 0.51079 2.15972
-0.411887 -0.108746 2.16476
-0.433787 -0.0408121 2.12353
0.0755792 -0.0926527 2.28675
0.0423185 -0.0178752 2.23386
-0.179664 0.0217004 2.30862
-0.188267 0.304527 2.22855
-0.196564 0.578899 2.13907
-0.198922 0.721929 2.10091
-0.351583 0.458679 2.13368
-0.383633 0.197123 2.17481
-0.417173 0.000481926 2.15059
-0.424728 -0.0348263 2.16227
-0.0324769 0.474651 2.17316
0.0196786 0.221422 2.24737
0.0666217 0.0268458 2.2429
0.0581398 -0.0151121 2.25157
-0.251047 0.0172262 2.26396
-0.229202 -0.261004 2.33924
-0.192135 -0.578244 2.38541
-0.172272 -0.678057 2.31215
-0.102924 0.0254302 2.28365
-0.0913152 -0.231061 2.37849
-0.0764443 -0.473531 2.66209
-0.0615578 -0.531791 2.54409
-0.194671 0.511615 2.16333
-0.421572 -0.109351 2.17858
-0.436541 -0.0488201 2.12567
0.0635326 -0.0956329 2.28216
0.0274419 -0.0404138 2.24192
-0.181211 0.0209141 2.30319
-0.190262 0.304618 2.228
-0.200088 0.579446 2.14135
-0.202454 0.722708 2.1031
-0.355917 0.458506 2.13546
-0.390888 0.197677 2.17949
-0.429795 0.00176324 2.162
-0.436823 -0.0343705 2.17593
-0.0356663 0.475262 2.17494
0.0174279 0.221072 2.24647
0.0606432 0.0255278 2.23829
0.0509519 -0.0130034 2.23629
-0.252412 0.0160771 2.25986
-0.228221 -0.261989 2.33729
-0.192067 -0.576688 2.38545
-0.173802 -0.678247 2.30953
-0.104545 0.0251342 2.27674
-0.0910416 -0.237086 2.32683
-0.0775711 -0.475274 2.61386
-0.0449066 -0.582379 2.61716
-0.197712 0.512055 2.16475
-0.433428 -0.104899 2.19455
-0.463638 -0.0143024 2.15536
0.0577229 -0.0966889 2.26502
-0.00209436 0.0210476 2.241
-0.182763 0.0222068 2.29309
-0.193858 0.30691 2.2255
-0.205803 0.583176 2.14448
-0.207617 0.725445 2.10576
-0.359872 0.460464 2.13621
-0.3932 0.198396 2.18079
-0.433338 0.00265684 2.16735
-0.431431 -0.0317233 2.17477
-0.0393613 0.478227 2.17715
0.0145857 0.222527 2.24388
0.0565415 0.0266759 2.2308
0.0440116 -0.00419109 2.22919
-0.253691 0.0161639 2.24986
-0.223661 -0.270497 2.32973
-0.190268 -0.576653 2.38587
-0.172538 -0.68029 2.31864
-0.106298 0.0276075 2.26665
-0.0928397 -0.256725 2.29131
-0.0673996 -0.560483 2.51172
-0.0379523 -0.628851 2.43699
-0.202807 0.515368 2.16644
-0.428895 -0.108755 2.2051
-0.431142 -0.0470754 2.13389
0.0615889 -0.0825866 2.24011
0.000994703 -0.000698326 2.2268
-0.183357 0.0225095 2.28607
-0.196138 0.308418 2.22298
-0.209112 0.585571 2.14549
-0.211072 0.728169 2.10901
-0.36142 0.461693 2.13608
-0.393427 0.198731 2.1805
-0.429113 0.00213923 2.16395
-0.420252 -0.0343744 2.16348
-0.0415206 0.480134 2.17844
0.0131719 0.224587 2.24229
0.0563171 0.0290201 2.22678
0.0465605 -0.002777 2.2258
-0.254129 0.0159363 2.24248
-0.225908 -0.28063 2.32777
-0.189256 -0.57659 2.38533
-0.160198 -0.679432 2.32396
-0.107005 0.0283931 2.26006
-0.0912521 -0.268327 2.27137
-0.0745949 -0.580056 2.42824
-0.0435414 -0.654047 2.36919
-0.205812 0.517498 2.16665
-0.412893 -0.109887 2.18841
-0.421262 -0.0519792 2.12331
0.0678135 -0.0827011 2.24311
0.00163249 -0.0109589 2.21061
-0.183565 0.0213924 2.27794
-0.197418 0.308949 2.22126
-0.211511 0.587383 2.14808
-0.212985 0.730213 2.11291
-0.362359 0.461922 2.13678
-0.392541 0.199317 2.17777
-0.423581 0.00205371 2.15675
-0.41729 -0.0346134 2.15429
-0.042472 0.48046 2.17956
0.0139781 0.225342 2.2408
0.0581852 0.0300591 2.22346
0.0525504 -0.00253783 2.22216
-0.254406 0.0147153 2.23488
-0.227018 -0.284365 2.32593
-0.188345 -0.57756 2.38481
-0.157836 -0.677042 2.31499
-0.107111 0.0274186 2.2514
-0.0879844 -0.284679 2.26137
-0.0615026 -0.584725 2.39488
-0.0457767 -0.662749 2.32167
-0.207807 0.518912 2.168
-0.408546 -0.108256 2.17168
-0.446646 -0.0527503 2.15377
0.074678 -0.0833872 2.24129
0.00423332 -0.00686298 2.19433
-0.180318 0.0212983 2.26637
-0.196881 0.30991 2.21875
-0.2116 0.589602 2.15304
-0.213301 0.732215 2.1187
-0.362392 0.462266 2.13828
-0.390312 0.201054 2.17385
-0.421917 0.00404142 2.1499
-0.419126 -0.0340683 2.1473
-0.0406709 0.481986 2.18033
0.0207475 0.229629 2.23544
0.0672588 0.0349981 2.21483
0.0717256 0.00146139 2.21309
-0.250843 0.0146797 2.22348
-0.223849 -0.289173 2.32108
-0.184581 -0.584364 2.3833
-0.167978 -0.676694 2.30765
-0.104208 0.0273006 2.23949
-0.0851269 -0.291282 2.25825
-0.0509144 -0.588432 2.37742
-0.0460555 -0.670026 2.29491
-0.207961 0.520648 2.17058
-0.410531 -0.10797 2.16297
-0.386316 -0.0512986 2.13138
0.0940159 -0.0812444 2.23873
0.0195884 -0.00464635 2.19632
-0.17554 0.0199848 2.25878
-0.193791 0.310387 2.21545
-0.209517 0.590871 2.15477
-0.212146 0.734299 2.12316
-0.360182 0.461832 2.141
-0.386957 0.201876 2.17282
-0.421089 0.00535619 2.1481
-0.416578 -0.0341789 2.14875
-0.0378773 0.483049 2.18041
0.0291943 0.230094 2.22962
0.0837319 0.0377314 2.20629
0.0888295 0.00472821 2.20458
-0.246454 0.0136523 2.21744
-0.219735 -0.291022 2.31788
-0.181819 -0.585867 2.38215
-0.168311 -0.676888 2.30629
-0.0992257 0.0257193 2.2304
-0.0829116 -0.293798 2.25942
-0.0572656 -0.593725 2.37245
-0.0443229 -0.67069 2.29334
-0.206035 0.521749 2.17143
-0.410828 -0.107544 2.16105
-0.418495 -0.0426023 2.10508
0.10755 -0.0750712 2.22273
0.028525 0.0127942 2.19135
-0.170101 0.0200739 2.25132
-0.189145 0.311813 2.21156
-0.205825 0.593238 2.15607
-0.20892 0.738342 2.12716
-0.356816 0.461763 2.14223
-0.381456 0.202291 2.17391
-0.418236 0.00632742 2.14841
-0.407908 -0.0327118 2.15321
-0.0316491 0.485337 2.17903
0.0371599 0.231698 2.22127
0.0948595 0.0402776 2.19768
0.0981939 0.00516089 2.195
-0.241009 0.0139778 2.21006
-0.213278 -0.289644 2.3135
-0.180017 -0.586453 2.38059
-0.169474 -0.677688 2.30434
-0.0939411 0.025583 2.22292
-0.0783733 -0.293887 2.26541
-0.0556009 -0.59619 2.37199
-0.0404342 -0.66998 2.29445
-0.202196 0.524011 2.17179
-0.402116 -0.103421 2.16202
-0.437243 -0.0360397 2.15122
0.112209 -0.074974 2.21484
0.0327709 0.0213885 2.17617
-0.165715 0.0197778 2.24804
-0.184432 0.312474 2.20855
-0.201566 0.594822 2.1554
-0.206135 0.740555 2.12828
-0.352562 0.462523 2.14195
-0.375688 0.2026 2.17359
-0.411995 0.00632048 2.15134
-0.404338 -0.033264 2.15388
-0.0270425 0.486215 2.17598
0.0428523 0.231624 2.21527
0.100129 0.0402423 2.18937
0.102362 0.00528261 2.18494
-0.236807 0.0139485 2.20718
-0.210495 -0.289237 2.31239
-0.178326 -0.588267 2.38128
-0.169422 -0.677686 2.30436
-0.0894904 0.024995 2.21921
-0.0740736 -0.294209 2.27576
-0.0558881 -0.595361 2.37178
-0.0398314 -0.670507 2.29832
-0.197682 0.525527 2.17065
-0.399275 -0.102865 2.16619
-0.430543 -0.0425069 2.14077
0.11658 -0.0752715 2.20635
0.039392 0.0231268 2.18141
-0.161283 0.0195613 2.24511
-0.179637 0.312806 2.20602
-0.196438 0.595808 2.15437
-0.201888 0.74162 2.1282
-0.348914 0.463149 2.1422
-0.372189 0.202938 2.17359
-0.409323 0.00687897 2.15029
-0.404039 -0.0324366 2.14909
-0.0209224 0.486566 2.17251
0.0465193 0.233082 2.20925
0.103039 0.0416358 2.18129
0.101256 0.00395811 2.18053
-0.232629 0.0142814 2.20469
-0.206372 -0.287818 2.31125
-0.176635 -0.588855 2.38047
-0.17039 -0.678249 2.30548
-0.0848561 0.024178 2.21572
-0.0703004 -0.291902 2.28552
-0.0558392 -0.591498 2.37223
-0.0365801 -0.670903 2.29952
-0.192559 0.526432 2.1693
-0.398026 -0.103143 2.16372
-0.407788 -0.0439122 2.11106
0.115442 -0.0800738 2.19901
0.0419368 0.0211547 2.1745
-0.158511 0.0190121 2.24387
-0.175965 0.312546 2.2052
-0.191691 0.595929 2.15444
-0.197808 0.741959 2.12769
-0.346496 0.463085 2.14294
-0.37059 0.204183 2.17391
-0.408493 0.0084899 2.14752
-0.406007 -0.0292462 2.14353
-0.0185028 0.485998 2.1706
0.0480712 0.232982 2.20676
0.0992742 0.0399824 2.17933
0.0897609 0.00268274 2.18351
-0.229867 0.0140996 2.20394
-0.203177 -0.286338 2.31039
-0.176596 -0.588033 2.37936
-0.170359 -0.67863 2.30623
-0.082141 0.0232685 2.21405
-0.0673991 -0.290606 2.29465
-0.0546747 -0.58661 2.3739
-0.0342094 -0.670422 2.29861
-0.188053 0.526484 2.16915
-0.40059 -0.100812 2.15567
-0.429704 -0.0361443 2.13238
0.101569 -0.0808695 2.19673
0.0388649 0.0143535 2.1614
-0.153421 0.0177643 2.24336
-0.172227 0.312171 2.20507
-0.188929 0.596219 2.15471
-0.195136 0.742269 2.12828
-0.3435 0.463248 2.14402
-0.370026 0.205208 2.1744
-0.409362 0.0100052 2.14571
-0.410277 -0.030478 2.14533
-0.015935 0.484962 2.169
0.048269 0.232972 2.20622
0.0938061 0.0383753 2.18088
0.0793817 0.00100369 2.18674
-0.224559 0.0129902 2.20377
-0.200924 -0.285406 2.30975
-0.17643 -0.587827 2.37867
-0.170765 -0.679042 2.30786
-0.0774396 0.0219347 2.21325
-0.0653329 -0.289663 2.29922
-0.0528039 -0.583127 2.37427
-0.0322317 -0.670205 2.29766
-0.18507 0.526643 2.16935
-0.401251 -0.102368 2.15433
-0.431325 -0.0450157 2.12239
0.092367 -0.0784789 2.2023
0.04174 -0.00116322 2.16626
-0.149687 0.0171021 2.24297
-0.169343 0.312169 2.20572
-0.186714 0.596891 2.15658
-0.19104 0.741873 2.13098
-0.340553 0.463426 2.14547
-0.369586 0.20581 2.17563
-0.411248 0.0111383 2.14666
-0.41243 -0.0277545 2.1505
-0.0128389 0.484238 2.17047
0.0490874 0.231948 2.2066
0.0913437 0.036557 2.18201
0.0823914 0.00186955 2.18888
-0.220791 0.0124978 2.20341
-0.200535 -0.284779 2.309
-0.175671 -0.588879 2.38008
-0.170814 -0.679013 2.3082
-0.0738912 0.0211366 2.21285
-0.0641933 -0.290229 2.30115
-0.0507558 -0.581688 2.37463
-0.0313474 -0.669821 2.2969
-0.18269 0.527146 2.1709
-0.406276 -0.102259 2.15618
-0.437297 -0.023921 2.13223
0.0972075 -0.0815003 2.20706
0.0401719 -0.0136714 2.17714
-0.148994 0.0170081 2.24305
-0.168374 0.312287 2.20646
-0.185151 0.597358 2.15864
-0.189059 0.742945 2.13323
-0.338543 0.463917 2.14617
-0.36871 0.206016 2.17717
-0.411913 0.0115804 2.14949
-0.412094 -0.0266392 2.15937
-0.0109085 0.484384 2.17204
0.0508867 0.231985 2.20911
0.0977724 0.0376192 2.18528
0.0976192 0.00243436 2.19162
-0.220162 0.0124832 2.20329
-0.200377 -0.284598 2.30899
-0.175508 -0.588099 2.37964
-0.171384 -0.678468 2.31598
-0.0731615 0.0209859 2.21307
-0.0642843 -0.289744 2.30124
-0.0504797 -0.58104 2.3752
-0.0306602 -0.66968 2.29639
-0.181278 0.52752 2.17259
-0.405627 -0.103074 2.17243
-0.439306 -0.0165704 2.15575
0.112873 -0.0821281 2.20756
0.0394219 0.00789769 2.174
-0.14955 0.0172893 2.24337
-0.168082 0.31265 2.20764
-0.183577 0.597893 2.16141
-0.186903 0.742964 2.1358
-0.336907 0.464526 2.14726
-0.367869 0.206545 2.1791
-0.411805 0.0122329 2.15199
-0.410774 -0.0262236 2.15759
-0.00919127 0.484606 2.17418
0.0529568 0.231642 2.21188
0.104219 0.0383347 2.18917
0.106491 0.00434186 2.19447
-0.220795 0.0130368 2.20328
-0.200164 -0.284052 2.30879
-0.176002 -0.587812 2.37926
-0.170582 -0.679016 2.31158
-0.073808 0.0210193 2.21386
-0.0640787 -0.289225 2.30187
-0.0506038 -0.581453 2.37557
-0.0304004 -0.669585 2.29661
-0.180045 0.528027 2.17496
-0.406163 -0.0976709 2.16621
-0.427442 -0.0400752 2.12767
0.117098 -0.0803574 2.21398
0.0411427 0.0263254 2.17212
-0.149194 0.0177366 2.24462
-0.167243 0.313342 2.20964
-0.182885 0.598741 2.16361
-0.185277 0.743157 2.13767
-0.334767 0.465087 2.14804
-0.367379 0.206992 2.18042
-0.411225 0.0126566 2.15332
-0.410856 -0.026879 2.15668
-0.0081835 0.484826 2.17632
0.0542331 0.231725 2.21526
0.108456 0.0391775 2.19365
0.10745 0.00396257 2.20077
-0.220493 0.0135137 2.20403
-0.200131 -0.283337 2.30826
-0.176129 -0.587049 2.37869
-0.170552 -0.67942 2.30931
-0.0733161 0.021429 2.2158
-0.0636997 -0.287776 2.30266
-0.0503243 -0.580616 2.37548
-0.0310414 -0.669638 2.29707
-0.179272 0.528845 2.17715
-0.406633 -0.0971714 2.16373
-0.428955 -0.0375312 2.12461
0.115239 -0.080627 2.2218
0.0460535 0.0235947 2.19317
