-0.168904 0.25331 2.50344
-0.194329 0.563523 2.43155
-0.218109 0.857481 2.35266
-0.225603 0.966941 2.25805
-0.396028 0.762822 2.41625
-0.428364 0.499079 2.54108
-0.445924 0.232696 2.53482
-0.443674 0.134282 2.52964
-0.0324513 0.773675 2.41454
0.059732 0.506862 2.55048
0.107409 0.246078 2.54256
0.106511 0.160123 2.54219
-0.250785 0.246518 2.46684
-0.240915 -0.157037 2.50119
-0.203101 -0.504553 2.72845
-0.226784 -0.58446 2.65392
-0.0817561 0.25224 2.46304
-0.0222233 -0.238301 2.35889
0.0339132 -0.584534 2.24854
0.0568286 -0.628949 2.13519
-0.212529 0.786294 2.37383
-0.426526 0.0358243 2.54855
-0.414056 0.0343793 2.551
0.100223 0.0757896 2.5604
0.126896 0.15519 2.5091
-0.159149 0.236518 2.49598
-0.189619 0.546438 2.42563
-0.217588 0.845962 2.34329
-0.224569 0.948363 2.26104
-0.393472 0.744061 2.41931
-0.42745 0.485543 2.53343
-0.447373 0.219259 2.52262
-0.441968 0.133188 2.5072
-0.0324014 0.755154 2.41268
0.0531529 0.50336 2.54988
0.0869355 0.263955 2.54175
0.0841965 0.190686 2.52981
-0.240632 0.227017 2.46084
-0.238427 -0.166567 2.48345
-0.193564 -0.501827 2.71245
-0.227165 -0.586351 2.64897
-0.0727099 0.238755 2.45408
-0.0162285 -0.232246 2.34193
0.0376517 -0.575134 2.28664
0.0626708 -0.632509 2.15752
-0.210893 0.772706 2.36615
-0.42304 0.0384343 2.5321
-0.417628 0.108321 2.5104
0.075508 0.0961156 2.53946
0.0622053 0.174206 2.479
-0.152918 0.302372 2.54854
-0.182247 0.598421 2.42699
-0.209088 0.88729 2.30233
-0.213503 0.977019 2.21039
-0.383115 0.799832 2.38132
-0.422477 0.548206 2.5228
-0.442516 0.301779 2.53277
-0.443546 0.204148 2.54755
-0.0263609 0.808843 2.37688
0.069125 0.559553 2.50171
0.105988 0.29728 2.46566
0.092313 0.220249 2.44233
-0.233837 0.289546 2.51146
-0.219602 -0.127119 2.62293
-0.197483 -0.498526 2.73573
-0.226559 -0.582527 2.6569
-0.0673592 0.306096 2.50888
-0.0335296 -0.123325 2.65967
-0.0165639 -0.460116 2.87946
0.0131226 -0.544434 2.82422
-0.203218 0.816858 2.33712
-0.427728 0.106793 2.57455
-0.419582 0.15068 2.55733
0.0884648 0.12819 2.45432
0.0425607 0.262453 2.4811
-0.150987 0.308064 2.58558
-0.174719 0.599963 2.44455
-0.194612 0.880356 2.2951
-0.198853 0.965775 2.20206
-0.368369 0.806864 2.38357
-0.412594 0.557741 2.54684
-0.437291 0.309068 2.56891
-0.43201 0.211192 2.58706
-0.0149788 0.803538 2.37138
0.0674458 0.552609 2.49121
0.0800971 0.285187 2.45728
0.0676543 0.207697 2.45062
-0.231537 0.301991 2.54872
-0.216575 -0.111197 2.64371
-0.200911 -0.491663 2.74291
-0.224724 -0.580089 2.65554
-0.0659118 0.305025 2.54596
-0.0556723 -0.0821323 2.76138
-0.0654981 -0.410322 3.05657
-0.0407285 -0.494587 3.03308
-0.190379 0.812047 2.33477
-0.416797 0.126343 2.61034
-0.404304 0.197952 2.57753
0.0585684 0.129115 2.45507
0.0401578 0.191856 2.42611
-0.159226 0.308907 2.55388
-0.184789 0.604892 2.44047
-0.211935 0.890382 2.31158
-0.214698 0.97979 2.22125
-0.384429 0.809088 2.39237
-0.428178 0.556841 2.53428
-0.449926 0.294826 2.53495
-0.45214 0.198997 2.52285
-0.0274855 0.814647 2.39239
0.0566554 0.560284 2.55755
0.0989024 0.320208 2.58418
0.101041 0.244065 2.60453
-0.240374 0.293445 2.51539
-0.226852 -0.122313 2.62392
-0.201039 -0.497461 2.74027
-0.224504 -0.580995 2.65303
-0.0732948 0.315002 2.51531
-0.0304256 -0.136737 2.52999
-0.0363037 -0.516484 2.65818
-0.0154266 -0.600098 2.56836
-0.205041 0.820538 2.34526
-0.433809 0.102492 2.54796
-0.427772 0.174515 2.52423
0.104125 0.161825 2.63359
0.0562592 0.275314 2.51833
-0.17225 0.269074 2.5105
-0.205461 0.574155 2.43008
-0.23753 0.86496 2.33739
-0.249737 0.960326 2.25092
-0.413922 0.770474 2.42199
-0.441944 0.517259 2.53638
-0.454496 0.265631 2.51113
-0.446089 0.15997 2.49956
-0.0526311 0.79041 2.4153
0.0439774 0.537908 2.58482
0.087506 0.30223 2.60506
0.0791704 0.200491 2.61774
-0.253122 0.257142 2.47396
-0.252236 -0.142265 2.51406
-0.203731 -0.497466 2.72529
-0.222896 -0.585231 2.64524
-0.0860621 0.272592 2.46987
-0.02396 -0.20644 2.35851
0.0319595 -0.560898 2.26987
0.0557279 -0.602248 2.14316
-0.229736 0.794142 2.36238
-0.433327 0.0618772 2.50357
-0.406313 0.137829 2.47465
0.0681242 0.114408 2.6419
0.0816457 0.180758 2.63533
-0.178274 0.244368 2.50325
-0.20936 0.549301 2.43529
-0.237675 0.843701 2.35605
-0.262186 0.94025 2.27167
-0.41321 0.751085 2.45038
-0.439973 0.491582 2.56861
-0.460135 0.223615 2.55176
-0.445281 0.137936 2.53727
-0.0545084 0.764439 2.42158
0.0502184 0.510122 2.58497
0.09536 0.254451 2.60514
0.0898006 0.179262 2.60951
-0.259833 0.235259 2.47181
-0.263319 -0.15816 2.49549
-0.204046 -0.495962 2.71612
-0.226534 -0.58404 2.65147
-0.0911633 0.245993 2.4577
-0.0276912 -0.235143 2.36471
0.0217688 -0.590267 2.29411
0.039772 -0.634443 2.18392
-0.231037 0.771708 2.37811
-0.437505 0.0471514 2.5694
-0.354653 0.144471 2.43613
0.0792412 0.0975663 2.6519
0.118817 0.177107 2.59111
-0.160867 0.306506 2.57176
-0.189594 0.595393 2.4397
-0.214051 0.879803 2.30285
-0.220019 0.963192 2.20793
-0.385825 0.804997 2.39043
-0.427614 0.555539 2.54402
-0.444459 0.302024 2.55293
-0.439299 0.217162 2.5648
-0.0322986 0.807384 2.38498
0.0713328 0.566648 2.54789
0.117758 0.306891 2.56746
0.117155 0.225305 2.56629
-0.241942 0.295646 2.53487
-0.226151 -0.125625 2.63785
-0.201671 -0.501412 2.73815
-0.223582 -0.581358 2.65257
-0.0749948 0.308237 2.53188
-0.0320272 -0.15365 2.60767
-0.0193352 -0.501168 2.74616
-0.000693321 -0.587891 2.6582
-0.208653 0.810247 2.34073
-0.425681 0.125305 2.59652
-0.413216 0.217339 2.55933
0.110232 0.14062 2.59722
0.154348 0.226507 2.54364
-0.153807 0.313925 2.61529
-0.176059 0.593731 2.44975
-0.20002 0.863799 2.26854
-0.199923 0.935557 2.17146
-0.371741 0.800887 2.36944
-0.418831 0.562904 2.54706
-0.442461 0.328675 2.58994
-0.434669 0.225321 2.61605
-0.0188156 0.795276 2.36011
0.0792108 0.550639 2.52108
0.116195 0.284858 2.53266
0.109674 0.212542 2.5328
-0.234862 0.306858 2.57795
-0.218968 -0.116717 2.6669
-0.202036 -0.494986 2.74644
-0.222616 -0.580357 2.65622
-0.0682175 0.311764 2.57575
-0.0533232 -0.0947269 2.7567
-0.0596566 -0.433346 3.01406
-0.0332732 -0.516596 2.96626
-0.195514 0.799622 2.31755
-0.420274 0.135964 2.65579
-0.404708 0.219668 2.59542
0.0988495 0.125775 2.56836
0.121508 0.196865 2.49003
-0.15715 0.30507 2.56824
-0.179774 0.592401 2.436
-0.201621 0.865994 2.27878
-0.205142 0.948762 2.18742
-0.37369 0.800463 2.37116
-0.419223 0.556654 2.53753
-0.436555 0.30399 2.55872
-0.431134 0.201816 2.55636
-0.020439 0.799704 2.37086
0.0747686 0.559174 2.53961
0.114562 0.30368 2.55721
0.114518 0.228996 2.57121
-0.238976 0.292759 2.52943
-0.225128 -0.123809 2.62012
-0.199589 -0.496602 2.74399
-0.224534 -0.582038 2.65927
-0.0706272 0.308206 2.53015
-0.0367045 -0.134993 2.56327
-0.0439293 -0.518669 2.71825
-0.0138702 -0.597656 2.62109
-0.195793 0.798775 2.31893
-0.412699 0.110203 2.59548
-0.40541 0.157441 2.57833
0.108949 0.145462 2.59101
0.146057 0.247174 2.55653
-0.156629 0.256339 2.49943
-0.187897 0.560053 2.4141
-0.217195 0.849221 2.31327
-0.228168 0.946692 2.22763
-0.392925 0.75945 2.39651
-0.428386 0.512643 2.52097
-0.438128 0.239707 2.50898
-0.430017 0.142765 2.50229
-0.0299676 0.781415 2.40118
0.063431 0.533486 2.57269
0.10739 0.297832 2.59242
0.102916 0.216143 2.59992
-0.238438 0.246602 2.46199
-0.240535 -0.146929 2.50637
-0.197535 -0.502002 2.72548
-0.223132 -0.585667 2.64694
-0.0699897 0.258149 2.45978
-0.0131684 -0.231094 2.36879
0.0363934 -0.581312 2.2885
0.0607886 -0.639932 2.16362
-0.209908 0.778993 2.34012
-0.41108 0.0443447 2.5237
-0.408278 0.1325 2.50129
0.0961944 0.119655 2.61833
0.0688955 0.226341 2.473
-0.147023 0.24207 2.48736
-0.185828 0.544725 2.41167
-0.22124 0.835986 2.3236
-0.241649 0.932506 2.2393
-0.394347 0.739422 2.40698
-0.424429 0.48873 2.52051
-0.431094 0.223357 2.51189
-0.41941 0.130321 2.51033
-0.0354679 0.76991 2.40388
0.0716443 0.530581 2.58463
0.124127 0.297738 2.61075
0.132127 0.206648 2.61928
-0.228011 0.231028 2.45314
-0.229006 -0.156907 2.50176
-0.192425 -0.501866 2.71721
-0.22587 -0.588896 2.64765
-0.061367 0.245636 2.44451
-0.0079268 -0.238587 2.36391
0.0351463 -0.586408 2.32002
0.0582301 -0.642346 2.18739
-0.212623 0.764839 2.34773
-0.399613 0.0393814 2.53662
-0.387287 0.128954 2.49117
0.125246 0.133738 2.64894
0.103279 0.176893 2.61653
-0.129808 0.304618 2.54907
-0.156367 0.59584 2.42564
-0.179182 0.878049 2.29312
-0.187762 0.967809 2.20299
-0.351933 0.798024 2.36947
-0.399368 0.55204 2.5143
-0.412523 0.302322 2.53809
-0.405553 0.211017 2.55796
0.00629082 0.814655 2.38439
0.101453 0.581472 2.5655
0.150336 0.337415 2.58009
0.155163 0.241677 2.5777
-0.211677 0.291391 2.5094
-0.204742 -0.120055 2.61474
-0.196212 -0.501827 2.73271
-0.224577 -0.581247 2.65858
-0.0440165 0.308692 2.51191
-0.00569798 -0.12061 2.61753
-0.0116968 -0.473005 2.84001
0.0188751 -0.554688 2.78125
-0.174193 0.809047 2.32853
-0.393993 0.117943 2.5932
-0.379837 0.188448 2.55856
0.143283 0.155196 2.60752
0.0920871 0.277902 2.52857
-0.0929888 0.328134 2.6448
-0.102776 0.607268 2.49179
-0.11165 0.875972 2.32735
-0.100575 0.959178 2.23751
-0.278417 0.819926 2.41893
-0.342962 0.577838 2.58855
-0.373915 0.34359 2.62757
-0.363421 0.241345 2.65648
0.0788376 0.818325 2.43409
0.159005 0.576717 2.61766
0.191362 0.325669 2.63208
0.183991 0.241447 2.65362
-0.17706 0.324511 2.60417
-0.182323 -0.112611 2.66129
-0.198251 -0.499464 2.73635
-0.222775 -0.578738 2.66178
-0.00621258 0.322286 2.60859
0.0022158 -0.0831636 2.79057
-0.0252279 -0.428143 3.02829
0.0191423 -0.510926 2.98731
-0.109606 0.810459 2.37058
-0.348745 0.151422 2.68711
-0.333743 0.238176 2.63583
0.18053 0.159821 2.67757
0.117291 0.292599 2.61607
-0.10859 0.327459 2.64409
-0.122676 0.61268 2.49895
-0.136356 0.88744 2.34244
-0.14047 0.972117 2.24983
-0.30888 0.820255 2.43265
-0.358619 0.578446 2.5888
-0.387993 0.335916 2.62381
-0.384892 0.222193 2.63313
0.0457589 0.827661 2.43864
0.131582 0.589356 2.63049
0.171084 0.355385 2.66525
0.161984 0.25885 2.67671
-0.191625 0.322947 2.60207
-0.191779 -0.106313 2.67699
-0.202225 -0.497049 2.74451
-0.220082 -0.575179 2.65356
-0.0225013 0.322391 2.60912
-0.00992771 -0.0800303 2.81816
-0.0226098 -0.42409 3.04101
0.0169037 -0.510144 2.99782
-0.133085 0.820433 2.3837
-0.370009 0.128162 2.6742
-0.31298 0.290673 2.57979
0.157147 0.173998 2.71137
0.136673 0.222582 2.6738
-0.132066 0.317202 2.61303
-0.155961 0.611143 2.48233
-0.179552 0.893514 2.33907
-0.205697 0.980711 2.24902
-0.357833 0.813819 2.44144
-0.39155 0.551971 2.58439
-0.4295 0.315068 2.60087
-0.436393 0.206891 2.61474
-0.0034515 0.81836 2.40599
0.105917 0.570694 2.55362
0.152905 0.298089 2.55409
0.149544 0.225285 2.54555
-0.212396 0.309948 2.57884
-0.204333 -0.102169 2.66633
-0.203681 -0.496664 2.74376
-0.218781 -0.576748 2.65246
-0.0478203 0.315173 2.5701
-0.0222946 0.0134464 2.78211
-0.0286888 -0.28683 3.10469
-0.0396562 -0.356794 2.98711
-0.173755 0.824633 2.377
-0.417937 0.108843 2.63987
-0.408122 0.207958 2.59572
0.139623 0.145665 2.58188
0.128416 0.140921 2.581
-0.144111 0.311683 2.58403
-0.17116 0.611394 2.47575
-0.200461 0.899528 2.35155
-0.226847 0.988891 2.26274
-0.374275 0.81329 2.4472
-0.40499 0.546268 2.5877
-0.436349 0.304033 2.59844
-0.43853 0.196019 2.59215
-0.0211565 0.819301 2.41179
0.0940424 0.579246 2.55372
0.146445 0.306935 2.55573
0.140767 0.235779 2.56364
-0.223901 0.298661 2.55239
-0.210939 -0.117129 2.65461
-0.20363 -0.493984 2.74552
-0.220202 -0.575812 2.65407
-0.0600568 0.315358 2.53859
-0.0235214 -0.0961281 2.63297
-0.0455615 -0.458885 2.88698
-0.0152595 -0.53659 2.82265
-0.192971 0.828908 2.38392
-0.419958 0.098387 2.61454
-0.414827 0.155996 2.60218
0.144304 0.152023 2.58904
0.0731561 0.280452 2.51978
-0.157243 0.285797 2.52638
-0.180931 0.596507 2.45572
-0.205047 0.893874 2.36606
-0.217111 0.991029 2.28011
-0.380514 0.800902 2.4418
-0.409772 0.535103 2.55673
-0.429844 0.268517 2.54331
-0.426428 0.175777 2.52937
-0.0167812 0.806328 2.4362
0.0756366 0.544824 2.58203
0.143589 0.297157 2.58442
0.151633 0.192492 2.58559
-0.237588 0.275416 2.49123
-0.224218 -0.143624 2.56988
-0.193831 -0.502015 2.73764
-0.220654 -0.583875 2.6502
-0.0720837 0.287348 2.48457
-0.0206466 -0.209257 2.40195
0.0272775 -0.547019 2.32921
0.0539291 -0.597838 2.19125
-0.198893 0.822079 2.39089
-0.41499 0.0770568 2.54734
-0.353489 0.190814 2.48997
0.150371 0.10699 2.6229
0.132052 0.118747 2.6
-0.1665 0.255685 2.50054
-0.18234 0.565036 2.43547
-0.196204 0.861814 2.35386
-0.202105 0.962894 2.26965
-0.375541 0.770279 2.42821
-0.420438 0.503998 2.53445
-0.44875 0.236634 2.51579
-0.451539 0.151956 2.5082
-0.00867196 0.769189 2.42653
0.0757401 0.507428 2.56247
0.150757 0.236986 2.55659
0.144709 0.155128 2.55086
-0.248384 0.249529 2.46466
-0.237708 -0.153843 2.51694
-0.193381 -0.502991 2.72443
-0.228176 -0.586577 2.65635
-0.0793804 0.254122 2.45946
-0.021483 -0.232724 2.35742
0.0284821 -0.568716 2.30029
0.0514823 -0.611982 2.17295
-0.192986 0.789468 2.37676
-0.441647 0.058283 2.53018
-0.428152 0.158145 2.5043
0.135369 0.0760194 2.57848
0.124952 0.1055 2.57086
-0.151318 0.304065 2.53559
-0.167765 0.596375 2.41871
-0.178609 0.881451 2.28987
-0.176231 0.97067 2.19866
-0.356485 0.802835 2.36499
-0.408639 0.556235 2.51142
-0.436967 0.31264 2.53915
-0.43196 0.216693 2.56865
0.00530038 0.803068 2.3757
0.0873995 0.549159 2.52147
0.135777 0.2873 2.51486
0.133106 0.204873 2.50607
-0.233018 0.293456 2.49581
-0.218488 -0.122917 2.60754
-0.196338 -0.49777 2.73611
-0.22493 -0.580232 2.66129
-0.0650217 0.305539 2.49853
-0.0282458 -0.0893972 2.61901
-0.00255869 -0.400903 2.92995
-0.00249327 -0.467447 2.81033
-0.176274 0.812303 2.32505
-0.420896 0.125891 2.6046
-0.406392 0.21603 2.53481
0.124088 0.115845 2.53177
0.0616993 0.257285 2.50331
-0.133987 0.316721 2.58738
-0.140836 0.605265 2.4479
-0.14656 0.882654 2.29702
-0.138499 0.96783 2.20559
-0.321434 0.810179 2.37156
-0.376395 0.5639 2.53082
-0.40358 0.329841 2.57291
-0.390574 0.228144 2.59265
0.0366392 0.81192 2.3917
0.106773 0.56231 2.55183
0.142561 0.298505 2.55375
0.134448 0.221786 2.56323
-0.216587 0.312686 2.54356
-0.206502 -0.103994 2.63368
-0.199847 -0.494204 2.7362
-0.220652 -0.57924 2.65525
-0.0473729 0.311281 2.55444
-0.0311898 -0.0653878 2.81099
-0.0200174 -0.388357 3.1116
0.00649502 -0.474363 3.09427
-0.145394 0.815077 2.3369
-0.376913 0.134106 2.63437
-0.394975 0.210837 2.54878
0.13377 0.137449 2.58039
0.0697739 0.283037 2.56378
-0.13429 0.313982 2.57689
-0.147195 0.60619 2.4582
-0.163399 0.885423 2.32952
-0.161438 0.985885 2.23589
-0.336812 0.811028 2.39677
-0.384029 0.560196 2.53655
-0.412533 0.308162 2.56047
-0.410705 0.207637 2.56073
0.0255309 0.817591 2.41143
0.0959541 0.567251 2.56837
0.131857 0.311463 2.57581
0.115086 0.223703 2.56636
-0.215358 0.306902 2.53631
-0.206181 -0.106614 2.63528
-0.200813 -0.494007 2.73816
-0.220771 -0.576649 2.65581
-0.0493747 0.311878 2.54007
-0.0177896 -0.0630018 2.70847
-0.0231299 -0.366601 3.02769
0.000657793 -0.474457 3.04057
-0.159263 0.817207 2.36341
-0.393215 0.102499 2.5973
-0.374668 0.170607 2.54406
0.110078 0.133303 2.59322
0.0589804 0.223074 2.54105
-0.152999 0.30904 2.55152
-0.171588 0.610813 2.45283
-0.192689 0.901935 2.34209
-0.193379 1.00465 2.25833
-0.368204 0.806475 2.40361
-0.409641 0.556345 2.51732
-0.422766 0.275882 2.50556
-0.408834 0.194487 2.49184
-0.00355898 0.821617 2.42339
0.079451 0.566111 2.57029
0.127325 0.316668 2.56515
0.132824 0.225752 2.56732
-0.233012 0.297851 2.51147
-0.22255 -0.123786 2.6191
-0.19932 -0.497136 2.73802
-0.222658 -0.580905 2.65676
-0.0683664 0.31092 2.51462
-0.024648 -0.187795 2.47008
-0.00331068 -0.544702 2.48808
0.0204315 -0.601563 2.37109
-0.187498 0.83068 2.37151
-0.397672 0.0894104 2.51854
-0.340022 0.227458 2.471
0.129608 0.1462 2.58305
0.103692 0.214907 2.54963
-0.163465 0.291387 2.52733
-0.179158 0.596061 2.45908
-0.194349 0.884631 2.38539
-0.191859 1.0098 2.29174
-0.373434 0.794693 2.42778
-0.408138 0.536327 2.51955
-0.412566 0.246424 2.4863
-0.395548 0.176006 2.47863
-0.00874116 0.80325 2.44097
0.0694867 0.53857 2.58797
0.118329 0.292363 2.58998
0.112024 0.196397 2.58618
-0.243928 0.28308 2.48833
-0.235454 -0.142908 2.56675
-0.199807 -0.504361 2.73297
-0.221683 -0.588649 2.65545
-0.0780027 0.290741 2.48942
-0.0229817 -0.203635 2.36655
0.0139418 -0.54299 2.30323
0.0446959 -0.594327 2.19293
-0.190965 0.814096 2.40533
-0.394629 0.0702295 2.48955
-0.331849 0.178091 2.44947
0.105993 0.107445 2.62095
0.0835697 0.141216 2.60014
-0.154669 0.305386 2.52382
-0.168854 0.614532 2.45581
-0.181433 0.912073 2.37632
-0.163323 1.04222 2.29729
-0.35542 0.813004 2.41172
-0.398866 0.555742 2.51221
-0.408162 0.280278 2.49796
-0.393649 0.199236 2.48715
0.00541798 0.816116 2.43748
0.0767841 0.552302 2.55927
0.125895 0.302755 2.53374
0.127885 0.209817 2.50947
-0.235075 0.296625 2.48228
-0.221258 -0.132706 2.61135
-0.197194 -0.499381 2.73588
-0.223913 -0.583691 2.66009
-0.0694692 0.30502 2.48851
-0.0314559 -0.154625 2.54584
-0.0361987 -0.518324 2.71588
-0.000891209 -0.598633 2.64844
-0.178529 0.839417 2.39835
-0.385333 0.0936836 2.5136
-0.329718 0.22319 2.46065
0.126052 0.124883 2.52526
0.0593987 0.244195 2.50689
-0.121946 0.31144 2.54137
-0.136431 0.625816 2.46228
-0.1492 0.928076 2.37172
-0.112945 1.06068 2.31304
-0.319311 0.816607 2.38927
-0.371477 0.56477 2.47509
-0.376673 0.273537 2.44041
-0.359869 0.189528 2.43012
0.035816 0.825961 2.45341
0.0937397 0.56774 2.57328
0.140975 0.305022 2.55761
0.138273 0.221554 2.55813
-0.200878 0.304956 2.4915
-0.197817 -0.134 2.63563
-0.199729 -0.49996 2.74061
-0.227121 -0.581011 2.66111
-0.0390621 0.308552 2.51473
-0.0403278 -0.145739 2.66863
-0.0482939 -0.497345 2.82512
-0.019864 -0.569446 2.74719
-0.146247 0.854297 2.3965
-0.343971 0.0993146 2.44822
-0.304626 0.266808 2.4618
0.141699 0.133481 2.56832
0.0745361 0.22218 2.52538
