-0.123305 0.0178932 2.24855
-0.135889 0.312946 2.21443
-0.147591 0.597936 2.16894
-0.148846 0.740638 2.14099
-0.304184 0.467637 2.16094
-0.339484 0.215614 2.19491
-0.388689 0.0221839 2.17314
-0.401044 -0.0234085 2.18106
0.0219865 0.482519 2.17868
0.0783697 0.229327 2.21661
0.123488 0.0360717 2.17857
0.115212 -0.00199499 2.17687
-0.195446 0.0157999 2.20951
-0.181413 -0.284793 2.30139
-0.166638 -0.590306 2.3798
-0.169637 -0.679645 2.30572
-0.0473311 0.0194516 2.21835
-0.0504431 -0.293641 2.31311
-0.0468211 -0.580325 2.3787
-0.0298816 -0.669187 2.29977
-0.144819 0.528131 2.18236
-0.409671 -0.0941004 2.19877
-0.415852 -0.0337101 2.14447
0.120297 -0.0867755 2.19147
0.0875387 -0.016021 2.15968
-0.123512 0.0181007 2.24899
-0.136092 0.313093 2.21474
-0.14775 0.59802 2.16912
-0.149135 0.740351 2.14081
-0.304671 0.467765 2.16137
-0.339848 0.216374 2.19539
-0.390471 0.0232354 2.17534
-0.403966 -0.0224162 2.18347
0.0218528 0.482564 2.17849
0.0781878 0.229479 2.21619
0.123686 0.036241 2.17866
0.118904 -0.00039492 2.18052
-0.195622 0.0159572 2.20985
-0.180848 -0.284678 2.3021
-0.167096 -0.589581 2.37987
-0.169206 -0.679724 2.30519
-0.0475472 0.019685 2.2188
-0.0505339 -0.293813 2.3134
-0.0470043 -0.580517 2.3794
-0.0297517 -0.669254 2.29989
-0.144991 0.52823 2.18258
-0.410647 -0.0931326 2.20395
-0.422187 -0.0333242 2.15425
0.12513 -0.0855899 2.19305
0.0625345 0.0195597 2.18588
-0.124146 0.0183229 2.24917
-0.136431 0.313215 2.21485
-0.147938 0.598115 2.16918
-0.149528 0.739917 2.14022
-0.305162 0.467807 2.16151
-0.34017 0.21689 2.19566
-0.392454 0.024118 2.17791
-0.40539 -0.0242884 2.18447
0.0215105 0.482806 2.17769
0.0782176 0.229917 2.2159
0.125858 0.0371124 2.17901
0.125763 -0.001797 2.18333
-0.196273 0.016196 2.21005
-0.182 -0.284333 2.30222
-0.166991 -0.590337 2.38064
-0.168887 -0.679648 2.3054
-0.0481585 0.019892 2.21889
-0.0507534 -0.293915 2.31353
-0.0462137 -0.579679 2.37941
-0.0298751 -0.669205 2.29987
-0.145204 0.528329 2.18265
-0.411412 -0.0932102 2.20212
-0.426185 -0.0314207 2.15545
0.132573 -0.080932 2.19597
0.0607368 0.0244868 2.18124
-0.124364 0.018375 2.24919
-0.13667 0.313245 2.21471
-0.148245 0.598081 2.16874
-0.150694 0.740101 2.1395
-0.305479 0.467772 2.1614
-0.340472 0.216999 2.19555
-0.393764 0.024442 2.18045
-0.407007 -0.0219164 2.18982
0.0212723 0.482817 2.17731
0.0785415 0.230379 2.21605
0.129412 0.0381725 2.18097
0.13043 -0.00252474 2.18601
-0.196498 0.0162569 2.21013
-0.181619 -0.284113 2.30214
-0.166482 -0.59 2.38108
-0.168986 -0.67987 2.30532
-0.048392 0.0199482 2.2188
-0.0511307 -0.294084 2.31351
-0.0459848 -0.581167 2.3798
-0.0299033 -0.66892 2.3002
-0.145498 0.528322 2.1823
-0.41217 -0.0938039 2.2124
-0.427688 -0.0109814 2.17
0.134943 -0.0794965 2.19797
0.125029 -0.0367545 2.2085
-0.124724 0.0185413 2.24901
-0.136948 0.313262 2.21453
-0.148456 0.597924 2.16848
-0.151586 0.73946 2.13879
-0.306105 0.467594 2.16096
-0.340578 0.217261 2.19506
-0.394206 0.0247756 2.18143
-0.405211 -0.0278449 2.19034
0.0207451 0.482882 2.17653
0.0785833 0.230847 2.21592
0.131413 0.0388521 2.18352
0.130499 -0.00357696 2.18835
-0.196826 0.0163853 2.2099
-0.181583 -0.284241 2.30203
-0.166243 -0.590026 2.38122
-0.169041 -0.679929 2.30478
-0.0487808 0.0201544 2.2186
-0.0514714 -0.294359 2.3135
-0.0454348 -0.58073 2.3792
-0.0294152 -0.669039 2.29979
-0.145723 0.528214 2.18206
-0.413495 -0.0982559 2.21801
-0.420533 -0.0388032 2.15752
0.135152 -0.0811341 2.20134
0.155425 -0.00895305 2.17373
-0.1253 0.018641 2.24882
-0.137464 0.313245 2.21391
-0.148941 0.597757 2.1673
-0.152386 0.739267 2.13775
-0.306367 0.467553 2.16
-0.340536 0.216857 2.1945
-0.394061 0.0243402 2.18112
-0.403028 -0.0308348 2.18387
0.0205133 0.482803 2.17611
0.0784136 0.230872 2.21596
0.131602 0.0389308 2.18397
0.128745 -0.00390106 2.188
-0.197364 0.0164888 2.20979
-0.182602 -0.28367 2.30107
-0.16629 -0.590118 2.38043
-0.16899 -0.680108 2.30499
-0.0494025 0.0202428 2.21824
-0.0511434 -0.293635 2.3133
-0.0453166 -0.580315 2.37847
-0.0291103 -0.669018 2.29979
-0.146226 0.528095 2.18104
-0.409307 -0.100014 2.20769
-0.42143 -0.0376995 2.14457
0.131758 -0.0859885 2.20338
0.154739 -0.000682925 2.17808
-0.126931 0.0186782 2.24807
-0.138677 0.313374 2.21282
-0.149695 0.597968 2.16585
-0.153312 0.739642 2.13546
-0.307325 0.466948 2.15825
-0.341013 0.21629 2.19231
-0.393063 0.023372 2.17767
-0.401823 -0.0297502 2.17717
0.0201868 0.482885 2.17561
0.0776733 0.230882 2.21528
0.130872 0.0388023 2.1846
0.126708 -0.00600723 2.18579
-0.198982 0.0165184 2.20916
-0.184739 -0.280965 2.29856
-0.166965 -0.589644 2.38002
-0.168528 -0.679665 2.30462
-0.0510035 0.0202713 2.21731
-0.0505718 -0.292687 2.31256
-0.0449308 -0.576016 2.37869
-0.027976 -0.669488 2.29872
-0.147103 0.528283 2.17969
-0.405478 -0.0984107 2.20081
-0.41998 -0.0423949 2.14603
0.131842 -0.0859845 2.20461
0.134883 -0.024447 2.14909
-0.129092 0.019052 2.24697
-0.140861 0.313656 2.21068
-0.151738 0.598128 2.16242
-0.154597 0.740266 2.13325
-0.308716 0.467472 2.15642
-0.344446 0.215896 2.18924
-0.395496 0.0227297 2.17337
-0.407132 -0.0284799 2.1742
0.0182112 0.483373 2.17415
0.0758453 0.230917 2.21428
0.128931 0.0386865 2.18474
0.122819 -0.0065132 2.18497
-0.201376 0.0168494 2.20763
-0.184 -0.283686 2.29556
-0.167286 -0.590524 2.37906
-0.169313 -0.680531 2.30447
-0.0528763 0.0206614 2.21658
-0.0521829 -0.294019 2.30891
-0.0459837 -0.577393 2.3771
-0.0271281 -0.669951 2.29762
-0.149197 0.528473 2.1766
-0.410084 -0.0983462 2.1931
-0.42118 -0.0379102 2.13868
0.125948 -0.0870888 2.20215
0.129097 -0.0255465 2.14924
-0.140176 0.0190517 2.2392
-0.149757 0.312522 2.20361
-0.15844 0.595977 2.1562
-0.159834 0.738592 2.12683
-0.315852 0.466917 2.15069
-0.354243 0.214643 2.18598
-0.404388 0.0212644 2.16947
-0.418669 -0.0289533 2.17076
0.00934605 0.481123 2.16884
0.0653096 0.230173 2.21052
0.120163 0.0381171 2.18452
0.110785 -0.00988697 2.18416
-0.213 0.016367 2.19958
-0.191259 -0.29121 2.28882
-0.167585 -0.592274 2.37817
-0.17034 -0.68114 2.30467
-0.0630389 0.0211067 2.20908
-0.0623598 -0.295591 2.26812
-0.0457092 -0.591251 2.37296
-0.0271215 -0.670396 2.29787
-0.156436 0.526557 2.17015
-0.42085 -0.0986455 2.18743
-0.433804 -0.0398785 2.13821
0.115577 -0.0922363 2.20158
0.135857 0.000206527 2.1689
-0.150874 0.0172315 2.23288
-0.16041 0.308861 2.19757
-0.168948 0.590351 2.1505
-0.168037 0.734254 2.11913
-0.327702 0.463599 2.14468
-0.366533 0.211203 2.18455
-0.416127 0.0177878 2.16576
-0.426412 -0.0344829 2.16345
-0.000967383 0.475575 2.16573
0.0531519 0.224846 2.20697
0.108639 0.0328015 2.1834
0.0992398 -0.0161441 2.18021
-0.224095 0.0126768 2.19369
-0.201492 -0.297979 2.28094
-0.167436 -0.600154 2.37681
-0.170802 -0.680602 2.30496
-0.073057 0.0211743 2.20237
-0.0678312 -0.292996 2.18363
-0.0482853 -0.599809 2.34778
-0.0350388 -0.677647 2.28856
-0.166995 0.521432 2.16435
-0.424323 -0.108048 2.17921
-0.44182 -0.049272 2.12948
0.107478 -0.0988279 2.19458
0.123781 -0.0103548 2.16883
-0.165506 0.0146585 2.2246
-0.171019 0.305401 2.19182
-0.176277 0.586332 2.14686
-0.175851 0.728975 2.11382
-0.335471 0.459392 2.14039
-0.375534 0.205325 2.18107
-0.425564 0.0120246 2.16344
-0.434656 -0.0382307 2.16199
-0.00844652 0.472775 2.16496
0.0426353 0.22044 2.20452
0.0975417 0.0282575 2.18052
0.0905478 -0.0189616 2.18128
-0.238243 0.00959576 2.18374
-0.213818 -0.307528 2.28409
-0.169307 -0.605267 2.37413
-0.114269 -0.678573 2.26563
-0.087629 0.0191809 2.19578
-0.0715311 -0.292615 2.13461
-0.0556248 -0.614475 2.23589
-0.0465713 -0.692748 2.17858
-0.175063 0.51752 2.16023
-0.433932 -0.113369 2.18076
-0.448344 -0.0470864 2.12527
0.0963866 -0.0988971 2.19385
0.117422 -0.0225312 2.17042
-0.173013 0.00700971 2.20832
-0.178955 0.299318 2.17991
-0.183668 0.581339 2.13916
-0.182448 0.723384 2.10542
-0.341787 0.454726 2.12929
-0.3832 0.199203 2.16755
-0.432269 0.00556907 2.15571
-0.434813 -0.0424052 2.14822
-0.0153218 0.468782 2.15988
0.0369407 0.217373 2.19951
0.0924515 0.0253119 2.17632
0.0943515 -0.0230121 2.17043
-0.244978 0.00367008 2.16711
-0.219221 -0.319804 2.28396
-0.170172 -0.612375 2.37596
-0.173708 -0.684161 2.30002
-0.0956136 0.0100983 2.17991
-0.0669214 -0.326077 2.10051
-0.0383284 -0.641039 2.04219
-0.0204773 -0.724609 1.94336
-0.182678 0.512284 2.15149
-0.430314 -0.11475 2.16069
-0.449836 -0.0510165 2.11091
0.103323 -0.103179 2.18372
0.120985 -0.0156165 2.16641
-0.176543 -0.00467296 2.19069
-0.182247 0.289711 2.1668
-0.186672 0.573817 2.13061
-0.184982 0.719072 2.09931
-0.344539 0.446459 2.1191
-0.386268 0.190603 2.15431
-0.434164 -0.00319745 2.13656
-0.43646 -0.0490853 2.12591
-0.0177974 0.460982 2.15022
0.0347565 0.21055 2.18637
0.0961348 0.0205993 2.15929
0.102485 -0.0315499 2.15663
-0.247635 -0.00691284 2.14952
-0.217253 -0.324115 2.27737
-0.171385 -0.613655 2.37383
-0.173283 -0.689231 2.30631
-0.0998813 -0.00238352 2.16201
-0.0547719 -0.340402 2.05901
-0.0301061 -0.658376 1.96002
-0.0218823 -0.73515 1.84746
-0.185774 0.504243 2.14181
-0.431187 -0.124738 2.13783
-0.452111 -0.0623889 2.0936
0.112314 -0.114808 2.17755
0.126297 -0.018951 2.14907
-0.178517 -0.0172913 2.16315
-0.182407 0.279142 2.14933
-0.185464 0.565357 2.12192
-0.184225 0.707625 2.08888
-0.34314 0.435701 2.10542
-0.385917 0.178837 2.13645
-0.43471 -0.0146543 2.1177
-0.436725 -0.0582161 2.10136
-0.015499 0.450165 2.13477
0.037143 0.200414 2.16558
0.100549 0.0106925 2.14557
0.105829 -0.0416364 2.13196
-0.249379 -0.019147 2.1221
-0.21058 -0.326686 2.25655
-0.171644 -0.612939 2.37158
-0.173018 -0.689261 2.30585
-0.101915 -0.0149071 2.13464
-0.0462843 -0.335096 2.02622
-0.0191936 -0.666626 1.95858
-0.00811408 -0.714904 1.83781
-0.184872 0.495259 2.13109
-0.434062 -0.13349 2.11168
-0.455956 -0.0743068 2.06565
0.116467 -0.12336 2.14908
0.131886 -0.0362594 2.12093
-0.172849 -0.0211717 2.13703
-0.178879 0.275265 2.1293
-0.183643 0.561459 2.10926
-0.184953 0.706254 2.08014
-0.33961 0.429647 2.08937
-0.3808 0.177461 2.11155
-0.431439 -0.0156632 2.09226
-0.433952 -0.0619431 2.08012
-0.0108694 0.445601 2.12141
0.0415151 0.199024 2.14281
0.106266 0.0105758 2.11078
0.112475 -0.0405881 2.09335
-0.243891 -0.0239555 2.09583
-0.203661 -0.324752 2.23721
-0.170881 -0.611238 2.36708
-0.173239 -0.689198 2.30606
-0.0961789 -0.0176795 2.10858
-0.0412452 -0.330311 2.01023
-0.012878 -0.66397 1.96486
-0.0128111 -0.746886 1.87412
-0.182662 0.491334 2.11644
-0.435028 -0.134088 2.09377
-0.451687 -0.0831751 2.04523
0.117004 -0.121137 2.09781
0.140902 -0.0360086 2.0938
-0.170682 -0.0199239 2.12932
-0.177222 0.27627 2.1206
-0.182539 0.562097 2.09916
-0.185887 0.708154 2.07023
-0.338225 0.429658 2.07695
-0.376833 0.178023 2.09336
-0.423231 -0.0156694 2.06081
-0.422127 -0.0593055 2.04567
-0.0104002 0.446507 2.10568
0.0445496 0.200886 2.12215
0.115025 0.0158625 2.07773
0.119461 -0.0379339 2.05826
-0.241762 -0.0230327 2.08755
-0.20069 -0.320008 2.22871
-0.169631 -0.610068 2.36608
-0.173144 -0.688134 2.30556
-0.0940836 -0.0161408 2.10151
-0.0382522 -0.325248 2.00782
-0.00723323 -0.658416 1.96997
-0.0108022 -0.745939 1.87498
-0.181422 0.492097 2.10668
-0.422656 -0.131008 2.05096
-0.436623 -0.069355 2.00591
0.121529 -0.113129 2.06134
0.147692 -0.0454813 2.05622
-0.171595 -0.0193777 2.13736
-0.178025 0.276372 2.12177
-0.183891 0.562099 2.09716
-0.188628 0.707538 2.06686
-0.339143 0.430134 2.07889
-0.375995 0.17755 2.09214
-0.419847 -0.0158149 2.05029
-0.415593 -0.0582352 2.03506
-0.0126109 0.447497 2.10196
0.0446176 0.200819 2.12015
0.114561 0.0162386 2.07074
0.112766 -0.0360339 2.05629
-0.243506 -0.0224592 2.09944
-0.200979 -0.319963 2.22917
-0.170286 -0.606532 2.36349
-0.17148 -0.684949 2.30356
-0.094313 -0.0157232 2.10626
-0.0386025 -0.325695 2.01545
-0.00640606 -0.659257 1.97042
-0.00992018 -0.745638 1.875
-0.182449 0.492138 2.10558
-0.414845 -0.127786 2.03828
-0.429751 -0.065827 1.99479
0.118527 -0.111732 2.05683
0.146137 -0.046246 2.05846
-0.177199 -0.017171 2.1657
-0.182708 0.276458 2.13625
-0.186363 0.561067 2.09932
-0.193319 0.706137 2.06922
-0.344957 0.43193 2.08957
-0.37782 0.180964 2.10262
-0.418998 -0.011656 2.05175
-0.416476 -0.0486904 2.05387
-0.0187766 0.448299 2.1078
0.0379868 0.200291 2.13232
0.105225 0.0147754 2.08108
0.101036 -0.038998 2.08394
-0.249246 -0.0201485 2.1266
-0.204129 -0.320488 2.23195
-0.169501 -0.610225 2.36502
-0.172756 -0.687731 2.30278
-0.0994571 -0.0136742 2.13526
-0.0413102 -0.328652 2.02563
-0.00276169 -0.66324 1.96923
-0.00584433 -0.745862 1.87725
-0.185547 0.491214 2.10991
-0.414358 -0.117271 2.04809
-0.444306 -0.0246259 2.04625
0.108371 -0.112874 2.07796
0.0756606 -0.0479942 2.06483
-0.182319 -0.00648907 2.19612
-0.189221 0.283693 2.15866
-0.193941 0.564396 2.11078
-0.200851 0.708602 2.07608
-0.35119 0.438145 2.10487
-0.384749 0.186279 2.12197
-0.433117 -0.00811972 2.09083
-0.437202 -0.042964 2.10472
-0.0293574 0.45305 2.12748
0.0253358 0.202436 2.16461
0.0868422 0.0112653 2.13331
0.0865825 -0.033257 2.14311
-0.255188 -0.00947526 2.15735
-0.216687 -0.313971 2.24861
-0.173187 -0.608155 2.36835
-0.173101 -0.684958 2.30361
-0.103681 -0.0032661 2.16535
-0.0531659 -0.32589 2.04948
0.0177962 -0.649345 2.06759
0.0100748 -0.728204 1.96318
-0.193083 0.495565 2.1246
-0.440432 -0.116696 2.11796
-0.46227 -0.00892772 2.08983
0.0957719 -0.10739 2.14839
0.0606702 -0.0425679 2.12081
-0.184083 0.00440694 2.20962
-0.192152 0.292062 2.1677
-0.198268 0.57005 2.11537
-0.205806 0.715434 2.08065
-0.354619 0.444458 2.10824
-0.389955 0.19276 2.13513
-0.441332 -0.00175261 2.11706
-0.447426 -0.0354622 2.13235
-0.0339751 0.462958 2.13737
0.0236962 0.20938 2.1783
0.0875385 0.0180366 2.15972
0.0887706 -0.0170744 2.17337
-0.25642 -0.000345974 2.1686
-0.222486 -0.300888 2.26056
-0.173285 -0.605878 2.36828
-0.17283 -0.683177 2.30466
-0.105997 0.00905226 2.18119
-0.0675673 -0.311668 2.11837
0.0188638 -0.620493 2.21633
-0.0113525 -0.701172 2.1543
-0.197032 0.50193 2.13033
-0.452018 -0.112755 2.15046
-0.468985 -0.0408051 2.10069
0.099398 -0.0982994 2.19052
0.0599219 -0.0270064 2.15225
-0.186809 0.0094079 2.22358
-0.194225 0.296676 2.1746
-0.200002 0.573894 2.11693
-0.208283 0.720166 2.08339
-0.356706 0.447885 2.11025
-0.392099 0.195352 2.14377
-0.443564 0.000745902 2.13216
-0.447969 -0.0355446 2.14638
-0.0354907 0.467832 2.1407
0.0259947 0.21554 2.18613
0.098232 0.0270718 2.17532
0.107486 -0.0132914 2.18539
-0.258619 0.00420102 2.18217
-0.225769 -0.292192 2.27478
-0.175517 -0.59525 2.37044
-0.162942 -0.682447 2.30738
-0.109172 0.0143266 2.19545
-0.0800695 -0.294448 2.20215
0.00027586 -0.578331 2.38264
-0.0190125 -0.661133 2.31641
-0.198801 0.505939 2.13304
-0.454648 -0.110418 2.16189
-0.468277 -0.0488121 2.11267
0.121808 -0.0863525 2.20529
0.0830836 -0.0259262 2.165
-0.186948 0.0102886 2.23402
-0.194078 0.29832 2.17886
-0.199809 0.575784 2.11687
-0.208203 0.720962 2.08309
-0.356311 0.44834 2.11037
-0.391097 0.195132 2.1473
-0.440894 0.000136214 2.14072
-0.441397 -0.0404853 2.15253
-0.0347915 0.468694 2.14014
0.0324227 0.21865 2.1874
0.111767 0.0330849 2.17607
0.123522 -0.0121083 2.17692
-0.258639 0.00577802 2.1933
-0.217706 -0.28053 2.28063
-0.179252 -0.590159 2.3719
-0.161955 -0.679734 2.31412
-0.109433 0.0145372 2.20529
-0.0841036 -0.274417 2.27038
-0.0217586 -0.530082 2.53613
0.00110705 -0.611182 2.49789
-0.198691 0.507643 2.13388
-0.449825 -0.112756 2.1728
-0.460082 -0.0501485 2.11676
0.140321 -0.0870973 2.19971
0.0966379 -0.0114499 2.16195
-0.180169 0.0113457 2.25425
-0.188044 0.298438 2.18596
-0.193434 0.575818 2.11321
-0.202856 0.721109 2.08069
-0.35165 0.448802 2.10956
-0.388717 0.194823 2.14839
-0.438094 -0.000287274 2.14174
-0.440485 -0.0409332 2.14382
-0.0288558 0.468129 2.13449
0.0409464 0.220159 2.18077
0.119773 0.0343742 2.1687
0.125815 -0.0186244 2.16734
-0.252248 0.00846566 2.21371
-0.216596 -0.268578 2.29291
-0.181964 -0.581801 2.37304
-0.16977 -0.636485 2.25386
-0.10254 0.0138859 2.22525
-0.0887758 -0.234128 2.36328
-0.0421398 -0.476561 2.64354
-0.0319373 -0.533287 2.52383
-0.193056 0.507789 2.13314
-0.445346 -0.113772 2.1682
-0.456745 -0.057377 2.11117
0.141641 -0.098462 2.19451
0.0959421 -0.00540933 2.16633
-0.172988 0.0183455 2.27347
-0.179382 0.301475 2.19467
-0.183913 0.576276 2.11047
-0.191453 0.721658 2.07909
-0.341505 0.450558 2.10773
-0.384229 0.198867 2.14827
-0.437186 0.00465634 2.13593
-0.445671 -0.0354121 2.13055
-0.021956 0.467016 2.13051
0.0411135 0.219505 2.18014
0.116591 0.0323728 2.16457
0.111943 -0.0201751 2.16369
-0.245464 0.0167254 2.23502
-0.218327 -0.26099 2.29675
-0.181881 -0.581984 2.37139
-0.167636 -0.680682 2.31079
-0.0952561 0.0194785 2.24242
-0.0728989 -0.234922 2.45093
-0.0401891 -0.507072 2.70616
-0.0229718 -0.587643 2.69441
-0.183659 0.50885 2.13324
-0.454458 -0.103938 2.14913
-0.461387 -0.0471003 2.09494
0.124673 -0.0981778 2.18014
0.0783592 -0.0272218 2.1726
-0.167875 0.0255513 2.2909
-0.169697 0.305579 2.20501
-0.170048 0.577223 2.11114
-0.176476 0.724447 2.07915
-0.330329 0.454048 2.10892
-0.374815 0.206433 2.15094
-0.43322 0.0139903 2.13113
-0.438555 -0.0263966 2.13023
-0.0129354 0.46822 2.13303
0.0410164 0.218425 2.18427
0.0996156 0.0253018 2.16856
0.0973679 -0.0291236 2.17393
-0.240971 0.0243742 2.25005
-0.216534 -0.255655 2.30339
-0.1827 -0.58039 2.37294
-0.166211 -0.677912 2.31037
-0.0896565 0.0259292 2.26242
-0.0694286 -0.223948 2.47834
-0.0418722 -0.501913 2.71386
-0.024064 -0.58399 2.69456
-0.170528 0.510638 2.13649
-0.448872 -0.0946099 2.14363
-0.460775 -0.0128897 2.1091
0.108015 -0.110534 2.20122
0.0684917 -0.0395047 2.17
-0.164311 0.0295851 2.30167
-0.162887 0.308768 2.21356
-0.160512 0.579023 2.11527
-0.163412 0.723527 2.08025
-0.320575 0.459414 2.11226
-0.367374 0.210316 2.15472
-0.426903 0.0182702 2.1335
-0.427368 -0.021489 2.14336
-0.00464935 0.468677 2.13847
0.0418825 0.216257 2.19335
0.0934664 0.0211551 2.17738
0.0904829 -0.0333022 2.19204
-0.237498 0.0300126 2.25866
-0.214902 -0.251356 2.30935
-0.182177 -0.582001 2.37408
-0.166552 -0.678044 2.31095
-0.0861096 0.0278738 2.27571
-0.0668826 -0.219175 2.49434
-0.0423974 -0.501328 2.7179
-0.0236637 -0.583629 2.69589
-0.161409 0.512828 2.14184
-0.433725 -0.0958297 2.15982
-0.448524 -0.0179901 2.11829
0.0968742 -0.110517 2.21089
0.055788 -0.0420039 2.18814
-0.163434 0.0298637 2.30527
-0.160096 0.309443 2.21866
-0.155554 0.580064 2.12137
-0.156108 0.723264 2.08485
-0.316549 0.461196 2.11651
-0.36353 0.21155 2.16156
-0.423687 0.0194861 2.14617
-0.429885 -0.018813 2.16196
0.00030012 0.467439 2.14928
0.0415122 0.213718 2.20475
0.0869718 0.0171192 2.18847
0.0809949 -0.0319502 2.19815
-0.236523 0.0308017 2.26109
-0.214132 -0.248514 2.31132
-0.182302 -0.581388 2.37444
-0.168038 -0.678479 2.31261
-0.0854468 0.0274367 2.28063
-0.066507 -0.22155 2.49746
-0.0424063 -0.503613 2.72266
-0.0235572 -0.586308 2.69653
-0.156921 0.51379 2.14774
-0.440031 -0.0940197 2.18067
-0.450896 -0.0205794 2.13682
0.0884626 -0.11167 2.21752
0.0494511 -0.0378129 2.1925
-0.162844 0.0279372 2.30064
-0.160299 0.309255 2.21854
-0.157198 0.580521 2.12391
-0.157315 0.72336 2.0867
-0.318111 0.461302 2.11953
-0.364086 0.211374 2.16366
-0.426667 0.0200821 2.1536
-0.437584 -0.0223097 2.1671
-0.000464902 0.467468 2.15134
0.0399208 0.213846 2.20559
0.0817773 0.0164204 2.19012
0.0745597 -0.0310744 2.19336
-0.235703 0.0284139 2.25735
-0.215354 -0.247825 2.31018
-0.182665 -0.580393 2.37422
-0.169117 -0.679037 2.3143
-0.0850816 0.0262851 2.27434
-0.0672487 -0.234876 2.47468
-0.042727 -0.504683 2.72053
-0.0237768 -0.587004 2.69774
-0.157966 0.513978 2.14924
-0.448663 -0.0950889 2.19197
-0.458582 -0.0259642 2.13791
0.0780097 -0.111714 2.21158
0.0576569 -0.0351827 2.1631
-0.166395 0.0234139 2.28316
-0.166378 0.308161 2.2115
-0.165924 0.58201 2.124
-0.166514 0.725539 2.08731
-0.325769 0.460972 2.12002
-0.370407 0.210652 2.16241
-0.43033 0.0185427 2.15553
-0.44336 -0.0265443 2.16175
-0.00540587 0.469179 2.15045
0.0345919 0.216053 2.2015
0.0774858 0.0190204 2.18067
0.0732033 -0.0266299 2.17645
-0.238584 0.0224581 2.24072
-0.217749 -0.253461 2.3054
-0.181321 -0.588092 2.37414
-0.169197 -0.678938 2.30897
-0.0891467 0.0235651 2.25597
-0.0796575 -0.231955 2.3807
-0.0493817 -0.479676 2.65864
-0.0379064 -0.537496 2.53989
-0.165786 0.514881 2.14788
-0.453711 -0.0988143 2.18256
-0.464714 -0.036449 2.13255
0.0783004 -0.104859 2.1926
0.0396541 -0.0205305 2.17262
-0.175753 0.0142532 2.25554
-0.179985 0.30273 2.19442
-0.182548 0.580545 2.11891
-0.18356 0.721716 2.08347
-0.340863 0.457368 2.11283
-0.384874 0.204047 2.15205
-0.442353 0.0112374 2.14616
-0.456344 -0.0354082 2.14235
-0.0193839 0.467122 2.14225
0.0252998 0.213271 2.18562
0.0745409 0.0181117 2.15882
0.0757546 -0.026992 2.14815
-0.247248 0.0112732 2.21385
-0.217179 -0.265399 2.29861
-0.183922 -0.57953 2.37236
-0.170701 -0.678991 2.30569
-0.0988461 0.016768 2.22763
-0.0805268 -0.240695 2.27516
-0.0625657 -0.469551 2.56887
-0.0510705 -0.525934 2.44912
-0.181923 0.512571 2.14007
-0.465297 -0.109184 2.16145
-0.475245 -0.0478309 2.10444
0.085814 -0.109519 2.16829
0.0462211 -0.0384796 2.13539
-0.18176 0.0117029 2.23736
-0.187769 0.300606 2.18241
-0.191875 0.579307 2.11353
-0.194293 0.720416 2.07839
-0.349286 0.453934 2.10647
-0.391523 0.199486 2.14252
-0.446779 0.00594749 2.1321
-0.458134 -0.0411433 2.12496
-0.0277979 0.466227 2.13619
0.0211546 0.212265 2.17437
0.0736752 0.0185614 2.14138
0.0753566 -0.0234301 2.12995
-0.252926 0.00690886 2.19468
-0.218535 -0.277029 2.28415
-0.184815 -0.579797 2.37338
-0.171435 -0.677379 2.30605
-0.104926 0.0160325 2.21042
-0.08416 -0.260424 2.22305
-0.0615803 -0.531851 2.47988
-0.00775528 -0.612305 2.46484
-0.191001 0.511101 2.13308
-0.468298 -0.112984 2.14304
-0.47677 -0.0489333 2.08986
0.0834453 -0.107817 2.15115
0.0523389 -0.0354167 2.10519
-0.186488 0.00938691 2.22216
-0.192944 0.298418 2.17192
-0.197445 0.577414 2.10822
-0.202005 0.719453 2.07369
-0.353436 0.450684 2.09736
-0.392672 0.195395 2.13214
-0.443116 0.000499255 2.11975
-0.446815 -0.0454261 2.11393
-0.0323667 0.466801 2.13126
0.0193731 0.213503 2.16694
0.0738954 0.0210239 2.12865
0.0769069 -0.020209 2.11777
-0.258071 0.00368624 2.17819
-0.227917 -0.294496 2.27758
-0.18325 -0.593049 2.37351
-0.134847 -0.674418 2.32427
-0.109087 0.0147215 2.19654
-0.0866759 -0.28757 2.17549
-0.0475741 -0.60469 2.3415
-0.0266508 -0.68083 2.28187
-0.196563 0.509121 2.12645
-0.455385 -0.120348 2.13336
-0.460756 -0.0553235 2.07679
0.0890897 -0.105385 2.12747
0.0448442 -0.0228468 2.10594
-0.193203 0.00596453 2.20729
-0.198406 0.296411 2.16194
-0.201779 0.576524 2.10356
-0.206343 0.719453 2.06929
-0.356036 0.44891 2.09197
-0.391497 0.191539 2.12335
-0.438602 -0.00422163 2.11071
-0.439651 -0.0518264 2.10314
-0.0351042 0.46703 2.12786
0.0185283 0.214518 2.1609
0.0748468 0.0223726 2.12383
0.0819327 -0.0196301 2.11269
-0.264369 0.00116188 2.16434
-0.228076 -0.302562 2.27308
-0.177858 -0.60502 2.36826
-0.166434 -0.683653 2.31022
-0.115963 0.010486 2.18066
-0.0788922 -0.311364 2.11413
-0.0278685 -0.617165 2.18114
-0.00596233 -0.693678 2.12675
-0.201209 0.507981 2.12044
-0.44325 -0.123621 2.12271
-0.466253 -0.0546389 2.0833
0.0949603 -0.101781 2.12847
0.0511567 -0.0302105 2.0985
-0.191872 -0.00155884 2.18522
-0.199223 0.291605 2.14743
-0.204082 0.574234 2.09671
-0.209474 0.717793 2.06264
-0.358147 0.445387 2.08467
-0.391734 0.186047 2.11289
-0.436021 -0.0103591 2.098
-0.440962 -0.0566459 2.08799
-0.0366932 0.463958 2.11628
0.0192787 0.210418 2.14733
0.082918 0.0205993 2.11019
0.0894875 -0.0239002 2.09814
-0.263129 -0.00452852 2.14394
-0.22556 -0.315551 2.26664
-0.174863 -0.612371 2.37048
-0.167802 -0.690705 2.31063
-0.114539 0.00139098 2.15686
-0.0636242 -0.328366 2.06811
-0.0267293 -0.66247 2.03393
-0.0219033 -0.739637 1.93767
-0.203246 0.505087 2.11167
-0.443256 -0.127595 2.10712
-0.456977 -0.0757815 2.05294
0.10304 -0.104839 2.11016
0.0593464 -0.0328882 2.08271
-0.18833 -0.011123 2.16429
-0.196082 0.283665 2.13287
-0.202154 0.568235 2.08884
-0.209325 0.71351 2.05781
-0.357347 0.438506 2.07755
-0.391409 0.182393 2.10574
-0.439453 -0.0129973 2.08795
-0.450451 -0.0634643 2.07947
-0.0341066 0.456102 2.101
0.0217346 0.201597 2.12646
0.0880083 0.0127123 2.08925
0.0920974 -0.0323721 2.07463
-0.259612 -0.0140122 2.12413
-0.223032 -0.325799 2.26053
-0.173365 -0.613926 2.3693
-0.169174 -0.692594 2.31028
-0.11101 -0.00787942 2.13479
-0.0604429 -0.332931 2.04266
-0.0288348 -0.665015 1.99901
-0.0262239 -0.74319 1.89914
-0.20093 0.498541 2.10206
-0.454755 -0.132623 2.0951
-0.471757 -0.075409 2.04418
0.106472 -0.115294 2.08309
0.0611604 -0.0451106 2.058
-0.18655 -0.0192142 2.14066
-0.192844 0.277016 2.11736
-0.198263 0.562823 2.08074
-0.206292 0.709479 2.0529
-0.354059 0.432708 2.06932
-0.390369 0.17919 2.09637
-0.442816 -0.0151104 2.08351
-0.453221 -0.067411 2.07558
-0.0294103 0.45037 2.09064
0.0255013 0.190638 2.1041
0.090793 0.00277423 2.05869
0.0911772 -0.0468319 2.04382
-0.257305 -0.0221599 2.10074
-0.222273 -0.327686 2.24748
-0.170143 -0.616411 2.36917
-0.172163 -0.693747 2.30644
-0.109732 -0.0156389 2.11105
-0.0595572 -0.334263 2.02779
-0.0320216 -0.664377 1.99722
-0.0276498 -0.744591 1.89793
-0.197096 0.492835 2.09218
-0.459544 -0.133675 2.08681
-0.472769 -0.0742281 2.03785
0.104959 -0.124901 2.05346
0.0606228 -0.0510514 2.0297
-0.18355 -0.0201749 2.12813
-0.189984 0.27642 2.10578
-0.195376 0.562444 2.07137
-0.202774 0.70961 2.04834
-0.350322 0.430279 2.05744
-0.388653 0.176116 2.0826
-0.443345 -0.0175441 2.07171
-0.448357 -0.0668171 2.06352
-0.0254556 0.44759 2.07896
0.0248377 0.189333 2.0861
0.0824463 0.000823756 2.03165
0.0835866 -0.0471956 2.0152
-0.254072 -0.0231315 2.087
-0.220123 -0.32732 2.236
-0.168437 -0.616435 2.36731
-0.175222 -0.692685 2.30264
-0.107027 -0.0165518 2.0997
-0.0586861 -0.336312 2.01828
-0.0338018 -0.664362 1.99614
-0.0283446 -0.744935 1.89703
-0.194215 0.492422 2.08209
-0.449753 -0.133134 2.07873
-0.468661 -0.0807805 2.03571
0.0944874 -0.122507 2.01015
0.0616791 -0.0438379 1.98898
-0.181661 -0.0204693 2.12564
-0.188928 0.276285 2.10212
-0.195187 0.562417 2.06579
-0.20082 0.710299 2.04415
-0.349969 0.429667 2.05176
-0.388184 0.176715 2.07567
-0.441082 -0.0170866 2.0521
-0.446141 -0.0657727 2.03882
-0.0256821 0.446708 2.07236
0.0228783 0.187896 2.07499
0.0718037 -0.00245633 2.01793
0.0685537 -0.0500896 2.00391
-0.252416 -0.0235631 2.0846
-0.219569 -0.327616 2.23395
-0.164332 -0.619751 2.36983
-0.175297 -0.693088 2.29957
-0.104968 -0.0166865 2.09715
-0.0586355 -0.338626 2.01676
-0.0356696 -0.663017 1.99441
-0.0292428 -0.745722 1.89583
-0.193824 0.492374 2.07706
-0.448391 -0.130157 2.04838
-0.461209 -0.0612031 2.00626
0.076182 -0.126417 1.99921
0.0479579 -0.044776 1.97624
-0.18258 -0.0190948 2.13429
-0.190188 0.27678 2.10439
-0.196504 0.562482 2.06516
-0.201946 0.71029 2.0428
-0.351978 0.430718 2.05292
-0.388458 0.177341 2.07568
-0.439662 -0.0164985 2.04654
-0.441602 -0.0620179 2.03759
-0.0292894 0.447004 2.0735
0.0205746 0.188781 2.0768
0.0650363 -0.00310711 2.02154
0.0628117 -0.049984 2.01822
-0.253704 -0.0217052 2.09475
-0.219833 -0.329969 2.23728
-0.164476 -0.620202 2.36984
-0.174998 -0.69307 2.29843
-0.105545 -0.015798 2.10442
-0.0604699 -0.340795 2.02171
-0.035449 -0.662518 1.99392
-0.0295104 -0.745838 1.89618
-0.195011 0.492527 2.07706
-0.444552 -0.130245 2.04351
-0.455532 -0.0586031 2.00182
0.0702146 -0.12296 2.013
0.0420872 -0.0445848 1.98637
-0.184163 -0.015741 2.15451
-0.195092 0.277952 2.11576
-0.203397 0.561989 2.06852
-0.206688 0.709339 2.04312
-0.359398 0.432696 2.05996
-0.391562 0.177198 2.08546
-0.43826 -0.0172912 2.05142
-0.4382 -0.0599295 2.05774
-0.0360378 0.448214 2.08053
0.0126292 0.193397 2.09834
0.0564189 0.000129257 2.04865
0.0599078 -0.0465149 2.0512
-0.255143 -0.0190039 2.11438
-0.221864 -0.333209 2.24696
-0.1658 -0.619549 2.36926
-0.172673 -0.695473 2.30384
-0.107249 -0.0119198 2.12515
-0.0614172 -0.33758 2.02912
-0.0316924 -0.663692 1.9947
-0.0295116 -0.745974 1.89658
-0.201448 0.4924 2.08206
-0.444152 -0.130823 2.06279
-0.43405 -0.0705065 2.02339
0.0710385 -0.118291 2.04805
0.0297036 -0.0639613 2.03438
-0.189636 -0.00795211 2.17874
-0.203428 0.282708 2.1316
-0.214462 0.56384 2.07504
-0.219762 0.710066 2.04618
-0.371176 0.436127 2.07191
-0.397789 0.176349 2.10887
-0.438714 -0.0207888 2.09523
-0.438959 -0.0557075 2.10652
-0.047929 0.452462 2.09198
0.00564981 0.200996 2.13042
0.0532945 0.00576416 2.09958
0.0525994 -0.0338888 2.10854
-0.260949 -0.0118415 2.1393
-0.223562 -0.31301 2.25422
-0.173089 -0.608191 2.36655
-0.172995 -0.685858 2.30424
-0.112291 -0.00382423 2.14876
-0.0614455 -0.3242 2.06208
0.00627005 -0.641641 2.0747
0.00253487 -0.719238 1.98047
-0.211978 0.494937 2.09092
-0.44214 -0.129091 2.11955
-0.465377 -0.0511433 2.08692
0.0717242 -0.105925 2.10922
0.000708699 -0.0169739 2.09227
-0.194517 -0.00105559 2.19331
-0.208832 0.287569 2.14052
-0.220641 0.566755 2.07849
-0.227514 0.713025 2.04821
-0.375521 0.439364 2.07738
-0.401374 0.177641 2.12171
-0.442383 -0.0191769 2.12112
-0.445598 -0.054003 2.13672
-0.0536414 0.458104 2.09787
0.00536722 0.207085 2.14546
0.0592995 0.0124901 2.13344
0.0574902 -0.0173219 2.13812
-0.265968 -0.00553311 2.15371
-0.225402 -0.303917 2.2559
-0.175092 -0.607488 2.36877
-0.175172 -0.684453 2.30445
-0.116921 0.00348774 2.16344
-0.0657429 -0.326584 2.12339
0.0184754 -0.631848 2.22411
0.0409851 -0.701172 2.10938
-0.217986 0.498319 2.09573
-0.448177 -0.129543 2.15575
-0.467286 -0.0732241 2.11154
0.0752473 -0.102481 2.15213
-0.0003188 -0.00250599 2.1265
-0.196248 0.00388454 2.20896
-0.211523 0.290583 2.14888
-0.223739 0.568083 2.08065
-0.231848 0.713882 2.04878
-0.377914 0.440635 2.08094
-0.404723 0.180525 2.13108
-0.448221 -0.0152097 2.13744
-0.455483 -0.0543484 2.15168
-0.0561854 0.46069 2.10038
0.00776861 0.210877 2.15402
0.0628301 0.0165967 2.14248
0.0686583 -0.0188982 2.15394
-0.267554 -0.00174065 2.17103
-0.227676 -0.295468 2.26571
-0.180773 -0.591974 2.36926
-0.175145 -0.682826 2.31708
-0.118766 0.00935635 2.17754
-0.0781211 -0.308158 2.19935
0.00415646 -0.576177 2.35876
-0.0153656 -0.665039 2.29492
-0.221028 0.500022 2.09922
-0.458534 -0.122422 2.16914
-0.47564 -0.0359244 2.12425
0.0803901 -0.0988309 2.1676
0.0427133 -0.0289349 2.13273
-0.195756 0.00849772 2.23063
-0.211789 0.293797 2.1597
-0.224714 0.569205 2.0817
-0.233366 0.714581 2.04874
-0.379964 0.443587 2.08454
-0.408282 0.186824 2.14365
-0.451853 -0.00904696 2.14843
-0.457406 -0.0471474 2.15696
-0.0572349 0.462421 2.10082
0.00951118 0.216544 2.16115
0.0656087 0.0225484 2.14923
0.0680035 -0.0168133 2.15561
-0.267193 0.00251002 2.19319
-0.222529 -0.281339 2.28825
-0.185412 -0.584483 2.37408
-0.124084 -0.664551 2.35938
-0.118208 0.0142031 2.19862
-0.090926 -0.268301 2.28664
-0.0135477 -0.525497 2.54732
0.00634475 -0.606918 2.50379
-0.22199 0.501715 2.1022
-0.46304 -0.119338 2.18197
-0.47612 -0.0545483 2.12015
0.0815681 -0.0986006 2.18118
0.0328088 -0.0373572 2.14924
-0.191585 0.0129799 2.24846
-0.209407 0.297278 2.16892
-0.224366 0.570966 2.08236
-0.232921 0.715499 2.04885
-0.379905 0.445766 2.08605
-0.407792 0.1891 2.14801
-0.452011 -0.00651534 2.15404
-0.455583 -0.0418637 2.16342
-0.0574146 0.463995 2.10128
0.0097676 0.22137 2.16492
0.0644854 0.0269789 2.15086
0.0631969 -0.0140253 2.15418
-0.263816 0.00724066 2.20956
-0.218171 -0.27039 2.30397
-0.183753 -0.591307 2.37701
-0.174459 -0.647439 2.25873
-0.113386 0.0182722 2.21788
-0.0881874 -0.237912 2.3385
-0.0388608 -0.470661 2.62594
-0.0238176 -0.576899 2.63261
-0.221184 0.504054 2.10482
-0.461917 -0.11058 2.18004
-0.476089 -0.0461978 2.13236
0.0754112 -0.0987528 2.17389
0.0261992 -0.0471916 2.15086
-0.184162 0.0184411 2.26764
-0.20422 0.300844 2.18054
-0.222266 0.572937 2.08479
-0.230266 0.716556 2.05044
-0.372404 0.444455 2.08462
-0.406115 0.190244 2.15236
-0.45127 -0.00507748 2.15916
-0.453829 -0.0400118 2.16766
-0.0559391 0.465146 2.10542
0.0101763 0.223089 2.17044
0.0630816 0.0282342 2.15436
0.0611463 -0.0132198 2.16292
-0.256407 0.0124873 2.22853
-0.224369 -0.263871 2.31051
-0.182842 -0.594609 2.37852
-0.172775 -0.678818 2.30179
-0.106251 0.0238327 2.23724
-0.0876875 -0.233452 2.40215
-0.0449981 -0.481266 2.67849
-0.0357044 -0.540519 2.56056
-0.218124 0.506531 2.10993
-0.458759 -0.11018 2.18816
-0.474075 -0.0538033 2.13274
0.0728638 -0.0915348 2.17979
0.0295081 -0.0355999 2.14844
-0.179912 0.0251111 2.28489
-0.199231 0.304053 2.19072
-0.217442 0.574015 2.08796
-0.224809 0.718178 2.05425
-0.369301 0.446142 2.08972
-0.401282 0.194017 2.15759
-0.447478 -0.00116708 2.16333
-0.447556 -0.0386438 2.17184
-0.0507933 0.467733 2.11451
0.0109554 0.224192 2.18317
0.0622471 0.0289143 2.16723
0.0609518 -0.0114471 2.17996
-0.252087 0.0191481 2.2451
-0.226888 -0.261221 2.32148
-0.188689 -0.578916 2.37843
-0.172154 -0.679112 2.30481
-0.102259 0.030307 2.25514
-0.0801984 -0.233783 2.44797
-0.0468374 -0.496881 2.71188
-0.0362958 -0.556943 2.59483
-0.213145 0.50799 2.11512
-0.457775 -0.111798 2.19394
-0.467075 -0.0500129 2.13415
0.0728172 -0.0940235 2.19246
0.0274835 -0.0317206 2.16659
-0.178603 0.0283295 2.29898
-0.195212 0.306152 2.20144
-0.210898 0.574876 2.0936
-0.217275 0.718382 2.05854
-0.36329 0.449102 2.0952
-0.395923 0.195657 2.16213
-0.441403 0.000393626 2.16904
-0.438556 -0.0362541 2.17698
-0.0452855 0.469885 2.12635
0.0118884 0.226454 2.20138
0.0622652 0.0309258 2.19339
0.0617995 -0.0105672 2.20729
-0.250803 0.0220388 2.25737
-0.226789 -0.261807 2.33143
-0.185638 -0.591906 2.38598
-0.171122 -0.680111 2.31184
-0.101016 0.0337604 2.27111
-0.078879 -0.231207 2.45516
-0.0510967 -0.495651 2.71841
-0.0386785 -0.556264 2.60201
-0.20718 0.50912 2.12237
-0.444661 -0.111185 2.20448
-0.448806 -0.0485052 2.13936
0.0732841 -0.092943 2.22583
0.0285839 -0.023794 2.20179
-0.178522 0.0287971 2.30333
-0.194514 0.306851 2.20696
-0.209209 0.575773 2.09963
-0.214234 0.719391 2.06428
-0.362309 0.452007 2.10233
-0.394846 0.195905 2.16546
-0.43979 0.000428231 2.17148
-0.442161 -0.0387458 2.17961
-0.0440933 0.472083 2.13681
0.0129066 0.223457 2.21542
0.0625546 0.027893 2.21151
0.0603313 -0.0124368 2.2255
-0.250613 0.0225601 2.26111
-0.22775 -0.260883 2.33372
-0.190167 -0.581137 2.38597
-0.171493 -0.680266 2.31127
-0.101063 0.0341439 2.27607
-0.088134 -0.232617 2.44311
-0.0529421 -0.490304 2.71179
-0.0395904 -0.550796 2.59538
-0.205765 0.509959 2.12845
-0.441598 -0.116219 2.20718
-0.458845 -0.0591847 2.14843
0.0738483 -0.0923054 2.24958
0.0279772 -0.0305422 2.2154
-0.179395 0.0278212 2.30241
-0.195078 0.306645 2.20799
-0.209789 0.576504 2.10491
-0.214275 0.720163 2.06847
-0.363837 0.452811 2.10568
-0.394936 0.196528 2.16625
-0.440796 0.00118699 2.1713
-0.449184 -0.0390425 2.17479
-0.0449382 0.472677 2.1405
0.0122671 0.224525 2.21752
0.0615649 0.0289209 2.21485
0.059607 -0.0125836 2.22574
-0.251594 0.0216606 2.25975
-0.229121 -0.259876 2.3326
-0.190813 -0.578139 2.38444
-0.171378 -0.679883 2.31308
-0.101839 0.0330961 2.27549
-0.0903306 -0.228948 2.39176
-0.0567881 -0.468331 2.67618
-0.0433212 -0.528567 2.55939
-0.206411 0.510358 2.13247
-0.451246 -0.110287 2.19919
-0.468132 -0.05283 2.14042
0.0727672 -0.0897155 2.24573
0.0266161 -0.0331002 2.22079
-0.183364 0.0254057 2.29785
-0.19722 0.306291 2.20891
-0.212161 0.577574 2.11068
-0.216467 0.721059 2.07379
-0.366684 0.453678 2.10905
-0.398474 0.195759 2.16666
-0.444672 0.000330802 2.16945
-0.454946 -0.0421326 2.16876
-0.0475079 0.473462 2.14416
0.0110707 0.224596 2.21776
0.0603261 0.0289921 2.21537
0.0604562 -0.0135196 2.21455
-0.255233 0.0192606 2.25531
-0.229371 -0.26045 2.33133
-0.192253 -0.574031 2.3829
-0.171982 -0.677749 2.31065
-0.105974 0.0307674 2.27083
-0.0862545 -0.227302 2.34109
-0.0599628 -0.464968 2.62757
-0.0463674 -0.524417 2.51024
-0.208757 0.511007 2.13683
-0.460281 -0.110686 2.18973
-0.47588 -0.0502763 2.1325
0.072486 -0.0903832 2.23723
0.0274333 -0.0273301 2.21144
-0.188474 0.0232012 2.28862
-0.20185 0.3068 2.20934
-0.21816 0.581384 2.12023
-0.220743 0.724277 2.08291
-0.370853 0.456056 2.11488
-0.401236 0.196994 2.16496
-0.446127 0.00108311 2.16541
-0.451318 -0.040971 2.16533
-0.0506489 0.475161 2.15039
0.00896347 0.226401 2.21695
0.0600974 0.0310856 2.2087
0.0618309 -0.00752321 2.20136
-0.259816 0.0172433 2.2467
-0.229196 -0.263546 2.32499
-0.192024 -0.573749 2.38208
-0.172249 -0.674543 2.3153
-0.111466 0.028463 2.26083
-0.0895661 -0.254229 2.31155
-0.0558829 -0.539047 2.55325
-0.0440369 -0.632813 2.46094
-0.214418 0.51393 2.14389
-0.454383 -0.109558 2.1858
-0.471066 -0.0514025 2.13029
0.0778517 -0.0812498 2.20687
0.0319713 -0.0367952 2.19615
-0.192006 0.021872 2.28085
-0.205132 0.307181 2.21002
-0.221959 0.583602 2.12976
-0.225124 0.726644 2.09318
-0.374503 0.458186 2.12379
-0.401171 0.197174 2.16426
-0.443376 0.000458269 2.16141
-0.441135 -0.0426578 2.15959
-0.053358 0.476288 2.15658
0.0087625 0.226475 2.21681
0.0636637 0.0321666 2.20559
0.0709859 -0.0058937 2.2028
-0.26295 0.015439 2.23935
-0.22922 -0.272625 2.321
-0.191967 -0.573582 2.38197
-0.157253 -0.67577 2.32674
-0.115238 0.027659 2.2527
-0.0889189 -0.26745 2.28134
-0.0537923 -0.560684 2.46659
-0.0316656 -0.641319 2.40764
-0.218198 0.515725 2.15107
-0.44118 -0.116199 2.18248
-0.458709 -0.0536586 2.125
0.087497 -0.0870028 2.22906
0.039418 -0.019832 2.19045
-0.192281 0.0213293 2.27284
-0.206214 0.307725 2.21061
-0.223298 0.586391 2.13962
-0.229052 0.730962 2.10586
-0.376874 0.459269 2.13315
-0.400345 0.196745 2.16587
-0.440788 -0.000539007 2.15612
-0.437089 -0.0410177 2.15393
-0.053662 0.477626 2.16065
0.00959932 0.226886 2.21638
0.0697991 0.0342031 2.20122
0.0778931 -0.00230348 2.19548
-0.26318 0.0144293 2.2328
-0.231212 -0.27881 2.31838
-0.18919 -0.577023 2.38209
-0.154909 -0.677691 2.32279
-0.115509 0.0276284 2.24311
-0.090494 -0.2825 2.26496
-0.0606576 -0.573982 2.41817
-0.0411729 -0.652714 2.33957
-0.219577 0.518022 2.1585
-0.434516 -0.114958 2.17188
-0.454668 -0.0656521 2.12024
0.0936297 -0.0814386 2.21244
0.0484999 -0.0243994 2.18225
-0.193724 0.0199906 2.26186
-0.206965 0.308403 2.21046
-0.221858 0.589343 2.14706
-0.22923 0.734407 2.11898
-0.375259 0.458854 2.1389
-0.398759 0.196419 2.1712
-0.440174 -0.000627214 2.15677
-0.439287 -0.0412933 2.16143
-0.0522173 0.479887 2.16393
0.0133937 0.226645 2.21176
0.0789936 0.0359364 2.19121
0.0847705 0.000294966 2.18104
-0.264565 0.0135177 2.22265
-0.230367 -0.287802 2.3148
-0.184836 -0.584149 2.37968
-0.155856 -0.679659 2.31746
-0.116916 0.0258821 2.23135
-0.0895567 -0.295147 2.25524
-0.0601397 -0.586295 2.37028
-0.0500028 -0.670426 2.2958
-0.218782 0.520419 2.16387
-0.436489 -0.115381 2.17623
-0.455976 -0.0599604 2.13013
0.102299 -0.0807987 2.19185
0.012946 0.0295577 2.1885
-0.192149 0.0186799 2.25482
-0.206244 0.308827 2.2099
-0.219318 0.591039 2.15103
-0.226606 0.736001 2.12378
-0.372668 0.459389 2.14372
-0.397451 0.196561 2.17477
-0.440436 -0.000128283 2.16029
-0.439485 -0.0417532 2.16715
-0.0488939 0.480604 2.16566
0.0168885 0.227405 2.20817
0.0851702 0.0381323 2.18056
0.0885235 0.00194819 2.1694
-0.262765 0.0127684 2.21627
-0.227549 -0.290937 2.31144
-0.176474 -0.602861 2.3788
-0.157332 -0.679701 2.31666
-0.115623 0.0240077 2.22374
-0.0888451 -0.298436 2.25642
-0.0605404 -0.58648 2.36543
-0.0510161 -0.672743 2.29252
-0.216651 0.52182 2.16679
-0.438065 -0.115099 2.1865
-0.456299 -0.0522086 2.13519
0.10348 -0.0805471 2.18535
0.0805398 -0.0369788 2.18329
-0.186353 0.0179845 2.24681
-0.202817 0.310019 2.20835
-0.215744 0.593328 2.15494
-0.223398 0.738488 2.12879
-0.370482 0.460246 2.14658
-0.395011 0.198292 2.17788
-0.438581 0.00174255 2.16269
-0.436386 -0.0393293 2.16697
-0.0454032 0.48115 2.16642
0.0202061 0.228901 2.20238
0.0876341 0.039528 2.17247
0.0921961 -0.000557729 2.16218
-0.256828 0.0123707 2.20852
-0.224179 -0.290556 2.30769
-0.177091 -0.59968 2.37794
-0.159246 -0.679209 2.31503
-0.110109 0.0230293 2.2155
-0.087036 -0.299838 2.26128
-0.0623532 -0.588285 2.3644
-0.046671 -0.674119 2.29125
-0.213049 0.523826 2.16959
-0.433895 -0.109032 2.17799
-0.454289 -0.0514537 2.13359
0.107474 -0.0801753 2.1751
0.0642819 -0.0171308 2.14752
-0.183797 0.0163542 2.24297
-0.1998 0.310254 2.20658
-0.212759 0.594652 2.15601
-0.218902 0.740263 2.13178
-0.36802 0.460443 2.14783
-0.393433 0.199904 2.17876
-0.437852 0.00355935 2.16294
-0.439957 -0.039414 2.16216
-0.0421066 0.480833 2.16564
0.0226303 0.228645 2.19738
0.0892361 0.0391629 2.16571
0.0936646 -0.00128571 2.15435
-0.254229 0.0111211 2.20454
-0.222907 -0.289937 2.30677
-0.177172 -0.5961 2.37865
-0.159394 -0.679528 2.31388
-0.107647 0.0210948 2.21178
-0.0851238 -0.300881 2.26727
-0.0621112 -0.587106 2.36334
-0.0453908 -0.673868 2.29066
-0.210019 0.524898 2.17023
-0.43663 -0.10947 2.1769
-0.458125 -0.0522678 2.13155
0.110062 -0.0852613 2.16432
0.0665352 -0.014062 2.13387
-0.179115 0.01557 2.23886
-0.195951 0.3106 2.20433
-0.21044 0.595526 2.15633
-0.214274 0.740892 2.13332
-0.364101 0.460179 2.14725
-0.392483 0.201957 2.17877
-0.439392 0.00628559 2.16044
-0.44423 -0.0375698 2.1561
-0.0378023 0.480053 2.16363
0.0250323 0.227971 2.19177
0.0904863 0.0381745 2.15928
0.0952117 -0.0021883 2.15046
-0.249583 0.0102944 2.20013
-0.220985 -0.288895 2.30579
-0.17719 -0.59388 2.37803
-0.162375 -0.67941 2.31159
-0.103082 0.0203722 2.20797
-0.0832631 -0.300985 2.2715
-0.0614642 -0.587234 2.36346
-0.040927 -0.67427 2.29068
-0.207291 0.525696 2.17019
-0.445059 -0.10297 2.16816
-0.460927 -0.0285204 2.123
0.108565 -0.0843826 2.16222
0.066995 -0.0207561 2.13401
-0.175758 0.0157764 2.23661
-0.192815 0.311287 2.20239
-0.208051 0.596524 2.15547
-0.210167 0.741734 2.13221
-0.361397 0.460818 2.14517
-0.391741 0.20274 2.17729
-0.439603 0.00727899 2.15965
-0.442104 -0.0373462 2.15296
-0.0351068 0.480598 2.16245
0.0260909 0.22829 2.19025
0.0910573 0.0382914 2.15805
0.0943645 -0.00262106 2.15239
-0.246291 0.0104045 2.19748
-0.220001 -0.288618 2.3055
-0.177478 -0.592758 2.37728
-0.16391 -0.679902 2.31096
-0.099744 0.0206626 2.20612
-0.0823311 -0.301279 2.27524
-0.0602713 -0.587206 2.36373
-0.0404151 -0.674839 2.2902
-0.204633 0.52665 2.16915
-0.444209 -0.10436 2.16347
-0.459071 -0.0375063 2.11939
0.108527 -0.0843532 2.16156
0.0661865 -0.0198257 2.13587
-0.173502 0.0156749 2.23563
-0.190352 0.311499 2.20074
-0.205406 0.597052 2.1536
-0.207833 0.742408 2.13137
-0.358649 0.461185 2.14257
-0.390219 0.202593 2.17519
-0.438535 0.00727643 2.15666
-0.43729 -0.0361587 2.15158
-0.0331021 0.481119 2.16183
0.0275539 0.228933 2.1903
0.0915723 0.038488 2.15921
0.0950508 -0.00294332 2.15889
-0.24422 0.010308 2.19594
-0.219367 -0.287708 2.30507
-0.178052 -0.590801 2.37739
-0.162496 -0.680104 2.31168
-0.0972477 0.0205892 2.20567
-0.0817453 -0.300515 2.27843
-0.0597239 -0.587398 2.3639
-0.0401001 -0.674786 2.29072
-0.201988 0.527111 2.16738
-0.434564 -0.108386 2.16776
-0.456944 -0.0472708 2.1205
0.109736 -0.0799458 2.17149
0.0662647 -0.0228677 2.14046
-0.172169 0.0157883 2.23562
-0.189055 0.311587 2.19956
-0.203952 0.597169 2.15111
-0.205456 0.743052 2.12884
-0.355911 0.461733 2.13706
-0.387237 0.203252 2.171
-0.434307 0.00772544 2.14977
-0.433454 -0.0361915 2.14237
-0.0313227 0.481416 2.16208
0.0296257 0.228214 2.19201
0.0939231 0.0376975 2.16263
0.0972617 -0.000253068 2.16573
-0.242684 0.0105074 2.19533
-0.218394 -0.286347 2.30458
-0.178895 -0.588359 2.37621
-0.166237 -0.679557 2.31177
-0.0960965 0.0206383 2.2061
-0.0810179 -0.298577 2.28289
-0.0591571 -0.582945 2.36427
-0.0386855 -0.674739 2.29053
-0.200552 0.527224 2.16529
-0.431933 -0.106972 2.15799
-0.450408 -0.0534679 2.10846
0.112353 -0.0801877 2.17541
0.0690262 -0.014606 2.14581
