-0.130331 0.0188718 2.24422
-0.13945 0.312505 2.20657
-0.147238 0.596074 2.1569
-0.148437 0.739381 2.12874
-0.303854 0.467417 2.14548
-0.340039 0.214734 2.18164
-0.38566 0.0187905 2.15935
-0.383031 -0.0205521 2.1592
0.0202919 0.480557 2.17311
0.0718941 0.228398 2.21763
0.119645 0.0338491 2.18181
0.114701 -0.00515425 2.18062
-0.201798 0.0167164 2.20386
-0.180556 -0.296284 2.297
-0.163703 -0.598976 2.37811
-0.166298 -0.681435 2.30834
-0.0547652 0.0205511 2.21494
-0.0654449 -0.302514 2.29523
-0.0583961 -0.589066 2.36924
-0.030409 -0.670549 2.29365
-0.145493 0.526643 2.17142
-0.384309 -0.0871617 2.17585
-0.354622 -0.0387377 2.15233
0.118196 -0.0853998 2.18816
0.0561347 0.0108984 2.17774
-0.130172 0.0190525 2.2443
-0.139253 0.312708 2.20664
-0.147022 0.596296 2.15701
-0.148319 0.739467 2.12881
-0.303671 0.467634 2.14599
-0.339606 0.215083 2.1824
-0.385129 0.0191039 2.1603
-0.382636 -0.0204071 2.16241
0.0208551 0.480776 2.17252
0.0730338 0.229351 2.21659
0.121043 0.0350367 2.17945
0.115589 -0.00468819 2.17986
-0.201585 0.0169385 2.20424
-0.179434 -0.296913 2.29766
-0.163699 -0.598908 2.37836
-0.16603 -0.681256 2.30883
-0.0546203 0.020719 2.21486
-0.0647255 -0.302068 2.29517
-0.0580707 -0.587477 2.36996
-0.0305074 -0.670426 2.29353
-0.145279 0.526858 2.17152
-0.381811 -0.0865908 2.17305
-0.353297 -0.0374398 2.14829
0.118295 -0.0854702 2.18994
0.118217 -0.0352079 2.14064
-0.129281 0.0197599 2.24411
-0.138369 0.313169 2.20638
-0.14617 0.596467 2.15676
-0.147938 0.739673 2.1289
-0.30309 0.467947 2.14549
-0.339417 0.215424 2.18298
-0.384709 0.0193703 2.1612
-0.382425 -0.0204971 2.16499
0.0217501 0.480617 2.17153
0.074819 0.230116 2.21482
0.122404 0.0358794 2.17636
0.118518 -0.00273106 2.17415
-0.200668 0.0176972 2.20436
-0.178685 -0.296689 2.29747
-0.163483 -0.598391 2.37883
-0.166144 -0.680688 2.30975
-0.0537378 0.0213934 2.21431
-0.0637363 -0.300969 2.29492
-0.057587 -0.586165 2.37017
-0.0299968 -0.670323 2.29346
-0.144417 0.527101 2.17126
-0.377953 -0.0912441 2.18091
-0.350371 -0.0312854 2.166
0.120593 -0.0837831 2.18329
0.0552923 0.0343337 2.17097
-0.128459 0.0201101 2.24406
-0.137653 0.313703 2.20662
-0.145613 0.597358 2.15758
-0.146878 0.739815 2.12955
-0.302926 0.468064 2.14522
-0.339 0.216031 2.18326
-0.384805 0.0200929 2.16157
-0.384479 -0.020241 2.16154
0.0227161 0.480404 2.17138
0.075975 0.23033 2.21369
0.123626 0.0362294 2.1744
0.119077 -0.00260637 2.17126
-0.199842 0.0180214 2.20416
-0.178028 -0.296061 2.29732
-0.162996 -0.598002 2.3797
-0.16595 -0.680706 2.30949
-0.0529761 0.0217124 2.21436
-0.0621958 -0.299757 2.29467
-0.0574221 -0.58348 2.36963
-0.0299515 -0.670152 2.2948
-0.143812 0.527882 2.1719
-0.381412 -0.0919151 2.18008
-0.353693 -0.0226469 2.14405
0.118624 -0.08616 2.17843
0.0557502 0.0310902 2.16821
-0.127411 0.0203088 2.24389
-0.136852 0.314133 2.20657
-0.145006 0.597987 2.15763
-0.146193 0.740638 2.13032
-0.302451 0.468087 2.14492
-0.338628 0.216548 2.18284
-0.384346 0.0206259 2.16042
-0.382106 -0.0207775 2.15369
0.0238241 0.480578 2.17144
0.0770108 0.230161 2.21257
0.124065 0.0360251 2.17253
0.118483 -0.00210249 2.16917
-0.19873 0.0182375 2.20382
-0.17746 -0.295805 2.29727
-0.162875 -0.597292 2.37975
-0.167303 -0.680965 2.31077
-0.0520305 0.0218639 2.21433
-0.0608969 -0.299384 2.29492
-0.0567421 -0.585212 2.37081
-0.0297183 -0.669975 2.2944
-0.143159 0.52846 2.17193
-0.379501 -0.0914643 2.16924
-0.360867 -0.0438769 2.15692
0.120239 -0.0847229 2.17697
0.0541675 0.0409675 2.15775
-0.12703 0.0208227 2.24381
-0.13641 0.314743 2.2068
-0.144434 0.59871 2.1583
-0.145723 0.741411 2.13054
-0.302058 0.468493 2.1447
-0.33794 0.216492 2.18101
-0.382191 0.0203247 2.15685
-0.378399 -0.0166223 2.14782
0.0245267 0.480949 2.17112
0.0776239 0.23018 2.2122
0.124377 0.0359813 2.17208
0.119473 -0.00348454 2.17171
-0.198272 0.0189184 2.20369
-0.176713 -0.295146 2.29624
-0.163033 -0.597268 2.37987
-0.167751 -0.681269 2.31076
-0.0517484 0.0222018 2.21427
-0.058465 -0.298032 2.29647
-0.0554369 -0.586109 2.37428
-0.029534 -0.669945 2.29396
-0.142621 0.529156 2.17247
-0.373349 -0.0905667 2.16155
-0.348384 -0.0236409 2.13004
0.118846 -0.0863166 2.18258
0.0552502 0.0359169 2.16715
-0.12812 0.0214501 2.2435
-0.137358 0.315361 2.20631
-0.145377 0.599285 2.15754
-0.146457 0.742365 2.13055
-0.302864 0.469566 2.14324
-0.338558 0.216676 2.17954
-0.382918 0.0207616 2.15233
-0.383276 -0.0169611 2.14459
0.0232524 0.481081 2.16883
0.0768383 0.230557 2.21169
0.1244 0.0364588 2.17221
0.119626 -0.00543695 2.17143
-0.199466 0.0196546 2.2036
-0.176972 -0.294483 2.29448
-0.163268 -0.597385 2.37981
-0.167301 -0.682007 2.31088
-0.0527656 0.0227029 2.21375
-0.0584959 -0.297951 2.29653
-0.0532499 -0.581196 2.37273
-0.0298556 -0.671812 2.29991
-0.143556 0.529746 2.17179
-0.376804 -0.0909521 2.15896
-0.359263 -0.0155418 2.14175
0.118788 -0.0862767 2.18143
0.0965026 -0.00456747 2.14746
-0.133513 0.0218107 2.2416
-0.142973 0.315752 2.2031
-0.151465 0.599588 2.15266
-0.150944 0.742457 2.12745
-0.308136 0.469226 2.13903
-0.34499 0.215774 2.17497
-0.390418 0.0199612 2.14985
-0.397917 -0.0202839 2.14632
0.0172573 0.481135 2.16453
0.0717854 0.230896 2.21009
0.120031 0.0367888 2.17177
0.111612 -0.00572674 2.16904
-0.205401 0.0197552 2.20139
-0.181454 -0.292083 2.28887
-0.164036 -0.597094 2.3785
-0.168112 -0.682019 2.30871
-0.0575285 0.0232202 2.21211
-0.0619073 -0.297812 2.28809
-0.0545197 -0.58516 2.37025
-0.0291895 -0.671718 2.29771
-0.149513 0.530085 2.16737
-0.394533 -0.0906736 2.15953
-0.375534 -0.00805082 2.14378
0.112706 -0.0862015 2.17944
0.0836911 -0.0145505 2.15123
-0.146209 0.0207169 2.23728
-0.155794 0.313003 2.19804
-0.164742 0.59512 2.14694
-0.16557 0.737165 2.12012
-0.320702 0.465721 2.13382
-0.36084 0.211517 2.17199
-0.409186 0.0165963 2.14531
-0.416943 -0.0262794 2.14391
0.00428783 0.476921 2.16215
0.0581969 0.227178 2.20695
0.105978 0.0333343 2.16606
0.0950408 -0.0085398 2.16122
-0.219077 0.0167753 2.19715
-0.197036 -0.300602 2.28807
-0.166599 -0.599049 2.37684
-0.160502 -0.679836 2.30551
-0.0689593 0.0239257 2.20775
-0.0686381 -0.293316 2.20502
-0.054427 -0.596179 2.35166
-0.0323418 -0.671772 2.28992
-0.162651 0.526055 2.16181
-0.41396 -0.101623 2.16069
-0.400875 -0.0633614 2.15133
0.0962023 -0.0905104 2.17272
0.0638979 -0.0171898 2.14576
-0.162626 0.0156467 2.2344
-0.168198 0.306902 2.19465
-0.173264 0.588185 2.14321
-0.1746 0.732294 2.11618
-0.329011 0.459622 2.13065
-0.369367 0.206541 2.16999
-0.419846 0.0120643 2.14539
-0.426339 -0.0376786 2.14579
-0.00337036 0.472632 2.16198
0.0506273 0.221779 2.20547
0.0947301 0.0272607 2.16337
0.087834 -0.0147742 2.15849
-0.235047 0.0108994 2.19243
-0.21479 -0.30984 2.29458
-0.169176 -0.603345 2.37382
-0.141541 -0.679629 2.29734
-0.0852078 0.0198508 2.20672
-0.0749387 -0.291098 2.1566
-0.06285 -0.606967 2.29107
-0.0436286 -0.685376 2.23909
-0.172127 0.519311 2.15815
-0.42399 -0.108737 2.15823
-0.403605 -0.0497735 2.14506
0.0906629 -0.0938933 2.16485
0.0576392 -0.0273492 2.13723
-0.17067 0.0121153 2.22731
-0.174681 0.303271 2.1875
-0.17789 0.584405 2.13597
-0.179701 0.729397 2.1082
-0.334478 0.456192 2.12401
-0.374722 0.203672 2.16537
-0.423473 0.00848223 2.1455
-0.428229 -0.0379846 2.14713
-0.00855721 0.470849 2.1591
0.0469771 0.22042 2.20379
0.0927184 0.0261781 2.16236
0.0906493 -0.0161726 2.15657
-0.242766 0.00831335 2.18494
-0.220092 -0.312995 2.29512
-0.174608 -0.590277 2.37468
-0.156616 -0.689453 2.28906
-0.0932988 0.0154638 2.20003
-0.0744859 -0.308976 2.12515
-0.0394683 -0.624864 2.1504
-0.0151291 -0.699219 2.08789
-0.177247 0.515567 2.15094
-0.425067 -0.108764 2.16111
-0.397137 -0.0453423 2.13172
0.0934909 -0.0952391 2.16172
0.0622579 -0.0255395 2.13775
-0.173641 0.00527454 2.21656
-0.177067 0.297649 2.17653
-0.179494 0.579826 2.12475
-0.180295 0.724402 2.09586
-0.336199 0.452747 2.11207
-0.378818 0.199213 2.15418
-0.426801 0.0036582 2.14097
-0.428485 -0.043625 2.13701
-0.011173 0.46651 2.15064
0.0439136 0.218115 2.19819
0.0954087 0.0249254 2.15942
0.0986818 -0.0237918 2.1544
-0.245089 0.00271031 2.1738
-0.220338 -0.314187 2.29466
-0.176716 -0.601726 2.37486
-0.165183 -0.686339 2.29875
-0.0967784 0.00759828 2.18966
-0.0605138 -0.322452 2.10494
-0.0227123 -0.637281 2.06162
0.0021522 -0.719941 1.95181
-0.179068 0.510741 2.13978
-0.424163 -0.120331 2.15672
-0.396682 -0.0405633 2.12467
0.0997338 -0.0939065 2.16299
0.071958 -0.0274066 2.12688
-0.171693 -0.00780963 2.18422
-0.173919 0.28777 2.15004
-0.175228 0.572783 2.10322
-0.176336 0.719001 2.0787
-0.333087 0.444275 2.08909
-0.378173 0.188887 2.13036
-0.42785 -0.00617442 2.11531
-0.429929 -0.0538917 2.10539
-0.00611383 0.455481 2.12217
0.0465156 0.203837 2.17349
0.0991257 0.00938192 2.15004
0.0979888 -0.0359291 2.14752
-0.24249 -0.00971918 2.14149
-0.215017 -0.312923 2.27995
-0.178331 -0.604589 2.37178
-0.171043 -0.686366 2.29941
-0.0954247 -0.00566495 2.15737
-0.0411986 -0.336992 2.07324
-0.00993018 -0.662624 2.01359
0.00705383 -0.737078 1.91455
-0.17507 0.503028 2.1171
-0.431309 -0.129324 2.12085
-0.402364 -0.0638034 2.10792
0.098128 -0.104779 2.16701
0.0688678 -0.0408043 2.1249
-0.161962 -0.0161505 2.14792
-0.1657 0.280905 2.12052
-0.168437 0.567426 2.08113
-0.17071 0.715325 2.06016
-0.324675 0.437167 2.0644
-0.371501 0.180638 2.09809
-0.425278 -0.0133135 2.08444
-0.425367 -0.058412 2.07086
0.00208447 0.449056 2.10002
0.051199 0.196233 2.1492
0.102466 0.00144627 2.12541
0.100081 -0.050065 2.12154
-0.23294 -0.0187392 2.10461
-0.206228 -0.31558 2.24601
-0.177007 -0.604463 2.36952
-0.172718 -0.684203 2.30219
-0.0857398 -0.0130569 2.12161
-0.0364145 -0.335901 2.05061
-0.0108403 -0.661109 2.01291
0.00585014 -0.73833 1.91728
-0.167926 0.497288 2.09308
-0.429137 -0.132395 2.0858
-0.400012 -0.0665367 2.0758
0.0992906 -0.117348 2.14238
0.069865 -0.0560323 2.10144
-0.156739 -0.0193744 2.1267
-0.161571 0.279037 2.10317
-0.165303 0.566662 2.06768
-0.167006 0.714564 2.04963
-0.31818 0.43334 2.04154
-0.36438 0.178416 2.06872
-0.415777 -0.0154849 2.04021
-0.411741 -0.0565848 2.02765
0.00624332 0.446907 2.08676
0.0549058 0.193684 2.12878
0.108865 0.000201884 2.09808
0.109249 -0.0396703 2.0832
-0.2278 -0.0219307 2.08236
-0.200004 -0.317273 2.2296
-0.172456 -0.607833 2.36859
-0.173882 -0.68464 2.30396
-0.0805615 -0.0161929 2.10139
-0.0314645 -0.339674 2.03745
-0.00996383 -0.660334 2.01899
0.00512073 -0.739323 1.92343
-0.164554 0.496273 2.07865
-0.411459 -0.13509 2.04022
-0.388978 -0.0555941 2.0348
0.111159 -0.119267 2.09541
0.0768773 -0.0437465 2.05622
-0.155279 -0.0204226 2.12214
-0.161098 0.277779 2.0976
-0.165999 0.56509 2.06054
-0.166843 0.712651 2.04183
-0.317776 0.432412 2.03544
-0.358314 0.178735 2.0497
-0.399791 -0.0144693 1.99947
-0.391742 -0.0564048 1.9795
0.00632659 0.445671 2.07964
0.0569277 0.194334 2.11581
0.114123 0.0036483 2.07168
0.114694 -0.0361788 2.05381
-0.226265 -0.0229813 2.07762
-0.198052 -0.317747 2.22479
-0.170648 -0.608543 2.36756
-0.174141 -0.685057 2.3025
-0.079227 -0.0171942 2.09702
-0.0293184 -0.339854 2.03156
-0.0108695 -0.65831 2.01666
0.00487435 -0.739708 1.92508
-0.164949 0.494785 2.07195
-0.386048 -0.134647 1.97865
-0.372322 -0.0890592 1.98314
0.115382 -0.117182 2.05861
0.0865982 -0.0408183 2.03442
-0.162084 -0.0182443 2.13717
-0.166677 0.278477 2.1041
-0.170383 0.565014 2.06173
-0.171539 0.711794 2.04091
-0.323072 0.433359 2.04079
-0.357014 0.182342 2.05303
-0.389067 -0.0106636 1.99326
-0.376655 -0.0493788 1.97899
0.00175538 0.447226 2.07967
0.0559328 0.195967 2.11585
0.113438 0.00573267 2.06912
0.108914 -0.0319491 2.06658
-0.233255 -0.0203974 2.0952
-0.199507 -0.320069 2.23019
-0.169813 -0.60993 2.36775
-0.174729 -0.686707 2.30374
-0.0856065 -0.0154907 2.10962
-0.0305445 -0.339335 2.03305
-0.00957369 -0.660999 2.01813
0.00506749 -0.741452 1.92236
-0.169557 0.494853 2.07419
-0.370773 -0.123183 1.97109
-0.344679 -0.0499898 1.97789
0.114596 -0.105626 2.06316
0.0825731 -0.0381756 2.04193
-0.170753 -0.0135767 2.16641
-0.176165 0.280693 2.1238
-0.17948 0.565098 2.07097
-0.182298 0.711651 2.04538
-0.33339 0.436117 2.05696
-0.35795 0.183825 2.07603
-0.376353 -0.0123093 2.02049
-0.371579 -0.0477035 2.01702
-0.0103154 0.451603 2.09222
0.0483593 0.201033 2.13561
0.103128 0.00916524 2.09216
0.0980276 -0.0264296 2.10113
-0.241859 -0.0157189 2.12576
-0.203477 -0.31834 2.24419
-0.169866 -0.609906 2.36791
-0.174425 -0.686663 2.30376
-0.0941648 -0.0110073 2.13751
-0.0353209 -0.333716 2.04641
-0.00632841 -0.662347 2.0125
0.00551005 -0.740759 1.92156
-0.178925 0.495414 2.086
-0.361561 -0.1206 2.00922
-0.339205 -0.0545991 1.99715
0.106411 -0.097845 2.09663
0.0728863 -0.0317336 2.07617
-0.177925 -0.00629298 2.20074
-0.184923 0.284861 2.14956
-0.189842 0.566256 2.08721
-0.195644 0.711844 2.05785
-0.344161 0.440748 2.08182
-0.367262 0.180684 2.1137
-0.384061 -0.0203403 2.09244
-0.388138 -0.0452774 2.09743
-0.0241665 0.458834 2.1163
0.0352413 0.205275 2.17637
0.0873108 0.0102881 2.15358
0.082861 -0.0213881 2.164
-0.249276 -0.00953396 2.15933
-0.209352 -0.312884 2.26532
-0.171327 -0.603604 2.36624
-0.17422 -0.682972 2.30568
-0.100932 -0.00283375 2.17264
-0.0433914 -0.325457 2.07654
0.00316215 -0.647311 2.07933
0.00257301 -0.72998 1.99609
-0.188926 0.49732 2.10478
-0.385926 -0.127651 2.10642
-0.355329 -0.0667427 2.0845
0.0883731 -0.0976568 2.16844
0.0578824 -0.0225535 2.13691
-0.185253 0.0027146 2.21845
-0.190113 0.291666 2.16402
-0.193607 0.570865 2.09817
-0.199698 0.716073 2.06559
-0.346835 0.445603 2.09258
-0.37591 0.185827 2.13479
-0.409993 -0.0129519 2.13002
-0.417534 -0.0517575 2.14934
-0.0280087 0.463385 2.12721
0.0309828 0.210298 2.19797
0.0806288 0.0143559 2.18365
0.0761329 -0.0132451 2.19923
-0.257226 -0.000166251 2.17633
-0.217846 -0.304341 2.27181
-0.171981 -0.603166 2.3669
-0.175113 -0.68275 2.30699
-0.107472 0.00551916 2.19105
-0.0685833 -0.313197 2.13416
-0.0118777 -0.616465 2.23394
-0.0075798 -0.694336 2.14453
-0.192977 0.502487 2.11667
-0.418999 -0.123223 2.1709
-0.383157 -0.071688 2.14412
0.0858076 -0.0883409 2.21144
0.0513169 -0.0220227 2.17434
-0.184634 0.00969056 2.23304
-0.190612 0.297358 2.17485
-0.194961 0.575218 2.10549
-0.200131 0.719706 2.07368
-0.34844 0.448992 2.10029
-0.382843 0.19189 2.14979
-0.431227 -0.0029347 2.15714
-0.438229 -0.0392046 2.17427
-0.0286035 0.466746 2.13683
0.0285551 0.215205 2.21453
0.0813414 0.0200667 2.2041
0.0772577 -0.0136358 2.22057
-0.256395 0.00585074 2.1903
-0.224513 -0.295637 2.28213
-0.176991 -0.59476 2.37407
-0.158321 -0.679399 2.31599
-0.107144 0.0132654 2.20633
-0.0853937 -0.292976 2.20724
-0.0283736 -0.582696 2.40999
-0.0381123 -0.656219 2.33767
-0.194137 0.507182 2.12485
-0.442567 -0.112503 2.20404
-0.40503 -0.047435 2.16427
0.0846637 -0.0875318 2.23446
0.0505126 -0.0223989 2.19884
-0.183736 0.0127766 2.24869
-0.188749 0.300041 2.18528
-0.19272 0.577376 2.11118
-0.197813 0.721742 2.07943
-0.347939 0.451948 2.10833
-0.388046 0.196554 2.16217
-0.4388 0.00224299 2.16829
-0.446991 -0.0374276 2.18129
-0.0268641 0.468042 2.14141
0.0284705 0.217556 2.21829
0.0821516 0.0227519 2.21301
0.0786111 -0.0150128 2.2278
-0.255583 0.00913986 2.20759
-0.21542 -0.281996 2.29733
-0.178679 -0.586095 2.37816
-0.164172 -0.640469 2.25908
-0.106216 0.0160199 2.22029
-0.0872184 -0.27228 2.29089
-0.050798 -0.530416 2.55877
-0.0316972 -0.612313 2.5174
-0.191928 0.509486 2.13166
-0.452246 -0.111086 2.20778
-0.423078 -0.046803 2.18511
0.0851288 -0.09154 2.25076
0.0470989 -0.0272121 2.21495
-0.178606 0.0163855 2.28057
-0.181518 0.302904 2.20555
-0.184207 0.579758 2.12085
-0.186832 0.72485 2.09163
-0.343006 0.455584 2.12062
-0.386719 0.204129 2.17244
-0.440426 0.0102481 2.17393
-0.446662 -0.0272889 2.18391
-0.0229767 0.467717 2.14644
0.0298044 0.218143 2.22127
0.082737 0.0232015 2.21779
0.0800908 -0.0190088 2.22627
-0.250651 0.0147106 2.23954
-0.216128 -0.266354 2.32468
-0.183274 -0.580658 2.37913
-0.170111 -0.68012 2.30729
-0.101124 0.0175704 2.25204
-0.0912549 -0.234183 2.38997
-0.0690534 -0.490069 2.66151
-0.0493174 -0.576866 2.65294
-0.183656 0.511971 2.14381
-0.456402 -0.0984581 2.20333
-0.414487 -0.031855 2.17706
0.0827524 -0.100982 2.25851
0.0486951 -0.0327414 2.21315
-0.173654 0.0209685 2.30614
-0.17375 0.3051 2.22317
-0.173763 0.580133 2.13034
-0.174684 0.724871 2.10029
-0.334642 0.456645 2.12878
-0.381231 0.20919 2.18155
-0.438811 0.0161859 2.17839
-0.441446 -0.0232863 2.19135
-0.0147246 0.46753 2.15609
0.0327673 0.21615 2.22782
0.080557 0.0197522 2.21909
0.0766918 -0.021361 2.22524
-0.246381 0.0196591 2.26352
-0.221334 -0.262024 2.33367
-0.184545 -0.581058 2.3797
-0.171666 -0.677827 2.3052
-0.0956781 0.0216325 2.27925
-0.0866293 -0.238317 2.4715
-0.072451 -0.503964 2.70891
-0.0491293 -0.585958 2.67797
-0.173882 0.512753 2.15537
-0.45346 -0.0991926 2.21726
-0.424058 -0.0276879 2.2024
0.0787936 -0.099803 2.24206
0.0507696 -0.030784 2.20181
-0.167178 0.0257175 2.33121
-0.164982 0.307361 2.24092
-0.162649 0.580247 2.14062
-0.162766 0.72498 2.10975
-0.324175 0.459956 2.13759
-0.370186 0.211842 2.19241
-0.43218 0.0202491 2.18941
-0.429241 -0.0213311 2.20481
-0.00333798 0.465749 2.17172
0.0393929 0.214275 2.2476
0.0770837 0.0159436 2.22653
0.0732891 -0.0240108 2.23999
-0.23989 0.0253093 2.28715
-0.225105 -0.259097 2.34101
-0.187003 -0.579625 2.38294
-0.172134 -0.677864 2.30737
-0.0895035 0.0253352 2.30573
-0.0841099 -0.236654 2.50536
-0.0754368 -0.504459 2.71874
-0.0495324 -0.585721 2.6894
-0.163351 0.513369 2.16755
-0.438986 -0.0973988 2.22764
-0.406307 -0.012363 2.20592
0.0740479 -0.103685 2.2568
0.0459234 -0.0307954 2.21627
-0.163094 0.0290015 2.34609
-0.159186 0.309259 2.25354
-0.154902 0.580589 2.15009
-0.152172 0.723512 2.11868
-0.314609 0.463208 2.15057
-0.362008 0.212364 2.20628
-0.416138 0.0188432 2.21139
-0.415524 -0.0170639 2.22149
0.00374039 0.465689 2.18494
0.0446004 0.21049 2.2653
0.0765195 0.0109453 2.25242
0.0721498 -0.0233319 2.26813
-0.23559 0.029085 2.30172
-0.224666 -0.251817 2.34925
-0.189994 -0.569844 2.38542
-0.173255 -0.677772 2.31324
-0.0857816 0.028059 2.32093
-0.0786569 -0.233022 2.52639
-0.0742208 -0.504029 2.72808
-0.050838 -0.586082 2.6937
-0.156089 0.514114 2.17793
-0.421506 -0.093477 2.24407
-0.3821 -0.0109163 2.21967
0.0762933 -0.0987884 2.28973
0.0381723 -0.0349257 2.26182
-0.15864 0.0305944 2.35407
-0.154639 0.310695 2.26181
-0.150013 0.581696 2.15809
-0.147114 0.722684 2.12321
-0.310536 0.465409 2.15942
-0.358495 0.213992 2.21764
-0.412914 0.0204527 2.22155
-0.419363 -0.0149261 2.22973
0.00686126 0.465623 2.18995
0.0461994 0.210161 2.27158
0.0775253 0.0106836 2.26807
0.0719772 -0.0250859 2.28482
-0.230841 0.0314874 2.31064
-0.225339 -0.246965 2.353
-0.188739 -0.573257 2.38593
-0.17194 -0.674186 2.30956
-0.0817509 0.0289044 2.32802
-0.0745946 -0.23126 2.53442
-0.0717557 -0.50351 2.73348
-0.0490386 -0.58574 2.6991
-0.151297 0.515321 2.18608
-0.423245 -0.0880984 2.24607
-0.396706 -0.033251 2.22681
0.0743467 -0.100915 2.30971
0.0365679 -0.0360646 2.27613
-0.158102 0.0310809 2.35491
-0.15381 0.311179 2.26278
-0.148735 0.58219 2.15913
-0.146499 0.723128 2.12402
-0.309963 0.465955 2.16102
-0.360669 0.217929 2.22328
-0.418928 0.0256933 2.2289
-0.431394 -0.00924233 2.24002
0.00842523 0.465474 2.18968
0.0472858 0.21011 2.27059
0.0782785 0.0104733 2.26368
0.0734582 -0.0301278 2.26961
-0.23026 0.0322449 2.31206
-0.22695 -0.244342 2.35299
-0.188494 -0.573582 2.38603
-0.17247 -0.674425 2.31015
-0.0812781 0.0291652 2.32834
-0.0728143 -0.230651 2.53507
-0.0699665 -0.503854 2.73418
-0.0492632 -0.586552 2.70002
-0.150154 0.515817 2.18712
-0.435434 -0.0827653 2.25982
-0.401764 -0.0143155 2.22687
0.067912 -0.109702 2.30373
0.0445946 -0.0360311 2.2488
-0.158737 0.0304365 2.34766
-0.154061 0.311178 2.25922
-0.148734 0.582446 2.158
-0.14657 0.724481 2.12342
-0.310598 0.466021 2.16053
-0.364573 0.220809 2.22217
-0.429561 0.0311481 2.23111
-0.443263 -0.0113487 2.24179
0.00877028 0.465144 2.18693
0.046083 0.20919 2.25627
0.0765951 0.00949304 2.23933
0.073556 -0.0330092 2.23449
-0.231139 0.0314955 2.30593
-0.227512 -0.246349 2.35009
-0.188864 -0.571811 2.3847
-0.173212 -0.67724 2.31224
-0.081578 0.0285826 2.31972
-0.0740583 -0.2339 2.52373
-0.0680182 -0.503954 2.73138
-0.0496311 -0.587126 2.69871
-0.1502 0.516041 2.18551
-0.453565 -0.0833362 2.26231
-0.418131 -0.0301852 2.23617
0.0682281 -0.113264 2.26556
0.0471451 -0.0359148 2.20973
-0.167242 0.0246488 2.31331
-0.162156 0.310189 2.23856
-0.155505 0.584904 2.14989
-0.152115 0.726926 2.11663
-0.318654 0.46694 2.14881
-0.378227 0.221751 2.20393
-0.441605 0.0316946 2.21435
-0.458601 -0.0185366 2.21315
0.00267302 0.46554 2.17235
0.0387487 0.212135 2.22853
0.0682094 0.0130799 2.19807
0.0622382 -0.0324924 2.19119
-0.239784 0.0256296 2.27172
-0.226009 -0.251819 2.33935
-0.187062 -0.580283 2.38531
-0.172003 -0.678163 2.31314
-0.0896709 0.0229523 2.28526
-0.0876285 -0.237698 2.422
-0.0703772 -0.496263 2.69155
-0.0518309 -0.577251 2.68607
-0.157363 0.517797 2.17452
-0.479167 -0.0835667 2.23371
-0.425016 -0.0322903 2.20518
0.0593586 -0.110244 2.20506
0.0353519 -0.0346545 2.17103
-0.179408 0.0166991 2.28342
-0.173165 0.306701 2.22076
-0.165304 0.585497 2.14293
-0.160392 0.726983 2.1094
-0.329916 0.464549 2.13789
-0.388325 0.217279 2.1842
-0.451578 0.0262541 2.18391
-0.466655 -0.0231307 2.17572
-0.00563707 0.464599 2.16258
0.031157 0.21134 2.21032
0.0618579 0.0128285 2.17633
0.0570535 -0.0337847 2.16743
-0.251356 0.0167792 2.24145
-0.224225 -0.260528 2.32813
-0.188812 -0.576911 2.38264
-0.172053 -0.676354 2.3086
-0.101997 0.0160923 2.25578
-0.0878788 -0.253305 2.33016
-0.0740281 -0.495775 2.61354
-0.0643045 -0.552292 2.49386
-0.167454 0.517428 2.16499
-0.495761 -0.0874912 2.18651
-0.43976 -0.0464862 2.18179
0.0562251 -0.110292 2.1811
0.0341766 -0.036499 2.13971
-0.184138 0.0124102 2.26052
-0.18125 0.303132 2.20539
-0.176284 0.583473 2.13597
-0.173071 0.72551 2.10221
-0.339282 0.460276 2.12648
-0.394386 0.211813 2.16636
-0.456742 0.0201725 2.15566
-0.468343 -0.0315258 2.14757
-0.0137885 0.464398 2.15718
0.0253404 0.210412 2.20016
0.0591456 0.0125716 2.16472
0.0544813 -0.0326775 2.15204
-0.255571 0.00977387 2.21785
-0.227412 -0.271962 2.30947
-0.192061 -0.569642 2.37868
-0.174866 -0.675761 2.31849
-0.107058 0.0146008 2.23351
-0.089479 -0.258045 2.23981
-0.0788787 -0.509585 2.51573
-0.0428344 -0.599971 2.5199
-0.177748 0.514926 2.15579
-0.496824 -0.102121 2.15361
-0.440482 -0.059488 2.1425
0.0536592 -0.115586 2.16835
0.0342235 -0.0493462 2.15712
-0.187707 0.0131225 2.23866
-0.187947 0.303228 2.19104
-0.185936 0.583309 2.12967
-0.184476 0.725789 2.0962
-0.347089 0.457627 2.11693
-0.395624 0.206232 2.15617
-0.450616 0.0122838 2.14658
-0.452509 -0.0360356 2.14119
-0.0203865 0.466536 2.15338
0.022426 0.209673 2.19516
0.0572034 0.0128107 2.15393
0.0470651 -0.0233139 2.14671
-0.258684 0.00857219 2.19415
-0.231966 -0.285205 2.29824
-0.18767 -0.576115 2.37931
-0.172047 -0.675659 2.31619
-0.110869 0.0171073 2.21343
-0.0880191 -0.285013 2.19193
-0.0727225 -0.595149 2.38258
-0.0373021 -0.665949 2.3203
-0.186667 0.514759 2.1474
-0.487382 -0.107701 2.14099
-0.425431 -0.0600692 2.14556
0.0553903 -0.107197 2.1491
0.00308877 -0.0128737 2.161
-0.192428 0.0068879 2.21485
-0.19431 0.299698 2.17372
-0.194091 0.581977 2.11961
-0.193659 0.725495 2.08784
-0.351143 0.454592 2.10427
-0.392497 0.197008 2.14374
-0.439446 0.00116935 2.14291
-0.442152 -0.0429175 2.14335
-0.0258352 0.467114 2.14854
0.0207663 0.209931 2.18729
0.0581295 0.0144665 2.1406
0.0541841 -0.0291121 2.13358
-0.262873 0.00354512 2.17039
-0.230355 -0.307838 2.29022
-0.180424 -0.603306 2.37636
-0.166368 -0.680149 2.30372
-0.115918 0.00993665 2.18974
-0.072396 -0.321568 2.11408
-0.0201899 -0.635664 2.13805
-0.0162811 -0.71875 2.05078
-0.194443 0.512914 2.13541
-0.475882 -0.120898 2.15243
-0.406235 -0.0592459 2.1325
0.0719495 -0.10371 2.13798
0.00509729 -0.0344998 2.11056
-0.189563 -0.00358625 2.19275
-0.194535 0.291573 2.15893
-0.197022 0.576296 2.11201
-0.197722 0.721081 2.07967
-0.352183 0.447035 2.09298
-0.393004 0.189145 2.13296
-0.43841 -0.00696061 2.13359
-0.445695 -0.0559676 2.12893
-0.0280387 0.462286 2.13858
0.0212446 0.205982 2.17189
0.0655728 0.0113553 2.12875
0.0691371 -0.0345768 2.12207
-0.25994 -0.00625256 2.14942
-0.225267 -0.320342 2.28238
-0.180023 -0.605338 2.37437
-0.169238 -0.682283 2.30626
-0.113188 -0.00082014 2.16654
-0.0587131 -0.329031 2.06948
-0.0214654 -0.666314 2.01399
-0.0214996 -0.746094 1.91406
-0.19677 0.506615 2.12604
-0.469678 -0.132533 2.1511
-0.412809 -0.0696507 2.1141
0.0846654 -0.113079 2.13239
0.017183 -0.0308718 2.10377
-0.180507 -0.0165184 2.15917
-0.189616 0.281019 2.13704
-0.196253 0.568536 2.10137
-0.198167 0.714457 2.07051
-0.350849 0.437963 2.08255
-0.391191 0.180182 2.11545
-0.439253 -0.0155531 2.10875
-0.447821 -0.0636134 2.10188
-0.0241097 0.452176 2.12142
0.0263424 0.196095 2.14873
0.0765376 0.00255737 2.10788
0.0803632 -0.0434764 2.09768
-0.250618 -0.0196524 2.114
-0.220708 -0.325664 2.26074
-0.17897 -0.607123 2.37437
-0.17054 -0.684209 2.31075
-0.104592 -0.0128516 2.13472
-0.0562193 -0.33449 2.04327
-0.0247652 -0.666089 1.99401
-0.0242671 -0.747222 1.89928
-0.194994 0.498087 2.11263
-0.468918 -0.133507 2.11676
-0.416723 -0.0800055 2.08072
0.0933991 -0.123082 2.11
0.025165 -0.0332377 2.08175
-0.173637 -0.0205177 2.12582
-0.183285 0.276871 2.11062
-0.191626 0.563974 2.08338
-0.194728 0.71068 2.05795
-0.345155 0.430123 2.06057
-0.386287 0.1759 2.08389
-0.435865 -0.019447 2.06723
-0.440581 -0.0698417 2.06017
-0.0180789 0.446868 2.09661
0.0313586 0.193425 2.11413
0.0786121 0.00187809 2.05907
0.0769808 -0.0433641 2.04291
-0.244119 -0.0233597 2.08136
-0.21601 -0.326201 2.2332
-0.173306 -0.612194 2.36714
-0.171271 -0.69117 2.30902
-0.0974825 -0.0169664 2.10058
-0.0542966 -0.347725 2.02489
-0.0284725 -0.666778 1.99576
-0.0245339 -0.746696 1.89953
-0.189775 0.49363 2.0923
-0.464927 -0.140793 2.07401
-0.449301 -0.0933114 2.0935
0.0942043 -0.119658 2.03771
0.0287251 -0.0297155 2.0304
-0.172351 -0.0211449 2.11953
-0.182175 0.276717 2.10209
-0.190586 0.564141 2.07224
-0.193135 0.711723 2.04934
-0.344278 0.4298 2.04845
-0.383142 0.173852 2.06691
-0.4314 -0.0214574 2.04211
-0.434969 -0.0687094 2.03262
-0.016952 0.445839 2.08267
0.0326914 0.19186 2.0952
0.0771206 0.00185618 2.03147
0.0728978 -0.0417114 2.01367
-0.242802 -0.0241071 2.07506
-0.214735 -0.3249 2.22999
-0.171739 -0.613089 2.36962
-0.171721 -0.691375 2.30934
-0.0962645 -0.0174675 2.09441
-0.051646 -0.348523 2.01822
-0.0296958 -0.666791 1.99542
-0.0245626 -0.746784 1.89932
-0.188719 0.493755 2.08183
-0.451802 -0.139737 2.04542
-0.456244 -0.040114 2.02358
0.0893249 -0.120313 2.00405
0.0240366 -0.0257576 2.00759
-0.171861 -0.0216215 2.11928
-0.182025 0.276453 2.10029
-0.191233 0.563905 2.06836
-0.193175 0.711517 2.04527
-0.344493 0.429482 2.04543
-0.381515 0.17245 2.05984
-0.426042 -0.0232469 2.02875
-0.426868 -0.0688592 2.01724
-0.0180681 0.445673 2.07786
0.0316627 0.191326 2.08836
0.0755672 0.00162184 2.02312
0.0714968 -0.0422769 2.00894
-0.242533 -0.0247424 2.07551
-0.214244 -0.325407 2.23059
-0.171063 -0.613811 2.37317
-0.174803 -0.68999 2.30742
-0.0954691 -0.0177998 2.09337
-0.0515258 -0.34735 2.01716
-0.030475 -0.664683 1.99662
-0.0245838 -0.746332 1.90036
-0.189128 0.493505 2.07855
-0.439732 -0.139808 2.02724
-0.400901 -0.0742842 2.01735
0.083067 -0.118272 2.00027
0.0236925 -0.0212742 2.02235
-0.176279 -0.0214771 2.12948
-0.184504 0.276225 2.10381
-0.192333 0.563619 2.06838
-0.195241 0.711554 2.04524
-0.345707 0.43028 2.04857
-0.379719 0.174331 2.06313
-0.421062 -0.0216489 2.02801
-0.415677 -0.0633309 2.02532
-0.0197223 0.446185 2.07994
0.0296232 0.192264 2.09161
0.0713096 0.00210984 2.02619
0.068854 -0.0441993 2.02524
-0.247179 -0.0244749 2.08873
-0.214742 -0.330247 2.23543
-0.170935 -0.615598 2.36931
-0.174384 -0.693347 2.30798
-0.0995356 -0.0177662 2.10091
-0.0533701 -0.347835 2.0182
-0.0309264 -0.666786 1.99465
-0.0251759 -0.747368 1.8964
-0.19047 0.493226 2.07919
-0.427101 -0.141239 2.03035
-0.424537 -0.107471 2.063
0.0762206 -0.11764 2.01549
0.0316718 -0.0472921 2.03147
-0.183606 -0.0177251 2.15573
-0.192869 0.277587 2.12425
-0.200509 0.562798 2.08154
-0.203358 0.710725 2.05368
-0.35329 0.433564 2.06746
-0.382687 0.176161 2.09154
-0.414667 -0.0211297 2.05263
-0.413555 -0.0590256 2.06204
-0.0308762 0.448622 2.10004
0.0222096 0.194757 2.13102
0.0638768 0.00071714 2.08148
0.0613561 -0.0431312 2.08825
-0.254399 -0.0210224 2.11423
-0.218528 -0.333979 2.24856
-0.169644 -0.615996 2.36598
-0.172686 -0.695353 2.31004
-0.106868 -0.0138587 2.12773
-0.0580865 -0.338198 2.02666
-0.0296919 -0.665729 1.98688
-0.0256847 -0.747029 1.89557
-0.198845 0.492928 2.09422
-0.417411 -0.137461 2.06658
-0.37806 -0.0595531 2.0615
0.0751963 -0.117596 2.08572
0.00738344 -0.0244818 2.07568
-0.190225 -0.0126329 2.17811
-0.199607 0.280629 2.14161
-0.207286 0.56398 2.09386
-0.210852 0.710212 2.06335
-0.360594 0.435663 2.08374
-0.3868 0.178377 2.11406
-0.417916 -0.0201278 2.08428
-0.420233 -0.0565892 2.09681
-0.0391288 0.453378 2.11623
0.0181544 0.198074 2.15891
0.0631759 0.00215802 2.12627
0.0624763 -0.040177 2.1391
-0.261603 -0.0157969 2.13812
-0.221988 -0.334012 2.26243
-0.16982 -0.617497 2.36853
-0.172368 -0.696481 2.31116
-0.112777 -0.00907767 2.14862
-0.0637568 -0.325719 2.04257
-0.0209765 -0.661186 2.0081
-0.025297 -0.743503 1.92453
-0.205635 0.494561 2.10781
-0.425532 -0.134374 2.10669
-0.386119 -0.059122 2.081
0.0764991 -0.115273 2.14889
0.00670279 -0.0293592 2.11175
-0.199864 -0.00424735 2.19146
-0.206454 0.286831 2.15366
-0.211767 0.568003 2.10424
-0.216781 0.712515 2.0725
-0.366292 0.441716 2.0974
-0.39239 0.180454 2.1303
-0.426804 -0.0183096 2.11596
-0.430416 -0.048739 2.1287
-0.0428031 0.459733 2.1271
0.0170277 0.203748 2.17907
0.0675614 0.00806552 2.16266
0.0707856 -0.0198268 2.17653
-0.271487 -0.00704095 2.15134
-0.225402 -0.323366 2.26496
-0.169802 -0.616683 2.36928
-0.173139 -0.695251 2.31058
-0.121953 -0.00133103 2.16218
-0.0747815 -0.325393 2.07823
-0.0146953 -0.636554 2.13123
-0.0190277 -0.716797 2.05078
-0.210669 0.499131 2.11865
-0.438266 -0.12486 2.14091
-0.398127 -0.059915 2.11958
0.0840825 -0.0985739 2.18648
0.0437888 -0.0301189 2.15468
-0.202668 0.00434785 2.20893
-0.20885 0.293391 2.16595
-0.213547 0.572557 2.11187
-0.219657 0.718076 2.08275
-0.369934 0.447059 2.10838
-0.400175 0.185086 2.1463
-0.441665 -0.0122143 2.13905
-0.451095 -0.0458069 2.14996
-0.0458867 0.465128 2.13744
0.0152427 0.211754 2.19522
0.0727553 0.0179353 2.18462
0.0761072 -0.0184742 2.19794
-0.274228 0.000489218 2.16746
-0.23365 -0.306036 2.26722
-0.176671 -0.611552 2.37652
-0.161461 -0.682998 2.30193
-0.124735 0.0080892 2.18095
-0.09116 -0.301775 2.1719
-0.0231841 -0.595296 2.33958
-0.0430834 -0.668924 2.27265
-0.212618 0.504186 2.1274
-0.461846 -0.121339 2.17283
-0.4186 -0.0451427 2.14182
0.0901842 -0.10046 2.21766
0.0487163 -0.031486 2.17879
-0.199938 0.00865093 2.22763
-0.208444 0.29747 2.17692
-0.214658 0.575968 2.11646
-0.219389 0.720817 2.08671
-0.371845 0.450243 2.1136
-0.40487 0.190123 2.1531
-0.448881 -0.0065982 2.14644
-0.459718 -0.04476 2.15467
-0.0465356 0.466535 2.14109
0.013972 0.214498 2.1999
0.0723483 0.0209299 2.18888
0.070659 -0.017234 2.19881
-0.270975 0.00401897 2.18677
-0.230801 -0.292723 2.28177
-0.18708 -0.588869 2.37579
-0.157744 -0.678635 2.31705
-0.122663 0.0130117 2.19901
-0.089382 -0.283275 2.23427
-0.0434146 -0.546687 2.47673
-0.0384521 -0.63623 2.41992
-0.213442 0.507803 2.13339
-0.472316 -0.116582 2.17829
-0.436479 -0.0465969 2.15781
0.0854114 -0.0941036 2.21697
0.0487178 -0.02276 2.17121
-0.197511 0.00977883 2.24424
-0.207357 0.299242 2.18644
-0.214819 0.57783 2.11945
-0.219286 0.722526 2.08989
-0.371999 0.451533 2.11553
-0.406698 0.192967 2.15559
-0.452568 -0.00330064 2.1495
-0.462021 -0.0428758 2.15192
-0.0467579 0.467241 2.14281
0.0129728 0.215455 2.20157
0.0699646 0.0214676 2.19005
0.0645143 -0.0199362 2.19486
-0.26855 0.0051154 2.20364
-0.2266 -0.276256 2.29817
-0.188949 -0.585553 2.37803
-0.166562 -0.676971 2.3182
-0.120354 0.0141411 2.21533
-0.0877865 -0.253495 2.29817
-0.0477472 -0.487048 2.58633
-0.0166016 -0.588379 2.5957
-0.213339 0.509737 2.13786
-0.472092 -0.114527 2.17308
-0.428897 -0.030807 2.14844
0.0769811 -0.100815 2.21923
0.0368355 -0.0338475 2.18202
-0.18971 0.0125023 2.2626
-0.204177 0.301332 2.1953
-0.214832 0.579177 2.12057
-0.219057 0.724151 2.09165
-0.371897 0.452678 2.11688
-0.40663 0.194452 2.15753
-0.453318 -0.00165323 2.14996
-0.459318 -0.0431178 2.1494
-0.0469424 0.467696 2.14344
0.0122742 0.216225 2.20175
0.0664598 0.0214245 2.19056
0.0600964 -0.017887 2.19292
-0.261387 0.00813394 2.22193
-0.229264 -0.267721 2.30919
-0.188219 -0.586307 2.37945
-0.168112 -0.677305 2.30797
-0.112181 0.0165115 2.23388
-0.0932855 -0.229277 2.36369
-0.0458966 -0.446904 2.66255
-0.0286746 -0.551474 2.68151
-0.212819 0.511306 2.14047
-0.468367 -0.114247 2.17152
-0.426079 -0.0193756 2.14609
0.0729023 -0.0936315 2.2111
0.0301906 -0.0324995 2.1878
-0.182726 0.0198893 2.28945
-0.199035 0.304409 2.20596
-0.213049 0.580054 2.1199
-0.21808 0.724546 2.09161
-0.368756 0.453902 2.11683
-0.403768 0.196631 2.15997
-0.450784 0.000573341 2.15098
-0.449886 -0.0412713 2.15515
-0.0467269 0.468111 2.14329
0.0123514 0.218847 2.20475
0.0640651 0.0233642 2.19279
0.0670342 -0.0173398 2.20108
-0.255129 0.0141888 2.24846
-0.233936 -0.25748 2.32093
-0.18799 -0.584311 2.3819
-0.169295 -0.678852 2.31005
-0.104755 0.024968 2.26095
-0.080392 -0.231041 2.45914
-0.0492872 -0.492932 2.72452
-0.0387957 -0.551222 2.60601
-0.21051 0.512441 2.14193
-0.460092 -0.116306 2.17565
-0.426557 -0.0637114 2.12717
0.0791968 -0.0939092 2.21773
0.0342487 -0.0282982 2.197
-0.182203 0.0219953 2.30241
-0.196884 0.304689 2.2122
-0.210405 0.579148 2.11821
-0.215805 0.723121 2.08916
-0.364427 0.453196 2.11565
-0.399062 0.196803 2.16358
-0.443789 0.000214762 2.15664
-0.43979 -0.0413649 2.16543
-0.0456207 0.468197 2.14374
0.0136523 0.222108 2.21032
0.0663246 0.0269353 2.20377
0.0701419 -0.016693 2.21751
-0.254269 0.0163351 2.26122
-0.233744 -0.25418 2.33007
-0.18731 -0.588445 2.38571
-0.170284 -0.680022 2.31139
-0.104629 0.0269671 2.27409
-0.0848924 -0.231469 2.46528
-0.0528327 -0.492002 2.73182
-0.0416987 -0.551247 2.61408
-0.208154 0.511899 2.14238
-0.451305 -0.115934 2.18234
-0.409444 -0.0599513 2.154
0.0810389 -0.0956955 2.23488
0.0386509 -0.0304089 2.21017
-0.183259 0.0216162 2.30517
-0.196055 0.303661 2.2142
-0.206673 0.576342 2.11671
-0.213565 0.720268 2.08565
-0.363201 0.452794 2.11614
-0.395454 0.194194 2.16849
-0.437061 -0.00293813 2.1662
-0.435424 -0.0418023 2.17761
-0.0441834 0.467763 2.14484
0.0146254 0.222162 2.21643
0.0679751 0.0273658 2.21468
0.0687712 -0.0186703 2.23011
-0.255344 0.0163725 2.26393
-0.234005 -0.253102 2.33375
-0.191127 -0.578955 2.38555
-0.171417 -0.680117 2.31354
-0.105669 0.026187 2.27694
-0.0735055 -0.238415 2.47708
-0.050481 -0.517877 2.76043
-0.0392177 -0.577208 2.64302
-0.205025 0.509701 2.14254
-0.445147 -0.118708 2.2039
-0.406354 -0.0545271 2.16075
0.080693 -0.0965054 2.25215
0.0345729 -0.0365381 2.2293
-0.185248 0.0206807 2.30499
-0.196347 0.30318 2.21445
-0.206063 0.575716 2.11615
-0.212847 0.719594 2.08439
-0.362729 0.452838 2.11674
-0.395626 0.193938 2.171
-0.437579 -0.00288031 2.17274
-0.440783 -0.0433237 2.1836
-0.044039 0.467804 2.14504
0.014586 0.221961 2.21805
0.0662639 0.0269822 2.22064
0.0651178 -0.019528 2.23136
-0.257461 0.0159306 2.26336
-0.234576 -0.253474 2.33388
-0.190503 -0.580135 2.38651
-0.173055 -0.679553 2.30815
-0.10757 0.024713 2.27715
-0.0891197 -0.231162 2.42928
-0.0555628 -0.477093 2.70844
-0.0443314 -0.53684 2.59099
-0.204554 0.509138 2.14236
-0.448708 -0.119127 2.20969
-0.407268 -0.0379393 2.1771
0.0751825 -0.0977057 2.2641
0.0335918 -0.0339961 2.21978
-0.18775 0.0212468 2.29626
-0.198302 0.304322 2.21255
-0.208342 0.577899 2.1163
-0.213688 0.721248 2.08375
-0.36588 0.455976 2.11815
-0.400007 0.197246 2.17176
-0.445063 0.00104215 2.17196
-0.457644 -0.0377982 2.17201
-0.0457939 0.469398 2.14486
0.0110403 0.222827 2.21609
0.0602701 0.0269634 2.21495
0.0559776 -0.0166818 2.21368
-0.259847 0.0165643 2.25526
-0.230917 -0.258074 2.33216
-0.187881 -0.59056 2.3876
-0.172196 -0.68044 2.30956
-0.110041 0.025334 2.26763
-0.0916511 -0.225441 2.34796
-0.0565481 -0.460935 2.63537
-0.0458808 -0.520162 2.5174
-0.206285 0.510805 2.1422
-0.466543 -0.109294 2.19695
-0.424334 -0.00580624 2.1796
0.066571 -0.0958123 2.2444
0.032981 -0.0200081 2.18997
-0.186621 0.0228941 2.28631
-0.199513 0.306297 2.21002
-0.211424 0.581148 2.11823
-0.215669 0.724487 2.08516
-0.367745 0.458062 2.11791
-0.40489 0.201874 2.16946
-0.452269 0.00600871 2.16517
-0.462435 -0.0381632 2.16234
-0.0485162 0.47256 2.14629
0.00713083 0.223793 2.21318
0.0566589 0.02782 2.20804
0.0532888 -0.0130222 2.20281
-0.258498 0.0172826 2.2447
-0.228898 -0.260702 2.32798
-0.190532 -0.578411 2.38339
-0.170968 -0.678436 2.30763
-0.109093 0.027781 2.2583
-0.0893059 -0.242829 2.32772
-0.0489242 -0.517151 2.57981
-0.00433219 -0.602814 2.55986
-0.208553 0.513497 2.14293
-0.471828 -0.11043 2.1872
-0.431689 -0.00585432 2.16158
0.061292 -0.0944247 2.22973
0.0229239 -0.0237108 2.18853
-0.186649 0.0237053 2.27766
-0.201054 0.308371 2.2074
-0.214982 0.585068 2.12127
-0.218034 0.728332 2.08845
-0.369721 0.460218 2.11733
-0.406249 0.20333 2.16477
-0.4514 0.00679493 2.1564
-0.453309 -0.0388145 2.14991
-0.0505269 0.47632 2.15026
0.00595775 0.224834 2.2123
0.0563694 0.0289811 2.20062
0.0523263 -0.0060752 2.19987
-0.258078 0.0175818 2.2351
-0.227168 -0.268512 2.32249
-0.190077 -0.578091 2.38329
-0.169927 -0.677491 2.31377
-0.10948 0.0290302 2.25049
-0.0893943 -0.26161 2.30078
-0.0513185 -0.56943 2.49762
-0.0264008 -0.64214 2.42899
-0.211447 0.516867 2.14434
-0.459982 -0.114943 2.17235
-0.421061 -0.0177685 2.15144
0.0684711 -0.0877011 2.21461
0.00356282 0.0103883 2.21443
-0.187852 0.0233764 2.26719
-0.20323 0.310256 2.20516
-0.219211 0.589288 2.1272
-0.222594 0.732973 2.09624
-0.370653 0.461073 2.11764
-0.403401 0.201589 2.15794
-0.440397 0.00328963 2.14203
-0.43119 -0.043723 2.14092
-0.0516174 0.480195 2.15517
0.00754887 0.22644 2.21217
0.0606599 0.0313325 2.19734
0.063409 -0.00164113 2.1994
-0.258589 0.0166703 2.22446
-0.228271 -0.279631 2.31386
-0.188319 -0.579774 2.38125
-0.152491 -0.676538 2.31248
-0.111334 0.0293442 2.24032
-0.0926613 -0.283515 2.27382
-0.0635538 -0.579666 2.40194
-0.0438857 -0.658777 2.33142
-0.215173 0.520566 2.14788
-0.432536 -0.121512 2.16198
-0.396679 -0.0509622 2.14278
0.0798848 -0.0806942 2.21573
-0.00204357 0.0145322 2.18667
-0.191041 0.0216998 2.25884
-0.204644 0.310758 2.20415
-0.220314 0.591399 2.13316
-0.224954 0.735349 2.10275
-0.370655 0.462249 2.12096
-0.397713 0.199618 2.15512
-0.430709 0.000587659 2.13846
-0.423063 -0.046453 2.13884
-0.0508562 0.481704 2.15825
0.0119838 0.229317 2.2121
0.0707325 0.0358507 2.19657
0.0793365 0.00543635 2.19756
-0.26133 0.0155397 2.21748
-0.22629 -0.286323 2.30948
-0.185088 -0.587932 2.37773
-0.159648 -0.676924 2.31094
-0.114874 0.0271206 2.23056
-0.0990798 -0.302739 2.27264
-0.0788756 -0.594189 2.377
-0.0602293 -0.674998 2.28903
-0.216554 0.522295 2.15171
-0.421273 -0.124693 2.15549
-0.42366 -0.0716995 2.17325
0.0948896 -0.0746985 2.21148
0.0546083 -0.00970766 2.17633
-0.189205 0.0212795 2.25307
-0.204228 0.311382 2.20346
-0.218663 0.593612 2.13814
-0.22503 0.738951 2.11018
-0.370376 0.462778 2.12621
-0.394656 0.200102 2.15447
-0.430776 0.00158242 2.14088
-0.435086 -0.0453752 2.14828
-0.0492675 0.482905 2.15908
0.0183257 0.23114 2.21034
0.0866596 0.0408829 2.19429
0.102234 0.00518158 2.19621
-0.259662 0.0153155 2.21297
-0.222892 -0.286457 2.30598
-0.171416 -0.602398 2.3776
-0.158929 -0.677785 2.31039
-0.112936 0.0265213 2.22343
-0.0985848 -0.304056 2.27449
-0.0832133 -0.596329 2.37302
-0.0642101 -0.676404 2.29586
-0.215319 0.524217 2.15521
-0.4371 -0.114276 2.16091
-0.425647 -0.0334644 2.1099
0.115672 -0.0696031 2.21797
0.0730026 -0.00263693 2.17733
-0.181773 0.0199089 2.24632
-0.201315 0.31223 2.20157
-0.217317 0.595268 2.1403
-0.223179 0.741974 2.11573
-0.369103 0.461966 2.12955
-0.393543 0.202762 2.15806
-0.437492 0.00595772 2.15168
-0.451665 -0.0413845 2.15812
-0.0454509 0.483658 2.159
0.0263088 0.23292 2.20518
0.102476 0.0457603 2.1868
0.112206 0.00738729 2.18879
-0.252571 0.0138407 2.20649
-0.22091 -0.285863 2.30475
-0.172433 -0.597792 2.37539
-0.16405 -0.678222 2.31024
-0.105374 0.0253413 2.21654
-0.0935329 -0.301487 2.2796
-0.0786218 -0.593991 2.37343
-0.0583672 -0.674806 2.29344
-0.21376 0.525686 2.1568
-0.457024 -0.108579 2.17396
-0.466976 -0.0311232 2.12076
0.127253 -0.0692876 2.2081
0.0839547 -0.00223448 2.16903
-0.17281 0.019181 2.24107
-0.193733 0.313381 2.19872
-0.212139 0.597388 2.14216
-0.218843 0.744714 2.12132
-0.364868 0.462262 2.13182
-0.39359 0.207299 2.16598
-0.446027 0.0128893 2.16497
-0.456563 -0.0408739 2.174
-0.0379305 0.48534 2.15817
0.0335905 0.233854 2.2004
0.109322 0.0465554 2.18113
0.113221 0.00789371 2.17998
-0.243687 0.013102 2.20119
-0.217109 -0.284428 2.3038
-0.174275 -0.591665 2.37421
-0.166067 -0.679011 2.30976
-0.0965559 0.0246447 2.21134
-0.0868991 -0.299136 2.28643
-0.0724466 -0.591647 2.37361
-0.0532775 -0.675192 2.29605
-0.207978 0.527728 2.15802
-0.46252 -0.111564 2.19237
-0.48243 -0.0423887 2.14957
0.126827 -0.0690568 2.20072
0.0848565 0.000107338 2.16255
-0.16932 0.0187891 2.23938
-0.189642 0.313511 2.19629
-0.208162 0.598096 2.14032
-0.215064 0.746044 2.12221
-0.359487 0.461294 2.13006
-0.390134 0.20762 2.16786
-0.441944 0.0131166 2.16834
-0.44019 -0.0426343 2.17581
-0.0333277 0.485342 2.15651
0.0365088 0.233581 2.19892
0.111103 0.0458638 2.17886
0.113167 0.00606233 2.1789
-0.24067 0.0129878 2.19948
-0.212228 -0.282743 2.30277
-0.176414 -0.587493 2.37427
-0.166277 -0.6792 2.31027
-0.092636 0.0239679 2.20963
-0.0846711 -0.298586 2.29027
-0.066558 -0.587677 2.37457
-0.0482738 -0.674495 2.29544
-0.203913 0.528344 2.15619
-0.443346 -0.111251 2.19266
-0.463684 -0.0380117 2.15688
0.125374 -0.0737125 2.19722
0.0875825 0.00251453 2.15554
-0.167151 0.0186454 2.23871
-0.186531 0.313736 2.19478
-0.203789 0.598805 2.13838
-0.210227 0.747179 2.1221
-0.354602 0.461295 2.12794
-0.384338 0.205093 2.16622
-0.429264 0.0086692 2.16424
-0.422341 -0.0440525 2.16433
-0.0302729 0.485864 2.15496
0.0383916 0.233197 2.19839
0.111828 0.0450011 2.17885
0.113328 0.00542315 2.18432
-0.238656 0.01315 2.19815
-0.209149 -0.281957 2.30313
-0.176741 -0.585852 2.37531
-0.167334 -0.679336 2.3106
-0.090341 0.0234826 2.20959
-0.081125 -0.294424 2.29608
-0.0653155 -0.582354 2.37414
-0.0476622 -0.674453 2.29561
-0.199853 0.52895 2.15443
-0.420456 -0.117474 2.18632
-0.41453 -0.080459 2.14283
0.126238 -0.074768 2.20976
0.0837877 -0.0105701 2.1667
-0.165166 0.0186284 2.23918
-0.183726 0.313714 2.19437
-0.200163 0.598745 2.13718
-0.205198 0.747362 2.1199
-0.349959 0.461854 2.12546
-0.378886 0.203495 2.16224
-0.418398 0.00578447 2.14294
-0.415275 -0.0437234 2.13316
-0.0268399 0.486686 2.15466
0.0412407 0.232179 2.19928
0.114698 0.043904 2.18237
0.114949 0.00664648 2.18805
-0.236599 0.0135185 2.19855
-0.206224 -0.280887 2.30459
-0.177773 -0.583183 2.37653
-0.167935 -0.679131 2.31064
-0.0884593 0.0230744 2.2102
-0.0775588 -0.292003 2.30178
-0.0643559 -0.576958 2.37481
-0.0470304 -0.674391 2.29694
-0.196378 0.528921 2.15349
-0.413717 -0.113766 2.14656
-0.429917 -0.0567479 2.09579
0.127843 -0.0742979 2.21353
0.0873662 -0.00486472 2.16948
-0.162139 0.018845 2.24008
-0.18076 0.31371 2.19455
-0.1971 0.598416 2.13684
-0.202915 0.747304 2.11941
-0.34751 0.462894 2.12543
-0.375155 0.206364 2.15911
-0.416247 0.00986631 2.1276
-0.416041 -0.0375847 2.11435
-0.0236947 0.486665 2.1556
0.0444003 0.232173 2.20104
0.116459 0.0433476 2.18465
0.117879 0.00517561 2.18961
-0.23361 0.0139479 2.19949
-0.204313 -0.281055 2.30601
-0.177612 -0.581789 2.37595
-0.1687 -0.679099 2.31037
-0.0855342 0.0230944 2.21111
-0.0751681 -0.289954 2.30341
-0.0629605 -0.576563 2.37494
-0.0464987 -0.674316 2.29673
-0.193336 0.528693 2.15331
-0.413081 -0.112119 2.12973
-0.429665 -0.0465493 2.07573
0.130829 -0.0759463 2.21509
0.088276 -0.0057471 2.16929
-0.158552 0.0189911 2.24133
-0.177521 0.313973 2.19581
-0.193834 0.598942 2.13863
-0.200105 0.746872 2.11913
-0.345632 0.462952 2.12606
-0.37276 0.208767 2.15779
-0.414929 0.012857 2.12309
-0.413612 -0.0327201 2.11216
-0.0212652 0.486549 2.15663
0.0478443 0.23221 2.2033
0.11829 0.0427874 2.18666
0.118712 0.00582451 2.19047
-0.229904 0.0139557 2.20085
-0.203221 -0.280907 2.30662
-0.176965 -0.583247 2.37631
-0.169496 -0.679432 2.31348
-0.0821892 0.0233649 2.21225
-0.0740406 -0.289324 2.30458
-0.0608769 -0.575336 2.37512
-0.0467152 -0.6748 2.29876
-0.190097 0.529146 2.15495
-0.410938 -0.10619 2.11686
-0.4237 -0.0469496 2.07607
0.132272 -0.0741969 2.21188
0.0907195 -0.00515404 2.17504
-0.155432 0.0193173 2.24225
-0.174019 0.31416 2.19753
-0.190529 0.598877 2.14122
-0.19651 0.746578 2.1204
-0.342914 0.463636 2.1276
-0.371085 0.209496 2.15737
-0.413402 0.0134912 2.12369
-0.407785 -0.0329521 2.12045
-0.0187425 0.486279 2.15825
0.049503 0.232482 2.20447
0.119841 0.0429989 2.18876
0.120118 0.00438645 2.19198
-0.226775 0.0144542 2.2015
-0.202282 -0.281044 2.30675
-0.176443 -0.582652 2.37624
-0.169218 -0.679153 2.3123
-0.0792041 0.0235363 2.21341
-0.0734475 -0.289293 2.30537
-0.0606836 -0.575132 2.37561
-0.0459939 -0.67455 2.29736
-0.18669 0.529155 2.15734
-0.408355 -0.106186 2.12332
-0.419318 -0.0482065 2.08171
0.132451 -0.0752956 2.21
0.0926296 -0.0074576 2.18152
-0.155218 0.0191008 2.24296
-0.172629 0.314024 2.19902
-0.187526 0.598854 2.14375
-0.192854 0.746021 2.12074
-0.339372 0.46413 2.12969
-0.368634 0.208046 2.1598
-0.408834 0.0112871 2.12878
-0.403129 -0.032886 2.13682
-0.0161062 0.486089 2.16039
0.0517103 0.231665 2.20675
0.124607 0.0431385 2.19284
0.132807 -0.0191431 2.20361
-0.226526 0.0144221 2.20231
-0.200687 -0.282381 2.30775
-0.176241 -0.582917 2.37634
-0.169289 -0.67931 2.31202
-0.0790372 0.0231404 2.21409
-0.0726467 -0.289629 2.30639
-0.0612213 -0.574761 2.37603
-0.0468962 -0.674572 2.29691
-0.184107 0.529103 2.1596
-0.405424 -0.107791 2.14205
-0.418723 -0.0508242 2.10489
0.13846 -0.06926 2.22543
0.127249 -0.0534039 2.22967
-0.154322 0.0191954 2.24393
-0.170708 0.314113 2.20092
-0.184932 0.598887 2.14657
-0.189644 0.745106 2.12275
-0.336823 0.464979 2.13153
-0.367112 0.207272 2.16367
-0.406754 0.00958569 2.14368
-0.40717 -0.0327705 2.15351
-0.0133128 0.486349 2.16315
0.0568041 0.231845 2.21446
0.139825 0.0477118 2.20948
0.152523 -0.0143039 2.2255
-0.225643 0.0147341 2.20317
-0.199586 -0.28307 2.30806
-0.175818 -0.584481 2.37695
-0.169104 -0.67965 2.31082
-0.078166 0.0230079 2.21516
-0.0723147 -0.289629 2.30703
-0.0625216 -0.574933 2.37703
-0.0469424 -0.674738 2.30146
-0.181648 0.529154 2.1622
-0.412175 -0.113151 2.16272
-0.431032 -0.012114 2.14471
0.161837 -0.0622065 2.24335
0.135217 -0.0534415 2.23235
-0.15357 0.0193385 2.24428
-0.168927 0.314182 2.20244
-0.182044 0.598733 2.14978
-0.185677 0.744514 2.12649
-0.333573 0.466529 2.13599
-0.366679 0.206988 2.17003
-0.409885 0.0100059 2.1524
-0.416532 -0.0359645 2.16165
-0.00944869 0.48657 2.16709
0.0635746 0.232078 2.2255
0.152997 0.0515593 2.2292
0.158422 0.0115303 2.23888
-0.224845 0.0151464 2.20373
-0.19881 -0.283382 2.30781
-0.172047 -0.596918 2.37701
-0.169451 -0.680273 2.31137
-0.0774626 0.0229571 2.21532
-0.0721846 -0.290044 2.30714
-0.0608573 -0.571877 2.37773
-0.046385 -0.674 2.29919
-0.179038 0.529065 2.16495
-0.423791 -0.109225 2.17175
-0.386121 -0.0443886 2.1421
0.179763 -0.0585194 2.2602
0.134628 -0.00323344 2.22186
-0.152081 0.0195385 2.24507
-0.166459 0.314606 2.20419
-0.179036 0.599427 2.15226
-0.183108 0.744258 2.12826
-0.331896 0.467081 2.1384
-0.367138 0.207426 2.17418
-0.413332 0.0111778 2.156
-0.417077 -0.0361913 2.16513
-0.00721156 0.486977 2.16966
0.0650156 0.232245 2.22918
0.153136 0.0510523 2.23244
0.151039 0.00748401 2.23872
-0.2235 0.0155413 2.20429
-0.198298 -0.283386 2.30767
-0.172454 -0.592659 2.37622
-0.169237 -0.680306 2.31099
-0.0758865 0.0229326 2.21632
-0.0714026 -0.288985 2.30644
-0.0606037 -0.572489 2.37712
-0.0459183 -0.673456 2.29997
-0.176133 0.529687 2.16727
-0.420986 -0.111735 2.1843
-0.416212 -0.06475 2.19308
0.169455 -0.0697203 2.26371
0.129286 -0.0100127 2.22121
-0.150719 0.0196244 2.24581
-0.164829 0.314764 2.20534
-0.177369 0.599682 2.15362
-0.181118 0.744608 2.13004
-0.330157 0.467165 2.13963
-0.366158 0.208015 2.17575
-0.413094 0.0119596 2.15726
-0.412182 -0.0369476 2.16127
-0.00609742 0.486763 2.17046
0.0647329 0.232075 2.22938
0.145803 0.0474389 2.23072
0.138924 -0.0197726 2.2358
-0.222091 0.0158883 2.2051
-0.19789 -0.283526 2.30767
-0.172994 -0.591233 2.37625
-0.168335 -0.680349 2.30937
-0.0746023 0.0227871 2.21703
-0.0715916 -0.289296 2.3069
-0.0606405 -0.572998 2.37679
-0.0464074 -0.673306 2.30035
-0.174463 0.529915 2.1686
-0.413788 -0.108869 2.17678
-0.411275 -0.0652364 2.18145
0.147579 -0.068732 2.25571
0.138565 -0.0500966 2.26483
-0.149373 0.0195943 2.2471
-0.163096 0.314828 2.20754
-0.175158 0.599907 2.15691
-0.178344 0.744455 2.13331
-0.328618 0.467637 2.14257
-0.364473 0.208841 2.17699
-0.410546 0.0125815 2.1581
-0.406921 -0.0329365 2.15793
-0.00474738 0.486934 2.17271
0.0641621 0.23169 2.22914
0.136224 0.0429492 2.22289
0.132656 -0.00195751 2.21904
-0.220745 0.0160013 2.20649
-0.19656 -0.283465 2.30802
-0.173229 -0.590652 2.37638
-0.168393 -0.679726 2.30998
-0.0733331 0.0226132 2.21823
-0.0715615 -0.289366 2.30756
-0.0617906 -0.57454 2.37675
-0.0465122 -0.673328 2.30235
-0.172387 0.530094 2.17159
-0.406934 -0.102968 2.16708
-0.422289 -0.0494183 2.12576
0.143692 -0.0752442 2.24327
0.122967 0.00229885 2.21787
-0.149435 0.0195448 2.24746
-0.162956 0.31501 2.20874
-0.174697 0.600496 2.1592
-0.177547 0.744947 2.13437
-0.327997 0.467509 2.14343
-0.363441 0.209252 2.17654
-0.410025 0.0130594 2.1592
-0.412738 -0.034739 2.16677
-0.00426434 0.487147 2.1736
0.0639701 0.23177 2.22892
0.135867 0.042953 2.22225
0.135877 -0.00229829 2.2221
-0.220794 0.0160078 2.20673
-0.195574 -0.284364 2.30856
-0.173349 -0.59079 2.37764
-0.168049 -0.679731 2.30964
-0.073414 0.0224859 2.21873
-0.0713809 -0.289606 2.30788
-0.0619254 -0.574518 2.37642
-0.0466564 -0.67335 2.30238
-0.172012 0.530567 2.1736
-0.414194 -0.10877 2.18446
-0.42928 -0.0483626 2.1336
0.146844 -0.0749413 2.24196
0.112344 -0.0155449 2.197
-0.148336 0.019517 2.24791
-0.161923 0.315085 2.21069
-0.174072 0.600607 2.16293
-0.175379 0.744009 2.13753
-0.326936 0.467138 2.14629
-0.362994 0.210067 2.17717
-0.412999 0.0146822 2.16885
-0.419481 -0.0328148 2.17997
-0.0022976 0.487482 2.17703
0.0642869 0.231761 2.22964
0.13873 0.0439856 2.22432
0.145093 0.00452919 2.22943
-0.219662 0.0160008 2.2072
-0.194754 -0.284242 2.30871
-0.173373 -0.590104 2.37714
-0.168031 -0.679723 2.30914
-0.0723819 0.0224326 2.21912
-0.0708904 -0.289492 2.30802
-0.0617772 -0.57642 2.37728
-0.0470822 -0.673683 2.30425
-0.171247 0.530677 2.17687
-0.42186 -0.108699 2.20119
-0.433115 -0.043508 2.14322
0.159441 -0.0689252 2.24633
0.118832 -0.00539676 2.20629
-0.147505 0.0194512 2.24821
-0.161272 0.315054 2.21149
-0.173647 0.600582 2.16414
-0.174687 0.744105 2.13824
-0.326355 0.466766 2.1479
-0.363187 0.211001 2.18115
-0.413196 0.0156204 2.17302
-0.417541 -0.0358089 2.18219
-0.00174268 0.487924 2.17962
0.0644894 0.232525 2.23085
0.14017 0.0452743 2.22625
0.14648 0.00624172 2.22943
-0.218809 0.015973 2.20765
-0.19398 -0.284187 2.30867
-0.173254 -0.59 2.37687
-0.167862 -0.67906 2.30896
-0.0715801 0.0223272 2.21926
-0.0703269 -0.290043 2.30875
-0.0603196 -0.575627 2.37725
-0.0464736 -0.673353 2.30329
-0.170762 0.530652 2.17799
-0.42074 -0.109365 2.19425
-0.435436 -0.0511189 2.146
0.160655 -0.070667 2.25258
0.123343 -0.000705152 2.20717
-0.145031 0.0188621 2.24895
-0.159777 0.314499 2.21302
-0.172878 0.599998 2.16635
-0.173284 0.743935 2.14134
-0.32521 0.466523 2.15267
-0.361821 0.210515 2.18739
-0.40891 0.0143595 2.17614
-0.403246 -0.0341796 2.17674
-0.00133606 0.487508 2.18106
0.0651831 0.232384 2.23143
0.141387 0.0453899 2.22781
0.143484 0.00454691 2.22817
-0.216392 0.0155145 2.2086
-0.192068 -0.28529 2.30952
-0.172894 -0.590356 2.37646
-0.167957 -0.679092 2.30999
-0.0691268 0.0216158 2.21975
-0.0693421 -0.290817 2.31051
-0.0619018 -0.578295 2.37718
-0.0463268 -0.67316 2.30438
-0.16983 0.530077 2.18001
-0.404135 -0.110343 2.19319
-0.414889 -0.0521613 2.13897
0.158502 -0.0699637 2.25484
0.1188 -0.00884749 2.20606
-0.144838 0.0189094 2.24929
-0.159386 0.314323 2.21367
-0.172317 0.599536 2.16721
-0.172975 0.743743 2.14136
-0.324775 0.46597 2.15496
-0.358779 0.209107 2.18909
-0.403456 0.0124201 2.17324
-0.394163 -0.0344046 2.16526
-0.00115163 0.487475 2.18111
0.0656027 0.232693 2.2302
0.141445 0.0454553 2.22396
0.143119 0.00453815 2.21475
-0.216189 0.0157338 2.20954
-0.188961 -0.28656 2.30966
-0.172783 -0.591269 2.37749
-0.167519 -0.67917 2.30928
-0.0689559 0.0216031 2.21984
-0.0685043 -0.291394 2.3109
-0.0625425 -0.579279 2.37709
-0.0463377 -0.673312 2.30464
-0.16931 0.529691 2.18083
-0.393501 -0.108929 2.18161
-0.404622 -0.0564864 2.12909
0.156057 -0.0695074 2.2346
0.120169 -0.00396829 2.18824
