-0.100842 -0.0826865 2.47547
-0.091566 0.182906 2.40431
-0.0831653 0.437182 2.3222
-0.0588042 0.607745 2.2674
-0.22879 0.397097 2.31499
-0.255328 0.245063 2.1363
-0.0939521 0.367973 2.04142
-0.0481232 0.401924 2.00409
0.0843104 0.365051 2.33466
0.143755 0.22068 2.1815
-0.00843967 0.330502 2.06391
-0.0463981 0.399795 2.00287
-0.177587 -0.0778311 2.43755
-0.316065 -0.223038 2.14433
-0.260104 -0.608616 2.27827
-0.301104 -0.680931 2.20829
-0.0216121 -0.0852802 2.44701
0.145917 -0.220801 2.16436
0.0799216 -0.610918 2.25523
0.111501 -0.690113 2.18871
-0.0852203 0.374908 2.34476
-0.00867439 0.438038 1.96218
-0.0748953 0.444924 1.99215
-0.0562559 0.442119 1.97813
-0.0722649 0.370611 2.02
-0.105312 -0.0809368 2.47597
-0.0880691 0.188614 2.40484
-0.0710982 0.456584 2.32301
-0.0538345 0.602658 2.27296
-0.223077 0.378531 2.31804
-0.307844 0.262381 2.15759
-0.202199 0.369536 2.00944
-0.192332 0.414613 1.947
0.0828182 0.352828 2.34173
0.201309 0.209474 2.21633
0.159162 0.368821 2.07191
0.166578 0.43418 2.04552
-0.183116 -0.0743475 2.43807
-0.316028 -0.223272 2.14409
-0.254453 -0.610203 2.28495
-0.302688 -0.670742 2.20301
-0.0250818 -0.0850836 2.44721
0.145001 -0.219997 2.16589
0.0798507 -0.611685 2.25653
0.111442 -0.689828 2.18753
-0.0751731 0.390275 2.3455
-0.165381 0.43702 1.9035
-0.21407 0.435558 1.93915
0.177083 0.49464 2.00574
0.13586 0.458634 2.06053
-0.103101 -0.0776154 2.47734
-0.0935788 0.186489 2.4057
-0.09311 0.442761 2.32223
-0.050236 0.609516 2.27196
-0.223235 0.399627 2.31391
-0.255931 0.238459 2.14062
-0.0972463 0.360968 2.04804
-0.0516484 0.398894 2.01326
0.0884276 0.36524 2.33404
0.119268 0.208914 2.15027
-0.00839185 0.33362 2.06643
-0.0467107 0.398451 2.01201
-0.183018 -0.0711823 2.44011
-0.314601 -0.221588 2.14624
-0.253086 -0.609678 2.28646
-0.300694 -0.67262 2.20723
-0.0216414 -0.0820405 2.44795
0.14534 -0.220094 2.16629
0.0804018 -0.612094 2.25628
0.111018 -0.6915 2.18945
-0.0923094 0.379338 2.34524
-0.0137088 0.437917 1.97955
-0.077052 0.440051 1.997
-0.0689938 0.443293 1.99015
-0.0766484 0.3671 2.02684
-0.101566 -0.0759642 2.4789
-0.0862444 0.19345 2.4045
-0.0694076 0.459126 2.31812
-0.075245 0.605666 2.2702
-0.221101 0.369108 2.31902
-0.322771 0.255139 2.16029
-0.218279 0.379255 2.01621
-0.219913 0.429538 1.9573
0.0810109 0.354567 2.34149
0.201953 0.210064 2.22785
0.181151 0.373254 2.08679
0.192851 0.440777 2.06676
-0.181088 -0.0715138 2.44121
-0.313672 -0.220863 2.14724
-0.252493 -0.610796 2.28841
-0.302637 -0.667371 2.2033
-0.0192047 -0.0777025 2.45036
0.144517 -0.21923 2.16851
0.0806091 -0.613517 2.25832
0.112184 -0.69062 2.18705
-0.0731666 0.393611 2.3419
-0.201195 0.46823 1.922
-0.247438 0.439963 1.9478
0.205511 0.500999 2.03178
0.200046 0.39617 2.01843
-0.101988 -0.0784605 2.4777
-0.0995966 0.194581 2.3957
-0.102797 0.462288 2.30066
-0.0967816 0.615485 2.27642
-0.23081 0.397692 2.30944
-0.262755 0.240044 2.14348
-0.0958754 0.357362 2.05664
-0.0570188 0.388793 2.00994
0.0841772 0.363502 2.32976
0.135142 0.208224 2.17512
-0.00679324 0.339316 2.05531
-0.0429019 0.38609 2.00925
-0.181106 -0.0732983 2.44129
-0.314131 -0.220992 2.14664
-0.251105 -0.611087 2.28752
-0.302963 -0.668897 2.20572
-0.0203286 -0.0815679 2.44766
0.145751 -0.221161 2.16628
0.0795142 -0.612818 2.25702
0.111046 -0.689447 2.18471
-0.101798 0.396289 2.32654
-0.0203846 0.418484 1.98066
-0.0771915 0.421039 1.98925
-0.0638773 0.423008 1.98534
-0.00994993 0.409931 1.98009
-0.100862 -0.0753088 2.4796
-0.0926295 0.195997 2.40021
-0.080843 0.459445 2.31147
-0.102444 0.606984 2.27642
-0.226971 0.358781 2.31808
-0.313571 0.264718 2.15618
-0.223422 0.376706 2.01752
-0.228614 0.429936 1.95938
0.0697757 0.354225 2.3327
0.187413 0.199073 2.20628
0.159582 0.367082 2.0691
0.156321 0.435246 2.05177
-0.181479 -0.07158 2.44457
-0.313164 -0.219815 2.14954
-0.250933 -0.611315 2.28959
-0.301252 -0.666755 2.2033
-0.0169039 -0.0763479 2.44866
0.144463 -0.222041 2.16767
0.0806529 -0.611019 2.25598
0.110679 -0.688525 2.18429
-0.083613 0.394865 2.33544
-0.226872 0.475361 1.91722
-0.204843 0.424734 2.00983
0.187111 0.498223 2.02188
0.129488 0.454916 2.07668
-0.100774 -0.0748669 2.47683
-0.0957584 0.179154 2.40143
-0.0886258 0.419165 2.3174
-0.0804237 0.595773 2.26902
-0.23756 0.401186 2.31635
-0.290286 0.244168 2.14309
-0.120772 0.354869 2.0483
-0.0890204 0.392984 2.00141
0.0829984 0.382494 2.33105
0.139605 0.21823 2.17805
0.011169 0.341127 2.07291
-0.0672758 0.401536 2.00201
-0.180963 -0.0713078 2.44095
-0.314761 -0.220392 2.14746
-0.253122 -0.609302 2.28612
-0.302264 -0.672983 2.20972
-0.0182669 -0.0763325 2.44589
0.145003 -0.221539 2.16583
0.0796303 -0.612456 2.25486
0.112096 -0.690741 2.187
-0.0907462 0.360454 2.34041
-0.045527 0.41846 1.98377
-0.102051 0.41164 1.96232
-0.0976277 0.42762 1.97049
-0.104561 0.373794 1.98133
-0.100302 -0.0737214 2.48141
-0.0895129 0.19422 2.40856
-0.0773558 0.456753 2.32472
-0.0596153 0.598222 2.27097
-0.224181 0.368804 2.32467
-0.354647 0.252744 2.18245
-0.27362 0.374694 2.02488
-0.259181 0.429648 1.9678
0.0853388 0.35867 2.34134
0.185266 0.193435 2.2238
0.167932 0.377942 2.07342
0.159028 0.445545 2.0519
-0.176647 -0.0699461 2.4431
-0.313154 -0.219647 2.15131
-0.251464 -0.61104 2.28921
-0.30286 -0.667972 2.2058
-0.0206998 -0.0756863 2.45336
0.141573 -0.21799 2.171
0.0810804 -0.611522 2.25589
0.112281 -0.690418 2.18833
-0.0804211 0.391989 2.3476
-0.249972 0.472409 1.92181
-0.238672 0.43937 1.9174
0.182172 0.510266 2.02385
0.129637 0.470839 2.08373
-0.103488 -0.0813652 2.47682
-0.08806 0.18103 2.40872
-0.072992 0.429725 2.3312
-0.0432092 0.605094 2.28493
-0.23046 0.392232 2.32036
-0.27341 0.247188 2.14377
-0.110487 0.378579 2.03886
-0.0870721 0.409196 1.99819
0.0831449 0.3683 2.33523
0.123192 0.216289 2.17689
-0.0259385 0.358343 2.05858
-0.0716482 0.410663 2.0016
-0.180155 -0.0765115 2.43972
-0.316121 -0.222559 2.14567
-0.253361 -0.609076 2.28423
-0.301659 -0.674777 2.21019
-0.0239965 -0.0843544 2.44717
0.144843 -0.22056 2.16574
0.0786319 -0.613794 2.25606
0.112066 -0.690983 2.18659
-0.0767265 0.368863 2.35251
-0.0514591 0.437031 1.97011
-0.0279005 0.394862 2.00442
-0.0985897 0.444788 1.97416
-0.10855 0.377789 1.98567
-0.094494 -0.0776949 2.48327
-0.0841627 0.191649 2.41046
-0.0716455 0.45548 2.32698
-0.0428931 0.602287 2.27967
-0.218309 0.373 2.32476
-0.342482 0.23077 2.19973
-0.278951 0.378913 2.03465
-0.266591 0.4321 1.9823
0.0890297 0.359519 2.34113
0.198881 0.221619 2.20495
0.174318 0.382669 2.06866
0.170516 0.44896 2.04384
-0.168329 -0.0737653 2.44527
-0.311132 -0.219313 2.15449
-0.252393 -0.610383 2.28662
-0.301185 -0.669347 2.20314
-0.0175514 -0.0797636 2.45491
0.143152 -0.218289 2.16954
0.0815599 -0.609088 2.25287
0.111255 -0.689931 2.18886
-0.0748217 0.390485 2.34991
-0.271523 0.478761 1.92452
-0.254836 0.483258 2.01984
0.194163 0.512533 2.01238
0.135561 0.466401 2.07039
-0.100057 -0.0806262 2.47745
-0.0881413 0.176829 2.40828
-0.0780843 0.417417 2.32911
-0.0458496 0.593289 2.28492
-0.230178 0.403668 2.32001
-0.26752 0.24274 2.14146
-0.109768 0.365846 2.04398
-0.0745602 0.406991 2.00232
0.0830755 0.368411 2.33594
0.10637 0.221648 2.14368
-0.0206561 0.355704 2.06134
-0.0636499 0.411904 2.00233
-0.177988 -0.0754449 2.43966
-0.315081 -0.222212 2.14658
-0.25336 -0.608743 2.28626
-0.302958 -0.667894 2.20382
-0.0198306 -0.0836368 2.44882
0.145675 -0.220436 2.16556
0.0788743 -0.612646 2.2583
0.111558 -0.690501 2.1896
-0.0806028 0.358626 2.35086
-0.0410212 0.435124 1.96678
-0.0228663 0.386871 2.01175
-0.0854305 0.448161 1.97482
-0.101355 0.387269 1.99546
-0.0977739 -0.0783517 2.48196
-0.0862442 0.190656 2.41096
-0.0742725 0.455224 2.32894
-0.0456341 0.600227 2.2743
-0.214774 0.37028 2.32642
-0.333968 0.245199 2.17399
-0.231367 0.378204 2.03142
-0.223716 0.433342 1.96773
0.082512 0.359551 2.34339
0.19217 0.219432 2.20414
0.157435 0.380325 2.0637
0.153537 0.450094 2.04623
-0.174113 -0.0740738 2.4438
-0.312493 -0.21992 2.15086
-0.254267 -0.610193 2.28631
-0.302188 -0.671706 2.20539
-0.0178479 -0.0804237 2.45377
0.14409 -0.218356 2.16885
0.0815416 -0.610934 2.25541
0.10961 -0.689575 2.18471
-0.0771904 0.390049 2.35152
-0.210318 0.472868 1.92337
-0.20103 0.440201 1.91973
0.178468 0.511735 2.01679
0.171529 0.41668 1.99232
-0.102284 -0.0804664 2.4778
-0.086244 0.171872 2.40983
-0.069192 0.410246 2.33214
-0.0435037 0.584861 2.28406
-0.228578 0.396986 2.32206
-0.271567 0.248739 2.14423
-0.112528 0.378425 2.03298
-0.100094 0.404823 1.993
0.0829182 0.367531 2.33746
0.137155 0.219416 2.17948
-0.00458407 0.393019 2.03681
-0.00605699 0.426548 2.04542
-0.180849 -0.0749042 2.43966
-0.314534 -0.22157 2.14478
-0.253322 -0.609198 2.28579
-0.301635 -0.672575 2.20798
-0.0212405 -0.0838175 2.44939
0.146022 -0.219553 2.16669
0.0802624 -0.61015 2.25595
0.107752 -0.689116 2.1855
-0.0735161 0.351929 2.35351
-0.0656417 0.43435 1.96167
-0.0695845 0.389926 1.9678
-0.0426287 0.468355 2.02332
0.0137256 0.398052 1.99396
-0.089471 -0.0701403 2.48176
-0.0804478 0.196065 2.41106
-0.0693262 0.45817 2.32865
-0.0409484 0.600601 2.27341
-0.217823 0.380936 2.32505
-0.326642 0.248827 2.17073
-0.236882 0.371811 2.02578
-0.226831 0.419273 1.95696
0.0864952 0.35787 2.34548
0.187584 0.210493 2.21325
0.156552 0.360557 2.0712
0.1503 0.428006 2.04755
-0.1696 -0.0670232 2.44301
-0.309368 -0.217402 2.15328
-0.251308 -0.611248 2.28868
-0.302056 -0.667484 2.20375
-0.00669857 -0.0712048 2.45416
0.145923 -0.219232 2.1692
0.0813169 -0.612095 2.25641
0.1108 -0.690877 2.18715
-0.0720016 0.393355 2.35127
-0.219663 0.459294 1.91133
-0.207935 0.416736 1.99622
0.194291 0.485884 2.01599
0.124448 0.452905 2.06732
-0.104963 -0.082185 2.47509
-0.0924083 0.168162 2.40661
-0.0778648 0.411275 2.32816
-0.046307 0.588343 2.28593
-0.226399 0.39714 2.31941
-0.279687 0.248651 2.14064
-0.120454 0.361836 2.04493
-0.0977823 0.401244 1.99788
0.0826414 0.364527 2.33575
0.154373 0.215949 2.18056
0.0126722 0.385803 2.0562
-0.0107974 0.422906 2.02596
-0.183776 -0.0755052 2.43799
-0.314627 -0.222422 2.14391
-0.262881 -0.605104 2.27568
-0.301512 -0.680672 2.21015
-0.0242489 -0.0865608 2.44563
0.147703 -0.221275 2.16549
0.0801969 -0.613326 2.2572
0.111163 -0.690543 2.18569
-0.0819048 0.351306 2.34974
-0.0596789 0.428305 1.96414
-0.115537 0.433013 1.9821
-0.0853608 0.445433 1.97357
-0.059789 0.396997 1.96936
-0.105675 -0.0792624 2.47927
-0.08545 0.192279 2.40784
-0.0668558 0.459198 2.32501
-0.0420188 0.602792 2.27729
-0.213871 0.369621 2.3213
-0.321713 0.254179 2.1654
-0.221512 0.375793 2.01946
-0.206965 0.423267 1.95457
0.0821901 0.353124 2.34091
0.186264 0.210347 2.20855
0.146818 0.375093 2.07349
0.129798 0.440512 2.04946
-0.18201 -0.0726603 2.44223
-0.313 -0.221901 2.14743
-0.255292 -0.60867 2.28508
-0.301208 -0.671592 2.20411
-0.0268817 -0.0835806 2.44984
0.144796 -0.218823 2.16978
0.081373 -0.613012 2.2554
0.111367 -0.690995 2.18479
-0.0714289 0.393077 2.34771
-0.199252 0.462143 1.91399
-0.226576 0.415364 1.93333
0.162996 0.50501 2.02366
0.116689 0.47687 2.08175
-0.101999 -0.0836912 2.47966
-0.0766442 0.163503 2.40855
-0.0535957 0.39974 2.3251
-0.0411924 0.582644 2.28924
-0.225639 0.387896 2.31928
-0.278739 0.243191 2.1446
-0.138378 0.361285 2.03711
-0.108091 0.400509 1.98796
0.0847886 0.364097 2.33678
0.146536 0.21127 2.18238
0.0382001 0.34021 2.06972
0.0138791 0.393705 2.04905
-0.179509 -0.078423 2.4417
-0.313985 -0.221757 2.14543
-0.253911 -0.608994 2.28559
-0.301248 -0.67415 2.20951
-0.0217282 -0.0868153 2.45122
0.146247 -0.219811 2.16756
0.0807986 -0.612328 2.2545
0.110957 -0.691152 2.1859
-0.0592057 0.34056 2.34843
-0.0782146 0.425176 1.95218
-0.102847 0.36873 1.96612
-0.0281329 0.451163 2.01566
0.0217333 0.394548 1.99063
