-0.14994 -0.0790029 2.54607
-0.128309 0.168788 2.53289
-0.108198 0.411065 2.50844
-0.0969002 0.560847 2.50654
-0.267046 0.31447 2.51744
-0.444133 0.153936 2.44664
-0.458326 0.365128 2.31227
-0.460224 0.420798 2.28927
0.0551984 0.3022 2.5084
0.175775 0.114059 2.40779
0.215025 0.350539 2.29898
0.220721 0.397678 2.28637
-0.219721 -0.0711681 2.52304
-0.30968 -0.233543 2.18374
-0.294331 -0.637866 2.28701
-0.301431 -0.697975 2.18147
-0.0767909 -0.0846468 2.5087
-0.0331868 -0.252964 2.1587
-0.025961 -0.657724 2.28222
-0.011077 -0.709994 2.1711
-0.113369 0.351339 2.51631
-0.473535 0.477878 2.26084
-0.403946 0.4211 2.30761
0.241203 0.457104 2.26005
0.168659 0.411737 2.29675
-0.150454 -0.0787587 2.54638
-0.128434 0.168844 2.53304
-0.107887 0.410867 2.50881
-0.0951993 0.560922 2.5069
-0.265782 0.31679 2.51635
-0.445098 0.154323 2.44727
-0.45849 0.365521 2.3126
-0.459608 0.420175 2.28903
0.0558485 0.301857 2.50877
0.175014 0.113219 2.40845
0.214754 0.35139 2.29851
0.220855 0.396891 2.28529
-0.220461 -0.0705669 2.5235
-0.309722 -0.233627 2.18378
-0.294322 -0.637111 2.28593
-0.30149 -0.698669 2.18169
-0.0771129 -0.0846637 2.50891
-0.0332002 -0.252989 2.15878
-0.0263201 -0.657809 2.28208
-0.011397 -0.710445 2.17124
-0.113181 0.351221 2.51661
-0.472321 0.477731 2.26147
-0.402928 0.42157 2.30658
0.241237 0.456075 2.26107
0.168247 0.410028 2.29697
-0.148388 -0.0787667 2.54771
-0.127628 0.1689 2.53351
-0.107431 0.410877 2.50896
-0.0931638 0.561406 2.50741
-0.264522 0.31837 2.5155
-0.445136 0.15498 2.44838
-0.458476 0.366169 2.31311
-0.459189 0.420715 2.29066
0.0569654 0.301356 2.50922
0.174793 0.111107 2.40769
0.214439 0.351462 2.298
0.220798 0.392949 2.28406
-0.218423 -0.0705826 2.52463
-0.309802 -0.233639 2.18406
-0.293711 -0.638807 2.29067
-0.301222 -0.695455 2.18228
-0.0749226 -0.0848248 2.51055
-0.0331933 -0.253041 2.15878
-0.0257557 -0.658283 2.28228
-0.0114688 -0.710476 2.17101
-0.112609 0.35124 2.51687
-0.470406 0.479032 2.26272
-0.404046 0.422668 2.30865
0.240856 0.451284 2.26182
0.16691 0.403667 2.29439
-0.147594 -0.0786121 2.54831
-0.126882 0.169123 2.53401
-0.106463 0.411132 2.50946
-0.0917778 0.561601 2.50806
-0.263713 0.319585 2.51518
-0.445767 0.154926 2.44841
-0.458536 0.366446 2.31368
-0.459658 0.420875 2.29075
0.057647 0.300926 2.50971
0.174762 0.109509 2.40885
0.214442 0.35143 2.29752
0.220637 0.392446 2.28365
-0.217546 -0.0703416 2.52484
-0.309829 -0.233595 2.1841
-0.292528 -0.638591 2.29095
-0.301746 -0.694998 2.18261
-0.0741331 -0.0847976 2.51157
-0.0331939 -0.252815 2.15875
-0.0254213 -0.6574 2.2818
-0.0112287 -0.710253 2.17099
-0.111665 0.351494 2.5174
-0.471785 0.479815 2.26828
-0.404937 0.421808 2.31005
0.241833 0.448685 2.25213
0.166442 0.407528 2.29428
-0.147861 -0.0783759 2.54802
-0.126586 0.169283 2.5341
-0.105635 0.411381 2.50982
-0.0901352 0.561669 2.50864
-0.263164 0.320186 2.51478
-0.445017 0.15598 2.4482
-0.458814 0.366838 2.31346
-0.459071 0.420685 2.28825
0.0554356 0.303611 2.50744
0.1742 0.109301 2.41095
0.214486 0.342952 2.29932
0.219337 0.390909 2.28283
-0.217773 -0.0701365 2.52465
-0.309852 -0.233556 2.18407
-0.293243 -0.636145 2.28637
-0.30173 -0.69815 2.18272
-0.074425 -0.0845853 2.51117
-0.0332073 -0.252847 2.15882
-0.0253785 -0.657927 2.28218
-0.0110764 -0.710587 2.17125
-0.111013 0.351719 2.51768
-0.472527 0.479262 2.26165
-0.404452 0.421245 2.30781
0.235596 0.449257 2.25746
0.167455 0.406485 2.29683
-0.147389 -0.0781076 2.54775
-0.126102 0.169525 2.53388
-0.104803 0.411526 2.50968
-0.0891617 0.561858 2.50891
-0.264584 0.316773 2.51685
-0.444704 0.154887 2.44873
-0.458121 0.366263 2.31356
-0.455427 0.420389 2.28655
0.057768 0.302038 2.50901
0.173081 0.107777 2.40754
0.212001 0.346784 2.29576
0.213889 0.390729 2.28123
-0.217266 -0.0698969 2.52428
-0.309845 -0.233596 2.18401
-0.291089 -0.638148 2.29305
-0.301948 -0.693354 2.18403
-0.0739509 -0.0843353 2.51104
-0.0332558 -0.252926 2.15859
-0.0255406 -0.658061 2.28266
-0.0110508 -0.710162 2.17136
-0.110266 0.351888 2.51754
-0.470412 0.476786 2.25658
-0.402936 0.422774 2.30773
0.234033 0.449883 2.25685
0.161812 0.399188 2.29424
-0.148487 -0.0787026 2.54924
-0.126567 0.169647 2.53511
-0.10474 0.412186 2.51091
-0.0880328 0.5619 2.51002
-0.265218 0.314592 2.51966
-0.438994 0.156439 2.44509
-0.448652 0.370536 2.3102
-0.440216 0.427049 2.28477
0.0569353 0.301685 2.50805
0.170662 0.106426 2.40442
0.201944 0.346487 2.29036
0.199899 0.390799 2.27178
-0.218294 -0.0706863 2.52647
-0.309878 -0.233622 2.1842
-0.293554 -0.641369 2.2933
-0.30131 -0.693631 2.18163
-0.075146 -0.0848256 2.51199
-0.0333094 -0.252953 2.15872
-0.0255979 -0.660251 2.28574
-0.0114606 -0.710539 2.17312
-0.110319 0.352396 2.51876
-0.455598 0.483458 2.25533
-0.390526 0.429625 2.30464
0.224472 0.44757 2.25205
0.154794 0.410396 2.28925
-0.147044 -0.0787215 2.54964
-0.125963 0.169812 2.53542
-0.104578 0.412458 2.51117
-0.0874603 0.561923 2.51072
-0.264901 0.314432 2.51888
-0.423209 0.161159 2.42264
-0.420086 0.381986 2.30136
-0.407614 0.43842 2.27839
0.0535935 0.30423 2.50415
0.154004 0.110744 2.38814
0.171092 0.353865 2.27378
0.164059 0.395479 2.25178
-0.21675 -0.0711613 2.52684
-0.309804 -0.233511 2.1842
-0.295324 -0.642869 2.29123
-0.300687 -0.695158 2.17932
-0.0737636 -0.0844268 2.51239
-0.0333062 -0.252896 2.15858
-0.0256316 -0.66041 2.28588
-0.0105356 -0.709733 2.17276
-0.110051 0.352641 2.51904
-0.419412 0.494734 2.24854
-0.361355 0.446783 2.30515
0.184116 0.449382 2.23299
0.121589 0.428917 2.28267
-0.148378 -0.0772565 2.55076
-0.126083 0.170062 2.5359
-0.104378 0.412176 2.51151
-0.0872989 0.562316 2.51089
-0.264494 0.314847 2.51785
-0.414104 0.167821 2.40726
-0.39777 0.394455 2.29913
-0.383627 0.450642 2.28227
0.0523849 0.305846 2.50187
0.141919 0.112631 2.38239
0.150486 0.34848 2.26813
0.141082 0.399342 2.24881
-0.21975 -0.0688265 2.52876
-0.309793 -0.233409 2.18427
-0.295045 -0.641294 2.28849
-0.300975 -0.697219 2.17937
-0.0739136 -0.0835731 2.51281
-0.0331867 -0.252679 2.15864
-0.0264247 -0.658301 2.28339
-0.0102165 -0.71015 2.17222
-0.109867 0.352527 2.51937
-0.388178 0.509701 2.26079
-0.339169 0.453846 2.31479
0.162848 0.453827 2.22439
0.100188 0.422104 2.28127
-0.147385 -0.077126 2.55102
-0.125871 0.169891 2.53595
-0.104346 0.411425 2.51133
-0.087718 0.562592 2.511
-0.262564 0.317408 2.51371
-0.405424 0.167462 2.40153
-0.378578 0.393339 2.30005
-0.364468 0.448138 2.28061
0.0512515 0.307036 2.49922
0.130466 0.110329 2.37984
0.135426 0.341162 2.26446
0.125947 0.396411 2.24391
-0.21791 -0.0693661 2.52924
-0.309785 -0.233336 2.18427
-0.295218 -0.639864 2.28666
-0.301327 -0.698428 2.1797
-0.0732762 -0.0832749 2.51285
-0.0331971 -0.251819 2.1585
-0.0262183 -0.659839 2.28542
-0.00990811 -0.708922 2.17236
-0.109805 0.351991 2.5193
-0.36678 0.5103 2.26063
-0.324815 0.461737 2.314
0.147179 0.452048 2.21314
0.0900326 0.41856 2.27842
-0.147686 -0.0771191 2.55099
-0.126408 0.170133 2.53593
-0.105371 0.412008 2.51128
-0.0886347 0.563548 2.51133
-0.262674 0.317033 2.5134
-0.388757 0.182855 2.38776
-0.331636 0.367558 2.28437
-0.309323 0.415968 2.26095
0.0281925 0.299952 2.49228
0.113656 0.102311 2.37453
0.0910462 0.324783 2.254
0.0694756 0.384005 2.23282
-0.218452 -0.0694235 2.52935
-0.309974 -0.233507 2.18424
-0.295302 -0.638911 2.28514
-0.301697 -0.69959 2.18004
-0.0735598 -0.083152 2.51274
-0.033128 -0.25223 2.15846
-0.0258933 -0.653483 2.28004
-0.00926405 -0.706793 2.16999
-0.110663 0.352453 2.51927
-0.314336 0.472288 2.22749
-0.282141 0.436199 2.29518
0.0878339 0.439734 2.21001
0.0390622 0.400625 2.25983
-0.147099 -0.0791282 2.54956
-0.128362 0.17004 2.53542
-0.112077 0.41371 2.51045
-0.0907483 0.565634 2.51183
-0.254323 0.314856 2.50785
-0.338898 0.17132 2.36824
-0.241326 0.334783 2.26876
-0.210359 0.378547 2.23274
0.0403453 0.315393 2.49565
0.0796298 0.096684 2.36992
-0.00517571 0.317195 2.24436
-0.0281248 0.358696 2.21888
-0.218164 -0.0734366 2.5267
-0.309929 -0.23363 2.18418
-0.295295 -0.638813 2.28666
-0.301608 -0.698324 2.18053
-0.0727748 -0.0837685 2.51214
-0.0331044 -0.25162 2.15865
-0.0261823 -0.656761 2.28317
-0.00960606 -0.70701 2.17092
-0.115949 0.353542 2.51858
-0.197834 0.432698 2.17277
-0.19116 0.402164 2.28929
-0.0198991 0.413443 2.17883
-0.044095 0.368359 2.23363
-0.150795 -0.0769484 2.54633
-0.114432 0.174154 2.52968
-0.0549595 0.419671 2.49937
-0.0874172 0.572852 2.50991
-0.258524 0.341342 2.50375
-0.293588 0.177322 2.34976
-0.183987 0.321542 2.23844
-0.14375 0.394571 2.1905
0.043786 0.323485 2.49533
0.0379617 0.13763 2.33254
-0.0866072 0.323738 2.2312
-0.127412 0.364428 2.20299
-0.222693 -0.0700473 2.52351
-0.310144 -0.233897 2.18401
-0.29486 -0.638171 2.2862
-0.301402 -0.699065 2.1813
-0.0755787 -0.0822519 2.50892
-0.0332055 -0.251492 2.15858
-0.0267488 -0.654006 2.28151
-0.0091315 -0.706657 2.17117
-0.0720866 0.35914 2.50886
-0.111445 0.433471 2.17943
-0.165095 0.422451 2.1705
-0.164744 0.416705 2.17998
-0.157268 0.342332 2.1989
-0.150485 -0.0759488 2.54684
-0.131178 0.172519 2.53051
-0.138908 0.410748 2.49934
-0.0883351 0.572762 2.50963
-0.251303 0.324037 2.50152
-0.314258 0.182361 2.34163
-0.223782 0.336518 2.22642
-0.211281 0.377925 2.21454
0.0442599 0.325721 2.49457
0.0488706 0.146117 2.33129
-0.0285047 0.304413 2.21243
-0.045632 0.345581 2.20781
-0.223879 -0.0692087 2.52224
-0.310166 -0.234093 2.18401
-0.294774 -0.637572 2.28614
-0.303068 -0.69983 2.18273
-0.0719468 -0.0804661 2.51239
-0.0332653 -0.251097 2.15866
-0.0274107 -0.657713 2.28633
-0.00947682 -0.706621 2.17344
-0.140204 0.351787 2.50938
-0.212625 0.434848 2.16526
-0.219092 0.360831 2.16561
-0.0439372 0.405195 2.16024
-0.0656973 0.366481 2.23822
-0.133819 -0.0756934 2.55622
-0.127608 0.172023 2.53416
-0.124813 0.411299 2.5037
-0.0926152 0.569317 2.50733
-0.251586 0.318879 2.50173
-0.386134 0.189017 2.37213
-0.312814 0.341635 2.24267
-0.310655 0.383122 2.22273
0.0228341 0.2961 2.48816
0.103681 0.13567 2.36379
0.0745379 0.31839 2.22149
0.0544674 0.374142 2.19767
-0.210535 -0.0709422 2.5315
-0.310102 -0.234258 2.18412
-0.295852 -0.640586 2.29031
-0.303201 -0.697423 2.18209
-0.0535306 -0.0782373 2.52096
-0.0330775 -0.251339 2.15833
-0.0267162 -0.653338 2.27875
-0.00944378 -0.708611 2.17035
-0.126443 0.352203 2.51374
-0.317877 0.436317 2.1742
-0.280024 0.408507 2.2545
0.0699943 0.429016 2.15938
0.030069 0.400704 2.22571
-0.128466 -0.0737 2.55707
-0.122244 0.172805 2.53514
-0.116105 0.412202 2.50399
-0.0936877 0.565693 2.50148
-0.269593 0.317908 2.51067
-0.425872 0.195475 2.43302
-0.430698 0.342556 2.27407
-0.424734 0.393743 2.2391
0.0429889 0.305357 2.49611
0.144394 0.135611 2.37981
0.151615 0.331933 2.23771
0.174366 0.388378 2.21163
-0.205033 -0.0695457 2.53189
-0.309948 -0.234017 2.18388
-0.294167 -0.641888 2.29179
-0.303161 -0.695032 2.18096
-0.04868 -0.075903 2.52217
-0.0329911 -0.251405 2.15805
-0.0263208 -0.656414 2.28098
-0.00906304 -0.707868 2.16973
-0.117921 0.353165 2.51393
-0.444823 0.446568 2.1929
-0.375056 0.415228 2.2705
0.203773 0.443315 2.17821
0.136788 0.40095 2.23106
-0.126681 -0.072645 2.55819
-0.120627 0.173185 2.53611
-0.11434 0.412353 2.5046
-0.09439 0.564115 2.49851
-0.281228 0.316806 2.52122
-0.464275 0.199398 2.47599
-0.510583 0.352536 2.30736
-0.530197 0.398271 2.27879
0.0484167 0.306858 2.50178
0.171391 0.127968 2.39129
0.238649 0.328684 2.2874
0.264476 0.39128 2.26591
-0.202954 -0.0688247 2.53322
-0.30999 -0.233871 2.18391
-0.294897 -0.643137 2.29172
-0.302772 -0.69525 2.17999
-0.0472725 -0.0746653 2.52304
-0.0329633 -0.251559 2.15815
-0.0258608 -0.657542 2.28147
-0.0092633 -0.708709 2.16989
-0.116119 0.35339 2.51455
-0.559825 0.455582 2.24172
-0.470556 0.416568 2.29267
0.306646 0.444821 2.23654
0.217876 0.422455 2.2795
-0.125808 -0.0722925 2.55856
-0.119798 0.173213 2.53661
-0.113488 0.412219 2.50506
-0.0947071 0.563648 2.49775
-0.284134 0.316662 2.52524
-0.48575 0.172787 2.4907
-0.526853 0.352843 2.31543
-0.545858 0.401349 2.29029
0.0480475 0.307781 2.50225
0.177882 0.124927 2.39599
0.251617 0.331703 2.2905
0.281364 0.39098 2.27681
-0.202009 -0.0687766 2.53371
-0.310023 -0.233813 2.18397
-0.294403 -0.642244 2.29139
-0.302565 -0.695362 2.18043
-0.0464773 -0.0740244 2.52328
-0.0329263 -0.251981 2.15834
-0.025485 -0.658347 2.28224
-0.00974069 -0.708834 2.17004
-0.115242 0.353299 2.51498
-0.574122 0.460569 2.25829
-0.486743 0.418757 2.3058
0.327722 0.447211 2.25262
0.23412 0.425622 2.29555
-0.12587 -0.0722939 2.55866
-0.119623 0.173165 2.53681
-0.112995 0.412169 2.50533
-0.0948532 0.563136 2.49782
-0.28486 0.316625 2.52618
-0.482765 0.170065 2.48692
-0.516923 0.35628 2.31252
-0.518813 0.407027 2.27506
0.048533 0.307679 2.50268
0.173928 0.124012 2.39103
0.242206 0.343398 2.28292
0.256908 0.394397 2.2563
-0.202007 -0.0688068 2.53377
-0.31014 -0.233562 2.18411
-0.292342 -0.643324 2.29415
-0.302902 -0.693242 2.18129
-0.0466765 -0.0740029 2.52341
-0.0329438 -0.252177 2.1585
-0.025776 -0.65812 2.28223
-0.0101516 -0.709276 2.17047
-0.114841 0.353253 2.5152
-0.544388 0.464986 2.2506
-0.468524 0.40271 2.28729
0.300869 0.441095 2.21806
0.212532 0.426982 2.2777
-0.125758 -0.0723336 2.5588
-0.119548 0.173162 2.53682
-0.112846 0.412334 2.5051
-0.0947411 0.562921 2.49805
-0.283127 0.317121 2.52387
-0.457441 0.164612 2.45381
-0.455949 0.358822 2.28674
-0.441519 0.407198 2.25318
0.0496691 0.30307 2.49936
0.151152 0.125597 2.37653
0.187214 0.360371 2.24999
0.180923 0.398994 2.22562
-0.201938 -0.0686587 2.53399
-0.310252 -0.233644 2.18411
-0.291362 -0.641977 2.2926
-0.303308 -0.694529 2.18183
-0.0465178 -0.0742282 2.52354
-0.0331936 -0.252829 2.1586
-0.0260412 -0.656606 2.27983
-0.00977826 -0.709371 2.16935
-0.114704 0.353367 2.51504
-0.458968 0.464425 2.22135
-0.39911 0.424604 2.28583
0.216631 0.447635 2.18957
0.141959 0.431055 2.25433
-0.135585 -0.0717595 2.55862
-0.12218 0.172847 2.53563
-0.111844 0.41167 2.503
-0.0949124 0.562837 2.49797
-0.274543 0.31709 2.51481
-0.393504 0.186605 2.37912
-0.295413 0.320752 2.2451
-0.288615 0.366756 2.22863
0.0370584 0.301874 2.48718
0.106087 0.112413 2.36722
0.0304647 0.32607 2.22826
0.0210847 0.376403 2.20433
-0.213332 -0.0663159 2.53457
-0.310567 -0.233689 2.18427
-0.29525 -0.64538 2.29192
-0.302142 -0.695106 2.17844
-0.0549683 -0.0752197 2.52257
-0.0337977 -0.252706 2.15847
-0.0274788 -0.658052 2.28244
-0.0101505 -0.708031 2.17018
-0.114283 0.352814 2.51315
-0.294278 0.414234 2.17411
-0.270779 0.401003 2.2613
0.0273869 0.43272 2.17827
-0.00467103 0.388183 2.23008
-0.130126 -0.0742911 2.55572
-0.124924 0.172018 2.53246
-0.12154 0.412142 2.49735
-0.0943411 0.5639 2.49706
-0.266669 0.309843 2.51098
-0.330896 0.162188 2.36117
-0.221474 0.293044 2.23188
-0.187956 0.327988 2.18981
0.0435386 0.318316 2.49277
0.0625067 0.145696 2.34149
-0.0732343 0.267848 2.21752
-0.0785504 0.310505 2.21563
-0.20777 -0.0719427 2.5311
-0.310721 -0.233809 2.18436
-0.295514 -0.643647 2.28903
-0.302326 -0.697912 2.17878
-0.0494104 -0.0752796 2.51999
-0.034154 -0.25271 2.15863
-0.0285635 -0.657178 2.2817
-0.0101298 -0.70845 2.17057
-0.121942 0.352726 2.50818
-0.174226 0.390025 2.14882
-0.174475 0.35097 2.17986
-0.0841114 0.374318 2.16986
-0.097578 0.325744 2.2371
-0.122495 -0.0736211 2.55407
-0.111506 0.174819 2.52706
-0.0965141 0.41951 2.4858
-0.0917867 0.563495 2.49457
-0.264209 0.330094 2.49865
-0.321935 0.143908 2.36322
-0.210548 0.248727 2.21326
-0.186702 0.290173 2.20796
0.0439697 0.318048 2.4927
0.0439186 0.0776956 2.3995
-0.0679894 0.266001 2.24059
-0.0783142 0.291434 2.21127
-0.198825 -0.0722512 2.52941
-0.310774 -0.233942 2.18421
-0.294585 -0.642326 2.28631
-0.303169 -0.699894 2.17891
-0.0428842 -0.0733721 2.51835
-0.0342284 -0.252989 2.15854
-0.0280457 -0.655604 2.28176
-0.0101811 -0.70866 2.1718
-0.100489 0.359016 2.4983
-0.167909 0.334306 2.15906
-0.170725 0.288625 2.20162
-0.0821126 0.358454 2.16921
-0.0974437 0.293489 2.2321
-0.119082 -0.075196 2.55495
-0.114905 0.173153 2.52631
-0.116318 0.416158 2.48551
-0.0910355 0.563214 2.49293
-0.262342 0.320006 2.49819
-0.331466 0.171487 2.33522
-0.220993 0.311945 2.21962
-0.21223 0.344589 2.20483
0.0449564 0.32005 2.49204
0.0706781 0.133001 2.34184
-0.0073328 0.289329 2.22063
0.0113552 0.229864 2.24202
-0.196772 -0.0740773 2.52962
-0.310754 -0.234199 2.18395
-0.294198 -0.64078 2.28854
-0.302864 -0.697937 2.18078
-0.0376547 -0.07467 2.52011
-0.0340717 -0.25318 2.15867
-0.0265856 -0.657452 2.28414
-0.00991562 -0.708224 2.1723
-0.115203 0.3562 2.49786
-0.20864 0.393802 2.14592
-0.191937 0.389107 2.237
-0.0230584 0.293507 2.19176
-0.0085471 0.206646 2.25018
-0.121766 -0.0767976 2.55767
-0.117552 0.170983 2.5287
-0.116249 0.412882 2.48926
-0.0920595 0.562085 2.49119
-0.255023 0.308055 2.49761
-0.375744 0.183318 2.36835
-0.29565 0.333414 2.24001
-0.291484 0.378042 2.22231
0.0285669 0.281662 2.48002
0.1135 0.134244 2.34451
0.0771435 0.302772 2.21992
0.0865468 0.249156 2.24685
-0.200036 -0.0746931 2.53201
-0.310565 -0.234446 2.18413
-0.294593 -0.639732 2.28861
-0.302247 -0.697868 2.1815
-0.0404687 -0.0774068 2.52345
-0.0337792 -0.253119 2.1587
-0.0278828 -0.65321 2.28131
-0.00990444 -0.706277 2.17136
-0.116369 0.353356 2.50098
-0.294017 0.42826 2.16172
-0.267017 0.408847 2.26291
0.0904947 0.261621 2.21544
0.0469162 0.312142 2.21814
-0.121698 -0.0758635 2.55835
-0.116846 0.170749 2.52993
-0.112296 0.410291 2.49225
-0.0926733 0.560322 2.48817
-0.265091 0.312269 2.50373
-0.420776 0.195926 2.41464
-0.399427 0.366374 2.27663
-0.402314 0.41875 2.25258
0.0469453 0.302896 2.49333
0.161469 0.146502 2.3863
0.174094 0.34868 2.24771
0.187088 0.402985 2.23242
-0.199401 -0.0730774 2.53272
-0.310467 -0.234329 2.18413
-0.295954 -0.639582 2.28739
-0.301427 -0.698911 2.18101
-0.0408922 -0.0768645 2.52416
-0.0334721 -0.252946 2.15842
-0.0274977 -0.651128 2.27585
-0.00938815 -0.70895 2.16971
-0.113561 0.35149 2.50347
-0.422327 0.472641 2.20515
-0.363403 0.429361 2.2842
0.212911 0.450409 2.18725
0.184592 0.442455 2.24143
-0.123043 -0.0751201 2.55777
-0.116967 0.170447 2.53031
-0.111351 0.408824 2.49325
-0.0938645 0.558139 2.48346
-0.275817 0.313472 2.51275
-0.450713 0.202699 2.45938
-0.483252 0.373105 2.31216
-0.502264 0.427017 2.29325
0.0536522 0.303095 2.49905
0.194228 0.14635 2.41775
0.24249 0.320072 2.29165
0.276185 0.377725 2.28087
-0.200287 -0.0717521 2.5321
-0.310399 -0.234201 2.18388
-0.29573 -0.639624 2.28812
-0.301292 -0.69831 2.18121
-0.0428984 -0.0766346 2.52344
-0.0334003 -0.252983 2.15847
-0.0272928 -0.652267 2.2769
-0.00942547 -0.708897 2.16972
-0.112917 0.350321 2.50433
-0.530561 0.483921 2.26815
-0.446392 0.450097 2.32362
0.312587 0.436895 2.25873
0.227687 0.400979 2.29579
-0.122689 -0.074734 2.5582
-0.116774 0.170149 2.53061
-0.111018 0.407746 2.49348
-0.094803 0.556269 2.48001
-0.282196 0.314587 2.51844
-0.49106 0.18193 2.49696
-0.526449 0.377946 2.334
-0.549803 0.429301 2.32055
0.0567146 0.304635 2.50377
0.21174 0.115265 2.4349
0.30048 0.320017 2.32182
0.327325 0.375433 2.31296
-0.199695 -0.0714406 2.53258
-0.310383 -0.234199 2.1837
-0.292572 -0.640801 2.29191
-0.299883 -0.695232 2.18179
-0.0427216 -0.0761501 2.52385
-0.0333131 -0.252531 2.1585
-0.0266129 -0.654319 2.2798
-0.00987743 -0.70887 2.17073
-0.112593 0.349393 2.50462
-0.578446 0.490057 2.30076
-0.492082 0.449415 2.34145
0.364051 0.435216 2.29747
0.277769 0.399077 2.32308
-0.131961 -0.0727355 2.55472
-0.119779 0.16995 2.53059
-0.110898 0.406901 2.49522
-0.0952798 0.55623 2.47997
-0.285049 0.315105 2.52299
-0.488435 0.182301 2.49044
-0.527833 0.381736 2.33592
-0.534858 0.438027 2.30804
0.0536486 0.307519 2.50389
0.204317 0.117652 2.41881
0.303793 0.325304 2.32358
0.320673 0.38444 2.30574
-0.20685 -0.0690764 2.53029
-0.310331 -0.234063 2.18364
-0.2927 -0.641615 2.29203
-0.300427 -0.695332 2.18142
-0.0537956 -0.0748752 2.51882
-0.0333013 -0.252046 2.15858
-0.0268943 -0.654863 2.27997
-0.00993073 -0.709139 2.17073
-0.112903 0.348691 2.50579
-0.563051 0.49599 2.2879
-0.483203 0.440549 2.32056
0.365789 0.437511 2.2987
0.271349 0.40955 2.31525
-0.129785 -0.0723058 2.55633
-0.119398 0.170743 2.53228
-0.110742 0.408216 2.49809
-0.0959387 0.557261 2.4846
-0.284624 0.316008 2.52304
-0.459909 0.181935 2.45053
-0.469785 0.387655 2.30102
-0.467394 0.441407 2.27167
0.051848 0.307327 2.50254
0.171861 0.11936 2.38747
0.229707 0.342103 2.28017
0.251646 0.398974 2.26071
-0.205351 -0.0685364 2.53205
-0.310336 -0.234014 2.18349
-0.294305 -0.642702 2.29331
-0.299841 -0.694369 2.18095
-0.0510348 -0.0743865 2.52038
-0.0332575 -0.252106 2.15868
-0.0271459 -0.65354 2.27876
-0.0100107 -0.709097 2.17054
-0.112785 0.3498 2.5084
-0.493078 0.499973 2.24739
-0.422007 0.462325 2.30417
0.298471 0.448767 2.23745
0.210481 0.426625 2.2824
