-0.0333426 -0.0645408 2.25856
-0.0271446 0.239043 2.23684
-0.0201092 0.532292 2.20301
-0.00967497 0.674094 2.17346
-0.178759 0.411763 2.18567
-0.25863 0.17565 2.20207
-0.36003 -0.0189941 2.21295
-0.38504 -0.0686401 2.21012
0.141386 0.410271 2.20796
0.222286 0.168107 2.25112
0.341768 -0.0113672 2.28506
0.3593 -0.0463882 2.26143
-0.107498 -0.0640998 2.22174
-0.110385 -0.348509 2.31819
-0.117534 -0.651229 2.38834
-0.130439 -0.72973 2.32042
0.0420357 -0.0628393 2.22474
0.0429255 -0.350397 2.32604
0.0170923 -0.645923 2.39549
0.0222024 -0.729329 2.32734
-0.0219264 0.460412 2.21361
-0.422188 -0.129461 2.23052
-0.389435 -0.0621161 2.20147
0.410473 -0.11242 2.28462
0.353862 -0.0745259 2.22253
-0.0331192 -0.064374 2.25869
-0.0266259 0.239102 2.23704
-0.0193973 0.532213 2.20324
-0.00907719 0.67414 2.17371
-0.178146 0.412141 2.18676
-0.257992 0.176448 2.20406
-0.359972 -0.0177345 2.2162
-0.387195 -0.0683856 2.21488
0.142004 0.410426 2.20726
0.222636 0.168409 2.24985
0.342487 -0.0120925 2.27861
0.357132 -0.0475724 2.25622
-0.107262 -0.0638524 2.22204
-0.110183 -0.348426 2.31826
-0.11748 -0.651201 2.38847
-0.130454 -0.729684 2.32078
0.0422309 -0.0627415 2.22471
0.0429601 -0.350374 2.32602
0.0171586 -0.645885 2.39557
0.0224105 -0.729309 2.32736
-0.0212496 0.46037 2.21384
-0.425643 -0.127328 2.24314
-0.393165 -0.0422356 2.18425
0.404895 -0.11231 2.27327
0.350124 -0.0721635 2.22079
-0.0328866 -0.0641269 2.25924
-0.0257764 0.239365 2.23751
-0.0179343 0.532519 2.20357
-0.00791641 0.674238 2.17378
-0.177487 0.412832 2.1881
-0.257945 0.17816 2.20687
-0.360522 -0.015643 2.21952
-0.389858 -0.0651081 2.2196
0.142897 0.41041 2.20641
0.223081 0.168004 2.24802
0.342633 -0.0127815 2.27641
0.368061 -0.0716809 2.25402
-0.107042 -0.0634141 2.22307
-0.109918 -0.34838 2.31852
-0.117619 -0.651125 2.38844
-0.130438 -0.729713 2.32067
0.0424112 -0.062653 2.22485
0.0430327 -0.348914 2.32546
0.0171828 -0.64583 2.39555
0.0225652 -0.729209 2.32732
-0.019936 0.460666 2.21422
-0.429385 -0.12853 2.24961
-0.393501 -0.0443889 2.21137
0.414967 -0.128651 2.28796
0.3529 -0.0897582 2.21388
-0.0328685 -0.0638954 2.25943
-0.0244573 0.239836 2.23753
-0.0145208 0.533349 2.20308
-0.0047477 0.674284 2.17428
-0.176299 0.413382 2.18867
-0.258152 0.179408 2.20793
-0.361692 -0.0138351 2.2209
-0.382007 -0.0485483 2.21656
0.144149 0.410099 2.20498
0.223439 0.167447 2.24543
0.341762 -0.0144909 2.27233
0.364953 -0.0737325 2.25305
-0.107078 -0.0629509 2.2235
-0.109721 -0.348271 2.31872
-0.117458 -0.650625 2.38844
-0.130145 -0.729907 2.32006
0.0424573 -0.0625829 2.22485
0.0431056 -0.347812 2.32466
0.0172782 -0.645797 2.39536
0.0228414 -0.729129 2.32744
-0.0170788 0.461409 2.21388
-0.424322 -0.12083 2.23614
-0.392062 -0.0524989 2.225
0.411023 -0.129178 2.27876
0.352447 -0.0910655 2.21404
-0.0324751 -0.0638171 2.26001
-0.0234341 0.239978 2.238
-0.0132573 0.533611 2.20341
-0.00184256 0.673895 2.17426
-0.17518 0.414058 2.18943
-0.258021 0.179959 2.20821
-0.362077 -0.012975 2.22141
-0.390057 -0.0636353 2.21842
0.145662 0.409706 2.2045
0.223488 0.167285 2.24494
0.341053 -0.0153192 2.27105
0.364232 -0.075374 2.2535
-0.10675 -0.0628529 2.224
-0.109689 -0.348262 2.31892
-0.117299 -0.65081 2.38872
-0.130087 -0.729725 2.32003
0.0428566 -0.0625874 2.22536
0.0433714 -0.347553 2.32457
0.0173764 -0.6457 2.39531
0.0230439 -0.729069 2.32733
-0.0158463 0.461637 2.21425
-0.426968 -0.122706 2.23724
-0.394532 -0.047494 2.20643
0.408122 -0.134714 2.28456
0.350589 -0.0932199 2.21466
-0.0317624 -0.0639153 2.26012
-0.0220058 0.239766 2.23782
-0.0115455 0.533299 2.20295
0.000155491 0.673771 2.17414
-0.173998 0.41435 2.18932
-0.25808 0.180003 2.20827
-0.362185 -0.0128673 2.22175
-0.379369 -0.0482169 2.21376
0.146837 0.409262 2.20359
0.223358 0.16747 2.24449
0.34052 -0.0153927 2.27064
0.364598 -0.0767979 2.25628
-0.10614 -0.0629475 2.22404
-0.109509 -0.348284 2.31854
-0.117295 -0.650727 2.38865
-0.130036 -0.729837 2.32015
0.0436872 -0.0627321 2.22548
0.0435638 -0.347816 2.32444
0.0175362 -0.646211 2.39575
0.0229818 -0.729118 2.32786
-0.0141781 0.461348 2.21385
-0.425232 -0.120472 2.23341
-0.400214 -0.0690379 2.21578
0.409578 -0.133636 2.2911
0.350671 -0.0922031 2.21648
-0.029402 -0.0635356 2.25827
-0.0208619 0.239978 2.23699
-0.0112988 0.533373 2.20276
0.00142615 0.673365 2.17349
-0.173258 0.415084 2.18893
-0.258006 0.181037 2.20752
-0.361998 -0.0118888 2.2211
-0.378907 -0.0477648 2.2102
0.147261 0.408954 2.20338
0.223677 0.167286 2.24417
0.340216 -0.0157272 2.27147
0.365256 -0.0731376 2.26233
-0.103911 -0.0625876 2.22177
-0.106282 -0.347266 2.29212
-0.116906 -0.651827 2.38777
-0.129914 -0.729984 2.31889
0.0461769 -0.0624138 2.22383
0.0448385 -0.354857 2.31896
0.0178843 -0.64661 2.39558
0.0233902 -0.728813 2.32703
-0.0137804 0.46145 2.21356
-0.420139 -0.119891 2.22258
-0.391905 -0.0650034 2.21571
0.410228 -0.129667 2.29477
0.353727 -0.0940475 2.22033
-0.0300347 -0.0652985 2.25223
-0.0188029 0.23796 2.23389
-0.00677772 0.529878 2.20164
0.00712981 0.668172 2.16993
-0.169349 0.412468 2.18604
-0.259102 0.180449 2.20575
-0.366259 -0.0109403 2.21749
-0.390734 -0.0418891 2.20796
0.151203 0.405137 2.2053
0.225744 0.16325 2.24951
0.341343 -0.0189029 2.28286
0.371176 -0.0815565 2.27464
-0.105022 -0.0625476 2.2135
-0.11866 -0.358278 2.24337
-0.117456 -0.656169 2.37874
-0.13045 -0.730084 2.31765
0.0457629 -0.0658692 2.2194
0.0351517 -0.36021 2.26759
0.0195954 -0.651289 2.39224
0.0316351 -0.731511 2.32322
-0.0100803 0.458452 2.21187
-0.433805 -0.113471 2.21887
-0.401873 -0.0452268 2.21175
0.419188 -0.142596 2.31135
0.359267 -0.099338 2.2395
-0.0642733 -0.078013 2.24838
-0.0211277 0.227588 2.23028
0.017447 0.513882 2.19683
0.0248684 0.655229 2.16791
-0.150781 0.400832 2.17569
-0.259519 0.180063 2.20004
-0.381718 -0.00193289 2.2117
-0.413312 -0.0282697 2.20286
0.168467 0.388594 2.20936
0.236604 0.14725 2.25889
0.346795 -0.0364292 2.29861
0.371881 -0.103521 2.29167
-0.135245 -0.0672796 2.20771
-0.14248 -0.36654 2.23928
-0.125981 -0.657516 2.3734
-0.135901 -0.735216 2.32193
0.00851583 -0.086926 2.2181
0.00568086 -0.387112 2.23701
0.0113297 -0.661422 2.38053
0.0314857 -0.732424 2.32011
0.00608639 0.4441 2.20746
-0.462013 -0.0964763 2.22054
-0.431374 -0.0325426 2.19919
0.412951 -0.16991 2.32492
0.36558 -0.133972 2.25367
-0.0860305 -0.0961986 2.25694
-0.0199498 0.204231 2.22809
0.0472851 0.486841 2.18417
0.0552792 0.626305 2.15803
-0.127453 0.382802 2.16059
-0.268382 0.169122 2.1893
-0.412198 0.00336453 2.19556
-0.437009 -0.0140406 2.18948
0.178023 0.370198 2.20969
0.255655 0.10612 2.27405
0.348401 -0.0802356 2.3336
0.375445 -0.145888 2.319
-0.153975 -0.081576 2.214
-0.153761 -0.384003 2.25044
-0.13266 -0.664178 2.37744
-0.137678 -0.736832 2.32071
-0.0153999 -0.10805 2.22905
-0.0465322 -0.407951 2.23676
-0.000717499 -0.666134 2.37594
0.0288742 -0.733181 2.31721
0.0296685 0.417552 2.1977
-0.487643 -0.0714002 2.20524
-0.455933 -0.0122509 2.18755
0.413208 -0.211406 2.35699
0.36917 -0.172074 2.28255
-0.100324 -0.114604 2.27688
-0.0170704 0.182383 2.22566
0.0707029 0.456342 2.15151
0.0814056 0.599049 2.13554
-0.106727 0.363581 2.13216
-0.281403 0.165409 2.17303
-0.435404 0.0095787 2.1814
-0.469206 -0.0111661 2.17201
0.199504 0.312949 2.19994
0.253261 0.0912564 2.27948
0.338563 -0.0930978 2.35197
0.359247 -0.159924 2.35031
-0.168263 -0.0979044 2.23146
-0.153582 -0.408409 2.27364
-0.131663 -0.667372 2.38085
-0.116214 -0.738086 2.32071
-0.0292069 -0.127809 2.25146
-0.0659355 -0.412859 2.25049
-0.012873 -0.672274 2.37303
0.00291649 -0.742834 2.31383
0.0478993 0.389571 2.17412
-0.525645 -0.0488043 2.18782
-0.47885 0.00752962 2.14657
0.396519 -0.226949 2.38795
0.360346 -0.198244 2.31743
-0.0958507 -0.1189 2.32406
-0.0113865 0.1697 2.22621
0.0733059 0.438382 2.11267
0.0943665 0.57375 2.09298
-0.0970499 0.343978 2.09708
-0.283711 0.166889 2.14037
-0.449084 0.0242331 2.15398
-0.481352 -0.00706151 2.14092
0.198148 0.307386 2.18485
0.243917 0.0813592 2.28761
0.312861 -0.0943516 2.38831
0.318724 -0.134493 2.3997
-0.163448 -0.102834 2.27955
-0.154007 -0.399651 2.32014
-0.13126 -0.666572 2.38421
-0.113001 -0.735283 2.31999
-0.0250702 -0.131137 2.29818
-0.0553776 -0.419368 2.303
-0.0104114 -0.672329 2.3793
0.015658 -0.738643 2.31587
0.0522774 0.372406 2.14532
-0.548001 -0.0406873 2.15992
-0.501942 0.00337579 2.12373
0.35159 -0.200798 2.44131
0.319833 -0.192411 2.37843
-0.0887993 -0.108931 2.34889
-0.0104839 0.16793 2.22493
0.0691657 0.429392 2.08211
0.0880277 0.566135 2.05878
-0.0972479 0.337064 2.07585
-0.285137 0.1573 2.12426
-0.447212 0.0108335 2.13755
-0.472064 -0.025886 2.12666
0.195342 0.305433 2.15632
0.237289 0.0878983 2.28877
0.304256 -0.0717472 2.41194
0.320188 -0.127133 2.44069
-0.155324 -0.0945537 2.30855
-0.14968 -0.393465 2.34012
-0.132516 -0.664864 2.38903
-0.114513 -0.734728 2.31912
-0.0195113 -0.120095 2.31849
-0.0283692 -0.39186 2.33052
-0.00513068 -0.663097 2.38658
0.0186733 -0.733562 2.31811
0.0500944 0.365148 2.12172
-0.530075 -0.0623352 2.13585
-0.506656 -0.0282479 2.118
0.345434 -0.177245 2.50083
0.310152 -0.161092 2.412
-0.0645712 -0.0966334 2.36014
-0.00864571 0.170239 2.22021
0.0477193 0.431611 2.05822
0.0685345 0.570391 2.03556
-0.10848 0.337352 2.06232
-0.28937 0.142316 2.1172
-0.441541 -0.0146316 2.12955
-0.449672 -0.0433555 2.12373
0.182472 0.32139 2.12697
0.232778 0.115359 2.28156
0.308268 -0.0284616 2.41725
0.333414 -0.080256 2.44679
-0.135028 -0.0852496 2.32
-0.135558 -0.372755 2.33717
-0.127896 -0.660531 2.39223
-0.122833 -0.73344 2.3221
0.00794315 -0.105006 2.32923
0.00427632 -0.372598 2.34114
0.00839176 -0.658162 2.39568
0.0264986 -0.731418 2.31932
0.0355713 0.367733 2.10186
-0.51881 -0.100679 2.14027
-0.463127 -0.0220122 2.118
0.367476 -0.123023 2.51117
0.328231 -0.119524 2.4302
-0.0182741 -0.0768462 2.34407
-0.00579766 0.186017 2.20695
0.0101601 0.449187 2.04909
0.0352698 0.586745 2.02214
-0.141954 0.35606 2.05408
-0.291999 0.136672 2.11226
-0.431053 -0.0316333 2.12793
-0.438875 -0.0653434 2.12309
0.156038 0.348673 2.10963
0.222837 0.146922 2.26518
0.324572 0.0136756 2.39495
0.347447 -0.0116402 2.39646
-0.0921729 -0.0743878 2.30406
-0.105713 -0.350682 2.31613
-0.117901 -0.659723 2.38933
-0.126827 -0.732815 2.31602
0.0564821 -0.076658 2.31286
0.0501705 -0.356 2.3472
0.0249828 -0.657236 2.40407
0.0372639 -0.731995 2.3262
0.00844962 0.384444 2.09065
-0.49464 -0.124321 2.13626
-0.4397 -0.0269115 2.10129
0.393887 -0.0609343 2.45507
0.354895 -0.0660967 2.38709
0.00410108 -0.0710777 2.32063
-0.00764949 0.199702 2.19928
-0.0220298 0.472501 2.06089
0.00299477 0.608976 2.02951
-0.176424 0.376322 2.07013
-0.307411 0.159728 2.10835
-0.429209 -0.0219241 2.12295
-0.457665 -0.0569081 2.11226
0.134445 0.366505 2.10648
0.210016 0.165224 2.24525
0.331123 0.0306701 2.3578
0.35848 -0.00475702 2.36111
-0.069983 -0.0732772 2.27999
-0.0886453 -0.355585 2.30124
-0.114039 -0.65996 2.38676
-0.12593 -0.732499 2.31735
0.0781962 -0.0668169 2.28981
0.0640133 -0.355905 2.34829
0.035342 -0.653422 2.40402
0.0395186 -0.733175 2.33184
-0.0168715 0.405437 2.09647
-0.503016 -0.114419 2.12042
-0.46012 -0.0241169 2.08973
0.410952 -0.05834 2.4178
0.357842 -0.0443046 2.35
0.0123103 -0.0695989 2.28975
-0.012629 0.212078 2.19512
-0.0423468 0.495854 2.0858
-0.0221925 0.632993 2.05338
-0.197666 0.390479 2.09563
-0.321602 0.170938 2.11829
-0.441484 -0.013414 2.12046
-0.47461 -0.0433713 2.10581
0.120848 0.383377 2.11373
0.210443 0.174663 2.22723
0.344004 0.0290717 2.31202
0.369343 -0.0140038 2.30926
-0.0628357 -0.0738015 2.25248
-0.0731563 -0.360992 2.27782
-0.11038 -0.660871 2.38317
-0.124776 -0.732333 2.31682
0.087099 -0.0631886 2.25583
0.0726886 -0.356298 2.33724
0.0396329 -0.650984 2.40314
0.0407959 -0.733783 2.33337
-0.0342571 0.426114 2.11343
-0.527646 -0.100971 2.10621
-0.474605 -0.00813272 2.08593
0.419431 -0.057584 2.34738
0.365956 -0.0511759 2.2887
-0.00164187 -0.0737206 2.24546
-0.019923 0.219073 2.19271
-0.0465732 0.511211 2.12416
-0.0302094 0.652024 2.0927
-0.204165 0.400249 2.12156
-0.325584 0.175437 2.13977
-0.453446 -0.0037024 2.11931
-0.479939 -0.0297451 2.10248
0.118036 0.3914 2.13447
0.215887 0.173733 2.21904
0.35985 0.0202666 2.27183
0.379341 -0.0102674 2.2639
-0.0771291 -0.0764884 2.20829
-0.0722407 -0.368577 2.24711
-0.108118 -0.659341 2.37473
-0.124722 -0.731718 2.31343
0.0738962 -0.068608 2.21157
0.0644542 -0.368216 2.30134
0.036867 -0.652736 2.3992
0.0357849 -0.734712 2.33228
-0.0406175 0.439463 2.14016
-0.537712 -0.0884467 2.10457
-0.482044 -0.00571242 2.08958
0.447384 -0.0553203 2.30734
0.388605 -0.058573 2.23745
-0.0238106 -0.0785044 2.20417
-0.0240438 0.22183 2.19196
-0.0329599 0.517623 2.16744
-0.0118279 0.656836 2.13987
-0.197674 0.404177 2.14862
-0.32204 0.180466 2.15058
-0.452241 0.00386921 2.11959
-0.468442 -0.0246208 2.1142
0.130249 0.390925 2.17239
0.225165 0.161535 2.22187
0.367983 0.00241533 2.26239
0.411276 -0.054506 2.25439
-0.0979433 -0.0773737 2.16329
-0.104015 -0.365348 2.20814
-0.109127 -0.654629 2.36309
-0.124609 -0.730528 2.30988
0.0510135 -0.0771105 2.17366
0.0428471 -0.376089 2.24851
0.0252034 -0.654619 2.38245
0.0343868 -0.73182 2.32221
-0.0326022 0.445373 2.17304
-0.522631 -0.084521 2.12546
-0.476829 -0.00731206 2.10367
0.473462 -0.0878009 2.30011
0.399776 -0.0790094 2.2106
-0.0524204 -0.0844837 2.19429
-0.0300741 0.219856 2.19661
-0.0172531 0.511754 2.1919
0.00491744 0.650554 2.16541
-0.183572 0.400244 2.1584
-0.319638 0.18096 2.15175
-0.451944 0.00576898 2.12249
-0.470185 -0.017147 2.1136
0.142602 0.385237 2.19797
0.22964 0.154393 2.23057
0.359331 -0.0174521 2.26514
0.404812 -0.0790606 2.26349
-0.124257 -0.0789208 2.15451
-0.125755 -0.368445 2.21082
-0.115305 -0.652947 2.35954
-0.130492 -0.731208 2.30862
0.0210743 -0.0875411 2.16281
0.0239356 -0.381259 2.2285
0.0148758 -0.658314 2.37755
0.0302807 -0.732617 2.31827
-0.0224288 0.440415 2.19397
-0.523215 -0.0748982 2.11985
-0.468583 0.0197052 2.10544
0.464428 -0.120274 2.30821
0.394151 -0.101782 2.21667
-0.0748881 -0.0938123 2.19518
-0.033323 0.213175 2.20265
0.0035382 0.504154 2.20357
0.0275435 0.641002 2.17886
-0.163693 0.393538 2.15923
-0.31131 0.181817 2.14965
-0.452703 0.0139374 2.12063
-0.469442 -0.00206051 2.10681
0.149257 0.373825 2.21281
0.228159 0.141224 2.24268
0.343351 -0.0395647 2.28149
0.38787 -0.104604 2.29068
-0.144917 -0.0834623 2.15386
-0.145416 -0.373538 2.21829
-0.123318 -0.658227 2.3633
-0.134178 -0.732697 2.31065
-0.00268918 -0.101683 2.16568
0.000706332 -0.404452 2.22137
0.00645211 -0.662206 2.37529
0.0296598 -0.733779 2.31595
-0.00739559 0.432778 2.20507
-0.525289 -0.0551946 2.11288
-0.480859 0.0167246 2.09667
0.451439 -0.147441 2.33158
0.383184 -0.141652 2.251
-0.0950658 -0.106988 2.21466
-0.0295994 0.199847 2.20981
0.0362576 0.488256 2.19682
0.071077 0.61615 2.17606
-0.136686 0.387862 2.15341
-0.313949 0.209703 2.14966
-0.478681 0.0658615 2.11433
-0.487771 0.0648385 2.10448
0.163458 0.346691 2.21528
0.223657 0.122218 2.24609
0.313789 -0.0722195 2.28561
0.353275 -0.149964 2.29853
-0.163512 -0.0903036 2.1677
-0.161711 -0.38165 2.24467
-0.126925 -0.660279 2.36793
-0.136368 -0.733549 2.31535
-0.0235696 -0.12139 2.19152
-0.0228723 -0.394019 2.21327
0.00397758 -0.663814 2.37415
0.0262153 -0.734438 2.31537
0.018608 0.41751 2.20301
-0.546599 0.0124669 2.09932
-0.524435 0.0537165 2.08986
0.405156 -0.202917 2.33542
0.356889 -0.19984 2.272
-0.111689 -0.112921 2.24696
-0.0259368 0.190149 2.2167
0.0608116 0.475863 2.18237
0.103035 0.595526 2.15679
-0.117098 0.382586 2.14293
-0.323375 0.227214 2.15397
-0.506393 0.106003 2.13323
-0.515915 0.105483 2.13435
0.175378 0.315774 2.20391
0.218718 0.104059 2.24402
0.295723 -0.0941899 2.28983
0.327102 -0.173533 2.30242
-0.180479 -0.0948335 2.20146
-0.1659 -0.395985 2.27884
-0.13021 -0.663017 2.37629
-0.13672 -0.734547 2.3163
-0.0393846 -0.128002 2.22216
-0.0404662 -0.407831 2.23588
0.00142634 -0.665488 2.37482
0.0206928 -0.736633 2.31823
0.0383849 0.405859 2.19405
-0.58256 0.0647889 2.14264
-0.535645 0.118289 2.1242
0.379442 -0.235524 2.33238
0.324333 -0.203174 2.27513
-0.118005 -0.114587 2.28596
-0.0239573 0.183979 2.22591
0.0682326 0.468465 2.16712
0.122542 0.579606 2.13118
-0.107846 0.379045 2.13446
-0.323547 0.237004 2.15345
-0.509724 0.12109 2.15355
-0.520213 0.117075 2.16056
0.180259 0.307544 2.19939
0.215501 0.0893093 2.24817
0.287333 -0.115877 2.31041
0.314282 -0.19249 2.3364
-0.185535 -0.0928772 2.24334
-0.163639 -0.39224 2.30453
-0.131223 -0.66338 2.3814
-0.119986 -0.735158 2.3225
-0.046879 -0.132802 2.25802
-0.0437765 -0.403103 2.24558
-0.000968282 -0.66938 2.37766
0.0117941 -0.73981 2.31639
0.0443428 0.399479 2.18602
-0.593316 0.0832996 2.18295
-0.570381 0.108496 2.16
0.36353 -0.251563 2.36848
0.308639 -0.218559 2.31027
-0.110696 -0.106494 2.32923
-0.0157578 0.176277 2.22887
0.0869158 0.440444 2.117
0.131444 0.558682 2.09321
-0.0960499 0.371242 2.119
-0.315561 0.236993 2.15496
-0.498695 0.118518 2.16925
-0.50829 0.0989283 2.17538
0.183195 0.301618 2.19222
0.215963 0.081095 2.25539
0.281166 -0.110256 2.33877
0.297712 -0.16231 2.37159
-0.178019 -0.0885397 2.28692
-0.164927 -0.389649 2.34533
-0.133984 -0.662288 2.38921
-0.114371 -0.732684 2.32283
-0.0400359 -0.121192 2.30068
-0.0312417 -0.413338 2.2923
-0.00266873 -0.66783 2.37997
0.00784878 -0.737937 2.31681
0.061878 0.375815 2.14964
-0.574092 0.0624536 2.19643
-0.478796 0.153783 2.1644
0.342402 -0.224458 2.41395
0.29251 -0.197395 2.3541
-0.0858756 -0.0996856 2.37359
-0.00873356 0.168715 2.23318
0.0765565 0.422615 2.08787
0.119384 0.542938 2.05859
-0.0900422 0.353375 2.08894
-0.309751 0.20435 2.15456
-0.478109 0.0719804 2.19172
-0.498433 0.0444789 2.19884
0.189335 0.283376 2.16393
0.219567 0.0780185 2.2662
0.284662 -0.0837354 2.38779
0.311419 -0.14695 2.41456
-0.154427 -0.0831353 2.33617
-0.133606 -0.379318 2.33885
-0.127588 -0.662436 2.39197
-0.122367 -0.733438 2.32216
-0.0146142 -0.113059 2.34022
-0.0198106 -0.383741 2.3235
-0.000864344 -0.664501 2.38484
0.0188832 -0.732663 2.31855
0.0572319 0.360969 2.12906
-0.559572 0.00622678 2.22129
-0.493219 0.0846053 2.18243
0.362794 -0.199961 2.47231
0.309807 -0.205668 2.4116
-0.0558427 -0.0963974 2.38493
-0.00597158 0.166037 2.2354
0.0520345 0.417345 2.08039
0.0899562 0.547317 2.04118
-0.106521 0.345919 2.0868
-0.314387 0.1797 2.15578
-0.469647 0.0324405 2.194
-0.483907 0.00241244 2.19362
0.180218 0.299487 2.14484
0.220087 0.0879122 2.26936
0.294545 -0.0721474 2.38808
0.33306 -0.124062 2.41185
-0.129386 -0.0836228 2.34829
-0.121211 -0.371551 2.32668
-0.120022 -0.662442 2.3898
-0.124701 -0.733149 2.32022
0.0199365 -0.105739 2.35051
0.0133344 -0.376785 2.33071
0.0101141 -0.658019 2.3923
0.024537 -0.730562 2.31839
0.0409082 0.35588 2.1231
-0.55117 -0.0467894 2.21577
-0.521413 -0.00613396 2.18864
0.383532 -0.170362 2.46814
0.32793 -0.166124 2.40578
-0.0321572 -0.0887029 2.38654
-0.00488983 0.169419 2.23664
0.0229442 0.426336 2.07847
0.0518998 0.561727 2.03913
-0.130748 0.349734 2.09247
-0.309819 0.162742 2.16076
-0.457601 0.00589463 2.19247
-0.470914 -0.0356702 2.19081
0.16487 0.316444 2.13164
0.220673 0.107585 2.26406
0.321463 -0.0463163 2.37213
0.360148 -0.0970574 2.38688
-0.108378 -0.0805895 2.35245
-0.103897 -0.361684 2.31697
-0.11416 -0.665132 2.38821
-0.125277 -0.733231 2.32011
0.0453437 -0.0935572 2.34947
0.0448291 -0.365683 2.33321
0.0194356 -0.656235 2.39742
0.0346576 -0.732057 2.32304
0.0186204 0.36364 2.12092
-0.533321 -0.0887651 2.21061
-0.500946 -0.0372182 2.18336
0.412691 -0.128435 2.44145
0.356589 -0.136707 2.378
0.000285654 -0.0807201 2.35112
-0.00812745 0.187965 2.2328
-0.0196507 0.460594 2.09885
-0.00102539 0.599032 2.06344
-0.177528 0.373771 2.12339
-0.3121 0.15919 2.17163
-0.443787 -0.0132153 2.19668
-0.456743 -0.0561659 2.19518
0.13558 0.348139 2.12787
0.210129 0.147684 2.23615
0.339194 -0.00654476 2.31336
0.37718 -0.0438719 2.30935
-0.0752833 -0.0817078 2.31617
-0.0755356 -0.364884 2.29922
-0.109123 -0.664261 2.38531
-0.124363 -0.732887 2.31532
0.0759543 -0.0772225 2.31494
0.0642102 -0.364074 2.32979
0.0371638 -0.65486 2.40215
0.0435278 -0.733188 2.32261
-0.0152727 0.39356 2.13317
-0.514539 -0.117471 2.2178
-0.487213 -0.0682559 2.18718
0.44321 -0.0908552 2.362
0.379528 -0.0860035 2.29506
0.0148681 -0.0772894 2.31487
-0.0138915 0.204928 2.22808
-0.0464663 0.490612 2.12802
-0.0290409 0.628029 2.09561
-0.197597 0.385965 2.14538
-0.315828 0.163526 2.18471
-0.437409 -0.0173002 2.20456
-0.450213 -0.0605994 2.2034
0.117583 0.377992 2.142
0.213484 0.153371 2.22682
0.361478 -0.000742477 2.26776
0.377141 -0.0184977 2.25126
-0.0605051 -0.0822938 2.28051
-0.0546511 -0.373419 2.28274
-0.105991 -0.663237 2.38228
-0.118171 -0.732554 2.31282
0.0898025 -0.0698162 2.27794
0.0697294 -0.364964 2.32678
0.0394828 -0.655027 2.40212
0.0415668 -0.73364 2.33483
-0.0376062 0.420483 2.15351
-0.500328 -0.121877 2.21636
-0.454975 -0.0232309 2.19586
0.449315 -0.0682332 2.2894
0.379155 -0.0591669 2.22833
0.0123991 -0.0752964 2.27577
-0.0200462 0.216359 2.22646
-0.0579223 0.509971 2.16368
-0.0458725 0.647347 2.13333
-0.209795 0.39707 2.17263
-0.31522 0.167112 2.19568
-0.432995 -0.0176618 2.20634
-0.444235 -0.063053 2.199
0.110287 0.392843 2.15906
0.213172 0.165973 2.21654
0.368946 0.0135973 2.23631
0.399086 -0.0271667 2.22813
-0.0624433 -0.0798552 2.24077
-0.0592293 -0.377636 2.26379
-0.104897 -0.664134 2.3814
-0.119312 -0.732282 2.31169
0.0868481 -0.0683474 2.23968
0.0714313 -0.366726 2.32611
0.0404601 -0.654642 2.40235
0.0424048 -0.733341 2.33631
-0.0486264 0.438063 2.17927
-0.484009 -0.126194 2.20654
-0.461093 -0.0502723 2.18733
0.446123 -0.0553315 2.25654
0.384455 -0.0457111 2.18965
-0.00240362 -0.0761698 2.23911
-0.0272505 0.222575 2.22687
-0.0588915 0.518473 2.20585
-0.0490641 0.656294 2.18128
-0.213975 0.400712 2.19652
-0.31182 0.168745 2.20431
-0.42493 -0.0201154 2.20205
-0.444932 -0.0767952 2.18232
0.109848 0.39865 2.18737
0.219883 0.164763 2.21632
0.371287 0.00674839 2.22909
0.380684 -0.00825623 2.21813
-0.0768992 -0.0794688 2.20148
-0.0817245 -0.37289 2.25456
-0.10679 -0.660608 2.37702
-0.121776 -0.731814 2.31205
0.0721822 -0.0704385 2.20564
0.061079 -0.372399 2.2962
0.0374824 -0.653521 2.39881
0.0407597 -0.733082 2.33442
-0.0519992 0.446261 2.211
-0.477685 -0.130786 2.19138
-0.464035 -0.0738014 2.17071
0.445368 -0.0613934 2.25273
0.385003 -0.0449192 2.18208
-0.031284 -0.0784597 2.22145
-0.0386796 0.223479 2.22772
-0.0562209 0.517204 2.21881
-0.0437358 0.655478 2.20122
-0.213701 0.399778 2.20127
-0.316962 0.164436 2.2013
-0.428261 -0.0256734 2.19402
-0.450075 -0.0771494 2.1717
0.113106 0.393809 2.20826
0.225923 0.158115 2.22518
0.37471 -0.00340896 2.22963
0.381563 -0.020864 2.22598
-0.104966 -0.0793966 2.18439
-0.103439 -0.368142 2.2545
-0.109871 -0.657587 2.37724
-0.124785 -0.730542 2.31254
0.0433661 -0.0750615 2.18744
0.0418644 -0.373604 2.27333
0.0273535 -0.655188 2.39172
0.0383432 -0.731814 2.32816
-0.0523468 0.445427 2.22158
-0.48684 -0.130848 2.18799
-0.458082 -0.0445697 2.1546
0.448725 -0.0701529 2.25733
0.384207 -0.0515902 2.18579
-0.0564246 -0.0827609 2.21188
-0.0465835 0.221631 2.22804
-0.0498293 0.515009 2.22873
-0.0335198 0.65364 2.21145
-0.208026 0.397196 2.20037
-0.319823 0.169745 2.18926
-0.436261 -0.0171502 2.17035
-0.452721 -0.039183 2.14486
0.116614 0.390128 2.22385
0.227113 0.154924 2.23731
0.369955 -0.0109408 2.24951
0.405766 -0.0603867 2.25854
-0.128543 -0.0807083 2.17328
-0.126564 -0.369605 2.25623
-0.117102 -0.654146 2.37446
-0.13078 -0.732336 2.32105
0.017321 -0.0823032 2.17944
0.0231855 -0.373416 2.25461
0.0199733 -0.657051 2.38743
0.0313841 -0.73226 2.32329
-0.0499973 0.443512 2.22897
-0.489973 -0.103768 2.14954
-0.451295 -0.032655 2.144
0.459927 -0.0960202 2.29347
0.397459 -0.0889085 2.23143
-0.0824554 -0.0874649 2.21356
-0.05205 0.219112 2.22856
-0.0353154 0.511764 2.23101
-0.0141212 0.650744 2.21086
-0.194251 0.397544 2.19002
-0.322422 0.175148 2.17943
-0.460161 0.00466818 2.14748
-0.472234 -0.00490804 2.12488
0.121764 0.387167 2.2329
0.227623 0.156287 2.24412
0.359998 -0.0134869 2.27857
0.403332 -0.0720053 2.29146
-0.153167 -0.0820215 2.17262
-0.146678 -0.368112 2.25799
-0.124589 -0.655178 2.37491
-0.134366 -0.733172 2.32133
-0.00926293 -0.0902702 2.18355
-0.00104568 -0.376155 2.23075
0.00925851 -0.660499 2.38168
0.0270857 -0.733654 2.32116
-0.042216 0.440555 2.23167
-0.513637 -0.0662712 2.11884
-0.506509 -0.0613185 2.125
0.451502 -0.121065 2.33173
0.393737 -0.0867411 2.25558
-0.107436 -0.0912697 2.22691
-0.0593332 0.214364 2.22665
-0.00826371 0.501216 2.20593
0.0161064 0.639483 2.18534
-0.176944 0.399869 2.17103
-0.331188 0.186141 2.16805
-0.490201 0.0358951 2.13444
-0.528542 0.00306204 2.11819
0.134003 0.373022 2.23327
0.227723 0.151875 2.2504
0.348168 -0.023652 2.29496
0.392651 -0.0905858 2.30554
-0.177655 -0.0812861 2.18443
-0.175412 -0.374183 2.28216
-0.128393 -0.659128 2.37942
-0.127343 -0.73362 2.31572
-0.0339355 -0.0985899 2.19865
-0.0370154 -0.384815 2.21744
-0.00246685 -0.664491 2.37449
0.0212883 -0.734422 2.31683
-0.0229968 0.430953 2.21478
-0.556982 -0.0275705 2.11776
-0.529634 -0.0288069 2.11057
0.447867 -0.153351 2.34773
0.388665 -0.0971195 2.2647
-0.115304 -0.0926291 2.25968
-0.0555099 0.209436 2.22512
0.0100422 0.492689 2.17441
0.0396431 0.625065 2.14323
-0.162592 0.397449 2.14936
-0.337407 0.198032 2.16018
-0.496878 0.047004 2.13812
-0.510923 0.0405019 2.1345
0.145057 0.361225 2.21466
0.222855 0.14323 2.2515
0.330081 -0.0373534 2.30597
0.369559 -0.110602 2.31258
-0.185054 -0.0814978 2.216
-0.189635 -0.389393 2.32477
-0.131886 -0.660844 2.3848
-0.12685 -0.734946 2.32007
-0.0419595 -0.100938 2.23247
-0.0494958 -0.374719 2.22903
-0.00487698 -0.664241 2.37386
0.0114998 -0.734998 2.31535
-0.00672068 0.422827 2.19109
-0.568309 -0.0137262 2.13977
-0.492595 0.0424724 2.09542
0.417275 -0.170034 2.35238
0.364464 -0.127658 2.27723
-0.114651 -0.0892465 2.30517
-0.0508429 0.204018 2.22576
0.0196797 0.478671 2.13734
0.0512284 0.60931 2.10269
-0.152145 0.387549 2.12514
-0.33815 0.201641 2.15598
-0.498322 0.0512655 2.15258
-0.512103 0.036365 2.15468
0.15318 0.343821 2.18786
0.218429 0.129988 2.24764
0.31258 -0.0518988 2.3166
0.342814 -0.123583 2.334
-0.185217 -0.0800502 2.26337
-0.186426 -0.385439 2.35593
-0.135197 -0.658683 2.39296
-0.119498 -0.732355 2.31945
-0.0406246 -0.0957569 2.27616
-0.053927 -0.366317 2.2617
-0.00582091 -0.664214 2.37586
0.00757218 -0.734845 2.31505
0.00241079 0.411351 2.16426
-0.573678 -0.0192673 2.16427
-0.493242 0.0204939 2.11431
0.389738 -0.188322 2.38311
0.341552 -0.168906 2.31658
-0.104023 -0.0901874 2.35193
-0.0450788 0.189841 2.22917
0.0185064 0.44895 2.0985
0.0491565 0.583217 2.06156
-0.146946 0.370386 2.10366
-0.340814 0.19156 2.15286
-0.499536 0.0413842 2.16469
-0.511695 0.0184978 2.16529
0.156709 0.329035 2.15986
0.215595 0.112583 2.24914
0.303626 -0.0641803 2.33425
0.331132 -0.127845 2.35278
-0.174722 -0.0795883 2.31433
-0.174963 -0.380282 2.37564
-0.135615 -0.658449 2.39611
-0.119372 -0.730731 2.32065
-0.0302464 -0.0980233 2.31853
-0.0332765 -0.369428 2.29929
-0.00544156 -0.662725 2.38069
0.0133894 -0.733286 2.31749
0.00336131 0.38592 2.13594
-0.573855 -0.0357243 2.18256
-0.494905 0.000241796 2.11977
0.371637 -0.182515 2.3918
0.32584 -0.170474 2.34509
-0.0702233 -0.0895556 2.40172
-0.035096 0.169502 2.23683
0.00538356 0.411964 2.06458
0.0330039 0.544708 2.02064
-0.151285 0.337704 2.08525
-0.337805 0.161226 2.15644
-0.486515 0.0067136 2.19229
-0.507753 -0.0217181 2.19323
0.149215 0.308339 2.12857
0.213308 0.0992287 2.24993
0.303594 -0.0666103 2.35049
0.337857 -0.120276 2.37124
-0.143359 -0.0791406 2.36814
-0.1458 -0.364163 2.37063
-0.126658 -0.654664 2.39869
-0.125074 -0.732043 2.32471
0.00503752 -0.0973333 2.36445
0.0115181 -0.368293 2.34704
0.0120532 -0.654784 2.3976
0.0230761 -0.730217 2.32048
-0.00352625 0.353322 2.11163
-0.577453 -0.0833343 2.21856
-0.497455 -0.0530527 2.15264
0.381973 -0.166741 2.4158
0.335079 -0.161829 2.37125
-0.0410791 -0.087652 2.41138
-0.0301852 0.162854 2.24
-0.0112431 0.399382 2.06022
0.0124873 0.532886 2.01352
-0.163671 0.32752 2.08228
-0.336619 0.132928 2.16281
-0.483833 -0.0205928 2.20535
-0.497446 -0.0562925 2.20586
0.143635 0.30523 2.12306
0.209645 0.0976978 2.24998
0.310025 -0.0631992 2.34904
0.342955 -0.101637 2.36068
-0.116291 -0.0821192 2.37765
-0.111338 -0.362521 2.34683
-0.11799 -0.662414 2.39804
-0.126647 -0.732506 2.32191
0.0358843 -0.0903724 2.37422
0.0435715 -0.362566 2.36076
0.021536 -0.656767 2.40992
0.0355236 -0.730564 2.32912
-0.0136453 0.342145 2.10825
-0.548782 -0.113282 2.22259
-0.485525 -0.0859341 2.15987
0.39401 -0.159001 2.41554
0.335942 -0.140937 2.364
-0.00669117 -0.0934691 2.39197
-0.0262502 0.161501 2.23888
-0.0337396 0.407584 2.07106
-0.0192058 0.544418 2.02438
-0.187358 0.328252 2.09434
-0.334589 0.124033 2.16563
-0.470164 -0.0408934 2.2055
-0.494204 -0.103219 2.20167
0.133384 0.309599 2.11849
0.206136 0.0986439 2.25053
0.330619 -0.0568688 2.33139
0.350489 -0.0818293 2.33474
-0.0810921 -0.0957492 2.35638
-0.0737557 -0.373514 2.31631
-0.104496 -0.665097 2.39069
-0.117944 -0.734348 2.31881
0.0681209 -0.0885868 2.35645
0.0662226 -0.365541 2.35501
0.0350122 -0.654797 2.40984
0.0407238 -0.731996 2.33012
-0.0279404 0.346273 2.11384
-0.538858 -0.156335 2.22339
-0.470468 -0.11075 2.15475
0.404702 -0.135585 2.38153
0.343156 -0.119421 2.3378
0.021569 -0.096297 2.33714
-0.0234871 0.176761 2.23173
-0.0666886 0.45376 2.10998
-0.0556225 0.592814 2.06814
-0.209553 0.343829 2.12719
-0.32681 0.127731 2.16923
-0.448575 -0.0513165 2.19603
-0.465957 -0.114695 2.17463
0.102015 0.346475 2.13015
0.206322 0.125577 2.23035
0.348321 -0.0255482 2.29162
0.358046 -0.0398559 2.28568
-0.0531956 -0.104556 2.30015
-0.0243516 -0.384594 2.28826
-0.091214 -0.666129 2.38461
-0.093371 -0.735944 2.31583
0.0956874 -0.0851933 2.3031
0.0860981 -0.376764 2.34071
0.0424588 -0.657586 2.40986
0.0307276 -0.730356 2.33264
-0.0547701 0.385512 2.14074
-0.502898 -0.170981 2.19282
-0.469547 -0.162618 2.176
0.420845 -0.0990717 2.32717
0.353996 -0.0767462 2.27884
0.0207645 -0.0916532 2.29482
-0.0267933 0.194694 2.22586
-0.0754173 0.482576 2.13914
-0.0693639 0.626296 2.10836
-0.216735 0.363921 2.14961
-0.319313 0.136959 2.17447
-0.432387 -0.0503395 2.18727
-0.453102 -0.110683 2.15912
0.0982009 0.374315 2.14744
0.211929 0.156224 2.20881
0.362369 0.00362824 2.24723
0.375945 -0.0134665 2.23796
-0.0537245 -0.100094 2.25825
-0.0340469 -0.38145 2.25895
-0.0910641 -0.666335 2.38155
-0.0916141 -0.735823 2.31369
0.0946158 -0.0803818 2.26036
0.0929834 -0.377446 2.32652
0.0464885 -0.658112 2.40763
0.0388389 -0.730103 2.33553
-0.0631161 0.411519 2.16115
-0.486277 -0.164151 2.16814
-0.436371 -0.124667 2.14562
0.433299 -0.0655382 2.268
0.384883 -0.0705351 2.2288
0.0114509 -0.0853005 2.25945
-0.0299244 0.20849 2.22282
-0.0729318 0.504185 2.16992
-0.0710643 0.643735 2.14096
-0.216107 0.380795 2.16835
-0.309535 0.14861 2.17841
-0.417941 -0.0427604 2.17957
-0.44044 -0.0995242 2.1484
0.103127 0.390255 2.16486
0.223893 0.170313 2.20375
0.383483 0.0218743 2.22277
0.419901 -0.0163335 2.21529
-0.0630164 -0.091435 2.22077
-0.0487317 -0.381246 2.24377
-0.0950991 -0.666012 2.37786
-0.111841 -0.735049 2.31117
0.085557 -0.0764527 2.22702
0.0839973 -0.377999 2.30247
0.0423486 -0.66191 2.40423
0.0402049 -0.731856 2.33621
-0.0627747 0.431437 2.18295
-0.472601 -0.156329 2.1549
-0.44193 -0.131953 2.12433
0.460876 -0.049183 2.22996
0.406854 -0.0422273 2.1839
-0.0132089 -0.0789505 2.22363
-0.0334673 0.21871 2.22108
-0.0597447 0.516227 2.20234
-0.0555879 0.651626 2.17282
-0.213042 0.393869 2.18453
-0.304925 0.15561 2.17959
-0.414913 -0.0350864 2.15776
-0.442078 -0.0819653 2.12393
0.113273 0.398395 2.18904
0.231865 0.177572 2.2075
0.391723 0.0271094 2.21238
0.429548 -0.0197855 2.20809
-0.0880146 -0.0807582 2.18298
-0.0863002 -0.376666 2.24036
-0.102481 -0.661186 2.37569
-0.119811 -0.732498 2.31302
0.0619575 -0.0745273 2.19317
0.0625087 -0.374774 2.27421
0.0344628 -0.659087 2.39598
0.0393667 -0.732748 2.33107
-0.0546454 0.443465 2.20684
-0.464111 -0.127414 2.12386
-0.426008 -0.0548785 2.08667
0.478215 -0.0608721 2.23469
0.417159 -0.0289811 2.17085
-0.0404958 -0.0778905 2.2081
-0.0374023 0.221734 2.22071
-0.0435534 0.517236 2.21847
-0.035064 0.654037 2.19387
-0.205007 0.395995 2.18896
-0.306033 0.167072 2.17399
-0.425207 -0.0168722 2.13978
-0.443495 -0.0308359 2.11446
0.121972 0.395051 2.20646
0.237748 0.17054 2.21408
0.391407 0.013448 2.21606
0.421844 -0.0428529 2.21199
-0.113567 -0.0765822 2.16972
-0.115157 -0.368023 2.22782
-0.110563 -0.656442 2.37117
-0.127412 -0.731872 2.31225
0.0336505 -0.0768633 2.1752
0.036512 -0.374258 2.24801
0.0240845 -0.660093 2.38907
0.0381734 -0.733036 2.32562
-0.0444484 0.445181 2.21914
-0.481816 -0.09154 2.10809
-0.427478 -0.0200125 2.07639
0.469666 -0.0911414 2.23837
0.415368 -0.0716188 2.18022
-0.0751786 -0.0850426 2.20459
-0.0409897 0.220528 2.22059
-0.0199472 0.513382 2.22307
-0.00372999 0.648161 2.19838
-0.18395 0.396414 2.18329
-0.313753 0.17875 2.16527
-0.451021 0.00902194 2.12495
-0.465077 0.00677218 2.10592
0.133001 0.388517 2.21627
0.237609 0.166265 2.21988
0.371358 -0.00662808 2.23555
0.406282 -0.073413 2.23577
-0.146614 -0.0764775 2.16575
-0.144998 -0.370338 2.21759
-0.12297 -0.656956 2.36359
-0.132543 -0.732435 2.31243
-0.00184609 -0.0912759 2.1724
0.0109265 -0.383039 2.22869
0.0122798 -0.662618 2.38166
0.0352607 -0.733207 2.31812
-0.0287486 0.441885 2.22374
-0.507932 -0.0498076 2.09812
-0.450136 0.0114347 2.06453
0.460294 -0.137014 2.27246
0.402372 -0.101429 2.19708
-0.0959431 -0.0920839 2.21098
-0.0420186 0.2152 2.21926
0.0103663 0.503476 2.21121
0.0341523 0.635961 2.1887
-0.162692 0.398157 2.16793
-0.324431 0.198461 2.15663
-0.477216 0.0426513 2.11686
-0.519616 0.0124423 2.10083
0.145078 0.371633 2.21989
0.229984 0.151049 2.22947
0.344451 -0.0334871 2.25524
0.379083 -0.112937 2.24949
-0.165292 -0.0789403 2.16913
-0.16824 -0.377581 2.2307
-0.128532 -0.661417 2.36406
-0.136511 -0.734782 2.31124
-0.0239619 -0.103092 2.18264
-0.0224477 -0.395941 2.22091
0.00560318 -0.664015 2.37799
0.0304399 -0.733813 2.31578
-0.00497906 0.432356 2.2157
-0.547244 -0.0128432 2.1009
-0.512867 0.0350331 2.0805
0.427482 -0.168783 2.26789
0.376989 -0.158207 2.21371
-0.108363 -0.101692 2.23289
-0.0386324 0.205492 2.21617
0.0338401 0.492048 2.18027
0.0638056 0.61987 2.16216
-0.146171 0.397502 2.15186
-0.331956 0.218176 2.14857
-0.499231 0.0762864 2.1216
-0.504859 0.080626 2.11728
0.153329 0.351666 2.20592
0.221153 0.133601 2.23324
0.313032 -0.0619106 2.26545
0.34871 -0.146208 2.26696
-0.177602 -0.0848512 2.18846
-0.181846 -0.383297 2.25851
-0.133321 -0.662816 2.36975
-0.137278 -0.73566 2.31344
-0.0356326 -0.115467 2.20664
-0.0411232 -0.385522 2.22018
0.00139282 -0.664724 2.37635
0.027706 -0.734474 2.31305
0.0149378 0.42121 2.19271
-0.559128 0.0246387 2.11732
-0.505631 0.10832 2.11567
0.398851 -0.197475 2.28895
0.338235 -0.186809 2.23453
-0.117313 -0.0989498 2.28637
-0.0348863 0.197335 2.21575
0.0513499 0.472927 2.13409
0.0835732 0.596749 2.11071
-0.12516 0.386168 2.11415
-0.331887 0.224297 2.144
-0.506427 0.0907486 2.13381
-0.510065 0.0817835 2.14078
0.166224 0.329211 2.18254
0.211508 0.111742 2.23217
0.287513 -0.0865557 2.27933
0.307498 -0.167731 2.2991
-0.186276 -0.0840759 2.24434
-0.186628 -0.390216 2.34324
-0.137283 -0.660899 2.38399
-0.129937 -0.7335 2.31751
-0.0447767 -0.110747 2.25757
-0.0439928 -0.382577 2.25352
0.000113905 -0.66484 2.37762
0.022626 -0.734967 2.31366
0.0297597 0.405118 2.1591
-0.57512 0.032594 2.14723
-0.530211 0.0952999 2.13631
0.345323 -0.229541 2.33207
0.292319 -0.216891 2.27156
-0.11644 -0.0938581 2.32862
-0.0324027 0.188685 2.21822
0.0530485 0.44893 2.09716
0.0835796 0.575631 2.06719
-0.117824 0.372359 2.09021
-0.326854 0.211405 2.13935
-0.4969 0.0741204 2.15067
-0.505471 0.0521028 2.15545
0.174458 0.314749 2.158
0.209432 0.103105 2.23318
0.277917 -0.0896674 2.30295
0.296189 -0.156117 2.33549
-0.18483 -0.0801308 2.28827
-0.1811 -0.384121 2.36763
-0.139433 -0.660441 2.39699
-0.129352 -0.728972 2.31995
-0.0444777 -0.104753 2.29807
-0.028491 -0.37918 2.27979
0.000408976 -0.662656 2.37999
0.0205579 -0.734798 2.3145
0.0321123 0.385554 2.13277
-0.56581 -0.00144053 2.17223
-0.527947 0.0691376 2.15742
0.335107 -0.220795 2.3766
0.284217 -0.211693 2.31338
-0.0950234 -0.0924457 2.36377
-0.0269439 0.176855 2.2188
0.044228 0.425804 2.06089
0.0748066 0.555862 2.02871
-0.118161 0.349417 2.06822
-0.321004 0.179214 2.13908
-0.481854 0.0356717 2.16961
-0.489308 0.0132724 2.17014
0.174577 0.303908 2.12357
0.212336 0.091302 2.23847
0.282296 -0.0853647 2.33728
0.310426 -0.146296 2.38336
-0.163957 -0.0791845 2.32857
-0.163434 -0.379115 2.38271
-0.137204 -0.660201 2.40335
-0.123604 -0.729203 2.32374
-0.023297 -0.102942 2.32837
-0.0266437 -0.374224 2.31684
0.00104029 -0.66154 2.38491
0.0204673 -0.733288 2.31558
0.0277727 0.364905 2.10503
-0.553917 -0.0384122 2.19044
-0.502823 0.0399641 2.1724
0.347883 -0.203143 2.42941
0.295204 -0.18966 2.36671
-0.0608138 -0.0904813 2.38385
-0.0198047 0.16411 2.2145
0.0239436 0.401838 2.02818
0.0488986 0.535181 1.98897
-0.130672 0.32978 2.05291
-0.311871 0.144294 2.14129
-0.4611 -0.00575862 2.18826
-0.468857 -0.0376092 2.18841
0.166792 0.298963 2.09662
0.217643 0.0920345 2.23695
0.30009 -0.0628896 2.35698
0.338963 -0.117091 2.38905
-0.13289 -0.0793156 2.35136
-0.13695 -0.363265 2.37144
-0.127332 -0.654579 2.40296
-0.126403 -0.72979 2.32572
0.0132294 -0.0988479 2.34553
0.0124657 -0.36841 2.34104
0.0114007 -0.658342 2.39417
0.0259541 -0.730636 2.31835
0.0146868 0.343595 2.07804
-0.527044 -0.0947603 2.20948
-0.514078 -0.0457709 2.21325
0.376335 -0.160611 2.43956
0.323577 -0.156046 2.38175
-0.0264075 -0.0872972 2.38214
-0.0156716 0.161023 2.21054
0.00485933 0.397076 2.02041
0.0256874 0.532733 1.97729
-0.151319 0.326137 2.0525
-0.309382 0.126436 2.14531
-0.446843 -0.031424 2.20004
-0.453168 -0.0649411 2.19959
0.150123 0.302748 2.0737
0.218852 0.0957236 2.22944
0.322316 -0.0531266 2.34134
0.364018 -0.10379 2.36152
-0.0995519 -0.0826893 2.34768
-0.0995033 -0.36158 2.33476
-0.117902 -0.657478 2.39685
-0.128357 -0.730851 2.31974
0.0483916 -0.0896133 2.34514
0.0495342 -0.365452 2.345
0.0249355 -0.657777 2.40387
0.0337895 -0.731798 2.32515
0.0024272 0.339307 2.07078
-0.507926 -0.126907 2.22397
-0.474016 -0.0532536 2.19864
0.406133 -0.139535 2.40278
0.347088 -0.136973 2.34838
0.00688768 -0.092648 2.34779
-0.00995937 0.162797 2.20041
-0.0175836 0.411988 2.02817
-0.00196234 0.547172 1.97722
-0.174418 0.333194 2.06695
-0.30688 0.125616 2.14805
-0.434997 -0.0393881 2.20441
-0.457405 -0.100695 2.20083
0.133051 0.315782 2.06453
0.211843 0.109305 2.20825
0.333741 -0.04658 2.29198
0.361338 -0.083179 2.30755
-0.0677596 -0.0947991 2.31286
-0.0626215 -0.373815 2.29945
-0.106627 -0.661584 2.38857
-0.125092 -0.732295 2.31712
0.0814286 -0.0877648 2.31163
0.0718523 -0.364888 2.32186
0.0333367 -0.65954 2.40036
0.034922 -0.733879 2.32806
-0.0125304 0.349455 2.07223
-0.496631 -0.150638 2.22315
-0.465718 -0.0873853 2.17675
0.41225 -0.128583 2.36277
0.352091 -0.12695 2.304
0.0222489 -0.0976658 2.29831
-0.00664115 0.173094 2.18551
-0.0322587 0.4411 2.04713
-0.0234792 0.576549 1.99847
-0.18499 0.344691 2.07952
-0.303396 0.130001 2.15418
-0.426512 -0.0410067 2.20516
-0.447931 -0.103213 2.19837
0.12348 0.337296 2.07127
0.210786 0.123155 2.18856
0.339141 -0.0358534 2.25802
0.361797 -0.0713802 2.25805
-0.0528748 -0.10257 2.26174
-0.0295463 -0.384703 2.26962
-0.100115 -0.664232 2.38223
-0.100162 -0.734799 2.31246
0.0967308 -0.089946 2.26357
0.0763397 -0.371989 2.28645
0.0355211 -0.66265 2.39256
0.0164689 -0.733924 2.33047
-0.0244478 0.373771 2.08193
-0.486361 -0.157314 2.23141
-0.451486 -0.0733247 2.1885
0.412114 -0.113443 2.29627
0.355555 -0.116253 2.24833
0.0119316 -0.0886573 2.23868
-0.0117797 0.198503 2.16883
-0.0374442 0.483959 2.07879
-0.030335 0.623694 2.04016
-0.192004 0.375879 2.10302
-0.290467 0.147074 2.16277
-0.405101 -0.0344112 2.19998
-0.430152 -0.093487 2.17666
0.12203 0.370704 2.0855
0.217139 0.139308 2.17281
0.352569 -0.0218941 2.22508
0.366961 -0.0389857 2.21528
-0.0634539 -0.0927457 2.20595
-0.0490817 -0.389467 2.23676
-0.100584 -0.663253 2.37606
-0.103748 -0.735084 2.30909
0.0868948 -0.0817663 2.2003
0.068151 -0.372631 2.24609
0.0350089 -0.664073 2.38142
0.0278953 -0.737275 2.32656
-0.031131 0.413006 2.10202
-0.464324 -0.14284 2.20335
-0.425786 -0.0506608 2.163
0.428659 -0.10199 2.25191
0.365951 -0.0822295 2.19293
-0.016315 -0.0820044 2.20896
-0.0173767 0.213522 2.16337
-0.0220594 0.509262 2.10104
-0.0161405 0.648836 2.06448
-0.182358 0.391156 2.11313
-0.275048 0.164089 2.16716
-0.390808 -0.0215579 2.18208
-0.424029 -0.0717992 2.15568
0.134827 0.385731 2.09814
0.220779 0.146369 2.17087
0.358348 -0.0181649 2.20889
0.372505 -0.0440514 2.1914
-0.0910681 -0.0813183 2.17624
-0.101445 -0.36569 2.2166
-0.104508 -0.660535 2.37281
-0.120182 -0.731784 2.31086
0.0588591 -0.0800213 2.17049
0.0502465 -0.372212 2.22922
0.0289564 -0.662979 2.37817
0.0319716 -0.734858 2.31813
-0.0222144 0.436022 2.11698
-0.447723 -0.118906 2.1687
-0.445 -0.112652 2.1625
0.429706 -0.101867 2.22254
0.371227 -0.0806532 2.1633
-0.0486484 -0.0766855 2.1901
-0.0202144 0.221457 2.16297
0.00149237 0.519276 2.1225
0.010274 0.659789 2.08913
-0.168141 0.399465 2.1189
-0.269051 0.178747 2.16103
-0.396262 0.000392971 2.17331
-0.435416 -0.0419254 2.14882
0.156488 0.391583 2.12182
0.225315 0.148907 2.17093
0.353645 -0.0247153 2.2029
0.376981 -0.0883259 2.18945
-0.123469 -0.0698602 2.15489
-0.122836 -0.35939 2.22222
-0.112196 -0.653873 2.36745
-0.125534 -0.730723 2.31377
0.0273449 -0.0809881 2.15405
0.0331907 -0.372629 2.21774
0.0217542 -0.660925 2.37455
0.0317253 -0.732506 2.31534
-0.00633073 0.446501 2.13292
-0.465285 -0.0874894 2.16119
-0.448877 -0.0800683 2.15975
0.42445 -0.146698 2.23023
0.370329 -0.123319 2.15338
-0.0842711 -0.0916378 2.18455
-0.0230263 0.212993 2.16968
0.0355103 0.50255 2.14786
0.0523761 0.63865 2.11904
-0.154995 0.399056 2.11955
-0.286361 0.185336 2.14545
-0.443418 0.0316904 2.14608
-0.455309 0.0225583 2.12741
0.175424 0.367829 2.1586
0.234542 0.132669 2.17638
0.329423 -0.0626872 2.20266
0.357423 -0.134988 2.19962
-0.154557 -0.0782293 2.14497
-0.157074 -0.36184 2.23632
-0.130814 -0.651928 2.36659
-0.133857 -0.731522 2.31321
-0.0114107 -0.102375 2.1534
-0.00729011 -0.377087 2.20959
0.0155497 -0.661594 2.37213
0.0323127 -0.732022 2.31245
0.0195896 0.431443 2.15519
-0.500145 -0.0353122 2.12974
-0.462564 0.0384594 2.1268
0.396813 -0.19925 2.23874
0.351578 -0.163248 2.16162
-0.0966527 -0.102805 2.18813
-0.0218244 0.198495 2.17639
0.0526524 0.485202 2.15491
0.0825489 0.612494 2.12833
-0.137216 0.390087 2.11715
-0.323515 0.219439 2.13758
-0.48505 0.0701873 2.11986
-0.488444 0.0804096 2.10153
0.175082 0.350268 2.16872
0.229851 0.11518 2.18353
0.309841 -0.087109 2.21776
0.337738 -0.162793 2.22038
-0.165187 -0.0873227 2.14309
-0.167462 -0.372748 2.24522
-0.135903 -0.654495 2.36589
-0.136559 -0.731822 2.3118
-0.0256143 -0.115578 2.1634
-0.0222781 -0.383515 2.204
0.00821776 -0.662874 2.37222
0.0313921 -0.732631 2.31142
0.033525 0.414971 2.16243
-0.540906 0.0272942 2.09107
-0.525821 0.071591 2.10886
0.370575 -0.226012 2.24361
0.333265 -0.194907 2.18074
-0.110937 -0.11184 2.20094
-0.0208514 0.188682 2.18072
0.0653722 0.473224 2.15135
0.100651 0.59888 2.12566
-0.115796 0.378699 2.11076
-0.332159 0.227935 2.13524
-0.515469 0.109239 2.09989
-0.518817 0.121075 2.08997
0.174134 0.316192 2.1691
0.219484 0.0940771 2.18983
0.293089 -0.107358 2.22884
0.30862 -0.184402 2.24066
-0.180137 -0.0972308 2.15387
-0.169071 -0.379815 2.25192
-0.137305 -0.657466 2.36666
-0.137257 -0.732887 2.31139
-0.0381692 -0.122891 2.17723
-0.0238442 -0.396726 2.19869
0.00512522 -0.661739 2.36998
0.0301601 -0.732265 2.3102
0.0430702 0.403856 2.16141
-0.577163 0.0811346 2.07917
-0.548423 0.123335 2.08617
0.338661 -0.255287 2.27937
0.302829 -0.218059 2.20615
-0.121202 -0.114695 2.22364
-0.0212094 0.183627 2.18184
0.0766594 0.464149 2.13036
0.116787 0.588118 2.10245
-0.102368 0.375464 2.09721
-0.33508 0.236796 2.1329
-0.521339 0.122058 2.10178
-0.526658 0.123845 2.1022
0.175846 0.30995 2.1618
0.211326 0.0893824 2.19229
0.274455 -0.111523 2.24539
0.282713 -0.187127 2.27177
-0.188301 -0.0979557 2.17742
-0.192865 -0.391955 2.31487
-0.140752 -0.655294 2.37154
-0.138653 -0.732287 2.31318
-0.0504041 -0.128087 2.19932
-0.0363572 -0.403734 2.21395
0.00181861 -0.662909 2.36958
0.0264052 -0.733526 2.31221
0.0515576 0.395435 2.14734
-0.592016 0.0857545 2.09953
-0.548109 0.135284 2.09738
0.305652 -0.254951 2.31423
0.275252 -0.221018 2.23575
-0.116472 -0.105274 2.29051
-0.0189354 0.180496 2.19354
0.0782272 0.452912 2.09532
0.121263 0.571909 2.05072
-0.0951042 0.363877 2.05847
-0.328225 0.231596 2.11751
-0.512912 0.114506 2.12587
-0.516534 0.0923966 2.12928
0.179201 0.308241 2.15156
0.204471 0.0857019 2.20359
0.258633 -0.102038 2.29307
0.271679 -0.174193 2.33288
-0.18314 -0.0911163 2.24605
-0.187669 -0.384315 2.3499
-0.142842 -0.654725 2.39287
-0.139792 -0.729913 2.31745
-0.0462385 -0.116103 2.26421
-0.0269355 -0.387317 2.25294
0.00217491 -0.663096 2.37316
0.0222216 -0.73533 2.31434
0.054264 0.387052 2.1268
-0.574995 0.0496714 2.14192
-0.542959 0.108685 2.13525
0.298032 -0.232208 2.38633
0.256454 -0.23425 2.32355
-0.0939009 -0.0967258 2.33741
-0.0175238 0.176313 2.19466
0.0630468 0.431501 2.0444
0.104769 0.560733 2.01843
-0.1023 0.35369 2.04215
-0.326438 0.207064 2.10703
-0.495148 0.0712077 2.13207
-0.513902 0.044409 2.13294
0.180388 0.294095 2.11612
0.201553 0.0884672 2.22015
0.26812 -0.0767589 2.33692
0.287844 -0.137648 2.37929
-0.161069 -0.0833673 2.30087
-0.163829 -0.369849 2.36717
-0.139734 -0.653633 2.39696
-0.1326 -0.730745 2.32673
-0.0238455 -0.107194 2.30342
-0.00844137 -0.375914 2.30128
0.00784553 -0.659678 2.38176
0.0242585 -0.73353 2.31548
0.0447188 0.368947 2.08738
-0.574158 -0.00483397 2.14667
-0.542773 0.063286 2.14294
0.315424 -0.192457 2.44484
0.276131 -0.183414 2.36782
-0.0627649 -0.0889801 2.36664
-0.0140228 0.171929 2.19849
0.0417917 0.418958 2.02635
0.0796328 0.54972 1.99485
-0.114599 0.342299 2.0314
-0.325628 0.179653 2.10734
-0.484867 0.0358494 2.14275
-0.501122 0.00571621 2.14309
0.169292 0.299637 2.09298
0.205689 0.0951955 2.23002
0.28245 -0.0533243 2.36035
0.311206 -0.103613 2.40537
-0.132727 -0.0776086 2.33141
-0.14174 -0.357568 2.37402
-0.131491 -0.654134 2.40149
-0.132604 -0.7307 2.32669
0.00922926 -0.097665 2.33091
0.017639 -0.364585 2.34151
0.0215309 -0.653353 2.39536
0.0321536 -0.731794 2.32065
0.0306088 0.358791 2.07425
-0.555146 -0.0484839 2.14847
-0.545635 0.00492066 2.16
0.33978 -0.14953 2.47584
0.295951 -0.136903 2.39744
-0.0200308 -0.0866077 2.37187
-0.00920815 0.169374 2.20259
0.0114655 0.414888 2.02714
0.0352363 0.550433 1.99074
-0.144412 0.342921 2.047
-0.319281 0.151185 2.12203
-0.469283 -0.00335348 2.15389
-0.484725 -0.0411298 2.15348
0.162193 0.305888 2.09106
0.216639 0.107256 2.2289
0.318711 -0.030635 2.35377
0.347487 -0.0665981 2.36736
-0.0927633 -0.0815008 2.33709
-0.0913751 -0.358844 2.3408
-0.119445 -0.656071 2.39552
-0.132313 -0.731022 2.32308
0.0535429 -0.0890965 2.33562
0.0488999 -0.363624 2.34778
0.0294048 -0.653344 2.40492
0.0381008 -0.732368 2.32914
0.00993322 0.354575 2.07375
-0.538884 -0.102069 2.16445
-0.534887 -0.0592814 2.17171
0.387602 -0.108746 2.42861
0.34212 -0.127168 2.37483
0.00177374 -0.0869642 2.34979
-0.0062218 0.173706 2.2057
-0.00971639 0.435137 2.0572
0.00717999 0.570955 2.01491
-0.166068 0.353394 2.07846
-0.317179 0.144893 2.14512
-0.457846 -0.0214589 2.16328
-0.468766 -0.0579882 2.162
0.140109 0.33515 2.09783
0.231972 0.107425 2.23234
0.359077 -0.0383166 2.32441
0.387898 -0.0864204 2.33243
-0.0728332 -0.0880535 2.31252
-0.0662544 -0.369032 2.31162
-0.112071 -0.661363 2.39081
-0.126581 -0.731984 2.32073
0.076551 -0.0833108 2.31584
0.0620967 -0.367858 2.32952
0.0348371 -0.656654 2.40167
0.0401696 -0.734235 2.33236
-0.00668108 0.370762 2.09555
-0.520529 -0.120422 2.17173
-0.515892 -0.0778956 2.183
0.428285 -0.118688 2.38043
0.369605 -0.118494 2.308
0.00849642 -0.0855251 2.32376
-0.00573962 0.190043 2.21071
-0.0204691 0.469967 2.09461
-0.00679369 0.606898 2.05464
-0.17853 0.373141 2.11446
-0.311171 0.152622 2.16602
-0.443214 -0.0220319 2.17646
-0.453241 -0.056971 2.17256
0.13512 0.35568 2.11852
0.224488 0.137171 2.21151
0.361023 -0.0207675 2.26894
0.376382 -0.0502076 2.25982
-0.066878 -0.0875321 2.28788
-0.0539038 -0.373088 2.28545
-0.107325 -0.664432 2.38556
-0.120941 -0.732789 2.31549
0.0836518 -0.0809093 2.28854
0.0661214 -0.369749 2.30868
0.0390489 -0.658459 2.39819
0.0386274 -0.734893 2.32566
-0.0162837 0.401328 2.1248
-0.502346 -0.122984 2.19004
-0.5027 -0.0843771 2.1965
0.430411 -0.106875 2.30395
0.374635 -0.0969731 2.24753
0.00195067 -0.0758813 2.29704
-0.011431 0.213841 2.21547
-0.0258884 0.5038 2.12752
-0.0114982 0.644881 2.09192
-0.183132 0.395001 2.13949
-0.304232 0.166702 2.17796
-0.428385 -0.0139849 2.18727
-0.439393 -0.0433812 2.17477
0.135171 0.382133 2.14012
0.220131 0.152571 2.20226
0.360198 -0.0098374 2.24019
0.373223 -0.0407792 2.22739
-0.0729247 -0.0782303 2.26123
-0.0622096 -0.378808 2.27265
-0.108367 -0.664241 2.3832
-0.119083 -0.733529 2.31383
0.0767186 -0.0712214 2.26159
0.0632288 -0.366033 2.29371
0.0354419 -0.6643 2.39854
0.03941 -0.734476 2.32496
-0.0223798 0.432657 2.15081
-0.48357 -0.105683 2.182
-0.450716 -0.0262355 2.1705
0.428254 -0.10573 2.266
0.36543 -0.0803244 2.19786
-0.0142166 -0.0642125 2.27155
-0.0189922 0.234586 2.21937
-0.0260399 0.53046 2.15775
-0.0137392 0.673639 2.12988
-0.185337 0.413821 2.15641
-0.302556 0.175134 2.18251
-0.423832 -0.00809321 2.18696
-0.44572 -0.0576039 2.16996
0.13327 0.406186 2.16462
0.216602 0.171131 2.20624
0.354404 0.00243254 2.22774
0.366572 -0.032957 2.21959
-0.0890169 -0.0650124 2.23433
-0.0874489 -0.366336 2.26591
-0.110374 -0.66224 2.38129
-0.122197 -0.732381 2.3143
0.0610084 -0.0614064 2.23767
0.0554617 -0.360641 2.28789
0.0333173 -0.661864 2.39632
0.0386504 -0.733285 2.32649
-0.0245662 0.45783 2.17449
-0.471858 -0.095591 2.17793
-0.463054 -0.0791767 2.15843
0.414991 -0.0922563 2.25416
0.360963 -0.0735285 2.19305
-0.0304062 -0.0597991 2.26361
-0.0287966 0.244567 2.22553
-0.0298578 0.543075 2.17877
-0.0172406 0.686169 2.1552
-0.188258 0.419589 2.16405
-0.300509 0.182791 2.18362
-0.417504 -0.00358273 2.18456
-0.438285 -0.0571644 2.16425
0.129146 0.41667 2.18698
0.213381 0.17641 2.21756
0.351004 0.00652939 2.23365
0.358323 -0.0281509 2.23397
-0.104819 -0.0595303 2.22442
-0.106796 -0.359773 2.27675
-0.115067 -0.659705 2.38187
-0.127603 -0.7325 2.31641
0.0448601 -0.0581278 2.2316
0.0409757 -0.35751 2.29205
0.0273084 -0.654086 2.39323
0.0373124 -0.731947 2.3246
-0.029854 0.469853 2.192
-0.462024 -0.0998556 2.17344
-0.415414 -0.0270562 2.119
0.407617 -0.0901403 2.26252
0.349202 -0.0560604 2.19705
-0.0433645 -0.0575527 2.26172
-0.0398695 0.250145 2.23445
-0.0370035 0.54951 2.19824
-0.0218735 0.691441 2.17356
-0.193789 0.422091 2.17161
-0.299575 0.186517 2.18179
-0.409373 -0.00441088 2.18088
-0.407936 -0.0185805 2.15812
0.122939 0.419222 2.20813
0.20562 0.181602 2.23373
0.337605 0.00801665 2.25439
0.347499 -0.030619 2.262
-0.116622 -0.0567872 2.21974
-0.121052 -0.352218 2.29845
-0.122226 -0.656029 2.38749
-0.130197 -0.731805 2.31994
0.0309728 -0.0564393 2.23259
0.0283509 -0.356446 2.29862
0.0226778 -0.653366 2.39207
0.0322585 -0.731175 2.32274
-0.0379322 0.476129 2.20914
-0.43854 -0.0869132 2.15361
-0.403293 -0.0159297 2.11695
0.396644 -0.0946652 2.29704
0.342771 -0.0679526 2.23122
-0.0493092 -0.0579888 2.26428
-0.0456972 0.251251 2.24246
-0.0418462 0.55104 2.21054
-0.02435 0.690989 2.18303
-0.199402 0.422215 2.17979
-0.298759 0.187424 2.18218
-0.401713 -0.00754964 2.17722
-0.408145 -0.0295804 2.15684
0.116139 0.418764 2.22374
0.201463 0.175539 2.24957
0.326835 -0.000873611 2.27968
0.334849 -0.034653 2.286
-0.122008 -0.0577217 2.22134
-0.129909 -0.346914 2.31868
-0.129088 -0.652966 2.39186
-0.132303 -0.732238 2.32302
0.0247662 -0.0563469 2.23623
0.0254916 -0.352687 2.30396
0.0206901 -0.651281 2.39163
0.0322506 -0.729707 2.32048
-0.0429519 0.477558 2.22052
-0.440623 -0.100785 2.16101
-0.407379 -0.0365051 2.11325
0.381491 -0.0950594 2.33181
0.333642 -0.0819605 2.26217
-0.0544316 -0.0595814 2.26553
-0.0515863 0.25018 2.24899
-0.0485772 0.550159 2.22311
-0.0294315 0.690661 2.19485
-0.205887 0.421364 2.19074
-0.299835 0.1849 2.18596
-0.401554 -0.0108083 2.17705
-0.415364 -0.0353041 2.1648
0.110594 0.413357 2.23168
0.194947 0.170522 2.26205
0.314682 -0.00782883 2.29969
0.335492 -0.0606964 2.31374
-0.127104 -0.0597394 2.22205
-0.132474 -0.346654 2.32198
-0.131152 -0.651334 2.39328
-0.133064 -0.731823 2.32312
0.0198166 -0.0575087 2.23804
0.0225972 -0.352403 2.30703
0.0190032 -0.649165 2.39181
0.0321136 -0.728987 2.31993
-0.0494323 0.476607 2.23157
-0.449679 -0.106205 2.17251
-0.412509 -0.0360811 2.12169
0.379127 -0.110354 2.36331
0.324537 -0.089929 2.28133
-0.0554446 -0.0604505 2.26591
-0.0537254 0.249046 2.25313
-0.0521649 0.548874 2.23109
-0.0329243 0.690286 2.20519
-0.210161 0.419907 2.20036
-0.303021 0.184458 2.19512
-0.404883 -0.0111209 2.18769
-0.423668 -0.0313717 2.17948
0.107712 0.410252 2.23643
0.188102 0.171482 2.26832
0.300226 -0.0088984 2.31558
0.314667 -0.0431959 2.31666
-0.128326 -0.0611679 2.22262
-0.133678 -0.347078 2.32363
-0.131808 -0.651377 2.39404
-0.133658 -0.731534 2.32399
0.0190111 -0.0579928 2.23831
0.020378 -0.352477 2.31123
0.018863 -0.649052 2.39188
0.0317174 -0.729049 2.31991
-0.052616 0.475344 2.23863
-0.463892 -0.101275 2.17913
-0.418417 -0.0373169 2.13881
0.364269 -0.109709 2.36302
0.313302 -0.0766739 2.2845
-0.0553651 -0.0611829 2.26649
-0.054719 0.248141 2.25638
-0.0545314 0.547838 2.23653
-0.0335321 0.689908 2.21274
-0.212047 0.418926 2.2063
-0.306774 0.18261 2.20525
-0.411532 -0.0112629 2.20107
-0.433021 -0.0417124 2.20125
0.106622 0.409556 2.23894
0.186445 0.170967 2.26957
0.298144 -0.00959855 2.31708
0.327401 -0.0641339 2.31737
-0.12829 -0.0621234 2.22358
-0.133489 -0.347114 2.324
-0.131939 -0.651193 2.39473
-0.133637 -0.731423 2.32411
0.0191446 -0.0584802 2.23858
0.0216682 -0.352154 2.32256
0.019033 -0.646155 2.39389
0.0311958 -0.728818 2.32015
-0.0546052 0.474338 2.24356
-0.474304 -0.105919 2.21163
-0.42198 -0.0539403 2.16081
0.363245 -0.109404 2.35642
0.318632 -0.0910157 2.28526
-0.0551302 -0.0618873 2.2683
-0.0553613 0.246968 2.2591
-0.0555642 0.545838 2.23914
-0.0329023 0.689098 2.21895
-0.212746 0.417494 2.21068
-0.305483 0.179975 2.21974
-0.410735 -0.0126634 2.22816
-0.43989 -0.06886 2.23156
0.107158 0.409541 2.24243
0.187415 0.169137 2.27286
0.299839 -0.0116249 2.31834
0.336368 -0.0608303 2.30299
-0.128196 -0.0631646 2.2257
-0.132265 -0.348004 2.32394
-0.130473 -0.651028 2.39533
-0.133648 -0.730771 2.32421
0.0195003 -0.0589424 2.24009
0.0226988 -0.353931 2.32989
0.0186264 -0.646081 2.39521
0.0308808 -0.728922 2.32075
-0.0555501 0.472578 2.24623
-0.480052 -0.117633 2.25835
-0.420784 -0.0802806 2.19327
0.373891 -0.107462 2.32414
0.31904 -0.0752207 2.25109
-0.0546696 -0.0619095 2.27058
-0.0554622 0.246614 2.26008
-0.0560061 0.545093 2.23918
-0.0327335 0.689176 2.22036
-0.213074 0.416802 2.21233
-0.301797 0.177909 2.2256
-0.403218 -0.0163324 2.23809
-0.427341 -0.0755821 2.24563
0.107544 0.410637 2.24433
0.187432 0.17069 2.27494
0.30092 -0.0099651 2.31866
0.339514 -0.0573476 2.29211
-0.127762 -0.0629865 2.22788
-0.131226 -0.349276 2.32462
-0.129169 -0.650921 2.39522
-0.13373 -0.730857 2.3246
0.0200111 -0.0590802 2.24239
0.0229204 -0.354319 2.33252
0.0185069 -0.645659 2.39563
0.0305555 -0.728885 2.3211
-0.0558799 0.471999 2.24651
-0.457097 -0.125819 2.27043
-0.411252 -0.0890387 2.205
0.382055 -0.106849 2.32255
0.318696 -0.0744202 2.23914
-0.0543193 -0.0617245 2.27313
-0.0556738 0.246688 2.26066
-0.0566921 0.544993 2.2385
-0.0327151 0.68933 2.22049
-0.213058 0.416712 2.21232
-0.297421 0.17625 2.22742
-0.390741 -0.0210517 2.24717
-0.413131 -0.0809497 2.24913
0.107511 0.411069 2.24422
0.186416 0.174237 2.2757
0.302519 -0.00578522 2.31605
0.33996 -0.048213 2.29512
-0.127399 -0.0625983 2.23009
-0.129698 -0.349483 2.32603
-0.128085 -0.649835 2.39508
-0.13376 -0.730767 2.32472
0.0203652 -0.0590618 2.24522
0.0227652 -0.355233 2.33601
0.0181192 -0.645853 2.39627
0.0303871 -0.72874 2.32135
-0.0563314 0.471929 2.24627
-0.453266 -0.131222 2.2894
-0.39636 -0.0924267 2.20638
0.379524 -0.0945702 2.31981
0.320854 -0.0690542 2.24684
-0.0557614 -0.0608232 2.2764
-0.0567484 0.24688 2.26069
-0.0592789 0.544581 2.23345
-0.0333129 0.689816 2.21874
-0.213375 0.416973 2.21035
-0.290919 0.177786 2.22502
-0.380659 -0.0214822 2.24321
-0.407456 -0.0820388 2.23757
0.106259 0.4138 2.24147
0.186415 0.177521 2.27564
0.305823 0.000479966 2.31856
0.341873 -0.0444313 2.30057
-0.128722 -0.0617979 2.23324
-0.128676 -0.349681 2.32914
-0.126704 -0.648463 2.39487
-0.133523 -0.730687 2.32561
0.0188631 -0.0580286 2.24865
0.022831 -0.356283 2.33931
0.0183177 -0.645812 2.39727
0.0301152 -0.728869 2.32118
-0.0585849 0.47171 2.24296
-0.446315 -0.138481 2.27922
-0.389224 -0.0941087 2.20152
0.381058 -0.0885815 2.32914
0.328437 -0.0637832 2.25813
-0.0563819 -0.0602388 2.27783
-0.0580397 0.246976 2.26034
-0.0620241 0.544099 2.22983
-0.0341912 0.690086 2.21698
-0.214008 0.41667 2.20763
-0.288163 0.17848 2.22127
-0.378119 -0.0209317 2.23794
-0.40942 -0.0806547 2.22299
0.105123 0.415537 2.23961
0.186353 0.179321 2.27472
0.306378 0.00265535 2.31752
0.347161 -0.0465145 2.30887
-0.12926 -0.0613078 2.23446
-0.128752 -0.348652 2.33211
-0.126846 -0.64879 2.39634
-0.133485 -0.730271 2.32564
0.0182001 -0.0573422 2.25026
0.02316 -0.355351 2.33975
0.018097 -0.646056 2.39858
0.0299962 -0.728697 2.32095
-0.0610217 0.471374 2.24007
-0.445713 -0.139082 2.25534
-0.391513 -0.0937495 2.18633
0.388007 -0.0967049 2.35396
0.337837 -0.0647276 2.273
