-0.0837328 0.111862 2.32406
-0.10886 0.404851 2.25566
-0.124661 0.682514 2.17278
-0.0990978 0.822268 2.1148
-0.282822 0.573641 2.1615
-0.438958 0.390011 2.08115
-0.553738 0.216842 1.97308
-0.577494 0.135801 1.92148
0.0638451 0.572283 2.21702
0.204681 0.366988 2.23792
0.326687 0.179626 2.17309
0.360175 0.112168 2.14505
-0.157849 0.107259 2.2796
-0.245163 -0.213958 2.29338
-0.311486 -0.559624 2.46221
-0.345862 -0.636953 2.3892
-0.00706102 0.113013 2.29696
0.0329518 -0.212001 2.37855
-0.0246767 -0.569275 2.49714
0.000303593 -0.649681 2.41943
-0.121055 0.614488 2.19399
-0.598266 0.070064 1.89648
-0.539244 0.136484 1.87211
0.379891 0.039022 2.15436
0.359964 0.0644775 2.11933
-0.0798546 0.0957194 2.29713
-0.104262 0.394674 2.25149
-0.123441 0.675716 2.18765
-0.0988589 0.817741 2.13296
-0.281162 0.562862 2.16754
-0.434455 0.376075 2.0826
-0.545159 0.193475 1.95771
-0.571693 0.113013 1.90101
0.0672475 0.5604 2.23164
0.216344 0.364276 2.24393
0.353418 0.189674 2.17368
0.389794 0.12855 2.14031
-0.153794 0.0914394 2.24956
-0.239161 -0.230912 2.26572
-0.307973 -0.562208 2.45589
-0.346799 -0.638145 2.3874
-0.0034474 0.0970539 2.27307
0.0381816 -0.225032 2.34738
-0.0251278 -0.574857 2.49249
-0.0014657 -0.651798 2.42392
-0.118942 0.607404 2.20398
-0.58596 0.0458984 1.87875
-0.52911 0.133373 1.85233
0.413989 0.0505928 2.14692
0.364195 0.122976 2.10445
-0.0890661 0.079857 2.27358
-0.108488 0.379777 2.24464
-0.127052 0.664635 2.19783
-0.102804 0.807579 2.14696
-0.283114 0.550401 2.17007
-0.437213 0.365917 2.07998
-0.550195 0.187709 1.94858
-0.580646 0.111078 1.88414
0.0645326 0.544957 2.24153
0.220826 0.36034 2.24818
0.367491 0.194926 2.17517
0.406349 0.134135 2.13499
-0.162343 0.0769442 2.22451
-0.246015 -0.238143 2.22976
-0.313786 -0.57058 2.44958
-0.348116 -0.64024 2.38379
-0.0130272 0.0802453 2.25103
0.0321959 -0.237284 2.30575
-0.0271426 -0.580879 2.47893
-0.000300026 -0.656566 2.42321
-0.122466 0.59557 2.21093
-0.596918 0.0445497 1.86302
-0.535939 0.134345 1.83717
0.431486 0.0603464 2.13141
0.383774 0.131821 2.09791
-0.114244 0.0649584 2.25641
-0.124503 0.364532 2.2375
-0.135301 0.652435 2.20304
-0.108377 0.796431 2.15356
-0.292488 0.537178 2.17035
-0.448118 0.36052 2.07263
-0.568135 0.187047 1.92846
-0.600196 0.120722 1.86477
0.0549452 0.528089 2.24336
0.22085 0.354345 2.24846
0.373211 0.194826 2.17409
0.414694 0.135845 2.12703
-0.187016 0.0646593 2.20729
-0.270494 -0.243213 2.20379
-0.317741 -0.571702 2.44423
-0.349905 -0.64126 2.38158
-0.0379058 0.0631185 2.23394
0.0160919 -0.251982 2.27781
-0.0312856 -0.583792 2.47277
0.00141514 -0.658496 2.42189
-0.13251 0.582285 2.21382
-0.619453 0.0568902 1.84362
-0.553247 0.145573 1.81667
0.44541 0.0619275 2.12217
0.389265 0.125975 2.09765
-0.145535 0.0588892 2.25058
-0.143838 0.356658 2.233
-0.14339 0.644566 2.20252
-0.116572 0.788946 2.1524
-0.303592 0.531123 2.16976
-0.460652 0.367211 2.06929
-0.584118 0.226845 1.9267
-0.624108 0.141835 1.8449
0.0425442 0.516339 2.23907
0.216988 0.345394 2.2438
0.378178 0.196265 2.16649
0.415721 0.136431 2.11918
-0.218554 0.0609597 2.20234
-0.2958 -0.243157 2.20169
-0.318545 -0.571336 2.44136
-0.352002 -0.642024 2.38392
-0.0681405 0.0549314 2.22733
-0.00873827 -0.261047 2.25828
-0.039102 -0.589012 2.47029
0.000579994 -0.659633 2.41532
-0.143312 0.574083 2.21234
-0.645477 0.0782791 1.82173
-0.577615 0.167772 1.801
0.447968 0.0636458 2.11103
0.420262 0.13965 2.083
-0.171715 0.0628296 2.25281
-0.160183 0.357933 2.22944
-0.151261 0.643586 2.19517
-0.123326 0.786712 2.14326
-0.315557 0.535458 2.16554
-0.48236 0.402359 2.06167
-0.600494 0.25097 1.92624
-0.6483 0.167689 1.83846
0.0308071 0.514125 2.22911
0.205918 0.344361 2.23384
0.372868 0.200199 2.1599
0.40296 0.137891 2.11128
-0.244069 0.0664736 2.20688
-0.325165 -0.231179 2.21404
-0.322425 -0.571057 2.44306
-0.352623 -0.643009 2.38492
-0.0940767 0.0572266 2.22735
-0.0374567 -0.258455 2.25087
-0.043439 -0.591245 2.46516
0.000343829 -0.660315 2.41266
-0.153247 0.573585 2.20592
-0.666545 0.104953 1.80988
-0.599778 0.191527 1.7947
0.436724 0.0675284 2.0969
0.388141 0.106997 2.06875
-0.193561 0.0763539 2.26622
-0.174869 0.369324 2.22759
-0.159891 0.654758 2.17791
-0.129701 0.796536 2.12401
-0.3273 0.554109 2.15713
-0.504278 0.429602 2.04587
-0.623037 0.264277 1.92976
-0.670863 0.200052 1.85633
0.0198586 0.522843 2.21152
0.190205 0.352775 2.2186
0.354375 0.203795 2.14811
0.380397 0.136983 2.10425
-0.265785 0.0804899 2.22172
-0.344384 -0.221739 2.24547
-0.325663 -0.56939 2.44684
-0.35276 -0.642604 2.38826
-0.115256 0.0698266 2.2394
-0.0569841 -0.254255 2.2706
-0.045305 -0.589861 2.46435
-0.00117756 -0.658873 2.41229
-0.163543 0.584663 2.19297
-0.697276 0.132011 1.82642
-0.625183 0.209582 1.80414
0.411872 0.0683843 2.08425
0.361234 0.127428 2.07014
-0.203383 0.104105 2.29422
-0.183517 0.390523 2.22805
-0.164929 0.673836 2.15211
-0.133515 0.813605 2.09341
-0.333102 0.578496 2.14184
-0.512852 0.444568 2.04716
-0.64444 0.282341 1.94225
-0.690645 0.215428 1.87879
0.0117393 0.543998 2.18916
0.174234 0.36393 2.20288
0.325481 0.200403 2.13538
0.343737 0.1277 2.09672
-0.276256 0.107535 2.24908
-0.343981 -0.206071 2.30726
-0.327763 -0.564266 2.45196
-0.352635 -0.642023 2.39087
-0.124173 0.0975001 2.26812
-0.0665079 -0.231855 2.32575
-0.0455993 -0.586439 2.47129
-0.00370272 -0.654822 2.41235
-0.169659 0.60423 2.17435
-0.721971 0.145991 1.85269
-0.650689 0.218458 1.8289
0.371976 0.0617477 2.08595
0.319002 0.116531 2.0605
-0.19525 0.119496 2.31901
-0.181585 0.401238 2.23105
-0.165299 0.680634 2.13838
-0.133084 0.820151 2.07827
-0.332372 0.586397 2.13381
-0.509182 0.440655 2.0583
-0.649673 0.28605 1.95383
-0.694531 0.199899 1.89697
0.0121134 0.555912 2.17919
0.167157 0.369829 2.19586
0.299118 0.189512 2.13012
0.315574 0.114922 2.09489
-0.267088 0.122543 2.27557
-0.332888 -0.197352 2.34319
-0.328898 -0.558696 2.46082
-0.352496 -0.640577 2.39572
-0.117337 0.112777 2.29131
-0.0613264 -0.2226 2.36875
-0.0448236 -0.581828 2.48038
-0.0043265 -0.653438 2.41261
-0.169485 0.611821 2.16498
-0.723478 0.131674 1.87367
-0.658557 0.201631 1.84933
0.336983 0.0451478 2.08254
0.29163 0.111723 2.05806
-0.17914 0.126987 2.33755
-0.173051 0.407148 2.23577
-0.161981 0.681961 2.13023
-0.130795 0.819832 2.06707
-0.328121 0.588279 2.12913
-0.504689 0.430012 2.06453
-0.645085 0.269462 1.97028
-0.676792 0.194392 1.92624
0.0149428 0.563053 2.1741
0.163752 0.37013 2.19477
0.286087 0.184016 2.12584
0.293258 0.10368 2.096
-0.251553 0.128543 2.29339
-0.319555 -0.19 2.36444
-0.328566 -0.551164 2.46703
-0.351884 -0.640022 2.39515
-0.101254 0.121608 2.31043
-0.0513046 -0.216102 2.39971
-0.0433261 -0.575079 2.48912
-0.00488053 -0.651692 2.4136
-0.165482 0.614249 2.15959
-0.711093 0.128233 1.89832
-0.648814 0.176972 1.8695
0.307106 0.0327171 2.08247
0.259755 0.0881215 2.0606
-0.154316 0.130139 2.34256
-0.155164 0.410592 2.23809
-0.153424 0.68246 2.12559
-0.126941 0.820138 2.0624
-0.317076 0.586678 2.1248
-0.490779 0.410733 2.06893
-0.62428 0.240983 1.98138
-0.653922 0.164927 1.9393
0.0241154 0.569577 2.17201
0.164492 0.368966 2.19594
0.278305 0.177352 2.12732
0.288393 0.0983495 2.10798
-0.228162 0.1298 2.29872
-0.30687 -0.199528 2.3679
-0.327613 -0.54955 2.46842
-0.349756 -0.638291 2.39277
-0.0757114 0.126584 2.31503
-0.0327643 -0.210027 2.4166
-0.0378649 -0.570233 2.49558
-0.00513965 -0.650216 2.42232
-0.154393 0.615741 2.15586
-0.683318 0.0974747 1.9144
-0.626573 0.155004 1.88986
0.303258 0.0279753 2.09917
0.253937 0.0894635 2.07876
-0.11675 0.125453 2.3324
-0.12972 0.409769 2.23712
-0.139408 0.683315 2.12906
-0.115961 0.821408 2.06693
-0.299113 0.579228 2.12749
-0.461527 0.38643 2.07582
-0.588325 0.213227 1.98442
-0.607307 0.13388 1.94231
0.0435145 0.57678 2.17828
0.180896 0.368884 2.20833
0.289012 0.172624 2.14454
0.310688 0.0945428 2.13136
-0.190352 0.122565 2.28823
-0.27796 -0.211914 2.34847
-0.324669 -0.55253 2.46909
-0.348331 -0.637378 2.39201
-0.0395527 0.124462 2.30509
-0.00139319 -0.197179 2.39968
-0.0310936 -0.56824 2.49828
-0.00286937 -0.650043 2.42461
-0.137456 0.616451 2.15828
-0.632271 0.0670192 1.92208
-0.580508 0.125983 1.894
0.323226 0.0158404 2.13047
0.272735 0.0803687 2.10285
-0.0922984 0.111286 2.31119
-0.11133 0.402033 2.23256
-0.125485 0.679953 2.13796
-0.104434 0.820151 2.07702
-0.285197 0.569987 2.13009
-0.441889 0.370958 2.0752
-0.554276 0.18961 1.97986
-0.575526 0.112166 1.93306
0.0584657 0.57127 2.18817
0.200325 0.364413 2.21945
0.319494 0.17483 2.1558
0.348735 0.101329 2.13732
-0.166019 0.107109 2.2657
-0.251409 -0.218208 2.29694
-0.31491 -0.558801 2.46421
-0.347828 -0.63776 2.39106
-0.0157512 0.111999 2.28517
0.0247366 -0.212597 2.37592
-0.0284784 -0.571345 2.4974
-0.00224247 -0.650582 2.42297
-0.122745 0.612226 2.16364
-0.595098 0.0449744 1.9116
-0.542746 0.108854 1.8821
0.363119 0.0233915 2.13208
0.319224 0.101345 2.10812
-0.0804058 0.0925997 2.28666
-0.101279 0.388938 2.22652
-0.118238 0.670836 2.14831
-0.0934482 0.811354 2.09169
-0.275491 0.558741 2.13293
-0.428041 0.355452 2.06721
-0.535462 0.170967 1.96174
-0.552151 0.0898467 1.91119
0.069607 0.556627 2.2034
0.218657 0.358905 2.23005
0.355579 0.182896 2.16369
0.386739 0.113891 2.13797
-0.154283 0.0878856 2.23745
-0.237954 -0.23252 2.2615
-0.312243 -0.562733 2.45879
-0.348015 -0.638006 2.38982
-0.00407215 0.0944448 2.26417
0.0427025 -0.226049 2.33934
-0.0268476 -0.575459 2.49197
-0.00183638 -0.651791 2.42319
-0.114788 0.602542 2.16974
-0.569185 0.0196784 1.89096
-0.507602 0.0918347 1.85714
0.413684 0.0340404 2.13925
0.358023 0.104019 2.1097
-0.0873233 0.0694279 2.25766
-0.103125 0.368956 2.21828
-0.118544 0.653735 2.16201
-0.0896369 0.793631 2.10678
-0.270521 0.538863 2.13274
-0.4207 0.337249 2.04829
-0.518693 0.153762 1.92332
-0.534506 0.0742474 1.8661
0.0728088 0.534789 2.22054
0.229169 0.351957 2.24745
0.381143 0.188053 2.18424
0.42309 0.129116 2.14796
-0.160568 0.0676688 2.20667
-0.244231 -0.239832 2.20604
-0.318486 -0.571067 2.44661
-0.352501 -0.640743 2.38019
-0.0113821 0.0689138 2.23702
0.033484 -0.254819 2.28906
-0.0294649 -0.584408 2.474
0.000716636 -0.659202 2.41962
-0.114966 0.5848 2.17786
-0.543873 0.00447497 1.84298
-0.482309 0.0899123 1.82244
0.45682 0.0541905 2.13808
0.40363 0.124231 2.11245
-0.111909 0.052484 2.24022
-0.118243 0.351133 2.21144
-0.125366 0.638142 2.16759
-0.091977 0.779276 2.11324
-0.277029 0.526066 2.13283
-0.423325 0.329455 2.0372
-0.513682 0.153453 1.89911
-0.529638 0.0776435 1.83075
0.0642318 0.513842 2.2264
0.229053 0.338609 2.25761
0.394234 0.188546 2.19384
0.434935 0.129629 2.16082
-0.18441 0.0536758 2.18871
-0.265393 -0.245019 2.1857
-0.323013 -0.574438 2.44118
-0.353415 -0.642316 2.37057
-0.0359139 0.0495341 2.22019
0.016916 -0.266808 2.26021
-0.0352857 -0.586967 2.46729
0.00116827 -0.660475 2.41876
-0.123565 0.56825 2.18077
-0.536833 0.00985603 1.80212
-0.474515 0.0959637 1.7843
0.474449 0.0529305 2.14887
0.420005 0.124196 2.12468
-0.141033 0.0457229 2.23013
-0.137878 0.342609 2.20726
-0.135569 0.629305 2.17046
-0.0996654 0.769919 2.11507
-0.288821 0.520284 2.13546
-0.429653 0.331263 2.02962
-0.515861 0.161986 1.87479
-0.534186 0.0900861 1.80269
0.052132 0.50102 2.22401
0.219407 0.328074 2.25991
0.39249 0.185107 2.20247
0.424806 0.120736 2.16859
-0.213072 0.0492359 2.17958
-0.292201 -0.246594 2.17864
-0.323599 -0.574866 2.44021
-0.353636 -0.64243 2.37086
-0.0645499 0.0406938 2.20917
-0.00776319 -0.274937 2.2411
-0.0426375 -0.591704 2.46309
0.00119181 -0.661811 2.41619
-0.136024 0.559215 2.18198
-0.54088 0.0269425 1.77301
-0.477771 0.115082 1.76442
0.466967 0.0514385 2.16138
0.433509 0.125953 2.13407
-0.166491 0.0498589 2.23052
-0.155091 0.344591 2.20466
-0.144679 0.629229 2.16733
-0.11115 0.769071 2.10765
-0.303871 0.52437 2.13422
-0.445794 0.345726 2.02276
-0.533558 0.200974 1.85798
-0.549132 0.118533 1.79718
0.0385662 0.499658 2.21601
0.202007 0.325041 2.25456
0.373636 0.177299 2.20727
0.399163 0.11026 2.17036
-0.238576 0.0546591 2.182
-0.320553 -0.235516 2.18484
-0.324628 -0.572807 2.4386
-0.354871 -0.642606 2.37463
-0.0892988 0.0435184 2.20768
-0.0322585 -0.271062 2.23517
-0.0465522 -0.59184 2.45774
-0.000664793 -0.6609 2.41154
-0.147188 0.559545 2.17877
-0.551869 0.0591383 1.76306
-0.489929 0.135426 1.74833
0.438264 0.0391455 2.16312
0.410923 0.119463 2.13716
-0.195321 0.0715307 2.24924
-0.17726 0.363623 2.20387
-0.161769 0.648332 2.1473
-0.125785 0.784881 2.0831
-0.322615 0.552351 2.12253
-0.469292 0.380514 2.01578
-0.557618 0.216624 1.86341
-0.589037 0.142018 1.80266
0.019026 0.51435 2.1941
0.174538 0.336954 2.23968
0.332395 0.172689 2.19954
0.358244 0.106887 2.15881
-0.26704 0.0757818 2.20185
-0.34453 -0.222816 2.23176
-0.326844 -0.567379 2.44142
-0.354245 -0.642172 2.37999
-0.117447 0.065027 2.2253
-0.0579517 -0.256081 2.26218
-0.0495359 -0.588586 2.457
-0.00384127 -0.657511 2.40896
-0.165563 0.578423 2.16397
-0.600174 0.0775712 1.77558
-0.533648 0.159391 1.76289
0.391022 0.0326068 2.15487
0.380584 0.0687712 2.15071
-0.203839 0.0939927 2.27098
-0.184928 0.381412 2.20589
-0.167562 0.663564 2.13182
-0.132223 0.798095 2.06194
-0.329471 0.570112 2.11273
-0.482237 0.398346 2.01453
-0.583017 0.235949 1.87582
-0.619845 0.16099 1.82278
0.0095565 0.532932 2.18067
0.156001 0.351542 2.22806
0.303485 0.177839 2.18649
0.324074 0.107981 2.14894
-0.276228 0.0977874 2.22426
-0.344209 -0.212317 2.27689
-0.328855 -0.565598 2.44805
-0.352002 -0.640135 2.38946
-0.125123 0.0872842 2.24655
-0.067789 -0.23409 2.30481
-0.0520165 -0.584414 2.46697
-0.00720155 -0.652243 2.41041
-0.171879 0.594135 2.15299
-0.634829 0.0932556 1.79577
-0.569984 0.168292 1.77889
0.348274 0.0334721 2.13811
0.336808 0.118548 2.12154
-0.198219 0.111508 2.29565
-0.184778 0.393641 2.20995
-0.169705 0.671878 2.11971
-0.134233 0.802581 2.04792
-0.331458 0.579464 2.10637
-0.488416 0.407292 2.01771
-0.603002 0.244591 1.89328
-0.6403 0.167343 1.8477
0.00659604 0.548003 2.1716
0.149892 0.358236 2.22327
0.287046 0.175875 2.18293
0.300986 0.103187 2.14092
-0.270429 0.113171 2.24882
-0.337874 -0.201362 2.31304
-0.33015 -0.559357 2.45432
-0.350543 -0.638139 2.39323
-0.119873 0.106431 2.27124
-0.0654244 -0.223415 2.3508
-0.0514019 -0.579305 2.474
-0.00961321 -0.649795 2.41495
-0.173502 0.603107 2.14516
-0.659148 0.0992861 1.82094
-0.59181 0.164292 1.79733
0.320623 0.0263342 2.13427
0.330655 0.0873392 2.1348
-0.186795 0.120383 2.31675
-0.178539 0.400593 2.21678
-0.167201 0.674477 2.11387
-0.134517 0.803201 2.03964
-0.330631 0.581755 2.10471
-0.490606 0.406913 2.02378
-0.609162 0.240216 1.90956
-0.643228 0.161374 1.87169
0.00884681 0.557402 2.16697
0.149711 0.360348 2.22153
0.281033 0.175252 2.17256
0.294786 0.101522 2.13884
-0.259374 0.12087 2.26994
-0.324457 -0.201511 2.34054
-0.329942 -0.556708 2.46021
-0.351014 -0.638477 2.39365
-0.108444 0.116277 2.29234
-0.0557387 -0.213675 2.38322
-0.0490145 -0.574487 2.48556
-0.00975908 -0.648896 2.41604
-0.170698 0.606574 2.14201
-0.663582 0.0937488 1.84649
-0.598857 0.15433 1.82114
0.311653 0.0274096 2.13455
0.337823 0.0764003 2.16075
-0.158038 0.124253 2.32552
-0.159017 0.405036 2.22491
-0.158331 0.676244 2.11498
-0.130071 0.804745 2.03944
-0.319066 0.581988 2.1092
-0.480106 0.397423 2.03892
-0.601061 0.218542 1.9326
-0.623229 0.1352 1.89853
0.0216058 0.568024 2.17137
0.159031 0.36739 2.22189
0.284115 0.178539 2.17019
0.31048 0.104516 2.14069
-0.231265 0.123667 2.27996
-0.306283 -0.202651 2.34121
-0.327749 -0.553003 2.46375
-0.350728 -0.637951 2.39343
-0.0799278 0.121054 2.29973
-0.0345963 -0.214442 2.40559
-0.040991 -0.567495 2.49262
-0.00725548 -0.648263 2.41684
-0.158851 0.609644 2.14444
-0.643802 0.0708232 1.88307
-0.57602 0.133589 1.845
0.325898 0.0267126 2.13751
0.349403 0.0800734 2.1535
-0.130226 0.118604 2.31653
-0.140572 0.40341 2.22758
-0.145708 0.677007 2.12561
-0.117781 0.806669 2.05235
-0.305829 0.578296 2.11837
-0.463416 0.387381 2.04755
-0.577863 0.20849 1.94485
-0.595482 0.12341 1.90553
0.0369699 0.571492 2.18326
0.177657 0.369897 2.22662
0.306047 0.183732 2.17334
0.33794 0.111978 2.14032
-0.203644 0.116856 2.27131
-0.277762 -0.21809 2.31454
-0.325256 -0.554182 2.46336
-0.348404 -0.637954 2.38995
-0.0527831 0.116689 2.29031
-0.017859 -0.213969 2.39887
-0.0371866 -0.569161 2.49247
-0.00381069 -0.650615 2.42104
-0.14496 0.610052 2.15298
-0.613193 0.055598 1.8875
-0.552506 0.122179 1.86178
0.358521 0.0344685 2.14083
0.368368 0.11366 2.14089
-0.109658 0.108466 2.29872
-0.126652 0.399277 2.22749
-0.135942 0.676959 2.1416
-0.107482 0.8082 2.06928
-0.295804 0.573918 2.12492
-0.448194 0.382797 2.04944
-0.555659 0.202056 1.94151
-0.572363 0.117789 1.8938
0.048479 0.567955 2.19646
0.193922 0.372078 2.23381
0.334001 0.195725 2.17672
0.369716 0.131497 2.13836
-0.182366 0.105319 2.25145
-0.25754 -0.225939 2.28622
-0.319935 -0.560144 2.46277
-0.34755 -0.637803 2.38914
-0.0335775 0.108212 2.27449
0.00197509 -0.221249 2.37615
-0.0357101 -0.570274 2.49063
-0.00392991 -0.650575 2.42007
-0.134272 0.609034 2.16431
-0.591794 0.050563 1.87786
-0.526611 0.120182 1.8435
0.39392 0.051374 2.13356
0.410886 0.107914 2.14333
-0.10186 0.0884445 2.26777
-0.119861 0.386147 2.22234
-0.133473 0.667645 2.15896
-0.101363 0.800694 2.09324
-0.288983 0.560973 2.13343
-0.439294 0.374594 2.04193
-0.539869 0.195874 1.91086
-0.560947 0.116386 1.84673
0.0547375 0.552937 2.20964
0.206907 0.372947 2.24053
0.363002 0.212126 2.17946
0.411363 0.151978 2.13467
-0.174719 0.0855252 2.21849
-0.251633 -0.232047 2.24193
-0.319122 -0.565289 2.45231
-0.347787 -0.637393 2.38806
-0.0258244 0.088569 2.24553
0.0163633 -0.235009 2.32157
-0.0369742 -0.575007 2.48352
-0.00293723 -0.651891 2.42028
-0.130454 0.599367 2.17581
-0.572189 0.0490121 1.82009
-0.509628 0.131373 1.79964
0.443333 0.0767687 2.11963
0.452409 0.114697 2.12578
-0.114665 0.0700516 2.24741
-0.126143 0.368099 2.21601
-0.137421 0.652259 2.16837
-0.103672 0.787932 2.10677
-0.292629 0.546501 2.13777
-0.439983 0.36923 2.0352
-0.534019 0.213212 1.88549
-0.559289 0.135389 1.8118
0.0509008 0.530837 2.21782
0.218207 0.364267 2.24413
0.384286 0.215986 2.17775
0.433571 0.160893 2.13058
-0.18733 0.0695469 2.19742
-0.263016 -0.238854 2.20183
-0.321432 -0.56888 2.44547
-0.351516 -0.639615 2.38007
-0.0384221 0.0682725 2.22584
0.00953196 -0.245697 2.28017
-0.0400631 -0.581554 2.47257
-0.00251175 -0.653508 2.41876
-0.134696 0.583244 2.18206
-0.5696 0.0719069 1.77485
-0.507499 0.146862 1.7602
0.474597 0.0873121 2.11591
0.472905 0.125544 2.1244
-0.138934 0.0553834 2.23525
-0.142297 0.352025 2.21204
-0.146276 0.637226 2.17477
-0.110079 0.774029 2.11344
-0.301578 0.532916 2.14187
-0.445401 0.366365 2.02981
-0.539646 0.219759 1.87062
-0.570775 0.13175 1.77518
0.0432766 0.512514 2.22087
0.220006 0.355922 2.2447
0.393779 0.218494 2.17467
0.44277 0.161072 2.12787
-0.211801 0.0573495 2.18532
-0.285738 -0.243607 2.18522
-0.322704 -0.570816 2.44183
-0.352371 -0.640953 2.37807
-0.0616735 0.0515986 2.21369
-0.00759636 -0.260825 2.25271
-0.0452091 -0.587878 2.46543
-0.00141513 -0.657432 2.41533
-0.145262 0.56764 2.1862
-0.580204 0.0744452 1.74721
-0.514988 0.161039 1.736
0.484465 0.0930465 2.1052
0.429836 0.15895 2.08943
-0.180372 0.0509971 2.23436
-0.167273 0.344319 2.20907
-0.156376 0.62823 2.17263
-0.121248 0.764563 2.10832
-0.315069 0.529316 2.14253
-0.46203 0.381126 2.0244
-0.561011 0.24285 1.86061
-0.597141 0.156333 1.76186
0.0282499 0.500421 2.2135
0.207594 0.347584 2.23697
0.387828 0.215965 2.17355
0.424191 0.153618 2.12251
-0.252563 0.0558926 2.18559
-0.328182 -0.236023 2.18464
-0.325287 -0.570992 2.44088
-0.353538 -0.64219 2.37841
-0.102492 0.0444612 2.21173
-0.0430511 -0.268518 2.23485
-0.0523089 -0.590757 2.45699
-0.00428335 -0.658503 2.4106
-0.158779 0.558668 2.18377
-0.607213 0.101636 1.73236
-0.542316 0.184035 1.7275
0.466795 0.0913727 2.10669
0.411731 0.143699 2.08256
-0.209622 0.0621051 2.24679
-0.186384 0.351936 2.20773
-0.16728 0.633168 2.15953
-0.129169 0.767142 2.08951
-0.329773 0.541963 2.13522
-0.495813 0.415047 1.99901
-0.597826 0.253489 1.86168
-0.627981 0.178299 1.76802
0.0147666 0.504597 2.20106
0.187458 0.348948 2.22492
0.366498 0.213189 2.16774
0.3971 0.148161 2.11715
-0.280921 0.067615 2.19947
-0.35305 -0.225771 2.20809
-0.32864 -0.569985 2.43965
-0.354634 -0.643148 2.38036
-0.131692 0.0546212 2.22282
-0.0680866 -0.259268 2.24428
-0.0529809 -0.590039 2.4552
-0.00565318 -0.657756 2.40622
-0.171654 0.564157 2.17389
-0.638988 0.114356 1.73425
-0.573467 0.202836 1.73136
0.434558 0.0876156 2.09887
0.367162 0.141831 2.118
-0.225282 0.0796537 2.26469
-0.198552 0.364939 2.20773
-0.175792 0.64436 2.14025
-0.133583 0.771645 2.06511
-0.339021 0.559651 2.1241
-0.509975 0.429023 1.99396
-0.62273 0.264146 1.87073
-0.662921 0.194451 1.78612
0.00424729 0.517894 2.18613
0.169977 0.357847 2.2156
0.343473 0.213371 2.16297
0.367644 0.145223 2.11472
-0.297353 0.085606 2.21754
-0.362758 -0.217815 2.25039
-0.330826 -0.568347 2.44302
-0.354008 -0.642077 2.38229
-0.146203 0.0712316 2.24062
-0.0817304 -0.247334 2.27644
-0.0558787 -0.589294 2.46001
-0.00838778 -0.656028 2.40692
-0.18134 0.575749 2.16004
-0.681885 0.132001 1.758
-0.610489 0.212272 1.74389
0.401807 0.0808152 2.09826
0.395386 0.132374 2.10106
-0.223747 0.101177 2.28913
-0.202589 0.378507 2.20942
-0.182092 0.653895 2.12246
-0.136418 0.777687 2.03922
-0.34308 0.574175 2.11451
-0.526471 0.442713 2.00306
-0.641082 0.276192 1.8842
-0.689091 0.210273 1.81939
-0.00162401 0.535138 2.17373
0.161664 0.364894 2.20803
0.327839 0.211622 2.15614
0.345461 0.141529 2.1128
-0.296295 0.105409 2.24172
-0.355537 -0.205045 2.29354
-0.33222 -0.565692 2.45064
-0.351908 -0.641229 2.39151
-0.144248 0.09381 2.26536
-0.0819879 -0.229461 2.31812
-0.0558694 -0.584655 2.46445
-0.0101981 -0.652703 2.4074
-0.187045 0.586212 2.14759
-0.71629 0.142037 1.78847
-0.643482 0.213597 1.76833
0.374439 0.0733906 2.09915
0.366709 0.0931648 2.07467
-0.203192 0.118481 2.31886
-0.194983 0.390087 2.21591
-0.181656 0.657624 2.10975
-0.138146 0.777585 2.01986
-0.342465 0.580329 2.10849
-0.521706 0.446578 2.02107
-0.653925 0.28645 1.91359
-0.703988 0.216228 1.8678
-0.000583364 0.552563 2.16551
0.157391 0.383895 2.20179
0.311446 0.217773 2.15139
0.340088 0.146927 2.11238
-0.275594 0.119646 2.27219
-0.33609 -0.197213 2.33958
-0.331736 -0.558459 2.4594
-0.352061 -0.640262 2.39836
-0.124538 0.113693 2.29437
-0.0664453 -0.212644 2.37723
-0.0496184 -0.576847 2.48075
-0.0119704 -0.649009 2.41387
-0.185397 0.591501 2.13954
-0.738901 0.148953 1.83587
-0.672932 0.199712 1.81071
0.367611 0.0787821 2.10441
0.317805 0.130328 2.07751
-0.177536 0.125777 2.33268
-0.178889 0.394779 2.22084
-0.175919 0.657139 2.10325
-0.134943 0.775099 2.00951
-0.335806 0.580689 2.10471
-0.513923 0.440539 2.03016
-0.654861 0.282197 1.93271
-0.701235 0.208979 1.89568
0.00746572 0.563982 2.16252
0.169626 0.394234 2.19846
0.317535 0.223016 2.14605
0.357117 0.154341 2.11226
-0.250466 0.124952 2.28617
-0.321265 -0.190701 2.34914
-0.330298 -0.554116 2.46433
-0.351182 -0.639175 2.39634
-0.0991295 0.122808 2.30791
-0.051776 -0.208079 2.403
-0.0457457 -0.572917 2.49248
-0.0104183 -0.647452 2.41417
-0.177672 0.592445 2.13491
-0.738948 0.140059 1.8658
-0.674862 0.189202 1.84075
0.383369 0.0798955 2.10742
0.32855 0.131791 2.08234
-0.147638 0.125955 2.33353
-0.156743 0.396146 2.22311
-0.16371 0.657209 2.10253
-0.128262 0.774947 2.00872
-0.322747 0.577557 2.10696
-0.498373 0.429183 2.04435
-0.648033 0.276517 1.95177
-0.689907 0.190424 1.89881
0.0203494 0.570122 2.1647
0.191224 0.402811 2.20065
0.341599 0.23496 2.14406
0.384295 0.166056 2.1109
-0.221078 0.123717 2.28707
-0.296363 -0.202122 2.34003
-0.327834 -0.553431 2.46512
-0.350636 -0.638415 2.39217
-0.0696715 0.124349 2.30862
-0.0299509 -0.208431 2.41224
-0.0407832 -0.568784 2.49399
-0.004844 -0.648659 2.41728
-0.162334 0.593216 2.13472
-0.725788 0.12157 1.87409
-0.659969 0.178135 1.8425
0.413553 0.0919683 2.10953
0.357457 0.141096 2.0706
-0.119584 0.116387 2.3192
-0.13728 0.392075 2.22225
-0.149831 0.656267 2.11086
-0.117205 0.775559 2.02082
-0.310345 0.5711 2.1148
-0.488162 0.419268 2.05079
-0.631475 0.263658 1.95238
-0.668002 0.184274 1.89116
0.0347632 0.570116 2.17166
0.211251 0.406495 2.20468
0.368294 0.245838 2.14552
0.414586 0.180435 2.11157
-0.193255 0.112321 2.27372
-0.267507 -0.218591 2.30939
-0.325264 -0.554896 2.46396
-0.348667 -0.638557 2.39077
-0.0422113 0.116839 2.29321
-7.97079e-005 -0.206609 2.38778
-0.0370562 -0.568736 2.49247
-0.00291525 -0.649998 2.41864
-0.14734 0.591774 2.14071
-0.701368 0.115586 1.86301
-0.63376 0.177605 1.8345
0.448594 0.109203 2.10178
0.389954 0.171529 2.07586
-0.0968269 0.0964792 2.28862
-0.121472 0.381773 2.21947
-0.13853 0.651382 2.13299
-0.109541 0.773619 2.05114
-0.30033 0.559058 2.13106
-0.473333 0.412214 2.05462
-0.612142 0.261273 1.94202
-0.647238 0.187631 1.86308
0.048964 0.561175 2.1879
0.231018 0.403738 2.21288
0.39722 0.254219 2.14986
0.448363 0.194281 2.1101
-0.171043 0.0910194 2.24314
-0.246172 -0.235619 2.26629
-0.319643 -0.562933 2.45825
-0.347941 -0.638274 2.38874
-0.0196012 0.0989119 2.26259
0.0282395 -0.216034 2.33865
-0.034 -0.573158 2.48687
-0.00288916 -0.651251 2.41903
-0.135011 0.585755 2.15545
-0.675829 0.117882 1.82561
-0.608386 0.188342 1.80171
0.487435 0.120687 2.09908
0.425653 0.181892 2.07557
-0.0970654 0.0773474 2.26392
-0.117957 0.367804 2.21673
-0.135391 0.640272 2.15342
-0.110546 0.76844 2.07638
-0.298608 0.543535 2.14298
-0.470313 0.406661 2.05415
-0.603174 0.267942 1.91913
-0.64358 0.194738 1.83507
0.0536986 0.545128 2.20169
0.239275 0.392643 2.22196
0.424877 0.260552 2.14165
0.462681 0.201078 2.1091
-0.171018 0.0725171 2.21773
-0.244696 -0.245101 2.22931
-0.320796 -0.571047 2.44812
-0.351676 -0.641022 2.37982
-0.0200661 0.0797171 2.23856
0.0281673 -0.239469 2.29639
-0.0374522 -0.57812 2.47761
-0.00305978 -0.651966 2.41945
-0.131439 0.573961 2.16999
-0.672609 0.126527 1.7909
-0.606115 0.204189 1.78333
0.505828 0.130885 2.08682
0.464897 0.209428 2.07488
-0.125786 0.0542345 2.23971
-0.131804 0.346284 2.21258
-0.140045 0.624818 2.1694
-0.114822 0.756541 2.10064
-0.30512 0.527547 2.155
-0.476859 0.398911 2.05427
-0.603127 0.260009 1.89978
-0.647674 0.204842 1.81597
0.0500753 0.518805 2.21381
0.241642 0.375576 2.22835
0.425831 0.257659 2.14932
0.471534 0.192814 2.10762
-0.199492 0.0537894 2.19287
-0.276167 -0.249335 2.19461
-0.323621 -0.574293 2.44402
-0.35268 -0.642157 2.37458
-0.0481328 0.0528377 2.21499
0.00346482 -0.262485 2.25234
-0.0450561 -0.58672 2.46554
-0.00138194 -0.656533 2.41664
-0.137875 0.557142 2.18198
-0.675458 0.143467 1.76949
-0.607179 0.225451 1.76145
0.51857 0.129226 2.09075
0.454385 0.175526 2.06957
-0.150877 0.0490329 2.23735
-0.145071 0.339423 2.21331
-0.143776 0.618712 2.17425
-0.117489 0.751902 2.10795
-0.30984 0.524769 2.1579
-0.483322 0.400929 2.05405
-0.622134 0.26266 1.89629
-0.659495 0.210006 1.82019
0.045236 0.509434 2.21715
0.237374 0.368699 2.2299
0.422367 0.252981 2.14937
0.464339 0.187041 2.10695
-0.224295 0.0513912 2.19033
-0.302443 -0.245051 2.19188
-0.323878 -0.573851 2.44218
-0.353051 -0.642663 2.37494
-0.0728091 0.045025 2.2129
-0.021989 -0.270049 2.23681
-0.0498124 -0.588582 2.459
-0.00210251 -0.656731 2.41429
-0.143679 0.550688 2.18608
-0.68607 0.147475 1.77205
-0.618169 0.229605 1.76783
0.510686 0.128673 2.08168
0.454276 0.154474 2.06333
-0.195737 0.0569241 2.25007
-0.169295 0.343394 2.21625
-0.147532 0.619979 2.17337
-0.118066 0.753279 2.10632
-0.31974 0.532166 2.15598
-0.502905 0.422455 2.0539
-0.647414 0.285365 1.93088
-0.697529 0.224706 1.83846
0.0353028 0.504552 2.2146
0.219409 0.35952 2.22834
0.399047 0.235375 2.14783
0.435154 0.167606 2.10255
-0.268138 0.0634439 2.20499
-0.341314 -0.230452 2.21559
-0.326384 -0.572941 2.44259
-0.353892 -0.646656 2.38749
-0.117192 0.0486714 2.22389
-0.0683549 -0.274166 2.23933
-0.0583482 -0.590925 2.45091
-0.00437088 -0.656572 2.41387
-0.151937 0.552388 2.18583
-0.729805 0.161487 1.80115
-0.656945 0.240453 1.7895
0.476425 0.106918 2.07759
0.416737 0.153059 2.06833
-0.213151 0.0753706 2.2727
-0.181348 0.359005 2.21859
-0.153676 0.637161 2.15565
-0.1161 0.770049 2.08642
-0.324612 0.550133 2.14289
-0.522309 0.439392 2.04686
-0.667949 0.297536 1.93139
-0.726868 0.238207 1.85256
0.02636 0.512327 2.20217
0.203034 0.361414 2.22074
0.376866 0.224896 2.14846
0.404748 0.153172 2.10603
-0.284978 0.0824406 2.22629
-0.356284 -0.220939 2.26098
-0.328663 -0.570366 2.44764
-0.352691 -0.645038 2.39116
-0.13466 0.0659353 2.24786
-0.0868716 -0.261416 2.26775
-0.0648082 -0.59359 2.45291
-0.00879699 -0.656466 2.41163
-0.160277 0.568627 2.17412
-0.766307 0.175575 1.82783
-0.683732 0.249824 1.8
0.440963 0.096095 2.09066
0.386881 0.127315 2.0652
-0.213344 0.0998159 2.29972
-0.183986 0.378174 2.22123
-0.154846 0.653848 2.13467
-0.113846 0.783674 2.06423
-0.325121 0.569351 2.12658
-0.530425 0.455684 2.04469
-0.679219 0.30918 1.9405
-0.743632 0.246915 1.86983
0.0204436 0.528365 2.18414
0.189493 0.36895 2.21351
0.354162 0.217989 2.14945
0.373771 0.143881 2.11319
-0.286116 0.106203 2.25484
-0.351238 -0.200317 2.30784
-0.33199 -0.564091 2.45437
-0.35151 -0.640768 2.39493
-0.133959 0.0904017 2.27337
-0.0846555 -0.241139 2.31664
-0.0616132 -0.588589 2.46365
-0.0103788 -0.655708 2.41128
-0.162117 0.585958 2.15935
-0.783349 0.182944 1.8484
-0.702727 0.253946 1.82125
0.403584 0.0795379 2.09504
0.352579 0.123278 2.07922
-0.189139 0.119546 2.32806
-0.172963 0.39444 2.22606
-0.151439 0.664205 2.11848
-0.114182 0.79491 2.04635
-0.322755 0.578087 2.11651
-0.530283 0.462764 2.0429
-0.68182 0.31348 1.94784
-0.743337 0.241505 1.88298
0.0230187 0.548014 2.16917
0.18471 0.374994 2.20667
0.337997 0.210084 2.14958
0.355378 0.135178 2.11863
-0.261556 0.122072 2.28264
-0.331304 -0.197817 2.34402
-0.333237 -0.561918 2.46328
-0.352058 -0.640599 2.39366
-0.110895 0.113453 2.30234
-0.0554556 -0.218311 2.37528
-0.0534498 -0.577025 2.47656
-0.0125414 -0.650271 2.4142
-0.157205 0.597599 2.14825
-0.787811 0.174395 1.862
-0.70983 0.243842 1.83536
0.380207 0.0683642 2.11487
0.330612 0.116225 2.08532
-0.159982 0.124818 2.33472
-0.15699 0.400547 2.22833
-0.148928 0.667063 2.11494
-0.114156 0.797542 2.04191
-0.317346 0.579717 2.11302
-0.525326 0.457931 2.0423
-0.66876 0.302029 1.94467
-0.723548 0.223974 1.8832
0.0291079 0.558857 2.16448
0.188533 0.379913 2.20303
0.336765 0.209482 2.14923
0.363041 0.139868 2.11728
-0.23337 0.124688 2.28894
-0.307309 -0.196392 2.34622
-0.330886 -0.55793 2.4663
-0.350799 -0.639494 2.38966
-0.0816391 0.121199 2.30917
-0.0352135 -0.212226 2.39741
-0.0458691 -0.569786 2.48624
-0.0114308 -0.648263 2.41539
-0.151925 0.601483 2.14526
-0.764444 0.155905 1.85935
-0.692971 0.226729 1.83611
0.382426 0.0682953 2.11234
0.332723 0.121848 2.08444
-0.122244 0.121157 2.32697
-0.13594 0.400009 2.22715
-0.143925 0.667798 2.11484
-0.113452 0.798516 2.04174
-0.307887 0.573141 2.11354
-0.490263 0.422656 2.05237
-0.64217 0.276554 1.95254
-0.688158 0.210078 1.88516
0.0391301 0.565661 2.16528
0.204725 0.388755 2.20543
0.349618 0.217306 2.1449
0.388314 0.151692 2.11518
-0.195671 0.118002 2.28129
-0.27999 -0.218364 2.3314
-0.328987 -0.557561 2.46639
-0.350919 -0.639141 2.39061
-0.0449574 0.120492 2.30119
-0.0110098 -0.204425 2.39986
-0.040569 -0.5701 2.48878
-0.00854506 -0.649235 2.41722
-0.142973 0.602339 2.14509
-0.727432 0.140211 1.85145
-0.66231 0.203858 1.8245
0.410997 0.0760326 2.11884
0.357252 0.129445 2.08022
-0.0808564 0.103368 2.30214
-0.107572 0.388853 2.22224
-0.128864 0.662021 2.1262
-0.10657 0.797251 2.05483
-0.289257 0.554541 2.11946
-0.472227 0.404005 2.04808
-0.610882 0.249268 1.94101
-0.648721 0.16735 1.86393
0.0581813 0.563618 2.17464
0.234752 0.396877 2.21047
0.394962 0.241639 2.14526
0.439358 0.178829 2.10918
-0.155094 0.0966629 2.25642
-0.240766 -0.23232 2.28936
-0.322608 -0.561549 2.46356
-0.350514 -0.639871 2.38848
-0.00411369 0.106817 2.27635
0.0298831 -0.212275 2.37347
-0.0344531 -0.573553 2.4893
-0.0033806 -0.651758 2.41724
-0.124469 0.595516 2.15235
-0.67903 0.0992834 1.83411
-0.615147 0.173775 1.8095
0.466768 0.104725 2.10489
0.410804 0.153732 2.0672
-0.066976 0.0860076 2.27849
-0.0958631 0.376976 2.21681
-0.119637 0.653482 2.1373
-0.100973 0.792147 2.06807
-0.280791 0.541933 2.12356
-0.458545 0.393884 2.0379
-0.590363 0.233207 1.93061
-0.62336 0.155101 1.84562
0.0714269 0.554351 2.18349
0.254192 0.395415 2.21566
0.424202 0.254523 2.14277
0.471812 0.194265 2.10319
-0.141628 0.0791996 2.23262
-0.220485 -0.238761 2.25641
-0.319158 -0.566089 2.457
-0.349975 -0.640296 2.3857
0.00975934 0.0900821 2.25279
0.0453151 -0.232086 2.33097
-0.0341416 -0.575317 2.48333
-0.00396205 -0.653062 2.41972
-0.1146 0.586422 2.15895
-0.65088 0.0879113 1.8133
-0.588946 0.166012 1.78944
0.505217 0.122466 2.0952
0.449156 0.177269 2.07062
-0.0648428 0.0671944 2.25566
-0.0913522 0.361213 2.20944
-0.115669 0.64105 2.14562
-0.0952108 0.779509 2.08274
-0.27468 0.529025 2.12852
-0.452277 0.382997 2.02737
-0.581922 0.224457 1.91387
-0.615276 0.150179 1.81877
0.0792221 0.535908 2.19042
0.265128 0.389089 2.21919
0.445689 0.266511 2.13871
0.49423 0.210226 2.10626
-0.139323 0.0618531 2.20954
-0.218726 -0.245661 2.22041
-0.321122 -0.570346 2.44728
-0.351418 -0.641417 2.38017
0.0116516 0.0703671 2.23017
0.0513825 -0.248366 2.28976
-0.0342446 -0.582956 2.47097
-0.0023138 -0.657389 2.41821
-0.110171 0.573307 2.16354
-0.642059 0.0864487 1.78736
-0.576681 0.17048 1.76833
0.538657 0.140979 2.09135
0.479979 0.196765 2.06678
-0.0759341 0.0483259 2.23898
-0.094382 0.343355 2.20484
-0.112861 0.624363 2.15536
-0.0919712 0.764852 2.09325
-0.273694 0.513976 2.13302
-0.451015 0.378452 2.02256
-0.578335 0.225203 1.89883
-0.618459 0.160417 1.80049
0.0819409 0.51418 2.19742
0.273499 0.374753 2.22273
0.458706 0.262382 2.13795
0.508644 0.19877 2.10457
-0.149876 0.0455793 2.19107
-0.232551 -0.250658 2.19033
-0.325273 -0.57432 2.43827
-0.353575 -0.644291 2.37303
0.000382454 0.0494244 2.2153
0.0409011 -0.26607 2.25345
-0.0396669 -0.587927 2.46651
-0.00228328 -0.660504 2.41595
-0.10852 0.55614 2.16964
-0.645196 0.0968724 1.76369
-0.576835 0.180752 1.7515
0.554169 0.135058 2.07935
0.530075 0.202024 2.09393
-0.114571 0.0370684 2.22933
-0.111098 0.330398 2.20139
-0.113629 0.613689 2.15926
-0.0906589 0.755091 2.09835
-0.276007 0.507597 2.13417
-0.456424 0.373438 2.01537
-0.580366 0.234482 1.87168
-0.625337 0.170782 1.78789
0.0782988 0.496616 2.19941
0.270189 0.356035 2.22329
0.457551 0.241229 2.14836
0.498049 0.177585 2.10308
-0.188942 0.0384884 2.18326
-0.279275 -0.258449 2.18207
-0.328286 -0.572012 2.4321
-0.354063 -0.644112 2.36983
-0.0368196 0.0344683 2.20389
-0.00174168 -0.28158 2.22145
-0.0505333 -0.593579 2.45345
-0.00225965 -0.66176 2.41303
-0.112232 0.544707 2.17204
-0.654172 0.108892 1.75297
-0.580548 0.19106 1.73722
0.540552 0.118794 2.07728
0.498591 0.148742 2.101
-0.151844 0.0500225 2.23494
-0.130953 0.338974 2.19837
-0.116475 0.618793 2.15231
-0.0918936 0.759254 2.08921
-0.282533 0.516891 2.13134
-0.458522 0.395263 2.01493
-0.591085 0.247051 1.89065
-0.6308 0.180421 1.79775
0.0702891 0.49622 2.18624
0.257159 0.348999 2.21269
0.442596 0.225293 2.1493
0.474919 0.15819 2.10604
-0.225773 0.0552721 2.19234
-0.310121 -0.237339 2.20054
-0.327305 -0.572954 2.43539
-0.354176 -0.644308 2.37222
-0.0731861 0.0433338 2.20621
-0.0352234 -0.278734 2.21886
-0.0559499 -0.592735 2.44512
-0.00366173 -0.658562 2.41328
-0.118996 0.550138 2.16595
-0.657773 0.118651 1.76621
-0.588064 0.199899 1.75267
0.516729 0.0971688 2.07797
0.446683 0.15112 2.11208
-0.17502 0.0729292 2.24905
-0.146629 0.358474 2.19545
-0.122176 0.637382 2.13123
-0.0944073 0.775435 2.06566
-0.291346 0.546372 2.12058
-0.468084 0.41555 2.01205
-0.601443 0.266556 1.88969
-0.64117 0.190061 1.81049
0.0588798 0.510112 2.16354
0.237095 0.354058 2.19581
0.41402 0.213376 2.1464
0.442287 0.145429 2.10416
-0.247852 0.0792208 2.20774
-0.330583 -0.218214 2.2426
-0.327953 -0.571037 2.44272
-0.353737 -0.642582 2.37879
-0.0966659 0.064353 2.21911
-0.063107 -0.25934 2.24219
-0.0614181 -0.590248 2.44669
-0.00885322 -0.655996 2.41191
-0.128053 0.568826 2.14986
-0.667031 0.1259 1.7809
-0.598329 0.206545 1.76327
0.479755 0.0832594 2.08847
0.482035 0.0994954 2.09033
-0.182572 0.100391 2.27743
-0.153187 0.380552 2.19593
-0.125699 0.657778 2.10464
-0.0965229 0.791487 2.03627
-0.29604 0.568048 2.1054
-0.479495 0.433348 2.00918
-0.610421 0.272308 1.90113
-0.661731 0.194454 1.83228
0.0485685 0.528393 2.14239
0.220663 0.357446 2.18115
0.386335 0.202023 2.1372
0.400774 0.133267 2.09402
-0.255462 0.106147 2.23678
-0.330454 -0.20169 2.29577
-0.329905 -0.567055 2.45342
-0.352167 -0.641106 2.38576
-0.103959 0.0914904 2.2468
-0.0666561 -0.234707 2.3046
-0.0614801 -0.585334 2.45964
-0.0113677 -0.653233 2.41219
-0.132537 0.589661 2.13066
-0.693413 0.127411 1.81007
-0.619997 0.203338 1.7832
0.4294 0.0664048 2.07581
0.370243 0.123715 2.09364
-0.173435 0.113714 2.29988
-0.151317 0.389129 2.19927
-0.126627 0.661861 2.09475
-0.0973316 0.795515 2.02272
-0.297062 0.574104 2.09808
-0.479128 0.435657 2.01637
-0.614239 0.276125 1.9117
-0.660649 0.206862 1.85994
0.0458853 0.537775 2.13582
0.212842 0.360308 2.17685
0.366958 0.193199 2.13267
0.378533 0.12501 2.08948
-0.246784 0.117977 2.25843
-0.316777 -0.201712 2.33699
-0.329432 -0.563386 2.46116
-0.350886 -0.639805 2.38984
-0.0947001 0.105955 2.27
-0.0494975 -0.218921 2.35545
-0.0547059 -0.575116 2.47036
-0.0123156 -0.652546 2.41307
-0.132834 0.594583 2.12415
-0.692517 0.136249 1.82471
-0.625552 0.194055 1.80314
0.404642 0.0535975 2.08096
0.357908 0.110256 2.05404
-0.153653 0.122502 2.3186
-0.14287 0.395334 2.20499
-0.125667 0.662892 2.0892
-0.0959581 0.796444 2.0162
-0.294371 0.575841 2.09283
-0.474008 0.426343 2.02506
-0.614703 0.271385 1.92118
-0.660163 0.185145 1.86781
0.0492302 0.546132 2.1331
0.211035 0.362869 2.17706
0.359361 0.190825 2.1312
0.373316 0.121248 2.09573
-0.22775 0.124162 2.27562
-0.306799 -0.197122 2.34821
-0.327809 -0.556077 2.46572
-0.350622 -0.639109 2.38925
-0.0748205 0.117175 2.29035
-0.0346477 -0.197451 2.39017
-0.0467282 -0.562219 2.4787
-0.0127828 -0.649138 2.41664
-0.130895 0.596592 2.1209
-0.691539 0.120853 1.84236
-0.629659 0.17982 1.81486
0.393952 0.0499527 2.08669
0.346083 0.10909 2.07121
-0.125916 0.123126 2.32258
-0.126994 0.397734 2.20876
-0.122776 0.663207 2.08765
-0.0924388 0.797293 2.01684
-0.285107 0.572369 2.08816
-0.463818 0.410622 2.02785
-0.605611 0.251733 1.93253
-0.638178 0.180873 1.88494
0.0587544 0.554372 2.13807
0.21638 0.367628 2.18509
0.358331 0.190824 2.13629
0.383642 0.123788 2.11322
-0.200421 0.121496 2.27775
-0.286974 -0.211757 2.34629
-0.326913 -0.55511 2.46653
-0.350705 -0.638873 2.38959
-0.0472217 0.12097 2.29602
-0.0226739 -0.19928 2.40249
-0.0427323 -0.563958 2.48498
-0.0105973 -0.648554 2.41832
-0.124995 0.597823 2.1198
-0.670305 0.113725 1.84728
-0.617557 0.162928 1.828
0.405017 0.0448476 2.11485
0.364697 0.11682 2.07486
-0.0883827 0.109653 2.30409
-0.104878 0.393321 2.20816
-0.114376 0.663889 2.09588
-0.0800323 0.799781 2.03516
-0.270083 0.563506 2.08915
-0.442284 0.385317 2.02355
-0.580639 0.221931 1.93089
-0.608374 0.148674 1.87732
0.0758592 0.557456 2.15592
0.232243 0.373148 2.206
0.379862 0.199473 2.16614
0.415117 0.137267 2.1353
-0.161513 0.105692 2.25536
-0.248133 -0.225152 2.29608
-0.323282 -0.561163 2.46463
-0.351196 -0.638692 2.39
-0.0125282 0.11017 2.2812
0.0200676 -0.214281 2.37344
-0.0381602 -0.568666 2.48716
-0.00948008 -0.649433 2.41975
-0.113104 0.597796 2.12599
-0.63433 0.0792281 1.84217
-0.590573 0.140325 1.82078
0.441223 0.060355 2.13723
0.414531 0.134247 2.09539
-0.0768618 0.0963399 2.28982
-0.0961729 0.385866 2.20714
-0.108721 0.660356 2.10826
-0.0742523 0.797743 2.05109
-0.262969 0.555057 2.09208
-0.433515 0.373393 2.02018
-0.566813 0.207797 1.92354
-0.591941 0.13732 1.86756
0.0823357 0.552939 2.16796
0.237435 0.373056 2.21831
0.390309 0.204 2.17918
0.431549 0.144314 2.14688
-0.150115 0.0913818 2.23902
-0.233876 -0.232119 2.26796
-0.321136 -0.565859 2.46149
-0.350808 -0.639756 2.38673
-0.0012713 0.0982135 2.2689
0.0385673 -0.230225 2.34302
-0.0374042 -0.57267 2.4844
-0.00647191 -0.651859 2.41993
-0.106478 0.593491 2.13434
-0.616037 0.0703228 1.83189
-0.573454 0.130459 1.80487
0.461573 0.0662101 2.14058
0.449875 0.152496 2.12865
