0.0906509 0.196304 2.23865
0.075176 0.502366 2.17389
0.059278 0.79564 2.09642
0.0774709 0.932486 2.04708
-0.113006 0.685513 2.13413
-0.312527 0.490592 2.16058
-0.471946 0.365733 2.11391
-0.498573 0.348852 2.09759
0.251247 0.685794 2.14038
0.447091 0.507298 2.16232
0.608548 0.39968 2.08571
0.665878 0.352422 2.05458
0.0060135 0.188721 2.20114
-0.0688073 -0.1456 2.32085
-0.148566 -0.474386 2.47175
-0.146594 -0.538774 2.34632
0.172224 0.197454 2.20235
0.202791 -0.153814 2.3362
0.18608 -0.489449 2.50532
0.183694 -0.578921 2.45474
0.0631596 0.724121 2.11803
-0.573088 0.29199 2.09985
-0.527607 0.301033 2.04357
0.714048 0.298415 2.04609
0.671837 0.359748 2.01344
0.0914957 0.197033 2.2413
0.0752035 0.502301 2.17362
0.0590105 0.794682 2.09365
0.0796424 0.930513 2.0424
-0.112592 0.685623 2.13002
-0.310534 0.488384 2.15363
-0.467401 0.360831 2.10486
-0.49576 0.336773 2.09165
0.250977 0.685887 2.14114
0.446121 0.508239 2.1729
0.608558 0.397649 2.10401
0.663813 0.348289 2.07562
0.00681791 0.189394 2.20283
-0.0691224 -0.14589 2.3216
-0.1482 -0.474733 2.47235
-0.144783 -0.539348 2.34711
0.173089 0.19819 2.20617
0.202418 -0.153728 2.33846
0.185787 -0.489139 2.50537
0.183417 -0.578686 2.45525
0.0630841 0.723445 2.11595
-0.570549 0.272219 2.08545
-0.519455 0.288177 2.03823
0.71429 0.296575 2.06661
0.677121 0.368197 2.05782
0.0862112 0.198188 2.24291
0.0728716 0.502205 2.173
0.058114 0.793673 2.09126
0.0781374 0.929688 2.03854
-0.113764 0.685752 2.12824
-0.310283 0.487332 2.15315
-0.468243 0.360508 2.10667
-0.502618 0.35139 2.09944
0.250301 0.686513 2.14219
0.44703 0.512502 2.17552
0.611715 0.403769 2.10971
0.665999 0.3567 2.06784
0.00168532 0.190973 2.2043
-0.0723448 -0.144739 2.32122
-0.149516 -0.475849 2.4722
-0.145225 -0.540632 2.34714
0.167802 0.198886 2.20785
0.199437 -0.153742 2.33936
0.186259 -0.487056 2.50408
0.182412 -0.57666 2.45421
0.0619514 0.722636 2.11395
-0.565233 0.300751 2.07999
-0.52433 0.307898 2.05305
0.716912 0.299752 2.05838
0.679324 0.376759 2.048
-0.019577 0.203389 2.24295
0.0144854 0.504674 2.17549
0.0446295 0.795 2.09719
0.059796 0.928407 2.03994
-0.137639 0.708595 2.1527
-0.340435 0.527795 2.21031
-0.506822 0.408538 2.18294
-0.574642 0.378464 2.17726
0.217839 0.667718 2.1254
0.386388 0.478622 2.11673
0.52476 0.339895 2.04327
0.569045 0.269995 1.98661
-0.100214 0.209533 2.20974
-0.149932 -0.145386 2.32193
-0.157231 -0.482881 2.46899
-0.166733 -0.546715 2.34405
0.0615118 0.190473 2.20253
0.125503 -0.153987 2.30752
0.182417 -0.497372 2.5015
0.165845 -0.586401 2.45621
0.0379722 0.723975 2.11892
-0.638412 0.329693 2.19851
-0.574353 0.35856 2.13719
0.603214 0.206675 1.97038
0.542147 0.237023 1.95312
-0.0266523 0.225141 2.34261
-0.0111241 0.50051 2.20108
0.00950073 0.766813 2.06166
0.030916 0.888855 1.98378
-0.172612 0.706153 2.11961
-0.389937 0.553819 2.19421
-0.559789 0.439413 2.19268
-0.633437 0.406388 2.18073
0.180168 0.660274 2.1099
0.334039 0.460154 2.13398
0.453183 0.300739 2.05897
0.493778 0.2291 2.0359
-0.109535 0.22842 2.30697
-0.157056 -0.117159 2.38764
-0.165192 -0.478145 2.47787
-0.171834 -0.550839 2.36024
0.0572108 0.214887 2.30474
0.120039 -0.143428 2.38024
0.183791 -0.49755 2.50888
0.161828 -0.582674 2.44791
0.00565077 0.703294 2.10045
-0.709057 0.364062 2.20905
-0.641802 0.370424 2.14019
0.516439 0.161847 2.02928
0.534142 0.236741 2.03386
0.111487 0.215399 2.3199
0.0791108 0.498801 2.20843
0.05276 0.770106 2.08214
0.0650766 0.898164 2.01508
-0.118835 0.673833 2.13458
-0.31592 0.496395 2.17798
-0.474849 0.367141 2.14928
-0.506098 0.344138 2.13718
0.242893 0.688287 2.13011
0.451845 0.520465 2.16482
0.61043 0.399942 2.1052
0.673502 0.357271 2.075
0.0264064 0.20481 2.28638
-0.0606159 -0.141246 2.36074
-0.14779 -0.4754 2.48098
-0.152366 -0.565692 2.43799
0.193044 0.219114 2.27978
0.220302 -0.128569 2.38437
0.188344 -0.488319 2.51518
0.188261 -0.576582 2.45819
0.0586817 0.703779 2.11536
-0.586009 0.289355 2.14418
-0.538595 0.289973 2.08975
0.721855 0.297877 2.07149
0.709348 0.371796 2.07069
0.100379 0.18827 2.22738
0.0919565 0.495 2.19078
0.0759541 0.786222 2.13175
0.0921481 0.924654 2.08436
-0.0986387 0.674946 2.1661
-0.297649 0.483776 2.18865
-0.461964 0.363968 2.14791
-0.493977 0.363788 2.1368
0.271809 0.680386 2.173
0.477594 0.519917 2.17894
0.639923 0.418414 2.09575
0.687572 0.368721 2.05699
0.0174883 0.18221 2.19016
-0.0655503 -0.155829 2.28783
-0.147917 -0.493823 2.46883
-0.163922 -0.582609 2.43036
0.179813 0.187926 2.19083
0.220345 -0.16427 2.31555
0.194604 -0.496247 2.50065
0.186602 -0.586234 2.45585
0.0798474 0.714773 2.14637
-0.556209 0.315882 2.10266
-0.521586 0.32224 2.08658
0.734649 0.319085 2.03712
0.703115 0.387971 2.03141
-0.0305587 0.19047 2.22086
0.00237531 0.496257 2.18051
0.0313975 0.789872 2.13077
0.0675951 0.928515 2.08709
-0.152151 0.697106 2.16086
-0.380427 0.538308 2.18536
-0.55568 0.435547 2.14736
-0.592576 0.437821 2.13457
0.209996 0.651059 2.17121
0.378568 0.471075 2.1814
0.529305 0.342597 2.11606
0.57442 0.278075 2.07464
-0.111517 0.196356 2.17904
-0.162671 -0.152347 2.28676
-0.166159 -0.491474 2.46368
-0.163557 -0.554326 2.33733
0.0513388 0.178234 2.18904
0.119516 -0.159288 2.29114
0.181659 -0.498703 2.49683
0.170518 -0.588799 2.45764
0.0246312 0.718243 2.14522
-0.658675 0.402641 2.10626
-0.610511 0.42821 2.09592
0.618183 0.215618 2.05809
0.587148 0.276316 2.02652
-0.0810097 0.213488 2.31833
-0.0455606 0.495216 2.18805
-0.01943 0.76592 2.05598
0.0194966 0.896517 1.99635
-0.197043 0.695802 2.10162
-0.434288 0.564868 2.15569
-0.612253 0.463939 2.14138
-0.654768 0.452697 2.12911
0.154674 0.649508 2.13026
0.329112 0.46784 2.17886
0.484589 0.336746 2.13797
0.544484 0.277101 2.1256
-0.162911 0.220471 2.27649
-0.200638 -0.118697 2.35086
-0.18025 -0.485652 2.47002
-0.175951 -0.557301 2.35107
0.00346993 0.199739 2.28658
0.0801056 -0.139368 2.3539
0.177529 -0.500874 2.49975
0.169519 -0.588533 2.44166
-0.0254702 0.700859 2.09374
-0.721519 0.411294 2.10818
-0.601896 0.503626 2.0992
0.591487 0.207799 2.12988
0.571774 0.28607 2.109
0.0238771 0.232704 2.36668
-0.00507956 0.493496 2.20481
-0.0282846 0.746518 2.033
-0.0063788 0.872648 1.96272
-0.199267 0.65928 2.08424
-0.41084 0.503323 2.13041
-0.576989 0.383382 2.11329
-0.640991 0.334889 2.10242
0.159565 0.666292 2.09842
0.385235 0.536315 2.14209
0.567182 0.443923 2.11498
0.643743 0.408449 2.09523
-0.0591114 0.223522 2.32863
-0.122375 -0.123788 2.40825
-0.164842 -0.47758 2.48911
-0.159458 -0.555162 2.37596
0.10654 0.234655 2.33105
0.158373 -0.125792 2.42179
0.181639 -0.478315 2.51843
0.168725 -0.565422 2.45827
-0.0238355 0.684954 2.07819
-0.714554 0.286764 2.1172
-0.662434 0.3229 2.11067
0.705061 0.354272 2.10011
0.675839 0.420432 2.0795
0.086228 0.206572 2.2771
0.0487718 0.499942 2.19173
0.0189883 0.783646 2.08599
0.0293129 0.92281 2.04003
-0.149692 0.666479 2.13219
-0.338183 0.478841 2.16178
-0.495196 0.347853 2.13001
-0.534847 0.31851 2.12101
0.214133 0.689199 2.12673
0.437827 0.564715 2.1306
0.618059 0.480598 2.0722
0.683194 0.44134 2.02821
0.00243114 0.194462 2.24081
-0.0760482 -0.14959 2.31554
-0.154567 -0.488018 2.47337
-0.167537 -0.577471 2.4381
0.167196 0.211989 2.23974
0.208586 -0.145801 2.35697
0.186027 -0.488435 2.51372
0.18589 -0.577352 2.4598
0.0258723 0.713532 2.11218
-0.610613 0.252039 2.1265
-0.55768 0.275594 2.07125
0.74295 0.389692 2.00599
0.696564 0.466577 2.00975
-0.0334572 0.190919 2.21716
3.69407e-005 0.498653 2.18391
0.0261722 0.794257 2.13471
0.0443971 0.935937 2.09527
-0.152616 0.690055 2.16921
-0.349854 0.493238 2.17723
-0.506528 0.366127 2.12721
-0.544093 0.365749 2.1112
0.208716 0.659255 2.16472
0.391497 0.506022 2.1451
0.555015 0.397315 2.07493
0.613355 0.340354 2.02232
-0.114608 0.196838 2.17951
-0.163962 -0.151407 2.28594
-0.166673 -0.494054 2.46392
-0.168283 -0.556623 2.33747
0.0485949 0.178644 2.18114
0.116675 -0.167251 2.28563
0.180124 -0.504605 2.49914
0.166996 -0.594113 2.45506
0.0210344 0.721973 2.14883
-0.607373 0.321594 2.08544
-0.566114 0.327456 2.05633
0.660992 0.284305 1.98941
0.632728 0.341908 1.98036
-0.105519 0.200509 2.30007
-0.0461274 0.49206 2.19632
0.0049968 0.771403 2.09276
0.0438644 0.912249 2.04822
-0.173871 0.693243 2.13081
-0.405964 0.540767 2.15666
-0.576592 0.432225 2.11178
-0.615492 0.418916 2.10028
0.168167 0.628663 2.15002
0.326673 0.444514 2.16934
0.470911 0.306825 2.10769
0.518463 0.231902 2.08515
-0.185595 0.21396 2.25998
-0.216576 -0.128107 2.3506
-0.184179 -0.485483 2.47102
-0.182402 -0.553229 2.34854
-0.0220899 0.180674 2.26661
0.0563281 -0.15732 2.32474
0.168602 -0.51217 2.49842
0.171818 -0.599451 2.43945
-0.00766155 0.704312 2.12384
-0.677296 0.377929 2.08041
-0.637755 0.400547 2.059
0.566416 0.173127 2.07265
0.537921 0.241832 2.05984
-0.00737744 0.235819 2.36987
-0.00855217 0.501246 2.21433
-0.00180225 0.759174 2.05428
0.0253087 0.886986 1.98859
-0.177836 0.684798 2.09808
-0.39229 0.51314 2.13424
-0.555524 0.389603 2.1078
-0.588883 0.354835 2.10238
0.178286 0.663831 2.12164
0.373047 0.495007 2.17605
0.532366 0.367942 2.13931
0.595039 0.315489 2.12553
-0.0904236 0.232979 2.32878
-0.148949 -0.11899 2.40502
-0.168425 -0.477594 2.48775
-0.163958 -0.553776 2.37306
0.0761653 0.231404 2.33746
0.130852 -0.133071 2.40514
0.174866 -0.492585 2.50915
0.163466 -0.580149 2.45105
-0.00504587 0.69626 2.09667
-0.666646 0.300539 2.10709
-0.547448 0.353021 2.10663
0.641216 0.256103 2.12485
0.645765 0.308776 2.12764
0.119681 0.207312 2.31078
0.0693937 0.493229 2.20684
0.0300964 0.765202 2.08391
0.0361904 0.901991 2.02955
-0.136755 0.650653 2.12596
-0.314218 0.458358 2.16378
-0.468251 0.323386 2.13368
-0.525051 0.269191 2.12522
0.224202 0.682097 2.12572
0.450094 0.548424 2.1451
0.624385 0.452579 2.08593
0.691068 0.418396 2.04601
0.0350904 0.193071 2.27495
-0.0530012 -0.145717 2.3268
-0.150965 -0.486643 2.47498
-0.158811 -0.576787 2.43695
0.20047 0.214966 2.27299
0.231052 -0.127548 2.38438
0.18617 -0.488612 2.5121
0.196594 -0.577032 2.45997
0.0393551 0.697945 2.1141
-0.589561 0.211947 2.14146
-0.530663 0.240313 2.07808
0.748554 0.365268 2.03768
0.718867 0.432871 2.0295
0.0578764 0.193149 2.23037
0.0531358 0.497847 2.19255
0.0369589 0.78945 2.13368
0.0431486 0.932064 2.09373
-0.138511 0.676245 2.18268
-0.319881 0.472274 2.20743
-0.479428 0.345019 2.17199
-0.549079 0.312328 2.1598
0.233458 0.680962 2.15684
0.449694 0.546916 2.13721
0.612624 0.457363 2.04066
0.661619 0.409499 1.99047
-0.023951 0.188438 2.19628
-0.0971972 -0.163301 2.28551
-0.15667 -0.495874 2.46824
-0.163603 -0.585994 2.43217
0.137549 0.191334 2.19066
0.190649 -0.172466 2.31505
0.188088 -0.496896 2.50188
0.186626 -0.586424 2.45202
0.0416798 0.717595 2.14899
-0.606785 0.253322 2.17931
-0.54764 0.294809 2.11317
0.711081 0.360195 1.96277
0.670865 0.423684 1.95104
-0.0968395 0.190957 2.25507
-0.0400483 0.490247 2.19146
0.00615021 0.776645 2.11968
0.0398834 0.917286 2.07771
-0.174916 0.696322 2.16652
-0.402468 0.536384 2.19009
-0.57473 0.43135 2.14297
-0.605598 0.426408 2.12844
0.17599 0.630592 2.15048
0.338289 0.454184 2.14219
0.481534 0.323826 2.06206
0.532759 0.243953 2.00688
-0.176249 0.202688 2.21704
-0.21704 -0.139414 2.30008
-0.182539 -0.492045 2.46353
-0.189144 -0.555546 2.33812
-0.0143068 0.172947 2.21957
0.0708945 -0.176911 2.29356
0.171089 -0.514219 2.49515
0.173015 -0.601213 2.43483
-0.00478577 0.707367 2.14102
-0.670677 0.384968 2.10459
-0.631827 0.385983 2.08191
0.570969 0.178134 1.9844
0.507709 0.223974 1.9765
-0.0799754 0.224268 2.34822
-0.054847 0.488808 2.19637
-0.0255307 0.745636 2.03894
0.0143834 0.870307 1.96711
-0.199383 0.68902 2.08834
-0.427543 0.536814 2.13163
-0.595375 0.419431 2.11091
-0.655218 0.36959 2.09823
0.145037 0.635218 2.10981
0.31054 0.446105 2.15567
0.454914 0.302642 2.11369
0.510597 0.237414 2.10648
-0.163074 0.231412 2.30951
-0.200873 -0.11683 2.37562
-0.185966 -0.484157 2.47565
-0.185716 -0.559776 2.36052
0.00571544 0.210285 2.31344
0.0796542 -0.137344 2.38413
0.167821 -0.500099 2.50171
0.170257 -0.586566 2.43879
-0.0319983 0.684106 2.0828
-0.724752 0.326855 2.11176
-0.653408 0.340601 2.05855
0.547152 0.170506 2.10671
0.481581 0.201267 2.09489
0.0578966 0.221614 2.33068
0.0286378 0.487298 2.18355
0.00361632 0.741067 2.02188
0.0269531 0.867237 1.9537
-0.163428 0.656651 2.07275
-0.35311 0.463317 2.11711
-0.501233 0.321163 2.09312
-0.550132 0.261076 2.0829
0.192811 0.663731 2.08662
0.409339 0.511228 2.13227
0.57781 0.399019 2.08856
0.639824 0.356391 2.06673
-0.0260296 0.211997 2.29271
-0.10398 -0.141201 2.35597
-0.165487 -0.483452 2.48086
-0.160118 -0.559032 2.36567
0.140094 0.224147 2.29499
0.182678 -0.126711 2.39663
0.179993 -0.483084 2.51316
0.176523 -0.571472 2.45609
0.00929853 0.679321 2.0645
-0.612669 0.203346 2.10113
-0.550992 0.226272 2.03485
0.687747 0.295538 2.06991
0.617333 0.314255 2.05122
