-0.0406673 -0.0635084 2.25294
-0.0347237 0.239455 2.23437
-0.0286498 0.532156 2.20326
-0.0213277 0.675703 2.17923
-0.189488 0.410523 2.18383
-0.29296 0.182561 2.19439
-0.410458 -0.00288198 2.2034
-0.444151 -0.0527403 2.18345
0.133234 0.41721 2.21533
0.234108 0.181739 2.27301
0.37079 0.0190806 2.31928
0.414666 -0.0304582 2.30122
-0.114412 -0.0635357 2.21525
-0.118801 -0.345661 2.31117
-0.120042 -0.649979 2.38455
-0.130561 -0.731141 2.3188
0.0343604 -0.061435 2.21931
0.0350344 -0.353531 2.32537
0.0167129 -0.646877 2.39465
0.0267434 -0.731169 2.32729
-0.0302119 0.460418 2.21321
-0.474694 -0.106804 2.20485
-0.445488 -0.0853609 2.1732
0.464489 -0.0768491 2.35065
0.412673 -0.0441105 2.26265
-0.0406454 -0.0636457 2.25279
-0.0347075 0.239407 2.23436
-0.0286105 0.532119 2.20333
-0.02108 0.675682 2.17879
-0.189471 0.410465 2.18383
-0.293227 0.182072 2.19423
-0.410884 -0.00325245 2.20331
-0.444965 -0.0526787 2.18467
0.133797 0.4168 2.21517
0.234956 0.18156 2.27252
0.37136 0.0188745 2.31934
0.412494 -0.0295821 2.29804
-0.114396 -0.0636047 2.21516
-0.118608 -0.345687 2.31096
-0.12021 -0.649932 2.3844
-0.130496 -0.73107 2.3187
0.0343803 -0.0616591 2.21911
0.0352876 -0.353179 2.32503
0.0167152 -0.646907 2.39465
0.0266415 -0.731112 2.32689
-0.0301809 0.460382 2.21325
-0.479315 -0.109653 2.20968
-0.452909 -0.083616 2.1889
0.464121 -0.0757908 2.34598
0.409624 -0.0440676 2.26197
-0.0400391 -0.0641657 2.25194
-0.0342728 0.239061 2.23403
-0.0282271 0.531838 2.20339
-0.0206772 0.675719 2.17852
-0.188923 0.410474 2.18353
-0.293466 0.181379 2.19387
-0.411673 -0.0035784 2.20296
-0.444919 -0.0544198 2.18325
0.134411 0.416197 2.215
0.235077 0.181862 2.27184
0.372158 0.0192635 2.3173
0.410676 -0.0310608 2.29635
-0.113818 -0.0643879 2.21461
-0.118633 -0.345611 2.31009
-0.12043 -0.649163 2.38395
-0.130523 -0.731039 2.31875
0.0350043 -0.0618788 2.21787
0.0354966 -0.352886 2.32455
0.0168314 -0.646811 2.39431
0.0271912 -0.73075 2.32642
-0.0297981 0.460103 2.21322
-0.475973 -0.107029 2.20528
-0.44797 -0.0296727 2.17029
0.458182 -0.0758688 2.34824
0.41794 -0.0516081 2.26825
-0.0392891 -0.065128 2.25119
-0.033506 0.2385 2.23348
-0.0274897 0.531594 2.20317
-0.0196062 0.675069 2.17812
-0.188684 0.410326 2.18328
-0.293175 0.182142 2.19319
-0.411443 -0.00283118 2.20178
-0.441758 -0.0543057 2.18477
0.133031 0.416474 2.2173
0.235114 0.1813 2.27133
0.371288 0.0182065 2.31753
0.406679 -0.0329147 2.29444
-0.113042 -0.0653102 2.21379
-0.118665 -0.345674 2.30934
-0.12042 -0.649242 2.38385
-0.130861 -0.730847 2.31909
0.0357312 -0.0628233 2.21719
0.035825 -0.352611 2.32368
0.0168924 -0.646755 2.39419
0.0273679 -0.730466 2.3254
-0.0290446 0.45979 2.21291
-0.472911 -0.107859 2.20585
-0.416746 -0.041852 2.17736
0.453866 -0.0761602 2.32774
0.408218 -0.0466786 2.25628
-0.0389326 -0.0651274 2.25081
-0.0331125 0.23841 2.23307
-0.0270843 0.531471 2.20278
-0.0189075 0.674969 2.17806
-0.188385 0.410329 2.18333
-0.292933 0.182574 2.19287
-0.411033 -0.00250754 2.20144
-0.441782 -0.0541554 2.1861
0.134641 0.415652 2.21681
0.234864 0.180801 2.27173
0.370354 0.0170371 2.31765
0.405901 -0.0343807 2.29861
-0.112717 -0.0652412 2.21325
-0.1186 -0.345503 2.30873
-0.120379 -0.649531 2.38388
-0.129919 -0.730409 2.31807
0.0361413 -0.0629161 2.21696
0.0359678 -0.352444 2.32335
0.0170409 -0.646424 2.39415
0.0275637 -0.730155 2.3253
-0.0286355 0.459669 2.21252
-0.473255 -0.109633 2.20928
-0.418808 -0.0469444 2.18005
0.455173 -0.0820355 2.34099
0.410343 -0.0479075 2.26237
-0.0387358 -0.0649817 2.25042
-0.0329121 0.23844 2.23294
-0.0268635 0.531468 2.20282
-0.0184987 0.674677 2.17773
-0.188026 0.410366 2.18325
-0.292818 0.183204 2.19278
-0.410435 -0.00213347 2.20184
-0.44175 -0.0536438 2.18814
0.135547 0.415063 2.21685
0.234691 0.180492 2.27188
0.369567 0.0163408 2.31813
0.406419 -0.0337382 2.30335
-0.112529 -0.0652008 2.21293
-0.118666 -0.345716 2.30865
-0.120389 -0.649456 2.38389
-0.130035 -0.73016 2.31817
0.0363864 -0.0627142 2.21656
0.0359471 -0.352434 2.32309
0.0170059 -0.646448 2.39412
0.0274707 -0.730419 2.3268
-0.028423 0.459668 2.21251
-0.472882 -0.107704 2.2084
-0.4368 -0.0472813 2.14983
0.455172 -0.0820355 2.34099
0.40977 -0.0464576 2.26293
-0.0376613 -0.0644367 2.24903
-0.0325788 0.238571 2.23247
-0.0268569 0.531455 2.2028
-0.0178932 0.67454 2.17729
-0.18791 0.410355 2.18321
-0.292929 0.183141 2.19274
-0.409969 -0.00268383 2.20071
-0.420874 -0.0210318 2.18631
0.132965 0.415886 2.2196
0.234284 0.179994 2.27231
0.369027 0.0159798 2.31921
0.403381 -0.0322787 2.30337
-0.111501 -0.0649218 2.21146
-0.117107 -0.347739 2.30644
-0.119972 -0.649845 2.38423
-0.129886 -0.729756 2.3179
0.0374469 -0.0619291 2.21534
0.0366677 -0.353114 2.32107
0.0174636 -0.646806 2.39413
0.0272725 -0.730222 2.32651
-0.0283584 0.459681 2.21244
-0.458008 -0.0876427 2.18548
-0.421709 -0.0307258 2.14696
0.449694 -0.0765348 2.33895
0.408488 -0.0460984 2.26475
-0.0364741 -0.0654716 2.2436
-0.0316819 0.237758 2.23122
-0.0257364 0.530148 2.20396
-0.0157819 0.673333 2.17738
-0.187736 0.410207 2.18342
-0.293464 0.183265 2.19292
-0.411567 -0.00201035 2.19948
-0.429268 -0.0246818 2.18656
0.135503 0.413282 2.21981
0.233167 0.179071 2.27309
0.365975 0.0144072 2.3225
0.401958 -0.0381779 2.30144
-0.110519 -0.0645881 2.20392
-0.11431 -0.358193 2.26491
-0.119887 -0.65177 2.38103
-0.130038 -0.729784 2.31778
0.0387125 -0.0640034 2.2114
0.0372124 -0.359433 2.29425
0.0184508 -0.648244 2.39283
0.028075 -0.730471 2.32451
-0.0274549 0.458644 2.21277
-0.470849 -0.0953974 2.19736
-0.427045 -0.0363148 2.14716
0.450868 -0.0869948 2.34514
0.409414 -0.051698 2.26362
-0.0506095 -0.0689646 2.23028
-0.0313855 0.234526 2.22869
-0.0127227 0.522674 2.20952
-0.00483759 0.665689 2.17878
-0.176665 0.40415 2.18181
-0.289933 0.186936 2.19105
-0.414061 0.0057691 2.19842
-0.454251 -0.0392743 2.17852
0.144476 0.407317 2.22565
0.235464 0.176107 2.27508
0.362802 0.00746844 2.32537
0.399484 -0.049493 2.30637
-0.123879 -0.0640739 2.19017
-0.128262 -0.362737 2.23884
-0.122806 -0.65272 2.3715
-0.132155 -0.730932 2.31785
0.0239504 -0.0717539 2.19892
0.0216776 -0.370847 2.24678
0.0150999 -0.654027 2.38416
0.0304741 -0.730298 2.32087
-0.0186794 0.452446 2.21558
-0.488908 -0.0892302 2.19952
-0.456311 -0.0344774 2.13717
0.451495 -0.108931 2.34854
0.408948 -0.0701329 2.2655
-0.0822149 -0.0844628 2.22874
-0.0328104 0.218895 2.22393
0.0153793 0.502962 2.20308
0.0221952 0.644949 2.17498
-0.168026 0.398915 2.17655
-0.287904 0.181923 2.18381
-0.435147 0.018572 2.1832
-0.455387 0.00186172 2.16734
0.166556 0.382726 2.23383
0.250968 0.145665 2.29242
0.37009 -0.0290597 2.34177
0.405307 -0.0815156 2.32038
-0.151475 -0.0726768 2.18719
-0.151784 -0.377319 2.23382
-0.131829 -0.658935 2.37221
-0.135936 -0.732636 2.31746
-0.0103307 -0.0938957 2.19933
-0.0101396 -0.392811 2.22619
0.00352462 -0.663234 2.37609
0.0303855 -0.731807 2.31693
0.0018451 0.433544 2.21048
-0.508483 -0.0654321 2.18927
-0.463046 -0.0154205 2.12592
0.45448 -0.140581 2.34873
0.414511 -0.10423 2.28363
-0.10155 -0.106152 2.25605
-0.0256159 0.196039 2.22092
0.0541009 0.477084 2.16844
0.0682471 0.613014 2.14475
-0.114768 0.37413 2.12992
-0.293424 0.182631 2.15868
-0.459172 0.0381 2.15267
-0.500699 0.00491723 2.14251
0.193214 0.341335 2.21771
0.256089 0.116624 2.30447
0.356711 -0.0624303 2.3715
0.395262 -0.119053 2.35725
-0.167865 -0.0881961 2.20826
-0.157371 -0.400078 2.25752
-0.134577 -0.666031 2.3767
-0.120501 -0.737308 2.3175
-0.0319354 -0.121113 2.23297
-0.0480153 -0.412096 2.23875
-0.00253766 -0.665608 2.37213
0.0271876 -0.733327 2.31654
0.0332967 0.407942 2.18523
-0.545476 -0.0290471 2.16926
-0.476387 0.00970456 2.09953
0.449864 -0.183312 2.40406
0.403104 -0.141433 2.32346
-0.0916555 -0.112321 2.30991
-0.0141162 0.181465 2.22167
0.0703272 0.454916 2.1232
0.0893091 0.593014 2.10789
-0.098006 0.361036 2.10033
-0.296432 0.182973 2.13205
-0.468224 0.0460049 2.12958
-0.490441 0.0285715 2.11325
0.195547 0.329195 2.19002
0.252446 0.111561 2.30446
0.335084 -0.0638343 2.39641
0.364424 -0.123176 2.39254
-0.159753 -0.0965075 2.26285
-0.148306 -0.386572 2.29536
-0.134805 -0.665621 2.38064
-0.115768 -0.734847 2.31804
-0.0207192 -0.124903 2.2866
-0.0573512 -0.402856 2.28548
-0.00446908 -0.669335 2.37527
0.0265138 -0.735328 2.3159
0.0494222 0.388077 2.1528
-0.557811 -0.012792 2.13406
-0.520201 -0.00996365 2.095
0.408352 -0.179306 2.42277
0.374339 -0.160228 2.36289
-0.0893977 -0.104737 2.35323
-0.0100871 0.174594 2.22488
0.0726521 0.436665 2.09184
0.0933737 0.572705 2.0699
-0.090094 0.346066 2.07569
-0.294267 0.174137 2.10876
-0.466964 0.0390753 2.11362
-0.488788 0.0119183 2.09932
0.195395 0.315351 2.17129
0.250303 0.106801 2.30612
0.32657 -0.0584488 2.4174
0.348267 -0.115337 2.42967
-0.155082 -0.0905026 2.31158
-0.153189 -0.386573 2.34645
-0.135202 -0.664432 2.38704
-0.116059 -0.73428 2.32016
-0.0208371 -0.115937 2.32414
-0.0343406 -0.398197 2.33616
-0.00497337 -0.664171 2.38763
0.0253297 -0.732886 2.31712
0.0527438 0.372842 2.13023
-0.555122 -0.0291859 2.11066
-0.472812 -0.00632185 2.06085
0.38422 -0.163902 2.47247
0.349297 -0.148332 2.40214
-0.0602848 -0.0927597 2.37573
-0.0053351 0.1724 2.2259
0.0570576 0.430668 2.06662
0.0779566 0.569331 2.04195
-0.0996641 0.340061 2.06454
-0.290987 0.157319 2.09892
-0.449405 0.00551342 2.10346
-0.470041 -0.0272326 2.09555
0.190353 0.322388 2.14026
0.241853 0.131561 2.30073
0.324515 -0.00916936 2.43563
0.355667 -0.0571813 2.45932
-0.130399 -0.0826638 2.33531
-0.13727 -0.369633 2.35694
-0.12861 -0.658351 2.39514
-0.124866 -0.733699 2.32389
0.0118056 -0.0999438 2.34513
0.0104781 -0.369655 2.35821
0.0136735 -0.655526 2.4
0.0285376 -0.729814 2.31958
0.0437378 0.367534 2.11077
-0.527637 -0.0756411 2.10251
-0.491443 -0.0667398 2.07357
0.390757 -0.0893813 2.49932
0.358734 -0.0927857 2.44686
-0.0204603 -0.0728781 2.37295
0.000190816 0.186314 2.22549
0.027655 0.447781 2.0649
0.0483596 0.585028 2.03591
-0.126482 0.352987 2.06612
-0.294233 0.151067 2.10201
-0.44471 -0.00878236 2.10564
-0.461056 -0.0461102 2.1025
0.171453 0.348653 2.12955
0.238241 0.148718 2.30114
0.337782 0.0215676 2.43777
0.363795 -0.00257902 2.43448
-0.0941128 -0.0687724 2.33347
-0.105331 -0.351786 2.33213
-0.121448 -0.657588 2.39252
-0.127714 -0.732648 2.31916
0.0540896 -0.0744804 2.34131
0.0473531 -0.356616 2.35813
0.0215702 -0.653406 2.40357
0.0342608 -0.730639 2.3251
0.0234218 0.38338 2.10764
-0.518689 -0.100562 2.11093
-0.443896 -0.0679831 2.0617
0.416671 -0.0550099 2.4913
0.369633 -0.0327535 2.41352
0.00685357 -0.0686946 2.34994
0.00166775 0.199482 2.22237
-0.00387593 0.472108 2.08148
0.0133878 0.610638 2.05
-0.158675 0.37235 2.08513
-0.306895 0.161448 2.10999
-0.444253 -0.0102508 2.11051
-0.472759 -0.0414386 2.11039
0.150355 0.372403 2.13396
0.227865 0.1703 2.28856
0.343974 0.0405574 2.41047
0.37717 0.0108237 2.40011
-0.0665217 -0.0705597 2.30686
-0.0730434 -0.350677 2.31787
-0.112296 -0.661012 2.38957
-0.127112 -0.732697 2.31788
0.0802054 -0.0649597 2.32157
0.0686722 -0.359491 2.35749
0.0313884 -0.653273 2.40538
0.0388869 -0.731702 2.32938
-0.000582552 0.405192 2.1178
-0.525201 -0.0986684 2.12426
-0.450946 -0.0488139 2.07237
0.429741 -0.0345436 2.44219
0.385464 -0.0226035 2.37789
0.0243033 -0.0670776 2.31935
-0.00115477 0.212768 2.22277
-0.0302889 0.498385 2.11771
-0.0142376 0.636829 2.08292
-0.184115 0.391946 2.12077
-0.324254 0.177288 2.1306
-0.458515 0.00271684 2.12295
-0.505124 -0.0428083 2.11267
0.133816 0.390778 2.14988
0.227735 0.184784 2.27646
0.35754 0.0490936 2.37879
0.401829 -0.00227026 2.36977
-0.0509033 -0.0726837 2.27955
-0.0449034 -0.365254 2.29926
-0.10561 -0.660991 2.3853
-0.101066 -0.734225 2.31224
0.0987952 -0.0592757 2.28797
0.0771318 -0.359388 2.35095
0.0382856 -0.651009 2.40723
0.0442892 -0.730442 2.33111
-0.0220246 0.428491 2.14429
-0.547606 -0.084368 2.12269
-0.488677 -0.0506039 2.07742
0.449813 -0.0384399 2.41451
0.405614 -0.0303699 2.3425
0.0200291 -0.0743541 2.27153
-0.00735354 0.221599 2.22547
-0.0428526 0.515002 2.17269
-0.0283391 0.653343 2.14198
-0.195536 0.403563 2.16934
-0.328856 0.180145 2.16661
-0.469748 0.0141554 2.12237
-0.508961 -0.021158 2.08741
0.126827 0.40207 2.1855
0.235576 0.187993 2.27612
0.383212 0.0462776 2.34488
0.426459 -0.000865208 2.32589
-0.0546709 -0.0796417 2.23131
-0.058277 -0.378437 2.26149
-0.104479 -0.65965 2.37934
-0.113695 -0.733789 2.313
0.0940919 -0.0667999 2.2406
0.0770653 -0.370202 2.30741
0.036863 -0.658925 2.40288
0.0429718 -0.73231 2.33189
-0.0346086 0.443374 2.18609
-0.550504 -0.0611672 2.08822
-0.487288 -0.00748597 2.05481
0.484262 -0.0403931 2.36905
0.425501 -0.0231174 2.29511
6.65641e-005 -0.079368 2.24201
-0.0148489 0.222367 2.22891
-0.040117 0.515597 2.20818
-0.0207425 0.65305 2.18153
-0.196944 0.400785 2.19581
-0.325553 0.178016 2.17898
-0.466635 0.0166683 2.11735
-0.494038 -0.0192405 2.07543
0.129908 0.395631 2.21357
0.238557 0.181099 2.28112
0.393404 0.0363525 2.32823
0.429004 -0.0150202 2.31039
-0.0750626 -0.0820795 2.19939
-0.087747 -0.37577 2.2403
-0.106897 -0.659408 2.37686
-0.122978 -0.732431 2.31348
0.0751322 -0.0740681 2.21341
0.0648038 -0.374142 2.26949
0.0349233 -0.660648 2.39485
0.0413825 -0.732811 2.32869
-0.0351062 0.443827 2.21378
-0.533887 -0.0570072 2.07482
-0.469524 -0.00728497 2.0466
0.482431 -0.052664 2.33938
0.432455 -0.0373768 2.28242
-0.0278852 -0.0802958 2.22533
-0.0253486 0.222238 2.23398
-0.0328124 0.514624 2.23452
-0.00857334 0.65116 2.2096
-0.194608 0.399265 2.20665
-0.323338 0.18101 2.18101
-0.463073 0.0197298 2.11548
-0.49158 -0.0168511 2.08494
0.135649 0.388167 2.23714
0.243972 0.163801 2.28834
0.391259 0.00906958 2.32924
0.401033 -0.0202766 2.3114
-0.101064 -0.0793639 2.18361
-0.112783 -0.369794 2.23402
-0.113511 -0.657322 2.37421
-0.130272 -0.733108 2.31308
0.0459436 -0.078804 2.19586
0.047281 -0.377891 2.25254
0.0290873 -0.660262 2.39021
0.0397924 -0.732555 2.32604
-0.0323371 0.442998 2.23504
-0.527271 -0.0533266 2.07825
-0.480662 -0.0319331 2.06445
0.469524 -0.0804809 2.34273
0.407198 -0.0425067 2.27112
-0.0581184 -0.085101 2.22097
-0.0320637 0.219035 2.2384
-0.0178126 0.509717 2.24737
0.00950044 0.644869 2.2231
-0.181659 0.396041 2.20679
-0.324225 0.186312 2.17873
-0.464764 0.0240258 2.11844
-0.500291 -0.00881071 2.10126
0.140335 0.384285 2.25144
0.238572 0.157805 2.28979
0.37206 -0.0083787 2.333
0.405624 -0.0679387 2.31927
-0.12946 -0.0789223 2.1793
-0.139998 -0.370677 2.2291
-0.125106 -0.657 2.37103
-0.134417 -0.734043 2.3175
0.0148914 -0.0888286 2.19159
0.0262417 -0.37876 2.23992
0.0222215 -0.659752 2.3854
0.0369719 -0.732988 2.32156
-0.0234281 0.438668 2.24615
-0.53451 -0.0425722 2.10675
-0.494393 0.0142347 2.08375
0.465019 -0.12776 2.35897
0.409477 -0.0833224 2.28042
-0.0905481 -0.0960887 2.2278
-0.0357842 0.209314 2.24176
0.014693 0.496326 2.24599
0.048254 0.627045 2.22275
-0.157173 0.391549 2.18812
-0.329181 0.203185 2.17259
-0.498953 0.0657581 2.13582
-0.529855 0.0221654 2.12567
0.147017 0.370053 2.26179
0.220898 0.140236 2.29938
0.337132 -0.0367564 2.34811
0.379125 -0.102865 2.34285
-0.158556 -0.0833628 2.18126
-0.169424 -0.377746 2.23749
-0.137498 -0.66095 2.3731
-0.138073 -0.733989 2.31666
-0.0201719 -0.106677 2.2047
-0.00999045 -0.381721 2.22737
0.0113519 -0.661948 2.38145
0.0342671 -0.732399 2.31724
0.000119736 0.425855 2.24733
-0.558616 -0.00624739 2.13169
-0.550398 0.0173962 2.13086
0.43426 -0.163134 2.35749
0.397924 -0.145454 2.30155
-0.114039 -0.109299 2.24824
-0.0350381 0.194751 2.24294
0.0418646 0.478101 2.22708
0.0775572 0.606561 2.20546
-0.132798 0.383897 2.17496
-0.33524 0.215637 2.16663
-0.504571 0.076575 2.13651
-0.547423 0.0555813 2.12969
0.158199 0.324463 2.26375
0.215781 0.115685 2.31238
0.31586 -0.0665487 2.37298
0.360738 -0.135357 2.36468
-0.180112 -0.0938552 2.19743
-0.182267 -0.391877 2.263
-0.141188 -0.662904 2.37418
-0.14199 -0.735261 2.31555
-0.0444211 -0.121454 2.2284
-0.032889 -0.390174 2.22725
0.00530608 -0.665722 2.37987
0.0310138 -0.73331 2.31518
0.0214477 0.408549 2.23416
-0.582585 0.0354397 2.13319
-0.553622 0.0701409 2.12778
0.410243 -0.195369 2.36915
0.364214 -0.153848 2.32639
-0.130808 -0.115841 2.27228
-0.035136 0.185637 2.24445
0.0572734 0.466565 2.20668
0.101557 0.587778 2.18042
-0.121878 0.381574 2.16662
-0.328733 0.227909 2.15904
-0.502026 0.0929614 2.13654
-0.547991 0.0752867 2.13008
0.162303 0.314485 2.25891
0.212331 0.107033 2.31982
0.29972 -0.0790334 2.38681
0.334495 -0.149064 2.39194
-0.196093 -0.0971235 2.22116
-0.192138 -0.408644 2.30647
-0.145838 -0.662701 2.38153
-0.142881 -0.735382 2.31722
-0.0616608 -0.131329 2.25292
-0.0534353 -0.425487 2.25822
-0.000199622 -0.66902 2.37894
0.0265367 -0.735457 2.31636
0.0330912 0.39762 2.22011
-0.586917 0.0519517 2.13502
-0.565976 0.0932419 2.147
0.382823 -0.21276 2.40778
0.338688 -0.173263 2.35563
-0.141531 -0.109234 2.32556
-0.0339996 0.17981 2.25114
0.07641 0.445782 2.14693
0.116303 0.574589 2.14078
-0.10759 0.371529 2.14401
-0.317878 0.228778 2.14709
-0.496891 0.101204 2.13927
-0.535615 0.0650087 2.13904
0.168363 0.305873 2.24846
0.207369 0.0980031 2.32826
0.283398 -0.0835436 2.41477
0.313403 -0.15346 2.43016
-0.205555 -0.0924394 2.27737
-0.192035 -0.393007 2.36303
-0.144301 -0.662569 2.39553
-0.125258 -0.730341 2.32137
-0.0732688 -0.122774 2.30297
-0.0342907 -0.441466 2.30104
-0.00169457 -0.692089 2.38794
0.000847773 -0.752804 2.30609
0.0474242 0.381624 2.18102
-0.572687 0.0409579 2.13794
-0.563324 0.0800346 2.159
0.362644 -0.22352 2.47155
0.312422 -0.174132 2.39388
-0.121362 -0.107724 2.37106
-0.0261252 0.171654 2.25224
0.0751165 0.43333 2.12228
0.114285 0.559328 2.1035
-0.0924045 0.352856 2.10554
-0.310951 0.20793 2.13965
-0.486902 0.0773347 2.14555
-0.511238 0.0490966 2.15061
0.183199 0.288491 2.20614
0.209664 0.0947571 2.33218
0.283103 -0.0790067 2.43328
0.313934 -0.142619 2.45871
-0.186676 -0.0911559 2.32738
-0.177822 -0.385181 2.37793
-0.14417 -0.659987 2.40122
-0.122177 -0.727119 2.32181
-0.0525259 -0.121061 2.34397
-0.0286531 -0.390405 2.33108
-0.00543032 -0.663528 2.3859
0.00382264 -0.734783 2.31709
0.0507136 0.369176 2.15951
-0.571838 0.00664928 2.16536
-0.540633 0.0648813 2.1615
0.358357 -0.204909 2.51206
0.31335 -0.182041 2.435
-0.0973548 -0.10296 2.39912
-0.0199438 0.165022 2.25176
0.0638989 0.416199 2.09015
0.103661 0.542992 2.06856
-0.0965126 0.33944 2.08629
-0.309682 0.182079 2.1326
-0.475063 0.0411699 2.15428
-0.496508 0.0127605 2.15704
0.18058 0.294043 2.17533
0.212839 0.0960955 2.33227
0.290241 -0.0625058 2.45117
0.325434 -0.116841 2.47691
-0.163404 -0.0888439 2.35849
-0.158644 -0.378267 2.38579
-0.141347 -0.658522 2.40344
-0.127274 -0.72608 2.32209
-0.0282848 -0.113948 2.36899
-0.0193838 -0.384127 2.35698
0.00134123 -0.657208 2.39525
0.0165681 -0.730081 2.31765
0.0448632 0.354735 2.13492
-0.561954 -0.0295915 2.16914
-0.533228 0.0238596 2.1727
0.370204 -0.165458 2.53016
0.324368 -0.154098 2.4514
-0.0679369 -0.0898091 2.4111
-0.0150676 0.165891 2.24996
0.0493078 0.415402 2.07536
0.0807469 0.549312 2.04379
-0.106201 0.334396 2.0787
-0.30643 0.160112 2.13301
-0.461724 0.0101324 2.16273
-0.479019 -0.0234703 2.16485
0.175077 0.306461 2.15569
0.217965 0.111786 2.3258
0.311224 -0.0309179 2.45218
0.346484 -0.0853931 2.47106
-0.138424 -0.0779371 2.37215
-0.142083 -0.35806 2.36727
-0.134711 -0.65804 2.40346
-0.129511 -0.727713 2.32146
0.00475987 -0.0988435 2.37904
0.0116253 -0.368128 2.37633
0.0130737 -0.654866 2.40504
0.028691 -0.728195 2.32199
0.0357125 0.354214 2.12269
-0.544063 -0.0710188 2.18726
-0.523639 -0.0249494 2.1892
0.389044 -0.124076 2.52382
0.340169 -0.116592 2.44213
-0.0232476 -0.0737074 2.39193
-0.00692524 0.181624 2.24486
0.0156837 0.437817 2.08152
0.0371807 0.577159 2.03887
-0.142712 0.353146 2.09199
-0.309998 0.14648 2.1463
-0.457279 -0.0133331 2.16812
-0.467679 -0.0427404 2.16891
0.159063 0.340561 2.14462
0.221769 0.144254 2.30646
0.336435 0.00511257 2.41997
0.364826 -0.0257717 2.4119
-0.0979752 -0.06982 2.35336
-0.105608 -0.352282 2.32816
-0.120316 -0.659576 2.39242
-0.130444 -0.729915 2.3182
0.0524578 -0.0753193 2.35919
0.0501879 -0.358692 2.36338
0.0223345 -0.656498 2.41031
0.0388352 -0.731889 2.32836
0.0122913 0.374419 2.12417
-0.523422 -0.0987534 2.18374
-0.512962 -0.0555081 2.18929
0.419202 -0.0804968 2.45859
0.372355 -0.0717801 2.39438
-0.000344786 -0.0684142 2.35257
-0.00638257 0.201735 2.23657
-0.0149552 0.478101 2.10693
0.00635681 0.6124 2.05892
-0.168739 0.377467 2.11514
-0.31108 0.16112 2.15947
-0.44657 -0.0103528 2.17413
-0.464504 -0.0427801 2.1704
0.142088 0.374401 2.15077
0.218747 0.165711 2.29332
0.360085 0.022996 2.37094
0.385317 -0.0066273 2.36106
-0.075334 -0.0697271 2.31409
-0.0810391 -0.357642 2.30515
-0.114591 -0.663183 2.38966
-0.129383 -0.730738 2.31732
0.0746671 -0.0649775 2.31984
0.0637499 -0.358377 2.35342
0.0319025 -0.655278 2.40832
0.0405684 -0.732631 2.33068
-0.0112004 0.409694 2.13958
-0.52006 -0.102334 2.18734
-0.488838 -0.0399137 2.174
0.443777 -0.0582834 2.39376
0.395584 -0.0501336 2.33271
0.0151493 -0.0676844 2.31272
-0.00743265 0.215239 2.23177
-0.030209 0.501246 2.13422
-0.0156637 0.640851 2.09422
-0.186274 0.394674 2.1422
-0.311242 0.172962 2.16755
-0.438689 -0.00539206 2.17759
-0.455723 -0.0421965 2.1628
0.130742 0.392067 2.1647
0.224438 0.179912 2.27872
0.378131 0.0361583 2.33113
0.414593 -0.00878006 2.32241
-0.059178 -0.0709526 2.27301
-0.069742 -0.364801 2.27922
-0.111529 -0.662518 2.38558
-0.128243 -0.731369 2.31648
0.089094 -0.0624635 2.28097
0.0723391 -0.360863 2.34524
0.0355072 -0.654834 2.40625
0.0450765 -0.733111 2.32799
-0.0236668 0.430811 2.1586
-0.50551 -0.10436 2.17578
-0.461193 -0.0140539 2.1636
0.462953 -0.0437804 2.34799
0.407477 -0.0348591 2.28743
0.011617 -0.0736462 2.26591
-0.0117963 0.220883 2.23087
-0.0432222 0.512706 2.18434
-0.0282569 0.646754 2.14002
-0.19775 0.401275 2.1839
-0.312856 0.173915 2.18172
-0.436165 -0.00864313 2.17504
-0.45177 -0.0395987 2.14567
0.12299 0.400826 2.19157
0.230077 0.181555 2.26836
0.387971 0.0313355 2.28787
0.407129 -0.000634634 2.2741
-0.0631718 -0.0769139 2.22694
-0.0732261 -0.37369 2.24989
-0.111656 -0.660798 2.37849
-0.128213 -0.731419 2.31288
0.0860385 -0.0681005 2.23379
0.0763994 -0.367705 2.31164
0.0368982 -0.655251 2.40493
0.0450816 -0.733967 2.32908
-0.0358916 0.44149 2.19555
-0.497299 -0.105057 2.14451
-0.470659 -0.053713 2.13982
0.471555 -0.0517021 2.29672
0.410321 -0.035548 2.24023
-0.00565875 -0.0791434 2.24034
-0.018249 0.220164 2.23217
-0.0410945 0.509389 2.21376
-0.0292433 0.646193 2.1754
-0.201725 0.397181 2.2032
-0.314722 0.168659 2.18996
-0.437384 -0.014056 2.16735
-0.453657 -0.0378934 2.13854
0.125006 0.397241 2.21545
0.233522 0.17394 2.26471
0.393031 0.0226159 2.26471
0.418571 -0.0294364 2.24931
-0.0809945 -0.0813787 2.1992
-0.0908501 -0.371816 2.24165
-0.114087 -0.657766 2.37673
-0.128768 -0.730894 2.31279
0.0698369 -0.0743481 2.21031
0.0705678 -0.367302 2.27251
0.0332938 -0.659235 2.39964
0.0450308 -0.734309 2.32915
-0.0366487 0.438605 2.21845
-0.499953 -0.101054 2.13726
-0.466313 -0.0628 2.1366
0.469971 -0.0676062 2.26904
0.412984 -0.0503507 2.21275
-0.0301575 -0.0823608 2.223
-0.0263773 0.217396 2.23433
-0.0339841 0.504532 2.23373
-0.0215999 0.640128 2.19563
-0.199282 0.390716 2.21078
-0.313708 0.168209 2.18977
-0.438324 -0.0117932 2.15348
-0.45814 -0.0207444 2.1188
0.131232 0.391271 2.23583
0.241411 0.158925 2.26684
0.39232 -0.00121273 2.26301
0.399555 -0.0272497 2.2527
-0.103317 -0.0811493 2.18385
-0.115746 -0.370293 2.22758
-0.118671 -0.657407 2.37359
-0.132435 -0.731791 2.31434
0.0438156 -0.0811624 2.19087
0.0548474 -0.371397 2.24936
0.0292621 -0.659604 2.39208
0.0421533 -0.733808 2.32584
-0.0335136 0.434335 2.23437
-0.511831 -0.0751133 2.10549
-0.490127 -0.039901 2.114
0.461378 -0.0869752 2.26238
0.405574 -0.0608961 2.21171
-0.0596146 -0.0893376 2.2174
-0.0338431 0.212639 2.23607
-0.0215825 0.50016 2.24236
-0.00825069 0.633615 2.20542
-0.185742 0.383325 2.20934
-0.307298 0.170077 2.18303
-0.442637 0.00266997 2.12516
-0.465781 0.00341432 2.08877
0.139377 0.386859 2.24928
0.245285 0.15343 2.27469
0.388605 -0.0126617 2.28174
0.418855 -0.0672005 2.27028
-0.131048 -0.0829022 2.17953
-0.144347 -0.373178 2.22578
-0.127032 -0.656188 2.36995
-0.134629 -0.733031 2.31669
0.0135612 -0.0931837 2.18415
0.0254042 -0.373285 2.2285
0.0222495 -0.659804 2.3866
0.038661 -0.733727 2.32162
-0.0265778 0.430049 2.24158
-0.520394 -0.0399989 2.07249
-0.50947 -0.0189187 2.08133
0.472385 -0.112844 2.28595
0.412681 -0.0907533 2.23609
-0.0900813 -0.0933897 2.22891
-0.044114 0.208772 2.23485
-0.00656439 0.497088 2.22696
0.0225884 0.630902 2.19374
-0.171223 0.390061 2.18861
-0.301502 0.177978 2.16921
-0.453833 0.0331721 2.09267
-0.476974 0.0269146 2.06798
0.152608 0.374481 2.24608
0.249211 0.152021 2.28356
0.380609 -0.0180619 2.31941
0.42425 -0.0775007 2.31393
-0.160733 -0.0819984 2.19033
-0.169657 -0.37579 2.24212
-0.135835 -0.659616 2.37381
-0.139726 -0.734225 2.31649
-0.0167178 -0.101907 2.19658
0.001333 -0.38407 2.21419
0.0117287 -0.662944 2.37965
0.0358015 -0.734195 2.31774
-0.0175089 0.426359 2.23235
-0.534956 -0.0143973 2.05087
-0.511809 0.0243332 2.06813
0.479885 -0.126254 2.3377
0.425947 -0.106713 2.28154
-0.09667 -0.0941833 2.25086
-0.0376965 0.205406 2.23296
0.0305507 0.489928 2.19666
0.0508308 0.62649 2.16536
-0.140689 0.393392 2.16538
-0.304424 0.193732 2.15485
-0.461159 0.0476842 2.09297
-0.489719 0.0409486 2.07696
0.160663 0.370549 2.23715
0.250544 0.150488 2.28837
0.36511 -0.0239716 2.34654
0.409558 -0.0889755 2.34794
-0.165927 -0.0816274 2.20861
-0.173929 -0.375967 2.27128
-0.137811 -0.661195 2.37912
-0.14091 -0.734281 2.31599
-0.0245824 -0.103911 2.22246
-0.0225761 -0.381483 2.22236
0.00702986 -0.665728 2.37909
0.033489 -0.734806 2.31584
0.0131477 0.419897 2.20911
-0.546489 0.00341511 2.05782
-0.526566 0.0469326 2.08283
0.466383 -0.14802 2.37912
0.42202 -0.133417 2.3165
-0.0944049 -0.0918422 2.28623
-0.0278226 0.201447 2.23017
0.0490481 0.48024 2.15677
0.0803171 0.609564 2.1275
-0.1138 0.386932 2.12916
-0.29504 0.200414 2.14096
-0.4581 0.0553737 2.10067
-0.489106 0.0339345 2.09844
0.184363 0.356708 2.21432
0.252048 0.1431 2.29605
0.350117 -0.0323215 2.3739
0.388532 -0.0978752 2.38744
-0.162912 -0.0782663 2.23982
-0.168561 -0.376675 2.29715
-0.137765 -0.660858 2.38054
-0.13962 -0.734927 2.32191
-0.0230789 -0.102661 2.2617
-0.0317497 -0.381511 2.25873
0.00553714 -0.66728 2.37963
0.0317276 -0.735333 2.31624
0.0303048 0.411923 2.17906
-0.544869 -0.00628686 2.0864
-0.51644 0.0625143 2.09996
0.441509 -0.156841 2.43455
0.389075 -0.136183 2.35827
-0.0887128 -0.0866222 2.33848
-0.0176977 0.193209 2.23018
0.0603601 0.455842 2.1099
0.0986632 0.586544 2.08211
-0.0919038 0.3666 2.08803
-0.267495 0.182159 2.10764
-0.427652 0.0272114 2.09787
-0.462388 -0.0046104 2.08944
0.192103 0.343507 2.1857
0.2542 0.136643 2.31664
0.340611 -0.0271189 2.42327
0.3702 -0.0808547 2.44741
-0.155698 -0.0748255 2.28968
-0.156902 -0.374672 2.3411
-0.136819 -0.659729 2.39004
-0.13765 -0.732458 2.31933
-0.0190364 -0.095791 2.31635
-0.0215757 -0.376279 2.31078
0.00716395 -0.663947 2.38759
0.0307624 -0.732844 2.31576
0.0416022 0.391761 2.14456
-0.521625 -0.0386425 2.08437
-0.492832 0.0242272 2.071
0.414248 -0.129486 2.50446
0.371104 -0.122001 2.42317
-0.0687454 -0.0861927 2.371
-0.00879001 0.182914 2.2307
0.057128 0.433715 2.076
0.0953779 0.565825 2.04632
-0.0878336 0.347938 2.06433
-0.261823 0.131644 2.08827
-0.416448 -0.0245976 2.08745
-0.436464 -0.0445059 2.0756
0.195459 0.335852 2.16771
0.269625 0.129612 2.35465
0.350283 -0.0296011 2.47086
0.377306 -0.0654589 2.50039
-0.134385 -0.0764323 2.32603
-0.142837 -0.367179 2.3532
-0.132748 -0.6569 2.39658
-0.135341 -0.731787 2.32089
-0.00105445 -0.0934345 2.34517
0.00252099 -0.36511 2.34696
0.0134728 -0.657881 2.39885
0.0317818 -0.730654 2.31822
0.0419524 0.372487 2.11893
-0.499494 -0.0845875 2.0682
-0.474101 -0.0251056 2.06625
0.414643 -0.0951365 2.56281
0.369386 -0.0885661 2.47588
-0.0541618 -0.0872641 2.3937
-0.00324348 0.171835 2.23154
0.0505188 0.414586 2.05616
0.0837585 0.546607 2.02183
-0.0909374 0.326511 2.0467
-0.261699 0.105378 2.07908
-0.40283 -0.0630885 2.07968
-0.425063 -0.0856086 2.07058
0.189858 0.325167 2.15171
0.245707 0.153485 2.33335
0.340099 0.020255 2.46809
0.373896 -0.0245033 2.51002
-0.121306 -0.0779601 2.3501
-0.132127 -0.365056 2.35023
-0.125769 -0.653963 2.39296
-0.128669 -0.732449 2.32287
0.0147235 -0.0937637 2.36675
0.027476 -0.363122 2.37379
0.0204433 -0.655572 2.40852
0.039446 -0.730369 2.32523
0.0381589 0.355255 2.10358
-0.487487 -0.135528 2.06784
-0.454683 -0.061677 2.05648
0.421123 -0.0603567 2.57381
0.365025 -0.0614576 2.49792
-0.0287859 -0.086967 2.39879
-0.000343427 0.167306 2.23007
0.0352476 0.407166 2.04676
0.0678783 0.54034 2.0154
-0.103124 0.319822 2.03983
-0.259105 0.0944933 2.07238
-0.39082 -0.0812908 2.07552
-0.415871 -0.108471 2.06572
0.18122 0.322955 2.14339
0.241287 0.155874 2.33392
0.344478 0.0323387 2.47104
0.382841 -0.00651818 2.51396
-0.0985841 -0.0822374 2.35427
-0.106521 -0.359164 2.33212
-0.119675 -0.657668 2.39187
-0.128897 -0.732189 2.32028
0.0422486 -0.0887663 2.37244
0.0502664 -0.359697 2.37023
0.0256688 -0.654489 2.41269
0.0407381 -0.730738 2.32973
0.0284435 0.348479 2.09579
-0.474215 -0.159361 2.06371
-0.448906 -0.0897828 2.05641
0.432014 -0.0357017 2.57256
0.367411 -0.0449808 2.50045
0.0146717 -0.0818929 2.35187
0.00634053 0.178513 2.21988
0.00368406 0.441036 2.06709
0.034954 0.572882 2.03256
-0.137209 0.34503 2.05595
-0.262451 0.11262 2.07046
-0.380483 -0.073374 2.06541
-0.410995 -0.0971053 2.04766
0.158995 0.344672 2.13749
0.2296 0.172758 2.31137
0.344561 0.0535996 2.44344
0.385135 -0.000227511 2.46461
-0.0604988 -0.0855008 2.30983
-0.0771029 -0.364356 2.28996
-0.112563 -0.662503 2.3856
-0.126333 -0.732735 2.31647
0.0896308 -0.075521 2.32231
0.0798913 -0.359171 2.33867
0.0403283 -0.651487 2.40751
0.0441195 -0.73173 2.33129
0.00656563 0.375482 2.10551
-0.461706 -0.147702 2.04444
-0.439033 -0.0759999 2.04489
0.436497 -0.0331929 2.51754
0.372222 -0.0339437 2.4444
0.0277943 -0.0829357 2.29338
0.00691505 0.198279 2.20761
-0.0124026 0.481613 2.10064
0.018539 0.614824 2.06741
-0.156698 0.374741 2.08379
-0.272547 0.139595 2.08886
-0.375179 -0.0545828 2.05634
-0.417614 -0.0934699 2.04378
0.149547 0.372665 2.15253
0.227065 0.183883 2.28962
0.351742 0.0474539 2.39662
0.390485 -0.0124808 2.40567
-0.0467918 -0.0875236 2.24846
-0.0553856 -0.374872 2.26587
-0.106954 -0.663154 2.38117
-0.114962 -0.733509 2.31485
0.1015 -0.0757816 2.2672
0.0862449 -0.365335 2.31522
0.0434188 -0.655192 2.40453
0.043706 -0.731882 2.33682
-0.00674566 0.411237 2.1273
-0.454111 -0.135327 2.04515
-0.450666 -0.0801444 2.05723
0.437576 -0.050475 2.43778
0.373377 -0.0339576 2.388
0.0246766 -0.075291 2.24898
0.00510036 0.21429 2.20025
-0.0152056 0.506224 2.13457
0.0117641 0.641736 2.10098
-0.161952 0.39556 2.10868
-0.267409 0.156257 2.11067
-0.36453 -0.0380306 2.05999
-0.384571 -0.0714605 2.04691
0.147456 0.3939 2.17208
0.232407 0.185223 2.2813
0.367001 0.0307621 2.34982
0.412303 -0.0241067 2.3366
-0.0493407 -0.078313 2.20201
-0.0624011 -0.377635 2.25115
-0.105821 -0.661699 2.37738
-0.115971 -0.734471 2.31423
0.097901 -0.0697723 2.22477
0.081246 -0.364369 2.28574
0.0423528 -0.660181 2.3986
0.0421039 -0.73316 2.33777
-0.0102362 0.434342 2.15044
-0.429661 -0.124609 2.03652
-0.427597 -0.0723614 2.06014
0.463422 -0.0683773 2.36674
0.406301 -0.053583 2.3127
-0.00314385 -0.079972 2.20631
-0.00221476 0.218925 2.19844
-0.0119616 0.512006 2.17344
0.0122724 0.649634 2.1436
-0.161044 0.396864 2.13504
-0.263507 0.157879 2.12105
-0.36514 -0.0332805 2.06684
-0.407409 -0.0740845 2.04704
0.15348 0.40119 2.20036
0.256136 0.17053 2.27101
0.40164 0.0101634 2.29867
0.443909 -0.0358912 2.28648
-0.0763466 -0.0789598 2.16164
-0.0942648 -0.366022 2.22963
-0.107857 -0.659272 2.37392
-0.12238 -0.730859 2.31108
0.0701312 -0.0784577 2.17987
0.0621038 -0.371699 2.25174
0.0322691 -0.659174 2.38764
0.0394678 -0.732652 2.3269
-0.010659 0.440376 2.1792
-0.444848 -0.117415 2.04067
-0.450911 -0.0815273 2.0725
0.499229 -0.0761389 2.30944
0.43214 -0.0565445 2.25925
-0.0253448 -0.0865209 2.19306
-0.00927776 0.216906 2.19944
-0.0047105 0.508662 2.19171
0.0200304 0.645212 2.16063
-0.159101 0.392841 2.14427
-0.262071 0.160818 2.12381
-0.381228 -0.0204008 2.07231
-0.429132 -0.0553827 2.05036
0.158221 0.392942 2.21375
0.261342 0.166114 2.26868
0.408453 0.00545407 2.28828
0.45102 -0.0459054 2.27544
-0.0968261 -0.0816229 2.1497
-0.114183 -0.366804 2.22278
-0.114924 -0.653037 2.36835
-0.12764 -0.729922 2.31103
0.0468255 -0.0889013 2.16527
0.0456581 -0.374552 2.23795
0.0266489 -0.660168 2.38607
0.0391108 -0.732816 2.32323
-0.00715595 0.43733 2.19395
-0.469918 -0.0973713 2.04931
-0.463651 -0.0611321 2.06862
0.51132 -0.0837604 2.28883
0.431591 -0.0685792 2.26733
-0.0472836 -0.0939582 2.18571
-0.0155436 0.211752 2.19835
0.00551518 0.502909 2.19579
0.0333987 0.638783 2.17109
-0.154356 0.391405 2.14729
-0.27395 0.167236 2.12597
-0.415483 0.0017364 2.08097
-0.464894 -0.0326385 2.06731
0.159449 0.382008 2.2193
0.256915 0.162906 2.26487
0.401901 0.000330739 2.2847
0.450528 -0.0622291 2.27119
-0.117573 -0.0852951 2.1427
-0.133219 -0.369557 2.21683
-0.122631 -0.652265 2.36473
-0.132406 -0.731085 2.31162
0.0241702 -0.0999214 2.15762
0.0277942 -0.376468 2.2227
0.0203106 -0.660102 2.38209
0.03877 -0.733016 2.32128
-0.00144931 0.432169 2.19741
-0.502935 -0.0685255 2.06804
-0.489964 -0.0287869 2.0791
0.52315 -0.111013 2.28825
0.441651 -0.0879924 2.24899
-0.0771641 -0.0982618 2.18411
-0.0226629 0.206731 2.19589
0.0206394 0.496495 2.19197
0.0539818 0.6314 2.1684
-0.150728 0.390549 2.1455
-0.297943 0.180668 2.13089
-0.45069 0.0240166 2.09484
-0.477767 0.0163411 2.09129
0.16129 0.367922 2.21799
0.245996 0.152984 2.26065
0.381204 -0.0175663 2.28234
0.43203 -0.0878758 2.27213
-0.147187 -0.0856874 2.13913
-0.152473 -0.371187 2.21345
-0.127773 -0.656662 2.36129
-0.136664 -0.733378 2.31372
-0.0049547 -0.107741 2.15807
0.00719591 -0.383757 2.21215
0.0172582 -0.660881 2.37868
0.0369103 -0.732834 2.31765
0.00747307 0.426238 2.19501
-0.535799 -0.0271395 2.09322
-0.51921 0.0255825 2.118
0.503177 -0.13744 2.28666
0.423249 -0.109293 2.24468
-0.0974242 -0.102211 2.20156
-0.0243489 0.199274 2.19079
0.0462973 0.481269 2.15992
0.0845068 0.611593 2.1406
-0.135077 0.389663 2.13052
-0.328286 0.20782 2.13117
-0.501226 0.0721891 2.12359
-0.522838 0.0739952 2.12201
0.164069 0.363021 2.21256
0.232846 0.129554 2.25379
0.329573 -0.0622248 2.29132
0.385175 -0.131416 2.28591
-0.166095 -0.0884537 2.15582
-0.170186 -0.384373 2.22898
-0.131942 -0.660896 2.36235
-0.138304 -0.735311 2.3136
-0.0256655 -0.112727 2.17641
-0.0234814 -0.385474 2.20532
0.00836276 -0.664192 2.37487
0.0317103 -0.732727 2.31446
0.0273479 0.412013 2.17076
-0.583313 0.0378411 2.12602
-0.542201 0.101211 2.12918
0.445532 -0.186153 2.29582
0.383316 -0.165947 2.26177
-0.118808 -0.110838 2.23919
-0.0277486 0.190159 2.19397
0.054842 0.473526 2.14475
0.101236 0.5897 2.11076
-0.122025 0.380749 2.10856
-0.334324 0.223802 2.12104
-0.516315 0.102723 2.13074
-0.541745 0.103172 2.12355
0.171032 0.319445 2.17967
0.225729 0.114116 2.24995
0.312804 -0.0790552 2.29855
0.351938 -0.158709 2.31219
-0.185996 -0.0959267 2.1919
-0.168862 -0.390554 2.26889
-0.134511 -0.667033 2.37407
-0.13882 -0.738438 2.31327
-0.0479829 -0.122254 2.21568
-0.0491074 -0.409433 2.22809
0.00337686 -0.666015 2.37575
0.0277643 -0.733551 2.31397
0.0334057 0.404622 2.16035
-0.603589 0.0681321 2.12604
-0.560728 0.133872 2.1324
0.402448 -0.21394 2.33186
0.339071 -0.187533 2.30095
-0.122845 -0.10904 2.28735
-0.0264293 0.178541 2.19203
0.0721171 0.442583 2.0778
0.108017 0.568921 2.06984
-0.0995072 0.359727 2.05805
-0.333685 0.221452 2.10268
-0.516726 0.103683 2.11995
-0.539295 0.0892849 2.10876
0.176716 0.29936 2.14427
0.218365 0.0993918 2.24877
0.294456 -0.0902753 2.31893
0.325397 -0.162987 2.34644
-0.188505 -0.0931976 2.24544
-0.179189 -0.393694 2.31911
-0.136704 -0.664737 2.38237
-0.120155 -0.734119 2.31713
-0.0533695 -0.121472 2.25854
-0.0416873 -0.394782 2.24614
-0.000330133 -0.667733 2.37721
0.0135786 -0.736523 2.312
0.0475759 0.377203 2.11038
-0.605898 0.0563628 2.11073
-0.562715 0.118437 2.11539
0.374907 -0.226554 2.38561
0.321151 -0.208874 2.33487
-0.107658 -0.105531 2.32746
-0.0250366 0.169048 2.19206
0.0575673 0.421649 2.04189
0.0989982 0.547187 2.03038
-0.104185 0.343512 2.0347
-0.331661 0.193658 2.08058
-0.502669 0.0582876 2.09552
-0.533932 0.0309781 2.09209
0.175912 0.292313 2.12493
0.214003 0.0911044 2.2467
0.282608 -0.0857773 2.3461
0.318222 -0.147217 2.37866
-0.173915 -0.0911724 2.28671
-0.171769 -0.383479 2.32538
-0.138185 -0.663877 2.38634
-0.120196 -0.733725 2.31732
-0.0380783 -0.116763 2.298
-0.0350284 -0.387254 2.28462
0.00033091 -0.665899 2.38166
0.0167452 -0.733838 2.31548
0.0383576 0.359681 2.08403
-0.596501 -0.0122535 2.09349
-0.568948 0.0532909 2.1
0.368034 -0.200557 2.42546
0.309456 -0.186779 2.37056
-0.0690458 -0.0980136 2.35571
-0.0217493 0.161365 2.19285
0.0317588 0.405755 2.02066
0.0719872 0.537354 1.99659
-0.120378 0.328773 2.0263
-0.320861 0.156341 2.07792
-0.475415 0.0027081 2.0953
-0.505326 -0.0349649 2.09317
0.164083 0.296442 2.09198
0.214935 0.0886957 2.24518
0.310294 -0.0684956 2.35346
0.352499 -0.114814 2.37627
-0.141046 -0.0869597 2.31775
-0.143588 -0.364366 2.33156
-0.131191 -0.660009 2.39133
-0.12972 -0.734402 2.32369
0.00520372 -0.105825 2.32276
0.00928839 -0.376115 2.31247
0.0136504 -0.657358 2.39005
0.0238792 -0.731376 2.31843
0.0208604 0.345859 2.06759
-0.56785 -0.0833783 2.09824
-0.544317 -0.0234088 2.10579
0.383469 -0.149242 2.41797
0.348504 -0.15159 2.3635
-0.036441 -0.0830736 2.35425
-0.0173024 0.16731 2.19314
0.0109197 0.416676 2.02044
0.0425063 0.55271 1.99252
-0.144124 0.341278 2.03436
-0.320751 0.142812 2.09195
-0.470351 -0.0163135 2.10558
-0.493607 -0.0499426 2.10839
0.154252 0.320709 2.08458
0.230972 0.114804 2.23896
0.361976 -0.0169847 2.34379
0.392148 -0.0360367 2.34594
-0.111996 -0.0782999 2.31616
-0.123506 -0.356403 2.30968
-0.123946 -0.659524 2.38892
-0.130847 -0.733718 2.32196
0.0407031 -0.084531 2.3213
0.0378318 -0.358298 2.31776
0.0224436 -0.654965 2.39398
0.0305065 -0.731111 2.32355
0.00677698 0.355037 2.0662
-0.554399 -0.101382 2.1158
-0.529878 -0.041719 2.12109
0.434762 -0.0850377 2.39363
0.395978 -0.0716931 2.3333
0.000500478 -0.0800003 2.32767
-0.0117277 0.180596 2.19148
-0.0156687 0.444096 2.03979
0.00999207 0.581119 2.01077
-0.174505 0.359172 2.0623
-0.325562 0.145176 2.1062
-0.466616 -0.0222086 2.11628
-0.491549 -0.0511289 2.11099
0.145503 0.338223 2.08691
0.241766 0.151791 2.22604
0.40121 0.0369098 2.31186
0.449452 -0.00166055 2.32887
-0.0745099 -0.082546 2.28684
-0.0910145 -0.363259 2.27694
-0.114772 -0.663204 2.38384
-0.12994 -0.732812 2.31423
0.0755224 -0.0750247 2.29741
0.0714241 -0.358123 2.30931
0.0287798 -0.65735 2.39788
0.0353361 -0.732448 2.32493
-0.0122295 0.378761 2.07843
-0.550926 -0.108067 2.11741
-0.538746 -0.0615275 2.133
0.493465 -0.0341087 2.38238
0.451351 -0.0353581 2.32114
0.0223505 -0.0873335 2.29057
-0.0110295 0.19236 2.19211
-0.0445807 0.476257 2.08437
-0.0277586 0.617286 2.05347
-0.196363 0.366983 2.09718
-0.333054 0.148381 2.12749
-0.466055 -0.0267799 2.12404
-0.486569 -0.0513443 2.11431
0.124989 0.375574 2.11951
0.253788 0.174056 2.22106
0.425329 0.0531436 2.27412
0.463569 0.0257667 2.27686
-0.0525891 -0.0929386 2.25035
-0.055553 -0.383229 2.2497
-0.107677 -0.663846 2.37736
-0.122243 -0.733868 2.30964
0.0966334 -0.0789826 2.25955
0.084428 -0.364744 2.3017
0.0386072 -0.658507 2.39385
0.0405801 -0.733024 2.3277
-0.0352294 0.406963 2.1121
-0.546744 -0.116315 2.11713
-0.536912 -0.0789175 2.1315
0.520621 -0.0115898 2.32792
0.463244 -0.00599169 2.2502
0.021066 -0.0838753 2.26197
-0.0165089 0.20634 2.19366
-0.0567315 0.498508 2.11781
-0.0447805 0.638693 2.08618
-0.205951 0.37859 2.12428
-0.322196 0.157253 2.14334
-0.446091 -0.0248625 2.13291
-0.460515 -0.0542551 2.11539
0.119603 0.39125 2.13671
0.253903 0.191623 2.22127
0.429901 0.0695767 2.25884
0.469416 0.0278034 2.26608
-0.0539387 -0.0907572 2.22396
-0.0573602 -0.388903 2.24689
-0.106168 -0.661934 2.37459
-0.119483 -0.733103 2.31066
0.0954167 -0.0743327 2.2289
0.0851764 -0.367439 2.29086
0.0398901 -0.658399 2.39222
0.0386675 -0.732485 2.33223
-0.0467002 0.427066 2.13746
-0.506284 -0.12047 2.10521
-0.513736 -0.0946489 2.12525
0.522144 -0.00361679 2.31367
0.458413 0.00381223 2.2297
0.0095656 -0.076338 2.23688
-0.024124 0.219377 2.19705
-0.0614069 0.514281 2.14967
-0.0524953 0.65376 2.11879
-0.210513 0.393745 2.14803
-0.311614 0.158668 2.15464
-0.425289 -0.0300862 2.13736
-0.448177 -0.0817429 2.1072
0.118552 0.404403 2.1625
0.247581 0.20349 2.22995
0.420537 0.0735682 2.25802
0.459259 0.0288947 2.2685
-0.0652569 -0.0817073 2.19889
-0.0686771 -0.380276 2.24083
-0.107032 -0.660301 2.37276
-0.122223 -0.732576 2.31108
0.0840732 -0.0685343 2.20377
0.0781166 -0.369486 2.28387
0.0394924 -0.658235 2.39219
0.0388167 -0.73301 2.33117
-0.052595 0.442211 2.16224
-0.482374 -0.129883 2.10804
-0.478497 -0.107223 2.116
0.512279 -0.00678257 2.31168
0.448706 0.00412696 2.23967
-0.0149665 -0.0762291 2.21368
-0.0319601 0.222836 2.20066
-0.0580653 0.516159 2.17893
-0.0497074 0.653428 2.14907
-0.213519 0.394181 2.1685
-0.305019 0.155566 2.16998
-0.418108 -0.0326221 2.13899
-0.446464 -0.0830953 2.11817
0.115828 0.406891 2.1866
0.237596 0.188896 2.2605
0.404555 0.0507553 2.28676
0.438575 0.000945305 2.29938
-0.0909112 -0.0787151 2.1733
-0.0978365 -0.366439 2.2308
-0.110887 -0.657229 2.37135
-0.125732 -0.730072 2.30923
0.0613348 -0.0711231 2.18277
0.0615192 -0.370806 2.25807
0.0333862 -0.657745 2.3902
0.0386297 -0.732669 2.32834
-0.0526881 0.444541 2.18488
-0.479288 -0.127715 2.11964
-0.475483 -0.0935706 2.13233
0.490468 -0.0322469 2.32721
0.424071 -0.0228258 2.273
-0.0509528 -0.0826605 2.20047
-0.0423954 0.218926 2.21013
-0.0398219 0.507091 2.21484
-0.0343431 0.642182 2.18342
-0.207566 0.389103 2.18426
-0.308429 0.155813 2.17688
-0.431659 -0.0267544 2.16768
-0.475087 -0.0677618 2.16076
0.122905 0.394401 2.22538
0.232737 0.159666 2.2925
0.379768 0.0018636 2.32449
0.413931 -0.0525745 2.32926
-0.123619 -0.0803351 2.16211
-0.13816 -0.367695 2.20994
-0.123851 -0.653896 2.36567
-0.134111 -0.731047 2.31136
0.0229162 -0.0826831 2.16769
0.0349878 -0.375345 2.22343
0.0244935 -0.660268 2.3844
0.0373811 -0.733021 2.32512
-0.042167 0.436629 2.21485
-0.505943 -0.112309 2.17647
-0.450119 -0.0664954 2.163
0.461766 -0.0961991 2.37499
0.414339 -0.0802459 2.298
-0.0879155 -0.0902779 2.20489
-0.0480948 0.212838 2.21733
-0.0188941 0.500525 2.22413
-0.00788273 0.632288 2.19178
-0.202685 0.390981 2.18093
-0.317467 0.169184 2.17658
-0.461497 0.00346862 2.17944
-0.479112 -0.000891649 2.1682
0.132809 0.38185 2.23959
0.229042 0.153949 2.2991
0.357972 -0.0148269 2.34523
0.401392 -0.075335 2.34584
-0.158063 -0.0815707 2.16563
-0.165355 -0.371196 2.21161
-0.13284 -0.656633 2.3657
-0.137553 -0.732981 2.31515
-0.0152661 -0.0964 2.17325
0.00772942 -0.385118 2.21532
0.0142215 -0.662069 2.37768
0.0346056 -0.733774 2.32073
-0.0285291 0.430233 2.22407
-0.534314 -0.0652158 2.18273
-0.479349 0.00834488 2.17111
0.453815 -0.132009 2.39454
0.403973 -0.0951426 2.31078
-0.104804 -0.0948925 2.21968
-0.0481204 0.208275 2.21905
0.0089733 0.49202 2.20723
0.0289724 0.621246 2.17689
-0.159169 0.391532 2.16036
-0.341427 0.189277 2.16985
-0.502274 0.0396699 2.16659
-0.51532 0.0467391 2.154
0.139444 0.373369 2.24117
0.219943 0.144586 2.30637
0.330322 -0.03275 2.36425
0.378246 -0.0993254 2.36437
-0.173033 -0.0825782 2.17531
-0.182111 -0.37678 2.23686
-0.139134 -0.664161 2.3713
-0.14204 -0.736333 2.31248
-0.0334947 -0.10448 2.19371
-0.0282428 -0.384121 2.21422
0.00679976 -0.666846 2.37782
0.0312149 -0.735064 2.31803
-0.00716562 0.422097 2.2137
-0.574997 -0.0053654 2.16438
-0.539002 0.0444064 2.15975
0.431712 -0.154999 2.40576
0.387962 -0.127557 2.33071
-0.118626 -0.107411 2.2691
-0.043686 0.192431 2.22346
0.0314687 0.471773 2.16994
0.061948 0.595197 2.13151
-0.150129 0.386462 2.14522
-0.350541 0.209845 2.15652
-0.526189 0.078176 2.1524
-0.536468 0.0847637 2.14157
0.150905 0.342181 2.22129
0.204577 0.130007 2.30808
0.289885 -0.0535242 2.38306
0.321882 -0.125143 2.40028
-0.187073 -0.092641 2.22343
-0.173168 -0.389265 2.27286
-0.138382 -0.662255 2.37594
-0.142718 -0.734201 2.31348
-0.0465887 -0.118802 2.24433
-0.0463824 -0.388959 2.23435
0.00327275 -0.667248 2.37902
0.0287469 -0.734413 2.31701
0.0120937 0.403306 2.18759
-0.600483 0.0486715 2.1443
-0.568825 0.10155 2.15783
0.364292 -0.184767 2.43261
0.322695 -0.13798 2.36286
-0.120347 -0.108613 2.30991
-0.0415211 0.183665 2.22974
0.0371234 0.459094 2.14834
0.0699179 0.575069 2.09535
-0.134945 0.375469 2.12284
-0.34851 0.210516 2.15302
-0.524685 0.0797894 2.15206
-0.536493 0.0693861 2.15376
0.156137 0.327698 2.20849
0.193938 0.116648 2.31606
0.270673 -0.0640561 2.40375
0.289935 -0.132591 2.42985
-0.188985 -0.0914193 2.26602
-0.166585 -0.383197 2.29656
-0.137591 -0.661182 2.37909
-0.141385 -0.735389 2.31639
-0.048047 -0.122439 2.28306
-0.0473915 -0.393577 2.26168
0.00226497 -0.667363 2.38192
0.0215183 -0.735483 2.31784
0.0172285 0.392096 2.17335
-0.596884 0.0277177 2.16552
-0.566399 0.0883608 2.17083
0.322581 -0.183249 2.47384
0.294358 -0.180163 2.41257
-0.109041 -0.103209 2.3472
-0.0391351 0.177378 2.23425
0.0327121 0.44012 2.11708
0.0667152 0.556743 2.05624
-0.129213 0.360467 2.10462
-0.33648 0.189473 2.15382
-0.508186 0.0557159 2.17138
-0.523276 0.031259 2.17418
0.158466 0.319694 2.19263
0.186182 0.113267 2.3281
0.258636 -0.0632705 2.42578
0.270406 -0.118814 2.45931
-0.177582 -0.091631 2.30413
-0.167193 -0.376027 2.31309
-0.136937 -0.662438 2.38293
-0.138459 -0.734847 2.32002
-0.0372704 -0.111634 2.31953
-0.032728 -0.383357 2.29291
-0.000175137 -0.665604 2.38472
0.0184804 -0.734892 2.31942
0.015577 0.376259 2.15166
-0.580257 -0.0127051 2.18488
-0.55103 0.0550513 2.19079
0.295512 -0.157987 2.50162
0.268306 -0.164182 2.44071
-0.0897377 -0.103354 2.38409
-0.0339594 0.166025 2.24122
0.0267763 0.421423 2.09628
0.0576981 0.532081 2.02664
-0.130427 0.335811 2.08907
-0.318769 0.156121 2.15772
-0.472974 0.0069964 2.19342
-0.493896 -0.0218371 2.19748
0.155334 0.313731 2.17457
0.177624 0.109845 2.33836
0.24652 -0.0546481 2.45502
0.256037 -0.10486 2.50238
-0.159509 -0.0927687 2.34395
-0.162686 -0.370399 2.32649
-0.134355 -0.663235 2.3888
-0.136235 -0.73407 2.31985
-0.0173363 -0.11088 2.35365
-0.00772779 -0.382521 2.32232
0.00575812 -0.662226 2.39117
0.0250465 -0.732354 2.31861
0.0123654 0.359531 2.13666
-0.556337 -0.0654476 2.21747
-0.524702 -0.00483737 2.21157
0.285532 -0.148458 2.56324
0.246676 -0.142298 2.4778
-0.0647741 -0.0921828 2.40896
-0.0270294 0.165564 2.24365
0.0152531 0.41422 2.06754
0.0400793 0.520691 2.0028
-0.135586 0.322861 2.08085
-0.304131 0.110497 2.1727
-0.440664 -0.0527871 2.21546
-0.448157 -0.0783261 2.21704
0.149789 0.316444 2.15485
0.186626 0.116128 2.34459
0.267898 -0.0239806 2.48083
0.287618 -0.0667127 2.52411
-0.136469 -0.0845777 2.36865
-0.142243 -0.362462 2.3429
-0.127577 -0.661064 2.39544
-0.133734 -0.732809 2.32127
0.00897898 -0.0969119 2.37842
0.0287508 -0.367504 2.35881
0.0193066 -0.653929 2.40269
0.035965 -0.730452 2.32422
0.00570764 0.352983 2.11535
-0.50104 -0.1351 2.23494
-0.481765 -0.064396 2.22847
0.311675 -0.0892512 2.59289
0.275974 -0.100385 2.49425
-0.0311064 -0.080109 2.40555
-0.0194271 0.173536 2.23963
0.00210536 0.423876 2.05886
0.020735 0.530817 1.99875
-0.147381 0.328373 2.081
-0.29211 0.110525 2.16943
-0.410931 -0.0658753 2.21367
-0.425194 -0.102752 2.21238
0.143655 0.329409 2.14358
0.196686 0.143261 2.33141
0.303425 0.0114942 2.45893
0.328756 -0.0155414 2.46871
-0.105791 -0.0782273 2.36551
-0.109967 -0.359485 2.33374
-0.12106 -0.661472 2.3948
-0.13176 -0.732178 2.31745
0.0446927 -0.0793336 2.37453
0.0494612 -0.358605 2.36705
0.0256049 -0.653096 2.41092
0.0395057 -0.730312 2.32844
-0.00189182 0.361708 2.10708
-0.46319 -0.160475 2.23013
-0.462396 -0.0976668 2.22394
0.372666 -0.0491329 2.53835
0.336493 -0.0696135 2.47243
0.0051646 -0.0768393 2.36996
-0.010976 0.183446 2.23977
-0.0169041 0.44469 2.10095
-0.00558758 0.5671 2.02616
-0.167659 0.352462 2.10533
-0.280895 0.12037 2.16885
-0.390162 -0.0656764 2.20104
-0.407655 -0.104178 2.18962
0.137062 0.35728 2.15328
0.209872 0.165296 2.31446
0.338884 0.0296121 2.41755
0.367375 -0.000297087 2.41983
-0.0709563 -0.0801775 2.33172
-0.0741474 -0.365866 2.3057
-0.111244 -0.666359 2.38852
-0.123952 -0.732553 2.3162
0.0811607 -0.0710673 2.33707
0.0687993 -0.361128 2.35321
0.0334068 -0.656201 2.40985
0.0423154 -0.732418 2.32747
-0.0134813 0.380733 2.1358
-0.445245 -0.164439 2.19512
-0.448962 -0.109826 2.21083
0.409516 -0.0411805 2.47881
0.375212 -0.0492375 2.4081
0.0244971 -0.0782096 2.31178
-0.00194295 0.201788 2.23816
-0.02238 0.48604 2.15387
-0.017951 0.61004 2.07934
-0.176551 0.386009 2.15184
-0.268824 0.144844 2.17776
-0.369706 -0.0511495 2.1732
-0.404445 -0.096861 2.14976
0.137003 0.390021 2.17786
0.230338 0.180947 2.29533
0.376929 0.0372812 2.36247
0.412038 -0.0124271 2.35977
-0.0511744 -0.0821864 2.27372
-0.0459493 -0.378326 2.27917
-0.100391 -0.662375 2.38249
-0.107694 -0.734619 2.31564
0.0994067 -0.0717415 2.27872
0.0751912 -0.368877 2.32445
0.0363126 -0.66083 2.40223
0.0308992 -0.736072 2.33642
-0.0166248 0.416189 2.17499
-0.431019 -0.146048 2.1467
-0.437502 -0.0991642 2.17533
0.448804 -0.0476732 2.4091
0.410132 -0.0453887 2.33145
0.0202064 -0.0738504 2.28029
0.000929047 0.215277 2.23742
-0.0154525 0.506109 2.18158
-0.0153661 0.636981 2.11486
-0.171632 0.400092 2.17498
-0.260458 0.158548 2.18541
-0.36742 -0.0341931 2.16539
-0.405749 -0.0773091 2.13931
0.144618 0.401682 2.19227
0.245097 0.182929 2.28696
0.395816 0.0323415 2.33009
0.413898 -0.000976249 2.31856
-0.0552236 -0.0756008 2.24223
-0.0620272 -0.381648 2.26217
-0.102708 -0.661671 2.37892
-0.109751 -0.734544 2.31608
0.094972 -0.0697748 2.24717
0.0753901 -0.365583 2.30454
0.0364518 -0.661809 2.40086
0.0346026 -0.734975 2.33388
-0.0114752 0.434766 2.19601
-0.431416 -0.119879 2.13311
-0.437856 -0.0819226 2.1618
0.464756 -0.0576352 2.36807
0.416207 -0.0367882 2.29106
0.000719229 -0.0700764 2.2541
-0.00141057 0.222692 2.23669
-0.00601008 0.516261 2.20572
-0.00663793 0.648475 2.14842
-0.164027 0.405978 2.19305
-0.254156 0.168137 2.18921
-0.363298 -0.0231525 2.16445
-0.399673 -0.0671124 2.14428
0.155119 0.407802 2.20731
0.256921 0.179904 2.27785
0.403805 0.0221355 2.31043
0.432702 -0.0344916 2.30111
-0.0744096 -0.0682739 2.21728
-0.0818608 -0.369947 2.25564
-0.105244 -0.660902 2.37775
-0.120517 -0.731273 2.31273
0.0758012 -0.0696711 2.21976
0.0681184 -0.362261 2.29217
0.0338063 -0.659062 2.39727
0.0362044 -0.733676 2.32945
-0.0058536 0.444473 2.21351
-0.428171 -0.110623 2.14188
-0.433887 -0.0747192 2.17517
0.475731 -0.0774605 2.34822
0.431247 -0.0635129 2.27564
-0.006817 -0.0703834 2.24383
-0.00187313 0.224931 2.23775
0.00241242 0.518353 2.22348
0.00269088 0.651162 2.17132
-0.161792 0.404373 2.19775
-0.253334 0.170592 2.18941
-0.361394 -0.0215982 2.16938
-0.397209 -0.0674172 2.15671
0.162122 0.407487 2.22204
0.263636 0.173511 2.26903
0.403075 0.00830254 2.29869
0.433275 -0.0493154 2.28785
-0.0813521 -0.0684167 2.20616
-0.0952003 -0.360848 2.26319
-0.107784 -0.658222 2.37872
-0.123629 -0.730627 2.31235
0.067924 -0.0701392 2.21023
0.0607826 -0.364981 2.2856
0.0301944 -0.656608 2.39529
0.0362023 -0.733422 2.32913
0.00049566 0.446956 2.22793
-0.428778 -0.111743 2.16328
-0.42516 -0.0731142 2.186
0.477622 -0.0964406 2.34196
0.433398 -0.0757206 2.2573
-0.016152 -0.072347 2.23576
-0.00414649 0.226202 2.23894
0.00436731 0.518937 2.23169
0.00880396 0.653152 2.18667
-0.161673 0.401578 2.19761
-0.254078 0.173923 2.18676
-0.360365 -0.019445 2.17204
-0.375931 -0.035224 2.16286
0.164529 0.402837 2.22857
0.263341 0.165341 2.26004
0.385687 -0.00982976 2.3015
0.416297 -0.0671036 2.28372
-0.0898021 -0.0700649 2.19796
-0.10673 -0.356776 2.27496
-0.111153 -0.655056 2.38067
-0.126476 -0.730114 2.31397
0.0579246 -0.072335 2.20239
0.0494107 -0.365382 2.28203
0.0277715 -0.654624 2.39326
0.0360958 -0.732821 2.32828
0.00161517 0.447503 2.23487
-0.422086 -0.10664 2.17143
-0.379512 -0.0596315 2.166
0.458341 -0.116407 2.33573
0.419629 -0.095886 2.25271
-0.0196897 -0.0733234 2.23462
-0.00629613 0.227147 2.23924
0.00408615 0.51983 2.23259
0.00933299 0.654388 2.18937
-0.160811 0.401808 2.19774
-0.257051 0.176072 2.18533
-0.363131 -0.0174089 2.17671
-0.405155 -0.0598841 2.16216
0.16351 0.400502 2.22861
0.255137 0.161028 2.25332
0.367389 -0.0174764 2.3051
0.396571 -0.0730988 2.2788
-0.09335 -0.070885 2.19624
-0.110921 -0.355486 2.28156
-0.113527 -0.653223 2.38144
-0.127667 -0.729701 2.3145
0.0544732 -0.0734463 2.20181
0.044729 -0.363813 2.28191
0.025952 -0.653428 2.39283
0.0355038 -0.731066 2.32521
0.00116594 0.448251 2.23582
-0.437638 -0.106828 2.17552
-0.424788 -0.105101 2.164
0.442061 -0.127395 2.32249
0.398645 -0.100069 2.24237
-0.0234575 -0.0734765 2.23406
-0.00922893 0.228373 2.23852
0.00294782 0.521332 2.23104
0.0081054 0.655779 2.18966
-0.162968 0.402541 2.19726
-0.261754 0.177786 2.1846
-0.373667 -0.0120853 2.1825
-0.417839 -0.0552787 2.16786
0.161199 0.397889 2.22505
0.248345 0.158594 2.25011
0.360572 -0.0220665 2.29574
0.388528 -0.0807332 2.27139
-0.0969241 -0.0710529 2.1957
-0.113215 -0.352867 2.28651
-0.115602 -0.651657 2.38116
-0.12915 -0.729903 2.31532
0.0506844 -0.0735782 2.20127
0.0420332 -0.362683 2.28431
0.0247953 -0.651818 2.39189
0.0317304 -0.730325 2.32429
-0.000181671 0.449534 2.23484
-0.448848 -0.101252 2.18391
-0.438655 -0.0924978 2.1745
0.436033 -0.127476 2.32399
0.386426 -0.10447 2.2379
-0.0261393 -0.0728365 2.23534
-0.0121254 0.229843 2.23707
-0.000260811 0.523661 2.22472
0.00470218 0.659647 2.18639
-0.166365 0.405175 2.19552
-0.272128 0.180956 2.18806
-0.387131 -0.0068965 2.18779
-0.429603 -0.0527482 2.17205
0.158184 0.399155 2.2225
0.24414 0.158936 2.24758
0.358321 -0.0222391 2.28759
0.390128 -0.0763608 2.26626
-0.0995419 -0.070715 2.1969
-0.114792 -0.349867 2.29398
-0.116737 -0.650319 2.38138
-0.130347 -0.729155 2.31685
0.0479987 -0.0726281 2.20272
0.0400984 -0.358135 2.29269
0.0241331 -0.650295 2.39258
0.0319073 -0.729721 2.32415
-0.00321176 0.451579 2.23019
-0.455241 -0.0980845 2.18542
-0.440534 -0.100031 2.1765
0.437427 -0.117463 2.31454
0.386397 -0.0993009 2.23229
-0.0281446 -0.0712134 2.23786
-0.0150567 0.232022 2.23505
-0.00439213 0.526263 2.21612
7.77914e-005 0.662023 2.17915
-0.17076 0.408776 2.19316
-0.277046 0.180657 2.1901
-0.39736 -0.00369235 2.19074
-0.439487 -0.0471007 2.17565
0.155011 0.402187 2.21921
0.241542 0.160469 2.24572
0.35775 -0.0196237 2.28501
0.396077 -0.0709745 2.25852
-0.101726 -0.0691804 2.19982
-0.115801 -0.348544 2.29981
-0.117506 -0.649401 2.38204
-0.131106 -0.729044 2.31822
0.0462693 -0.0709743 2.20489
0.0396706 -0.354888 2.30266
0.0236053 -0.648881 2.39327
0.0322396 -0.729359 2.32377
-0.00705719 0.454151 2.22339
-0.470094 -0.0959716 2.20009
-0.43695 -0.0612093 2.17393
0.446173 -0.117277 2.31098
0.387074 -0.0863673 2.21822
-0.029993 -0.0690259 2.24161
-0.0173646 0.233714 2.23389
-0.00775714 0.527831 2.20988
-0.00403892 0.664885 2.17432
-0.173856 0.410835 2.19066
-0.280077 0.180353 2.19153
-0.400892 -0.00366044 2.19196
-0.441728 -0.048673 2.18119
0.151259 0.405281 2.21586
0.235279 0.167326 2.24415
0.353824 -0.0123807 2.2795
0.397617 -0.0632723 2.24892
-0.103914 -0.0671775 2.20409
-0.116199 -0.347962 2.30507
-0.118235 -0.648062 2.38272
-0.131416 -0.728909 2.31935
0.0448174 -0.068648 2.20816
0.0405358 -0.353462 2.30961
0.0233573 -0.648103 2.39413
0.0318398 -0.729214 2.32438
-0.0101298 0.455781 2.21854
-0.470624 -0.0965086 2.20213
-0.435412 -0.054989 2.218
0.450116 -0.109868 2.28839
0.392986 -0.0833356 2.213
-0.0310948 -0.0677772 2.24511
-0.0185922 0.234424 2.23332
-0.00921302 0.528132 2.20628
-0.00778883 0.665692 2.16954
-0.176014 0.411552 2.18778
-0.278298 0.180721 2.19193
-0.396862 -0.00457719 2.19511
-0.4027 -0.0223164 2.18314
0.148873 0.407089 2.21308
0.233482 0.167561 2.24431
0.351976 -0.0127672 2.27745
0.393375 -0.0630926 2.24068
-0.105058 -0.0664567 2.2068
-0.115826 -0.347111 2.30776
-0.118656 -0.648163 2.38403
-0.131288 -0.728675 2.31943
0.0438497 -0.0668607 2.21258
0.0409026 -0.352321 2.31649
0.0230082 -0.648096 2.39531
0.0304613 -0.728891 2.32514
-0.0115849 0.456225 2.21566
-0.444365 -0.0890506 2.18071
-0.414818 -0.0567683 2.1965
0.449793 -0.110788 2.28153
0.386885 -0.0789472 2.20529
-0.0325246 -0.0665438 2.25023
-0.0200138 0.234862 2.23351
-0.0106562 0.527615 2.20386
-0.0108631 0.666061 2.16571
-0.176659 0.411004 2.1841
-0.26992 0.178344 2.19301
-0.377188 -0.0131609 2.20318
-0.378135 -0.0263842 2.18993
0.14618 0.408969 2.21308
0.227287 0.169959 2.2455
0.343496 -0.0124375 2.2765
0.377771 -0.066654 2.24484
-0.106686 -0.0653481 2.21196
-0.115296 -0.347819 2.31167
-0.119132 -0.648389 2.38459
-0.13126 -0.728645 2.31994
0.0426669 -0.0655739 2.21761
0.0410906 -0.352057 2.32151
0.022048 -0.647847 2.39703
0.0274482 -0.729232 2.32666
-0.0129853 0.455966 2.21392
-0.419674 -0.0941613 2.19499
-0.382718 -0.0567549 2.18955
0.429313 -0.116615 2.27708
0.372217 -0.0819545 2.20767
