-0.0673004 0.139383 2.15848
-0.0522451 0.423789 2.10535
-0.0381298 0.697337 2.04142
-0.0168559 0.851057 1.99146
-0.197003 0.609158 2.07763
-0.290871 0.361675 2.11634
-0.380118 0.170801 2.1179
-0.415095 0.103925 2.11509
0.132741 0.604798 2.08747
0.183021 0.343386 2.12129
0.25394 0.128483 2.12896
0.270695 0.0546287 2.13075
-0.139571 0.140552 2.12407
-0.188894 -0.215542 2.26914
-0.217385 -0.584386 2.42489
-0.234727 -0.653033 2.34392
0.00696125 0.133755 2.12451
0.029175 -0.226757 2.26085
0.0248483 -0.591513 2.40523
0.0336183 -0.674333 2.33917
-0.0416219 0.630511 2.05928
-0.444759 0.0256482 2.12145
-0.433135 0.135453 2.10583
0.298924 -0.0219507 2.13523
0.22235 0.0768773 2.1391
-0.069988 0.139078 2.15813
-0.0540468 0.423768 2.10577
-0.0390699 0.697546 2.04241
-0.0170235 0.851178 1.99311
-0.198136 0.609159 2.07787
-0.292317 0.361408 2.11482
-0.382587 0.170612 2.11415
-0.415999 0.105257 2.11017
0.131542 0.604602 2.08899
0.180914 0.342985 2.12265
0.253057 0.128019 2.12906
0.268214 0.0532786 2.13441
-0.142357 0.140292 2.12335
-0.19164 -0.21587 2.27005
-0.2175 -0.583716 2.42432
-0.234612 -0.652843 2.34342
0.0045044 0.133432 2.12447
0.0277157 -0.226065 2.26013
0.025002 -0.590818 2.4058
0.0336688 -0.673903 2.33854
-0.0427599 0.630665 2.06015
-0.446835 0.0245311 2.11645
-0.436781 0.13824 2.09871
0.290986 -0.0224056 2.14109
0.240661 0.0443837 2.11676
-0.0734639 0.138655 2.15779
-0.056333 0.423726 2.10638
-0.0403327 0.697837 2.04382
-0.0179421 0.851479 1.99524
-0.199764 0.608718 2.07842
-0.295275 0.361093 2.11345
-0.384703 0.170379 2.1115
-0.41836 0.104163 2.10489
0.129405 0.604437 2.09124
0.178108 0.342576 2.12427
0.249862 0.128936 2.13146
0.261684 0.0544609 2.1364
-0.145978 0.140069 2.12252
-0.194248 -0.214686 2.26871
-0.217708 -0.582743 2.42361
-0.234915 -0.652583 2.34374
0.00128763 0.132829 2.12457
0.024777 -0.228325 2.26052
0.0244537 -0.591429 2.40779
0.0335961 -0.673434 2.3369
-0.0442496 0.630875 2.06137
-0.452245 0.0232629 2.11636
-0.437864 0.137233 2.09257
0.287937 -0.0215802 2.14009
0.233118 0.0382174 2.125
-0.0759722 0.13808 2.15804
-0.0587825 0.423497 2.1075
-0.0424485 0.698045 2.04602
-0.0199497 0.851521 1.99864
-0.201868 0.608558 2.07891
-0.298417 0.360851 2.11148
-0.388073 0.169798 2.10838
-0.421821 0.103706 2.10417
0.126671 0.603604 2.09352
0.174013 0.341521 2.12669
0.246524 0.127185 2.13369
0.258165 0.0530028 2.14151
-0.148331 0.139756 2.1224
-0.195545 -0.213297 2.26748
-0.217812 -0.582539 2.42325
-0.23498 -0.652452 2.34401
-0.00133786 0.13199 2.12526
0.0230782 -0.227897 2.25951
0.0238755 -0.590708 2.40691
0.0333121 -0.673103 2.33597
-0.046477 0.630967 2.0633
-0.453723 0.0255217 2.11126
-0.43974 0.138832 2.08987
0.280305 -0.0219952 2.14877
0.234004 0.0329914 2.1233
-0.0785598 0.138184 2.15828
-0.0622078 0.423576 2.10868
-0.0463491 0.698099 2.04833
-0.0229522 0.851738 2.00122
-0.205585 0.608451 2.07956
-0.301962 0.360474 2.11103
-0.391042 0.169602 2.10699
-0.425982 0.104795 2.10487
0.12282 0.603048 2.09594
0.1696 0.340968 2.12963
0.243053 0.126868 2.13749
0.255069 0.0531118 2.14641
-0.150812 0.139672 2.12241
-0.196521 -0.212882 2.26684
-0.217995 -0.582269 2.42288
-0.233217 -0.650985 2.3456
-0.00390783 0.132291 2.1257
0.0208312 -0.229358 2.26003
0.0228472 -0.590285 2.40744
0.0329808 -0.67273 2.33558
-0.0502954 0.631031 2.06534
-0.456516 0.0264463 2.10909
-0.444132 0.136995 2.0899
0.280444 -0.0225055 2.14985
0.22359 0.0474957 2.12904
-0.0800182 0.138839 2.15915
-0.0638296 0.424051 2.10909
-0.0481505 0.69847 2.0483
-0.0246641 0.852226 2.00119
-0.207326 0.608682 2.07928
-0.303901 0.360786 2.11075
-0.392951 0.170277 2.10659
-0.42751 0.105277 2.1061
0.121044 0.603937 2.09668
0.16818 0.342064 2.13113
0.241372 0.128725 2.13998
0.257127 0.0538974 2.14898
-0.152333 0.140327 2.12355
-0.197203 -0.213075 2.26699
-0.218455 -0.582234 2.42258
-0.233597 -0.651371 2.34515
-0.00527595 0.132948 2.1264
0.0200446 -0.228962 2.26037
0.0224954 -0.590249 2.40699
0.03255 -0.67241 2.33631
-0.0520426 0.631422 2.06543
-0.457738 0.025526 2.11255
-0.445812 0.134661 2.08656
0.285737 -0.0216605 2.1591
0.226306 0.0387013 2.13672
-0.0838504 0.141879 2.16741
-0.064787 0.425127 2.11018
-0.0480253 0.699351 2.04656
-0.025091 0.853177 1.99924
-0.206748 0.609643 2.07817
-0.304606 0.362676 2.11172
-0.394386 0.172274 2.10788
-0.430296 0.111105 2.11382
0.120861 0.604424 2.09618
0.169091 0.343559 2.13455
0.24089 0.130734 2.14336
0.259345 0.0609402 2.15459
-0.155975 0.144209 2.13106
-0.199222 -0.211476 2.26857
-0.218857 -0.58294 2.42367
-0.233965 -0.65184 2.34512
-0.00917094 0.135084 2.13545
0.0180457 -0.226556 2.26436
0.022505 -0.590701 2.40869
0.0318127 -0.672477 2.33747
-0.0522375 0.632148 2.06473
-0.460386 0.0310947 2.1232
-0.449423 0.149212 2.10473
0.28497 -0.0164253 2.16142
0.221556 0.0649687 2.14239
-0.089261 0.150964 2.18701
-0.0652874 0.428198 2.11219
-0.0436723 0.701039 2.03446
-0.01886 0.853582 1.98484
-0.20052 0.615659 2.06826
-0.303134 0.37308 2.11253
-0.39646 0.183341 2.11235
-0.432463 0.121747 2.11971
0.123731 0.606485 2.09055
0.174219 0.348042 2.1376
0.24313 0.13341 2.14878
0.263302 0.0603279 2.15982
-0.161223 0.155035 2.14931
-0.205642 -0.205399 2.28009
-0.22005 -0.582605 2.42422
-0.235023 -0.652277 2.34506
-0.0145391 0.142171 2.1564
0.0131763 -0.221916 2.27533
0.0222933 -0.58916 2.41232
0.0301985 -0.67064 2.33941
-0.0497324 0.634345 2.05787
-0.463811 0.0452587 2.13614
-0.451075 0.154267 2.105
0.287293 -0.0193772 2.17219
0.241261 0.0314623 2.14538
-0.0879353 0.163144 2.22436
-0.0624265 0.431978 2.1168
-0.0333107 0.69668 2.00736
-0.00420597 0.84774 1.95527
-0.190022 0.619532 2.05073
-0.301887 0.386222 2.11201
-0.399113 0.1936 2.11951
-0.437172 0.130957 2.13093
0.131183 0.604043 2.07536
0.182676 0.351498 2.14188
0.247705 0.140729 2.15842
0.267017 0.066044 2.17185
-0.161035 0.16769 2.18388
-0.209519 -0.201379 2.30866
-0.223594 -0.576413 2.42758
-0.235728 -0.652375 2.34556
-0.012106 0.153564 2.19647
0.0119496 -0.215851 2.29748
0.0232141 -0.587679 2.41558
0.0291495 -0.66959 2.34111
-0.0410696 0.632866 2.03978
-0.467109 0.0541776 2.15324
-0.453662 0.157413 2.10955
0.289892 -0.0123784 2.18193
0.242149 0.0451905 2.16073
-0.0806358 0.170003 2.25112
-0.0587722 0.432384 2.12069
-0.0307619 0.687541 1.98928
-0.000112531 0.83631 1.93383
-0.187622 0.616552 2.03734
-0.304719 0.390286 2.11026
-0.400153 0.196955 2.12198
-0.438675 0.13094 2.13112
0.131539 0.601969 2.06876
0.190788 0.354045 2.14323
0.251412 0.150721 2.16389
0.274346 0.077256 2.17849
-0.154092 0.173017 2.21159
-0.203152 -0.217294 2.33828
-0.224296 -0.574478 2.42873
-0.236047 -0.652536 2.34509
-0.00471181 0.161821 2.22233
0.0150373 -0.212286 2.31731
0.0226435 -0.587327 2.41925
0.0276929 -0.668068 2.3439
-0.0376516 0.626334 2.02692
-0.468062 0.0563148 2.14688
-0.457276 0.16791 2.1192
0.298567 0.00205035 2.18609
0.259545 0.032695 2.1701
-0.0565726 0.175563 2.27492
-0.0491837 0.429264 2.12628
-0.0317994 0.674223 1.97572
-0.00633848 0.823769 1.9174
-0.187572 0.609209 2.02809
-0.30687 0.387864 2.10951
-0.399218 0.194091 2.12118
-0.428672 0.121832 2.12373
0.130405 0.601677 2.06431
0.196996 0.357373 2.14311
0.26112 0.157922 2.16763
0.287879 0.0851075 2.17888
-0.129419 0.176498 2.24114
-0.194197 -0.220403 2.34552
-0.222671 -0.578908 2.43035
-0.236062 -0.652551 2.34502
0.0179707 0.169222 2.24053
0.0245585 -0.206343 2.33735
0.0223965 -0.586687 2.42174
0.0270316 -0.666637 2.34531
-0.0358835 0.615719 2.01727
-0.457544 0.0486788 2.13206
-0.453813 0.141998 2.11244
0.314849 0.00952807 2.18516
0.265097 0.0524075 2.17536
-0.0186714 0.177274 2.28839
-0.0336731 0.425242 2.13143
-0.0366386 0.665526 1.96884
-0.021682 0.812801 1.91077
-0.187713 0.598119 2.02705
-0.297399 0.373504 2.11227
-0.37948 0.171297 2.11958
-0.400373 0.0977922 2.11866
0.130374 0.601106 2.04006
0.210082 0.367792 2.13434
0.287897 0.160051 2.15709
0.317653 0.0894245 2.15916
-0.0929703 0.173577 2.25736
-0.159167 -0.227531 2.33601
-0.216099 -0.582043 2.42985
-0.235139 -0.651551 2.34612
0.0564737 0.175723 2.25107
0.0609237 -0.207912 2.35445
0.0268766 -0.584741 2.43232
0.0354715 -0.663079 2.34066
-0.0362333 0.608281 2.01252
-0.429948 0.0249082 2.11854
-0.428502 0.127647 2.115
0.34525 0.01486 2.17046
0.305376 0.0340977 2.15894
0.0101868 0.171368 2.28431
-0.0185105 0.421388 2.13413
-0.0371214 0.66291 1.9721
-0.0331857 0.808053 1.92142
-0.18959 0.587605 2.03861
-0.278124 0.353199 2.12287
-0.357747 0.154654 2.12081
-0.375239 0.0805442 2.11727
0.130298 0.601216 2.03836
0.227728 0.370013 2.12229
0.308861 0.15948 2.13679
0.341097 0.0886972 2.1304
-0.0649271 0.16484 2.25369
-0.124311 -0.244918 2.3033
-0.20467 -0.585145 2.4233
-0.233446 -0.652641 2.34412
0.0851204 0.172702 2.2465
0.0933791 -0.201252 2.35017
0.0374 -0.585747 2.4349
0.0369787 -0.663289 2.34145
-0.0340207 0.605031 2.01488
-0.401786 0.00535188 2.11223
-0.410596 0.0500376 2.10607
0.369454 0.0149799 2.13228
0.331892 0.024083 2.12793
0.035192 0.155964 2.26566
-0.00495913 0.416136 2.13515
-0.0342881 0.662966 1.99102
-0.038645 0.809866 1.94843
-0.186914 0.581313 2.0548
-0.26264 0.340384 2.13434
-0.337257 0.137157 2.12757
-0.352221 0.0638382 2.12727
0.133293 0.599003 2.04312
0.238523 0.366277 2.11495
0.324468 0.154805 2.11184
0.352925 0.0852382 2.09434
-0.0400041 0.147562 2.23663
-0.102448 -0.260809 2.2735
-0.19246 -0.588402 2.41279
-0.232622 -0.654621 2.33983
0.109408 0.159558 2.22619
0.113191 -0.209526 2.34252
0.0473715 -0.584611 2.4307
0.0395005 -0.66339 2.33946
-0.0276942 0.602962 2.02767
-0.373952 -0.01118 2.11849
-0.384054 0.0641684 2.12209
0.387358 0.0080989 2.07922
0.342641 0.034363 2.0925
0.0465493 0.1421 2.24056
0.0041984 0.41259 2.13426
-0.0274875 0.668883 2.01226
-0.0355891 0.819667 1.97873
-0.18292 0.576081 2.06926
-0.248822 0.329404 2.14149
-0.321254 0.126664 2.13257
-0.333874 0.0540776 2.13309
0.140719 0.596442 2.05629
0.246554 0.358481 2.11216
0.329585 0.155364 2.08415
0.355208 0.0868617 2.05863
-0.0288181 0.13231 2.21256
-0.0911052 -0.25999 2.25081
-0.187965 -0.589096 2.40467
-0.226655 -0.654615 2.32818
0.120512 0.147522 2.19997
0.120251 -0.227327 2.32155
0.0515656 -0.585469 2.4268
0.0410993 -0.665248 2.33749
-0.0197857 0.605612 2.04261
-0.356022 -0.0220785 2.13194
-0.346966 0.0665731 2.10044
0.388903 0.0109943 2.0415
0.339608 0.0443909 2.03664
0.0419219 0.131327 2.20065
0.00881382 0.412673 2.12907
-0.0199843 0.682234 2.03499
-0.0265371 0.836578 2.01028
-0.182241 0.57789 2.07387
-0.23859 0.326962 2.14106
-0.31019 0.124126 2.13525
-0.326965 0.0525307 2.13271
0.144824 0.597505 2.06762
0.247511 0.352927 2.10365
0.326693 0.15332 2.06462
0.347329 0.0859598 2.03706
-0.0322449 0.122562 2.17262
-0.102537 -0.26425 2.23282
-0.189677 -0.591763 2.39904
-0.225234 -0.655098 2.32434
0.114786 0.135995 2.1601
0.109909 -0.241684 2.27315
0.046599 -0.594861 2.4
0.0420172 -0.676835 2.32579
-0.0132068 0.615173 2.05763
-0.350804 -0.0275435 2.14342
-0.350644 0.085017 2.12486
0.380699 0.00893394 2.01122
0.330321 0.0418402 2.0281
0.0161913 0.127259 2.17142
0.00361133 0.41327 2.11995
-0.0163323 0.68657 2.04254
-0.0173243 0.843344 2.02275
-0.177222 0.585181 2.08956
-0.236783 0.329937 2.14013
-0.306858 0.130601 2.13191
-0.334777 0.0631566 2.12007
0.154458 0.595942 2.0736
0.243115 0.343493 2.09709
0.323101 0.145783 2.05801
0.342633 0.0765412 2.03972
-0.0578739 0.121532 2.14216
-0.127391 -0.264818 2.22591
-0.19919 -0.597515 2.39955
-0.226988 -0.657241 2.32536
0.0896792 0.129008 2.13209
0.0930313 -0.241666 2.23316
0.0431 -0.60387 2.38866
0.0419525 -0.678631 2.32417
-0.0116869 0.618574 2.06199
-0.35927 -0.0154204 2.12153
-0.36164 0.0897271 2.1148
0.377604 -0.00132794 2.02033
0.324716 0.0473793 2.01735
-0.0191532 0.124464 2.15174
-0.00960512 0.412791 2.11091
-0.0126423 0.688375 2.04792
-0.0094806 0.844937 2.02878
-0.174046 0.587493 2.09261
-0.242212 0.332423 2.13505
-0.317082 0.136769 2.12174
-0.352552 0.0698902 2.11358
0.156695 0.593364 2.07696
0.240436 0.338704 2.09702
0.315847 0.137002 2.06383
0.332182 0.0615924 2.05862
-0.0926162 0.123292 2.12319
-0.152871 -0.256655 2.22062
-0.203936 -0.597719 2.39815
-0.229003 -0.657827 2.32823
0.054709 0.121648 2.11164
0.0665575 -0.249285 2.20734
0.0340905 -0.609899 2.38245
0.0397321 -0.67798 2.32301
-0.0111293 0.619931 2.06436
-0.381509 -0.00871017 2.11955
-0.374697 0.106686 2.10146
0.366102 -0.0122928 2.04347
0.298926 0.0578693 2.07691
-0.051222 0.123739 2.14201
-0.0255195 0.412264 2.10417
-0.0114374 0.68863 2.04928
-0.00275929 0.845594 2.02967
-0.17363 0.589625 2.09217
-0.256937 0.337458 2.12659
-0.338886 0.156827 2.11126
-0.376297 0.0918533 2.10577
0.15752 0.590261 2.07998
0.22897 0.332341 2.1037
0.301453 0.12617 2.08162
0.314346 0.0512228 2.08065
-0.123515 0.127016 2.11026
-0.181125 -0.245376 2.21155
-0.210668 -0.596734 2.39504
-0.230362 -0.658231 2.32913
0.0223074 0.11645 2.1052
0.0405702 -0.257506 2.20283
0.0308482 -0.611991 2.37659
0.039496 -0.678042 2.32182
-0.011832 0.620342 2.06483
-0.404354 0.0134771 2.10598
-0.399033 0.121879 2.08779
0.34099 -0.0223206 2.07255
0.277042 0.0586583 2.10712
-0.0889552 0.127851 2.14008
-0.0479626 0.412487 2.09644
-0.0139499 0.687085 2.04278
0.0113254 0.841103 2.01417
-0.178328 0.595086 2.07485
-0.292428 0.356055 2.11128
-0.388664 0.175146 2.09996
-0.43224 0.116215 2.09361
0.153117 0.582157 2.07989
0.208257 0.322152 2.11482
0.268918 0.103734 2.10893
0.277758 0.0283926 2.11028
-0.160483 0.135402 2.10401
-0.214623 -0.22916 2.20864
-0.216587 -0.592419 2.3906
-0.232535 -0.656207 2.33301
-0.014846 0.116244 2.10768
0.00721095 -0.254401 2.20592
0.0202416 -0.604447 2.37701
0.0357286 -0.675202 2.32122
-0.0204304 0.619559 2.05785
-0.464744 0.0400638 2.10257
-0.451331 0.143283 2.077
0.300691 -0.0445534 2.10695
0.246209 0.0284998 2.11119
-0.113672 0.132078 2.15472
-0.0620222 0.411514 2.09447
-0.0196878 0.6802 2.02333
0.0231748 0.832842 1.98613
-0.182564 0.599772 2.05002
-0.316118 0.374915 2.0999
-0.429306 0.194322 2.09126
-0.476582 0.13832 2.0885
0.142675 0.579538 2.07583
0.190044 0.321602 2.12655
0.240724 0.103257 2.12676
0.241798 0.0276108 2.13298
-0.183969 0.141698 2.11534
-0.23326 -0.22695 2.22112
-0.219833 -0.591379 2.3928
-0.235168 -0.655743 2.33489
-0.0399 0.118218 2.12598
-0.014586 -0.259076 2.21875
0.0160886 -0.601795 2.37592
0.0303147 -0.672741 2.32259
-0.0296193 0.614837 2.04407
-0.510684 0.0636729 2.10407
-0.495325 0.168237 2.07283
0.266238 -0.0446468 2.13337
0.200415 0.0370795 2.13645
-0.12935 0.137473 2.18078
-0.0728355 0.410491 2.09415
-0.027688 0.672854 1.99732
0.0268508 0.819915 1.95491
-0.190438 0.600359 2.02746
-0.34203 0.390086 2.08455
-0.457555 0.209721 2.08013
-0.507879 0.15271 2.07803
0.132075 0.571774 2.06781
0.171638 0.317729 2.13584
0.20594 0.108434 2.14842
0.208342 0.0320865 2.15986
-0.199946 0.147314 2.13916
-0.2474 -0.220946 2.23347
-0.225664 -0.593031 2.39615
-0.237107 -0.656128 2.33587
-0.0546626 0.123297 2.15409
-0.0234615 -0.254457 2.23197
0.0136049 -0.598844 2.37761
0.0274474 -0.67023 2.32369
-0.0389954 0.609178 2.02524
-0.543309 0.0795881 2.09623
-0.523307 0.179888 2.05743
0.2295 -0.0417595 2.16607
0.164698 0.0456152 2.16282
-0.133561 0.147718 2.21853
-0.0815022 0.411099 2.09555
-0.0404358 0.665844 1.96535
0.0197888 0.80492 1.91663
-0.199056 0.595027 2.00059
-0.358298 0.395273 2.06891
-0.467561 0.214693 2.06797
-0.511615 0.148694 2.05819
0.115965 0.568859 2.05363
0.155133 0.321849 2.14019
0.180708 0.116576 2.1721
0.186557 0.0406521 2.18985
-0.204655 0.156492 2.17603
-0.251849 -0.205398 2.28401
-0.232304 -0.594404 2.40423
-0.238031 -0.656934 2.33666
-0.0583394 0.134417 2.19269
-0.026986 -0.248809 2.26487
0.0101092 -0.59474 2.38396
0.0259229 -0.668313 2.32535
-0.0508069 0.604288 2.00222
-0.548385 0.0798863 2.07504
-0.526897 0.185536 2.04667
0.199865 -0.034883 2.20027
0.154283 0.0399745 2.17075
