-0.018235 0.146812 2.18444
-0.011912 0.436581 2.12709
-0.00379472 0.715225 2.05952
0.00839531 0.872108 2.03768
-0.162705 0.61526 2.09416
-0.284884 0.376452 2.10973
-0.38627 0.192807 2.1018
-0.431019 0.133284 2.10226
0.164404 0.610989 2.09462
0.253725 0.358547 2.11657
0.348097 0.151355 2.10467
0.381729 0.0807175 2.09763
-0.0920665 0.145668 2.15319
-0.158529 -0.231716 2.28126
-0.21216 -0.584235 2.42445
-0.231135 -0.652766 2.34205
0.056249 0.143334 2.14719
0.0594518 -0.21955 2.27938
0.031585 -0.583654 2.41686
0.0311539 -0.670542 2.34085
-0.00592738 0.647161 2.07822
-0.467758 0.0553434 2.10614
-0.372995 0.151097 2.09991
0.412777 0.00712054 2.10256
0.355209 0.0903393 2.1415
-0.0140497 0.144586 2.18211
-0.00808624 0.434496 2.1287
-6.36303e-005 0.712797 2.06605
0.0107378 0.870695 2.04359
-0.160315 0.613727 2.09948
-0.284436 0.37576 2.11342
-0.386801 0.193103 2.10333
-0.430516 0.13227 2.104
0.167444 0.609608 2.0989
0.25444 0.355779 2.1168
0.349249 0.147419 2.10329
0.377417 0.0750933 2.09782
-0.0883191 0.143682 2.15133
-0.154159 -0.238116 2.27697
-0.211912 -0.585146 2.42343
-0.231121 -0.652835 2.34165
0.0607614 0.140932 2.14428
0.0614897 -0.220092 2.27837
0.0321502 -0.583648 2.4169
0.0310686 -0.670851 2.34025
-0.00210743 0.644817 2.08336
-0.468508 0.0552397 2.10597
-0.373633 0.150332 2.09479
0.4077 0.00137355 2.10588
0.350448 0.0847471 2.148
-0.00889197 0.142098 2.17896
-0.00430373 0.432636 2.13043
0.00270357 0.711178 2.07266
0.0137005 0.869364 2.05065
-0.158355 0.611457 2.10335
-0.282284 0.373637 2.11902
-0.38555 0.193808 2.10745
-0.424925 0.131733 2.10966
0.170578 0.607876 2.10383
0.254135 0.352407 2.11787
0.346133 0.147186 2.10234
0.368953 0.0740841 2.09866
-0.0829705 0.140924 2.14782
-0.150803 -0.239482 2.2713
-0.21242 -0.587422 2.41922
-0.231929 -0.654032 2.33933
0.0655128 0.138802 2.14152
0.0632819 -0.222561 2.2775
0.0331457 -0.58491 2.41745
0.0302486 -0.670787 2.34193
0.000973077 0.643118 2.08869
-0.462318 0.0554468 2.11325
-0.37203 0.142403 2.10677
0.396518 0.000919035 2.10586
0.336443 0.0665704 2.08621
-0.00551543 0.139854 2.17555
-0.00226221 0.431576 2.13147
0.00363318 0.711074 2.07826
0.0159914 0.869521 2.05743
-0.157636 0.609797 2.1054
-0.280805 0.371538 2.12072
-0.384003 0.190521 2.11286
-0.420763 0.127226 2.11596
0.172444 0.605532 2.10981
0.25119 0.3483 2.12183
0.342578 0.146416 2.10492
0.364616 0.0737808 2.10689
-0.0796255 0.138373 2.14355
-0.14964 -0.240987 2.27036
-0.210094 -0.587065 2.41899
-0.231435 -0.654196 2.33992
0.0687964 0.136916 2.13884
0.0652534 -0.224584 2.277
0.033549 -0.58482 2.41703
0.0306464 -0.67156 2.34176
0.00227815 0.642698 2.09306
-0.454367 0.0475779 2.11836
-0.367526 0.146781 2.10605
0.390856 0.00199081 2.10833
0.317664 0.090472 2.09486
-0.00534559 0.138561 2.17345
-0.00203776 0.430963 2.13186
0.00322266 0.710625 2.08144
0.0160954 0.869155 2.0608
-0.157491 0.608984 2.10641
-0.280441 0.370524 2.12102
-0.383721 0.189785 2.11329
-0.420288 0.126727 2.11085
0.171963 0.605351 2.11281
0.249887 0.347832 2.12445
0.340879 0.144875 2.11177
0.366308 0.0731594 2.1193
-0.0793825 0.136964 2.14122
-0.149456 -0.240861 2.26887
-0.209845 -0.586606 2.41701
-0.230463 -0.654103 2.33925
0.0688715 0.135787 2.13702
0.0657997 -0.224327 2.27572
0.0339304 -0.584956 2.41666
0.0317411 -0.671817 2.33903
0.00205915 0.642158 2.09553
-0.45652 0.0493109 2.11756
-0.368584 0.141475 2.10016
0.396137 0.00161095 2.13037
0.333349 0.0666823 2.10834
-0.00730833 0.137719 2.17211
-0.00261979 0.430242 2.13241
0.0026824 0.710042 2.08346
0.0157784 0.868643 2.06232
-0.159412 0.609345 2.10612
-0.280955 0.370281 2.12173
-0.384564 0.188272 2.11299
-0.425083 0.127867 2.10687
0.170769 0.604763 2.11535
0.248723 0.347404 2.12828
0.343702 0.136128 2.12041
0.369354 0.0621836 2.1315
-0.0809916 0.136351 2.13983
-0.150115 -0.240798 2.26799
-0.209964 -0.586385 2.41555
-0.230011 -0.653988 2.33916
0.0665733 0.134722 2.13578
0.0655524 -0.22605 2.27508
0.0340776 -0.584991 2.41657
0.0313137 -0.672413 2.34016
0.00144946 0.641535 2.0973
-0.461548 0.0497922 2.10814
-0.374074 0.141344 2.09405
0.398733 -0.0094451 2.14824
0.323304 0.0800295 2.125
-0.0137518 0.13705 2.1718
-0.00540315 0.429366 2.13256
0.001768 0.709623 2.08356
0.0153781 0.868296 2.06218
-0.159924 0.609261 2.10672
-0.281464 0.370071 2.12136
-0.387964 0.188133 2.11074
-0.432563 0.129598 2.10583
0.167965 0.604872 2.11338
0.246506 0.348234 2.1308
0.342359 0.134242 2.1263
0.366449 0.0618959 2.13634
-0.0874808 0.136357 2.13842
-0.154924 -0.237223 2.26483
-0.209178 -0.586372 2.41517
-0.230475 -0.654038 2.33938
0.06017 0.133348 2.13669
0.0635771 -0.226252 2.27429
0.0350628 -0.584997 2.41609
0.0325106 -0.672644 2.34016
0.000178694 0.641058 2.09748
-0.468677 0.0492776 2.11458
-0.379074 0.1483 2.10045
0.391537 -0.0109283 2.14884
0.326008 0.0699575 2.1261
-0.038273 0.144369 2.18356
-0.0141067 0.431213 2.13188
0.00150131 0.709307 2.07169
0.0210058 0.864984 2.04419
-0.158926 0.613781 2.09864
-0.283496 0.377034 2.11946
-0.396211 0.200554 2.11111
-0.441261 0.151362 2.10716
0.168509 0.604011 2.11279
0.245417 0.348103 2.13851
0.335645 0.135187 2.13634
0.356506 0.0621327 2.14546
-0.110836 0.147975 2.14803
-0.175149 -0.219862 2.26605
-0.213178 -0.588033 2.41427
-0.231614 -0.654987 2.33908
0.035283 0.136223 2.1507
0.0496365 -0.221629 2.27663
0.0339757 -0.583535 2.41008
0.030761 -0.671726 2.34087
-0.0022719 0.641379 2.08987
-0.479645 0.0723855 2.11523
-0.383758 0.170259 2.1034
0.381791 -0.010983 2.15978
0.328871 0.045854 2.1318
-0.0613458 0.155149 2.21188
-0.0218611 0.43305 2.13267
0.00436496 0.704048 2.04772
0.0351518 0.856992 2.01285
-0.154838 0.617338 2.07922
-0.291707 0.390618 2.11523
-0.405985 0.219618 2.11237
-0.456644 0.164407 2.11655
0.168246 0.603133 2.10201
0.243024 0.349201 2.14141
0.32735 0.13532 2.14407
0.341946 0.0616136 2.15248
-0.133886 0.160941 2.17411
-0.195132 -0.20586 2.28512
-0.216159 -0.5835 2.41878
-0.232161 -0.654488 2.34015
0.013047 0.144516 2.1812
0.0322604 -0.217472 2.28982
0.0320286 -0.582961 2.41098
0.0305654 -0.671074 2.34197
-0.00295729 0.638535 2.07359
-0.495143 0.0861212 2.13821
-0.396746 0.182011 2.12
0.365309 -0.00971427 2.15915
0.306649 0.0600841 2.14285
-0.0751494 0.165405 2.24648
-0.0273433 0.433498 2.13488
0.00776577 0.693168 2.0197
0.045073 0.844359 1.97967
-0.154807 0.617183 2.0574
-0.303616 0.402381 2.10789
-0.418398 0.232346 2.11285
-0.471322 0.174851 2.11847
0.165695 0.60283 2.09267
0.2397 0.351708 2.14437
0.312245 0.139775 2.15535
0.325715 0.0628997 2.16595
-0.147722 0.17172 2.20651
-0.208172 -0.200113 2.31754
-0.218028 -0.579114 2.42676
-0.233538 -0.653304 2.34188
-0.000261736 0.154036 2.21803
0.021881 -0.215333 2.30998
0.0300099 -0.583419 2.41456
0.0302472 -0.670475 2.34166
-0.00215665 0.630897 2.05367
-0.513265 0.0977061 2.14744
-0.412657 0.192869 2.11967
0.350786 -0.0089741 2.17032
0.300219 0.0469393 2.15514
-0.0762339 0.174248 2.28636
-0.0338859 0.430507 2.139
2.38074e-005 0.67241 1.986
0.043821 0.817464 1.94144
-0.159225 0.604234 2.03075
-0.319251 0.402179 2.09267
-0.434693 0.226963 2.10121
-0.47948 0.164076 2.09959
0.16123 0.598975 2.08161
0.233762 0.35164 2.14709
0.301207 0.137269 2.16867
0.312654 0.0603603 2.18788
-0.148341 0.179103 2.24617
-0.212411 -0.209063 2.35925
-0.2206 -0.573917 2.43072
-0.234633 -0.651798 2.34364
-0.0018317 0.164194 2.25823
0.0164972 -0.209206 2.34285
0.0295539 -0.582394 2.41515
0.0279812 -0.666855 2.34306
-0.00887241 0.614166 2.02884
-0.524145 0.0927411 2.11779
-0.460828 0.138425 2.09039
0.334206 -0.0102205 2.20003
0.293499 0.0281581 2.1777
-0.0648213 0.179254 2.30783
-0.033197 0.429043 2.14608
-0.00219177 0.666901 1.98035
0.0300226 0.802536 1.92185
-0.161779 0.594664 2.02064
-0.320882 0.392864 2.08488
-0.432948 0.202447 2.08566
-0.467563 0.132672 2.07627
0.156147 0.592753 2.0675
0.230977 0.351227 2.14661
0.298043 0.134102 2.17639
0.31415 0.057096 2.19937
-0.13694 0.183121 2.27162
-0.201471 -0.224165 2.37437
-0.219375 -0.578275 2.43312
-0.23492 -0.652017 2.34331
0.00923712 0.170062 2.27619
0.022806 -0.2069 2.36124
0.0272728 -0.583265 2.42244
0.029969 -0.667976 2.3426
-0.0101008 0.609459 2.02496
-0.505204 0.0617853 2.08777
-0.463878 0.0876578 2.05338
0.337064 -0.0172133 2.21243
0.301056 -0.00190257 2.20005
-0.0342055 0.180395 2.31919
-0.0298945 0.425116 2.147
-0.0183835 0.653109 1.96555
0.00969466 0.796245 1.91375
-0.163725 0.590987 2.0182
-0.307219 0.378129 2.08417
-0.407019 0.184921 2.07147
-0.43219 0.109787 2.05862
0.152054 0.590739 2.05872
0.229351 0.352871 2.14457
0.302692 0.136078 2.17532
0.330111 0.0645089 2.18924
-0.106736 0.181899 2.28691
-0.17873 -0.219851 2.36604
-0.217605 -0.581178 2.43448
-0.232926 -0.651099 2.34445
0.0395331 0.173483 2.28328
0.0449285 -0.217893 2.38034
0.027531 -0.588147 2.43439
0.0327934 -0.667902 2.34438
-0.0195156 0.598304 2.01458
-0.462554 0.0369501 2.04935
-0.38348 0.127062 2.089
0.350752 -0.0101402 2.21289
0.316048 0.0138922 2.1954
-0.00481378 0.175119 2.31924
-0.019764 0.420855 2.149
-0.0245198 0.651916 1.96731
-0.0102387 0.794877 1.91707
-0.170814 0.581932 2.0213
-0.293421 0.357959 2.09205
-0.376508 0.16505 2.07639
-0.398167 0.0920818 2.06587
0.141537 0.587887 2.04404
0.229448 0.357771 2.13822
0.317455 0.148215 2.15882
0.354654 0.0748516 2.16107
-0.0795915 0.171543 2.28653
-0.152033 -0.226827 2.35869
-0.209841 -0.581014 2.42949
-0.231575 -0.650925 2.34345
0.0704171 0.173576 2.28355
0.0758106 -0.206748 2.37714
0.0381264 -0.583385 2.43905
0.0395784 -0.658658 2.3424
-0.0223817 0.596099 2.01508
-0.429996 0.0185116 2.05165
-0.351368 0.107719 2.10925
0.385238 0.00253215 2.17098
0.343016 0.0229619 2.15835
0.0241499 0.167112 2.30089
-0.00756261 0.418274 2.14817
-0.0279343 0.65583 1.97869
-0.0284856 0.80539 1.94113
-0.174066 0.579224 2.02602
-0.268105 0.343689 2.10253
-0.348388 0.148283 2.09249
-0.371543 0.0762589 2.09472
0.138694 0.58999 2.0445
0.243219 0.362565 2.12927
0.337286 0.15904 2.13332
0.374752 0.0901624 2.12224
-0.051285 0.159927 2.26797
-0.116918 -0.232437 2.33046
-0.200696 -0.582216 2.42636
-0.228527 -0.6511 2.3408
0.0989428 0.169263 2.26533
0.108566 -0.199908 2.36206
0.0487679 -0.584681 2.4394
0.0408497 -0.661539 2.34528
-0.0218942 0.59773 2.02144
-0.399823 0.00206157 2.08259
-0.376585 0.0153098 2.06321
0.411774 0.0163982 2.12351
0.363744 0.0371131 2.11412
0.0449993 0.155285 2.27818
0.0022613 0.416349 2.14717
-0.0280511 0.664468 2.00146
-0.0316526 0.818224 1.97061
-0.175025 0.579058 2.0386
-0.255392 0.337642 2.11325
-0.33378 0.14022 2.11262
-0.357716 0.0723983 2.11812
0.141743 0.594655 2.05671
0.251411 0.363179 2.12595
0.352681 0.163472 2.11194
0.390322 0.0986157 2.09433
-0.0302595 0.145146 2.24509
-0.101113 -0.248535 2.30687
-0.196828 -0.588094 2.42494
-0.226714 -0.652669 2.33656
0.118999 0.160625 2.24262
0.120606 -0.203953 2.35038
0.052553 -0.585991 2.4351
0.0424175 -0.664047 2.34301
-0.0197071 0.603023 2.03747
-0.390705 -0.00329317 2.11141
-0.310203 0.07866 2.10981
0.431072 0.021687 2.08916
0.38464 0.0409075 2.08253
0.0598129 0.140768 2.25079
0.0109221 0.413358 2.14685
-0.0255988 0.671495 2.02933
-0.0279315 0.827315 2.00206
-0.18002 0.572503 2.07697
-0.24731 0.328157 2.12773
-0.328652 0.135268 2.12669
-0.353086 0.06777 2.13698
0.144506 0.594236 2.07543
0.256891 0.359797 2.12467
0.359733 0.166946 2.0962
0.397013 0.105056 2.07013
-0.0155672 0.129539 2.2181
-0.0895241 -0.253549 2.27831
-0.194536 -0.58873 2.41788
-0.223722 -0.652227 2.33344
0.133388 0.147691 2.21493
0.13183 -0.219219 2.33126
0.055692 -0.588458 2.4284
0.044669 -0.667228 2.33759
-0.0157686 0.60752 2.05828
-0.386258 -0.0113103 2.13689
-0.310566 0.0782765 2.12478
0.441247 0.0269611 2.05726
0.397161 0.0386452 2.05354
0.0617822 0.127358 2.21646
0.0158261 0.410566 2.14642
-0.020492 0.678488 2.06333
-0.0200458 0.836333 2.04188
-0.179547 0.570467 2.09581
-0.244367 0.324726 2.13881
-0.329533 0.129974 2.1403
-0.359973 0.0647628 2.14232
0.149606 0.593109 2.08114
0.258896 0.354579 2.12133
0.357359 0.171134 2.08113
0.392179 0.106205 2.05518
-0.0122519 0.116252 2.18614
-0.0855003 -0.260884 2.25096
-0.186841 -0.586177 2.40609
-0.22288 -0.652398 2.32936
0.133811 0.134526 2.17804
0.131373 -0.241951 2.2904
0.0499914 -0.603376 2.40888
0.0465233 -0.675279 2.32898
-0.0109808 0.611987 2.08364
-0.392755 -0.0149806 2.13092
-0.308193 0.0798749 2.14136
0.43508 0.0319691 2.03249
0.383425 0.0569384 2.03059
0.0504492 0.122841 2.19357
0.0155468 0.410307 2.14601
-0.0191403 0.68412 2.08281
-0.0137321 0.841968 2.06427
-0.179958 0.577588 2.11801
-0.24597 0.324541 2.14343
-0.332933 0.131554 2.14229
-0.370251 0.0693846 2.13641
0.152137 0.591845 2.08564
0.257891 0.347798 2.1171
0.354806 0.165526 2.0755
0.384602 0.0996352 2.05781
-0.0219762 0.112502 2.16318
-0.101395 -0.266787 2.23967
-0.191642 -0.590725 2.40646
-0.224403 -0.654095 2.3286
0.12126 0.129329 2.15538
0.121225 -0.245989 2.26224
0.0510199 -0.605604 2.39884
0.0476932 -0.677432 2.32531
-0.0107235 0.616263 2.09814
-0.403999 -0.0169315 2.12999
-0.321037 0.0851752 2.124
0.426085 0.0239099 2.0349
0.351761 0.0880918 2.04394
0.0240362 0.119359 2.17401
0.00923819 0.410027 2.14489
-0.0160243 0.687883 2.09828
-0.00669183 0.845042 2.07784
-0.179883 0.582342 2.1257
-0.25232 0.324727 2.1463
-0.340414 0.148576 2.14049
-0.382204 0.0872233 2.12632
0.157252 0.585488 2.11766
0.251919 0.332862 2.11661
0.347076 0.156524 2.0788
0.372168 0.0822963 2.07236
-0.0491803 0.112244 2.14181
-0.123139 -0.268391 2.23732
-0.199155 -0.592815 2.40424
-0.227675 -0.657265 2.32781
0.0963233 0.122712 2.13747
0.103263 -0.246889 2.24002
0.0458491 -0.606122 2.38883
0.0441894 -0.68019 2.32602
-0.0104078 0.619271 2.10976
-0.41789 0.00402311 2.11813
-0.329115 0.101163 2.12255
0.408884 0.00912615 2.054
0.336204 0.0869056 2.10556
-0.0132481 0.120597 2.16153
-0.00762259 0.41164 2.14388
-0.0143579 0.691064 2.1089
-0.000580351 0.847783 2.0878
-0.179206 0.58914 2.13599
-0.269777 0.336663 2.15195
-0.359392 0.161529 2.13418
-0.402391 0.103768 2.1203
0.155877 0.584066 2.12907
0.242088 0.328119 2.12198
0.331714 0.134159 2.09586
0.351619 0.0616864 2.09455
-0.0860292 0.119569 2.12894
-0.147744 -0.265589 2.23179
-0.204561 -0.593291 2.40158
-0.229125 -0.65747 2.32913
0.0597312 0.117805 2.12547
0.0715588 -0.253715 2.22784
0.0405765 -0.608588 2.38758
0.0424755 -0.681551 2.32378
-0.0121546 0.622161 2.11814
-0.439367 0.019842 2.12073
-0.349775 0.118563 2.11305
0.382951 -0.0095771 2.07923
0.316037 0.0692684 2.12312
-0.0671615 0.121454 2.15995
-0.0347026 0.412073 2.14716
-0.0132216 0.691689 2.11919
0.0045848 0.846028 2.09521
-0.178866 0.59136 2.13844
-0.29222 0.347777 2.14795
-0.394493 0.180252 2.12443
-0.441799 0.126437 2.11315
0.150698 0.575519 2.14803
0.22164 0.315097 2.14586
0.306882 0.102831 2.12431
0.317053 0.0287465 2.12664
-0.139445 0.126851 2.12488
-0.194451 -0.240617 2.22544
-0.212936 -0.593834 2.39634
-0.232198 -0.659306 2.33081
0.00697165 0.112232 2.12648
0.0300877 -0.257736 2.22402
0.0321553 -0.612189 2.38486
0.0412509 -0.68087 2.32304
-0.0165397 0.62308 2.1275
-0.473892 0.0449287 2.1208
-0.382392 0.146241 2.10491
0.340969 -0.0458369 2.11927
0.270628 0.0515828 2.12092
-0.102889 0.12467 2.16953
-0.0554 0.412521 2.15163
-0.0152553 0.690931 2.12178
0.00613087 0.843955 2.09591
-0.181565 0.594452 2.13785
-0.314371 0.361391 2.14554
-0.425655 0.200015 2.12037
-0.466918 0.158495 2.10854
0.143735 0.569831 2.15588
0.20228 0.307366 2.16739
0.276993 0.0827996 2.15135
0.288195 0.00527951 2.15924
-0.173785 0.13356 2.13165
-0.222733 -0.2302 2.2383
-0.219173 -0.593284 2.39907
-0.233741 -0.658907 2.33136
-0.0289434 0.111776 2.13904
0.00153454 -0.260451 2.21741
0.0195717 -0.60753 2.38315
0.0358588 -0.676767 2.32288
-0.0234135 0.62245 2.13116
-0.508699 0.0817156 2.10282
-0.413936 0.161034 2.1036
0.314261 -0.0695729 2.17188
0.280551 -0.049184 2.13888
-0.127281 0.127128 2.19204
-0.0713968 0.412202 2.1573
-0.022278 0.688063 2.1171
0.00455987 0.840078 2.08698
-0.187423 0.597074 2.13092
-0.336921 0.3754 2.14745
-0.455971 0.220538 2.11618
-0.502691 0.175718 2.10522
0.135623 0.568206 2.15639
0.191247 0.306584 2.17954
0.253992 0.079722 2.17495
0.261575 0.00271637 2.18712
-0.197819 0.13682 2.15315
-0.245597 -0.228162 2.26594
-0.228595 -0.59463 2.40487
-0.235591 -0.658656 2.33376
-0.0527767 0.113436 2.16253
-0.015629 -0.263652 2.21675
0.0121264 -0.61408 2.38929
0.0339602 -0.676541 2.32293
-0.0333048 0.62039 2.12905
-0.54968 0.0987867 2.10322
-0.445664 0.186379 2.11769
0.283186 -0.0721254 2.19777
0.239711 -0.0296933 2.17993
-0.138642 0.139396 2.22267
-0.082594 0.416905 2.16254
-0.0355073 0.688675 2.09714
-0.00196226 0.839726 2.06089
-0.198163 0.61018 2.12058
-0.351293 0.393145 2.14883
-0.469768 0.237561 2.11952
-0.518071 0.190132 2.11293
0.125148 0.574126 2.14836
0.177103 0.314105 2.18521
0.234964 0.0934328 2.18891
0.24456 0.0163073 2.20174
-0.209906 0.14858 2.18511
-0.252306 -0.220073 2.29421
-0.232562 -0.594204 2.40959
-0.23706 -0.658463 2.33548
-0.0631622 0.125885 2.192
-0.0244522 -0.257301 2.22806
0.00775529 -0.609214 2.38533
0.0316964 -0.675259 2.32314
-0.0461742 0.622333 2.11733
-0.563538 0.110719 2.11261
-0.45971 0.198237 2.1282
0.264181 -0.0598585 2.21759
0.225251 -0.0285207 2.19271
-0.134183 0.160589 2.27046
-0.090212 0.426771 2.16697
-0.0531794 0.693126 2.05755
-0.0149129 0.841036 2.01596
-0.211986 0.622511 2.09388
-0.360888 0.408969 2.14659
-0.476857 0.243878 2.13273
-0.519548 0.18907 2.13931
0.111251 0.586894 2.1267
0.166553 0.332419 2.18352
0.222005 0.114775 2.19507
0.239528 0.0414213 2.20572
-0.206569 0.167742 2.23174
-0.250253 -0.207927 2.33547
-0.233908 -0.585773 2.42614
-0.23818 -0.655728 2.3392
-0.0577423 0.148612 2.24082
-0.0212495 -0.247161 2.26689
0.00993851 -0.603662 2.38756
0.0309255 -0.673486 2.32345
-0.0618136 0.628689 2.08985
-0.563909 0.113732 2.14812
-0.464106 0.197903 2.14767
0.261781 -0.0343641 2.21555
0.227248 -0.0206901 2.19921
-0.126216 0.172498 2.30189
-0.0914692 0.429583 2.16855
-0.0602784 0.686102 2.0311
-0.0271122 0.832465 1.98528
-0.217732 0.620059 2.07435
-0.362841 0.409667 2.14272
-0.47617 0.231812 2.1492
-0.50934 0.174714 2.15533
0.10632 0.588937 2.11555
0.165802 0.337867 2.18031
0.225246 0.123112 2.19573
0.250098 0.0474289 2.20606
-0.199048 0.177832 2.26382
-0.241274 -0.207107 2.35649
-0.234968 -0.58111 2.42892
-0.237732 -0.654013 2.3401
-0.0496154 0.162039 2.27166
-0.0123696 -0.231914 2.30504
0.0134033 -0.599333 2.39011
0.0287424 -0.668901 2.32752
-0.0676816 0.624836 2.07046
-0.546286 0.105384 2.15485
-0.516824 0.122469 2.1299
0.279986 -0.0301136 2.22207
0.223234 0.0221529 2.20825
-0.107561 0.181017 2.32611
-0.0894427 0.431308 2.17233
-0.0652872 0.672888 2.0097
-0.0377191 0.819458 1.96254
-0.220425 0.611285 2.05965
-0.359933 0.402616 2.14049
-0.4614 0.216806 2.15833
-0.485853 0.156408 2.16258
0.0962639 0.586043 2.08271
0.170034 0.347313 2.16925
0.241248 0.12901 2.18678
0.267112 0.0540571 2.19343
-0.180519 0.184951 2.29349
-0.229173 -0.21348 2.37814
-0.234923 -0.58063 2.43002
-0.237895 -0.653754 2.3401
-0.0314747 0.171833 2.29084
-0.00226739 -0.223161 2.34601
0.0203263 -0.594732 2.40078
0.0269274 -0.665493 2.33423
-0.0702806 0.615079 2.05469
-0.52372 0.0835831 2.16031
-0.494677 0.0996094 2.13175
0.297664 -0.0233056 2.206
0.238972 0.0353728 2.19564
-0.0733062 0.185186 2.34319
-0.0763159 0.42805 2.17272
-0.0682058 0.66253 1.99514
-0.0530622 0.80827 1.94759
-0.222766 0.598861 2.05406
-0.34041 0.380448 2.14272
-0.426845 0.193585 2.16154
-0.448197 0.12306 2.16703
0.0959322 0.589374 2.06834
0.180861 0.354209 2.15444
0.262994 0.140961 2.16562
0.291812 0.0636244 2.16717
-0.147136 0.184549 2.31195
-0.207854 -0.216237 2.38497
-0.233431 -0.579199 2.43157
-0.238001 -0.652641 2.33992
0.00289113 0.180472 2.30627
0.0156677 -0.211884 2.37702
0.0233357 -0.588631 2.4324
0.0348558 -0.665359 2.35118
-0.0699259 0.606092 2.04288
-0.48326 0.0472383 2.16253
-0.441396 0.0857308 2.14186
0.32048 -0.00697225 2.17071
0.275387 0.00746467 2.17158
-0.0454252 0.183776 2.34303
-0.0611632 0.427669 2.17185
-0.068303 0.662227 1.9925
-0.0612381 0.806808 1.94679
-0.220963 0.592077 2.05703
-0.319798 0.365913 2.14916
-0.399741 0.17819 2.16207
-0.418387 0.107657 2.1634
0.0969794 0.594282 2.05639
0.193944 0.36199 2.13829
0.278943 0.14603 2.14301
0.307464 0.0706282 2.13706
-0.11899 0.179194 2.31065
-0.185136 -0.216531 2.37592
-0.226304 -0.581739 2.43151
-0.236301 -0.651781 2.33968
0.0297237 0.182882 2.30698
0.0477066 -0.201343 2.38568
0.0294426 -0.589009 2.44193
0.0492242 -0.666835 2.35216
-0.0678616 0.605601 2.04004
-0.448829 0.0333002 2.1532
-0.424384 0.0517392 2.13015
0.336501 -0.00175634 2.13848
0.288239 0.0222307 2.14236
-0.0137158 0.179938 2.33353
-0.0405185 0.427723 2.1716
-0.0619252 0.665063 1.99686
-0.0695204 0.812303 1.95849
-0.217147 0.590154 2.06433
-0.297233 0.356834 2.15735
-0.37295 0.168013 2.16483
-0.39218 0.0973807 2.16422
0.101925 0.598251 2.05401
0.211305 0.36636 2.12308
0.295781 0.151287 2.11276
0.322794 0.0754247 2.1011
-0.0887863 0.173612 2.30277
-0.146669 -0.238909 2.35257
-0.214172 -0.584414 2.42729
-0.23316 -0.652041 2.33826
0.0618088 0.180985 2.29577
0.0759502 -0.198534 2.38099
0.0427585 -0.579374 2.43829
0.0515395 -0.662713 2.35435
-0.0576876 0.607563 2.04296
-0.42359 0.0206851 2.15506
-0.348218 0.110235 2.15658
0.349889 0.00180149 2.09571
0.301465 0.035897 2.08938
0.0190724 0.169311 2.31244
-0.0197004 0.427422 2.1719
-0.048859 0.674315 2.01721
-0.0665742 0.822167 1.98524
-0.203151 0.587849 2.08903
-0.275087 0.346232 2.16952
-0.345968 0.162763 2.1722
-0.362614 0.092121 2.17371
0.113906 0.603067 2.05995
0.228256 0.367921 2.11216
0.312571 0.151592 2.08174
0.340689 0.0765167 2.06174
-0.05556 0.161752 2.28334
-0.11536 -0.251681 2.31276
-0.201066 -0.585517 2.42186
-0.229646 -0.653439 2.33454
0.0932187 0.171842 2.27303
0.101608 -0.201857 2.36664
0.0456144 -0.57788 2.43694
0.0519847 -0.6622 2.35435
-0.0424009 0.613736 2.05702
-0.39522 0.0156958 2.15788
-0.334336 0.0890468 2.1508
0.367449 0.00443391 2.05408
0.317954 0.0418282 2.04928
0.0415471 0.152488 2.2757
0.00104053 0.424972 2.17106
-0.0275448 0.686566 2.05433
-0.0450761 0.839248 2.02916
-0.183305 0.589759 2.11692
-0.245944 0.339699 2.18182
-0.318412 0.15015 2.18142
-0.334367 0.0812214 2.18352
0.135807 0.605479 2.08085
0.242647 0.364155 2.10919
0.327017 0.155899 2.05255
0.353971 0.0819429 2.02027
-0.0334868 0.142986 2.24911
-0.0930977 -0.258904 2.27395
-0.186489 -0.584792 2.404
-0.226021 -0.653948 2.32975
0.115348 0.157434 2.23376
0.114945 -0.220649 2.34063
0.0494545 -0.577961 2.4313
0.0552063 -0.662649 2.34936
-0.0205841 0.621974 2.08368
-0.364472 0.000548885 2.17059
-0.300584 0.0938311 2.15771
0.381974 0.0105465 2.00632
0.330497 0.0464947 2.00445
0.0475071 0.142334 2.24319
0.0110059 0.424128 2.16868
-0.0136844 0.694498 2.0793
-0.027053 0.849678 2.05869
-0.179951 0.591153 2.1235
-0.232799 0.337959 2.18597
-0.306948 0.147216 2.1849
-0.323122 0.0779019 2.18272
0.149626 0.605249 2.09537
0.246977 0.363024 2.10883
0.33047 0.156692 2.04279
0.355208 0.0887429 2.00796
-0.0263478 0.133414 2.2184
-0.0944576 -0.264236 2.25669
-0.185287 -0.586631 2.39718
-0.223585 -0.653601 2.32731
0.119893 0.146891 2.19933
0.115312 -0.226867 2.30662
0.0494463 -0.583688 2.42006
0.0570497 -0.670346 2.34254
-0.00774079 0.627672 2.10127
-0.352737 -0.00544868 2.18772
-0.276979 0.086285 2.1605
0.382223 0.0162154 1.98638
0.33377 0.0516307 1.99074
0.0366525 0.132088 2.21259
0.0150557 0.421999 2.16587
-0.000951896 0.695937 2.09974
-0.00930942 0.85241 2.08122
-0.162286 0.59541 2.15469
-0.225996 0.337453 2.18858
-0.30079 0.147851 2.18544
-0.323025 0.078964 2.17636
0.166989 0.599295 2.11232
0.252876 0.348356 2.11137
0.333076 0.152317 2.03798
0.357348 0.0848847 2.00648
-0.036336 0.125486 2.18776
-0.110667 -0.264514 2.24205
-0.193385 -0.593701 2.39689
-0.225208 -0.655405 2.32432
0.108436 0.134475 2.16877
0.108012 -0.232133 2.26343
0.0459469 -0.596953 2.39971
0.0594203 -0.679972 2.33892
0.00246927 0.628333 2.11565
-0.352305 -0.00288055 2.17565
-0.271011 0.0953237 2.1875
0.382587 0.00986157 1.97852
0.337359 0.0790247 1.97804
0.00413606 0.119925 2.17973
0.0119448 0.415067 2.16066
0.0123941 0.692049 2.12023
0.0103833 0.848051 2.10218
-0.154045 0.592196 2.16291
-0.22578 0.334721 2.18709
-0.30497 0.149118 2.18009
-0.342223 0.086434 2.16279
0.179415 0.586009 2.13089
0.254504 0.338749 2.11483
0.334189 0.140476 2.04294
0.352509 0.0666224 2.02371
-0.0690594 0.119501 2.1516
-0.142581 -0.261315 2.23134
-0.212095 -0.59547 2.39215
-0.229095 -0.658127 2.32209
0.0769612 0.116575 2.13904
0.0855206 -0.250833 2.23116
0.0398336 -0.605202 2.3911
0.055834 -0.678949 2.33782
0.0109736 0.624243 2.12975
-0.376996 0.00250996 2.15969
-0.291324 0.0971695 2.162
0.379868 -0.00362075 1.9915
0.3164 0.0807565 2.06675
-0.0282853 0.118001 2.1687
0.000475786 0.40978 2.15827
0.0169041 0.688021 2.12962
0.0202693 0.842997 2.11221
-0.15117 0.589545 2.16303
-0.237017 0.33503 2.17606
-0.328317 0.160638 2.16164
-0.367365 0.102372 2.14752
0.182942 0.578995 2.14699
0.249935 0.325664 2.12936
0.329848 0.126487 2.06059
0.343195 0.0522427 2.04728
-0.100638 0.12224 2.13697
-0.173232 -0.254025 2.22426
-0.216988 -0.594633 2.3905
-0.231743 -0.659127 2.32357
0.0446257 0.110023 2.13173
0.0608798 -0.262622 2.21838
0.0364027 -0.607623 2.38527
0.0567948 -0.678031 2.33506
0.0125569 0.62045 2.13699
-0.404645 0.014261 2.15055
-0.316531 0.118364 2.14084
0.36593 -0.01971 2.01667
0.309209 0.0582688 2.08969
-0.0629116 0.120695 2.167
-0.0196252 0.408739 2.15715
0.0159189 0.686838 2.13215
0.0258839 0.841171 2.11438
-0.151112 0.58844 2.15788
-0.262992 0.343611 2.16169
-0.362872 0.174178 2.14507
-0.40507 0.122876 2.12635
0.178117 0.571905 2.15729
0.241651 0.318915 2.14643
0.314686 0.105865 2.09168
0.326484 0.0326968 2.07721
-0.134765 0.128982 2.13221
-0.207302 -0.238674 2.22304
-0.232581 -0.593833 2.38678
-0.236215 -0.659903 2.32553
0.0107421 0.108644 2.13319
0.0330976 -0.260507 2.21216
0.0312344 -0.606563 2.37796
0.055995 -0.677594 2.33351
0.00848533 0.618971 2.13989
-0.442439 0.0396947 2.12403
-0.3516 0.133686 2.11756
0.35729 -0.0408681 2.0505
0.290204 0.0418081 2.11018
-0.105657 0.127013 2.18231
-0.0478131 0.411593 2.15737
0.00424492 0.686034 2.12303
0.0308634 0.840451 2.10516
-0.162678 0.59537 2.13951
-0.299055 0.364116 2.14862
-0.412258 0.204249 2.12138
-0.458308 0.156459 2.1021
0.161738 0.565333 2.15889
0.215589 0.307139 2.17009
0.274607 0.0945611 2.13326
0.281123 0.0194167 2.12615
-0.175779 0.1378 2.14313
-0.240352 -0.225832 2.24648
-0.245192 -0.592102 2.39478
-0.241878 -0.660802 2.32545
-0.0322687 0.112205 2.15307
-0.00271308 -0.257399 2.22127
0.017994 -0.605585 2.37963
0.0503345 -0.6745 2.33084
-0.00783444 0.618956 2.13328
-0.50188 0.0803458 2.10169
-0.40292 0.168697 2.11407
0.299295 -0.0567034 2.11508
0.250046 0.0244736 2.15886
-0.131704 0.132106 2.20557
-0.0688501 0.412838 2.15938
-0.0148246 0.683804 2.10347
0.0265104 0.840483 2.08054
-0.177656 0.601532 2.12198
-0.328997 0.3822 2.14542
-0.440707 0.219454 2.11429
-0.492723 0.167897 2.09906
0.144054 0.563614 2.14948
0.191691 0.307548 2.18123
0.236642 0.095306 2.1596
0.23799 0.0182327 2.16025
-0.202834 0.143623 2.16571
-0.26169 -0.215832 2.27628
-0.251935 -0.586142 2.4051
-0.245099 -0.65779 2.32925
-0.05655 0.116491 2.17704
-0.0159033 -0.252295 2.22711
0.0159118 -0.603357 2.38005
0.0471928 -0.672188 2.33031
-0.0275566 0.617689 2.12032
-0.536638 0.0918307 2.10464
-0.433526 0.184578 2.11208
0.253293 -0.0564819 2.15515
0.204779 0.0253142 2.1884
-0.14626 0.141025 2.23358
-0.0837684 0.415901 2.16
-0.0325458 0.683082 2.07539
0.0137046 0.836652 2.04676
-0.193319 0.6064 2.10034
-0.348035 0.393397 2.14069
-0.458317 0.226217 2.11494
-0.509108 0.171417 2.1084
0.132904 0.566299 2.13939
0.171123 0.306766 2.18435
0.203614 0.103572 2.17662
0.202009 0.0237224 2.18472
-0.217329 0.151229 2.19312
-0.275814 -0.208617 2.30283
-0.256983 -0.582072 2.41647
-0.245723 -0.655718 2.33195
-0.0707507 0.126612 2.20584
-0.026264 -0.247575 2.24121
0.0145718 -0.597191 2.38008
0.0462123 -0.671028 2.33027
-0.0450463 0.618028 2.10019
-0.549365 0.0966901 2.11195
-0.464063 0.179671 2.13329
0.216733 -0.0521425 2.18854
0.171339 0.0127294 2.16956
-0.150329 0.151737 2.26175
-0.0928026 0.419773 2.15897
-0.0473882 0.681822 2.04154
-0.00234218 0.829859 2.00813
-0.207611 0.608235 2.07967
-0.357069 0.397052 2.13786
-0.464968 0.224558 2.12106
-0.508895 0.161188 2.12451
0.111381 0.573893 2.11098
0.153698 0.319963 2.1776
0.18451 0.100718 2.18682
0.185207 0.0231062 2.20099
-0.222103 0.161267 2.22319
-0.27683 -0.204878 2.33265
-0.258243 -0.57569 2.42271
-0.246892 -0.653902 2.33389
-0.0740006 0.137653 2.23202
-0.0334812 -0.245974 2.26646
0.0116586 -0.593918 2.38125
0.0447717 -0.669184 2.33106
-0.0588644 0.61841 2.07484
-0.547875 0.0912525 2.13722
-0.487577 0.142508 2.10937
0.19477 -0.0523668 2.21135
0.159577 0.00695016 2.18373
-0.14946 0.165548 2.29267
-0.101704 0.422541 2.15638
-0.0651346 0.672184 2.00352
-0.0272329 0.816227 1.96385
-0.220812 0.605862 2.05309
-0.359156 0.396817 2.13477
-0.459993 0.211956 2.1379
-0.488106 0.141632 2.14913
0.100314 0.575654 2.0942
0.14199 0.324503 2.16921
0.180206 0.105529 2.18946
0.186409 0.0292616 2.20562
-0.221357 0.173624 2.2554
-0.266796 -0.207671 2.35897
-0.257443 -0.574433 2.42559
-0.24776 -0.652663 2.33697
-0.0731188 0.152544 2.26166
-0.0349878 -0.237021 2.31061
0.00814402 -0.589891 2.39322
0.0405917 -0.66681 2.33461
-0.0745472 0.6121 2.04525
-0.527108 0.0696991 2.17152
-0.492111 0.084907 2.1145
0.196233 -0.0460815 2.22012
0.146226 0.0480561 2.20864
-0.139985 0.172246 2.30804
-0.102791 0.422248 2.15554
-0.0717004 0.662253 1.98708
-0.0463913 0.806444 1.94106
-0.227453 0.601005 2.03958
-0.356228 0.392147 2.13379
-0.445231 0.199431 2.14766
-0.465953 0.128978 2.15608
0.094908 0.576372 2.08386
0.142445 0.326704 2.16007
0.183794 0.115097 2.18561
0.201913 0.0404487 2.19331
-0.212171 0.178143 2.27164
-0.252798 -0.21594 2.37635
-0.255496 -0.573914 2.4272
-0.247776 -0.652172 2.33892
-0.0635673 0.161343 2.27636
-0.0191785 -0.236486 2.3435
0.0158467 -0.590617 2.41775
0.0371392 -0.665209 2.34815
-0.0795358 0.604392 2.03227
-0.494415 0.0543769 2.16278
-0.454676 0.0878072 2.13704
0.217795 -0.0316134 2.20355
0.182606 -0.000169106 2.18412
-0.11619 0.174392 2.3176
-0.0985681 0.419914 2.15089
-0.0771042 0.654103 1.96785
-0.0610213 0.799878 1.92494
-0.230833 0.595256 2.0327
-0.346995 0.383046 2.13442
-0.424277 0.183532 2.15478
-0.442152 0.114464 2.16063
0.0796682 0.575585 2.04898
0.148448 0.339174 2.14401
0.20515 0.131111 2.16414
0.223424 0.0508627 2.16942
-0.188152 0.17725 2.2855
-0.241281 -0.21834 2.38105
-0.253938 -0.575725 2.42705
-0.246731 -0.652475 2.3398
-0.0403658 0.166347 2.28161
-0.00727078 -0.228407 2.35985
0.0200139 -0.588078 2.42051
0.0358331 -0.664308 2.35274
-0.0818974 0.597325 2.01638
-0.471707 0.0397088 2.16807
-0.446661 0.0436961 2.12809
0.241729 -0.0238722 2.18472
0.203771 0.00483995 2.1652
-0.0907186 0.177955 2.32217
-0.0858864 0.419952 2.14646
-0.0753827 0.653214 1.9602
-0.068765 0.797429 1.92004
-0.231865 0.590533 2.03158
-0.331967 0.37324 2.13896
-0.403878 0.173529 2.16063
-0.417675 0.100429 2.16736
0.0771321 0.5792 2.03114
0.15889 0.34711 2.12644
0.227901 0.13196 2.13626
0.244571 0.053462 2.13922
-0.163569 0.177409 2.29124
-0.218253 -0.222223 2.38208
-0.24901 -0.577738 2.42854
-0.246257 -0.652941 2.33908
-0.0149763 0.173282 2.28479
0.00909249 -0.225041 2.36547
0.0262413 -0.587823 2.42838
0.036288 -0.665435 2.35378
-0.0782881 0.596456 2.00923
-0.449772 0.0237185 2.17071
-0.398645 0.0740196 2.1555
0.262826 -0.0164836 2.14814
0.212581 0.0547541 2.15321
-0.0495507 0.175417 2.31522
-0.0631121 0.420876 2.14309
-0.0716832 0.65549 1.95935
-0.0729408 0.799917 1.92264
-0.226392 0.585693 2.03582
-0.310884 0.362168 2.14418
-0.37856 0.166355 2.16475
-0.392588 0.0937563 2.17122
0.0835287 0.586558 2.02212
0.179492 0.354279 2.10535
0.251401 0.136995 2.09851
0.27215 0.0587202 2.0911
-0.122905 0.170404 2.28383
-0.189406 -0.226352 2.36806
-0.235961 -0.583427 2.42609
-0.242974 -0.653722 2.34006
0.0253894 0.175233 2.27816
0.0459395 -0.209803 2.3607
0.028137 -0.588017 2.43563
0.0395759 -0.669525 2.35457
-0.0706405 0.598635 2.00755
-0.422111 0.0186184 2.17701
-0.394084 0.039308 2.14087
0.29255 -0.00939279 2.09509
0.249947 0.0221611 2.07793
-0.0178978 0.17041 2.3051
-0.0439691 0.421386 2.14212
-0.0643972 0.660807 1.96506
-0.072169 0.807226 1.93649
-0.219685 0.582509 2.04321
-0.295874 0.354129 2.14842
-0.367328 0.159788 2.16465
-0.385029 0.08825 2.16974
0.0925022 0.590231 2.02233
0.198182 0.357619 2.09439
0.272451 0.143895 2.07365
0.300063 0.0655129 2.06037
-0.0927085 0.16399 2.2742
-0.159554 -0.240518 2.34872
-0.226681 -0.580447 2.42098
-0.239913 -0.653145 2.33903
0.057496 0.171767 2.2675
0.0713823 -0.202911 2.35306
0.0317634 -0.58673 2.43885
0.0445525 -0.66753 2.35161
-0.0603643 0.60265 2.01157
-0.416715 0.0148842 2.17093
-0.341428 0.0953694 2.16071
0.325836 -0.00602069 2.05389
0.27784 0.0211015 2.05117
0.0145071 0.160212 2.2904
-0.0213559 0.418058 2.14181
-0.0509685 0.664286 1.97879
-0.0656011 0.812541 1.95684
-0.206166 0.575732 2.0556
-0.285646 0.343578 2.15131
-0.358466 0.155681 2.16317
-0.380494 0.0843754 2.16313
0.107937 0.592107 2.02767
0.220448 0.357863 2.08592
0.302425 0.146867 2.05121
0.334003 0.0712671 2.03624
-0.0601726 0.151431 2.25891
-0.128751 -0.239939 2.30992
-0.214298 -0.579516 2.41406
-0.234198 -0.651719 2.33486
0.0888485 0.164027 2.25326
0.0997147 -0.202663 2.33924
0.0405872 -0.585139 2.43419
0.0473272 -0.668118 2.34946
-0.0444678 0.604277 2.02136
-0.415735 0.00723581 2.15322
-0.35339 0.0724015 2.14404
0.358789 -0.00233299 2.02589
0.310206 0.0384568 2.02295
0.0408742 0.147953 2.27077
-0.00245256 0.413549 2.14229
-0.036765 0.666949 2.00082
-0.0523485 0.818347 1.98305
-0.197822 0.573461 2.06483
-0.274708 0.336668 2.15268
-0.352795 0.146493 2.15798
-0.3787 0.0790573 2.15061
0.125867 0.591008 2.03949
0.240564 0.353952 2.08414
0.333048 0.146914 2.03714
0.36875 0.0733399 2.0214
-0.0346543 0.138296 2.24186
-0.111804 -0.245711 2.27979
-0.210715 -0.583553 2.40888
-0.23314 -0.652658 2.33162
0.115249 0.153139 2.23095
0.119776 -0.202977 2.3248
0.0473671 -0.585819 2.4305
0.049593 -0.669434 2.3465
-0.0288358 0.604892 2.03704
-0.415821 0.00478178 2.1407
-0.345017 0.0760779 2.13606
0.398818 0.000331718 2.01258
0.346519 0.0383021 2.00945
0.0555982 0.136128 2.24623
0.00934562 0.410573 2.14236
-0.0257583 0.67217 2.0262
-0.0358636 0.826675 2.01171
-0.182958 0.571164 2.08797
-0.262305 0.329126 2.15461
-0.346529 0.141443 2.15088
-0.374961 0.0755201 2.13498
0.142254 0.590433 2.05796
0.254613 0.348554 2.08555
0.34872 0.152173 2.03358
0.3892 0.0855654 2.01415
-0.0201572 0.126326 2.21916
-0.099514 -0.245987 2.25809
-0.206079 -0.582769 2.40401
-0.231246 -0.653351 2.32761
0.129719 0.141682 2.20449
0.128943 -0.218606 2.30731
0.049973 -0.590093 2.42183
0.051897 -0.67532 2.34096
-0.0171722 0.607715 2.05543
-0.410511 -0.00405129 2.11669
-0.388441 0.0222234 2.092
0.424662 0.0116194 2.00207
0.372932 0.0418583 1.99905
0.0593618 0.122885 2.20785
0.0191599 0.408093 2.13973
-0.0107389 0.679835 2.05492
-0.0163856 0.83746 2.04339
-0.17329 0.572724 2.10501
-0.247794 0.32785 2.15169
-0.335301 0.14188 2.14017
-0.367945 0.0778768 2.12148
0.156815 0.589979 2.07656
0.264295 0.343732 2.08938
0.357252 0.157648 2.03424
0.395018 0.0948373 2.01742
-0.0151481 0.111894 2.18029
-0.0987952 -0.249467 2.23709
-0.20371 -0.582889 2.39859
-0.229647 -0.653274 2.32484
0.132075 0.130042 2.16683
0.126019 -0.236367 2.26157
0.0493139 -0.600083 2.39327
0.0540526 -0.680974 2.33496
-0.00347016 0.612683 2.07584
-0.404739 -0.00187666 2.10548
-0.345329 0.0601529 2.128
0.434095 0.0162666 1.9997
0.352807 0.110539 2.04788
0.0489436 0.116036 2.18255
0.0210062 0.407568 2.1384
-0.00041548 0.685347 2.0771
-0.000506556 0.843056 2.06542
-0.169023 0.574589 2.11137
-0.24538 0.326759 2.15059
-0.330017 0.14559 2.13569
-0.364645 0.084866 2.11785
0.16138 0.587595 2.08357
0.266217 0.340046 2.09473
0.365103 0.152059 2.0434
0.398867 0.0858032 2.03002
-0.0249862 0.106888 2.15311
-0.111191 -0.252087 2.22139
-0.212187 -0.586745 2.39018
-0.229723 -0.653666 2.32264
0.121295 0.121583 2.14326
0.118234 -0.241662 2.24039
0.0484635 -0.607378 2.38655
0.0554312 -0.681957 2.33297
0.00449591 0.616622 2.0916
-0.40227 0.00171644 2.1037
-0.336889 0.0716139 2.1355
0.436185 0.0117378 2.01175
0.370503 0.0672322 2.03144
0.0240012 0.111333 2.15991
0.0196929 0.406461 2.13678
0.00881028 0.686279 2.09299
0.0163471 0.844889 2.08405
-0.158233 0.580368 2.12401
-0.246776 0.32851 2.14945
-0.334222 0.151266 2.12923
-0.376795 0.0929259 2.11221
0.177504 0.579412 2.11396
0.268478 0.325149 2.10377
0.365418 0.141578 2.0557
0.389236 0.0690397 2.04989
-0.0504431 0.108542 2.1269
-0.133259 -0.26647 2.216
-0.217503 -0.591918 2.38675
-0.233636 -0.6585 2.32123
0.0971411 0.110722 2.12382
0.0983174 -0.248583 2.22488
0.0446622 -0.606822 2.38131
0.0546395 -0.681476 2.33196
0.0102679 0.617237 2.10313
-0.415015 0.0102902 2.10603
-0.324681 0.105121 2.11273
0.424676 -0.00442516 2.03261
0.355034 0.0745352 2.08887
-0.00494478 0.112254 2.14671
0.0107503 0.4057 2.13512
0.0145107 0.6867 2.10571
0.0328895 0.844735 2.0967
-0.154419 0.58231 2.12626
-0.255692 0.334202 2.14379
-0.353198 0.163718 2.12042
-0.403933 0.107742 2.10374
0.182334 0.575855 2.1305
0.261043 0.318169 2.11734
0.353246 0.118733 2.07564
0.370365 0.0448882 2.06955
-0.0780268 0.115401 2.1115
-0.155219 -0.260508 2.20966
-0.221159 -0.593311 2.38493
-0.23498 -0.659702 2.32094
0.0680694 0.105563 2.11317
0.0729917 -0.258543 2.22241
0.0386951 -0.609979 2.38748
0.048544 -0.678531 2.33462
0.0125969 0.617677 2.11282
-0.441109 0.0299176 2.10163
-0.351732 0.114255 2.09717
0.404909 -0.0314013 2.06008
0.369339 -0.0233553 2.0345
