-0.0713276 0.031079 2.2331
-0.0677436 0.319665 2.19537
-0.0629728 0.598312 2.14577
-0.063541 0.73709 2.1168
-0.231404 0.516673 2.14594
-0.443353 0.463828 2.11231
-0.420619 0.642357 1.98066
-0.429062 0.688836 1.96417
0.0948924 0.479566 2.17011
0.136388 0.232529 2.2146
0.194037 0.0213468 2.18486
0.184978 -0.00630174 2.185
-0.140223 0.0315205 2.1943
-0.156721 -0.249434 2.28377
-0.152167 -0.584459 2.38063
-0.162339 -0.674415 2.29927
-0.000364372 0.0297968 2.20541
0.0309524 -0.263485 2.30415
0.0540962 -0.574903 2.38212
0.0783977 -0.667215 2.30523
-0.0642714 0.530058 2.16021
-0.434139 0.763582 1.94815
-0.470055 0.685447 1.96013
0.19412 -0.0964577 2.19053
0.205301 0.0164485 2.173
-0.0714352 0.0313823 2.23302
-0.067824 0.319808 2.19544
-0.0632378 0.598473 2.14621
-0.0636494 0.737156 2.11692
-0.231991 0.517569 2.14589
-0.443962 0.465131 2.11147
-0.42321 0.643537 1.97933
-0.433804 0.690248 1.96026
0.0947924 0.4794 2.17038
0.136367 0.232657 2.21455
0.193847 0.0214182 2.18492
0.185328 -0.00665083 2.18404
-0.140319 0.0318669 2.19412
-0.156596 -0.249722 2.2837
-0.152189 -0.584532 2.38061
-0.162352 -0.674395 2.2992
-0.000484627 0.0300701 2.20539
0.030721 -0.2635 2.3041
0.0539786 -0.57492 2.38229
0.0783284 -0.666909 2.30525
-0.064465 0.53021 2.16051
-0.438219 0.762454 1.9432
-0.472863 0.689919 1.95328
0.195129 -0.0961996 2.19086
0.205438 0.0186637 2.17514
-0.0715699 0.0316132 2.23333
-0.0682427 0.320188 2.19585
-0.0643782 0.599176 2.147
-0.0636439 0.737385 2.11693
-0.232597 0.518324 2.14565
-0.444618 0.46639 2.11054
-0.427232 0.644507 1.97752
-0.438181 0.691276 1.96028
0.0946555 0.479203 2.17093
0.136064 0.23301 2.21477
0.193822 0.0217965 2.18569
0.186033 -0.00638555 2.18704
-0.140348 0.0320399 2.19444
-0.156655 -0.249427 2.28369
-0.152211 -0.584442 2.38065
-0.162409 -0.674265 2.29904
-0.000715225 0.0303437 2.20568
0.03085 -0.262849 2.30435
0.0538684 -0.574482 2.38175
0.0782324 -0.666673 2.30518
-0.0653836 0.530816 2.16118
-0.443179 0.763145 1.94218
-0.4773 0.686924 1.95704
0.196268 -0.0966817 2.19447
0.198231 -0.0257108 2.15225
-0.0716996 0.03172 2.23341
-0.0684749 0.320295 2.19584
-0.0648794 0.599289 2.14691
-0.0637241 0.737884 2.11703
-0.232867 0.518444 2.14526
-0.444926 0.467085 2.10918
-0.429656 0.645109 1.97578
-0.437867 0.689437 1.95825
0.0944281 0.479093 2.17139
0.135519 0.233112 2.21516
0.193533 0.0219051 2.18682
0.185325 -0.00555903 2.18981
-0.140494 0.032141 2.19456
-0.156576 -0.249964 2.28416
-0.152566 -0.58484 2.38163
-0.162394 -0.674432 2.29901
-0.000835969 0.0304543 2.20572
0.0305477 -0.263806 2.30506
0.0538669 -0.572529 2.38173
0.0781586 -0.666461 2.3056
-0.0658083 0.53093 2.16112
-0.444387 0.761119 1.93978
-0.478642 0.682155 1.95708
0.19657 -0.096914 2.19795
0.201354 -0.026658 2.15565
-0.0720039 0.0318515 2.23373
-0.0690299 0.320425 2.19596
-0.0659182 0.59942 2.14681
-0.0637064 0.737646 2.1167
-0.233032 0.518527 2.14498
-0.445017 0.467231 2.108
-0.430421 0.645605 1.97504
-0.437146 0.69077 1.95849
0.0943296 0.478917 2.17182
0.135032 0.23355 2.21559
0.192901 0.0222727 2.18758
0.185403 -0.00609499 2.19097
-0.140723 0.0322498 2.19495
-0.156397 -0.250966 2.28528
-0.152601 -0.585201 2.38213
-0.162391 -0.674484 2.29908
-0.0011763 0.0305769 2.20598
0.0305122 -0.26338 2.30488
0.0539076 -0.572022 2.38161
0.0779168 -0.665681 2.30663
-0.0667145 0.531062 2.16109
-0.442459 0.762955 1.94192
-0.47723 0.688575 1.95558
0.197618 -0.0961589 2.2002
0.204862 0.0355487 2.1895
-0.072083 0.0319046 2.23392
-0.0692772 0.320451 2.19602
-0.0665776 0.59944 2.14667
-0.0638942 0.738009 2.11666
-0.233407 0.518598 2.1444
-0.445288 0.467246 2.10653
-0.431023 0.64577 1.97376
-0.437827 0.688969 1.95512
0.0940887 0.478801 2.17179
0.134898 0.233596 2.21561
0.192452 0.0221975 2.18801
0.184741 -0.00727442 2.18963
-0.140772 0.0322905 2.19508
-0.156553 -0.250992 2.28527
-0.152649 -0.585204 2.38234
-0.162404 -0.674509 2.2992
-0.00129252 0.030634 2.20631
0.030076 -0.265112 2.30536
0.0539243 -0.573338 2.38117
0.0786944 -0.666272 2.30483
-0.0672581 0.531083 2.16103
-0.443475 0.760767 1.9366
-0.474491 0.693759 1.94215
0.195688 -0.0979753 2.20538
0.205334 0.0290679 2.18543
-0.0720751 0.0320762 2.23434
-0.0693729 0.320491 2.19614
-0.0667365 0.599378 2.14673
-0.0639615 0.738035 2.1166
-0.233461 0.518549 2.14406
-0.445038 0.46666 2.10448
-0.431005 0.645085 1.97153
-0.435262 0.688254 1.95068
0.0940904 0.480099 2.17064
0.134645 0.233802 2.21578
0.191146 0.0220268 2.18928
0.183681 -0.00679392 2.18988
-0.140685 0.0324247 2.19542
-0.156443 -0.251401 2.28557
-0.153024 -0.585221 2.3836
-0.162475 -0.674183 2.29938
-0.0013652 0.0308255 2.20676
0.0295614 -0.264764 2.30515
0.053872 -0.574305 2.38158
0.0788139 -0.666481 2.30442
-0.0674016 0.531055 2.1611
-0.43946 0.759651 1.93295
-0.474397 0.687137 1.941
0.193116 -0.0986486 2.19943
0.184369 -0.0996769 2.1955
-0.0721117 0.0320646 2.23452
-0.0693429 0.320545 2.19621
-0.0665487 0.599532 2.14673
-0.0638592 0.738308 2.11619
-0.233427 0.518457 2.14348
-0.443902 0.467634 2.09399
-0.404705 0.637473 1.95407
-0.387732 0.676632 1.93457
0.0940102 0.479648 2.17104
0.134348 0.233526 2.21579
0.188366 0.0210766 2.18952
0.180695 -0.00952005 2.18765
-0.140684 0.0324091 2.19558
-0.156731 -0.251914 2.2857
-0.152584 -0.584982 2.38259
-0.162484 -0.674353 2.29931
-0.001454 0.030826 2.20703
0.029081 -0.263831 2.30435
0.0536319 -0.573524 2.38164
0.0783589 -0.666449 2.30592
-0.0672737 0.531176 2.16111
-0.375566 0.743977 1.91111
-0.420613 0.695807 1.92238
0.189205 -0.102951 2.1938
0.162957 -0.0527393 2.1896
-0.0720927 0.032039 2.23457
-0.0692947 0.320526 2.1962
-0.066374 0.599485 2.14663
-0.063855 0.73841 2.11615
-0.233065 0.518228 2.1431
-0.442929 0.468537 2.08861
-0.355387 0.618018 1.94631
-0.329298 0.651492 1.92427
0.0939846 0.479177 2.17146
0.133867 0.232782 2.21564
0.18705 0.0201399 2.18913
0.179051 -0.0121667 2.18872
-0.140636 0.0323819 2.1956
-0.156921 -0.251576 2.28558
-0.152496 -0.584794 2.38238
-0.162456 -0.674429 2.29959
-0.00146651 0.0307862 2.20711
0.0285921 -0.263463 2.30423
0.053846 -0.571839 2.38121
0.0779051 -0.665887 2.30586
-0.0671433 0.531137 2.16104
-0.303104 0.71174 1.89078
-0.346479 0.693019 1.90527
0.188792 -0.102805 2.19813
0.163075 -0.0456929 2.18924
-0.072318 0.0321636 2.23441
-0.069252 0.320546 2.19614
-0.0658738 0.599293 2.14663
-0.0639699 0.738838 2.11636
-0.232652 0.518299 2.1425
-0.44103 0.472074 2.0775
-0.315145 0.598777 1.9416
-0.283014 0.621794 1.9213
0.0939809 0.480181 2.17079
0.133555 0.232188 2.21543
0.186271 0.0194321 2.18888
0.177878 -0.0122835 2.18783
-0.141079 0.032633 2.19525
-0.157117 -0.250895 2.28528
-0.152587 -0.584678 2.38186
-0.162454 -0.674694 2.29942
-0.0015421 0.0308314 2.20704
0.028544 -0.262885 2.30397
0.0532623 -0.573244 2.38106
0.0780785 -0.666485 2.30585
-0.066818 0.531023 2.161
-0.237041 0.679033 1.89346
-0.297728 0.657274 1.90191
0.188122 -0.103733 2.19658
0.114411 0.0264419 2.17899
-0.0728007 0.0342517 2.23386
-0.0689554 0.321005 2.19592
-0.0645494 0.598734 2.14658
-0.0638386 0.739032 2.11649
-0.227789 0.517212 2.13959
-0.435156 0.476546 2.06643
-0.276844 0.582016 1.92988
-0.25153 0.596783 1.91559
0.0941934 0.482158 2.16952
0.133139 0.231579 2.21577
0.185251 0.0186948 2.18894
0.177935 -0.0108378 2.19087
-0.142054 0.0351096 2.1943
-0.156896 -0.248378 2.28367
-0.152468 -0.584623 2.38154
-0.162445 -0.674846 2.29903
-0.00157353 0.0325134 2.20679
0.0294397 -0.254005 2.30024
0.0538394 -0.573251 2.38121
0.0780422 -0.667047 2.3054
-0.0658354 0.530754 2.16089
-0.192054 0.640677 1.89063
-0.258437 0.636658 1.89322
0.188215 -0.103785 2.19769
0.148876 -0.0228105 2.18163
-0.0729647 0.0356213 2.23337
-0.0677007 0.321405 2.1941
-0.0606631 0.597268 2.14227
-0.0636098 0.739055 2.11677
-0.224172 0.516059 2.13823
-0.430152 0.478916 2.05828
-0.268399 0.578412 1.92666
-0.249915 0.596653 1.91154
0.0943907 0.482951 2.169
0.133013 0.231556 2.21649
0.184944 0.0185949 2.1901
0.17949 -0.0105157 2.19381
-0.142644 0.0367202 2.1935
-0.15651 -0.246868 2.28272
-0.152437 -0.5846 2.38151
-0.162457 -0.674952 2.29889
-0.00135771 0.0336469 2.2065
0.0292826 -0.253865 2.30022
0.0538795 -0.573382 2.38159
0.0782848 -0.667257 2.30493
-0.0626361 0.529839 2.15727
-0.191381 0.638629 1.88894
-0.266205 0.630517 1.89146
0.191017 -0.103619 2.2065
0.116557 0.0105169 2.18167
-0.0728385 0.0356771 2.23328
-0.0672081 0.321417 2.1938
-0.0599109 0.59719 2.14206
-0.0632091 0.739123 2.11687
-0.224686 0.516334 2.1377
-0.430613 0.478242 2.05808
-0.278075 0.582671 1.9212
-0.269178 0.610755 1.90448
0.0946191 0.482129 2.16977
0.133222 0.231199 2.21759
0.184951 0.0181322 2.19201
0.179467 -0.0112956 2.19837
-0.142536 0.0367014 2.19331
-0.156258 -0.245547 2.28176
-0.152231 -0.583953 2.38128
-0.162418 -0.674828 2.299
-0.00116235 0.0337395 2.20644
0.0294804 -0.254686 2.30099
0.0538508 -0.57415 2.38177
0.0783169 -0.667379 2.30453
-0.0618881 0.529713 2.15695
-0.214393 0.6594 1.87443
-0.28302 0.653795 1.89093
0.191671 -0.105061 2.21053
0.118098 0.0139732 2.18384
-0.0722185 0.0351111 2.23359
-0.0667617 0.321188 2.19419
-0.059815 0.597281 2.14295
-0.0615167 0.738985 2.11643
-0.224907 0.516763 2.1373
-0.431221 0.478165 2.05922
-0.317184 0.607326 1.91515
-0.310626 0.639316 1.89918
0.0957281 0.481747 2.17071
0.133962 0.230183 2.21814
0.185558 0.0169868 2.1941
0.181488 -0.0119948 2.20175
-0.141399 0.0358957 2.19369
-0.156714 -0.246316 2.28259
-0.152291 -0.58422 2.38143
-0.1624 -0.674873 2.2989
-0.000861569 0.0333126 2.20674
0.0300335 -0.257115 2.30251
0.0541372 -0.57456 2.38263
0.0782785 -0.6671 2.30439
-0.0616835 0.529698 2.15768
-0.268757 0.696326 1.86657
-0.337048 0.665636 1.88945
0.191512 -0.105698 2.21593
0.118582 0.012139 2.1896
-0.071461 0.0343486 2.23424
-0.0664007 0.321074 2.1944
-0.0599084 0.597788 2.1432
-0.0581688 0.738259 2.11513
-0.225306 0.517272 2.13712
-0.432852 0.47923 2.06292
-0.387786 0.647457 1.92277
-0.397582 0.687646 1.91458
0.0970957 0.480052 2.17224
0.134448 0.229914 2.2185
0.185525 0.0165628 2.19493
0.178953 -0.0113767 2.19892
-0.140116 0.034923 2.19456
-0.156615 -0.247773 2.28356
-0.152401 -0.584089 2.38136
-0.162361 -0.674933 2.29897
-0.000513042 0.0327011 2.20727
0.0302839 -0.258486 2.30321
0.0542367 -0.574454 2.38224
0.0789543 -0.667591 2.30336
-0.06164 0.529995 2.15791
-0.39352 0.758106 1.89061
-0.438904 0.71329 1.91382
0.191428 -0.104448 2.21169
0.121721 0.00259037 2.20296
-0.0711822 0.0340404 2.23442
-0.0661225 0.320976 2.19433
-0.0597508 0.59792 2.14292
-0.0557137 0.737164 2.11364
-0.225372 0.517583 2.13701
-0.435602 0.482266 2.07148
-0.439475 0.662558 1.94095
-0.462922 0.705184 1.93605
0.0975176 0.479455 2.17247
0.134471 0.230111 2.21827
0.185066 0.0166539 2.19452
0.176103 -0.0103877 2.19398
-0.139686 0.0345916 2.19479
-0.156653 -0.24793 2.28368
-0.152444 -0.584082 2.38134
-0.162355 -0.674945 2.29897
-0.000383703 0.0324198 2.20742
0.0303518 -0.258703 2.30355
0.0543268 -0.574428 2.38218
0.0789274 -0.667502 2.30387
-0.0614498 0.530058 2.1577
-0.480417 0.778053 1.92336
-0.507823 0.700747 1.94078
0.188652 -0.104466 2.20431
0.121248 -0.000445936 2.19467
-0.0710944 0.033867 2.23448
-0.0659593 0.320922 2.19429
-0.0595891 0.598055 2.14279
-0.0546133 0.736696 2.11301
-0.22553 0.51798 2.13694
-0.438302 0.486477 2.08083
-0.485132 0.665539 1.95847
-0.515692 0.70004 1.95899
0.0979642 0.479062 2.17223
0.134499 0.230343 2.21746
0.184454 0.0168171 2.19237
0.176323 -0.0121502 2.18945
-0.139526 0.0344261 2.19474
-0.156733 -0.248956 2.28422
-0.15251 -0.584195 2.38131
-0.162469 -0.673938 2.29916
-0.000375547 0.0322156 2.20756
0.030449 -0.259421 2.30392
0.0543213 -0.573472 2.38157
0.0788012 -0.66696 2.30388
-0.0612812 0.53013 2.15761
-0.55004 0.768673 1.95202
-0.560439 0.68851 1.95929
0.186885 -0.104571 2.19713
0.128354 -0.0144027 2.18543
-0.0709268 0.0335861 2.23449
-0.0658222 0.320833 2.19427
-0.0595575 0.598126 2.14275
-0.0529591 0.736099 2.11245
-0.225903 0.51839 2.13729
-0.440319 0.487295 2.09082
-0.5311 0.654433 1.97797
-0.563581 0.680697 1.97831
0.0982023 0.478491 2.17123
0.134878 0.228831 2.21514
0.184843 0.0153973 2.18885
0.175435 -0.0110565 2.18594
-0.139304 0.0341844 2.19486
-0.156715 -0.249426 2.28434
-0.152454 -0.584276 2.38128
-0.162587 -0.673838 2.29912
-0.000284757 0.0318924 2.20746
0.0306885 -0.261435 2.30474
0.0539685 -0.575024 2.38263
0.0782569 -0.666164 2.30528
-0.0612137 0.53015 2.15759
-0.614082 0.744228 1.97976
-0.615995 0.668175 1.98464
0.186941 -0.104597 2.19773
0.120759 0.000179093 2.18959
-0.070799 0.0332698 2.23435
-0.065766 0.320746 2.1942
-0.0596254 0.598175 2.14275
-0.0524348 0.73583 2.11216
-0.226865 0.518642 2.1379
-0.441618 0.485486 2.09612
-0.548898 0.642394 1.98313
-0.585266 0.662877 1.98379
0.0976502 0.47765 2.16893
0.135067 0.228521 2.21363
0.185717 0.0153932 2.18554
0.178548 -0.0102386 2.18256
-0.139199 0.0338824 2.19485
-0.156622 -0.249761 2.2843
-0.152483 -0.58407 2.3823
-0.162527 -0.674407 2.29882
-0.000155057 0.0315792 2.20719
0.0303891 -0.262606 2.30442
0.0536289 -0.576953 2.38196
0.078492 -0.667179 2.30404
-0.0612418 0.530169 2.15759
-0.643519 0.721547 1.98623
-0.635248 0.645487 1.98775
0.188232 -0.104903 2.19173
0.145693 -0.0333998 2.18011
-0.0707729 0.0330413 2.23433
-0.0657629 0.320715 2.1942
-0.0598194 0.598358 2.14282
-0.0522367 0.73625 2.11213
-0.227201 0.518525 2.13791
-0.44215 0.481742 2.10312
-0.562121 0.626356 1.98616
-0.601268 0.644785 1.98425
0.0973648 0.47739 2.16856
0.13532 0.22906 2.21203
0.186686 0.0161602 2.18325
0.18173 -0.0114941 2.17764
-0.139163 0.0336788 2.19485
-0.15666 -0.249949 2.28446
-0.152409 -0.583866 2.38179
-0.16227 -0.674061 2.29881
-0.000160934 0.0313252 2.20715
0.0303571 -0.262323 2.30402
0.0540388 -0.575656 2.3819
0.078186 -0.666614 2.30462
-0.0613591 0.530272 2.15763
-0.666451 0.693606 1.98758
-0.655042 0.624977 1.98986
0.189565 -0.104058 2.18643
0.18095 -0.108437 2.1905
-0.0708229 0.0328405 2.23415
-0.0658293 0.320702 2.19414
-0.0601481 0.598629 2.14275
-0.0521268 0.736713 2.11158
-0.22767 0.518482 2.13807
-0.44231 0.478285 2.10632
-0.569662 0.613111 1.98511
-0.606497 0.629558 1.98101
0.0971295 0.476952 2.16804
0.135364 0.229334 2.21152
0.187078 0.0165549 2.18232
0.181664 -0.0116791 2.17844
-0.139221 0.0334995 2.19456
-0.156792 -0.250126 2.28447
-0.152411 -0.58404 2.38164
-0.162272 -0.674071 2.29881
-0.000216643 0.0311136 2.20706
0.030097 -0.263139 2.30434
0.0540392 -0.575587 2.38183
0.0781333 -0.666763 2.30514
-0.0615915 0.530448 2.15756
-0.678217 0.675428 1.97937
-0.658963 0.605241 1.97964
0.189494 -0.104022 2.18563
0.16627 -0.0640624 2.18079
-0.0709744 0.032571 2.23393
-0.0660275 0.320677 2.19388
-0.0606571 0.599051 2.14226
-0.052524 0.737082 2.11084
-0.227763 0.517993 2.13666
-0.441423 0.475021 2.09914
-0.565345 0.612236 1.97695
-0.595048 0.644492 1.96562
0.0966346 0.476482 2.16786
0.135429 0.229346 2.21167
0.186946 0.0164909 2.18279
0.182429 -0.0105085 2.18432
-0.139421 0.0331492 2.19409
-0.156635 -0.250836 2.28485
-0.152443 -0.584086 2.38162
-0.162295 -0.674011 2.29901
-0.000340518 0.0309059 2.20702
0.0298741 -0.262815 2.30415
0.0540763 -0.575569 2.38195
0.0781067 -0.667255 2.30498
-0.0620032 0.53074 2.15715
-0.664867 0.692256 1.96808
-0.56173 0.671624 1.923
0.192283 -0.100999 2.19163
0.172568 -0.0394041 2.185
-0.071041 0.0325274 2.23387
-0.0661589 0.320661 2.19382
-0.0609825 0.599126 2.1422
-0.0534777 0.737023 2.1104
-0.228195 0.517516 2.13554
-0.441236 0.477367 2.08892
-0.533248 0.632136 1.95894
-0.546722 0.674725 1.94698
0.0966274 0.47664 2.16807
0.135443 0.229268 2.21197
0.186957 0.0162821 2.18466
0.182973 -0.0125239 2.18931
-0.139495 0.0330443 2.19406
-0.156997 -0.251162 2.28488
-0.152577 -0.584248 2.38206
-0.162296 -0.674162 2.29899
-0.000404051 0.0308938 2.20696
0.0296885 -0.262746 2.30381
0.0535164 -0.576281 2.38185
0.0782047 -0.667364 2.3045
-0.0622787 0.5308 2.15709
-0.590431 0.742649 1.94169
-0.503949 0.683853 1.90272
0.191477 -0.104663 2.20294
0.170977 -0.0452394 2.18576
-0.0713459 0.0325473 2.23361
-0.0665054 0.320673 2.1935
-0.0614236 0.599111 2.14192
-0.0559348 0.737061 2.11019
-0.228423 0.517282 2.13496
-0.440769 0.478356 2.08264
-0.475343 0.646671 1.94058
-0.476205 0.690233 1.92654
0.0965481 0.476888 2.16838
0.135357 0.229271 2.21242
0.186796 0.0161104 2.18723
0.18273 -0.0106906 2.19262
-0.139874 0.0331027 2.19369
-0.157122 -0.250952 2.28432
-0.152541 -0.584269 2.38214
-0.162269 -0.67435 2.29887
-0.000665812 0.0308881 2.20672
0.0292825 -0.262533 2.30329
0.0534421 -0.576009 2.382
0.0780583 -0.667107 2.30418
-0.0626984 0.53081 2.15679
-0.498388 0.76642 1.91406
-0.429426 0.689519 1.88237
0.192186 -0.105097 2.20402
0.157659 -0.0255555 2.1829
-0.0718153 0.032317 2.23295
-0.0669447 0.320169 2.19298
-0.0618703 0.598269 2.14163
-0.0593447 0.735547 2.10997
-0.22883 0.517594 2.13497
-0.437627 0.483528 2.06316
-0.391388 0.647928 1.91859
-0.369214 0.683404 1.90397
0.0964449 0.476762 2.16851
0.135033 0.228916 2.21294
0.18564 0.0154769 2.18892
0.178066 -0.0144167 2.19366
-0.140332 0.0330099 2.19314
-0.157272 -0.2509 2.28387
-0.152456 -0.583808 2.38156
-0.162261 -0.674293 2.3001
-0.00113517 0.0305487 2.2059
0.0288112 -0.262094 2.30227
0.0528315 -0.575816 2.381
0.0781473 -0.667489 2.30252
-0.0631468 0.530093 2.15645
-0.341709 0.747659 1.87961
-0.332953 0.644509 1.87097
0.188533 -0.104398 2.20286
0.159515 -0.0523633 2.18342
-0.0721597 0.0320792 2.23214
-0.0672389 0.319946 2.19261
-0.0621724 0.598028 2.14157
-0.0613693 0.735545 2.11012
-0.22924 0.517733 2.13479
-0.43825 0.484888 2.06003
-0.340941 0.628232 1.91763
-0.311776 0.651087 1.90291
0.0962455 0.476714 2.16852
0.13475 0.228582 2.21305
0.184793 0.0150199 2.18886
0.17461 -0.0155056 2.18867
-0.140724 0.0328067 2.1925
-0.158094 -0.248813 2.28198
-0.152413 -0.583941 2.38126
-0.162359 -0.674205 2.3005
-0.00141226 0.0303123 2.20496
0.0287509 -0.261086 2.3011
0.0528087 -0.575331 2.38085
0.0782991 -0.667465 2.30259
-0.06344 0.529871 2.15632
-0.261857 0.704631 1.8736
-0.281162 0.605294 1.86759
0.18359 -0.109567 2.20083
0.116188 0.00645908 2.18096
-0.0722678 0.0321675 2.23157
-0.0672989 0.319699 2.19231
-0.0621734 0.597383 2.14147
-0.0629897 0.735367 2.11043
-0.229095 0.517846 2.13455
-0.437435 0.485004 2.05884
-0.314594 0.609077 1.91757
-0.281506 0.625387 1.90303
0.0958699 0.478572 2.16729
0.134721 0.228292 2.2129
0.184286 0.0146905 2.18761
0.173999 -0.0154729 2.18264
-0.140888 0.032919 2.19207
-0.158706 -0.245534 2.28035
-0.152436 -0.583859 2.38107
-0.162274 -0.674387 2.30027
-0.00145298 0.0303784 2.20422
0.0285489 -0.261606 2.30116
0.0527272 -0.575093 2.38116
0.0770257 -0.66729 2.30781
-0.0634657 0.529363 2.15617
-0.228313 0.676618 1.87252
-0.243605 0.578612 1.87541
0.183759 -0.109565 2.19258
0.118896 0.00740678 2.18643
-0.0724734 0.0324807 2.23076
-0.0672748 0.319737 2.19175
-0.0619788 0.597233 2.1411
-0.063763 0.735389 2.11058
-0.228944 0.517923 2.13438
-0.437123 0.484925 2.05895
-0.296596 0.590201 1.91848
-0.268448 0.609398 1.9047
0.0952879 0.47935 2.16613
0.134828 0.228319 2.21276
0.184294 0.0147802 2.18627
0.176438 -0.0105215 2.18393
-0.141416 0.0333416 2.19118
-0.158606 -0.244825 2.27976
-0.152386 -0.583855 2.38093
-0.162287 -0.67439 2.30024
-0.00139931 0.0306117 2.20351
0.0288761 -0.2585 2.29922
0.0533621 -0.573881 2.38067
0.0774825 -0.667102 2.30651
-0.0633227 0.529264 2.15577
-0.208977 0.65598 1.87809
-0.235321 0.557421 1.87824
0.188796 -0.103629 2.18686
0.117867 0.00765845 2.17957
-0.0725871 0.0326817 2.22986
-0.0663412 0.31932 2.19009
-0.0590815 0.595725 2.13832
-0.0641783 0.735679 2.11087
-0.228594 0.518354 2.13458
-0.436635 0.484729 2.05981
-0.297194 0.589516 1.91782
-0.280004 0.618331 1.8993
0.0956788 0.480131 2.16593
0.135645 0.22754 2.2123
0.186107 0.0142305 2.18598
0.180125 -0.0112873 2.18823
-0.141828 0.0337173 2.19054
-0.158556 -0.243279 2.27905
-0.152744 -0.584457 2.38223
-0.162591 -0.6748 2.30039
-0.00118352 0.0306304 2.20227
0.0294771 -0.256764 2.29823
0.0538885 -0.572008 2.38122
0.0776519 -0.666644 2.30621
-0.0609973 0.528064 2.15326
-0.222211 0.660523 1.8661
-0.248706 0.564678 1.87501
0.193959 -0.103639 2.19468
0.120822 0.00707674 2.18594
-0.0723383 0.0323441 2.22973
-0.0662137 0.319181 2.19004
-0.0590797 0.595729 2.13842
-0.0642112 0.735851 2.11099
-0.228217 0.518289 2.13454
-0.436742 0.484784 2.06142
-0.317438 0.607226 1.91553
-0.308465 0.642117 1.89569
0.0961647 0.479287 2.1661
0.136573 0.226831 2.21222
0.187242 0.0135321 2.1865
0.179738 -0.0109125 2.18799
-0.141382 0.0333207 2.19068
-0.158116 -0.244061 2.27945
-0.15261 -0.584 2.38172
-0.162528 -0.6747 2.30017
-0.001045 0.0303023 2.20193
0.0300823 -0.259427 2.29936
0.0542128 -0.573865 2.38121
0.0779221 -0.666803 2.306
-0.0609667 0.528036 2.15331
-0.264158 0.690216 1.85666
-0.272742 0.592589 1.868
0.19398 -0.103643 2.19479
0.146134 -0.0312666 2.16767
-0.0717218 0.0321323 2.22929
-0.0658874 0.319062 2.18982
-0.0590539 0.595755 2.13845
-0.0638072 0.735765 2.11075
-0.228037 0.518395 2.13459
-0.435607 0.491053 2.05549
-0.352809 0.643003 1.91318
-0.352323 0.68405 1.89666
0.0970702 0.479543 2.16571
0.137448 0.226451 2.21157
0.187703 0.0130047 2.18656
0.180181 -0.0106091 2.18365
-0.140571 0.0330399 2.19019
-0.157469 -0.245781 2.28002
-0.152625 -0.5841 2.38176
-0.162488 -0.674945 2.29982
-0.00063063 0.0301732 2.20159
0.0303925 -0.259613 2.2995
0.0543086 -0.574891 2.38103
0.0779686 -0.667303 2.304
-0.0608864 0.528029 2.1533
-0.323432 0.74542 1.86224
-0.303368 0.643282 1.8605
0.193828 -0.103571 2.19324
0.120426 0.00852441 2.1798
-0.0712535 0.0319506 2.22898
-0.0654525 0.319114 2.1897
-0.0587137 0.596148 2.13869
-0.0623158 0.735759 2.10943
-0.227769 0.518604 2.13416
-0.435934 0.497738 2.05493
-0.428498 0.6819 1.93056
-0.442894 0.723158 1.92073
0.0979697 0.4787 2.16588
0.137746 0.226787 2.21126
0.187761 0.0132998 2.18598
0.178304 -0.011084 2.18379
-0.139968 0.0329049 2.19002
-0.15697 -0.246572 2.28016
-0.152448 -0.584021 2.38191
-0.162428 -0.674819 2.29982
-0.000294378 0.0299673 2.20116
0.0307593 -0.259578 2.29945
0.0545685 -0.575101 2.3819
0.0774862 -0.667522 2.30566
-0.0605172 0.528306 2.15342
-0.451019 0.792766 1.89835
-0.391131 0.705468 1.887
0.190368 -0.105687 2.19563
0.122198 1.45739e-005 2.17761
-0.0707938 0.0318911 2.22883
-0.0649892 0.319216 2.18957
-0.0583591 0.596497 2.13868
-0.0610589 0.734894 2.10827
-0.226956 0.518646 2.13343
-0.436495 0.499924 2.05827
-0.483361 0.679078 1.9362
-0.511478 0.711136 1.93375
0.0983496 0.478588 2.16606
0.137942 0.22694 2.21079
0.18765 0.0134384 2.18468
0.177855 -0.0105956 2.1829
-0.139216 0.0328022 2.18943
-0.157 -0.245761 2.27949
-0.152483 -0.584405 2.38183
-0.162381 -0.674928 2.29983
-2.34304e-006 0.0299536 2.2013
0.0309467 -0.260859 2.30009
0.0544587 -0.57536 2.38214
0.0778309 -0.668264 2.30463
-0.0601298 0.528584 2.15338
-0.544351 0.778041 1.9236
-0.459519 0.719651 1.8979
0.18901 -0.105491 2.19146
0.121679 0.00411093 2.18202
-0.0705793 0.031784 2.2288
-0.0649006 0.3192 2.18951
-0.0584222 0.59657 2.13869
-0.0604757 0.73496 2.10785
-0.226649 0.518689 2.13305
-0.438128 0.49695 2.06613
-0.531268 0.659955 1.9489
-0.565481 0.681887 1.95123
0.0985163 0.478295 2.16595
0.13803 0.226984 2.2106
0.187554 0.0134724 2.18403
0.178586 -0.0102833 2.18337
-0.13898 0.0326858 2.18946
-0.156575 -0.247159 2.28007
-0.152431 -0.58429 2.38182
-0.162332 -0.675007 2.29984
0.000141103 0.0298701 2.20126
0.0310329 -0.261237 2.30062
0.0546033 -0.575655 2.38194
0.0775514 -0.668239 2.30659
-0.0601428 0.528627 2.15338
-0.617203 0.740655 1.94905
-0.521115 0.704773 1.9125
0.190007 -0.105486 2.19138
0.122033 0.00380951 2.18104
-0.0704873 0.0317158 2.22884
-0.0648611 0.319011 2.18932
-0.0586295 0.596209 2.13803
-0.0600042 0.734478 2.10693
-0.226973 0.51851 2.13256
-0.439316 0.484497 2.07602
-0.568095 0.626076 1.96558
-0.605928 0.64148 1.9715
0.0986369 0.477772 2.1653
0.138362 0.22688 2.21011
0.189144 0.0136933 2.18324
0.183351 -0.012632 2.18171
-0.138844 0.0325951 2.18954
-0.156551 -0.247677 2.28057
-0.152462 -0.584303 2.38157
-0.162294 -0.674976 2.29958
0.000194439 0.0298248 2.20129
0.0308361 -0.262178 2.30093
0.0540782 -0.575817 2.38153
0.0779102 -0.668267 2.3046
-0.0602523 0.528311 2.15286
-0.674926 0.689779 1.97826
-0.574988 0.671733 1.93338
0.194993 -0.103189 2.19363
0.143615 -0.00716399 2.1864
-0.0709973 0.0312219 2.22886
-0.0654269 0.318758 2.18888
-0.059555 0.596336 2.13689
-0.0596873 0.734389 2.10501
-0.227506 0.51753 2.132
-0.438082 0.465751 2.08417
-0.597832 0.580364 1.98428
-0.639647 0.588997 1.9924
0.098328 0.476403 2.16391
0.138392 0.227309 2.20969
0.190207 0.014357 2.18302
0.186203 -0.0138108 2.1817
-0.139531 0.0320931 2.18954
-0.156683 -0.247765 2.28057
-0.152429 -0.583993 2.38137
-0.162273 -0.675104 2.29943
-0.000222346 0.0293426 2.20136
0.0307488 -0.261714 2.30069
0.0535232 -0.575703 2.38112
0.0783793 -0.668698 2.30363
-0.0610584 0.528313 2.15193
-0.719221 0.621684 2.00702
-0.622802 0.623245 1.95347
0.194936 -0.105451 2.19068
0.165703 -0.0303664 2.1784
-0.0714761 0.030954 2.22884
-0.0658916 0.318595 2.18867
-0.0601675 0.596357 2.13658
-0.0597663 0.73424 2.10446
-0.227917 0.516187 2.13112
-0.436907 0.455378 2.08752
-0.603891 0.559635 1.988
-0.644355 0.568507 1.99229
0.0980551 0.475728 2.16274
0.138227 0.227483 2.20929
0.190473 0.0146426 2.18255
0.184089 -0.0139969 2.17838
-0.140196 0.0318139 2.1893
-0.15691 -0.248179 2.28054
-0.152321 -0.584276 2.38125
-0.162309 -0.67517 2.29924
-0.000614365 0.0290659 2.20153
0.0304891 -0.261657 2.30018
0.0533457 -0.57579 2.38113
0.0786919 -0.669235 2.303
-0.0616243 0.528284 2.15163
-0.725455 0.59704 2.01054
-0.639459 0.60837 1.95891
0.192283 -0.104232 2.19013
0.170954 -0.0317192 2.18243
-0.0716262 0.0308776 2.22897
-0.0662082 0.318584 2.18854
-0.0608016 0.596507 2.13617
-0.0602532 0.734962 2.1041
-0.228327 0.515503 2.13059
-0.436618 0.45248 2.0861
-0.602413 0.557473 1.9852
-0.640184 0.580541 1.97946
0.0975766 0.475303 2.16156
0.137977 0.227607 2.20839
0.189734 0.0146761 2.18122
0.182815 -0.0130726 2.17534
-0.1403 0.031728 2.18939
-0.15773 -0.248176 2.28088
-0.152327 -0.584161 2.38119
-0.162305 -0.675069 2.29926
-0.000836539 0.0290138 2.20174
0.0297798 -0.262601 2.30024
0.0527288 -0.574781 2.38153
0.0783143 -0.66843 2.30517
-0.0621759 0.528388 2.1513
-0.722622 0.608094 1.99654
-0.625365 0.615008 1.94248
0.188613 -0.105272 2.18691
0.157629 -0.0402894 2.14709
-0.0721103 0.0306423 2.22868
-0.0666506 0.318552 2.18814
-0.0611597 0.596703 2.13581
-0.0609725 0.735318 2.10381
-0.228643 0.514889 2.13004
-0.437413 0.45547 2.08273
-0.579622 0.576448 1.96346
-0.609793 0.613333 1.95561
0.0969668 0.474929 2.16085
0.137478 0.22801 2.20734
0.188683 0.0150934 2.17831
0.181068 -0.0108571 2.1712
-0.141 0.0315577 2.18897
-0.157826 -0.249214 2.28085
-0.152329 -0.584196 2.3811
-0.162294 -0.675079 2.29924
-0.00115246 0.0287612 2.20158
0.029358 -0.261121 2.299
0.0527349 -0.575225 2.38114
0.0783028 -0.668246 2.30512
-0.0625569 0.528531 2.15092
-0.685894 0.654236 1.96258
-0.585842 0.645093 1.91727
0.188101 -0.104981 2.18091
0.182018 -0.102913 2.17933
-0.072657 0.0306762 2.22832
-0.0673006 0.318799 2.18801
-0.0621569 0.59731 2.13613
-0.062741 0.736157 2.1045
-0.228809 0.51486 2.12986
-0.436009 0.46675 2.06152
-0.518837 0.627372 1.93241
-0.538973 0.665966 1.91862
0.0962188 0.475259 2.16112
0.137065 0.228239 2.20681
0.187625 0.0152306 2.17702
0.181526 -0.0125858 2.17328
-0.141696 0.0316193 2.18859
-0.158056 -0.249765 2.28083
-0.152363 -0.584271 2.38084
-0.162297 -0.675354 2.29908
-0.00154197 0.0287865 2.20125
0.0293665 -0.26101 2.29864
0.0528151 -0.572907 2.38098
0.0784202 -0.667442 2.3051
-0.0634482 0.529038 2.15109
-0.58667 0.725437 1.91062
-0.493196 0.682295 1.88414
0.188734 -0.103604 2.17683
0.16421 -0.043996 2.1745
-0.0728609 0.0309325 2.228
-0.0677515 0.319255 2.18801
-0.062982 0.598073 2.13675
-0.0633162 0.736568 2.10534
-0.228784 0.515011 2.12985
-0.431884 0.472322 2.04423
-0.455801 0.645159 1.90554
-0.461299 0.68311 1.88423
0.095576 0.477958 2.1617
0.136658 0.228442 2.20653
0.187084 0.0153809 2.17696
0.18206 -0.0128051 2.17594
-0.141953 0.0318698 2.18834
-0.158002 -0.249684 2.28037
-0.152369 -0.584242 2.3806
-0.162346 -0.675485 2.29878
-0.00168359 0.0290884 2.20084
0.0286681 -0.261784 2.29894
0.0527642 -0.574439 2.38104
0.0784451 -0.667954 2.30564
-0.0641754 0.529724 2.15152
-0.490767 0.747175 1.85582
-0.407819 0.686039 1.85723
0.191512 -0.103418 2.18743
0.161398 -0.0367141 2.14648
-0.0728215 0.0309255 2.22822
-0.0678836 0.319395 2.18857
-0.0632906 0.598427 2.13791
-0.0638328 0.736808 2.10652
-0.228392 0.515162 2.12968
-0.423264 0.47694 2.02204
-0.387092 0.645795 1.88007
-0.37911 0.679187 1.85694
0.0951328 0.47773 2.16282
0.136194 0.228781 2.20662
0.188281 0.0160851 2.17749
0.186499 -0.0145652 2.17834
-0.141819 0.0318454 2.1886
-0.158043 -0.249838 2.28068
-0.152512 -0.584437 2.38151
-0.162399 -0.675588 2.29947
-0.00171189 0.0291037 2.20111
0.0282602 -0.261654 2.2989
0.0527722 -0.574353 2.38094
0.0785473 -0.667851 2.3055
-0.0644471 0.530027 2.15253
-0.386677 0.742821 1.81444
-0.320701 0.670635 1.8357
0.195642 -0.104136 2.18816
0.167531 -0.0569353 2.14313
-0.0730598 0.0312745 2.22843
-0.0678365 0.319747 2.1894
-0.0625052 0.598771 2.13993
-0.0638857 0.736915 2.10827
-0.227692 0.515234 2.12885
-0.410949 0.479413 1.99938
-0.320514 0.635483 1.86703
-0.297872 0.662661 1.84927
0.0955896 0.479395 2.16527
0.136111 0.230301 2.20865
0.191299 0.0184369 2.17909
0.190188 -0.012418 2.17847
-0.141992 0.0320955 2.18847
-0.158889 -0.249516 2.28129
-0.152449 -0.583464 2.3811
-0.162412 -0.675558 2.29959
-0.00208791 0.0297016 2.20181
0.0274804 -0.261415 2.2989
0.0527704 -0.573302 2.38103
0.0790829 -0.667827 2.30479
-0.0639073 0.530399 2.1542
-0.275411 0.726581 1.81644
-0.244502 0.63004 1.83118
0.200832 -0.102036 2.18767
0.170676 -0.0452667 2.1464
-0.0732063 0.0313984 2.22844
-0.0674414 0.319634 2.18929
-0.0602656 0.597752 2.13901
-0.0637466 0.737605 2.11017
-0.225768 0.515342 2.1271
-0.408749 0.478161 1.99755
-0.289161 0.618483 1.87051
-0.267072 0.641446 1.85619
0.0962765 0.47867 2.16821
0.13617 0.23033 2.21024
0.192601 0.0188267 2.18039
0.189517 -0.0135914 2.18263
-0.142181 0.0322283 2.1883
-0.158921 -0.248788 2.28088
-0.152328 -0.583547 2.38084
-0.162407 -0.675457 2.29951
-0.00225392 0.0298318 2.202
0.0272164 -0.261061 2.29945
0.0526753 -0.573035 2.38111
0.0792006 -0.667608 2.30433
-0.0622347 0.529674 2.15357
-0.23169 0.701516 1.82558
-0.219124 0.601669 1.83857
0.199714 -0.10263 2.19184
0.172818 -0.0693125 2.1488
-0.0732832 0.0324267 2.22868
-0.0671063 0.319839 2.18972
-0.0593191 0.59705 2.13977
-0.0634556 0.737765 2.11085
-0.224379 0.515669 2.1264
-0.408426 0.475756 1.99939
-0.274366 0.605021 1.87487
-0.248989 0.62623 1.86559
0.095852 0.48151 2.16759
0.13571 0.229103 2.21277
0.191524 0.0172527 2.18512
0.184276 -0.0125499 2.19175
-0.142555 0.0333361 2.1883
-0.159895 -0.244052 2.27902
-0.152422 -0.58385 2.38113
-0.162475 -0.674913 2.30021
-0.00204002 0.0307771 2.20248
0.0288118 -0.249007 2.29429
0.0527407 -0.572975 2.38104
0.0787584 -0.667111 2.30595
-0.0614342 0.529247 2.15423
-0.205189 0.680047 1.83692
-0.204306 0.581922 1.84864
0.194909 -0.104496 2.19954
0.164434 -0.0411997 2.16092
-0.0733378 0.0330877 2.22873
-0.0664958 0.319767 2.18932
-0.0575659 0.595808 2.13826
-0.0627102 0.73759 2.1109
-0.22309 0.51602 2.12628
-0.408475 0.474671 2.00194
-0.269209 0.600422 1.87957
-0.248436 0.626553 1.87204
0.0955086 0.482499 2.16659
0.134967 0.228366 2.21355
0.188005 0.015427 2.1913
0.181925 -0.0170466 2.20052
-0.142897 0.0340998 2.18836
-0.15908 -0.240851 2.27741
-0.152453 -0.583861 2.38111
-0.16247 -0.674949 2.30014
-0.00181764 0.0313419 2.2025
0.0286286 -0.250732 2.29599
0.052749 -0.572904 2.38125
0.0785242 -0.667218 2.30616
-0.0599503 0.52833 2.15305
-0.204306 0.683127 1.84736
-0.204032 0.582635 1.84624
0.195159 -0.107133 2.20842
0.162684 -0.0466802 2.17129
-0.0730831 0.0331149 2.22886
-0.0659655 0.319659 2.1894
-0.0570225 0.595773 2.13848
-0.0614315 0.736801 2.11022
-0.222193 0.516604 2.12578
-0.410623 0.478937 2.00547
-0.292621 0.628605 1.88896
-0.289554 0.663891 1.87231
0.0960086 0.481239 2.1668
0.134819 0.227028 2.21403
0.188371 0.01413 2.1937
0.187363 -0.0238732 2.20041
-0.142638 0.0341132 2.18849
-0.158654 -0.242454 2.27881
-0.152874 -0.584756 2.38283
-0.162482 -0.674973 2.29991
-0.00152841 0.0313434 2.20264
0.028697 -0.254315 2.2988
0.0533219 -0.570221 2.38159
0.0786538 -0.666133 2.30576
-0.0593776 0.528213 2.15317
-0.256617 0.724716 1.82534
-0.218305 0.631982 1.83075
0.195849 -0.110027 2.2193
0.177205 -0.068403 2.207
-0.072425 0.032497 2.22933
-0.06523 0.3194 2.18945
-0.0565093 0.595922 2.13825
-0.0584182 0.734906 2.10721
-0.222041 0.516646 2.12562
-0.414478 0.486317 2.01052
-0.343145 0.664763 1.89838
-0.355305 0.703487 1.8839
0.0968666 0.479955 2.16677
0.135143 0.227689 2.21357
0.189935 0.0151156 2.19309
0.190695 -0.0252772 2.18989
-0.141627 0.0333643 2.18893
-0.157942 -0.244628 2.27987
-0.152588 -0.58457 2.38191
-0.162445 -0.674978 2.29987
-0.00111162 0.0307716 2.20314
0.0289453 -0.255906 2.29975
0.0533293 -0.569883 2.38135
0.0787443 -0.666164 2.30521
-0.0588219 0.528256 2.15301
-0.355921 0.773535 1.85239
-0.29378 0.694806 1.86317
0.194593 -0.116728 2.20955
0.18627 -0.0851543 2.20583
-0.0722558 0.0323917 2.22918
-0.0648981 0.319426 2.18923
-0.0561798 0.596249 2.13795
-0.056907 0.734313 2.10607
-0.221975 0.516782 2.12539
-0.421148 0.483398 2.0254
-0.402661 0.673325 1.91198
-0.428669 0.70788 1.9079
0.0977302 0.479836 2.16647
0.135775 0.227783 2.21306
0.190759 0.0154272 2.18949
0.18779 -0.0199317 2.17999
-0.141317 0.0332651 2.18883
-0.157662 -0.245768 2.2802
-0.152547 -0.584554 2.38179
-0.162451 -0.674877 2.29986
-0.00100954 0.0306298 2.20294
0.0288796 -0.25819 2.30028
0.0533476 -0.571998 2.38217
0.0787058 -0.666495 2.30556
-0.0584863 0.528473 2.15274
-0.453536 0.78321 1.91557
-0.37631 0.725831 1.87524
0.195249 -0.109894 2.19231
0.204169 -0.0401528 2.17433
-0.0718542 0.0320821 2.22878
-0.0644104 0.319371 2.18876
-0.0557446 0.596625 2.13732
-0.0552802 0.733942 2.10539
-0.22167 0.516766 2.12481
-0.427253 0.487782 2.04
-0.483537 0.668701 1.92542
-0.506168 0.676725 1.93166
0.0990828 0.478367 2.16669
0.135484 0.229342 2.21072
0.187643 0.0165246 2.18327
0.179805 -0.0154837 2.17806
-0.140706 0.0329641 2.18832
-0.1573 -0.247031 2.2802
-0.152261 -0.583994 2.381
-0.1624 -0.675205 2.29916
-0.000792974 0.0302584 2.20259
0.0293214 -0.260943 2.30179
0.0531947 -0.571774 2.3815
0.0786903 -0.666632 2.30538
-0.0580322 0.528713 2.15217
-0.536631 0.751328 1.94776
-0.55485 0.669073 1.91425
0.191547 -0.108853 2.18338
0.204179 -0.023292 2.16305
-0.0714771 0.0317028 2.22825
-0.0640018 0.319287 2.18833
-0.0554946 0.596902 2.13695
-0.0547848 0.734437 2.10529
-0.221613 0.516625 2.12448
-0.429931 0.485564 2.04924
-0.533046 0.645551 1.93669
-0.555567 0.648483 1.94539
0.0995085 0.477302 2.16596
0.135321 0.22858 2.20851
0.185615 0.0152925 2.18123
0.176429 -0.0138796 2.17853
-0.140178 0.0325684 2.18767
-0.156947 -0.247117 2.27966
-0.15207 -0.584088 2.38068
-0.16237 -0.675175 2.29902
-0.000517146 0.0298632 2.20211
0.0296035 -0.261514 2.30209
0.0532333 -0.571094 2.38161
0.0782495 -0.667033 2.3071
-0.0577289 0.528886 2.1518
-0.59544 0.703629 1.95008
-0.608384 0.632503 1.93667
0.188334 -0.108441 2.18357
0.203693 0.0239806 2.177
-0.0715546 0.0313043 2.22734
-0.0641589 0.319278 2.18735
-0.0559819 0.597398 2.13585
-0.0545047 0.73462 2.10496
-0.221868 0.516367 2.12415
-0.431894 0.473772 2.06288
-0.565028 0.606149 1.94556
-0.590806 0.610034 1.95486
0.0993918 0.476547 2.16499
0.135274 0.227913 2.20799
0.185842 0.0146912 2.18076
0.180152 -0.00998493 2.18067
-0.140366 0.0322481 2.18691
-0.157211 -0.246412 2.27865
-0.152046 -0.584083 2.38083
-0.162375 -0.675123 2.29915
-0.000497654 0.0293955 2.20103
0.0298261 -0.261086 2.30114
0.0531936 -0.57168 2.38142
0.0785336 -0.667113 2.30657
-0.0581029 0.529239 2.15074
-0.638366 0.664944 1.95449
-0.645806 0.585834 1.95729
0.194297 -0.102453 2.18346
0.204638 0.0230073 2.178
-0.0712373 0.0305066 2.22682
-0.0641853 0.318952 2.18691
-0.0564221 0.59739 2.13535
-0.0550416 0.735293 2.10438
-0.222697 0.514504 2.12427
-0.432005 0.463849 2.06748
-0.586407 0.574818 1.95435
-0.609236 0.574216 1.9657
0.0992884 0.476031 2.16418
0.135692 0.227898 2.20785
0.187885 0.0150245 2.18127
0.186225 -0.011895 2.18301
-0.140061 0.0314363 2.18644
-0.157037 -0.246378 2.27825
-0.152024 -0.583768 2.38055
-0.162365 -0.675256 2.29908
-0.000199624 0.0286414 2.20049
0.030201 -0.2618 2.30111
0.0534197 -0.573892 2.38119
0.0783497 -0.667497 2.30464
-0.0584028 0.529148 2.15027
-0.662487 0.628673 1.96283
-0.661402 0.546119 1.96925
0.201003 -0.102823 2.19146
0.210641 -0.00474173 2.17308
-0.071551 0.0298499 2.22623
-0.0647716 0.318651 2.1862
-0.0575986 0.597554 2.13448
-0.0551836 0.734802 2.10322
-0.223109 0.513104 2.12399
-0.429868 0.452247 2.06714
-0.59972 0.544831 1.96018
-0.622268 0.544688 1.97012
0.098901 0.474891 2.16293
0.136035 0.228328 2.20776
0.190485 0.0159203 2.18269
0.19031 -0.0122463 2.18349
-0.14045 0.0308006 2.18589
-0.156701 -0.247855 2.27828
-0.152215 -0.583739 2.38074
-0.162414 -0.675127 2.2998
-0.0004542 0.0279844 2.19987
0.0304613 -0.261423 2.30072
0.0531703 -0.573454 2.38157
0.0783418 -0.666797 2.30541
-0.0594042 0.529186 2.14944
-0.679889 0.594713 1.97226
-0.664269 0.512383 1.96645
0.204416 -0.102195 2.19441
0.201826 -0.037976 2.14913
-0.0718141 0.0294908 2.22586
-0.0651387 0.318431 2.18576
-0.0581948 0.597513 2.134
-0.0554602 0.735085 2.10276
-0.223559 0.511924 2.12318
-0.429579 0.448701 2.06598
-0.59575 0.543209 1.95454
-0.617193 0.561277 1.95619
0.0984251 0.474165 2.16225
0.136251 0.228047 2.2075
0.191129 0.015726 2.18282
0.187865 -0.0132614 2.18243
-0.140822 0.0304117 2.18554
-0.157006 -0.247739 2.27787
-0.152114 -0.583889 2.38078
-0.162385 -0.6752 2.29957
-0.000659643 0.0276016 2.1994
0.0306526 -0.260902 2.3002
0.0532779 -0.574079 2.3814
0.0782673 -0.666721 2.30544
-0.059939 0.529102 2.14897
-0.696369 0.585442 1.984
-0.673798 0.541606 1.96478
0.199662 -0.103486 2.19146
0.207758 -0.0216842 2.16306
-0.0718919 0.0292104 2.22555
-0.0654832 0.318396 2.18551
-0.059 0.597797 2.13382
-0.0565332 0.735698 2.10195
-0.223982 0.511449 2.12308
-0.427269 0.44419 2.05897
-0.557258 0.572087 1.9324
-0.586516 0.61041 1.927
0.098079 0.473992 2.16203
0.136197 0.227881 2.2074
0.191218 0.015602 2.18265
0.185626 -0.0128379 2.17895
-0.140994 0.0301922 2.18524
-0.156783 -0.248597 2.27817
-0.152164 -0.58397 2.38084
-0.162382 -0.675127 2.29951
-0.0006516 0.0272663 2.19906
0.0305219 -0.262432 2.30027
0.0532791 -0.573445 2.38097
0.0782906 -0.666681 2.3053
-0.0606036 0.529293 2.14875
-0.658491 0.661935 1.94034
-0.642918 0.600435 1.92009
0.194779 -0.105366 2.18891
0.195864 -0.0347188 2.1443
-0.0717978 0.0292606 2.22539
-0.0657313 0.31829 2.18515
-0.059857 0.597456 2.13328
-0.0583088 0.736049 2.10182
-0.224997 0.511186 2.1234
-0.426481 0.454734 2.04211
-0.483844 0.620483 1.90491
-0.498118 0.665814 1.88744
0.0978582 0.47418 2.16215
0.13591 0.227842 2.20674
0.189402 0.0151871 2.18167
0.182223 -0.0116591 2.1799
-0.140828 0.0302055 2.18499
-0.15703 -0.247727 2.2777
-0.152116 -0.583969 2.38055
-0.162348 -0.675093 2.29952
-0.000600686 0.0273599 2.19897
0.0306159 -0.261825 2.29944
0.0528501 -0.574112 2.38117
0.0783945 -0.667286 2.3051
-0.0612941 0.529034 2.14825
-0.54461 0.730892 1.87627
-0.44833 0.678598 1.85526
0.194847 -0.102749 2.18968
0.204199 0.026478 2.1824
-0.0720281 0.0293736 2.22498
-0.0660841 0.318242 2.18493
-0.0604375 0.597273 2.13331
-0.0601206 0.735569 2.10137
-0.225305 0.51155 2.12302
-0.425151 0.462062 2.03229
-0.427184 0.635531 1.89187
-0.420317 0.685044 1.87045
0.0975486 0.474152 2.16197
0.135659 0.22804 2.2064
0.187474 0.0149438 2.18159
0.180238 -0.0101191 2.18031
-0.141138 0.0303315 2.18447
-0.157125 -0.247391 2.2773
-0.152253 -0.583637 2.38004
-0.162294 -0.675186 2.29937
-0.000752022 0.0274631 2.19867
0.030329 -0.261928 2.29878
0.0531563 -0.573759 2.38173
0.0781625 -0.667149 2.30623
-0.0618176 0.528895 2.14821
-0.433643 0.757826 1.84984
-0.365515 0.676347 1.83453
0.19463 -0.102636 2.18724
0.193544 -0.038694 2.14382
-0.0720798 0.0294024 2.22491
-0.0663068 0.318187 2.18489
-0.0608919 0.597066 2.13343
-0.061244 0.73488 2.1012
-0.225742 0.511992 2.12293
-0.422491 0.468941 2.0213
-0.371085 0.637136 1.88329
-0.346893 0.680236 1.87235
0.0974263 0.474108 2.16199
0.135409 0.227438 2.20626
0.186183 0.014075 2.18165
0.179422 -0.0103808 2.18213
-0.141171 0.0303532 2.18449
-0.157039 -0.248235 2.27788
-0.152404 -0.584147 2.3804
-0.16227 -0.675245 2.29946
-0.000816131 0.0275337 2.1985
0.0301803 -0.261999 2.29876
0.0532854 -0.571376 2.38138
0.0781288 -0.66688 2.30602
-0.0622208 0.528735 2.14827
-0.321169 0.747929 1.85373
-0.306536 0.64094 1.83579
0.194305 -0.102526 2.19157
0.203628 0.00906606 2.17777
-0.0721816 0.029602 2.22447
-0.0665056 0.318062 2.18451
-0.061173 0.596506 2.13297
-0.0619529 0.73523 2.10086
-0.226143 0.512416 2.12277
-0.42162 0.468293 2.01881
-0.316625 0.619232 1.8913
-0.28968 0.649664 1.87964
0.0973786 0.474075 2.162
0.135169 0.226766 2.20623
0.18576 0.0133517 2.18177
0.179428 -0.0104237 2.18294
-0.141282 0.0304868 2.18393
-0.157729 -0.24661 2.27736
-0.15248 -0.584224 2.38058
-0.162306 -0.675441 2.30019
-0.000903723 0.0277952 2.19816
0.0300569 -0.261932 2.29876
0.0527619 -0.574263 2.3813
0.0783895 -0.66752 2.30573
-0.0624877 0.52831 2.14784
-0.249616 0.707956 1.86067
-0.2471 0.607967 1.84661
0.194304 -0.102545 2.19187
0.193647 -0.0326969 2.14628
-0.0721708 0.0301535 2.22392
-0.0664977 0.318004 2.1842
-0.0610873 0.595906 2.13275
-0.062106 0.735168 2.10071
-0.225835 0.51302 2.12238
-0.421187 0.465818 2.01959
-0.289185 0.598842 1.89699
-0.259709 0.625911 1.8859
0.0961724 0.477828 2.16066
0.135144 0.226437 2.20597
0.185389 0.0129421 2.18149
0.178231 -0.0102005 2.18123
-0.141421 0.0309389 2.18345
-0.15859 -0.242413 2.27476
-0.15226 -0.583902 2.37974
-0.162269 -0.675584 2.29971
-0.000716153 0.0284647 2.19751
0.0294389 -0.258956 2.29609
0.0528864 -0.572882 2.38088
0.0785798 -0.667177 2.30525
-0.0624414 0.527888 2.14759
-0.2147 0.679125 1.86653
-0.22138 0.579068 1.86004
0.194448 -0.10254 2.18524
0.202801 0.0338081 2.17538
