-0.0532961 0.119996 2.23263
-0.0223329 0.411664 2.15957
0.00762143 0.692132 2.07521
0.0629319 0.849784 2.0572
-0.171727 0.621837 2.09605
-0.404207 0.598444 2.12667
-0.413436 0.738077 1.95073
-0.406852 0.791451 1.9323
0.165634 0.604448 2.12985
0.198945 0.328827 2.20301
0.264057 0.119371 2.20952
0.274648 0.0381436 2.22134
-0.13424 0.126949 2.19218
-0.199786 -0.244516 2.24784
-0.238175 -0.599278 2.39282
-0.29274 -0.656464 2.33249
0.0294007 0.109167 2.20046
0.0267243 -0.246371 2.30963
-0.0663961 -0.595019 2.40511
-0.0842016 -0.666641 2.31764
0.000214019 0.623645 2.09837
-0.372611 0.860771 1.92381
-0.440696 0.80467 1.93375
0.29183 -0.0357173 2.25043
0.290672 0.0768753 2.21675
-0.0529111 0.120139 2.23459
-0.0210262 0.411761 2.16121
0.0102192 0.692209 2.07654
0.0668503 0.84935 2.05888
-0.169676 0.624821 2.09923
-0.404172 0.604083 2.12605
-0.482387 0.738495 1.96531
-0.504899 0.794312 1.94221
0.167722 0.603318 2.13193
0.202158 0.327409 2.20546
0.266298 0.118132 2.21663
0.276013 0.0352384 2.22832
-0.133729 0.127358 2.19467
-0.196693 -0.243082 2.248
-0.237622 -0.599327 2.39308
-0.293114 -0.656558 2.33515
0.0296647 0.109094 2.20192
0.0267055 -0.250468 2.31117
-0.0662363 -0.595014 2.40515
-0.0838989 -0.667245 2.31716
0.00245868 0.623733 2.09979
-0.525308 0.874998 1.94042
-0.529645 0.750607 1.929
0.289235 -0.0349537 2.2503
0.293693 0.0500616 2.21657
-0.0525269 0.120397 2.23549
-0.0193196 0.411682 2.16236
0.0139275 0.691616 2.07782
0.0721313 0.848467 2.06
-0.167071 0.627295 2.10103
-0.40658 0.60619 2.12508
-0.533531 0.71773 1.97983
-0.587515 0.758273 1.96431
0.170776 0.600485 2.13456
0.203632 0.326553 2.20636
0.266945 0.11723 2.21927
0.275374 0.0313866 2.22864
-0.133202 0.127865 2.19546
-0.194815 -0.242373 2.24778
-0.237251 -0.598972 2.39268
-0.293504 -0.656209 2.33702
0.0298971 0.109083 2.20295
0.0280419 -0.253113 2.31275
-0.0659611 -0.594554 2.40527
-0.0840923 -0.667036 2.31777
0.00564172 0.623292 2.10105
-0.655999 0.811291 1.96437
-0.627082 0.740685 1.94719
0.289945 -0.0399008 2.251
0.29291 0.0539376 2.21684
-0.0516148 0.120304 2.2364
-0.0174444 0.41143 2.16338
0.0165339 0.691246 2.07872
0.0767286 0.847471 2.06094
-0.164712 0.627985 2.10201
-0.403559 0.605518 2.12597
-0.552065 0.70242 1.99184
-0.61049 0.718142 1.97266
0.172671 0.598549 2.13522
0.20657 0.324358 2.20863
0.267583 0.11424 2.22056
0.276666 0.0322431 2.22702
-0.132268 0.128035 2.19622
-0.191315 -0.241093 2.24648
-0.236693 -0.5988 2.39186
-0.293489 -0.656133 2.33763
0.0307588 0.108695 2.204
0.0290339 -0.255323 2.31392
-0.0659171 -0.594568 2.40529
-0.0834268 -0.667059 2.31773
0.00810446 0.622947 2.102
-0.675695 0.730407 1.98133
-0.644747 0.673884 1.94347
0.291854 -0.039855 2.25871
0.295355 0.0496004 2.21678
-0.0508416 0.12006 2.23682
-0.0160304 0.410996 2.16404
0.0183814 0.690667 2.07956
0.0787232 0.846957 2.06172
-0.163798 0.628954 2.10313
-0.400952 0.603362 2.12759
-0.553962 0.695889 1.99556
-0.613271 0.710474 1.97065
0.173932 0.597485 2.13555
0.208382 0.324099 2.20936
0.268931 0.11374 2.22033
0.281729 0.0301156 2.22501
-0.131367 0.127997 2.19688
-0.189854 -0.236745 2.24428
-0.236032 -0.597556 2.39018
-0.293174 -0.656134 2.3366
0.0314293 0.108247 2.2042
0.02942 -0.257708 2.31456
-0.0658986 -0.594558 2.40516
-0.0822918 -0.667276 2.31641
0.00986671 0.6224 2.10279
-0.691828 0.705466 1.97622
-0.656742 0.667205 1.9429
0.294234 -0.0447506 2.26099
0.297424 0.0424776 2.21696
-0.0489172 0.119143 2.23733
-0.0149817 0.410451 2.16485
0.018702 0.690373 2.08071
0.0784778 0.846811 2.06311
-0.163825 0.624364 2.102
-0.398177 0.599457 2.12838
-0.541351 0.696944 1.98843
-0.586893 0.73195 1.95841
0.174881 0.597518 2.1374
0.210607 0.323654 2.20939
0.272908 0.113721 2.21937
0.286882 0.0256344 2.22649
-0.129289 0.127089 2.19745
-0.189027 -0.234954 2.24274
-0.235522 -0.599081 2.39137
-0.292797 -0.656111 2.33636
0.0331213 0.10733 2.2046
0.0300495 -0.257475 2.31437
-0.0659674 -0.594671 2.40486
-0.082747 -0.667083 2.31681
0.0103605 0.622055 2.10382
-0.667424 0.747008 1.96309
-0.650171 0.705809 1.93333
0.295161 -0.0441591 2.27193
0.30411 0.0280547 2.22419
-0.0481115 0.119101 2.23778
-0.0147292 0.410566 2.16571
0.0180285 0.690802 2.08247
0.0736143 0.847766 2.06528
-0.165027 0.62541 2.10623
-0.411107 0.593529 2.12434
-0.489142 0.719536 1.95626
-0.497177 0.772249 1.93681
0.175305 0.597746 2.13837
0.212657 0.324378 2.20857
0.276947 0.114856 2.21655
0.291502 0.0301632 2.22084
-0.128474 0.126957 2.19838
-0.188666 -0.234773 2.24278
-0.235303 -0.599049 2.39136
-0.293084 -0.656271 2.33651
0.0338745 0.107352 2.20469
0.0311635 -0.255586 2.31411
-0.0662403 -0.595139 2.40446
-0.0829503 -0.667386 2.31579
0.00998733 0.622384 2.1053
-0.536641 0.849167 1.93673
-0.521497 0.741691 1.9131
0.301272 -0.0401234 2.26037
0.306924 0.0340177 2.222
-0.0477032 0.119362 2.23768
-0.0151686 0.411009 2.16615
0.0154424 0.691966 2.08411
0.0680164 0.849256 2.06699
-0.16785 0.626265 2.10893
-0.40789 0.589767 2.12532
-0.432668 0.713855 1.93891
-0.402758 0.756428 1.91628
0.173593 0.603247 2.13472
0.213268 0.325532 2.2067
0.279448 0.116441 2.21287
0.290521 0.0306894 2.21308
-0.128323 0.127022 2.19841
-0.19035 -0.240043 2.24652
-0.2352 -0.59957 2.39192
-0.293017 -0.656161 2.33674
0.0346972 0.107934 2.2043
0.031181 -0.254846 2.31324
-0.0665719 -0.595595 2.40438
-0.0829542 -0.667505 2.31538
0.00806054 0.623353 2.1066
-0.362702 0.828354 1.89962
-0.411779 0.813848 1.9314
0.299794 -0.03846 2.25136
0.306408 0.0339683 2.21638
-0.0477858 0.119399 2.23799
-0.0160771 0.411376 2.16677
0.0136934 0.692583 2.08469
0.0639635 0.849854 2.06798
-0.169245 0.624392 2.10786
-0.400035 0.59016 2.1236
-0.374758 0.666056 1.91109
-0.334732 0.680159 1.91565
0.172227 0.603773 2.1356
0.212329 0.326685 2.20439
0.278584 0.117454 2.20873
0.286193 0.0302783 2.20731
-0.128463 0.12681 2.1989
-0.190687 -0.239273 2.24643
-0.234743 -0.600589 2.39295
-0.293051 -0.656146 2.33736
0.0346104 0.108143 2.20454
0.0307864 -0.251543 2.31255
-0.0668422 -0.596031 2.40466
-0.0828859 -0.667796 2.31526
0.00646871 0.623918 2.10724
-0.282724 0.721316 1.8875
-0.295215 0.733523 1.9246
0.296233 -0.0399362 2.24761
0.29865 0.0303024 2.21333
-0.0482386 0.119524 2.23853
-0.0175387 0.411591 2.16755
0.0112685 0.692709 2.08528
0.058564 0.849617 2.06932
-0.17018 0.62148 2.10738
-0.406419 0.571265 2.13522
-0.227326 0.631722 1.94801
-0.250874 0.644192 1.93911
0.170826 0.604145 2.1362
0.211072 0.326737 2.20231
0.277356 0.1173 2.20371
0.280391 0.0370045 2.1997
-0.129377 0.126731 2.20031
-0.190543 -0.238055 2.24634
-0.234719 -0.600977 2.39318
-0.292515 -0.655771 2.33634
0.034422 0.108327 2.20461
0.0310945 -0.249004 2.3115
-0.0669681 -0.596138 2.40488
-0.0825688 -0.66765 2.31507
0.0042533 0.624075 2.10793
-0.192064 0.667339 1.92541
-0.190028 0.639959 2.04267
0.292068 -0.0381192 2.2312
0.298114 0.066037 2.1946
-0.0479923 0.119577 2.23939
-0.018013 0.411574 2.16813
0.0100514 0.692539 2.08564
0.057605 0.849636 2.06942
-0.171281 0.621103 2.10823
-0.429332 0.571976 2.12832
-0.349138 0.658025 1.93445
-0.313969 0.691034 1.92496
0.169713 0.604506 2.1364
0.209635 0.327206 2.20105
0.27672 0.118014 2.2023
0.281523 0.0368587 2.20121
-0.129127 0.126678 2.2016
-0.190094 -0.236882 2.24628
-0.233902 -0.601297 2.39383
-0.292536 -0.655512 2.33601
0.0346992 0.10845 2.20498
0.0307229 -0.247784 2.31197
-0.0670099 -0.596329 2.40489
-0.0826188 -0.668035 2.31464
0.00323982 0.623951 2.10835
-0.243173 0.728583 1.90635
-0.285232 0.63427 1.89873
0.291541 -0.0394082 2.2272
0.30195 0.0551058 2.19425
-0.0472858 0.119841 2.24011
-0.0180343 0.41169 2.1684
0.00978847 0.692613 2.08567
0.057245 0.849627 2.0692
-0.173096 0.624663 2.11015
-0.39387 0.604158 2.11585
-0.413549 0.727268 1.92811
-0.396968 0.771414 1.91067
0.169074 0.604813 2.13652
0.20995 0.326921 2.20144
0.276684 0.117573 2.20194
0.28399 0.0375848 2.20275
-0.128424 0.126777 2.20231
-0.190986 -0.237429 2.24727
-0.233387 -0.601423 2.39391
-0.292588 -0.655557 2.33617
0.0353862 0.108912 2.20565
0.0301674 -0.247882 2.31345
-0.0668312 -0.596112 2.40489
-0.0825639 -0.668103 2.31443
0.00304837 0.624023 2.10845
-0.354112 0.83526 1.89447
-0.358785 0.721997 1.87356
0.295698 -0.037873 2.23182
0.304549 0.0500477 2.19317
-0.0470427 0.120579 2.24087
-0.0179253 0.41192 2.16865
0.00988599 0.692607 2.08565
0.0589722 0.849842 2.0685
-0.172821 0.627012 2.10894
-0.404064 0.617234 2.11444
-0.492785 0.757669 1.95627
-0.514031 0.824294 1.92531
0.1692 0.604465 2.13677
0.209762 0.327136 2.2027
0.276323 0.117704 2.20275
0.285422 0.0379945 2.20874
-0.128359 0.127381 2.20285
-0.190644 -0.236058 2.24734
-0.233923 -0.601149 2.39379
-0.292896 -0.655618 2.33617
0.0358365 0.109785 2.20651
0.0281252 -0.249573 2.31682
-0.0669418 -0.596122 2.40464
-0.0825852 -0.668171 2.31471
0.00311745 0.624045 2.10846
-0.520489 0.903357 1.92395
-0.460763 0.81109 1.89229
0.303632 -0.0356213 2.23419
0.30656 0.0413801 2.19954
-0.0456429 0.121508 2.24296
-0.01667 0.412199 2.1693
0.0117828 0.69221 2.08494
0.0671427 0.848888 2.06716
-0.168829 0.627865 2.10291
-0.414077 0.629351 2.1041
-0.572803 0.73422 1.9917
-0.639838 0.766994 1.97391
0.170994 0.603302 2.13635
0.210095 0.326821 2.20521
0.273723 0.116926 2.21164
0.279354 0.0361147 2.22463
-0.127412 0.128146 2.20382
-0.192507 -0.238359 2.25009
-0.234442 -0.600809 2.39343
-0.29397 -0.655819 2.33923
0.0376638 0.110892 2.2098
0.0299939 -0.249668 2.31697
-0.0669862 -0.596278 2.4046
-0.0823991 -0.667908 2.3149
0.00471337 0.623847 2.10816
-0.724343 0.794869 1.99362
-0.61693 0.793147 1.94315
0.298254 -0.0368508 2.24994
0.298066 0.0541256 2.22283
-0.045476 0.122376 2.24412
-0.0154376 0.412436 2.16962
0.0148364 0.691837 2.08407
0.0748432 0.848194 2.06635
-0.164776 0.631559 2.09845
-0.411798 0.63054 2.09532
-0.601421 0.701979 2.01018
-0.66455 0.700981 2.00041
0.172494 0.602579 2.13563
0.208605 0.325156 2.20929
0.269819 0.115134 2.22152
0.272422 0.0356841 2.23341
-0.12725 0.128907 2.2043
-0.193014 -0.232308 2.24941
-0.233879 -0.600466 2.39386
-0.29404 -0.655793 2.33966
0.0378072 0.111858 2.2117
0.0307261 -0.249374 2.31601
-0.0669844 -0.595895 2.40455
-0.0818269 -0.667315 2.31623
0.00719505 0.623673 2.10769
-0.738223 0.691167 2.01323
-0.666325 0.726022 1.98218
0.286594 -0.0382891 2.25608
0.291918 0.0593533 2.2286
-0.0470059 0.122486 2.24519
-0.01533 0.412453 2.16984
0.0163037 0.691745 2.08388
0.0793676 0.847742 2.06618
-0.162752 0.632834 2.09586
-0.409413 0.626844 2.09066
-0.60395 0.692587 2.01327
-0.665287 0.698807 2.00012
0.174117 0.59843 2.13948
0.207638 0.32453 2.21077
0.266362 0.114022 2.22497
0.269496 0.0313313 2.23885
-0.128281 0.129354 2.20468
-0.19796 -0.230691 2.25096
-0.234795 -0.601286 2.39447
-0.293523 -0.655913 2.33745
0.0356729 0.111512 2.21356
0.0305945 -0.249216 2.3158
-0.0667628 -0.595401 2.40451
-0.0816159 -0.666989 2.31689
0.00822848 0.623616 2.10763
-0.744264 0.675987 2.01579
-0.672078 0.731902 1.98935
0.282522 -0.0435374 2.27106
0.284647 0.062592 2.22529
-0.0475408 0.122572 2.24545
-0.0153964 0.412525 2.16986
0.0165141 0.691787 2.08356
0.0795948 0.847888 2.06633
-0.162313 0.632782 2.09483
-0.407689 0.624996 2.09084
-0.573418 0.726877 1.98693
-0.603049 0.756931 1.96467
0.174178 0.598482 2.13983
0.207466 0.324585 2.21146
0.265912 0.114032 2.22593
0.274341 0.0321184 2.23688
-0.128598 0.12947 2.20464
-0.199027 -0.231429 2.25111
-0.235441 -0.601507 2.39501
-0.2928 -0.655995 2.33569
0.0348539 0.111566 2.21419
0.0289687 -0.251006 2.31622
-0.0665733 -0.594983 2.40464
-0.08203 -0.66686 2.3169
0.00838306 0.623652 2.10741
-0.670637 0.773952 1.96887
-0.598295 0.787902 1.94287
0.28692 -0.042147 2.27392
0.287837 0.082658 2.22217
-0.0476615 0.122604 2.24526
-0.0168144 0.412424 2.16863
0.0113596 0.691248 2.07876
0.0771006 0.848846 2.06626
-0.165065 0.629041 2.09342
-0.408219 0.629264 2.09307
-0.500656 0.771701 1.94919
-0.51439 0.827181 1.92022
0.172875 0.598794 2.14037
0.206698 0.325223 2.21186
0.26676 0.115116 2.22619
0.280613 0.0326912 2.23326
-0.128725 0.129372 2.2041
-0.198565 -0.239151 2.25318
-0.235795 -0.6017 2.39568
-0.292763 -0.655983 2.33565
0.0347168 0.111696 2.21416
0.028638 -0.250765 2.31619
-0.0666379 -0.594843 2.40479
-0.0823783 -0.667135 2.31725
0.00448591 0.623173 2.10361
-0.560749 0.896117 1.92512
-0.46846 0.848776 1.9065
0.290744 -0.0346153 2.26853
0.294007 0.0694049 2.22117
-0.0476475 0.123086 2.24549
-0.0187308 0.413371 2.16884
0.00691228 0.69266 2.07951
0.065275 0.849578 2.06657
-0.170449 0.630346 2.09411
-0.420678 0.62931 2.093
-0.325615 0.739175 1.92027
-0.292232 0.764705 1.9081
0.168248 0.605676 2.13426
0.201995 0.329417 2.20956
0.267144 0.120704 2.22283
0.279176 0.0377369 2.22442
-0.128791 0.129513 2.20428
-0.196277 -0.235065 2.25097
-0.236418 -0.601474 2.39589
-0.292768 -0.656039 2.334
0.0349748 0.112859 2.21432
0.028663 -0.24788 2.31642
-0.066706 -0.595311 2.40479
-0.0826262 -0.667463 2.31729
0.000693827 0.624479 2.10407
-0.221219 0.80109 1.90583
-0.274054 0.713556 1.87781
0.29514 -0.034386 2.2532
0.294476 0.0763319 2.21327
-0.0478486 0.123063 2.24594
-0.0219987 0.413094 2.16829
-0.000381203 0.691367 2.07674
0.0609799 0.850073 2.06548
-0.171218 0.621634 2.09135
-0.387732 0.632892 2.04862
-0.179665 0.69691 1.96637
-0.13306 0.694325 1.99738
0.164222 0.605964 2.13443
0.199784 0.331605 2.20704
0.266722 0.123286 2.2189
0.277345 0.0393294 2.21703
-0.129389 0.129035 2.20501
-0.195944 -0.232707 2.24908
-0.236482 -0.601503 2.39587
-0.292298 -0.656033 2.33287
0.0350226 0.113097 2.21456
0.0303535 -0.243108 2.31571
-0.0666186 -0.595605 2.40492
-0.0824271 -0.668193 2.31633
-0.0055704 0.623486 2.10191
-0.0641325 0.717569 2.01933
-0.110163 0.681927 2.03566
0.290504 -0.0387445 2.25049
0.294834 0.0806786 2.21021
-0.0482469 0.124286 2.24543
-0.0237035 0.413383 2.16577
-0.00220507 0.690176 2.07213
0.0577301 0.850356 2.06282
-0.171692 0.621387 2.08914
-0.39022 0.612108 2.07219
-0.280824 0.713679 1.90278
-0.23258 0.737165 1.94962
0.161099 0.606542 2.13447
0.19902 0.335093 2.20752
0.268367 0.127158 2.21559
0.286014 0.0461715 2.21116
-0.130297 0.129935 2.20414
-0.195741 -0.229863 2.24761
-0.236905 -0.601457 2.39552
-0.292032 -0.655897 2.33267
0.0351425 0.114804 2.21421
0.0313957 -0.240321 2.31402
-0.0666341 -0.595979 2.40502
-0.0823961 -0.668107 2.317
-0.00743906 0.622711 2.09777
-0.207414 0.771981 1.93981
-0.192524 0.702998 1.93494
0.300305 -0.0327799 2.24919
0.302868 0.0461718 2.20655
-0.0474602 0.12394 2.24371
-0.0237331 0.412892 2.16436
-0.00227223 0.689995 2.07129
0.056798 0.849956 2.06158
-0.174402 0.622566 2.08782
-0.39976 0.613037 2.0762
-0.360143 0.755435 1.90679
-0.341463 0.790068 1.89664
0.160905 0.607329 2.13331
0.201127 0.33683 2.2095
0.278543 0.131564 2.21466
0.30098 0.0447023 2.21972
-0.129136 0.128995 2.20049
-0.19599 -0.241568 2.25047
-0.238858 -0.600769 2.39511
-0.292061 -0.655708 2.33314
0.0356658 0.114771 2.21367
0.0304448 -0.240575 2.31833
-0.066413 -0.596208 2.40524
-0.0820374 -0.668357 2.31617
-0.00756856 0.622401 2.09676
-0.298945 0.851839 1.89441
-0.309997 0.747594 1.86
0.315937 -0.0277551 2.25491
0.311531 0.00526381 2.2475
