-0.0677591 0.0300923 2.22508
-0.0633471 0.319564 2.18879
-0.0585735 0.598853 2.14113
-0.0550846 0.735169 2.11521
-0.221621 0.513059 2.12764
-0.425909 0.469054 2.04616
-0.400664 0.661165 1.9381
-0.407723 0.701571 1.93363
0.101231 0.474733 2.1691
0.140035 0.227314 2.21782
0.192214 0.0144224 2.19174
0.18491 -0.0131282 2.19078
-0.13616 0.0310243 2.18454
-0.15654 -0.243486 2.2727
-0.151908 -0.583854 2.38009
-0.161904 -0.674947 2.29919
0.00258757 0.0280984 2.19884
0.0333692 -0.261706 2.30151
0.0545614 -0.573273 2.38248
0.0783465 -0.667285 2.30706
-0.0598623 0.530443 2.15499
-0.414225 0.773392 1.92
-0.354142 0.68517 1.89611
0.195486 -0.104521 2.2025
0.120613 0.0205007 2.1832
-0.0676107 0.0298124 2.22489
-0.06306 0.319214 2.18863
-0.058116 0.598464 2.14103
-0.0543988 0.734626 2.11546
-0.221427 0.51265 2.12769
-0.425828 0.46897 2.04635
-0.400837 0.661137 1.93834
-0.407337 0.701055 1.93253
0.101213 0.474423 2.16906
0.140112 0.227206 2.21763
0.1925 0.0143521 2.19176
0.186067 -0.0140595 2.18985
-0.136018 0.0307628 2.18439
-0.156225 -0.244125 2.2728
-0.151759 -0.583667 2.37972
-0.16193 -0.675062 2.29912
0.00274203 0.0278333 2.19863
0.0336071 -0.26163 2.30118
0.0547075 -0.572902 2.38233
0.0783632 -0.667062 2.30676
-0.0594444 0.530064 2.15488
-0.414167 0.773273 1.91971
-0.353106 0.682938 1.89414
0.196462 -0.103917 2.20035
0.121492 0.0204763 2.17992
-0.067404 0.0295452 2.22453
-0.0627556 0.319066 2.18854
-0.0577087 0.598449 2.14116
-0.0539538 0.734672 2.11556
-0.221091 0.512475 2.12793
-0.425515 0.468587 2.04678
-0.401131 0.660854 1.93883
-0.408278 0.701212 1.93434
0.101434 0.474176 2.16909
0.140384 0.226726 2.21766
0.192825 0.0138839 2.19184
0.185729 -0.0132658 2.19356
-0.135873 0.0305782 2.18413
-0.156133 -0.243946 2.27251
-0.151765 -0.583981 2.37996
-0.161929 -0.675072 2.2991
0.00303709 0.0275068 2.19815
0.0336866 -0.261296 2.30058
0.0546483 -0.572215 2.38248
0.0782002 -0.666428 2.30723
-0.0590653 0.530015 2.15496
-0.414296 0.773489 1.92025
-0.353379 0.683068 1.89463
0.19648 -0.103915 2.20046
0.148964 -0.0206695 2.18429
-0.0672101 0.029332 2.22441
-0.0622657 0.318776 2.18858
-0.0568395 0.598162 2.14146
-0.0536888 0.73509 2.11598
-0.220656 0.51226 2.12817
-0.425118 0.467922 2.04741
-0.401599 0.660392 1.93966
-0.409809 0.699767 1.93607
0.101606 0.473725 2.16888
0.14062 0.226623 2.2176
0.193022 0.0137423 2.19219
0.184859 -0.0132999 2.19304
-0.13572 0.0304029 2.1841
-0.156049 -0.243635 2.27222
-0.151825 -0.584003 2.3802
-0.161964 -0.674973 2.29943
0.00328947 0.0272765 2.19795
0.0338915 -0.260725 2.29985
0.0551091 -0.571432 2.38245
0.0783376 -0.666086 2.30681
-0.0582852 0.529716 2.15519
-0.415195 0.773315 1.9225
-0.355098 0.682857 1.89604
0.195708 -0.10465 2.20537
0.160143 -0.0388658 2.19162
-0.0671573 0.0292098 2.2243
-0.0619127 0.318546 2.18864
-0.0560479 0.597803 2.14185
-0.0525673 0.734973 2.11566
-0.220457 0.512268 2.12844
-0.425037 0.466973 2.04865
-0.401898 0.659664 1.94124
-0.409722 0.69983 1.93642
0.102052 0.473456 2.16899
0.140749 0.226449 2.21762
0.193078 0.0135527 2.19219
0.184773 -0.012976 2.19278
-0.135704 0.0303327 2.18401
-0.156097 -0.243426 2.27214
-0.151841 -0.583988 2.38067
-0.161966 -0.674966 2.29972
0.00341406 0.0270982 2.19779
0.0339671 -0.260797 2.29975
0.055428 -0.571236 2.38288
0.0783613 -0.66626 2.30648
-0.0576043 0.529388 2.15549
-0.415884 0.773111 1.92255
-0.354917 0.683695 1.89532
0.195234 -0.10438 2.19963
0.157045 -0.0331635 2.1718
-0.0669938 0.0291331 2.22426
-0.0614682 0.31831 2.18861
-0.0553643 0.597436 2.14186
-0.0518388 0.734699 2.11551
-0.220093 0.512351 2.1287
-0.424695 0.46701 2.049
-0.401919 0.659623 1.94136
-0.405641 0.702396 1.93416
0.102444 0.473351 2.16884
0.140799 0.226357 2.21754
0.193207 0.0134948 2.19191
0.184146 -0.0117001 2.19157
-0.135568 0.0302838 2.18403
-0.156036 -0.242935 2.27188
-0.151707 -0.583936 2.38067
-0.161614 -0.674772 2.29926
0.00361822 0.0269956 2.19766
0.0339815 -0.260981 2.29976
0.0556575 -0.571252 2.38287
0.0780363 -0.666151 2.30773
-0.0569678 0.529051 2.15549
-0.410407 0.777495 1.92124
-0.352867 0.688159 1.89531
0.195483 -0.104526 2.2025
0.150739 0.0410255 2.21533
-0.0668365 0.0290358 2.22415
-0.0612335 0.318201 2.18867
-0.0549898 0.597341 2.14218
-0.0510736 0.734687 2.11566
-0.219646 0.512828 2.1288
-0.423991 0.470478 2.04648
-0.387481 0.660717 1.93806
-0.373452 0.703491 1.92838
0.103131 0.473031 2.16908
0.140964 0.226041 2.21731
0.193175 0.013169 2.19115
0.183476 -0.0111168 2.19038
-0.135433 0.0302531 2.18394
-0.15584 -0.243459 2.27233
-0.151818 -0.584223 2.38091
-0.161686 -0.674974 2.29902
0.00378912 0.0268151 2.19757
0.0339586 -0.260883 2.29975
0.055826 -0.570631 2.38287
0.0784863 -0.666302 2.30711
-0.0566261 0.528951 2.15575
-0.368035 0.777749 1.91293
-0.323444 0.681218 1.88776
0.195249 -0.1044 2.19988
0.122163 0.0170431 2.18029
-0.066419 0.0289646 2.22418
-0.0606973 0.318106 2.18892
-0.0544284 0.597278 2.14266
-0.0503099 0.734846 2.11609
-0.219238 0.513018 2.12898
-0.423118 0.471949 2.04454
-0.356653 0.652729 1.93323
-0.33553 0.693159 1.92169
0.103938 0.472925 2.16978
0.140975 0.226004 2.21729
0.191625 0.0127632 2.19094
0.180801 -0.0113986 2.19025
-0.134944 0.0301793 2.1839
-0.1556 -0.244145 2.27252
-0.15173 -0.584039 2.38049
-0.161696 -0.674975 2.29901
0.00413515 0.0267775 2.19769
0.0338483 -0.26137 2.30003
0.0555877 -0.571826 2.38304
0.0785701 -0.666547 2.3066
-0.0560604 0.528878 2.15617
-0.314576 0.763575 1.90531
-0.289763 0.66078 1.88596
0.193194 -0.104726 2.20043
0.140689 -0.0265602 2.184
-0.0663031 0.0288643 2.22404
-0.0603112 0.31801 2.18903
-0.0535279 0.597177 2.14339
-0.0492666 0.73479 2.11679
-0.218629 0.513345 2.1293
-0.421658 0.472101 2.04249
-0.325135 0.637876 1.92885
-0.299441 0.672106 1.91487
0.104311 0.47286 2.1708
0.14092 0.225929 2.21735
0.190759 0.0125015 2.19091
0.179025 -0.0100618 2.19048
-0.134746 0.0300202 2.18348
-0.155443 -0.244231 2.27232
-0.151788 -0.583882 2.38021
-0.161677 -0.67487 2.29891
0.00420411 0.0267116 2.19771
0.0337233 -0.261191 2.29985
0.0551183 -0.573035 2.38235
0.0786766 -0.666803 2.30584
-0.0553007 0.528779 2.15671
-0.265348 0.738102 1.89726
-0.256881 0.631644 1.88271
0.18945 -0.105746 2.19657
0.12012 0.0114876 2.17425
-0.0663396 0.0288526 2.22397
-0.0600729 0.318014 2.18926
-0.0528235 0.597255 2.14415
-0.0487474 0.737076 2.12014
-0.217289 0.513668 2.13023
-0.419353 0.47135 2.04128
-0.297985 0.620685 1.92769
-0.270281 0.648075 1.91199
0.104453 0.472643 2.17193
0.140804 0.225681 2.2179
0.189621 0.0120518 2.19096
0.178517 -0.0112916 2.1921
-0.134863 0.0301319 2.18334
-0.155775 -0.242916 2.27211
-0.151795 -0.584055 2.38045
-0.161711 -0.675019 2.2989
0.00421619 0.0266226 2.19772
0.0335954 -0.261634 2.29992
0.0548987 -0.573315 2.38245
0.0783179 -0.667087 2.30653
-0.0547157 0.528832 2.15734
-0.230836 0.705927 1.88847
-0.231652 0.603426 1.89
0.190091 -0.103721 2.19624
0.122372 0.00503881 2.17748
-0.0666482 0.0295634 2.22408
-0.0597923 0.318197 2.18957
-0.0518195 0.596665 2.14409
-0.0482546 0.737787 2.12242
-0.215914 0.514062 2.1305
-0.41693 0.469222 2.04004
-0.278173 0.603023 1.92403
-0.249341 0.625981 1.90882
0.101823 0.478892 2.16954
0.140581 0.225236 2.21937
0.188889 0.0115503 2.1917
0.179755 -0.00977793 2.19629
-0.135671 0.031215 2.18345
-0.155661 -0.240308 2.27029
-0.151591 -0.583562 2.37999
-0.161711 -0.675063 2.29897
0.00424363 0.0271075 2.19788
0.0332966 -0.257991 2.29874
0.0552223 -0.572275 2.38265
0.0783043 -0.666604 2.30627
-0.0539192 0.528506 2.15747
-0.204108 0.678426 1.88406
-0.212769 0.57692 1.88519
0.192145 -0.105097 2.20113
0.120364 0.00553244 2.17867
-0.0670471 0.0303207 2.22416
-0.0596874 0.318536 2.1898
-0.0513147 0.596737 2.14444
-0.04784 0.737957 2.12337
-0.214799 0.514163 2.13144
-0.414512 0.466761 2.03897
-0.274139 0.596392 1.92169
-0.248426 0.620741 1.9024
0.101193 0.480672 2.16901
0.140396 0.225056 2.22001
0.188995 0.0113161 2.19394
0.180729 -0.0105036 2.19809
-0.136522 0.0322549 2.18363
-0.15587 -0.239375 2.27035
-0.151754 -0.58443 2.38046
-0.161741 -0.675089 2.29932
0.00419493 0.0276246 2.19794
0.0327403 -0.257051 2.29845
0.0551896 -0.571756 2.38251
0.0785424 -0.667002 2.30559
-0.05352 0.528654 2.15777
-0.201817 0.673348 1.8787
-0.212605 0.570982 1.88408
0.194517 -0.10482 2.21223
0.150406 -0.0233019 2.19329
-0.0670814 0.0303166 2.22451
-0.0594473 0.318634 2.1905
-0.0507988 0.597007 2.1457
-0.0479003 0.738467 2.12426
-0.214341 0.514535 2.13162
-0.413939 0.465893 2.03956
-0.27878 0.597488 1.91701
-0.267692 0.632692 1.89674
0.101826 0.478202 2.17148
0.140295 0.225127 2.22073
0.189147 0.0114237 2.19498
0.180414 -0.00931707 2.20005
-0.136568 0.032288 2.18418
-0.156088 -0.238353 2.27027
-0.151706 -0.583926 2.3801
-0.16151 -0.675018 2.2986
0.0042009 0.027565 2.19812
0.0329434 -0.256992 2.29861
0.0550342 -0.57179 2.38272
0.0784471 -0.666176 2.30666
-0.0530622 0.528857 2.15886
-0.226673 0.690368 1.867
-0.226015 0.58685 1.87178
0.195231 -0.104793 2.21166
0.123079 0.00369509 2.181
-0.065587 0.0300731 2.22588
-0.0583302 0.318881 2.19173
-0.0502056 0.597777 2.14691
-0.0465893 0.737737 2.12357
-0.214337 0.514519 2.13203
-0.413804 0.472355 2.03623
-0.327816 0.638289 1.91419
-0.328248 0.686042 1.89705
0.104822 0.476587 2.17571
0.140617 0.225427 2.22187
0.188686 0.0114148 2.19805
0.180123 -0.0114497 2.20037
-0.134525 0.0318529 2.18559
-0.155002 -0.242112 2.27272
-0.151495 -0.583294 2.3799
-0.161623 -0.675056 2.29862
0.00529423 0.0274553 2.19953
0.0334181 -0.258772 2.29979
0.0552889 -0.57288 2.38292
0.0787348 -0.667161 2.30509
-0.0523406 0.529476 2.16005
-0.312101 0.757596 1.87336
-0.275248 0.652622 1.86368
0.195093 -0.10425 2.20746
0.120226 0.00551124 2.17617
-0.0645269 0.0298565 2.22707
-0.0575716 0.318802 2.19246
-0.0498455 0.59784 2.14716
-0.0452625 0.737213 2.12318
-0.214081 0.514598 2.13217
-0.414981 0.482961 2.03559
-0.377997 0.670037 1.92152
-0.396164 0.720477 1.91812
0.106032 0.475554 2.17734
0.140974 0.225874 2.22273
0.18877 0.011787 2.19909
0.179377 -0.0097248 2.20147
-0.133261 0.0315535 2.18642
-0.154139 -0.244947 2.27524
-0.151305 -0.583389 2.37971
-0.161668 -0.675065 2.29856
0.00615491 0.027293 2.20122
0.0333861 -0.258949 2.30036
0.0554291 -0.572141 2.38309
0.0784682 -0.667253 2.30661
-0.0518835 0.529503 2.16041
-0.40084 0.797628 1.90508
-0.338443 0.710963 1.88114
0.19531 -0.104369 2.21002
0.124107 0.000199659 2.18852
-0.0642348 0.029796 2.22794
-0.0570492 0.318801 2.19321
-0.049248 0.597942 2.14767
-0.0433594 0.736033 2.12277
-0.213701 0.514537 2.1321
-0.415304 0.483073 2.0372
-0.431144 0.682337 1.94369
-0.457629 0.719146 1.94748
0.106632 0.474977 2.17792
0.141286 0.226146 2.22328
0.188373 0.0118807 2.19994
0.178697 -0.0110069 2.20136
-0.13294 0.0315579 2.1868
-0.153911 -0.246022 2.27566
-0.151098 -0.583346 2.37954
-0.161728 -0.674996 2.29858
0.00634291 0.027127 2.20273
0.0336388 -0.259917 2.30107
0.0554256 -0.572411 2.38302
0.0792397 -0.667943 2.3049
-0.0512816 0.529573 2.161
-0.488306 0.794647 1.94631
-0.406794 0.728801 1.91315
0.191353 -0.106238 2.20688
0.124547 -0.00517894 2.192
-0.0638452 0.0296524 2.22868
-0.0565208 0.318768 2.19378
-0.048661 0.598068 2.14804
-0.0409718 0.736048 2.12254
-0.213449 0.514502 2.13209
-0.420387 0.480557 2.05338
-0.479282 0.673001 1.96412
-0.51262 0.69636 1.97019
0.107082 0.474651 2.17789
0.141397 0.22639 2.22345
0.187896 0.0119873 2.20022
0.177593 -0.0107449 2.20284
-0.132419 0.0314586 2.18739
-0.153858 -0.246348 2.27567
-0.151096 -0.583422 2.37987
-0.161768 -0.674743 2.29861
0.00658181 0.026933 2.2036
0.0335851 -0.260371 2.30166
0.0555425 -0.570908 2.38224
0.0792359 -0.66758 2.30459
-0.0507 0.52965 2.16143
-0.5675 0.764464 1.98049
-0.475657 0.72648 1.93952
0.190996 -0.106466 2.21287
0.125 -0.0122129 2.19318
-0.0639183 0.0297579 2.22927
-0.0563357 0.318844 2.19439
-0.0482943 0.598146 2.14864
-0.0399186 0.736206 2.1228
-0.21337 0.514748 2.13367
-0.423497 0.477496 2.06858
-0.510307 0.658365 1.97809
-0.543983 0.677301 1.98007
0.107294 0.474391 2.17793
0.14169 0.225843 2.22338
0.187691 0.0113044 2.20065
0.178863 -0.0129619 2.20101
-0.132463 0.0316824 2.18816
-0.154366 -0.24561 2.2761
-0.151395 -0.583423 2.38016
-0.161849 -0.674826 2.29894
0.00649866 0.0269437 2.20404
0.0336455 -0.260472 2.3018
0.0553578 -0.57015 2.38276
0.0785274 -0.666836 2.30852
-0.0503691 0.529724 2.16204
-0.603241 0.738011 1.98643
-0.510217 0.706959 1.94404
0.193009 -0.104881 2.20668
0.124238 -0.00950896 2.19339
-0.0639876 0.0296551 2.22929
-0.0562842 0.318764 2.19465
-0.0480027 0.598085 2.14945
-0.0392609 0.736323 2.12294
-0.213645 0.514641 2.13578
-0.42422 0.469277 2.07952
-0.531022 0.637899 1.98656
-0.566173 0.651506 1.99179
0.107332 0.473623 2.17713
0.14201 0.225491 2.22258
0.187503 0.010865 2.19946
0.178312 -0.0129252 2.19349
-0.13255 0.0315626 2.18832
-0.154741 -0.246252 2.27653
-0.151483 -0.583387 2.38002
-0.161873 -0.67504 2.29907
0.00640157 0.0268193 2.20385
0.0335322 -0.261033 2.30212
0.0550653 -0.570251 2.38251
0.0787152 -0.666903 2.30727
-0.0501472 0.529653 2.16269
-0.630921 0.707288 2.00502
-0.538192 0.683964 1.953
0.190703 -0.105875 2.19938
0.120351 0.00254324 2.17843
-0.0640689 0.0294055 2.22943
-0.0562097 0.318686 2.19496
-0.047771 0.598174 2.14999
-0.038694 0.736111 2.12287
-0.21383 0.5141 2.13697
-0.423304 0.456691 2.0902
-0.548599 0.609873 1.99313
-0.586113 0.624889 1.99786
0.107074 0.472973 2.17644
0.142179 0.225468 2.22155
0.186157 0.0110417 2.19148
0.175789 -0.0109719 2.18596
-0.132633 0.0313119 2.18857
-0.154745 -0.246796 2.27683
-0.151559 -0.583566 2.3801
-0.161868 -0.67504 2.29913
0.00634109 0.0265763 2.20386
0.0334354 -0.262166 2.30279
0.0550226 -0.571966 2.38212
0.0788119 -0.667116 2.30662
-0.0499524 0.529689 2.16317
-0.658032 0.677954 2.0079
-0.566101 0.660384 1.95365
0.189388 -0.103344 2.18813
0.121513 -0.00146468 2.18318
-0.06435 0.0289299 2.22941
-0.0562131 0.318534 2.19518
-0.0476777 0.59827 2.15044
-0.0382343 0.736367 2.12343
-0.214033 0.513468 2.13856
-0.422941 0.452784 2.09387
-0.564705 0.587435 1.99146
-0.603327 0.599666 1.9858
0.107111 0.472113 2.17578
0.142024 0.225635 2.21953
0.185869 0.0114461 2.18673
0.174072 -0.0105776 2.18347
-0.132939 0.0308376 2.18855
-0.155224 -0.246653 2.27649
-0.151316 -0.583294 2.37918
-0.161551 -0.674603 2.29864
0.00608793 0.0260739 2.20376
0.0331091 -0.262412 2.30244
0.0547164 -0.572123 2.38098
0.0788581 -0.667051 2.30605
-0.0498723 0.529709 2.16356
-0.680033 0.642132 1.99003
-0.577501 0.629248 1.93772
0.186531 -0.104558 2.1858
0.119276 0.00664578 2.17997
-0.0644888 0.0287007 2.2294
-0.0562447 0.318488 2.19534
-0.0477199 0.598439 2.15073
-0.0379331 0.736903 2.12422
-0.213869 0.513128 2.13971
-0.422228 0.451288 2.09339
-0.562864 0.581541 1.98313
-0.596264 0.605739 1.96987
0.106824 0.471455 2.17528
0.141983 0.226259 2.21856
0.185724 0.0120093 2.1861
0.175864 -0.00873971 2.18446
-0.133115 0.0305589 2.1887
-0.155154 -0.246921 2.2764
-0.151474 -0.58357 2.37925
-0.161604 -0.674633 2.29857
0.00599133 0.0258789 2.20363
0.0328588 -0.263069 2.30286
0.0547351 -0.572671 2.38063
0.0789767 -0.667042 2.30595
-0.0499066 0.529812 2.16381
-0.67319 0.645002 1.9697
-0.565852 0.632787 1.92623
0.188964 -0.1031 2.18313
0.119015 0.0119355 2.17845
-0.0648192 0.0284317 2.2294
-0.056442 0.318474 2.19539
-0.0479454 0.598694 2.1508
-0.0379241 0.737504 2.12474
-0.214256 0.512737 2.13965
-0.42109 0.453787 2.08044
-0.540532 0.598112 1.96217
-0.566679 0.635467 1.94947
0.106545 0.471167 2.17517
0.141859 0.226202 2.21872
0.186248 0.012021 2.18692
0.177472 -0.0104102 2.18985
-0.133519 0.0302664 2.18875
-0.154926 -0.247542 2.27657
-0.151678 -0.583444 2.37976
-0.161663 -0.674724 2.29881
0.00571898 0.0256406 2.20355
0.0327091 -0.262894 2.30272
0.0545086 -0.572334 2.38072
0.0788106 -0.666735 2.30576
-0.0501129 0.52999 2.16388
-0.633553 0.688217 1.94611
-0.528434 0.657354 1.90662
0.190499 -0.104275 2.19908
0.129763 0.0156544 2.19325
-0.0650748 0.028379 2.22947
-0.0566675 0.318591 2.19547
-0.0482436 0.599069 2.15081
-0.0377146 0.737401 2.12498
-0.214385 0.512709 2.13906
-0.418945 0.465469 2.06039
-0.506661 0.630086 1.94066
-0.522694 0.672193 1.92686
0.106357 0.470976 2.17524
0.141414 0.226381 2.21906
0.188188 0.0124448 2.19017
0.183232 -0.0136367 2.19459
-0.133752 0.0301973 2.18883
-0.154795 -0.248211 2.27703
-0.15177 -0.5842 2.38019
-0.161799 -0.674741 2.3001
0.00538511 0.0256127 2.2036
0.0324509 -0.263313 2.30346
0.0541344 -0.57309 2.38112
0.0788746 -0.666999 2.30577
-0.0503833 0.530295 2.16392
-0.576485 0.738701 1.92242
-0.479357 0.689792 1.88475
0.195702 -0.10446 2.19762
0.121743 0.0133185 2.18877
-0.0655161 0.0284987 2.22964
-0.0570024 0.318933 2.19577
-0.0485935 0.599824 2.15115
-0.0372308 0.738091 2.12557
-0.21404 0.513141 2.13618
-0.414787 0.475592 2.0415
-0.440313 0.655446 1.91323
-0.440767 0.701724 1.89679
0.106541 0.470891 2.1773
0.1409 0.227148 2.22039
0.190975 0.0137072 2.19488
0.187387 -0.0135843 2.1979
-0.134076 0.0303347 2.18857
-0.154964 -0.249368 2.27801
-0.151941 -0.584288 2.38033
-0.161816 -0.674869 2.29995
0.00465614 0.0258102 2.20444
0.0323543 -0.262888 2.30344
0.0541963 -0.572442 2.38168
0.0788997 -0.666704 2.30546
-0.0507277 0.53094 2.16426
-0.464948 0.777351 1.88581
-0.387552 0.698971 1.85938
0.198859 -0.105274 2.20675
0.159055 -0.0359487 2.18233
-0.0658197 0.0284224 2.22998
-0.0572219 0.318998 2.19614
-0.0487831 0.599999 2.15155
-0.0368262 0.737873 2.1262
-0.213741 0.513122 2.13473
-0.407289 0.483608 2.02146
-0.382219 0.666413 1.89697
-0.370833 0.709386 1.88491
0.105891 0.470856 2.17812
0.140634 0.226871 2.22275
0.191381 0.013501 2.19865
0.187382 -0.0210394 2.20613
-0.134292 0.0302956 2.1884
-0.155126 -0.249448 2.27827
-0.15212 -0.584565 2.38058
-0.16198 -0.674571 2.30002
0.00426222 0.0257338 2.20533
0.0321521 -0.262359 2.30342
0.0541718 -0.572158 2.3815
0.0789504 -0.666932 2.30521
-0.0509205 0.531093 2.16466
-0.373177 0.785053 1.87049
-0.312288 0.701706 1.84687
0.196953 -0.10859 2.21787
0.165542 -0.0413378 2.20362
-0.0659762 0.0282454 2.22995
-0.0573348 0.319002 2.19622
-0.0489083 0.600154 2.15176
-0.0368803 0.738049 2.12625
-0.213522 0.512613 2.13337
-0.401051 0.485501 2.00859
-0.327058 0.659933 1.89145
-0.306496 0.698615 1.88151
0.105744 0.470978 2.17888
0.139777 0.226108 2.2238
0.189895 0.0125451 2.20044
0.181234 -0.0194661 2.20533
-0.134497 0.0300032 2.18792
-0.15506 -0.24961 2.27825
-0.152018 -0.584116 2.37959
-0.162045 -0.67492 2.29915
0.00410504 0.025549 2.20559
0.0321181 -0.262409 2.30357
0.0535958 -0.5745 2.38088
0.078994 -0.667486 2.30421
-0.0510394 0.531209 2.16483
-0.287418 0.768274 1.866
-0.255014 0.668611 1.8595
0.189156 -0.112773 2.21656
0.138493 0.00108118 2.19375
-0.0661138 0.0284693 2.22997
-0.0574062 0.319078 2.19638
-0.0488959 0.600092 2.15207
-0.0380905 0.7388 2.12759
-0.212798 0.513211 2.13262
-0.396199 0.485512 2.00124
-0.276319 0.641101 1.896
-0.250191 0.670977 1.88527
0.103113 0.474713 2.17688
0.13905 0.225903 2.22495
0.188104 0.0120493 2.20229
0.175759 -0.0154827 2.20725
-0.134661 0.0302425 2.18779
-0.156204 -0.246432 2.27622
-0.152302 -0.584086 2.3802
-0.162096 -0.674881 2.29929
0.00408406 0.0258088 2.20571
0.0317649 -0.261646 2.3031
0.0537425 -0.574067 2.38102
0.0790975 -0.667615 2.30403
-0.0510505 0.531193 2.16509
-0.212844 0.734691 1.87162
-0.203993 0.629935 1.86235
0.188569 -0.109421 2.21829
0.121245 -0.000449979 2.19462
-0.0669123 0.0302754 2.22943
-0.0576957 0.319152 2.19562
-0.0488354 0.59811 2.14997
-0.0394336 0.739708 2.12857
-0.211501 0.514515 2.13146
-0.395674 0.484685 2.00175
-0.256409 0.624982 1.8984
-0.227397 0.648166 1.88789
0.101594 0.477923 2.17515
0.138767 0.226378 2.2255
0.186967 0.0123278 2.20279
0.175801 -0.0158603 2.20634
-0.136063 0.0327723 2.18718
-0.156333 -0.24239 2.27382
-0.152167 -0.583899 2.37967
-0.162131 -0.674915 2.29955
0.00383864 0.0270116 2.2052
0.0327236 -0.247402 2.29471
0.0538427 -0.575109 2.38138
0.0788622 -0.667743 2.3046
-0.0511345 0.529975 2.16343
-0.183961 0.705879 1.87005
-0.181981 0.60555 1.87013
0.188988 -0.110401 2.21463
0.121321 -0.00946134 2.196
-0.0676797 0.0323445 2.22823
-0.0582449 0.319554 2.19365
-0.0491415 0.596871 2.14672
-0.0410311 0.740149 2.12899
-0.20987 0.512201 2.13108
-0.394256 0.483806 2.00137
-0.239761 0.611068 1.90277
-0.208701 0.63036 1.89074
0.100212 0.47986 2.17333
0.13888 0.226662 2.22592
0.18629 0.0124799 2.20239
0.177719 -0.0168203 2.20428
-0.137626 0.0347313 2.18549
-0.156957 -0.236132 2.27025
-0.152187 -0.58416 2.37971
-0.162139 -0.675044 2.29948
0.00385609 0.0292412 2.20419
0.0315806 -0.247896 2.29469
0.0538092 -0.574826 2.38158
0.0790324 -0.667893 2.3042
-0.0514893 0.529119 2.16053
-0.154805 0.680239 1.87356
-0.170931 0.57883 1.8767
0.191589 -0.110614 2.21368
0.118797 0.01048 2.18627
-0.0677654 0.0336023 2.22784
-0.0584372 0.319878 2.19298
-0.049407 0.596559 2.14585
-0.0412943 0.739937 2.1291
-0.208057 0.509267 2.13164
-0.392104 0.484037 2.00073
-0.212142 0.613864 1.89879
-0.202723 0.624104 1.89307
0.0989961 0.48099 2.17201
0.13929 0.226689 2.226
0.186418 0.012461 2.20219
0.17923 -0.0123012 2.20094
-0.13805 0.0358 2.18511
-0.157587 -0.232506 2.26857
-0.152079 -0.583995 2.37964
-0.162137 -0.675199 2.29929
0.00425219 0.0306492 2.20381
0.0318303 -0.246905 2.29414
0.0538104 -0.574036 2.3813
0.0794253 -0.668089 2.30351
-0.0517205 0.528939 2.1597
-0.147046 0.670121 1.87482
-0.166735 0.570061 1.88057
0.193565 -0.104921 2.20473
0.120957 -0.00945152 2.1894
-0.0678658 0.0338464 2.22766
-0.0585456 0.319793 2.19247
-0.049402 0.595964 2.14495
-0.0416888 0.739259 2.12934
-0.207871 0.510982 2.13226
-0.393072 0.4842 2.00349
-0.243707 0.615865 1.90281
-0.234013 0.648624 1.88856
0.0986586 0.479353 2.17307
0.139769 0.225932 2.22591
0.186645 0.0117056 2.20125
0.179452 -0.0131548 2.19866
-0.138274 0.0360501 2.18522
-0.157771 -0.232113 2.26852
-0.152099 -0.583956 2.37977
-0.162076 -0.675122 2.29921
0.00430686 0.0308594 2.20345
0.0315016 -0.248076 2.29483
0.0539997 -0.574194 2.38131
0.0791907 -0.668285 2.30429
-0.0517445 0.528434 2.15889
-0.1912 0.707612 1.86563
-0.183619 0.60656 1.86217
0.193462 -0.104869 2.20353
0.120626 0.0018918 2.18601
-0.0672925 0.0330748 2.22811
-0.0576522 0.319662 2.19405
-0.0477288 0.596962 2.14942
-0.0415192 0.738943 2.12943
-0.208579 0.512733 2.13296
-0.394311 0.489199 2.00445
-0.286342 0.652806 1.89886
-0.285114 0.694011 1.88272
0.101371 0.477919 2.1767
0.140123 0.225674 2.22601
0.186747 0.0114438 2.2006
0.178766 -0.0154107 2.19896
-0.137087 0.0349885 2.18567
-0.156783 -0.238075 2.27172
-0.152201 -0.583919 2.38033
-0.162052 -0.675094 2.29924
0.00452992 0.0301432 2.20399
0.0314286 -0.257133 2.29978
0.0539152 -0.572804 2.38174
0.0782786 -0.668247 2.30742
-0.0502738 0.529036 2.16248
-0.262238 0.762898 1.86126
-0.229562 0.66189 1.85365
0.19077 -0.110131 2.20413
0.121396 -0.00152843 2.18862
-0.066466 0.0319934 2.2285
-0.0569898 0.319476 2.19503
-0.0470982 0.597694 2.15136
-0.0395322 0.737365 2.12913
-0.208902 0.513243 2.13243
-0.397451 0.499423 2.00727
-0.344344 0.685626 1.89858
-0.353327 0.731268 1.88849
0.104661 0.475858 2.18043
0.140483 0.22553 2.22614
0.186678 0.0112367 2.20032
0.179801 -0.0152168 2.20203
-0.135622 0.0337197 2.18586
-0.155564 -0.243923 2.27426
-0.152265 -0.584025 2.38052
-0.161646 -0.674599 2.29909
0.00485582 0.0291685 2.20455
0.0315427 -0.258587 2.30101
0.0539952 -0.57345 2.38231
0.0786449 -0.668502 2.30604
-0.0496147 0.529489 2.16417
-0.35357 0.804972 1.87041
-0.29592 0.708558 1.85717
0.191507 -0.109349 2.20873
0.120738 0.00253868 2.18544
-0.0656266 0.0313005 2.22918
-0.0560391 0.319302 2.19584
-0.0461197 0.597952 2.15211
-0.0380001 0.737316 2.12842
-0.209012 0.513562 2.13208
-0.401527 0.506026 2.01351
-0.401354 0.701584 1.91011
-0.424687 0.740151 1.90177
0.106468 0.474763 2.18202
0.141086 0.225236 2.22643
0.186631 0.0107203 2.2018
0.179947 -0.0170226 2.2044
-0.134391 0.0330977 2.18629
-0.15536 -0.246009 2.2755
-0.15223 -0.584179 2.38047
-0.161382 -0.674402 2.29905
0.00530273 0.0284148 2.20548
0.0318795 -0.260026 2.30224
0.054249 -0.573496 2.38232
0.0788268 -0.667897 2.3058
-0.048634 0.529643 2.16496
-0.449615 0.816659 1.89278
-0.368795 0.746135 1.86906
0.193252 -0.110827 2.21792
0.124712 -0.00722484 2.18913
-0.065147 0.0308302 2.22973
-0.0551847 0.319309 2.19629
-0.0446152 0.598578 2.15225
-0.0347704 0.736812 2.12737
-0.209036 0.51408 2.13176
-0.408096 0.510093 2.02625
-0.47716 0.692417 1.9228
-0.512802 0.719209 1.92125
0.10774 0.474389 2.18256
0.141642 0.225821 2.22648
0.186119 0.0109659 2.20362
0.180258 -0.0179089 2.20712
-0.133648 0.0327631 2.18688
-0.155093 -0.247057 2.27602
-0.151906 -0.583888 2.38057
-0.161479 -0.6747 2.29902
0.00547813 0.0278443 2.20603
0.0321314 -0.260582 2.3025
0.0543295 -0.57321 2.3822
0.0794193 -0.668015 2.30452
-0.0473172 0.530095 2.16521
-0.570188 0.778913 1.91455
-0.472589 0.748637 1.89
0.194223 -0.109492 2.21917
0.137439 -0.0229551 2.196
-0.0649272 0.0305506 2.23008
-0.0547454 0.319343 2.19669
-0.0439612 0.598894 2.15269
-0.0324206 0.736739 2.12684
-0.209054 0.514332 2.13169
-0.413164 0.505514 2.03839
-0.515579 0.672746 1.93765
-0.556192 0.691262 1.93925
0.108377 0.474128 2.18252
0.141805 0.225938 2.22638
0.185783 0.0109487 2.20405
0.180079 -0.0176224 2.20622
-0.133183 0.0324502 2.1876
-0.155102 -0.247491 2.27641
-0.151763 -0.583692 2.38049
-0.161564 -0.674668 2.2988
0.00548088 0.0275895 2.20614
0.0321898 -0.260704 2.30264
0.0543139 -0.573538 2.38236
0.0790539 -0.667664 2.30499
-0.046713 0.530344 2.16565
-0.625013 0.741935 1.94001
-0.523078 0.719305 1.90489
0.191774 -0.110716 2.2158
0.122546 -0.00753821 2.19069
-0.0648041 0.0302525 2.2306
-0.0544477 0.319309 2.19702
-0.0434147 0.599182 2.15262
-0.0311455 0.736956 2.12649
-0.209196 0.514488 2.13187
-0.41696 0.497225 2.0488
-0.54722 0.647351 1.95417
-0.590845 0.664326 1.96071
0.108889 0.473778 2.18234
0.142302 0.225841 2.22596
0.185981 0.010778 2.20385
0.178636 -0.0168378 2.20079
-0.132897 0.0322416 2.18855
-0.155082 -0.24816 2.27704
-0.151704 -0.58427 2.38024
-0.161607 -0.674772 2.2988
0.00545041 0.0272491 2.20636
0.0321672 -0.261953 2.30341
0.0539906 -0.573639 2.38196
0.0789252 -0.667751 2.30528
-0.0462352 0.530537 2.16571
-0.664074 0.708176 1.96983
-0.564743 0.695951 1.9245
0.191491 -0.110545 2.21246
0.122541 -0.00747217 2.18882
-0.064957 0.0298622 2.23083
-0.0543632 0.319188 2.19701
-0.0431301 0.599084 2.15234
-0.0295794 0.736625 2.12489
-0.209626 0.514675 2.13241
-0.421968 0.486008 2.06825
-0.569315 0.618574 1.97215
-0.6157 0.638584 1.97756
0.10924 0.472994 2.18171
0.142637 0.225564 2.22559
0.186955 0.0107819 2.20101
0.178554 -0.0162166 2.1966
-0.133046 0.0319949 2.18888
-0.155004 -0.248327 2.27736
-0.15181 -0.584621 2.38072
-0.161684 -0.674856 2.29881
0.0052496 0.0267102 2.20638
0.0322683 -0.262174 2.30369
0.0542656 -0.573284 2.38214
0.0787946 -0.667316 2.30513
-0.0460118 0.530442 2.16552
-0.690964 0.677885 1.98807
-0.59712 0.673726 1.94103
0.187795 -0.111117 2.20783
0.133353 -0.0120949 2.1942
-0.064839 0.0296401 2.23091
-0.0542136 0.319139 2.19697
-0.0429808 0.599133 2.15214
-0.0292857 0.736615 2.12448
-0.209999 0.514531 2.13264
-0.423855 0.482187 2.06992
-0.575782 0.610338 1.97508
-0.619939 0.630843 1.97822
0.109459 0.47279 2.18137
0.142836 0.225722 2.22511
0.1871 0.0109346 2.20043
0.178428 -0.0111993 2.19819
-0.132926 0.0317782 2.18911
-0.155173 -0.249559 2.2783
-0.151636 -0.584249 2.3804
-0.161704 -0.674909 2.29881
0.00536959 0.026489 2.20624
0.0327144 -0.261923 2.30347
0.05466 -0.572283 2.38267
0.0787787 -0.666813 2.30513
-0.0458585 0.530474 2.16537
-0.698799 0.666359 1.98596
-0.6031 0.667059 1.94228
0.19038 -0.106263 2.20735
0.122163 -0.00196132 2.18855
-0.0648256 0.0294108 2.23098
-0.0541724 0.318893 2.19688
-0.0430043 0.598757 2.15171
-0.0293131 0.736555 2.12387
-0.210503 0.514286 2.13267
-0.423961 0.479726 2.07125
-0.573124 0.609031 1.97324
-0.609259 0.640507 1.9676
0.109456 0.472106 2.18087
0.142891 0.225718 2.22497
0.187078 0.0108692 2.201
0.179457 -0.0116288 2.20234
-0.132909 0.0315425 2.18915
-0.155239 -0.250145 2.27867
-0.151727 -0.584584 2.38063
-0.161778 -0.675023 2.29881
0.00535554 0.0262642 2.20635
0.032323 -0.263127 2.30397
0.0543582 -0.573373 2.38261
0.0786272 -0.667408 2.30522
-0.0458522 0.530143 2.16504
-0.69091 0.672573 1.97045
-0.583732 0.674344 1.93242
0.191863 -0.107124 2.21455
0.121562 0.00136793 2.18974
-0.0650747 0.0292579 2.23091
-0.0544999 0.318775 2.1967
-0.0437547 0.598627 2.15122
-0.0324032 0.736864 2.12366
-0.210881 0.51422 2.13248
-0.42155 0.481045 2.06703
-0.518805 0.641892 1.95001
-0.544141 0.67895 1.93706
0.108821 0.472177 2.17988
0.142955 0.225661 2.22497
0.187328 0.0108184 2.20153
0.179921 -0.0168192 2.2054
-0.13325 0.0313896 2.18915
-0.155257 -0.250432 2.27877
-0.151744 -0.584271 2.38027
-0.161796 -0.675001 2.29906
0.00514835 0.0261333 2.20617
0.0323625 -0.26276 2.30389
0.0541593 -0.573788 2.38242
0.0784358 -0.66742 2.30618
-0.0464558 0.530015 2.16464
-0.613843 0.727274 1.92501
-0.504569 0.71261 1.91892
0.191178 -0.110065 2.22364
0.122427 -0.00181209 2.19219
-0.065429 0.0292135 2.23103
-0.0550791 0.318688 2.19657
-0.0448854 0.598529 2.15066
-0.03637 0.735856 2.12333
-0.21136 0.514089 2.13195
-0.417891 0.486006 2.04946
-0.46459 0.666961 1.9301
-0.478081 0.706235 1.91567
0.108545 0.472516 2.17973
0.14273 0.225871 2.22506
0.187052 0.0110033 2.20185
0.179154 -0.0171197 2.20432
-0.133648 0.031307 2.18934
-0.155238 -0.249898 2.27857
-0.151695 -0.584101 2.38015
-0.161808 -0.675112 2.29889
0.00479993 0.0261292 2.20624
0.0323943 -0.262224 2.30362
0.0544821 -0.572348 2.38181
0.0783337 -0.666999 2.30601
-0.0474297 0.529924 2.16419
-0.525895 0.769802 1.89575
-0.427063 0.72258 1.89808
0.18767 -0.11205 2.21942
0.122323 -0.00155032 2.19185
-0.0654804 0.0291752 2.23104
-0.0554954 0.318645 2.19641
-0.0459969 0.598502 2.15029
-0.0409233 0.736081 2.12367
-0.212045 0.51416 2.13194
-0.414292 0.487249 2.03719
-0.405445 0.673134 1.91564
-0.40566 0.715863 1.90072
0.10816 0.472552 2.17973
0.142252 0.226238 2.22542
0.186472 0.0113855 2.20157
0.175946 -0.0176158 2.20291
-0.133663 0.0311906 2.18935
-0.155527 -0.249245 2.27833
-0.151902 -0.583974 2.38084
-0.161843 -0.674841 2.29911
0.00470402 0.0261587 2.20623
0.0323307 -0.26216 2.30365
0.0539903 -0.571742 2.38151
0.0786265 -0.667267 2.30518
-0.0483437 0.529893 2.16387
-0.426552 0.790999 1.88132
-0.350059 0.711582 1.87742
0.185871 -0.110791 2.21746
0.122243 -0.00176861 2.19163
-0.0657137 0.0289925 2.23081
-0.0564832 0.318395 2.1962
-0.04808 0.598202 2.15029
-0.0441721 0.735915 2.12455
-0.213183 0.513796 2.13202
-0.407849 0.489347 2.01974
-0.339312 0.667062 1.90456
-0.318087 0.70412 1.89574
0.107583 0.472797 2.18037
0.141308 0.226519 2.22623
0.185972 0.0118428 2.2011
0.174583 -0.0183046 2.20253
-0.133955 0.0307565 2.18866
-0.155506 -0.249146 2.27807
-0.151964 -0.584031 2.38055
-0.161863 -0.674825 2.29909
0.00450344 0.0261179 2.20621
0.0321358 -0.263413 2.30467
0.0542657 -0.572406 2.38248
0.0785311 -0.66689 2.30501
-0.0501389 0.52961 2.16378
-0.295463 0.774206 1.87986
-0.266657 0.677328 1.86206
0.182461 -0.112096 2.21813
0.123446 -0.0144844 2.19458
-0.0657736 0.0290421 2.2308
-0.0568927 0.318504 2.1964
-0.0489168 0.59839 2.15094
-0.0479857 0.737423 2.1275
-0.214088 0.51388 2.13245
-0.405789 0.488606 2.01467
-0.295697 0.650585 1.90861
-0.274891 0.682433 1.89603
0.106641 0.473471 2.18146
0.140897 0.226458 2.22679
0.18599 0.011921 2.20098
0.174709 -0.0171568 2.20297
-0.133991 0.0307236 2.18879
-0.155438 -0.24847 2.27773
-0.151986 -0.584094 2.38009
-0.161654 -0.674776 2.29907
0.00437351 0.0263578 2.20597
0.0320992 -0.263722 2.30493
0.0541865 -0.57297 2.3826
0.0785247 -0.666984 2.30494
-0.0508739 0.529781 2.16429
-0.238394 0.745713 1.87449
-0.229514 0.64399 1.86738
0.185496 -0.110582 2.21313
0.122072 -0.00750528 2.19082
-0.0662933 0.0292502 2.2307
-0.0573703 0.318415 2.19648
-0.0492696 0.598025 2.1512
-0.0492765 0.736949 2.12857
-0.214063 0.514434 2.13205
-0.404516 0.48822 2.01219
-0.275231 0.64014 1.91321
-0.247888 0.664425 1.90238
0.105229 0.473972 2.18134
0.140462 0.226252 2.2272
0.186145 0.0118831 2.20085
0.17711 -0.0173795 2.20388
-0.134823 0.0310215 2.18907
-0.156811 -0.243301 2.27496
-0.15206 -0.584207 2.37998
-0.161658 -0.674737 2.29906
0.00403185 0.0265701 2.20553
0.0316508 -0.261095 2.3036
0.0542422 -0.572682 2.38221
0.0788823 -0.667337 2.3041
-0.0512567 0.529504 2.1645
-0.20014 0.722737 1.88241
-0.205704 0.621594 1.88044
0.189216 -0.110529 2.21725
0.121839 -0.00597442 2.19314
-0.0673806 0.0309972 2.23037
-0.0583481 0.318485 2.19476
-0.0501507 0.595761 2.1465
-0.0506738 0.737267 2.12911
-0.214122 0.514822 2.13219
-0.40405 0.488113 2.01149
-0.259675 0.628238 1.91578
-0.230352 0.646308 1.90336
0.101298 0.479799 2.17633
0.140425 0.225849 2.22805
0.18615 0.011547 2.20097
0.177738 -0.0159806 2.20478
-0.13659 0.0329485 2.18879
-0.156849 -0.241863 2.27428
-0.151805 -0.583976 2.37993
-0.161835 -0.674481 2.29924
0.00358267 0.0281795 2.2052
0.034016 -0.24277 2.29389
0.054011 -0.571878 2.38171
0.0789522 -0.66731 2.30407
-0.0522167 0.527961 2.16069
-0.178739 0.696558 1.88022
-0.192085 0.600011 1.88558
0.189124 -0.110471 2.21613
0.121294 -0.00647036 2.1955
-0.0680786 0.0325351 2.22989
-0.0586171 0.318749 2.19378
-0.0498815 0.595143 2.14502
-0.0516216 0.737336 2.12916
-0.213362 0.513369 2.13287
-0.400916 0.490581 2.00729
-0.23022 0.624003 1.90732
-0.213804 0.631217 1.89919
0.099283 0.481483 2.17341
0.140176 0.226446 2.2285
0.185637 0.0120508 2.20187
0.175341 -0.0133742 2.20603
-0.137927 0.0344907 2.18853
-0.157108 -0.23899 2.27295
-0.152217 -0.584454 2.38101
-0.161867 -0.674231 2.29934
0.00351073 0.0297683 2.20451
0.0339348 -0.242718 2.29399
0.0537119 -0.57336 2.38167
0.0787392 -0.667497 2.30414
-0.0521027 0.527559 2.15933
-0.152975 0.672328 1.87448
-0.187943 0.572987 1.88375
0.188242 -0.10928 2.21599
0.121643 -0.0059487 2.20235
-0.0682089 0.0331822 2.22981
-0.0586731 0.318835 2.1934
-0.0497385 0.594763 2.14431
-0.0516464 0.737384 2.12907
-0.212956 0.512869 2.13333
-0.398925 0.494962 2.00439
-0.22927 0.625448 1.90515
-0.224542 0.64213 1.89451
0.0987506 0.482365 2.17253
0.140371 0.22682 2.22866
0.184851 0.0121804 2.20246
0.169554 -0.0119834 2.20779
-0.138214 0.03499 2.18852
-0.157407 -0.236879 2.27229
-0.152031 -0.583907 2.38027
-0.161869 -0.674424 2.29916
0.00361264 0.0305496 2.20439
0.0333053 -0.246655 2.29605
0.0531776 -0.575413 2.38167
0.07898 -0.667906 2.30396
-0.0520152 0.527286 2.15868
-0.162608 0.679584 1.86732
-0.186488 0.590147 1.8698
0.179615 -0.105829 2.21628
0.119944 0.00369642 2.18913
-0.0671122 0.0325582 2.23097
-0.0577723 0.318999 2.19545
-0.0483863 0.596164 2.14915
-0.0495631 0.736907 2.12958
-0.21229 0.514861 2.13392
-0.400186 0.501736 2.00763
-0.284013 0.660096 1.90263
-0.274335 0.697982 1.88627
0.103391 0.478751 2.18049
0.140653 0.227248 2.22908
0.181998 0.0119673 2.20291
0.164481 -0.0160696 2.21003
-0.136417 0.0343559 2.18982
-0.15767 -0.238538 2.27373
-0.15202 -0.583961 2.38019
-0.161873 -0.6746 2.29918
0.00424173 0.0298751 2.20553
0.0339233 -0.255457 2.30132
0.0536392 -0.57501 2.38218
0.0789495 -0.667739 2.30406
-0.050792 0.528263 2.16264
-0.234664 0.761468 1.86191
-0.227236 0.657454 1.84879
0.176714 -0.10621 2.22179
0.118386 -0.0188653 2.19025
-0.0657187 0.0318502 2.23175
-0.0565107 0.3191 2.19663
-0.0470599 0.597109 2.15089
-0.0452392 0.736424 2.12803
-0.211819 0.515104 2.13395
-0.397463 0.512415 2.00355
-0.340759 0.701553 1.90289
-0.338572 0.745498 1.903
0.105896 0.477387 2.18315
0.14074 0.227319 2.22912
0.179281 0.0113819 2.20478
0.165013 -0.0205441 2.21188
-0.134479 0.0335185 2.18997
-0.157327 -0.24151 2.27541
-0.151931 -0.584105 2.38024
-0.16191 -0.674557 2.29916
0.00527812 0.0291424 2.20716
0.0343599 -0.25804 2.30237
0.0544598 -0.573104 2.3826
0.0785934 -0.666675 2.30475
-0.0494685 0.528973 2.16425
-0.318774 0.81991 1.90212
-0.293946 0.717617 1.8573
0.175778 -0.117341 2.2263
0.118702 -0.0287374 2.19195
-0.0649597 0.0314686 2.23231
-0.0549823 0.31904 2.1982
-0.0446918 0.597492 2.15368
-0.041714 0.736099 2.12725
-0.210262 0.515407 2.13332
-0.397567 0.513735 2.0049
-0.40241 0.713804 1.91211
-0.415295 0.75618 1.92467
0.107753 0.476243 2.18491
0.141223 0.227807 2.22986
0.17854 0.011666 2.20526
0.167711 -0.0208292 2.21193
-0.133523 0.0332643 2.19012
-0.156214 -0.244091 2.27639
-0.151615 -0.583344 2.37967
-0.161933 -0.674802 2.29907
0.00579603 0.0286136 2.20817
0.033952 -0.259988 2.30361
0.0545016 -0.573271 2.38252
0.078759 -0.666955 2.30452
-0.0472985 0.529234 2.16674
-0.422519 0.835036 1.9468
-0.370888 0.755845 1.88292
0.179354 -0.112231 2.22754
0.11904 -0.0252347 2.19296
-0.0639337 0.0312766 2.23273
-0.0536992 0.319168 2.19885
-0.0432253 0.597874 2.15441
-0.0383423 0.735953 2.12673
-0.20853 0.516056 2.1324
-0.40119 0.509726 2.01406
-0.462172 0.704279 1.93242
-0.484768 0.735097 1.93801
0.109478 0.476287 2.18644
0.142123 0.228963 2.23009
0.179648 0.0128168 2.20609
0.171311 -0.0171058 2.21033
-0.132128 0.0331495 2.1901
-0.155726 -0.246894 2.27718
-0.151341 -0.582708 2.37958
-0.161955 -0.674831 2.29912
0.00648375 0.0283808 2.20894
0.0339011 -0.260686 2.30372
0.0544634 -0.574218 2.38227
0.0790393 -0.667805 2.30304
-0.04587 0.529557 2.16747
-0.522677 0.810676 1.9681
-0.445999 0.757422 1.90259
0.185134 -0.112332 2.22288
0.118096 -0.0197221 2.18669
-0.0637329 0.031079 2.2328
-0.0530032 0.31912 2.19916
-0.0418283 0.597989 2.15491
-0.0342948 0.735555 2.12644
-0.207719 0.516694 2.13337
-0.40997 0.499898 2.03627
-0.508588 0.675103 1.94724
-0.544466 0.692141 1.9604
0.110808 0.475095 2.18651
0.143506 0.228717 2.23035
0.183874 0.0129376 2.20924
0.179029 -0.0164363 2.21341
-0.131911 0.0330877 2.18998
-0.155271 -0.248131 2.27753
-0.151393 -0.582902 2.38018
-0.161993 -0.674727 2.29899
0.00661706 0.0280654 2.20909
0.0339008 -0.260756 2.30337
0.0550726 -0.571844 2.38253
0.0790817 -0.667453 2.30315
-0.0446587 0.529631 2.16793
-0.587322 0.750506 1.98375
-0.532205 0.738168 1.93519
0.195115 -0.106298 2.224
0.123911 -0.0330006 2.1991
-0.0634165 0.030717 2.23272
-0.052675 0.319037 2.19944
-0.0415609 0.598031 2.15539
-0.0333051 0.734878 2.12577
-0.208051 0.516932 2.13479
-0.413834 0.4932 2.04861
-0.540358 0.654612 1.97112
-0.574779 0.670462 1.98421
0.111335 0.474389 2.18526
0.144602 0.228448 2.22981
0.186734 0.0130271 2.20844
0.181264 -0.0160649 2.21198
-0.131534 0.0328542 2.19043
-0.154532 -0.249102 2.27787
-0.151246 -0.582834 2.38017
-0.16193 -0.674972 2.29869
0.00686819 0.027514 2.20844
0.0339403 -0.260721 2.30291
0.0553444 -0.571492 2.38299
0.0787863 -0.667143 2.30406
-0.044372 0.529649 2.16837
-0.624697 0.723849 2.0103
-0.563994 0.709767 1.95786
0.196017 -0.109738 2.22556
0.123196 -0.00381285 2.1917
-0.0632135 0.0306058 2.23278
-0.0525836 0.318993 2.1994
-0.0415175 0.597999 2.15513
-0.0333528 0.735308 2.12487
-0.208823 0.517091 2.1357
-0.417101 0.49157 2.05783
-0.563786 0.637936 1.98736
-0.598012 0.652862 1.99656
0.11121 0.474227 2.18306
0.14553 0.228626 2.22847
0.1892 0.0135822 2.20586
0.181688 -0.015338 2.20214
-0.13125 0.032732 2.19098
-0.153155 -0.25007 2.27881
-0.151088 -0.582876 2.38027
-0.161915 -0.675063 2.2986
0.00703176 0.0273611 2.2081
0.0342044 -0.260632 2.30241
0.055657 -0.570745 2.38327
0.0782599 -0.666779 2.30581
-0.0443067 0.529613 2.16819
-0.651034 0.7018 2.01819
-0.589039 0.69083 1.97416
0.191606 -0.110625 2.21391
0.124271 -0.00533797 2.19062
-0.0631377 0.0305454 2.23296
-0.0526288 0.319017 2.19938
-0.0419697 0.598178 2.15472
-0.0343813 0.735831 2.12444
-0.210283 0.517091 2.13776
-0.421054 0.492043 2.06875
-0.572374 0.630291 1.99082
-0.6085 0.652605 1.99886
0.110907 0.474046 2.18098
0.14638 0.22878 2.2257
0.189507 0.0138891 2.19901
0.180025 -0.0103528 2.19103
-0.13115 0.0326303 2.19222
-0.151889 -0.250752 2.27856
-0.151131 -0.58307 2.38037
-0.161998 -0.675144 2.29851
0.00711754 0.0273295 2.20786
0.034328 -0.261392 2.30237
0.0555735 -0.572245 2.38307
0.0782931 -0.666891 2.30556
-0.0446131 0.529745 2.16792
-0.689671 0.684935 2.02688
-0.603452 0.691117 1.97308
0.194083 -0.103891 2.19384
0.123692 0.00550984 2.1845
-0.0628679 0.0305666 2.23309
-0.0528034 0.319062 2.19945
-0.0431805 0.598133 2.15476
-0.036744 0.735032 2.12349
-0.211459 0.516979 2.13871
-0.421063 0.492751 2.06498
-0.563572 0.638627 1.984
-0.596011 0.673435 1.98385
0.11038 0.474775 2.17985
0.147089 0.229328 2.22281
0.187927 0.0144883 2.19038
0.175966 -0.00964672 2.1823
-0.130789 0.0325975 2.19288
-0.150549 -0.252285 2.27932
-0.151104 -0.582953 2.38073
-0.162015 -0.675108 2.29853
0.00738074 0.027448 2.20755
0.0344702 -0.261552 2.30254
0.0559394 -0.571115 2.38323
0.0780491 -0.666351 2.30569
-0.0454872 0.52974 2.16797
-0.672014 0.708909 2.00414
-0.576962 0.708702 1.95266
0.192788 -0.099693 2.18124
0.123697 -0.001036 2.18344
-0.0626355 0.0307021 2.23337
-0.0535319 0.319292 2.19988
-0.045934 0.598483 2.15549
-0.0417827 0.735838 2.12416
-0.21219 0.516964 2.13926
-0.41875 0.496405 2.05462
-0.50339 0.673731 1.95452
-0.522028 0.715716 1.94984
0.109955 0.476286 2.18017
0.147302 0.230353 2.22169
0.186545 0.0159849 2.18269
0.173983 -0.00534187 2.17648
-0.130535 0.0326478 2.19354
-0.1498 -0.252499 2.27987
-0.150858 -0.582897 2.38075
-0.162055 -0.674936 2.29873
0.00759005 0.0277147 2.20735
0.0346845 -0.26261 2.30328
0.0559344 -0.571248 2.38379
0.0779972 -0.666416 2.30591
-0.0477093 0.530073 2.16861
-0.579325 0.779949 1.96027
-0.485922 0.737902 1.91234
0.188188 -0.0955711 2.17033
0.125155 0.00122779 2.18709
-0.0624845 0.0306856 2.23358
-0.0540669 0.319177 2.19969
-0.0479546 0.597928 2.15359
-0.0441062 0.736364 2.12566
-0.212448 0.516643 2.13948
-0.416068 0.497016 2.04647
-0.464106 0.68509 1.94082
-0.470082 0.725416 1.93539
0.109771 0.476602 2.18045
0.147207 0.230632 2.22169
0.186333 0.016388 2.18161
0.175327 -0.00667739 2.17929
-0.130382 0.0325352 2.19383
-0.149684 -0.252361 2.2799
-0.15086 -0.582882 2.3805
-0.162056 -0.675081 2.29856
0.00769306 0.0277846 2.20745
0.0347851 -0.262429 2.30342
0.0564744 -0.570242 2.38366
0.0778185 -0.666053 2.30817
-0.0493309 0.529643 2.16722
-0.508479 0.797983 1.94029
-0.424957 0.737782 1.89656
0.188287 -0.0988259 2.17642
0.123204 0.000806818 2.17964
-0.0625233 0.0306677 2.2337
-0.0549222 0.319362 2.20044
-0.0492871 0.598543 2.15586
-0.0471628 0.736382 2.12719
-0.213413 0.516107 2.14052
-0.411398 0.494094 2.03464
-0.37236 0.680539 1.92025
-0.361925 0.722318 1.91402
0.109408 0.476815 2.18118
0.146448 0.230889 2.22258
0.187753 0.0165167 2.18671
0.179486 -0.00308263 2.19513
-0.13052 0.0324059 2.19389
-0.149816 -0.252049 2.28037
-0.150633 -0.582499 2.38063
-0.162048 -0.674958 2.29868
0.00765472 0.0278813 2.20751
0.0349532 -0.26216 2.30327
0.0566357 -0.570879 2.38386
0.0777596 -0.665884 2.30722
-0.0506079 0.530123 2.169
-0.362326 0.795365 1.90628
-0.311352 0.702043 1.8782
0.194024 -0.0982953 2.19818
0.122657 0.0145023 2.18389
-0.0627298 0.030781 2.23368
-0.0553364 0.319494 2.20073
-0.0495417 0.598693 2.15661
-0.0484564 0.736648 2.1276
-0.2143 0.516006 2.1413
-0.406947 0.491668 2.02511
-0.312287 0.659619 1.91354
-0.288589 0.693857 1.90319
0.106859 0.479843 2.17852
0.14542 0.229729 2.22421
0.190713 0.0154866 2.19507
0.18411 -0.00871321 2.20608
-0.130943 0.0324964 2.19369
-0.15109 -0.250236 2.27975
-0.150736 -0.582476 2.38054
-0.162004 -0.675055 2.29869
0.00751173 0.02803 2.20752
0.0348878 -0.261923 2.30321
0.0568265 -0.570869 2.3836
0.0777895 -0.665852 2.3069
-0.0509289 0.530266 2.1696
-0.261244 0.759774 1.88903
-0.24454 0.657276 1.86829
0.198085 -0.0976582 2.20972
0.121688 0.0097245 2.18256
-0.0641708 0.03197 2.23304
-0.0559541 0.319696 2.2008
-0.0496272 0.598531 2.15698
-0.0504162 0.736771 2.12896
-0.213948 0.516856 2.1418
-0.40389 0.489236 2.02134
-0.26989 0.630722 1.91246
-0.239852 0.655899 1.89913
0.103879 0.482281 2.17532
0.144508 0.228779 2.22588
0.193326 0.0149423 2.20192
0.185317 -0.00768926 2.20997
-0.133358 0.0340101 2.1936
-0.152264 -0.247215 2.27828
-0.150817 -0.582803 2.38103
-0.161974 -0.675069 2.29863
0.00667938 0.0290981 2.20621
0.0350018 -0.251192 2.29833
0.0566751 -0.57147 2.3832
0.0779556 -0.666169 2.30636
-0.0510971 0.530196 2.16987
-0.194398 0.714138 1.88099
-0.203338 0.611874 1.87069
0.19726 -0.0994252 2.21881
0.122639 0.0205815 2.19262
-0.0656917 0.0342738 2.23263
-0.0573019 0.320144 2.19759
-0.049824 0.595947 2.14896
-0.0519499 0.736854 2.12884
-0.210999 0.51266 2.14186
-0.386263 0.489194 1.99794
-0.21868 0.597877 1.89781
-0.19313 0.624784 1.89714
0.0998054 0.481171 2.17443
0.14407 0.229151 2.2279
0.192182 0.0151046 2.20473
0.181489 -0.00864128 2.20862
-0.135813 0.0362098 2.19325
-0.155554 -0.235499 2.2733
-0.150848 -0.582853 2.38077
-0.161988 -0.675008 2.29864
0.00607451 0.0315109 2.20559
0.0350002 -0.245095 2.29487
0.056575 -0.571048 2.38338
0.0779887 -0.665926 2.30635
-0.0517408 0.528537 2.16327
-0.137505 0.668028 1.87404
-0.168674 0.567224 1.87805
0.193565 -0.1034 2.21933
0.163354 -0.0610088 2.20867
-0.0656245 0.0372259 2.23256
-0.0575242 0.320934 2.19641
-0.0500555 0.595502 2.14712
-0.0518509 0.735014 2.12705
-0.210551 0.51195 2.14167
-0.380727 0.490107 1.99095
-0.18344 0.615361 1.90789
-0.180867 0.62291 1.90196
0.0978977 0.483021 2.17211
0.144207 0.229684 2.2287
0.190085 0.015181 2.20479
0.178248 -0.00430605 2.2054
-0.136107 0.0385664 2.19313
-0.155782 -0.231038 2.27077
-0.150865 -0.582782 2.38046
-0.162042 -0.674943 2.29866
0.00668935 0.0349573 2.20548
0.0349317 -0.245027 2.29486
0.0566048 -0.570637 2.38344
0.0779135 -0.665881 2.30622
-0.0519607 0.52839 2.1616
-0.121943 0.667504 1.88433
-0.167171 0.595479 1.92833
0.191135 -0.0982313 2.20813
0.124708 0.0016925 2.19255
-0.0655423 0.037561 2.23248
-0.0576784 0.3211 2.19555
-0.0502969 0.59533 2.14573
-0.0535623 0.734391 2.12473
-0.210105 0.51072 2.14099
-0.38043 0.490779 1.9902
-0.194502 0.630371 1.90206
-0.199893 0.644129 1.8941
0.0972006 0.483953 2.1707
0.1444 0.229688 2.22872
0.188695 0.0149551 2.20316
0.177172 -0.00504818 2.20054
-0.136188 0.0387275 2.19307
-0.155729 -0.231089 2.27096
-0.150955 -0.582963 2.38067
-0.162183 -0.674695 2.29892
0.00694659 0.0354515 2.20532
0.0348674 -0.244607 2.29471
0.0565094 -0.570237 2.38313
0.0779561 -0.665549 2.30628
-0.0521785 0.528271 2.16028
-0.143979 0.69218 1.86818
-0.159558 0.595138 1.86033
0.190595 -0.097967 2.20202
0.123786 0.00271412 2.18922
-0.0655051 0.0371432 2.23251
-0.0577458 0.321019 2.19568
-0.0503166 0.595869 2.14733
-0.0551458 0.734542 2.12495
-0.210551 0.514283 2.13873
-0.388248 0.48864 1.9985
-0.260726 0.641256 1.89832
-0.258867 0.67577 1.88622
0.101104 0.482139 2.17476
0.144901 0.228993 2.22864
0.188984 0.0143977 2.20073
0.177164 -0.00553227 2.19814
-0.136038 0.038397 2.19333
-0.153919 -0.235563 2.27358
-0.15094 -0.582816 2.38052
-0.162165 -0.674834 2.2988
0.00690959 0.0347054 2.20505
0.0352166 -0.250065 2.29724
0.0565099 -0.571708 2.38373
0.0777301 -0.666492 2.30774
-0.0522124 0.528545 2.16134
-0.227046 0.743017 1.86281
-0.215922 0.63274 1.85277
0.193351 -0.0987655 2.20203
0.12487 0.00112581 2.19027
-0.064654 0.0351617 2.23289
-0.0573282 0.320493 2.19625
-0.0499117 0.596042 2.1484
-0.0542825 0.733241 2.12244
-0.211262 0.514938 2.13863
-0.396639 0.4913 2.00959
-0.35445 0.676114 1.89344
-0.363393 0.71281 1.88723
0.104858 0.480982 2.1772
0.145626 0.228738 2.2281
0.189731 0.0141472 2.20022
0.182189 -0.00903237 2.19824
-0.13431 0.0362829 2.19334
-0.150632 -0.246246 2.27875
-0.150831 -0.582698 2.38047
-0.162004 -0.674621 2.29884
0.0070211 0.0327952 2.20579
0.03555 -0.255469 2.30001
0.0565989 -0.570907 2.3834
0.0777507 -0.666207 2.30751
-0.0518128 0.528524 2.16226
-0.358396 0.782632 1.86537
-0.312068 0.677971 1.84531
0.194602 -0.104231 2.20273
0.125046 0.00551379 2.18829
-0.0640165 0.0341079 2.23277
-0.0569783 0.320085 2.19624
-0.0497357 0.595983 2.14845
-0.053678 0.733556 2.12144
-0.211502 0.515206 2.13847
-0.405462 0.489168 2.02514
-0.419993 0.677267 1.90844
-0.445767 0.708494 1.90238
0.106781 0.480208 2.17758
0.145938 0.229071 2.22718
0.191015 0.0146873 2.19925
0.183739 -0.00943021 2.19716
-0.133159 0.0351825 2.19308
-0.150396 -0.24674 2.27859
-0.150829 -0.582858 2.38055
-0.162 -0.674605 2.29884
0.00722195 0.0318275 2.20578
0.0354206 -0.256913 2.30012
0.0569309 -0.570657 2.38307
0.0777209 -0.666144 2.30635
-0.0516062 0.528404 2.1623
-0.468027 0.780346 1.89062
-0.39112 0.700248 1.85527
0.197083 -0.10305 2.20343
0.123161 0.0199787 2.17931
-0.0637116 0.0334266 2.23278
-0.0566313 0.319683 2.19612
-0.0493151 0.595857 2.1482
-0.0517495 0.733211 2.11913
-0.211717 0.515259 2.13837
-0.412723 0.487324 2.04084
-0.484325 0.662033 1.92517
-0.518079 0.68383 1.92217
0.108054 0.479744 2.17702
0.146508 0.229507 2.22581
0.19182 0.0151084 2.19867
0.18297 -0.00943442 2.19697
-0.132658 0.0345451 2.19322
-0.150302 -0.24831 2.27911
-0.150893 -0.583041 2.3806
-0.16198 -0.674954 2.29884
0.00730503 0.0311264 2.20566
0.0355133 -0.257407 2.30024
0.0569316 -0.570149 2.38258
0.0776741 -0.666337 2.30597
-0.0512108 0.528208 2.16211
-0.574179 0.742671 1.91049
-0.469816 0.701782 1.88347
0.197247 -0.103146 2.20533
0.126949 -0.00296376 2.19084
-0.0636035 0.0327526 2.23253
-0.0564005 0.319208 2.19556
-0.0489986 0.595532 2.14727
-0.0506577 0.73291 2.11726
-0.212416 0.51506 2.13874
-0.4202 0.478786 2.06407
-0.542854 0.626605 1.95481
-0.586047 0.643408 1.95786
0.108894 0.478921 2.17541
0.147233 0.229351 2.22282
0.192914 0.0150256 2.19573
0.18262 -0.00970099 2.19258
-0.13251 0.0340271 2.19334
-0.150249 -0.248427 2.27909
-0.150617 -0.582604 2.38035
-0.161974 -0.674825 2.29903
0.00727811 0.0302702 2.20503
0.0354179 -0.259517 2.30107
0.0568564 -0.569433 2.38355
0.0779261 -0.665608 2.30644
-0.0509153 0.527859 2.16131
-0.659055 0.685403 1.95754
-0.5603 0.679359 1.92208
0.194863 -0.104174 2.19538
0.13811 -0.0219628 2.18789
-0.0634912 0.0316326 2.23218
-0.0563407 0.31852 2.19526
-0.0489849 0.595286 2.14708
-0.0505285 0.732718 2.11577
-0.213965 0.513832 2.13882
-0.422404 0.47049 2.07118
-0.571282 0.598172 1.97023
-0.613834 0.606346 1.97649
0.109385 0.477818 2.17365
0.147799 0.229207 2.22109
0.192198 0.0149551 2.18999
0.181377 -0.0110187 2.18338
-0.132362 0.0328708 2.19308
-0.150163 -0.248968 2.27962
-0.150474 -0.582217 2.38016
-0.161994 -0.674686 2.29902
0.00732862 0.0292898 2.2046
0.0354585 -0.259323 2.30039
0.0568455 -0.569231 2.38347
0.0779054 -0.665465 2.30637
-0.0508872 0.52752 2.1611
-0.694227 0.637278 1.97973
-0.600166 0.644768 1.94334
0.191525 -0.104086 2.1898
0.128595 -0.00309744 2.18789
-0.0635537 0.0310006 2.23185
-0.0563643 0.318108 2.19486
-0.0489832 0.595136 2.14665
-0.0504132 0.732798 2.11504
-0.215045 0.512981 2.13922
-0.42401 0.459991 2.08321
-0.588435 0.568536 1.984
-0.637462 0.574543 1.99169
0.109633 0.476992 2.17283
0.148156 0.228891 2.21892
0.191281 0.0145741 2.18583
0.180341 -0.0100787 2.18122
-0.132386 0.0324141 2.19283
-0.150134 -0.249472 2.27972
-0.150451 -0.58202 2.38011
-0.161558 -0.673761 2.29957
0.00721337 0.0285212 2.20418
0.0354446 -0.259548 2.3003
0.0564644 -0.571334 2.38303
0.0778665 -0.665834 2.30603
-0.0508868 0.527307 2.16067
-0.719526 0.59218 2.0012
-0.628725 0.611886 1.95831
0.192034 -0.102904 2.18723
0.126647 0.00565295 2.18652
-0.0635856 0.0302181 2.23159
-0.0563981 0.317683 2.1945
-0.0490103 0.595006 2.14605
-0.0504975 0.732675 2.11393
-0.215639 0.51189 2.1393
-0.423921 0.452691 2.08808
-0.601887 0.539379 1.99067
-0.653998 0.53959 1.99877
0.10965 0.476637 2.17226
0.148324 0.228813 2.21764
0.191325 0.0144987 2.18428
0.181515 -0.00950875 2.1812
-0.132419 0.0316618 2.19248
-0.150208 -0.249863 2.27979
-0.150399 -0.582188 2.37979
-0.161681 -0.673856 2.29945
0.00717263 0.0277668 2.20399
0.0354485 -0.260033 2.30014
0.056781 -0.570624 2.38236
0.0777787 -0.666189 2.30578
-0.0509046 0.527098 2.16016
-0.736549 0.552512 2.01325
-0.642292 0.574742 1.96324
0.193117 -0.10344 2.18593
0.125881 0.00627016 2.17858
-0.0636719 0.0299829 2.23154
-0.0564773 0.317602 2.19446
-0.0491325 0.595045 2.14603
-0.0506322 0.732896 2.11388
-0.215883 0.510913 2.13923
-0.4228 0.44539 2.09051
-0.606086 0.520316 1.993
-0.65643 0.518704 1.99721
0.109667 0.476534 2.17215
0.148425 0.228791 2.21751
0.191707 0.014593 2.18362
0.184631 -0.00910077 2.18298
-0.132516 0.0313791 2.1924
-0.151889 -0.247465 2.27821
-0.150337 -0.581793 2.37942
-0.161759 -0.673837 2.29945
0.00709418 0.0275882 2.20397
0.035359 -0.259866 2.29985
0.0566675 -0.569834 2.38297
0.0783117 -0.666328 2.30516
-0.0510017 0.527103 2.16014
-0.742017 0.521152 2.01092
-0.652917 0.556649 1.96577
0.19466 -0.102637 2.18746
0.121504 0.0192351 2.1776
-0.063703 0.0296109 2.23137
-0.0565309 0.317463 2.19441
-0.0491935 0.595041 2.14608
-0.050857 0.733237 2.1138
-0.216224 0.509826 2.13937
-0.422182 0.442445 2.08827
-0.601601 0.520717 1.98578
-0.644333 0.539604 1.97943
0.109635 0.476507 2.17212
0.148455 0.228951 2.21774
0.192901 0.0149523 2.18424
0.186901 -0.00886317 2.1885
-0.132552 0.0309127 2.19225
-0.151804 -0.247823 2.2782
-0.150703 -0.582362 2.37982
-0.161746 -0.674033 2.29927
0.00706186 0.027316 2.20377
0.0353132 -0.260018 2.2999
0.0565367 -0.569912 2.38317
0.0782662 -0.666051 2.30535
-0.0510526 0.527073 2.16016
-0.725544 0.553901 1.99221
-0.628392 0.573782 1.94317
0.197813 -0.101721 2.19715
0.16969 -0.0459622 2.1839
-0.063759 0.02944 2.23131
-0.0566292 0.317345 2.19443
-0.0493931 0.595006 2.14623
-0.0513183 0.732953 2.11363
-0.216461 0.509404 2.13905
-0.420136 0.441906 2.07678
-0.570225 0.554197 1.95856
-0.605579 0.586394 1.95069
0.109459 0.476366 2.17209
0.148273 0.229787 2.21861
0.194906 0.0160543 2.1871
0.189475 -0.00759896 2.1934
-0.132596 0.0307554 2.19222
-0.15169 -0.248217 2.27831
-0.15052 -0.582069 2.37963
-0.161785 -0.674328 2.29897
0.00699408 0.0271415 2.20369
0.0352404 -0.259775 2.29978
0.0565362 -0.569082 2.38277
0.0778178 -0.663823 2.30749
-0.0512152 0.527007 2.16027
-0.682825 0.623783 1.9512
-0.583372 0.619088 1.91061
0.201518 -0.0985803 2.20068
0.164602 -0.0385249 2.17026
-0.0639323 0.0294081 2.23136
-0.0568731 0.317321 2.1945
-0.0498871 0.595083 2.14634
-0.0519194 0.733124 2.11384
-0.216658 0.509345 2.13876
-0.418754 0.451254 2.0606
-0.528533 0.598358 1.93591
-0.552532 0.638324 1.92372
0.108674 0.476259 2.17232
0.148066 0.230273 2.22034
0.196271 0.0167404 2.19047
0.190408 -0.00584858 2.19647
-0.132802 0.0306976 2.19226
-0.151638 -0.248259 2.27823
-0.150498 -0.581947 2.37957
-0.161885 -0.674692 2.29901
0.00683318 0.027143 2.20377
0.0352392 -0.259625 2.29981
0.0565732 -0.568708 2.38318
0.0778426 -0.663861 2.30736
-0.0516331 0.527048 2.16036
-0.608266 0.69497 1.91505
-0.511386 0.658287 1.88338
0.201193 -0.0984777 2.2004
0.165284 -0.037597 2.17393
-0.0639431 0.0293393 2.23133
-0.0570042 0.317257 2.19447
-0.050273 0.595138 2.14633
-0.0532368 0.733061 2.11402
-0.217007 0.509184 2.13796
-0.417058 0.456888 2.04944
-0.460898 0.628868 1.91503
-0.462158 0.676806 1.90018
0.107954 0.47659 2.17347
0.14738 0.230915 2.222
0.195522 0.0171799 2.19429
0.185978 -0.0100588 2.1987
-0.132773 0.0305284 2.19205
-0.151735 -0.249147 2.27837
-0.150668 -0.582204 2.38003
-0.161907 -0.674799 2.29906
0.00679049 0.0271219 2.20391
0.0352 -0.259705 2.29989
0.0567183 -0.569128 2.38298
0.0778385 -0.664168 2.30651
-0.0519427 0.527054 2.16035
-0.485126 0.748615 1.88769
-0.412953 0.683801 1.85514
0.19653 -0.10231 2.20996
0.162995 -0.0398497 2.17598
-0.0639391 0.0293415 2.23136
-0.0570614 0.31725 2.19449
-0.0504557 0.595187 2.1464
-0.0534997 0.733293 2.1141
-0.216837 0.509812 2.13753
-0.413866 0.462598 2.03846
-0.406797 0.641561 1.90576
-0.39685 0.688706 1.89119
0.10774 0.476636 2.17433
0.146778 0.229884 2.2233
0.192553 0.0155145 2.19703
0.180454 -0.0107005 2.20124
-0.132741 0.0305306 2.19204
-0.152153 -0.248545 2.27777
-0.150801 -0.582122 2.37967
-0.161982 -0.674321 2.29909
0.00674929 0.0271429 2.20402
0.0350987 -0.259831 2.3001
0.0566698 -0.569406 2.38289
0.0778847 -0.664126 2.30678
-0.0520923 0.527085 2.1604
-0.393271 0.757594 1.87048
-0.345753 0.66558 1.86133
0.191003 -0.103694 2.20784
0.152686 -0.0382598 2.18453
-0.06396 0.0293381 2.23146
-0.0570914 0.317256 2.19455
-0.050453 0.595248 2.14641
-0.0535531 0.733414 2.11419
-0.216789 0.51015 2.13734
-0.411439 0.466525 2.03127
-0.357469 0.640273 1.902
-0.337165 0.680691 1.89007
0.107746 0.476532 2.17553
0.146231 0.229227 2.22424
0.190573 0.014546 2.19808
0.176391 -0.00856793 2.20065
-0.132728 0.0305595 2.1921
-0.152428 -0.248942 2.27788
-0.150978 -0.582532 2.3799
-0.162065 -0.674547 2.29906
0.00667258 0.027097 2.20423
0.0348408 -0.259945 2.30052
0.0565067 -0.569561 2.38281
0.0781314 -0.664732 2.30587
-0.0521041 0.527129 2.16043
-0.319352 0.748853 1.87156
-0.284544 0.657688 1.85286
0.189163 -0.104315 2.2088
0.125421 -0.00154382 2.18807
-0.0640074 0.0294901 2.23152
-0.0571153 0.317315 2.19451
-0.0504505 0.595287 2.14623
-0.0536601 0.733372 2.11431
-0.216458 0.510942 2.13701
-0.408719 0.469107 2.02529
-0.317287 0.634517 1.9067
-0.289523 0.66852 1.89531
0.106317 0.478723 2.17409
0.146276 0.228315 2.22487
0.190102 0.0135277 2.19875
0.177018 -0.00852221 2.20069
-0.13279 0.0307439 2.19205
-0.152955 -0.248546 2.27807
-0.151236 -0.581896 2.38004
-0.162042 -0.674676 2.29913
0.00664029 0.0272705 2.20438
0.034703 -0.260252 2.3008
0.056598 -0.569371 2.38271
0.0782872 -0.665493 2.30568
-0.0521175 0.527178 2.1603
-0.25581 0.729793 1.87589
-0.249556 0.627398 1.86894
0.189172 -0.104319 2.20891
0.123866 0.000356764 2.1847
-0.0643654 0.0301233 2.23149
-0.0570941 0.317273 2.19448
-0.0498062 0.59445 2.14609
-0.053674 0.733457 2.11524
-0.214382 0.513186 2.13532
-0.407239 0.470071 2.02528
-0.281624 0.618348 1.9139
-0.249103 0.646539 1.90108
0.104097 0.481101 2.17167
0.145957 0.22732 2.22539
0.189839 0.0125978 2.19861
0.177817 -0.0092425 2.20083
-0.133497 0.0316571 2.19219
-0.154653 -0.242176 2.27483
-0.151091 -0.58158 2.37995
-0.162004 -0.674888 2.29902
0.00653529 0.027748 2.20417
0.0341932 -0.259464 2.30045
0.0561339 -0.570325 2.38306
0.0781262 -0.666449 2.3072
-0.0517106 0.52664 2.16018
-0.203607 0.702284 1.88388
-0.208332 0.603366 1.87633
0.192036 -0.103943 2.20613
0.123772 0.000605974 2.18516
-0.0646731 0.0309198 2.2313
-0.0570888 0.3173 2.19347
-0.049307 0.593337 2.14319
-0.0536319 0.7333 2.11537
-0.213488 0.513541 2.13511
-0.406336 0.472842 2.02407
-0.270369 0.612479 1.91503
-0.237216 0.638358 1.90241
0.102416 0.482614 2.16982
0.145923 0.226989 2.22554
0.189554 0.0122287 2.19861
0.178119 -0.00970245 2.20132
-0.13433 0.0326897 2.19203
-0.155495 -0.237893 2.27307
-0.151074 -0.582012 2.38012
-0.161989 -0.674839 2.29901
0.006643 0.0283879 2.20394
0.0343612 -0.251804 2.29646
0.0563036 -0.571055 2.383
0.078066 -0.666263 2.30694
-0.0513478 0.525852 2.15783
-0.186542 0.68953 1.88378
-0.197272 0.593139 1.87796
0.190536 -0.106348 2.20913
0.123554 0.000399693 2.18499
