-0.0533203 -0.0600496 2.2514
-0.0549215 0.246341 2.2233
-0.056838 0.542099 2.18231
-0.0429591 0.688622 2.16326
-0.207802 0.417545 2.15509
-0.282222 0.170411 2.16068
-0.364479 -0.0347182 2.13911
-0.373642 -0.0579813 2.12938
0.107248 0.42045 2.19727
0.1782 0.170243 2.22595
0.282733 -0.0241916 2.22798
0.280113 -0.0424612 2.20497
-0.122249 -0.0604668 2.20683
-0.169626 -0.366317 2.30556
-0.199131 -0.660321 2.34933
-0.212656 -0.746194 2.27788
0.0172715 -0.0576152 2.2226
0.0424749 -0.355405 2.31102
0.0697881 -0.658735 2.37132
0.0721675 -0.73545 2.30116
-0.0563838 0.469673 2.19478
-0.395419 -0.136932 2.13687
-0.385555 -0.0370672 2.1228
0.311036 -0.1166 2.21505
0.28365 -0.0641449 2.1638
-0.0536249 -0.0599756 2.25164
-0.0556869 0.246409 2.22314
-0.0580913 0.542167 2.18152
-0.0456328 0.688436 2.16319
-0.209483 0.418159 2.15439
-0.285057 0.172004 2.15665
-0.373202 -0.0305511 2.13386
-0.383382 -0.0597132 2.12718
0.105097 0.421122 2.19626
0.175171 0.168617 2.22645
0.272931 -0.0292111 2.23036
0.268425 -0.0464726 2.2061
-0.122587 -0.0604282 2.2076
-0.169708 -0.365691 2.30641
-0.198788 -0.660497 2.34954
-0.185197 -0.700056 2.2404
0.0169917 -0.0575712 2.22266
0.0423739 -0.354519 2.31105
0.0671857 -0.658993 2.36888
0.0769087 -0.698616 2.25962
-0.0575262 0.469737 2.19419
-0.402164 -0.137241 2.14186
-0.395431 -0.0825948 2.13531
0.295914 -0.131214 2.22256
0.274379 -0.0795462 2.16233
-0.0544246 -0.0598441 2.25208
-0.0569503 0.246559 2.22238
-0.0596496 0.542318 2.17924
-0.047793 0.688882 2.1613
-0.211673 0.418298 2.15361
-0.287888 0.172187 2.15591
-0.371394 -0.0324034 2.13392
-0.368568 -0.0609409 2.12701
0.102715 0.421242 2.19388
0.172376 0.16588 2.22656
0.266949 -0.0338485 2.22554
0.260338 -0.0486067 2.20219
-0.12345 -0.0604755 2.2082
-0.169207 -0.36551 2.3056
-0.199079 -0.660357 2.35074
-0.208972 -0.743351 2.28125
0.0162142 -0.0573024 2.22302
0.0424454 -0.35641 2.31238
0.0700255 -0.658573 2.37227
0.0792833 -0.698283 2.263
-0.0590344 0.469889 2.19231
-0.383335 -0.142625 2.13438
-0.380769 -0.0539631 2.11733
0.287371 -0.128094 2.21352
0.263587 -0.0694809 2.16074
-0.0558032 -0.0585896 2.25277
-0.0576296 0.247281 2.22109
-0.0593719 0.543116 2.17475
-0.0465659 0.689575 2.15829
-0.211051 0.418623 2.15113
-0.285052 0.172535 2.15748
-0.363326 -0.034251 2.13717
-0.361754 -0.0558905 2.12967
0.102138 0.422323 2.19159
0.168782 0.165984 2.22487
0.262836 -0.03404 2.22335
0.255758 -0.046771 2.2033
-0.124661 -0.058984 2.20877
-0.169326 -0.364877 2.29861
-0.199244 -0.660194 2.34788
-0.185985 -0.69996 2.23884
0.0147657 -0.0562831 2.22369
0.0388206 -0.356674 2.30109
0.063725 -0.657724 2.36558
0.0731559 -0.697562 2.25641
-0.0590913 0.470703 2.18882
-0.380173 -0.138688 2.14101
-0.377646 -0.0571578 2.11763
0.285002 -0.130624 2.22252
0.260965 -0.0768036 2.15969
-0.0616668 -0.150158 2.36162
-0.0534542 0.131899 2.25026
-0.0450296 0.403454 2.12627
-0.0345384 0.547516 2.10792
-0.191198 0.29577 2.12424
-0.271973 0.0473222 2.16729
-0.350175 -0.158957 2.15269
-0.350636 -0.184691 2.14491
0.104875 0.295143 2.15984
0.178749 0.0520259 2.24775
0.281013 -0.142819 2.25128
0.273185 -0.166169 2.23669
-0.134174 -0.145446 2.32313
-0.164302 -0.426844 2.26281
-0.196375 -0.679976 2.3378
-0.218758 -0.743787 2.28979
0.0127435 -0.15026 2.32714
0.0301122 -0.424205 2.27167
0.0536206 -0.679968 2.3545
0.0531659 -0.746178 2.31054
-0.0471747 0.337042 2.15968
-0.381632 -0.26257 2.15082
-0.368213 -0.171156 2.12831
0.295778 -0.23693 2.24593
0.267654 -0.1948 2.19788
-0.0451573 -0.263908 2.5171
-0.0483259 0.00455581 2.40037
-0.0516598 0.269457 2.27505
-0.0447828 0.411036 2.25815
-0.201734 0.157996 2.26763
-0.279398 -0.106105 2.26723
-0.34738 -0.309998 2.20908
-0.359172 -0.332979 2.21279
0.100504 0.154998 2.30291
0.17759 -0.111697 2.33809
0.278275 -0.304225 2.29253
0.2636 -0.314805 2.29656
-0.124343 -0.261825 2.47626
-0.157556 -0.387494 2.19725
-0.196545 -0.693809 2.33401
-0.225698 -0.746984 2.2696
0.0353505 -0.258355 2.48528
0.0391438 -0.380741 2.20217
0.0556853 -0.711829 2.30649
0.0928471 -0.767044 2.28354
-0.050878 0.204 2.30863
-0.394731 -0.40264 2.22455
-0.386958 -0.343419 2.20809
0.293511 -0.393641 2.30324
0.253784 -0.322516 2.25784
-0.0487728 -0.271406 2.52969
-0.0582421 0.0180534 2.4803
-0.0661481 0.301235 2.42584
-0.0549804 0.441801 2.40873
-0.212053 0.178383 2.39302
-0.274059 -0.0829292 2.36546
-0.333 -0.279132 2.2737
-0.340852 -0.294413 2.2761
0.0853162 0.183561 2.42853
0.154594 -0.101806 2.4146
0.245766 -0.292595 2.34227
0.243714 -0.323947 2.35466
-0.128751 -0.269506 2.48805
-0.170901 -0.379241 2.20285
-0.205471 -0.707537 2.31068
-0.232733 -0.765528 2.25965
0.0325269 -0.265452 2.49874
0.0499572 -0.37598 2.21072
0.0630819 -0.707474 2.31442
0.0716599 -0.747353 2.206
-0.0643139 0.231525 2.4416
-0.374602 -0.363618 2.27395
-0.370426 -0.314593 2.26658
0.258806 -0.375486 2.36993
0.225342 -0.311709 2.31075
-0.0520837 -0.271239 2.53085
-0.0625404 0.0183793 2.49155
-0.071848 0.298907 2.43708
-0.0586483 0.438636 2.42158
-0.217701 0.179275 2.41162
-0.276636 -0.0831388 2.38495
-0.332376 -0.284002 2.30299
-0.35279 -0.316276 2.29207
0.0823736 0.185318 2.43289
0.147966 -0.0968293 2.41924
0.236753 -0.285158 2.3365
0.231295 -0.316418 2.33456
-0.132089 -0.270175 2.48946
-0.181747 -0.3749 2.20351
-0.209064 -0.705533 2.307
-0.252222 -0.755122 2.28533
0.029333 -0.264538 2.49959
0.0500624 -0.375528 2.21201
0.0639765 -0.7079 2.31317
0.100068 -0.76459 2.28217
-0.0695956 0.229893 2.45364
-0.384193 -0.377882 2.30337
-0.32424 -0.330821 2.26033
0.253515 -0.371247 2.33913
0.214793 -0.316726 2.29375
-0.0521265 -0.277675 2.52463
-0.0540737 -0.00834182 2.39712
-0.0562199 0.253458 2.25418
-0.0505833 0.392452 2.22659
-0.210561 0.144817 2.26052
-0.288656 -0.121103 2.30549
-0.354884 -0.329676 2.27382
-0.372807 -0.350098 2.26513
0.0955252 0.143374 2.28217
0.156512 -0.132809 2.34272
0.233547 -0.338408 2.31999
0.231768 -0.347775 2.30983
-0.131471 -0.275249 2.48708
-0.179023 -0.376736 2.19939
-0.207373 -0.70628 2.30558
-0.241024 -0.760718 2.25334
0.0286527 -0.272239 2.48927
0.0369633 -0.382808 2.20084
0.0619402 -0.712049 2.30866
0.105641 -0.763735 2.27987
-0.055723 0.189061 2.29239
-0.411753 -0.415775 2.28678
-0.344224 -0.375981 2.24672
0.260695 -0.433509 2.34207
0.219938 -0.379411 2.27145
-0.0563699 -0.152008 2.38729
-0.0468936 0.146697 2.28595
-0.0372449 0.437627 2.17144
-0.0275554 0.582843 2.1598
-0.191323 0.314414 2.16205
-0.284794 0.0475972 2.18801
-0.374284 -0.153547 2.16368
-0.388337 -0.174258 2.15614
0.114925 0.299025 2.19253
0.17819 0.0316998 2.24319
0.260009 -0.171084 2.20163
0.260812 -0.164994 2.19623
-0.130913 -0.146849 2.35318
-0.167078 -0.384364 2.18013
-0.200078 -0.711993 2.29007
-0.190788 -0.757325 2.18555
0.0198575 -0.152437 2.34836
0.0475665 -0.385051 2.16484
0.0614717 -0.709902 2.28529
0.0955304 -0.756386 2.28877
-0.0396787 0.366156 2.20231
-0.416057 -0.220817 2.17507
-0.353825 -0.181437 2.12762
0.292005 -0.224737 2.22229
0.251419 -0.179213 2.15383
-0.0424272 -0.053954 2.2636
-0.0398086 0.2504 2.23496
-0.0370792 0.547367 2.19045
-0.0188752 0.690774 2.17768
-0.188305 0.417332 2.1594
-0.262439 0.167252 2.16778
-0.343455 -0.0362645 2.12495
-0.340622 -0.0572578 2.12206
0.122469 0.417796 2.19206
0.173013 0.155288 2.22327
0.271855 -0.0422429 2.19931
0.277514 -0.0663508 2.19206
-0.112432 -0.0520909 2.22006
-0.164093 -0.390668 2.26914
-0.197873 -0.671892 2.3341
-0.217243 -0.741906 2.28646
0.0290856 -0.0540683 2.23383
0.0551703 -0.360178 2.29232
0.068117 -0.668357 2.35297
0.084424 -0.742207 2.28933
-0.0376855 0.474065 2.2034
-0.365549 -0.122576 2.12765
-0.310172 -0.0859715 2.09471
0.320297 -0.129898 2.21511
0.26748 -0.0896231 2.15753
-0.0425877 -0.0576148 2.24742
-0.0414422 0.250386 2.22925
-0.0400848 0.548118 2.19482
-0.0229802 0.693422 2.18199
-0.19068 0.417912 2.16106
-0.25825 0.164033 2.17537
-0.3348 -0.0434371 2.17049
-0.332761 -0.07501 2.16251
0.122014 0.416571 2.19712
0.172666 0.153186 2.22715
0.270132 -0.045288 2.22098
0.286231 -0.101023 2.22902
-0.111636 -0.056657 2.20291
-0.16264 -0.387603 2.27542
-0.197206 -0.665673 2.33809
-0.218609 -0.740239 2.28791
0.0278399 -0.0567157 2.21871
0.058498 -0.358548 2.29089
0.0717615 -0.660386 2.35352
0.0799826 -0.699583 2.24389
-0.040011 0.474963 2.20552
-0.359731 -0.153225 2.19136
-0.308714 -0.0974678 2.12538
0.305467 -0.145146 2.26644
0.26726 -0.104488 2.1797
-0.0501402 -0.0550747 2.26036
-0.0424485 0.250536 2.2218
-0.0353702 0.542697 2.1633
-0.0187458 0.688924 2.14751
-0.189747 0.415505 2.14479
-0.257713 0.168747 2.17291
-0.338332 -0.037214 2.15481
-0.345655 -0.0606154 2.1531
0.121236 0.417012 2.17653
0.169672 0.152125 2.21827
0.262047 -0.0489076 2.20686
0.268345 -0.108666 2.20114
-0.120133 -0.0530217 2.21698
-0.163632 -0.387855 2.27414
-0.197745 -0.670686 2.33952
-0.221067 -0.7425 2.2817
0.0214252 -0.0552981 2.23065
0.0470389 -0.374544 2.27688
0.0678889 -0.66742 2.35354
0.0834351 -0.739746 2.28711
-0.0374778 0.47132 2.18102
-0.37736 -0.137374 2.16237
-0.320215 -0.0918383 2.12158
0.287888 -0.153103 2.23153
0.252373 -0.112301 2.1605
-0.0621841 -0.175805 2.36627
-0.0506797 0.105869 2.26385
-0.0391727 0.377714 2.14883
-0.0259015 0.521516 2.12802
-0.190521 0.26432 2.14971
-0.262898 0.0214157 2.21384
-0.331144 -0.187599 2.21821
-0.339676 -0.211962 2.20889
0.111389 0.265484 2.17537
0.157067 0.00665327 2.25811
0.243513 -0.192997 2.28138
0.253052 -0.229987 2.28479
-0.135583 -0.170992 2.32619
-0.166964 -0.447801 2.23623
-0.197997 -0.684107 2.33345
-0.221351 -0.745751 2.29143
0.0131138 -0.1752 2.33343
0.0376814 -0.443703 2.241
0.0590339 -0.680925 2.34185
0.0832601 -0.743869 2.28863
-0.0420492 0.311147 2.17995
-0.377771 -0.28556 2.21107
-0.309272 -0.241352 2.19073
0.297087 -0.310306 2.32114
0.237688 -0.251941 2.25205
-0.050154 -0.267987 2.48865
-0.0501733 0.00374416 2.37302
-0.0508319 0.269664 2.2497
-0.0413087 0.412917 2.22425
-0.204172 0.156596 2.24589
-0.28159 -0.110883 2.29292
-0.347355 -0.320564 2.28131
-0.362468 -0.341316 2.27946
0.10259 0.151246 2.27338
0.161666 -0.127146 2.34157
0.24897 -0.327166 2.35477
0.255672 -0.364563 2.35997
-0.128743 -0.265108 2.44955
-0.170562 -0.389648 2.17135
-0.20637 -0.712411 2.29244
-0.244446 -0.766501 2.26243
0.0299118 -0.263156 2.45508
0.0377457 -0.383644 2.17116
0.0585739 -0.707542 2.29301
0.063657 -0.755225 2.19024
-0.0506115 0.203991 2.2826
-0.408973 -0.412112 2.29842
-0.329065 -0.366374 2.24518
0.290868 -0.420592 2.38482
0.240154 -0.367559 2.3157
-0.0486292 -0.272458 2.49509
-0.0565256 0.0180069 2.44844
-0.0654702 0.301871 2.39475
-0.0489121 0.445337 2.37964
-0.211583 0.178661 2.36358
-0.278903 -0.0981176 2.35917
-0.335852 -0.305565 2.30169
-0.342033 -0.313162 2.30298
0.0930135 0.184192 2.39447
0.155921 -0.107631 2.3937
0.246083 -0.306003 2.35206
0.243176 -0.313205 2.36113
-0.128572 -0.269964 2.45524
-0.170642 -0.387398 2.17358
-0.205298 -0.708059 2.29983
-0.240222 -0.762402 2.25022
0.032955 -0.266875 2.46259
0.0545699 -0.388638 2.18016
0.0661538 -0.711366 2.30568
0.0732079 -0.751038 2.19706
-0.0632972 0.23202 2.41037
-0.377159 -0.379134 2.30561
-0.313674 -0.333097 2.27007
0.271426 -0.388541 2.37891
0.237308 -0.321789 2.31855
-0.0488023 -0.269572 2.50382
-0.0612414 0.0224416 2.47868
-0.0735965 0.306068 2.44205
-0.0617174 0.446364 2.43083
-0.220421 0.179116 2.40659
-0.281985 -0.0984189 2.39349
-0.335235 -0.308137 2.34238
-0.355544 -0.33097 2.33129
0.0835576 0.189577 2.43644
0.149705 -0.0984305 2.428
0.242107 -0.295563 2.38481
0.232409 -0.304124 2.38133
-0.129467 -0.269118 2.46326
-0.172466 -0.382634 2.17991
-0.208278 -0.704414 2.30339
-0.225596 -0.767865 2.26538
0.033358 -0.262091 2.47181
0.0604333 -0.383862 2.18989
0.0679948 -0.710011 2.30774
0.102594 -0.766598 2.28457
-0.0705952 0.236338 2.45363
-0.381067 -0.379994 2.33273
-0.316728 -0.334032 2.29289
0.261072 -0.379387 2.40273
0.230413 -0.324691 2.33744
-0.051392 -0.2756 2.50626
-0.0571172 0.00449162 2.40415
-0.0642091 0.277107 2.28463
-0.0597909 0.417265 2.26258
-0.214373 0.15676 2.28144
-0.277785 -0.117524 2.32702
-0.333457 -0.32981 2.30295
-0.34586 -0.344576 2.29014
0.0927995 0.158197 2.30361
0.149507 -0.11955 2.3584
0.226754 -0.325402 2.34627
0.240098 -0.35606 2.3447
-0.131246 -0.274012 2.4682
-0.172839 -0.382237 2.18227
-0.208288 -0.703669 2.30665
-0.229774 -0.762088 2.24923
0.0299127 -0.269285 2.4714
0.0543497 -0.38612 2.18686
0.0677534 -0.711351 2.30642
0.0720046 -0.757618 2.20241
-0.0624857 0.210023 2.31702
-0.382899 -0.41585 2.31008
-0.311859 -0.367439 2.2606
0.281611 -0.410085 2.36158
0.217148 -0.35653 2.30294
-0.0527323 -0.133813 2.37751
-0.0535232 0.164031 2.28817
-0.0536788 0.454051 2.18539
-0.0449994 0.599748 2.16191
-0.205455 0.327184 2.17769
-0.280057 0.0581392 2.2094
-0.348776 -0.151173 2.18413
-0.357201 -0.139387 2.16559
0.101137 0.32857 2.1984
0.162077 0.0411221 2.24852
0.228296 -0.169504 2.23498
0.230565 -0.180188 2.22856
-0.127164 -0.134075 2.34218
-0.166573 -0.375683 2.17715
-0.198903 -0.702408 2.28975
-0.190951 -0.746467 2.18402
0.0233611 -0.12929 2.33981
0.0651766 -0.370745 2.17452
0.0684317 -0.700461 2.28384
0.0724124 -0.74449 2.178
-0.053729 0.382782 2.21336
-0.389149 -0.209356 2.1541
-0.335736 -0.135161 2.11829
0.249627 -0.206133 2.24373
0.221766 -0.193026 2.22314
-0.0480014 -0.0513867 2.2807
-0.0435608 0.25161 2.24206
-0.0379986 0.546176 2.18954
-0.0174874 0.692933 2.16943
-0.189853 0.416838 2.16391
-0.257487 0.167839 2.18306
-0.331548 -0.0399453 2.15353
-0.334781 -0.0591884 2.13717
0.119775 0.41695 2.19336
0.159569 0.148638 2.22342
0.244084 -0.0555151 2.19935
0.242548 -0.0671346 2.18655
-0.118931 -0.0497104 2.23703
-0.164831 -0.388096 2.28499
-0.197995 -0.673967 2.33439
-0.223686 -0.740825 2.28581
0.0245575 -0.0513175 2.25094
0.0502408 -0.363446 2.28835
0.0693422 -0.665149 2.35551
0.0758032 -0.705302 2.24636
-0.0395514 0.473768 2.2048
-0.366473 -0.129351 2.14335
-0.340195 -0.0307425 2.12939
0.271087 -0.131216 2.20767
0.234597 -0.0585757 2.19563
-0.0382089 -0.0485433 2.26853
-0.0337492 0.259081 2.24264
-0.0272043 0.557677 2.20525
-0.00642018 0.703124 2.19143
-0.178325 0.423328 2.16576
-0.245719 0.171085 2.17921
-0.31881 -0.0374807 2.15493
-0.322838 -0.0599002 2.1477
0.129876 0.420275 2.19427
0.172946 0.156337 2.2069
0.2589 -0.0471167 2.18099
0.25594 -0.0568463 2.16725
-0.107463 -0.0474779 2.22422
-0.160897 -0.38336 2.2897
-0.197834 -0.670516 2.34024
-0.212209 -0.74165 2.28161
0.0323329 -0.0480524 2.23957
0.0566644 -0.354789 2.30102
0.0773833 -0.656651 2.36598
0.0835809 -0.696183 2.25626
-0.0288298 0.484451 2.21648
-0.352721 -0.134 2.16392
-0.329458 -0.0826793 2.1747
0.280036 -0.124686 2.18761
0.265589 -0.123743 2.19733
-0.0572716 -0.0702249 2.29714
-0.0402749 0.229363 2.23083
-0.023677 0.515116 2.14877
-0.00812399 0.666977 2.13707
-0.175428 0.391492 2.1276
-0.247828 0.139906 2.17169
-0.326285 -0.0662454 2.17521
-0.33102 -0.0915699 2.17545
0.128826 0.392655 2.16383
0.170982 0.135754 2.20163
0.259564 -0.0668399 2.19543
0.275421 -0.123225 2.19415
-0.127367 -0.0659932 2.25368
-0.164216 -0.392698 2.26512
-0.198952 -0.674154 2.34234
-0.226223 -0.738955 2.28662
0.0146397 -0.0722581 2.26751
0.0414755 -0.390617 2.27877
0.0678001 -0.673918 2.35389
0.085078 -0.739959 2.30427
-0.02794 0.44524 2.17189
-0.36702 -0.159792 2.19059
-0.354116 -0.0775917 2.16812
0.305483 -0.162258 2.22007
0.291548 -0.125718 2.2005
-0.0723949 -0.213292 2.43881
-0.0560966 0.0500853 2.29201
-0.0400278 0.305122 2.13485
-0.0260891 0.445611 2.11031
-0.188332 0.211713 2.13147
-0.280353 -0.0611582 2.19327
-0.345386 -0.27105 2.19304
-0.365016 -0.313958 2.19409
0.106974 0.204665 2.16902
0.155033 -0.0730689 2.25789
0.233938 -0.277597 2.2654
0.233542 -0.305583 2.2795
-0.145732 -0.207145 2.40113
-0.168641 -0.394378 2.16359
-0.200939 -0.719826 2.27905
-0.241321 -0.77151 2.25572
0.00306921 -0.213027 2.4038
0.0469751 -0.397003 2.16648
0.0695254 -0.722884 2.28305
0.0896211 -0.755478 2.30872
-0.0439397 0.242872 2.17636
-0.405492 -0.378465 2.21697
-0.399348 -0.299756 2.20875
0.288275 -0.381178 2.32649
0.222799 -0.3424 2.24028
-0.0592304 -0.279292 2.48381
-0.0616791 -0.00589691 2.38124
-0.0651282 0.265061 2.2736
-0.0546272 0.406842 2.24955
-0.21449 0.150759 2.26
-0.278589 -0.125832 2.27743
-0.338895 -0.335619 2.2399
-0.356387 -0.367905 2.24359
0.0871902 0.149862 2.28952
0.141959 -0.133343 2.32269
0.219483 -0.3387 2.29812
0.227154 -0.352027 2.30192
-0.137317 -0.276782 2.44403
-0.181669 -0.390379 2.16104
-0.215517 -0.705389 2.29949
-0.248673 -0.746843 2.30882
0.0206401 -0.273756 2.451
0.0605942 -0.396856 2.17155
0.0692246 -0.719417 2.29753
0.0753008 -0.764981 2.19329
-0.0641591 0.19814 2.30275
-0.386762 -0.426832 2.24915
-0.401251 -0.361801 2.28133
0.267902 -0.425063 2.33115
0.220228 -0.374114 2.25987
-0.0724217 -0.274594 2.5057
-0.0763734 0.0149838 2.46665
-0.0795144 0.297408 2.41606
-0.0666926 0.437445 2.40195
-0.223478 0.175237 2.37665
-0.288524 -0.0964653 2.35836
-0.344001 -0.302074 2.2917
-0.365932 -0.332197 2.29093
0.0761541 0.180983 2.4184
0.140597 -0.106913 2.41326
0.230874 -0.304217 2.36531
0.225796 -0.302622 2.37184
-0.151883 -0.271383 2.46297
-0.170173 -0.384105 2.17619
-0.206683 -0.703667 2.30447
-0.235697 -0.76099 2.25398
0.00916106 -0.269822 2.47589
0.0784011 -0.373075 2.19356
0.0681804 -0.699682 2.31039
0.101315 -0.757609 2.28398
-0.0788098 0.227865 2.431
-0.39652 -0.389719 2.2944
-0.398541 -0.338866 2.30256
0.258342 -0.358765 2.38314
0.220851 -0.32167 2.33542
-0.0748613 -0.274366 2.51409
-0.080018 0.0156649 2.49098
-0.0845072 0.298005 2.45629
-0.0759203 0.439379 2.44964
-0.226682 0.175825 2.41446
-0.284759 -0.0902876 2.37681
-0.334521 -0.295242 2.30256
-0.349399 -0.312561 2.29303
0.0712214 0.185044 2.46364
0.139466 -0.101264 2.45551
0.236255 -0.294914 2.40482
0.247868 -0.323057 2.41054
-0.154258 -0.271381 2.47019
-0.1608 -0.381131 2.18144
-0.201642 -0.702851 2.30369
-0.230574 -0.75956 2.25057
0.00667905 -0.269375 2.48545
0.0792926 -0.365765 2.20125
0.0726802 -0.695456 2.31062
0.0987358 -0.756653 2.28284
-0.0835036 0.228497 2.46726
-0.385451 -0.385175 2.29612
-0.372938 -0.301462 2.28792
0.274062 -0.37702 2.43771
0.235582 -0.325595 2.36843
-0.0749822 -0.274405 2.5147
-0.0803415 0.0155463 2.49051
-0.0849121 0.29776 2.45209
-0.0780466 0.438575 2.44559
-0.226499 0.173937 2.40503
-0.284587 -0.0940285 2.3782
-0.336247 -0.301496 2.31477
-0.348561 -0.317407 2.29859
0.0709459 0.184561 2.45911
0.142148 -0.102467 2.4557
0.243272 -0.29275 2.39986
0.250804 -0.321218 2.39909
-0.154382 -0.271493 2.47072
-0.16007 -0.381465 2.18205
-0.201219 -0.703548 2.30335
-0.230343 -0.761336 2.25499
0.00651716 -0.26931 2.48615
0.0797234 -0.364819 2.20178
0.0745201 -0.694958 2.31005
0.0880972 -0.733642 2.20155
-0.0838965 0.228267 2.46419
-0.381936 -0.38843 2.30368
-0.378345 -0.320913 2.29104
0.274614 -0.372951 2.41213
0.2378 -0.324186 2.35682
-0.0737773 -0.274458 2.51614
-0.0801027 0.0152697 2.48801
-0.0855485 0.29728 2.44434
-0.0794588 0.438717 2.43682
-0.228111 0.173209 2.4002
-0.288224 -0.0990347 2.37471
-0.346679 -0.301666 2.30074
-0.356111 -0.315842 2.29708
0.0704596 0.184414 2.44913
0.144373 -0.101949 2.45576
0.246057 -0.295065 2.41691
0.253134 -0.329532 2.42133
-0.15319 -0.272134 2.47132
-0.157041 -0.382406 2.18273
-0.201221 -0.703889 2.30447
-0.230019 -0.761038 2.25276
0.00776807 -0.268646 2.48859
0.0797717 -0.36483 2.20414
0.0717475 -0.694804 2.31271
0.0839075 -0.733749 2.2041
-0.0842397 0.227832 2.45775
-0.389025 -0.387333 2.30078
-0.325045 -0.332777 2.25726
0.268018 -0.379386 2.44364
0.239576 -0.323614 2.37578
-0.0737784 -0.273538 2.51572
-0.0802176 0.0163962 2.48736
-0.0860337 0.299002 2.44471
-0.0807004 0.441091 2.43862
-0.228364 0.173495 2.39761
-0.287707 -0.0990528 2.37431
-0.339572 -0.304806 2.30474
-0.353565 -0.335569 2.29536
0.0701799 0.18478 2.44855
0.145522 -0.101699 2.45686
0.248509 -0.294202 2.41862
0.253395 -0.324056 2.42243
-0.153159 -0.271449 2.47051
-0.154738 -0.381813 2.18191
-0.201142 -0.703489 2.30247
-0.233534 -0.760677 2.26027
0.0077594 -0.267533 2.48837
0.0805731 -0.364973 2.20464
0.0724368 -0.695216 2.31248
0.0851365 -0.734121 2.20395
-0.0846327 0.229367 2.45773
-0.389478 -0.392833 2.3004
-0.320767 -0.334923 2.26131
0.268231 -0.377856 2.44373
0.250367 -0.328035 2.3777
