-0.0999695 0.295127 2.21741
-0.110469 0.612429 2.15996
-0.119969 0.91616 2.092
-0.0938801 1.0355 2.02932
-0.297116 0.814856 2.08923
-0.383601 0.520817 2.18209
-0.42608 0.266464 2.17099
-0.422783 0.176827 2.16153
0.0723266 0.807161 2.10649
0.168449 0.557822 2.21156
0.241759 0.312799 2.20413
0.254357 0.215719 2.18313
-0.181023 0.28745 2.17582
-0.215867 -0.191385 2.32512
-0.260451 -0.583537 2.4043
-0.224118 -0.640272 2.34118
-0.0155496 0.292701 2.18278
0.0245217 -0.180645 2.33296
0.071543 -0.572622 2.38294
0.0705562 -0.631576 2.29682
-0.117736 0.842237 2.11097
-0.423587 0.0847652 2.17562
-0.395389 0.149865 2.1155
0.273275 0.134673 2.19464
0.265311 0.136774 2.21989
-0.10022 0.295193 2.21775
-0.110613 0.612545 2.16044
-0.119984 0.916286 2.0925
-0.0941068 1.03585 2.02994
-0.297496 0.814783 2.08833
-0.382909 0.52007 2.1833
-0.424529 0.265938 2.17122
-0.420629 0.173988 2.16584
0.0721348 0.80707 2.10656
0.168878 0.55763 2.21083
0.24153 0.312795 2.20167
0.251176 0.214899 2.17985
-0.181368 0.287532 2.17645
-0.216068 -0.191669 2.32504
-0.260104 -0.583236 2.40503
-0.223764 -0.639831 2.34156
-0.0157264 0.292753 2.18295
0.0238561 -0.181028 2.3334
0.0717226 -0.572763 2.38271
0.0698358 -0.631605 2.29761
-0.117787 0.842357 2.11146
-0.417943 0.0863395 2.18103
-0.397047 0.156713 2.11379
0.271939 0.134017 2.18392
0.262702 0.13899 2.21825
-0.100326 0.295244 2.21787
-0.110729 0.612607 2.16103
-0.12019 0.916248 2.09376
-0.0943956 1.03557 2.03102
-0.298097 0.814916 2.0898
-0.382252 0.520213 2.18503
-0.420345 0.269031 2.17449
-0.418865 0.176753 2.16674
0.0720354 0.807035 2.10661
0.169004 0.557181 2.20916
0.23997 0.312883 2.19839
0.247827 0.217313 2.17587
-0.181517 0.287592 2.17669
-0.216125 -0.190172 2.32476
-0.260063 -0.580532 2.40578
-0.225625 -0.637964 2.3417
-0.0157851 0.292824 2.18304
0.0236945 -0.1789 2.33323
0.0715276 -0.572492 2.38305
0.0686208 -0.631192 2.29974
-0.117968 0.842347 2.11255
-0.418018 0.0929288 2.17962
-0.394687 0.151388 2.1146
0.270536 0.134359 2.16178
0.260522 0.144423 2.2055
-0.10039 0.29527 2.21783
-0.110832 0.612711 2.16129
-0.120335 0.916452 2.09457
-0.0946185 1.03611 2.03207
-0.298188 0.815571 2.09264
-0.381218 0.520855 2.18701
-0.419101 0.269642 2.17703
-0.418768 0.182407 2.16803
0.0718616 0.806959 2.1069
0.168865 0.556609 2.20828
0.238845 0.312004 2.19662
0.246796 0.213212 2.17634
-0.18161 0.28761 2.17672
-0.216799 -0.191873 2.32707
-0.261158 -0.5835 2.40751
-0.267822 -0.641113 2.30859
-0.0158371 0.292877 2.18286
0.023597 -0.180495 2.33413
0.0713308 -0.572148 2.38293
0.0680911 -0.631266 2.30084
-0.118111 0.842523 2.11321
-0.420378 0.0936064 2.17379
-0.393999 0.168847 2.12316
0.268131 0.134503 2.18497
0.25576 0.136058 2.21633
-0.100393 0.295263 2.21782
-0.110793 0.612765 2.16159
-0.12019 0.916583 2.09529
-0.0947399 1.03704 2.03342
-0.298361 0.815949 2.09436
-0.380192 0.520217 2.1894
-0.418401 0.269059 2.17819
-0.41719 0.180691 2.16804
0.0716538 0.806964 2.10741
0.168468 0.556192 2.20796
0.237373 0.308817 2.19511
0.2426 0.213852 2.1754
-0.18161 0.287597 2.17678
-0.216509 -0.190667 2.3288
-0.262403 -0.585928 2.40789
-0.221021 -0.639091 2.34295
-0.0158163 0.292869 2.18273
0.0234718 -0.180767 2.33435
0.071132 -0.572336 2.38332
0.072028 -0.632307 2.29339
-0.117996 0.842631 2.11383
-0.415649 0.0918133 2.17795
-0.394268 0.159421 2.11901
0.264804 0.128534 2.16307
0.25141 0.144815 2.196
-0.100338 0.295306 2.21785
-0.110704 0.612825 2.16194
-0.120041 0.9166 2.09589
-0.0947406 1.03697 2.03387
-0.298175 0.815945 2.09541
-0.379758 0.520318 2.19017
-0.417952 0.269158 2.17886
-0.416972 0.181452 2.16734
0.0715588 0.806916 2.1076
0.167953 0.55602 2.20764
0.236169 0.307306 2.19547
0.241666 0.211163 2.17779
-0.18155 0.287614 2.17688
-0.216058 -0.191741 2.32953
-0.261977 -0.586373 2.40776
-0.220544 -0.639503 2.34284
-0.015746 0.292931 2.18267
0.023861 -0.181107 2.33453
0.0712597 -0.572344 2.38327
0.0707134 -0.631017 2.29631
-0.117864 0.842661 2.11438
-0.416948 0.0937131 2.17904
-0.394772 0.161516 2.12031
0.262653 0.129337 2.16884
0.259385 0.198365 2.1769
-0.10029 0.295347 2.21795
-0.110653 0.612832 2.16219
-0.119986 0.916445 2.0962
-0.0948915 1.03691 2.03422
-0.298094 0.816016 2.09588
-0.379485 0.520295 2.19049
-0.41789 0.26917 2.17923
-0.418184 0.179223 2.16898
0.0714266 0.806835 2.10777
0.167261 0.555919 2.20762
0.235422 0.306322 2.19538
0.241326 0.212363 2.17787
-0.181493 0.287648 2.17716
-0.216104 -0.1918 2.32944
-0.262273 -0.585015 2.40983
-0.221526 -0.637987 2.34364
-0.0156877 0.292987 2.18266
0.0237712 -0.182108 2.33497
0.0706908 -0.571959 2.3831
0.0696331 -0.630384 2.2991
-0.117812 0.842554 2.11468
-0.417606 0.0927111 2.18223
-0.393005 0.155458 2.11995
0.262843 0.129433 2.17038
0.261437 0.207738 2.1744
-0.100301 0.295386 2.21824
-0.110689 0.612774 2.16237
-0.11999 0.916268 2.09619
-0.0949401 1.03673 2.0342
-0.297977 0.815962 2.09587
-0.379158 0.520284 2.19077
-0.417817 0.2692 2.17965
-0.419168 0.180922 2.16788
0.0713411 0.806788 2.10785
0.166825 0.555875 2.2077
0.235057 0.305999 2.19557
0.241333 0.211027 2.17806
-0.181539 0.287665 2.17757
-0.216101 -0.192164 2.32931
-0.26157 -0.587428 2.40966
-0.23002 -0.640996 2.33587
-0.0156503 0.293046 2.18281
0.0242362 -0.177719 2.33315
0.0706355 -0.572234 2.38309
0.0703422 -0.631633 2.29926
-0.117832 0.842416 2.11474
-0.418736 0.0928787 2.17559
-0.394168 0.157883 2.11918
0.263021 0.129521 2.17184
0.25774 0.203538 2.18317
-0.100371 0.295738 2.2192
-0.110692 0.612821 2.16277
-0.119893 0.916163 2.09615
-0.0949415 1.03654 2.03407
-0.298021 0.815983 2.0959
-0.379093 0.520558 2.19084
-0.41776 0.269476 2.18009
-0.419219 0.181328 2.16856
0.0712116 0.806795 2.10794
0.166223 0.556484 2.20791
0.234811 0.30588 2.19593
0.242209 0.211057 2.18031
-0.181597 0.287916 2.17861
-0.216089 -0.191587 2.32916
-0.262361 -0.589147 2.41094
-0.225329 -0.640425 2.33789
-0.0157296 0.293456 2.18368
0.0243886 -0.178982 2.33388
0.0705617 -0.572209 2.38307
0.0700193 -0.63166 2.29945
-0.117787 0.842357 2.11482
-0.419897 0.0926614 2.17946
-0.394803 0.16092 2.12043
0.263859 0.128964 2.17771
0.258452 0.20366 2.17789
-0.100467 0.29596 2.22062
-0.110709 0.612769 2.16326
-0.11991 0.915989 2.09605
-0.0949499 1.03569 2.03345
-0.29807 0.815993 2.09596
-0.379114 0.520527 2.19105
-0.417862 0.26946 2.18057
-0.419225 0.1806 2.16887
0.0711183 0.806841 2.10796
0.165939 0.556946 2.20771
0.234704 0.306078 2.19611
0.242297 0.210592 2.17906
-0.181615 0.288098 2.18033
-0.216122 -0.190474 2.32741
-0.262 -0.586759 2.40853
-0.224552 -0.640056 2.33936
-0.0158788 0.293709 2.18487
0.0236006 -0.179503 2.33443
0.0707614 -0.572442 2.38301
0.0745951 -0.632139 2.29296
-0.117795 0.842232 2.11484
-0.419405 0.092727 2.1821
-0.394702 0.161021 2.1204
0.263784 0.128899 2.17773
0.256188 0.224021 2.18489
-0.101016 0.296621 2.22419
-0.110821 0.612674 2.1639
-0.119839 0.915164 2.09506
-0.0949698 1.03334 2.03125
-0.297964 0.815882 2.0954
-0.379134 0.521178 2.19045
-0.418653 0.270232 2.17883
-0.419747 0.181556 2.16527
0.0710359 0.806807 2.10765
0.16581 0.556927 2.20719
0.234634 0.306144 2.19645
0.24278 0.210971 2.17783
-0.182107 0.288818 2.18458
-0.217426 -0.190237 2.32231
-0.25808 -0.578977 2.40254
-0.225356 -0.637948 2.34075
-0.0164405 0.29428 2.18771
0.023664 -0.18083 2.33158
0.0708382 -0.572915 2.38328
0.0726004 -0.631624 2.29551
-0.117772 0.841745 2.11445
-0.41773 0.0922322 2.17985
-0.394764 0.161384 2.11998
0.263576 0.128795 2.17603
0.26008 0.202211 2.175
-0.101708 0.2975 2.23558
-0.110783 0.611466 2.16597
-0.119067 0.910414 2.09064
-0.0937198 1.0242 2.02376
-0.297186 0.814755 2.0925
-0.380076 0.52149 2.18941
-0.419504 0.270533 2.17606
-0.421717 0.183751 2.16379
0.0708658 0.805523 2.10616
0.16575 0.557066 2.20616
0.23455 0.306016 2.19638
0.242102 0.210547 2.17803
-0.183111 0.28996 2.19507
-0.220052 -0.1894 2.31142
-0.255988 -0.576795 2.3973
-0.224243 -0.640137 2.34375
-0.0168165 0.29489 2.19993
0.0256123 -0.183659 2.32019
0.0695038 -0.573715 2.38228
0.071115 -0.631864 2.29781
-0.117268 0.838351 2.11233
-0.422838 0.0931226 2.16928
-0.394526 0.162901 2.11983
0.262903 0.128467 2.17043
0.268256 0.1748 2.17129
-0.103609 0.295953 2.27105
-0.109905 0.60191 2.1746
-0.114835 0.888611 2.07388
-0.0903738 0.996322 2.00303
-0.293665 0.802217 2.08028
-0.3839 0.519325 2.1851
-0.425257 0.263837 2.17614
-0.429052 0.175311 2.1665
0.0703897 0.7935 2.09995
0.167918 0.550208 2.20236
0.234854 0.296435 2.19669
0.242157 0.196792 2.18372
-0.186114 0.289166 2.22972
-0.230152 -0.181288 2.287
-0.255942 -0.579354 2.39728
-0.224312 -0.640902 2.34223
-0.017615 0.292792 2.23615
0.0287182 -0.178641 2.30301
0.0695145 -0.573298 2.38024
0.0729662 -0.631901 2.29268
-0.113977 0.819839 2.10264
-0.433909 0.0866132 2.17627
-0.401165 0.117572 2.1325
0.259437 0.117995 2.17115
0.265472 0.185724 2.17039
-0.10534 0.283807 2.30792
-0.106618 0.586854 2.17379
-0.104532 0.868427 2.02377
-0.0831509 0.95662 1.96378
-0.290063 0.771774 2.06901
-0.390151 0.500843 2.17767
-0.432508 0.237923 2.18034
-0.439662 0.144911 2.17596
0.069704 0.759474 2.09202
0.174885 0.515868 2.20343
0.239026 0.261916 2.20084
0.246559 0.164064 2.19105
-0.188985 0.278242 2.26574
-0.237968 -0.177217 2.2729
-0.255377 -0.579623 2.39512
-0.276611 -0.644531 2.31055
-0.0181733 0.279959 2.27384
0.0359112 -0.171791 2.28354
0.0684778 -0.571606 2.37921
0.0746934 -0.631632 2.29807
-0.105289 0.799785 2.06502
-0.444718 0.0573935 2.17948
-0.412575 0.0879041 2.13133
0.261102 0.0816635 2.17776
0.271648 0.167949 2.1888
-0.107431 0.253694 2.35462
-0.104883 0.535599 2.18617
-0.101206 0.800019 2.00388
-0.0801046 0.878017 1.94074
-0.284891 0.71204 2.0664
-0.394961 0.459202 2.17753
-0.444459 0.197466 2.19401
-0.45143 0.100057 2.18881
0.0686262 0.701185 2.09141
0.183092 0.469018 2.20825
0.244732 0.223289 2.21259
0.253308 0.122059 2.20334
-0.192625 0.248184 2.31339
-0.246084 -0.183736 2.2649
-0.256893 -0.581645 2.39439
-0.277942 -0.64416 2.30691
-0.018788 0.250959 2.31958
0.0527135 -0.178501 2.25761
0.0680115 -0.567744 2.37922
0.0759741 -0.628575 2.30379
-0.102277 0.736041 2.0521
-0.45733 0.0149581 2.19326
-0.421766 0.0541537 2.14481
0.262824 0.0456595 2.19182
0.280447 0.0657751 2.18586
-0.116426 0.251465 2.50944
-0.107241 0.477069 2.25639
-0.097433 0.680628 1.98883
-0.0761632 0.752514 1.92374
-0.279275 0.607904 2.07365
-0.40141 0.374991 2.18268
-0.45973 0.106282 2.22379
-0.467548 0.0082638 2.22157
0.0664376 0.597266 2.10173
0.192934 0.368051 2.23329
0.261569 0.124876 2.23764
0.269346 0.0216301 2.22927
-0.208169 0.246801 2.46594
-0.250211 -0.184465 2.25467
-0.257909 -0.580298 2.39046
-0.280661 -0.645113 2.30841
-0.0211369 0.248446 2.47651
0.0596569 -0.178295 2.24774
0.0577256 -0.57239 2.38801
0.082017 -0.628041 2.30532
-0.100009 0.632533 2.05875
-0.474583 -0.0766677 2.23251
-0.436117 -0.0434386 2.1715
0.287752 -0.0576985 2.22135
0.287811 0.0636353 2.22971
-0.121045 0.216179 2.55337
-0.109873 0.413484 2.27987
-0.0979273 0.600378 1.99231
-0.0779175 0.663504 1.92751
-0.277643 0.519071 2.0878
-0.405072 0.294682 2.20397
-0.467021 0.0323182 2.25178
-0.475997 -0.0670824 2.25572
0.066631 0.508874 2.11918
0.19997 0.29251 2.24836
0.270626 0.051859 2.26708
0.281584 -0.0494721 2.26124
-0.215 0.21203 2.50857
-0.249689 -0.200692 2.23597
-0.253333 -0.582599 2.38462
-0.283707 -0.647576 2.31216
-0.0234377 0.213828 2.52162
0.0635389 -0.192408 2.23828
0.0535361 -0.574658 2.39141
0.0871465 -0.628886 2.31213
-0.101049 0.555081 2.06666
-0.487254 -0.153151 2.27408
-0.446116 -0.125628 2.20636
0.294583 -0.127212 2.25184
0.305725 -0.000448706 2.27225
-0.119357 0.154134 2.5981
-0.110452 0.334461 2.31201
-0.101041 0.507868 2.01309
-0.0798309 0.571748 1.94948
-0.2786 0.424029 2.11346
-0.409654 0.202647 2.23127
-0.473363 -0.0612621 2.28585
-0.483016 -0.15528 2.29459
0.0635967 0.426776 2.14147
0.206012 0.219262 2.27109
0.284819 -0.0380289 2.29964
0.291097 -0.138946 2.29937
-0.211675 0.149104 2.55435
-0.251457 -0.203023 2.2048
-0.250402 -0.583323 2.38303
-0.258559 -0.648134 2.32506
-0.0234848 0.154554 2.56511
0.0682732 -0.201558 2.22426
0.0531397 -0.574608 2.39093
0.0876265 -0.630009 2.31513
-0.103507 0.46573 2.09019
-0.494138 -0.236997 2.31109
-0.453059 -0.202868 2.25129
0.306292 -0.21234 2.2978
0.310059 -0.0918988 2.30478
-0.122768 0.0804191 2.62726
-0.112362 0.258115 2.34451
-0.101515 0.429447 2.04933
-0.0819286 0.491183 1.9864
-0.276421 0.351778 2.14089
-0.410226 0.126888 2.25795
-0.475575 -0.152081 2.31677
-0.484856 -0.235944 2.32337
0.0650739 0.345308 2.17133
0.215523 0.130215 2.3051
0.292871 -0.151247 2.34099
0.295838 -0.229606 2.3346
-0.216144 0.0782774 2.58316
-0.251393 -0.21115 2.1973
-0.244225 -0.58448 2.37637
-0.273747 -0.645741 2.30599
-0.0258085 0.0801901 2.59452
0.067209 -0.213638 2.2129
0.0463726 -0.578389 2.3908
0.0866928 -0.629449 2.31378
-0.104336 0.387703 2.12548
-0.497932 -0.316992 2.34056
-0.451802 -0.280285 2.27819
0.316091 -0.308859 2.33963
0.322371 -0.237642 2.338
-0.139354 -0.159548 2.57549
-0.119137 0.103438 2.35581
-0.0987033 0.365407 2.11373
-0.0820766 0.433683 2.0548
-0.274174 0.283503 2.18996
-0.399272 0.0600719 2.29547
-0.480188 -0.226839 2.34231
-0.490962 -0.31934 2.35023
0.070386 0.277357 2.21729
0.221004 0.0559222 2.34252
0.298894 -0.221266 2.37171
0.296263 -0.309868 2.36802
-0.219328 -0.158479 2.53443
-0.265235 -0.261369 2.08499
-0.241473 -0.58582 2.37247
-0.276139 -0.646924 2.30825
-0.0552282 -0.155866 2.53989
0.101781 -0.266913 2.11945
0.0417451 -0.587431 2.38914
0.0884808 -0.632489 2.30835
-0.103993 0.305137 2.17969
-0.501178 -0.403992 2.37095
-0.46099 -0.351731 2.30312
0.310577 -0.398553 2.37532
0.272094 -0.359635 2.318
-0.13045 -0.184819 2.60572
-0.113221 0.0883338 2.39269
-0.094205 0.354217 2.16792
-0.0815972 0.425836 2.11074
-0.26852 0.266439 2.23473
-0.398174 0.0356012 2.32237
-0.472905 -0.234385 2.35784
-0.48471 -0.332507 2.36515
0.073084 0.259257 2.25177
0.217438 0.0357503 2.37174
0.29819 -0.235938 2.3939
0.300356 -0.329789 2.39414
-0.21059 -0.180833 2.56458
-0.276504 -0.219612 2.10713
-0.243985 -0.58286 2.36834
-0.275955 -0.646693 2.31317
-0.0464327 -0.18359 2.57025
0.0909226 -0.228259 2.12992
0.0390833 -0.587824 2.39058
0.0880911 -0.631435 2.30614
-0.099139 0.289224 2.22635
-0.496623 -0.412098 2.37263
-0.45634 -0.383482 2.31418
0.31517 -0.416084 2.39662
0.275403 -0.35524 2.34486
-0.113178 -0.212927 2.59314
-0.105314 0.0789393 2.40122
-0.0910518 0.359548 2.20306
-0.0794664 0.433342 2.14666
-0.264703 0.27148 2.26448
-0.393828 0.0307374 2.35489
-0.46652 -0.236243 2.37824
-0.47469 -0.332103 2.38724
0.0752904 0.261919 2.29162
0.214556 0.0347677 2.39991
0.298529 -0.24141 2.42198
0.302203 -0.332834 2.42321
-0.192271 -0.207731 2.55584
-0.288041 -0.200192 2.10221
-0.246677 -0.580429 2.36708
-0.275424 -0.645438 2.31237
-0.0309336 -0.212732 2.55303
0.102219 -0.208698 2.10886
0.0441352 -0.590186 2.38383
0.0933187 -0.631494 2.2959
-0.0945645 0.290067 2.25423
-0.484741 -0.417008 2.39867
-0.446826 -0.369724 2.33862
0.317583 -0.420343 2.42822
0.279338 -0.357154 2.37411
-0.100359 -0.212427 2.60163
-0.0968443 0.0786745 2.42234
-0.0897649 0.363146 2.23308
-0.0755093 0.439576 2.1792
-0.260964 0.273411 2.29028
-0.38978 0.0347182 2.37586
-0.461903 -0.234835 2.40772
-0.472338 -0.329802 2.41559
0.0760431 0.265436 2.32134
0.213465 0.0328521 2.43002
0.297944 -0.243335 2.45092
0.302202 -0.336982 2.45412
-0.18231 -0.209716 2.56002
-0.287334 -0.192591 2.10879
-0.248005 -0.579631 2.36612
-0.275975 -0.644461 2.3133
-0.0148841 -0.208925 2.56728
0.0996692 -0.208688 2.11774
0.0430167 -0.589722 2.3873
0.0944705 -0.630264 2.29556
-0.0918956 0.292944 2.28256
-0.484628 -0.415549 2.42819
-0.443706 -0.366881 2.36631
0.31636 -0.423973 2.47118
0.279956 -0.374557 2.40158
-0.101184 -0.214766 2.60219
-0.0966085 0.0771711 2.42488
-0.0894842 0.362408 2.23664
-0.0741973 0.439189 2.18299
-0.260198 0.272982 2.29252
-0.387939 0.0371233 2.38071
-0.457947 -0.227642 2.41786
-0.469852 -0.325491 2.4207
0.0757533 0.265214 2.32648
0.213553 0.0324009 2.43496
0.298292 -0.244456 2.4598
0.303243 -0.336521 2.45875
-0.182713 -0.21177 2.56019
-0.286115 -0.190804 2.10871
-0.248394 -0.579147 2.36558
-0.276945 -0.64467 2.31707
-0.0164 -0.211536 2.56808
0.105252 -0.206755 2.12051
0.0641512 -0.576391 2.36447
0.0962278 -0.62986 2.2957
-0.0915215 0.292106 2.28599
-0.482997 -0.40796 2.42647
-0.441047 -0.368986 2.37243
0.316749 -0.419821 2.4653
0.282578 -0.36529 2.40753
-0.101442 -0.215254 2.60235
-0.0968363 0.0761924 2.42193
-0.0905937 0.359523 2.22338
-0.0752473 0.437094 2.1699
-0.259642 0.267065 2.27639
-0.387218 0.0384124 2.37396
-0.456744 -0.226019 2.41614
-0.470029 -0.325728 2.41097
0.0748383 0.260575 2.31528
0.213303 0.0324092 2.43057
0.298605 -0.244689 2.46041
0.303252 -0.334862 2.45051
-0.182792 -0.21233 2.56037
-0.281288 -0.193299 2.10764
-0.248534 -0.579687 2.36594
-0.278624 -0.644395 2.32092
-0.0170278 -0.211935 2.56805
0.109151 -0.20621 2.12181
0.0509316 -0.583867 2.38482
0.0966298 -0.629371 2.29613
-0.0922763 0.289891 2.27594
-0.482695 -0.406817 2.41952
-0.443832 -0.37192 2.36534
0.316743 -0.423509 2.46689
0.281739 -0.366188 2.40229
-0.0944366 -0.183819 2.59334
-0.0977192 0.0972358 2.38536
-0.0986516 0.376591 2.16071
-0.0836742 0.45921 2.10874
-0.263961 0.275673 2.19982
-0.391111 0.0462427 2.31867
-0.462063 -0.236216 2.38977
-0.468186 -0.328015 2.38213
0.069207 0.26669 2.26633
0.207816 0.0514638 2.37193
0.303058 -0.230653 2.43017
0.309208 -0.317011 2.41602
-0.169878 -0.182279 2.55129
-0.261065 -0.214932 2.09789
-0.238393 -0.579962 2.36296
-0.280046 -0.644076 2.30951
-0.01622 -0.179948 2.55856
0.108966 -0.214508 2.11352
0.0522648 -0.578023 2.37297
0.0914702 -0.631095 2.3068
-0.0984314 0.307851 2.21994
-0.473434 -0.421018 2.41319
-0.436094 -0.354374 2.32392
0.32245 -0.415649 2.45174
0.290484 -0.345424 2.36318
-0.0920676 -0.117433 2.57836
-0.0998736 0.152074 2.3549
-0.106156 0.415449 2.11865
-0.0900727 0.501132 2.06786
-0.268863 0.308313 2.15887
-0.393185 0.0667515 2.28601
-0.459823 -0.21635 2.3551
-0.465686 -0.304718 2.35069
0.0593361 0.307815 2.20303
0.205261 0.0881898 2.32887
0.302324 -0.208569 2.3918
0.306459 -0.284605 2.3785
-0.171853 -0.112479 2.5289
-0.243533 -0.243448 2.0908
-0.231098 -0.577398 2.36115
-0.279484 -0.643463 2.30514
-0.0104749 -0.117601 2.54891
0.0993928 -0.226681 2.11247
0.0457356 -0.580521 2.38027
0.0863191 -0.630684 2.30771
-0.104764 0.350912 2.18007
-0.470049 -0.389887 2.37945
-0.437628 -0.332557 2.296
0.316173 -0.371592 2.4094
0.283274 -0.300347 2.32245
-0.110323 -0.018097 2.58079
-0.110442 0.232603 2.34185
-0.111285 0.479017 2.08772
-0.097207 0.571193 2.03793
-0.275329 0.367034 2.12982
-0.395248 0.10857 2.26076
-0.449941 -0.151584 2.31311
-0.458489 -0.232583 2.30831
0.0532909 0.371957 2.17019
0.200448 0.148902 2.29674
0.274295 -0.0857067 2.33943
0.291443 -0.179581 2.33978
-0.192149 -0.0221077 2.53533
-0.219462 -0.2255 2.12147
-0.232188 -0.578776 2.37099
-0.279287 -0.643113 2.30327
-0.0252678 -0.0134313 2.54924
0.0794995 -0.216568 2.1483
0.040607 -0.579555 2.38328
0.0840412 -0.629475 2.30914
-0.111617 0.417978 2.15339
-0.465273 -0.314745 2.32937
-0.432271 -0.260277 2.26033
0.305652 -0.261765 2.3496
0.276076 -0.251951 2.29327
-0.124199 0.0704209 2.53003
-0.124097 0.306512 2.32455
-0.122926 0.532361 2.10625
-0.106564 0.640811 2.0441
-0.278356 0.446593 2.10205
-0.393735 0.205681 2.21643
-0.450706 -0.0750271 2.27668
-0.456782 -0.1477 2.2716
0.050007 0.451246 2.14314
0.189719 0.225966 2.26485
0.274541 -0.0634083 2.31437
0.283059 -0.141658 2.30671
-0.210684 0.067829 2.48621
-0.214425 -0.212165 2.12141
-0.229396 -0.568502 2.36726
-0.278367 -0.641727 2.30277
-0.0338651 0.0695931 2.49755
0.064766 -0.203329 2.14122
0.0379159 -0.575105 2.38401
0.0862322 -0.629662 2.30691
-0.123322 0.477071 2.16311
-0.467524 -0.230819 2.29079
-0.433124 -0.182718 2.22444
0.295177 -0.234066 2.33175
0.260594 -0.164583 2.25093
-0.12583 0.11721 2.50358
-0.124482 0.368342 2.30258
-0.121979 0.619999 2.08859
-0.108002 0.735393 2.02868
-0.283674 0.526191 2.08434
-0.397628 0.258818 2.20378
-0.449612 0.0170077 2.24093
-0.451813 -0.0758536 2.23966
0.0498665 0.523135 2.12695
0.186335 0.30244 2.24422
0.261213 0.064536 2.27904
0.272691 -0.0279871 2.27477
-0.209531 0.1142 2.45905
-0.223062 -0.192427 2.11798
-0.234 -0.616819 2.29713
-0.281373 -0.642368 2.3077
-0.0382607 0.117262 2.47077
0.0655647 -0.184165 2.14145
0.05849 -0.61086 2.31598
0.109647 -0.647933 2.31337
-0.122791 0.556956 2.14435
-0.459227 -0.163709 2.26188
-0.4243 -0.103914 2.18895
0.284613 -0.110047 2.28773
0.253271 -0.064387 2.22433
-0.121821 0.237418 2.41428
-0.124494 0.494352 2.2466
-0.124455 0.745878 2.07283
-0.109064 0.872801 2.01908
-0.298936 0.652168 2.0691
-0.39873 0.388602 2.18286
-0.444636 0.116806 2.2182
-0.447217 0.0252206 2.20442
0.0483664 0.645233 2.1054
0.171034 0.418891 2.21745
0.250501 0.181732 2.24497
0.259617 0.0829539 2.23626
-0.20662 0.230682 2.36886
-0.234971 -0.195907 2.20164
-0.241519 -0.57001 2.37204
-0.268953 -0.645088 2.32896
-0.0331718 0.236632 2.38321
0.0440658 -0.193062 2.2101
0.0586445 -0.565738 2.36893
0.0951367 -0.629578 2.30798
-0.124628 0.683754 2.11856
-0.452069 -0.0627018 2.22335
-0.423232 -0.00278436 2.1529
0.273098 0.00261364 2.24364
0.243018 0.0387676 2.1855
-0.127211 0.267789 2.37609
-0.129649 0.544235 2.22899
-0.130285 0.821197 2.0696
-0.111904 0.950449 2.01624
-0.300009 0.720859 2.06823
-0.398995 0.438039 2.17776
-0.439567 0.179028 2.19492
-0.44454 0.0942496 2.17663
0.0511295 0.711095 2.09848
0.169295 0.476733 2.20835
0.242971 0.236172 2.22839
0.250737 0.148436 2.21283
-0.211013 0.260937 2.32983
-0.264929 -0.152124 2.16375
-0.261914 -0.589994 2.31241
-0.251341 -0.64361 2.21041
-0.0393694 0.26587 2.34584
0.0587294 -0.140696 2.18326
0.0658381 -0.577559 2.33445
0.101022 -0.637123 2.30083
-0.130594 0.752493 2.11138
-0.445089 -0.00145653 2.19311
-0.419375 0.0708066 2.12333
0.264679 0.0571502 2.21445
0.232078 0.112705 2.16235
-0.125185 0.283901 2.29235
-0.130145 0.586813 2.20096
-0.13276 0.875746 2.07632
-0.114927 1.00314 2.0196
-0.301681 0.759439 2.07026
-0.401802 0.494425 2.16887
-0.440004 0.227362 2.17318
-0.443368 0.146951 2.1549
0.0511765 0.753521 2.10098
0.166339 0.531178 2.20002
0.23665 0.279018 2.21162
0.244548 0.190193 2.19637
-0.20886 0.276173 2.24648
-0.256529 -0.156029 2.2369
-0.255319 -0.597005 2.37672
-0.283351 -0.653333 2.31365
-0.0373556 0.282183 2.26197
0.0535921 -0.145007 2.2204
0.0647348 -0.584564 2.364
0.102507 -0.635516 2.29721
-0.132274 0.803541 2.11067
-0.443486 0.0527439 2.16336
-0.420471 0.142925 2.11007
0.259468 0.100761 2.19628
0.226963 0.165652 2.1477
-0.123218 0.313051 2.26797
-0.131407 0.617693 2.18221
-0.138607 0.910531 2.08209
-0.118547 1.03196 2.02522
-0.31238 0.8112 2.07117
-0.404496 0.522226 2.1679
-0.440776 0.270991 2.16421
-0.450517 0.184405 2.14078
0.050757 0.799568 2.09692
0.157626 0.565286 2.19898
0.229872 0.322587 2.20878
0.242946 0.228072 2.18858
-0.203723 0.306247 2.22466
-0.239814 -0.160605 2.26754
-0.250269 -0.563167 2.38536
-0.239893 -0.610068 2.27688
-0.0385787 0.309412 2.23507
0.0258223 -0.169259 2.29551
0.0619731 -0.568188 2.38559
0.095916 -0.626682 2.30743
-0.136942 0.838873 2.10918
-0.455835 0.0936113 2.148
-0.427241 0.172861 2.09495
0.261566 0.141823 2.1855
0.226167 0.199289 2.14079
-0.123301 0.316777 2.25696
-0.132519 0.623668 2.17702
-0.140733 0.91846 2.08291
-0.12078 1.03793 2.02804
-0.314692 0.817954 2.07121
-0.406538 0.528544 2.16522
-0.446935 0.27784 2.15715
-0.458306 0.193499 2.13343
0.0496271 0.80764 2.09713
0.155385 0.572584 2.19861
0.228285 0.329899 2.20683
0.242589 0.23665 2.18896
-0.20295 0.30993 2.21409
-0.238685 -0.165081 2.28653
-0.250136 -0.564781 2.38837
-0.239562 -0.61108 2.27946
-0.039502 0.31295 2.22367
0.020407 -0.168699 2.31354
0.0650013 -0.56672 2.38821
0.0888849 -0.625113 2.31693
-0.138787 0.846368 2.10847
-0.463923 0.10206 2.1348
-0.435086 0.183237 2.08926
0.26219 0.154386 2.18462
0.226607 0.196337 2.1382
-0.123508 0.317795 2.25419
-0.133499 0.625604 2.17479
-0.142296 0.920721 2.08234
-0.121698 1.0388 2.02749
-0.31644 0.820564 2.07046
-0.408928 0.529901 2.16291
-0.449759 0.27925 2.155
-0.462545 0.192427 2.13701
0.0486835 0.810329 2.09671
0.153776 0.573801 2.19888
0.228076 0.331541 2.20727
0.241436 0.236821 2.19434
-0.202841 0.310866 2.21126
-0.238299 -0.165493 2.29713
-0.250521 -0.564831 2.39279
-0.239861 -0.611029 2.2838
-0.0400113 0.313997 2.22096
0.0145408 -0.163481 2.32568
0.0687522 -0.566038 2.39086
0.0921926 -0.624649 2.31284
-0.14024 0.848676 2.10747
-0.467838 0.101279 2.13795
-0.438112 0.180248 2.08933
0.261544 0.154886 2.18692
0.226689 0.201238 2.14244
-0.125106 0.318593 2.25695
-0.134366 0.62467 2.1731
-0.142603 0.914237 2.07317
-0.119239 1.02299 2.00322
-0.316894 0.820145 2.06318
-0.411399 0.529668 2.15872
-0.452142 0.279083 2.15549
-0.460679 0.190341 2.14165
0.0477646 0.810756 2.09405
0.151416 0.575846 2.19751
0.227115 0.332741 2.20878
0.240612 0.2327 2.19699
-0.204305 0.311613 2.21356
-0.238955 -0.165157 2.30347
-0.250436 -0.56492 2.39547
-0.238833 -0.611682 2.28699
-0.0417187 0.314856 2.22428
0.014815 -0.159333 2.32484
0.0695478 -0.563686 2.38847
0.0964404 -0.62825 2.30228
-0.140855 0.844064 2.10074
-0.467927 0.102906 2.14728
-0.437349 0.177244 2.09322
0.260215 0.154314 2.20975
0.226641 0.195165 2.14278
-0.127579 0.316413 2.27528
-0.131834 0.61728 2.16514
-0.130986 0.898269 2.02682
-0.111667 0.984271 1.96034
-0.311713 0.804599 2.04567
-0.413328 0.521082 2.15294
-0.454309 0.270936 2.15753
-0.462451 0.178705 2.15056
0.048261 0.799568 2.0837
0.152344 0.568378 2.1962
0.228317 0.32743 2.21258
0.242548 0.228054 2.206
-0.207012 0.309828 2.23018
-0.242396 -0.165007 2.30129
-0.250838 -0.565714 2.39575
-0.238018 -0.615935 2.29023
-0.0438714 0.312417 2.24432
0.0181275 -0.165119 2.32027
0.0702202 -0.564501 2.38871
0.0962627 -0.62714 2.30491
-0.131464 0.829554 2.0641
-0.471828 0.0918369 2.16058
-0.43634 0.155583 2.10692
0.258722 0.148575 2.20011
0.230545 0.183313 2.15321
-0.129981 0.305349 2.31663
-0.126707 0.590101 2.15897
-0.120023 0.850724 1.98164
-0.0994099 0.923705 1.91434
-0.302806 0.768888 2.03002
-0.413169 0.5002 2.1469
-0.459194 0.252557 2.17287
-0.468566 0.155684 2.16844
0.0536346 0.762892 2.0719
0.156601 0.54471 2.19794
0.233654 0.305497 2.22331
0.247896 0.205321 2.22211
-0.210345 0.298716 2.27168
-0.24859 -0.165139 2.30111
-0.251158 -0.56614 2.39602
-0.283463 -0.641986 2.3233
-0.0453526 0.30195 2.28544
0.0207587 -0.165584 2.3184
0.0699029 -0.565369 2.38838
0.0938397 -0.625287 2.31211
-0.121864 0.787348 2.02894
-0.480757 0.0739067 2.17825
-0.442854 0.126882 2.12472
0.261334 0.123463 2.21567
0.235917 0.153453 2.16582
-0.137415 0.329118 2.4477
-0.125043 0.561526 2.19735
-0.110756 0.770996 1.93756
-0.0840138 0.82531 1.86696
-0.294789 0.698963 2.02126
-0.41036 0.459754 2.14683
-0.465654 0.201864 2.18694
-0.474077 0.106803 2.18409
0.0603924 0.695933 2.06877
0.169715 0.489877 2.21382
0.246188 0.252394 2.24791
0.260791 0.154575 2.24543
-0.223568 0.324274 2.40531
-0.257521 -0.16506 2.29847
-0.251617 -0.566499 2.39641
-0.286077 -0.64538 2.31647
-0.0470473 0.323738 2.41407
0.0274171 -0.164932 2.31872
0.0652031 -0.568243 2.3932
0.0950405 -0.625565 2.30759
-0.114658 0.722048 2.00655
-0.48764 0.0215175 2.19339
-0.447041 0.0674193 2.13922
0.278821 0.0711989 2.24873
0.249086 0.104484 2.18994
-0.143657 0.308346 2.51586
-0.125266 0.490924 2.22691
-0.105787 0.655721 1.92314
-0.0741626 0.699019 1.8542
-0.28672 0.592766 2.03222
-0.40911 0.389075 2.153
-0.472802 0.12887 2.21295
-0.483492 0.030298 2.21932
0.0639011 0.596882 2.07838
0.180139 0.410229 2.23366
0.264109 0.175755 2.28113
0.281263 0.078891 2.28393
-0.234095 0.300482 2.46779
-0.26436 -0.171581 2.28571
-0.252575 -0.571432 2.39388
-0.286311 -0.645468 2.31624
-0.048882 0.306871 2.48777
0.0430199 -0.166495 2.31059
0.0710744 -0.565773 2.38933
0.0997786 -0.626922 2.30866
-0.110862 0.616473 2.00199
-0.49829 -0.0519325 2.23841
-0.455794 -0.00638098 2.17696
0.301233 0.00122922 2.2777
0.269812 0.0257739 2.23184
-0.151761 0.295348 2.55941
-0.129001 0.439556 2.25021
-0.105299 0.565985 1.92676
-0.0665877 0.605532 1.86062
-0.282395 0.516904 2.05281
-0.415315 0.313767 2.18524
-0.47547 0.0772969 2.2378
-0.491116 -0.0201306 2.25006
0.0603903 0.515497 2.09712
0.192571 0.341078 2.26135
0.276966 0.10863 2.31253
0.294126 0.0124698 2.31596
-0.246226 0.288281 2.50908
-0.273328 -0.183925 2.26175
-0.253443 -0.572495 2.38852
-0.286858 -0.645933 2.31524
-0.0527361 0.29356 2.5336
0.0554403 -0.17501 2.27793
0.0708476 -0.565173 2.3864
0.0971767 -0.627371 2.31601
-0.11142 0.536188 2.0105
-0.506083 -0.10249 2.2651
-0.463398 -0.072365 2.20795
0.31428 -0.0665049 2.31642
0.28154 -0.0336167 2.2649
-0.151383 0.274139 2.6001
-0.129066 0.381573 2.27814
-0.105789 0.482154 1.94106
-0.0649449 0.516868 1.87626
-0.291602 0.445222 2.07211
-0.414819 0.271262 2.19096
-0.488413 -0.00539313 2.26613
-0.499037 -0.0959245 2.27861
0.0573144 0.43814 2.12036
0.202601 0.261208 2.2836
0.297061 -0.00254053 2.34885
0.308996 -0.0947393 2.35067
-0.245156 0.269877 2.55105
-0.271868 -0.145257 2.24459
-0.252256 -0.578089 2.38639
-0.277292 -0.647112 2.31975
-0.0531092 0.270346 2.57282
0.0628001 -0.162641 2.25778
0.0628749 -0.568628 2.38612
0.095093 -0.628525 2.31228
-0.111734 0.457938 2.02786
-0.515898 -0.178759 2.29949
-0.472054 -0.145724 2.23606
0.321288 -0.182487 2.38469
0.293468 -0.113588 2.29942
-0.145198 0.228527 2.63101
-0.126143 0.322621 2.30579
-0.106733 0.411163 1.96848
-0.0672273 0.446393 1.90462
-0.292603 0.371763 2.10322
-0.423492 0.17811 2.2242
-0.489714 -0.0622649 2.28413
-0.505915 -0.159671 2.29623
0.0644237 0.376681 2.13816
0.210955 0.193269 2.31207
0.303232 -0.0318611 2.36416
0.315319 -0.128487 2.37078
-0.241018 0.222856 2.5853
-0.278984 -0.166472 2.22163
-0.250124 -0.579748 2.38257
-0.272676 -0.644835 2.31995
-0.0451774 0.227487 2.60029
0.0665833 -0.182953 2.24244
0.0549625 -0.575744 2.39304
0.0924762 -0.628267 2.3153
-0.11169 0.389978 2.05515
-0.525858 -0.237078 2.31272
-0.478782 -0.219585 2.251
0.335583 -0.206087 2.37305
0.299557 -0.160328 2.32154
-0.136085 -0.00588007 2.6375
-0.125043 0.167418 2.33707
-0.112967 0.344449 2.01528
-0.0745007 0.389526 1.95265
-0.283794 0.29956 2.13367
-0.420811 0.109326 2.24637
-0.503805 -0.197624 2.31128
-0.513016 -0.268241 2.31519
0.0649126 0.297409 2.17519
0.221046 0.104174 2.34308
0.31753 -0.142105 2.39144
0.332545 -0.234258 2.39134
-0.219261 -0.00502174 2.59497
-0.280124 -0.210898 2.18647
-0.246274 -0.579519 2.37718
-0.273527 -0.648934 2.32764
-0.0489434 -0.00656713 2.60319
0.0756075 -0.216791 2.2123
0.061847 -0.575296 2.37407
0.0951414 -0.632055 2.31425
-0.116465 0.299288 2.10261
-0.527674 -0.360112 2.33993
-0.486615 -0.309217 2.2684
0.350095 -0.321424 2.41402
0.319175 -0.261141 2.33613
-0.134264 -0.0435961 2.65399
-0.1185 0.145018 2.36536
-0.101003 0.328561 2.06773
-0.080447 0.380083 2.00401
-0.274513 0.276483 2.15698
-0.416535 0.0750443 2.25524
-0.501312 -0.213636 2.31758
-0.512364 -0.307179 2.32442
0.0706926 0.257926 2.20813
0.215099 0.074294 2.35019
0.311756 -0.148387 2.40152
0.326802 -0.250573 2.40499
-0.218887 -0.0403414 2.61014
-0.271899 -0.19672 2.17795
-0.245888 -0.579235 2.37247
-0.277147 -0.646767 2.31828
-0.0457416 -0.0456035 2.62104
0.0738112 -0.2048 2.20385
0.0404308 -0.583698 2.39208
0.100915 -0.634773 2.30058
-0.10563 0.28343 2.14421
-0.531016 -0.392383 2.34153
-0.486034 -0.352659 2.28144
0.351933 -0.327197 2.40242
0.312825 -0.308559 2.354
-0.145112 -0.0860091 2.66039
-0.122684 0.129277 2.39996
-0.101926 0.334179 2.1303
-0.0824461 0.400269 2.07403
-0.275708 0.265531 2.1954
-0.413119 0.0495104 2.27871
-0.493379 -0.226131 2.32964
-0.505076 -0.322978 2.33449
0.0659701 0.25116 2.24265
0.207006 0.0477875 2.37645
0.315371 -0.218247 2.41953
0.322858 -0.306838 2.41389
-0.230256 -0.0822507 2.61578
-0.27261 -0.205893 2.17139
-0.244575 -0.579789 2.36813
-0.277174 -0.645569 2.3138
-0.0554642 -0.0870269 2.62845
0.073796 -0.2064 2.20042
0.039292 -0.585378 2.39317
0.0999418 -0.63417 2.29671
-0.107129 0.283688 2.19997
-0.52206 -0.406583 2.3493
-0.477163 -0.371995 2.284
0.339406 -0.393621 2.42949
0.30386 -0.322 2.36279
-0.144183 -0.0913688 2.66729
-0.124691 0.134801 2.42901
-0.106184 0.362695 2.1858
-0.0850455 0.436634 2.13248
-0.27491 0.274526 2.23915
-0.407027 0.0513816 2.31582
-0.481158 -0.225517 2.34952
-0.493449 -0.321718 2.35504
0.0589073 0.264394 2.29059
0.199347 0.0450618 2.4012
0.305896 -0.221237 2.43547
0.309119 -0.313329 2.43342
-0.232085 -0.0873832 2.62271
-0.272252 -0.206028 2.17667
-0.24456 -0.579859 2.3684
-0.27696 -0.644854 2.31205
-0.0518545 -0.0928989 2.63549
0.0729686 -0.20695 2.20456
0.0387432 -0.583269 2.39212
0.096076 -0.628705 2.30156
-0.110897 0.30616 2.24874
-0.506303 -0.403042 2.36263
-0.463771 -0.354408 2.30829
0.324095 -0.403345 2.44946
0.287883 -0.339562 2.37545
-0.142993 -0.151587 2.60871
-0.125434 0.127448 2.43219
-0.108395 0.387823 2.23792
-0.088302 0.471858 2.19014
-0.274734 0.286708 2.28213
-0.402559 0.0547195 2.34791
-0.471807 -0.226304 2.3749
-0.479959 -0.324679 2.37888
0.0560706 0.279349 2.3237
0.190836 0.0469044 2.42928
0.295275 -0.229069 2.45425
0.29523 -0.31713 2.44815
-0.233518 -0.145111 2.56494
-0.280482 -0.214981 2.1089
-0.245786 -0.579195 2.36861
-0.276842 -0.643982 2.31413
-0.0482628 -0.153646 2.57576
0.0996398 -0.214219 2.14106
0.0426837 -0.582411 2.39658
0.0960468 -0.627255 2.30107
-0.112984 0.321892 2.28666
-0.492344 -0.405234 2.38088
-0.45125 -0.367811 2.32663
0.307095 -0.397021 2.45321
0.273714 -0.344996 2.38933
-0.141856 -0.1681 2.60542
-0.130935 0.0998828 2.46372
-0.121571 0.366908 2.31732
-0.0984037 0.460893 2.25224
-0.276516 0.292585 2.29528
-0.400671 0.0545542 2.36266
-0.465124 -0.224788 2.38578
-0.469766 -0.324781 2.38813
0.054428 0.284763 2.33894
0.188018 0.0477713 2.44174
0.289998 -0.231715 2.46105
0.289346 -0.318625 2.45062
-0.227351 -0.164075 2.56229
-0.283601 -0.210617 2.10422
-0.246569 -0.579894 2.36916
-0.277117 -0.64418 2.31409
-0.0514978 -0.168479 2.57178
0.106092 -0.211252 2.13838
0.0442727 -0.583874 2.39311
0.0916591 -0.626963 2.30825
-0.124189 0.300508 2.35726
-0.480402 -0.410647 2.39879
-0.440704 -0.36083 2.33756
0.301212 -0.405653 2.45719
0.269306 -0.342253 2.39146
-0.141751 -0.173462 2.60474
-0.130853 0.0994849 2.46418
-0.120795 0.367071 2.31643
-0.0993839 0.466384 2.25452
-0.277461 0.29469 2.29876
-0.400239 0.0550221 2.36679
-0.460004 -0.223649 2.39187
-0.463112 -0.320025 2.387
0.0530554 0.287092 2.34274
0.186934 0.0490937 2.44475
0.286994 -0.229635 2.46443
0.286633 -0.314858 2.44906
-0.22589 -0.168827 2.56213
-0.284429 -0.207718 2.10361
-0.247619 -0.579561 2.3691
-0.277469 -0.644241 2.31317
-0.0530977 -0.173692 2.57065
0.109125 -0.209638 2.13837
0.0444918 -0.583168 2.39562
0.0940551 -0.627009 2.30512
-0.123612 0.30067 2.35659
-0.471635 -0.400974 2.39039
-0.434301 -0.354051 2.33885
0.298095 -0.404407 2.45997
0.263647 -0.336652 2.39358
-0.141205 -0.15871 2.60698
-0.1284 0.121983 2.43358
-0.114422 0.393836 2.23766
-0.0979708 0.486814 2.19442
-0.280697 0.288103 2.28207
-0.400887 0.050361 2.35359
-0.457391 -0.226076 2.37967
-0.463449 -0.323677 2.36201
0.047306 0.279968 2.32136
0.186899 0.0476983 2.4323
0.287154 -0.232341 2.45961
0.291649 -0.321676 2.43447
-0.229864 -0.153256 2.56507
-0.282557 -0.209629 2.10772
-0.248021 -0.579659 2.36976
-0.277459 -0.643704 2.31111
-0.0483931 -0.158853 2.57231
0.106577 -0.210382 2.13895
0.0656205 -0.570719 2.36452
0.0953687 -0.627768 2.30094
-0.117977 0.327996 2.28841
-0.469815 -0.403271 2.36084
-0.4353 -0.362633 2.31582
0.302078 -0.406063 2.44889
0.266881 -0.346815 2.37937
-0.139611 -0.154597 2.60943
-0.132202 0.10553 2.43621
-0.128381 0.349458 2.24169
-0.111464 0.451852 2.18117
-0.285723 0.281523 2.22704
-0.406869 0.0363022 2.31047
-0.458215 -0.230859 2.34125
-0.465213 -0.326259 2.32222
0.0426705 0.276562 2.27104
0.185371 0.0505641 2.38942
0.289433 -0.22771 2.42742
0.297294 -0.316477 2.40612
-0.224867 -0.150836 2.56849
-0.279848 -0.210289 2.11184
-0.246288 -0.579774 2.36744
-0.277456 -0.643282 2.31182
-0.0497373 -0.153501 2.57411
0.102229 -0.213142 2.14074
0.0388702 -0.586419 2.39648
0.0961937 -0.626817 2.29923
-0.129545 0.289323 2.29369
-0.47056 -0.403379 2.32291
-0.435415 -0.360984 2.27422
0.30979 -0.406027 2.41975
0.273864 -0.340725 2.34875
-0.137764 -0.114376 2.59718
-0.136886 0.1351 2.40478
-0.135171 0.365119 2.19046
-0.117175 0.468121 2.12985
-0.291632 0.292338 2.1782
-0.408662 0.0434033 2.2661
-0.463509 -0.234436 2.29318
-0.472031 -0.322952 2.27732
0.0370544 0.284684 2.22258
0.178578 0.0724972 2.33561
0.295893 -0.222261 2.38806
0.30257 -0.308886 2.36908
-0.222354 -0.110994 2.55812
-0.26482 -0.225667 2.11123
-0.2385 -0.578758 2.36575
-0.277038 -0.643085 2.31103
-0.0491058 -0.114352 2.55949
0.0867202 -0.223537 2.13073
0.0484374 -0.576944 2.37664
0.091576 -0.628593 2.30113
-0.134664 0.310609 2.24439
-0.482634 -0.409206 2.28921
-0.443666 -0.343291 2.23135
0.315043 -0.40365 2.39537
0.279595 -0.331822 2.31254
-0.139851 -0.0554396 2.5687
-0.140542 0.187757 2.36146
-0.145647 0.417115 2.13972
-0.127455 0.521327 2.07832
-0.301419 0.34745 2.12872
-0.414483 0.0915979 2.22038
-0.464068 -0.170258 2.24784
-0.471216 -0.269619 2.2421
0.0276292 0.339557 2.17607
0.174649 0.125591 2.28373
0.26891 -0.103716 2.31401
0.289154 -0.197499 2.31809
-0.220892 -0.0542767 2.52915
-0.257055 -0.233724 2.1046
-0.236953 -0.57584 2.36483
-0.27695 -0.642684 2.30979
-0.054654 -0.0550624 2.53136
0.0749555 -0.23042 2.12427
0.043947 -0.576524 2.37773
0.0858471 -0.630183 2.31267
-0.143542 0.360653 2.19447
-0.47846 -0.355165 2.25613
-0.443014 -0.297204 2.19533
0.307626 -0.275431 2.31584
0.267717 -0.227559 2.27071
-0.146512 0.0202674 2.5367
-0.147451 0.256816 2.32581
-0.148417 0.495941 2.10839
-0.135304 0.608012 2.04963
-0.310347 0.417767 2.10521
-0.419012 0.159242 2.20292
-0.46024 -0.104053 2.23838
-0.471563 -0.197057 2.23545
0.0212135 0.416167 2.14426
0.161016 0.203748 2.25516
0.258805 -0.0465784 2.29373
0.273315 -0.13865 2.28644
-0.230493 0.0180146 2.49393
-0.259972 -0.226373 2.10437
-0.236853 -0.57428 2.36667
-0.278658 -0.643739 2.31087
-0.0583938 0.0220638 2.50203
0.069462 -0.225083 2.13585
0.0391944 -0.574109 2.37997
0.0886519 -0.628814 2.30754
-0.147858 0.437417 2.16351
-0.481781 -0.2869 2.26264
-0.44404 -0.21853 2.18853
0.289117 -0.223177 2.29998
0.252693 -0.171439 2.23515
-0.153681 0.124763 2.49493
-0.154884 0.372352 2.29456
-0.154919 0.611663 2.08177
-0.141704 0.727763 2.02258
-0.319244 0.519341 2.08245
-0.422379 0.251938 2.19523
-0.469574 -0.0184486 2.23086
-0.471021 -0.0936899 2.23123
0.0168076 0.51539 2.1222
0.158865 0.289873 2.24336
0.243488 0.0561357 2.27597
0.256486 -0.0336848 2.26835
-0.236275 0.121271 2.45112
-0.269559 -0.19699 2.12351
-0.250533 -0.619295 2.30675
-0.286216 -0.650488 2.32349
-0.0663609 0.124494 2.462
0.0598107 -0.185503 2.15017
0.0619774 -0.612081 2.32498
0.116812 -0.64884 2.31632
-0.155119 0.553264 2.13722
-0.480681 -0.181538 2.2561
-0.441956 -0.126865 2.18253
0.267757 -0.115781 2.27714
0.238127 -0.0718736 2.217
-0.144837 0.209304 2.38938
-0.154784 0.473288 2.233
-0.16284 0.721508 2.06488
-0.149012 0.849391 2.01259
-0.334214 0.624758 2.06937
-0.429227 0.343498 2.20029
-0.467747 0.0962614 2.22535
-0.464609 0.00676481 2.21894
0.0135852 0.630416 2.10072
0.139396 0.414339 2.21841
0.225881 0.153261 2.25722
0.23662 0.0584306 2.25004
-0.229275 0.200361 2.34345
-0.26761 -0.218513 2.19453
-0.247366 -0.570138 2.37046
-0.260311 -0.639859 2.3319
-0.0557681 0.211544 2.35879
0.0374065 -0.201805 2.21946
0.0578333 -0.564537 2.3729
0.0999004 -0.63059 2.30086
-0.161271 0.662277 2.10935
-0.474651 -0.0831186 2.24219
-0.433764 -0.0246389 2.17411
0.249947 -0.0270855 2.26177
0.218607 0.0253567 2.19948
-0.152079 0.296835 2.36013
-0.160353 0.57444 2.21705
-0.167743 0.841084 2.05951
-0.155364 0.973813 2.00787
-0.345414 0.742443 2.06217
-0.426665 0.466271 2.18161
-0.461842 0.202129 2.20473
-0.462971 0.116882 2.19405
0.0142782 0.742467 2.08812
0.130862 0.520539 2.20491
0.210383 0.257463 2.24434
0.218284 0.169964 2.23213
-0.233041 0.292366 2.31908
-0.26541 -0.166037 2.22914
-0.249323 -0.569163 2.37914
-0.23921 -0.623119 2.27679
-0.0655767 0.292717 2.32695
0.0240609 -0.168894 2.25292
0.0628482 -0.561884 2.37177
0.10264 -0.630314 2.29885
-0.166097 0.777767 2.1009
-0.4709 0.0333469 2.20924
-0.434695 0.0923878 2.148
0.229806 0.0753775 2.24126
0.198387 0.137506 2.18053
-0.149425 0.310972 2.29081
-0.159794 0.606718 2.18842
-0.168742 0.892004 2.06962
-0.155848 1.01863 2.01202
-0.346952 0.78742 2.06909
-0.42752 0.505205 2.18408
-0.460553 0.251352 2.1916
-0.466184 0.161271 2.17669
0.0172313 0.783331 2.08993
0.130588 0.553737 2.20737
0.202526 0.305355 2.23239
0.212106 0.214144 2.22109
-0.230287 0.302159 2.24861
-0.259947 -0.164722 2.25941
-0.250381 -0.561425 2.386
-0.241095 -0.610332 2.27899
-0.0636323 0.309525 2.25671
0.0178436 -0.164019 2.27142
0.0650404 -0.559613 2.37524
0.0974093 -0.626223 2.30597
-0.166697 0.821882 2.10111
-0.472966 0.0692769 2.1928
-0.439929 0.152116 2.12572
0.216922 0.124592 2.24428
0.191345 0.183574 2.16225
-0.146799 0.323248 2.26259
-0.158471 0.624678 2.17876
-0.168274 0.91755 2.07887
-0.153725 1.04398 2.02863
-0.346298 0.812755 2.07537
-0.427852 0.525738 2.18229
-0.463805 0.27438 2.17858
-0.472842 0.191091 2.15512
0.0209384 0.809202 2.09391
0.132822 0.56767 2.21247
0.202743 0.324643 2.22731
0.214147 0.227404 2.20759
-0.226561 0.31521 2.22015
-0.254192 -0.162119 2.27801
-0.250436 -0.564563 2.39091
-0.254018 -0.638942 2.33666
-0.0620623 0.320419 2.22893
0.00568162 -0.169978 2.31137
0.0670296 -0.558409 2.37972
0.0903424 -0.621449 2.31442
-0.166047 0.845588 2.10533
-0.481338 0.0986846 2.16754
-0.451028 0.177108 2.10156
0.221594 0.142618 2.23031
0.198231 0.211861 2.15186
-0.144398 0.325882 2.24571
-0.155911 0.632125 2.17371
-0.164882 0.928781 2.08546
-0.150873 1.05399 2.04003
-0.345312 0.824113 2.08103
-0.429463 0.535319 2.17919
-0.469807 0.284504 2.16844
-0.47899 0.200783 2.14142
0.0247677 0.81683 2.0998
0.133969 0.57244 2.21566
0.204542 0.328926 2.22365
0.216295 0.236296 2.19505
-0.2232 0.31786 2.20344
-0.250549 -0.161432 2.29358
-0.250571 -0.564878 2.39264
-0.241472 -0.610648 2.28319
-0.0607072 0.322872 2.21193
0.00401289 -0.173262 2.32686
0.0687382 -0.557097 2.38338
0.094117 -0.622557 2.30771
-0.162995 0.855934 2.10891
-0.486571 0.108227 2.15169
-0.456745 0.188631 2.09141
0.22831 0.149909 2.19206
0.214014 0.178103 2.24349
-0.140013 0.323254 2.23302
-0.152024 0.634417 2.16977
-0.160871 0.933687 2.09055
-0.14408 1.05928 2.04922
-0.340171 0.827452 2.08275
-0.426895 0.54052 2.17169
-0.471397 0.290438 2.1565
-0.480093 0.20078 2.13512
0.029706 0.820291 2.10394
0.135553 0.574449 2.21567
0.208034 0.330854 2.21279
0.218921 0.241431 2.18064
-0.21865 0.315671 2.19089
-0.24631 -0.161398 2.30515
-0.251176 -0.565485 2.39568
-0.280885 -0.64208 2.31854
-0.0565981 0.319818 2.19906
0.00280754 -0.151189 2.33183
0.0703105 -0.557382 2.39068
0.0990149 -0.623294 2.30457
-0.159137 0.860325 2.11178
-0.488684 0.114277 2.14487
-0.464696 0.190365 2.08171
0.232473 0.153922 2.16884
0.217433 0.177419 2.23543
-0.136012 0.321993 2.22893
-0.147409 0.635098 2.16693
-0.15692 0.935171 2.09102
-0.138743 1.05969 2.04943
-0.334842 0.829029 2.08104
-0.423566 0.541107 2.16646
-0.467721 0.290987 2.14854
-0.471174 0.201826 2.12881
0.0340106 0.820774 2.10556
0.138589 0.574368 2.21378
0.211174 0.33066 2.20553
0.22404 0.239958 2.1773
-0.214377 0.314575 2.18598
-0.245228 -0.161916 2.30615
-0.251271 -0.566012 2.39766
-0.240667 -0.610795 2.28763
-0.0529945 0.318443 2.19577
0.0084132 -0.166409 2.33478
0.0706456 -0.558393 2.39233
0.0881594 -0.623521 2.32545
-0.154927 0.861847 2.11172
-0.481737 0.114396 2.14039
-0.452225 0.187541 2.07521
0.237322 0.153968 2.16505
0.223234 0.174997 2.2191
-0.132373 0.321605 2.227
-0.143069 0.634912 2.16402
-0.152663 0.934844 2.08865
-0.132442 1.0575 2.04535
-0.328671 0.828992 2.07716
-0.41896 0.541987 2.16025
-0.464096 0.291931 2.14582
-0.466224 0.203913 2.12661
0.0394972 0.819848 2.10372
0.142316 0.573482 2.21181
0.214128 0.329506 2.20282
0.228989 0.238879 2.17893
-0.210834 0.314346 2.18369
-0.244022 -0.162738 2.30612
-0.251175 -0.566172 2.39834
-0.240122 -0.610938 2.28837
-0.0493619 0.317891 2.19419
0.00970516 -0.168494 2.33472
0.0705127 -0.558854 2.39233
0.0970765 -0.623366 2.30883
-0.150569 0.861694 2.10935
-0.476833 0.11424 2.14388
-0.447773 0.184583 2.07508
0.241944 0.154387 2.17175
0.227571 0.171794 2.2077
-0.128454 0.321208 2.22589
-0.138961 0.634142 2.16163
-0.148387 0.933447 2.08545
-0.126676 1.0553 2.04056
-0.324504 0.828337 2.07406
-0.415957 0.541461 2.1581
-0.460487 0.291258 2.14533
-0.463365 0.202903 2.12704
0.0436387 0.820241 2.10219
0.145971 0.571716 2.21142
0.217062 0.327533 2.20296
0.232073 0.237137 2.17876
-0.206726 0.314053 2.18265
-0.242486 -0.163314 2.30653
-0.251349 -0.565771 2.39869
-0.241849 -0.637932 2.34713
-0.0457672 0.3174 2.19304
0.00907569 -0.151449 2.32899
0.070856 -0.559601 2.39255
0.0943928 -0.624275 2.31211
-0.146293 0.860541 2.10644
-0.472617 0.114461 2.1362
-0.442789 0.186572 2.07707
0.243955 0.148481 2.17138
0.22886 0.219847 2.18338
-0.125133 0.32046 2.22411
-0.136041 0.633297 2.15937
-0.145844 0.932395 2.08298
-0.124363 1.05385 2.03825
-0.321717 0.828076 2.07126
-0.414113 0.540149 2.15718
-0.457719 0.289777 2.14395
-0.45886 0.202489 2.12717
0.0453196 0.820047 2.10114
0.14933 0.569197 2.21093
0.219425 0.324738 2.2026
0.233764 0.233882 2.18077
-0.203145 0.313308 2.1805
-0.240514 -0.164174 2.30636
-0.251944 -0.570939 2.39846
-0.240096 -0.615703 2.28864
-0.0428139 0.316665 2.19159
0.013319 -0.149898 2.32818
0.0706125 -0.55981 2.39261
0.0984388 -0.624912 2.3099
-0.143639 0.859576 2.10405
-0.469501 0.113468 2.12971
-0.447226 0.162276 2.091
0.2452 0.145534 2.1766
0.234408 0.169023 2.21374
-0.120441 0.319271 2.22076
-0.132269 0.632483 2.15652
-0.142906 0.931838 2.08082
-0.121261 1.05237 2.03586
-0.318561 0.827623 2.06957
-0.410658 0.537651 2.15578
-0.453445 0.287129 2.14309
-0.455028 0.198791 2.127
0.0491207 0.819305 2.09992
0.152157 0.567556 2.21071
0.222828 0.323285 2.20286
0.234768 0.233972 2.18174
-0.198856 0.312186 2.17782
-0.239447 -0.165795 2.29261
-0.2517 -0.567617 2.39907
-0.282545 -0.640337 2.31753
-0.0378768 0.31543 2.18757
0.0171044 -0.148171 2.32726
0.0706873 -0.562383 2.39369
0.0994674 -0.625011 2.30599
-0.140474 0.858983 2.10175
-0.464186 0.107948 2.13605
-0.436509 0.188726 2.07788
0.247753 0.147412 2.17813
0.235129 0.169709 2.21793
-0.117091 0.317865 2.21706
-0.129716 0.631554 2.1547
-0.140882 0.931191 2.08045
-0.119353 1.05138 2.03507
-0.31682 0.827236 2.06908
-0.409056 0.535915 2.15571
-0.450388 0.285138 2.1434
-0.453909 0.196996 2.1278
0.0511726 0.818284 2.09927
0.153327 0.568165 2.20931
0.223808 0.32384 2.20185
0.23566 0.235871 2.18104
-0.195693 0.310786 2.17448
-0.238972 -0.166477 2.28429
-0.251985 -0.56499 2.39868
-0.285755 -0.642203 2.31493
-0.0344624 0.314049 2.18352
0.0197134 -0.152002 2.32853
0.0710838 -0.56295 2.39364
0.0995779 -0.624038 2.30579
-0.138347 0.858289 2.10104
-0.46358 0.107631 2.12899
-0.432452 0.190909 2.08048
0.249012 0.148109 2.17093
0.223526 0.22187 2.20537
-0.114347 0.316875 2.2136
-0.127773 0.630704 2.15329
-0.139537 0.930471 2.08058
-0.118047 1.05096 2.03525
-0.315578 0.826819 2.06913
-0.407765 0.53507 2.15529
-0.448263 0.284149 2.14315
-0.452062 0.196134 2.1255
0.053093 0.817164 2.09812
0.154166 0.568493 2.2071
0.224617 0.324173 2.20066
0.235546 0.234431 2.1788
-0.192971 0.30953 2.17101
-0.23724 -0.167476 2.28569
-0.251989 -0.562447 2.39764
-0.240317 -0.607044 2.28755
-0.0317879 0.313327 2.18007
0.0220674 -0.152372 2.32796
0.0708469 -0.563094 2.39399
0.100268 -0.623782 2.30532
-0.136891 0.85756 2.10084
-0.460318 0.106721 2.13003
-0.441774 0.156659 2.092
0.247081 0.14772 2.17027
0.235445 0.164599 2.22154
