-0.15619 0.014983 2.22667
-0.173483 0.308113 2.19083
-0.189275 0.590688 2.14262
-0.190315 0.73767 2.12115
-0.343485 0.456235 2.13434
-0.379054 0.202223 2.16562
-0.431103 -0.0114248 2.14262
-0.429868 -0.0397356 2.13854
-0.0198207 0.47867 2.16088
0.0489061 0.221024 2.19897
0.131483 0.0165357 2.19378
0.126641 -0.00525397 2.18603
-0.225238 0.0114879 2.18512
-0.212366 -0.27981 2.28117
-0.195735 -0.598816 2.37565
-0.208099 -0.683198 2.30613
-0.0821579 0.0180592 2.19683
-0.0714552 -0.291887 2.29559
-0.0614014 -0.577776 2.36655
-0.0386686 -0.672575 2.29106
-0.185554 0.521557 2.15682
-0.434789 -0.112019 2.14985
-0.452426 -0.0517734 2.12533
0.141689 -0.0879188 2.20143
0.146741 -0.0195037 2.17917
-0.155889 0.0147877 2.22637
-0.173029 0.307823 2.19027
-0.188665 0.590347 2.14191
-0.189535 0.737604 2.12006
-0.343192 0.456117 2.13403
-0.378566 0.202255 2.16523
-0.431234 -0.0112231 2.14202
-0.430546 -0.0404399 2.13716
-0.0192403 0.478241 2.16033
0.049042 0.221054 2.19871
0.131673 0.0165652 2.19277
0.127431 -0.00490978 2.18643
-0.22499 0.0113445 2.18489
-0.212429 -0.27994 2.28113
-0.195467 -0.599707 2.37687
-0.208662 -0.683989 2.30484
-0.0818197 0.0178091 2.19651
-0.0713229 -0.291694 2.2955
-0.0613858 -0.578829 2.36663
-0.0385788 -0.672516 2.29088
-0.184987 0.521222 2.15614
-0.432802 -0.113557 2.15366
-0.447217 -0.0528866 2.1058
0.144213 -0.0871885 2.20485
0.142892 0.0137331 2.17867
-0.155665 0.0146091 2.22622
-0.172677 0.307661 2.18994
-0.18818 0.590179 2.14132
-0.189047 0.737326 2.11937
-0.343105 0.456029 2.13405
-0.378128 0.202382 2.16532
-0.430481 -0.0111491 2.14159
-0.430265 -0.0397923 2.14091
-0.0187188 0.47794 2.15954
0.0489974 0.221443 2.19832
0.131502 0.016916 2.19294
0.125846 -0.0045167 2.1862
-0.224823 0.0111594 2.18473
-0.212115 -0.279532 2.28083
-0.195532 -0.598405 2.3779
-0.208122 -0.683064 2.30554
-0.0815483 0.0176295 2.19639
-0.0711411 -0.291633 2.29545
-0.0607419 -0.577571 2.36617
-0.0393308 -0.672485 2.29305
-0.18454 0.521054 2.15563
-0.433519 -0.112739 2.15417
-0.449059 -0.0535079 2.11206
0.144157 -0.0871606 2.20399
0.143212 0.000642765 2.17614
-0.155732 0.0143736 2.22606
-0.172519 0.307502 2.18971
-0.187721 0.59007 2.141
-0.188458 0.736799 2.1183
-0.342912 0.455919 2.13409
-0.377672 0.202364 2.16537
-0.430531 -0.0110627 2.14207
-0.430162 -0.0394181 2.14233
-0.0183057 0.477473 2.159
0.0492749 0.221106 2.19787
0.131437 0.0164591 2.19302
0.125494 -0.00686004 2.18429
-0.224894 0.0110247 2.18474
-0.211952 -0.279526 2.28082
-0.195669 -0.598682 2.37757
-0.20795 -0.682694 2.30553
-0.0816106 0.0172197 2.19594
-0.0708936 -0.291697 2.29554
-0.0611509 -0.579397 2.36643
-0.0394554 -0.672507 2.29176
-0.184177 0.520927 2.15533
-0.436054 -0.112344 2.15605
-0.455244 -0.0400525 2.1233
0.141295 -0.0910062 2.20324
0.14347 0.0131598 2.16927
-0.155477 0.0141791 2.22579
-0.171991 0.30725 2.18921
-0.186892 0.589788 2.14028
-0.188106 0.736498 2.11765
-0.342636 0.456001 2.13412
-0.376951 0.202394 2.16559
-0.430568 -0.0108862 2.14322
-0.430176 -0.0410564 2.14488
-0.0179445 0.47732 2.15808
0.0491431 0.221685 2.19705
0.131289 0.0170024 2.19143
0.126332 -0.00676057 2.18262
-0.224697 0.0108474 2.18461
-0.211795 -0.279585 2.28065
-0.195401 -0.599172 2.37831
-0.208149 -0.6831 2.3058
-0.0812882 0.0170291 2.19559
-0.0705936 -0.291932 2.29545
-0.0612622 -0.580908 2.36698
-0.0394729 -0.672602 2.29114
-0.183429 0.520646 2.15465
-0.433515 -0.114822 2.15721
-0.451205 -0.0463221 2.12669
0.142154 -0.0913024 2.19985
0.144448 0.00704076 2.17128
-0.155527 0.0141171 2.22558
-0.171829 0.307135 2.18899
-0.186548 0.589622 2.14008
-0.187729 0.736488 2.11744
-0.342474 0.45577 2.13446
-0.376643 0.202373 2.16584
-0.430606 -0.0108708 2.14458
-0.431479 -0.0394148 2.14595
-0.0177309 0.477275 2.1575
0.0494914 0.221562 2.19662
0.131467 0.0167967 2.19049
0.127051 -0.00665418 2.18187
-0.224804 0.0108177 2.18444
-0.211752 -0.279172 2.28046
-0.195434 -0.597839 2.37727
-0.209036 -0.6826 2.30934
-0.0812826 0.0169497 2.19536
-0.0705204 -0.291943 2.2954
-0.061618 -0.581285 2.36712
-0.0393298 -0.672242 2.29095
-0.183147 0.520494 2.15444
-0.435246 -0.109488 2.15783
-0.446794 -0.0241044 2.1475
0.144633 -0.0903599 2.19813
0.143987 0.0204313 2.175
-0.155502 0.0140816 2.22545
-0.1712 0.307215 2.18895
-0.184497 0.589971 2.1404
-0.176884 0.736517 2.11831
-0.340679 0.456909 2.13452
-0.376968 0.203 2.16573
-0.431234 -0.010149 2.1441
-0.434316 -0.0380454 2.14339
-0.0158541 0.476119 2.15734
0.0494678 0.221623 2.19641
0.131733 0.0169641 2.18992
0.12655 -0.0080314 2.18124
-0.224768 0.0108536 2.18396
-0.212296 -0.278497 2.27997
-0.195979 -0.597891 2.37634
-0.208781 -0.68282 2.30625
-0.0812174 0.0168498 2.19555
-0.070611 -0.292037 2.29547
-0.0616187 -0.581059 2.36706
-0.0397981 -0.672576 2.29177
-0.181504 0.520763 2.15464
-0.43744 -0.108567 2.15752
-0.41532 -0.0477028 2.14482
0.145683 -0.0922048 2.20113
0.141699 0.0243347 2.17033
-0.154766 0.0132049 2.22515
-0.165778 0.305952 2.18854
-0.172646 0.588822 2.14015
-0.12783 0.729179 2.12339
-0.324091 0.467372 2.12731
-0.382551 0.20968 2.16256
-0.440734 -0.00247565 2.14217
-0.449555 -0.026233 2.13686
-0.0022066 0.463969 2.16405
0.0474523 0.2152 2.19748
0.124375 0.00851271 2.19195
0.117229 -0.0248781 2.18639
-0.223369 0.0102712 2.18039
-0.215483 -0.278793 2.2792
-0.197988 -0.59701 2.37496
-0.207943 -0.683476 2.30496
-0.0803431 0.0146775 2.19808
-0.0730149 -0.295693 2.29607
-0.0626411 -0.582837 2.36774
-0.0395748 -0.673556 2.29412
-0.171284 0.519555 2.15435
-0.455433 -0.0952004 2.15304
-0.467517 -0.0199097 2.10426
0.13889 -0.11021 2.20498
0.132796 -0.0125734 2.1745
-0.153594 0.0102011 2.22556
-0.157424 0.302187 2.18916
-0.155813 0.584512 2.14089
-0.0889415 0.71778 2.13129
-0.310562 0.472357 2.12222
-0.390461 0.216062 2.15921
-0.45874 0.00711247 2.13708
-0.467189 -0.00925748 2.12908
0.0108586 0.45061 2.17515
0.0410619 0.210392 2.19929
0.113508 0.00215415 2.19548
0.102897 -0.0592723 2.19277
-0.221845 0.00938006 2.1782
-0.21919 -0.279368 2.27843
-0.199275 -0.596298 2.37305
-0.208343 -0.683456 2.30596
-0.0797898 0.00856373 2.20248
-0.0761512 -0.302135 2.29698
-0.062359 -0.585297 2.36856
-0.0391474 -0.673197 2.29388
-0.156605 0.51535 2.15509
-0.47398 -0.0793064 2.1394
-0.487059 -0.0104852 2.09665
0.125053 -0.124553 2.20949
0.120671 -0.0395778 2.18514
-0.154692 0.00211479 2.22701
-0.149637 0.295143 2.18988
-0.138804 0.577652 2.14061
-0.0582102 0.704278 2.13857
-0.293786 0.471031 2.11543
-0.399093 0.219625 2.15627
-0.476018 0.014172 2.12857
-0.483064 0.000987797 2.12059
0.0148658 0.441824 2.1807
0.0368562 0.208712 2.20047
0.0968082 -0.00342149 2.19831
0.0920732 -0.0490161 2.19905
-0.222254 0.00675771 2.17625
-0.222708 -0.278298 2.27668
-0.199992 -0.595974 2.37226
-0.208296 -0.68249 2.31057
-0.0823793 -0.00560492 2.20924
-0.0775988 -0.303313 2.2964
-0.0622931 -0.58544 2.36853
-0.0391072 -0.672849 2.29284
-0.14189 0.508396 2.1551
-0.482028 -0.0641968 2.13161
-0.498392 0.0108903 2.08813
0.104163 -0.137065 2.21599
0.109128 -0.000434728 2.19275
-0.155502 -0.00214885 2.22783
-0.144334 0.29033 2.19013
-0.127831 0.572297 2.14004
-0.0425551 0.694853 2.14142
-0.278956 0.469883 2.10841
-0.406695 0.223711 2.15032
-0.487754 0.0199094 2.12246
-0.490478 0.0131447 2.11481
0.0155333 0.435881 2.18086
0.0365944 0.205628 2.20052
0.0923581 -0.00744798 2.2019
0.0893245 -0.0501747 2.20241
-0.22289 0.00441829 2.17355
-0.224132 -0.277502 2.27597
-0.200689 -0.596226 2.37226
-0.208513 -0.682825 2.30994
-0.0834504 -0.0112201 2.2134
-0.0793608 -0.305716 2.29665
-0.0635218 -0.587713 2.36815
-0.0397333 -0.672861 2.2934
-0.132259 0.503183 2.15475
-0.494038 -0.0521429 2.12486
-0.507711 0.0256067 2.08971
0.0998616 -0.130686 2.21055
0.111864 -0.0573455 2.1878
-0.156234 -0.00313113 2.22907
-0.139162 0.288928 2.19046
-0.115935 0.570704 2.13895
-0.0287152 0.690221 2.14313
-0.273952 0.470464 2.10525
-0.409832 0.226879 2.14297
-0.493562 0.0240796 2.11635
-0.489694 0.0194278 2.11092
0.0175425 0.431105 2.18147
0.0368525 0.20053 2.20224
0.0901125 -0.0130404 2.20542
0.0885413 -0.0549869 2.21101
-0.223854 0.0036162 2.17305
-0.225462 -0.276285 2.27591
-0.201881 -0.595541 2.37148
-0.20693 -0.681397 2.31029
-0.0838789 -0.0115229 2.21596
-0.0807707 -0.304 2.2968
-0.0635649 -0.586319 2.36823
-0.0405147 -0.672199 2.29427
-0.121995 0.501672 2.15405
-0.494894 -0.0473815 2.12235
-0.509826 0.0136524 2.08356
0.100835 -0.135179 2.2245
0.104406 -0.0345682 2.20463
-0.157559 -0.00380349 2.23011
-0.137018 0.287991 2.1903
-0.110134 0.568915 2.13719
-0.020061 0.686333 2.14257
-0.268597 0.46991 2.10256
-0.409269 0.229942 2.13772
-0.493746 0.027368 2.11207
-0.486551 0.0238629 2.10614
0.0226267 0.423261 2.18142
0.0375219 0.197123 2.20233
0.0874174 -0.0169769 2.20892
0.0850449 -0.0689767 2.21481
-0.225689 0.00314251 2.17344
-0.22588 -0.275843 2.27642
-0.202263 -0.594766 2.37139
-0.208018 -0.683011 2.31036
-0.0845752 -0.0117881 2.21681
-0.0818764 -0.299511 2.2967
-0.0635371 -0.584408 2.3683
-0.0406047 -0.672093 2.29421
-0.117091 0.50012 2.15272
-0.492486 -0.0416391 2.11762
-0.505177 0.0224292 2.07862
0.0933205 -0.148159 2.23076
0.104267 -0.0599696 2.20241
-0.158587 -0.00448699 2.23059
-0.13579 0.287336 2.18984
-0.107661 0.568319 2.13573
-0.0140944 0.684288 2.14244
-0.268731 0.469813 2.10249
-0.40872 0.232401 2.13459
-0.49388 0.0300539 2.10967
-0.488108 0.0268581 2.10379
0.0244804 0.417085 2.18007
0.0381322 0.195701 2.20186
0.0846618 -0.0189565 2.2106
0.0832622 -0.0707019 2.2165
-0.227291 0.00255591 2.17359
-0.226534 -0.275184 2.27723
-0.202796 -0.593481 2.37057
-0.208188 -0.683725 2.30937
-0.0850384 -0.0122184 2.21734
-0.0827801 -0.295926 2.29597
-0.0633597 -0.585678 2.36885
-0.0406904 -0.671488 2.29136
-0.114856 0.499495 2.15149
-0.494752 -0.0383547 2.11515
-0.504091 0.0310016 2.07332
0.0899447 -0.154959 2.24085
0.095318 -0.0767437 2.223
-0.159282 -0.00489589 2.23148
-0.134916 0.286928 2.18967
-0.106314 0.567833 2.1346
-0.0128816 0.683873 2.1416
-0.266221 0.469893 2.10072
-0.409142 0.233096 2.13311
-0.495946 0.0314528 2.10839
-0.493437 0.0235719 2.10496
0.0251802 0.416039 2.17865
0.0383622 0.195068 2.20141
0.0846596 -0.0194791 2.21171
0.0857914 -0.0673431 2.2157
-0.228177 0.00214322 2.17421
-0.227017 -0.273782 2.27726
-0.203086 -0.592984 2.37032
-0.207392 -0.682952 2.30741
-0.0854155 -0.0123188 2.21832
-0.0826994 -0.295509 2.29598
-0.063323 -0.582644 2.36841
-0.0404603 -0.670833 2.29006
-0.113586 0.499041 2.15061
-0.500236 -0.0423795 2.11514
-0.51767 0.0171662 2.07953
0.0916359 -0.148735 2.23954
0.100613 -0.0750009 2.21046
-0.157655 -0.00400851 2.23226
-0.134797 0.288194 2.18922
-0.110723 0.571483 2.1325
-0.033763 0.699904 2.13625
-0.270653 0.472014 2.10212
-0.407757 0.230259 2.13562
-0.496224 0.0295919 2.108
-0.485545 0.0160593 2.11179
0.0238809 0.425517 2.17607
0.038484 0.198907 2.19993
0.0874234 -0.0148691 2.21207
0.0939261 -0.0547943 2.21258
-0.225831 0.00324009 2.17529
-0.227101 -0.273484 2.27742
-0.202795 -0.593512 2.37029
-0.207625 -0.683312 2.30576
-0.0842951 -0.0113227 2.21859
-0.0814788 -0.299148 2.29886
-0.0632818 -0.581949 2.36794
-0.040737 -0.67079 2.28958
-0.116407 0.501972 2.14901
-0.492265 -0.0574038 2.12177
-0.50529 0.00586956 2.07917
0.102027 -0.138294 2.23574
0.114325 -0.0170824 2.206
-0.153908 0.0034602 2.23043
-0.140364 0.29745 2.18697
-0.131143 0.583694 2.13069
-0.0779133 0.721599 2.13138
-0.287369 0.477094 2.106
-0.399917 0.226047 2.14244
-0.480571 0.021543 2.12278
-0.471263 -0.00188865 2.12497
0.0219973 0.444784 2.16861
0.0398315 0.205242 2.19889
0.10685 -0.00353743 2.21123
0.109551 -0.0396726 2.20711
-0.222757 0.00744977 2.17721
-0.22575 -0.273918 2.27779
-0.202553 -0.593524 2.3706
-0.207697 -0.682917 2.30448
-0.0797638 0.0007213 2.21102
-0.080113 -0.300066 2.29899
-0.0630781 -0.581688 2.36833
-0.0402605 -0.670903 2.29092
-0.133053 0.513699 2.14686
-0.477339 -0.0750789 2.13012
-0.485215 -7.53824e-005 2.09013
0.116309 -0.118873 2.23062
0.128808 -0.0109578 2.1955
-0.152988 0.00892853 2.22808
-0.1517 0.306392 2.18512
-0.156985 0.594137 2.1312
-0.135659 0.73732 2.1313
-0.310517 0.470311 2.1143
-0.386261 0.214425 2.15225
-0.455237 0.00543496 2.14049
-0.449075 -0.0249337 2.13948
0.00630751 0.463958 2.15448
0.0460236 0.209567 2.19771
0.123152 0.00383869 2.20557
0.124263 -0.022893 2.20059
-0.222225 0.00965137 2.17792
-0.222557 -0.273236 2.27794
-0.201877 -0.594274 2.37156
-0.207881 -0.682689 2.30278
-0.0786977 0.00965345 2.20428
-0.0768573 -0.295661 2.29645
-0.0616442 -0.581176 2.36806
-0.0405672 -0.671417 2.29228
-0.155501 0.523846 2.14667
-0.463172 -0.101608 2.15402
-0.471408 -0.0649709 2.14225
0.136605 -0.100668 2.23009
0.143371 0.00554214 2.18825
-0.15693 0.0112843 2.22608
-0.169962 0.309377 2.18583
-0.184064 0.596333 2.1353
-0.219922 0.736821 2.1335
-0.333877 0.456564 2.12743
-0.367823 0.194361 2.15797
-0.422614 -0.0187753 2.15252
-0.420112 -0.0541896 2.16074
-0.0151112 0.477468 2.1465
0.0562612 0.221354 2.19461
0.140368 0.017685 2.19363
0.136713 0.00373826 2.18251
-0.226843 0.0101451 2.18304
-0.214972 -0.276043 2.28021
-0.198919 -0.598556 2.37367
-0.207479 -0.682403 2.30225
-0.0837566 0.013692 2.19522
-0.0721729 -0.292035 2.29425
-0.061317 -0.580845 2.36729
-0.0406147 -0.672202 2.29287
-0.180733 0.52616 2.14997
-0.436857 -0.12614 2.18542
-0.455262 -0.0912544 2.16225
0.156086 -0.0750026 2.20184
0.158999 0.00102781 2.17338
-0.159912 0.00955144 2.22573
-0.181758 0.305884 2.18761
-0.204597 0.591895 2.13905
-0.273575 0.718944 2.13124
-0.341881 0.446036 2.1327
-0.359025 0.184924 2.15403
-0.404263 -0.0301442 2.15623
-0.405209 -0.0642456 2.1598
-0.0373092 0.48107 2.13849
0.0596546 0.228613 2.1908
0.149453 0.0270895 2.18007
0.140847 0.0175343 2.1682
-0.230216 0.00585334 2.18807
-0.210722 -0.279078 2.28089
-0.195477 -0.602865 2.37813
-0.207454 -0.682962 2.30133
-0.0869094 0.0125905 2.19142
-0.0702153 -0.29172 2.29246
-0.0608232 -0.580072 2.36612
-0.0406012 -0.671817 2.29291
-0.199055 0.52188 2.15325
-0.430563 -0.134492 2.19066
-0.432545 -0.0762459 2.14944
0.160949 -0.0624779 2.18599
0.163915 0.0242518 2.163
-0.15974 0.0073254 2.22657
-0.188734 0.301511 2.18907
-0.220827 0.584627 2.14008
-0.308069 0.697583 2.12923
-0.342055 0.443271 2.13312
-0.356041 0.182783 2.15294
-0.399305 -0.0327924 2.15374
-0.402808 -0.0685647 2.14965
-0.0397123 0.48007 2.1366
0.0633116 0.234583 2.18763
0.150537 0.0319039 2.1739
0.139245 0.0255468 2.1592
-0.229166 -0.000524699 2.19476
-0.207998 -0.281527 2.28245
-0.194156 -0.600574 2.37724
-0.207041 -0.681926 2.30201
-0.0864078 0.0119851 2.18941
-0.0683955 -0.292243 2.2916
-0.0604551 -0.579145 2.36567
-0.0400316 -0.671557 2.29227
-0.212883 0.515348 2.15449
-0.426615 -0.146369 2.18042
-0.427528 -0.0744713 2.14033
0.160773 -0.050245 2.17049
0.161324 0.032551 2.1445
-0.153181 0.00210278 2.22898
-0.191587 0.294891 2.19012
-0.230162 0.574567 2.13908
-0.333508 0.676354 2.12796
-0.345282 0.421651 2.13908
-0.354433 0.181237 2.15291
-0.395973 -0.0348035 2.15159
-0.404342 -0.0741658 2.15427
-0.0560425 0.480306 2.12759
0.0657054 0.239731 2.18673
0.151415 0.0364353 2.16991
0.136674 0.0364779 2.16475
-0.222594 -0.00833504 2.2004
-0.204295 -0.283386 2.28339
-0.193791 -0.600767 2.37695
-0.206917 -0.682088 2.30108
-0.0790242 0.0107461 2.18816
-0.0657437 -0.294396 2.2923
-0.0593151 -0.576498 2.36527
-0.0402266 -0.671335 2.2925
-0.22048 0.506231 2.1541
-0.429495 -0.149596 2.18021
-0.425839 -0.0669767 2.14185
0.162672 -0.0431116 2.17299
0.156476 0.0506393 2.14908
-0.14476 -0.00490932 2.23352
-0.191176 0.289419 2.19026
-0.235418 0.568692 2.13548
-0.342615 0.657433 2.1201
-0.344996 0.41492 2.14001
-0.351706 0.176623 2.15552
-0.391213 -0.0395455 2.15841
-0.396949 -0.0775595 2.17017
-0.0630004 0.478351 2.12308
0.0689425 0.26295 2.19039
0.143698 0.0551845 2.1756
0.140779 0.0544612 2.18489
-0.214546 -0.0154768 2.20637
-0.200865 -0.282846 2.28356
-0.193371 -0.600747 2.37702
-0.207129 -0.680972 2.30561
-0.0704866 0.00530133 2.19018
-0.0633722 -0.296422 2.29343
-0.0587852 -0.577521 2.36636
-0.0406681 -0.67122 2.29286
-0.224355 0.500415 2.15136
-0.415792 -0.154172 2.19822
-0.416507 -0.0704386 2.16178
0.17191 -0.0263464 2.19719
0.160187 0.0842206 2.17983
-0.143611 -0.00654148 2.23488
-0.19107 0.288011 2.19106
-0.235886 0.568597 2.13571
-0.350787 0.648434 2.11699
-0.345243 0.412003 2.13992
-0.349269 0.17111 2.15732
-0.387004 -0.0447295 2.16754
-0.392601 -0.0817411 2.17764
-0.066231 0.478449 2.12108
0.0710277 0.278181 2.19295
0.146035 0.0705052 2.18761
0.15312 0.0475236 2.19393
-0.213354 -0.017002 2.20811
-0.197708 -0.282321 2.28467
-0.193101 -0.600488 2.37672
-0.20744 -0.681385 2.3028
-0.0693983 0.00385136 2.19097
-0.0617802 -0.295521 2.2938
-0.0583097 -0.57673 2.36564
-0.0411605 -0.671228 2.29382
-0.224784 0.500126 2.15166
-0.416753 -0.154571 2.20971
-0.415444 -0.0806296 2.16946
0.178779 -0.00647597 2.20023
0.168345 0.0697916 2.17552
-0.139133 -0.00959788 2.23528
-0.191245 0.283267 2.19054
-0.24223 0.561754 2.13339
-0.356606 0.641793 2.11466
-0.351319 0.382101 2.14301
-0.347821 0.160618 2.15837
-0.386997 -0.054803 2.16943
-0.391034 -0.0801162 2.17545
-0.0670823 0.478821 2.12012
0.0729714 0.281491 2.19403
0.149958 0.0746604 2.19185
0.160349 0.0518709 2.19874
-0.209007 -0.0212955 2.20814
-0.196019 -0.282465 2.28507
-0.193118 -0.599839 2.37619
-0.208337 -0.681911 2.301
-0.0647319 0.0020396 2.1915
-0.0607682 -0.294739 2.29368
-0.0587235 -0.577499 2.36758
-0.041295 -0.671053 2.29435
-0.229524 0.493759 2.14988
-0.409578 -0.155068 2.20944
-0.410077 -0.0909296 2.14615
0.185835 -0.0122677 2.21391
0.178891 0.0728618 2.18177
-0.133954 -0.00961956 2.2345
-0.191073 0.280925 2.1896
-0.245403 0.558171 2.13181
-0.358571 0.637673 2.11392
-0.351701 0.38037 2.14333
-0.346185 0.158723 2.15735
-0.38505 -0.0566673 2.16917
-0.388979 -0.0832778 2.17286
-0.0676151 0.479431 2.11932
0.0753684 0.285046 2.19498
0.178585 0.0904535 2.1982
0.168202 0.041201 2.20019
-0.201945 -0.0197854 2.20586
-0.194928 -0.280361 2.28439
-0.19317 -0.59938 2.37583
-0.208719 -0.681603 2.30352
-0.0611211 0.00126232 2.19167
-0.0592927 -0.292782 2.29307
-0.058448 -0.578134 2.36853
-0.0419084 -0.67067 2.29496
-0.231886 0.490468 2.14844
-0.41185 -0.157869 2.21142
-0.426297 -0.13753 2.1904
0.191928 -0.00651462 2.21298
0.138508 0.0221956 2.18257
-0.130429 -0.00918745 2.23387
-0.190226 0.279842 2.18893
-0.24607 0.556776 2.13101
-0.359135 0.635392 2.11304
-0.351909 0.378423 2.14336
-0.344391 0.156674 2.15632
-0.382607 -0.0587397 2.16893
-0.385267 -0.0843901 2.17258
-0.0676522 0.479911 2.11876
0.0771743 0.286582 2.19421
0.177369 0.0903368 2.19667
0.168154 0.0418473 2.19457
-0.198406 -0.0192314 2.20487
-0.19438 -0.279789 2.28411
-0.192958 -0.598174 2.37522
-0.208778 -0.681476 2.30229
-0.0578504 0.00137598 2.19149
-0.0582737 -0.291939 2.2928
-0.0580207 -0.574592 2.36793
-0.0408431 -0.670788 2.29379
-0.23227 0.489152 2.14769
-0.405605 -0.158094 2.20828
-0.411103 -0.0924094 2.1662
0.190909 -0.00647766 2.20123
0.137661 0.025675 2.18074
-0.130275 -0.00876496 2.23372
-0.190027 0.279388 2.18859
-0.24593 0.556184 2.13061
-0.357323 0.634766 2.11125
-0.351871 0.378386 2.14329
-0.343439 0.15655 2.15545
-0.380088 -0.0590394 2.16902
-0.385653 -0.085037 2.17356
-0.0674799 0.480213 2.11819
0.0788265 0.288409 2.19316
0.155673 0.0813496 2.18674
0.163651 0.0531395 2.18908
-0.19789 -0.0174952 2.204
-0.193485 -0.279041 2.28363
-0.193115 -0.597683 2.37535
-0.209347 -0.681741 2.30017
-0.0581235 0.00105828 2.19168
-0.0578148 -0.291652 2.29251
-0.0572065 -0.570205 2.36537
-0.0405814 -0.670681 2.29351
-0.23218 0.488568 2.14729
-0.407715 -0.157808 2.21022
-0.403615 -0.055271 2.1576
0.191258 -0.0125322 2.20523
0.133171 0.0378774 2.17024
-0.131405 -0.00680502 2.23292
-0.188315 0.279964 2.18703
-0.239293 0.55554 2.12738
-0.35069 0.640903 2.11044
-0.351503 0.379067 2.14311
-0.342201 0.157259 2.15533
-0.380544 -0.0581133 2.16816
-0.389172 -0.0794179 2.16946
-0.0669959 0.479999 2.11783
0.0792116 0.289043 2.19266
0.174097 0.0897106 2.1867
0.160091 0.0727448 2.18372
-0.19985 -0.0152051 2.20293
-0.193292 -0.278561 2.28317
-0.192931 -0.595767 2.37406
-0.209113 -0.681598 2.30346
-0.0588838 0.00303563 2.19133
-0.0571451 -0.290878 2.29239
-0.0567584 -0.571333 2.36622
-0.0402786 -0.670646 2.2939
-0.227216 0.488285 2.14453
-0.406917 -0.154145 2.20578
-0.411848 -0.0687418 2.1547
0.189757 -0.00944207 2.18798
0.136263 0.0334326 2.16835
-0.140342 -0.00402437 2.22958
-0.183972 0.284869 2.18408
-0.215607 0.567503 2.12399
-0.307018 0.684793 2.10037
-0.348212 0.390213 2.14075
-0.345348 0.16848 2.15489
-0.391216 -0.0465216 2.15469
-0.401268 -0.0684532 2.14941
-0.0611268 0.480802 2.11903
0.0778604 0.270436 2.19346
0.163336 0.0668799 2.1851
0.153945 0.0327927 2.18482
-0.210202 -0.0131744 2.19895
-0.195482 -0.277494 2.28239
-0.192442 -0.597644 2.37463
-0.208684 -0.681824 2.30448
-0.0661252 0.00561961 2.18879
-0.0573227 -0.289323 2.29222
-0.0568918 -0.573541 2.36805
-0.0407794 -0.670532 2.29463
-0.208746 0.498339 2.14099
-0.415122 -0.147515 2.18434
-0.423618 -0.0621737 2.14478
0.1809 -0.0506769 2.21442
0.132006 -0.00383612 2.159
-0.149472 0.00457097 2.2254
-0.176622 0.294835 2.18141
-0.194744 0.578054 2.12478
-0.248192 0.716065 2.09411
-0.337813 0.433327 2.13326
-0.352014 0.184703 2.15149
-0.404674 -0.0290365 2.1362
-0.414319 -0.055035 2.12939
-0.0324266 0.489486 2.13093
0.0720341 0.253665 2.19152
0.148716 0.0466856 2.18428
0.142309 0.0131772 2.17959
-0.22015 -0.000222149 2.19279
-0.199143 -0.278877 2.28274
-0.192268 -0.600998 2.37734
-0.207983 -0.681544 2.3044
-0.0740695 0.0101 2.18635
-0.0586942 -0.288603 2.29236
-0.0572907 -0.573517 2.36659
-0.0405719 -0.670584 2.29312
-0.190936 0.508876 2.14087
-0.430247 -0.125723 2.15148
-0.422721 -0.0863502 2.1685
0.16859 -0.0688725 2.19536
0.117569 -0.00370383 2.15632
-0.149596 0.0107182 2.22339
-0.16484 0.303015 2.17963
-0.173771 0.585025 2.12443
-0.180701 0.732144 2.09107
-0.328089 0.449345 2.12339
-0.357789 0.194468 2.14804
-0.418872 -0.0164484 2.12117
-0.431507 -0.0514193 2.11579
-0.009477 0.485446 2.14183
0.0637626 0.239436 2.18963
0.135053 0.0305494 2.18129
0.128782 -0.0312684 2.17373
-0.219281 0.00835459 2.18656
-0.20123 -0.278787 2.28179
-0.192847 -0.600456 2.3786
-0.207771 -0.681761 2.30767
-0.0746776 0.0142318 2.18721
-0.0608418 -0.287105 2.29146
-0.0576689 -0.573704 2.36612
-0.0401076 -0.67061 2.2926
-0.171966 0.516144 2.14025
-0.444783 -0.107267 2.13116
-0.444401 -0.0327751 2.08081
0.154004 -0.099499 2.19098
0.106463 -0.0476284 2.14563
-0.146417 0.0119419 2.22141
-0.151332 0.304496 2.17764
-0.152447 0.586172 2.12296
-0.106046 0.72509 2.09865
-0.304882 0.466318 2.10847
-0.369653 0.209885 2.13895
-0.429552 -0.00116094 2.10855
-0.439429 -0.0241856 2.10361
0.0137752 0.465945 2.15459
0.0545461 0.221436 2.18859
0.122335 0.0114248 2.17628
0.112347 -0.0304658 2.1708
-0.214002 0.0111512 2.17639
-0.2082 -0.274866 2.27592
-0.193814 -0.600818 2.37786
-0.208894 -0.683327 2.30363
-0.0718112 0.0138362 2.19139
-0.0624973 -0.287862 2.29137
-0.0587222 -0.574571 2.36557
-0.0395885 -0.670797 2.29178
-0.152433 0.517298 2.1387
-0.457161 -0.094953 2.12099
-0.463414 -0.0105774 2.0865
0.132702 -0.117246 2.18621
0.0912956 -0.0497327 2.14115
-0.145612 0.00707926 2.22084
-0.142916 0.298352 2.17732
-0.135085 0.57899 2.1223
-0.0594125 0.704513 2.10947
-0.291493 0.469754 2.10214
-0.373859 0.213544 2.13163
-0.433472 0.00220144 2.10348
-0.439834 -0.0158243 2.09638
0.0240787 0.452661 2.16309
0.0521583 0.217366 2.1884
0.110096 0.00442351 2.17889
0.107529 -0.0370761 2.17686
-0.213269 0.00965403 2.17208
-0.212754 -0.273196 2.27294
-0.195596 -0.600278 2.37407
-0.208446 -0.682938 2.30382
-0.0719456 0.000486282 2.19907
-0.0643368 -0.291917 2.2928
-0.0592037 -0.575427 2.36554
-0.0396782 -0.67131 2.29237
-0.137416 0.510297 2.13817
-0.459278 -0.0852655 2.11617
-0.457822 0.0103614 2.08886
0.126219 -0.122732 2.19061
0.085915 -0.04943 2.14756
-0.146427 0.00260606 2.22038
-0.136419 0.292897 2.1766
-0.120508 0.572594 2.12082
-0.0313098 0.691267 2.11685
-0.282938 0.47016 2.09818
-0.376131 0.217407 2.12609
-0.435614 0.00609155 2.09687
-0.439701 -0.00533379 2.09181
0.0264588 0.446085 2.16475
0.0516753 0.214164 2.188
0.106933 0.000629902 2.18354
0.104644 -0.0422181 2.18316
-0.214817 0.00734969 2.16671
-0.21494 -0.272271 2.27182
-0.196403 -0.599846 2.37301
-0.208237 -0.682779 2.30329
-0.0730929 -0.00587874 2.20336
-0.0650846 -0.29595 2.29442
-0.059878 -0.575788 2.36577
-0.0389723 -0.671631 2.29251
-0.124838 0.50407 2.1369
-0.459747 -0.0733713 2.10636
-0.463654 -0.00571362 2.0668
0.124065 -0.129576 2.19215
0.0816098 -0.0585429 2.15695
-0.147464 -0.00174746 2.21972
-0.132022 0.289063 2.17572
-0.111928 0.569395 2.11954
-0.0189343 0.685577 2.11761
-0.259638 0.468094 2.08685
-0.378183 0.220533 2.12128
-0.443861 0.0111295 2.09185
-0.448208 0.00379854 2.08716
0.0296565 0.43315 2.16398
0.0517239 0.209519 2.18697
0.104095 -0.00445485 2.18817
0.0995786 -0.0494725 2.18887
-0.21573 0.0049635 2.16325
-0.21777 -0.270706 2.27042
-0.198265 -0.597711 2.37193
-0.208024 -0.683042 2.30169
-0.0744866 -0.0108868 2.20561
-0.0659725 -0.295712 2.294
-0.0611679 -0.576508 2.36631
-0.0382747 -0.672056 2.29241
-0.1172 0.500698 2.13573
-0.470147 -0.0658567 2.10404
-0.459101 -0.0248328 2.12071
0.114876 -0.135525 2.20336
0.0759671 -0.0651816 2.16129
-0.148432 -0.00416504 2.2192
-0.127682 0.286851 2.17432
-0.102053 0.567797 2.11673
-0.00815113 0.68134 2.11656
-0.251981 0.468968 2.08318
-0.38111 0.227334 2.11692
-0.456591 0.0213367 2.08756
-0.460328 0.0185868 2.08514
0.0362127 0.42257 2.16256
0.0523107 0.202839 2.18637
0.096985 -0.0125571 2.19179
0.0921146 -0.0556094 2.1947
-0.216833 0.00408824 2.16153
-0.220566 -0.271024 2.27087
-0.199067 -0.596849 2.37082
-0.207205 -0.682941 2.30229
-0.0754168 -0.0140801 2.20633
-0.0667811 -0.294535 2.29294
-0.0615634 -0.579499 2.36728
-0.0378662 -0.672434 2.29242
-0.108669 0.498935 2.13329
-0.481124 -0.0528052 2.09988
-0.470854 -0.00715936 2.11133
0.104818 -0.142239 2.21398
0.0697892 -0.0680972 2.16464
-0.149391 -0.00508914 2.21847
-0.125871 0.285942 2.1732
-0.0977674 0.56677 2.11509
-0.00243012 0.677688 2.11746
-0.256321 0.469604 2.08506
-0.381674 0.23373 2.11534
-0.459325 0.0281302 2.09135
-0.459723 0.0240402 2.09374
0.0368533 0.421021 2.1616
0.0520896 0.201333 2.18592
0.0942597 -0.0142782 2.19458
0.0913011 -0.0587769 2.20128
-0.218454 0.00400368 2.1604
-0.221402 -0.270827 2.27076
-0.199794 -0.596537 2.37099
-0.206653 -0.681901 2.30461
-0.0758296 -0.015282 2.20574
-0.0679375 -0.291762 2.29162
-0.0616713 -0.57895 2.36705
-0.0377572 -0.672396 2.29245
-0.104979 0.497966 2.13175
-0.477627 -0.0469651 2.1043
-0.470773 -0.00746232 2.12143
0.105065 -0.146689 2.22936
0.0698356 -0.083224 2.17025
-0.150592 -0.00568677 2.21738
-0.124452 0.285232 2.1725
-0.0939763 0.565125 2.11478
0.0024827 0.67399 2.11733
-0.248565 0.467752 2.08118
-0.382881 0.235405 2.11618
-0.462868 0.0305393 2.09572
-0.46314 0.0253397 2.10157
0.0374056 0.420619 2.1617
0.0514127 0.199894 2.18521
0.0917971 -0.015759 2.19676
0.0861537 -0.0601402 2.20129
-0.219912 0.00395305 2.15892
-0.221463 -0.270844 2.27059
-0.199851 -0.596263 2.37084
-0.206802 -0.681862 2.30439
-0.0767329 -0.0157388 2.2048
-0.0680125 -0.291125 2.29111
-0.0616774 -0.577934 2.36611
-0.0377192 -0.672352 2.29247
-0.101793 0.496635 2.13132
-0.479002 -0.0502305 2.11783
-0.472417 -0.00236474 2.13133
0.100933 -0.148587 2.22498
0.0565234 -0.0692637 2.17389
-0.150963 -0.00639568 2.21744
-0.123327 0.28408 2.17208
-0.0922813 0.563684 2.1142
0.00592582 0.672354 2.11799
-0.251047 0.468183 2.08241
-0.387135 0.238825 2.1177
-0.472885 0.0361833 2.10475
-0.478503 0.0265271 2.10797
0.0369082 0.41844 2.16111
0.0506752 0.195109 2.18511
0.0887943 -0.0206471 2.19914
0.079558 -0.0641338 2.20623
-0.220521 0.00372853 2.15884
-0.221208 -0.27162 2.27115
-0.199828 -0.596233 2.37094
-0.207002 -0.682648 2.30343
-0.0769451 -0.0167888 2.20488
-0.06898 -0.290201 2.29063
-0.061742 -0.577223 2.36591
-0.0374777 -0.673863 2.29385
-0.100182 0.495269 2.13077
-0.496339 -0.0439325 2.12456
-0.495346 0.0278665 2.07388
0.0909603 -0.149448 2.23256
0.0808498 -0.0985355 2.181
-0.150603 -0.00681991 2.21761
-0.123398 0.283724 2.17214
-0.0945902 0.563227 2.11424
0.000459214 0.676521 2.11428
-0.253549 0.468765 2.08419
-0.39207 0.235802 2.12286
-0.479245 0.0338395 2.10841
-0.481143 0.0225896 2.10889
0.0350024 0.420439 2.16011
0.0499002 0.196387 2.18445
0.0876497 -0.0193405 2.19932
0.0818302 -0.0598987 2.2026
-0.22007 0.0030764 2.1598
-0.221744 -0.271127 2.27055
-0.199757 -0.597145 2.37124
-0.206536 -0.682134 2.30406
-0.0765108 -0.0170991 2.20474
-0.0694645 -0.28985 2.29008
-0.0616505 -0.579263 2.36623
-0.0373092 -0.673827 2.29366
-0.101649 0.494851 2.13085
-0.497859 -0.0479041 2.11386
-0.450282 0.0421589 2.11775
0.0968515 -0.142983 2.22713
0.0448198 -0.0655067 2.17885
-0.149856 -0.00548404 2.21783
-0.127529 0.286284 2.17269
-0.111126 0.568447 2.11579
-0.0377877 0.696982 2.09678
-0.260529 0.471079 2.08827
-0.392224 0.230621 2.12977
-0.478649 0.0284035 2.11321
-0.474881 0.00931867 2.11736
0.0336612 0.43053 2.15836
0.0487034 0.204498 2.18366
0.0917441 -0.0102479 2.19872
0.0974961 -0.0593222 2.20238
-0.219072 0.00436277 2.16141
-0.221654 -0.271129 2.27071
-0.199627 -0.597074 2.37122
-0.206823 -0.682258 2.30361
-0.0755686 -0.0147595 2.20327
-0.0684382 -0.29483 2.29302
-0.061939 -0.579444 2.36648
-0.0374155 -0.67369 2.29403
-0.114852 0.499423 2.13213
-0.492663 -0.0695058 2.13056
-0.456879 -0.00315366 2.0807
0.110282 -0.13732 2.23249
0.116233 -0.0328699 2.19829
-0.146529 0.00517104 2.21631
-0.137513 0.297303 2.17348
-0.134176 0.580012 2.11975
-0.093976 0.719964 2.08751
-0.28989 0.477196 2.10186
-0.384246 0.225206 2.13758
-0.461149 0.0190815 2.13097
-0.45984 -0.00977572 2.1306
0.0253884 0.451015 2.1538
0.0498124 0.207556 2.18399
0.113882 -0.00226448 2.19555
0.116287 -0.0359724 2.19434
-0.216328 0.0089285 2.1643
-0.219774 -0.270867 2.27096
-0.199402 -0.599161 2.37245
-0.208391 -0.68324 2.30891
-0.0718695 0.00356137 2.19492
-0.0681207 -0.292547 2.29142
-0.0616753 -0.578796 2.36627
-0.0375718 -0.673335 2.29364
-0.134821 0.510957 2.13522
-0.478692 -0.0892771 2.14952
-0.481211 -0.0212469 2.09677
0.131103 -0.123921 2.21978
0.131941 -0.0150362 2.18793
-0.150005 0.0123665 2.21572
-0.151682 0.306071 2.17406
-0.154749 0.588512 2.12083
-0.175742 0.728493 2.08777
-0.313418 0.467093 2.11438
-0.370903 0.211083 2.14803
-0.440401 0.00225716 2.13764
-0.433992 -0.02341 2.1403
0.00795751 0.471013 2.1424
0.0550808 0.217406 2.18461
0.127498 0.00961896 2.18914
0.13245 -0.0225794 2.18645
-0.220182 0.0130937 2.17123
-0.214989 -0.273326 2.27295
-0.195584 -0.601423 2.37681
-0.20763 -0.682243 2.30533
-0.0759704 0.0139403 2.1876
-0.0669535 -0.28645 2.2883
-0.0610853 -0.576387 2.36574
-0.0378882 -0.672455 2.29218
-0.154082 0.519475 2.13624
-0.450581 -0.0974429 2.15254
-0.439445 -0.0380605 2.1565
0.150849 -0.105733 2.21384
0.145361 -0.00576155 2.197
-0.15463 0.0134129 2.21664
-0.162617 0.306446 2.1759
-0.171187 0.588331 2.12357
-0.235024 0.717748 2.09595
-0.318926 0.461497 2.12041
-0.367013 0.202157 2.15044
-0.432913 -0.0078323 2.13786
-0.428818 -0.0352859 2.13994
-0.0134918 0.481621 2.13414
0.0605781 0.227543 2.18287
0.12995 0.0184755 2.18484
0.137158 -0.0358941 2.18544
-0.226161 0.0129285 2.18011
-0.212854 -0.274784 2.27392
-0.19462 -0.600944 2.37753
-0.20806 -0.682443 2.30674
-0.0809637 0.0149976 2.18292
-0.0666944 -0.284852 2.2885
-0.060773 -0.575906 2.36525
-0.0381158 -0.672095 2.29198
-0.169156 0.519395 2.13875
-0.444116 -0.10943 2.15683
-0.434098 -0.0566671 2.16633
0.154666 -0.0968961 2.20023
0.151995 -0.0269829 2.17946
-0.155535 0.0114805 2.21639
-0.171101 0.302239 2.17641
-0.189645 0.582245 2.12521
-0.272757 0.696392 2.09851
-0.332737 0.440048 2.1345
-0.364968 0.196158 2.14999
-0.426895 -0.0150004 2.1335
-0.42991 -0.0568295 2.13588
-0.0266377 0.482061 2.12797
0.0630935 0.234284 2.18149
0.129994 0.0241945 2.18046
0.127782 -0.00407252 2.17658
-0.226701 0.00815256 2.18296
-0.209368 -0.275993 2.27464
-0.194036 -0.601129 2.37828
-0.208718 -0.682646 2.30773
-0.0814842 0.0136241 2.1795
-0.0666649 -0.28495 2.28853
-0.0606396 -0.576892 2.36507
-0.0389501 -0.672048 2.29166
-0.185047 0.513701 2.14009
-0.451241 -0.117339 2.15373
-0.446058 -0.0692238 2.13975
0.146512 -0.0797595 2.19849
0.149907 0.00627349 2.16655
-0.155384 0.00702601 2.21627
-0.177411 0.295514 2.17715
-0.201618 0.573673 2.12668
-0.296176 0.679923 2.10372
-0.337798 0.432326 2.13925
-0.362432 0.192561 2.14951
-0.422871 -0.0190121 2.13232
-0.423514 -0.0618211 2.13385
-0.0402454 0.477978 2.12049
0.0654057 0.241844 2.18181
0.128522 0.03042 2.17814
0.123402 0.010863 2.1814
-0.225951 0.00122488 2.18494
-0.208736 -0.276467 2.27484
-0.193824 -0.602195 2.37861
-0.208697 -0.683144 2.30811
-0.0809052 0.0113053 2.17737
-0.0663827 -0.285737 2.289
-0.0602247 -0.577537 2.36522
-0.0389642 -0.67192 2.29108
-0.19571 0.505561 2.14139
-0.439389 -0.123673 2.14307
-0.42778 -0.0854694 2.1613
0.144189 -0.0626933 2.18949
0.146393 0.0207991 2.17279
-0.153378 0.0033567 2.2157
-0.18276 0.289349 2.1773
-0.214553 0.5637 2.12728
-0.3186 0.664224 2.10647
-0.343829 0.411419 2.14569
-0.36014 0.188778 2.15019
-0.418017 -0.0234791 2.1316
-0.41713 -0.0558756 2.13521
-0.0391637 0.47901 2.1215
0.0672445 0.246188 2.18162
0.129091 0.0344328 2.17958
0.125638 0.02301 2.18579
-0.223785 -0.00354631 2.18605
-0.207239 -0.278365 2.27585
-0.194278 -0.60138 2.37727
-0.207442 -0.682749 2.3069
-0.0783245 0.00904595 2.17473
-0.0643689 -0.290081 2.29117
-0.0600249 -0.576271 2.36512
-0.0388164 -0.671586 2.29071
-0.206679 0.496568 2.14185
-0.431457 -0.131278 2.15493
-0.434322 -0.0684256 2.1418
0.148153 -0.0579696 2.20814
0.149546 0.0370634 2.17806
-0.152035 0.00318448 2.21541
-0.18462 0.287466 2.17708
-0.22029 0.558992 2.1268
-0.328405 0.656481 2.1073
-0.343982 0.412267 2.14573
-0.359805 0.186128 2.15059
-0.415419 -0.0268352 2.13586
-0.41417 -0.059649 2.14495
-0.044167 0.478464 2.11989
0.0688011 0.250931 2.18354
0.132424 0.0396343 2.18021
0.129884 0.031087 2.18484
-0.222135 -0.00321087 2.18687
-0.20628 -0.278739 2.27641
-0.193803 -0.601691 2.37726
-0.207312 -0.68264 2.30501
-0.0768068 0.00875688 2.1733
-0.0643586 -0.289919 2.29091
-0.0601551 -0.576583 2.36491
-0.0388541 -0.671393 2.29033
-0.211463 0.492596 2.14147
-0.424113 -0.134639 2.16396
-0.421916 -0.0614631 2.1545
0.151899 -0.0440052 2.20328
0.152801 0.037799 2.17635
-0.150566 0.00105104 2.21778
-0.187457 0.285066 2.17824
-0.226524 0.55775 2.12647
-0.335942 0.650709 2.10805
-0.344064 0.41153 2.14528
-0.359249 0.185611 2.1507
-0.409267 -0.028549 2.14955
-0.409964 -0.0575754 2.15937
-0.0546958 0.477417 2.11597
0.0693643 0.256227 2.18464
0.135841 0.0457511 2.18006
0.132002 0.0377959 2.18652
-0.219906 -0.00961358 2.19217
-0.204984 -0.279161 2.2771
-0.193768 -0.601368 2.37673
-0.20812 -0.68363 2.30776
-0.0758957 0.0087696 2.17388
-0.0641874 -0.290416 2.29111
-0.0601227 -0.57587 2.36509
-0.0390068 -0.671099 2.29047
-0.21689 0.490901 2.14165
-0.41729 -0.127691 2.17541
-0.423261 -0.0608899 2.15645
0.153956 -0.0346739 2.20399
0.153534 0.0511903 2.17937
-0.145354 -0.00178865 2.22009
-0.190457 0.282163 2.17918
-0.23429 0.554405 2.12672
-0.340651 0.646714 2.10753
-0.347821 0.392893 2.14527
-0.359472 0.170867 2.15351
-0.409046 -0.0427812 2.1601
-0.405643 -0.0596651 2.16788
-0.0617012 0.477282 2.11361
0.069875 0.261097 2.18505
0.138478 0.0512437 2.17896
0.132339 0.0412735 2.18475
-0.214741 -0.0165952 2.19497
-0.202946 -0.278118 2.27727
-0.193255 -0.603281 2.37752
-0.208451 -0.684007 2.30756
-0.0707022 0.0107752 2.17495
-0.0633006 -0.291612 2.29192
-0.0596914 -0.576391 2.36491
-0.0389322 -0.670974 2.29007
-0.223399 0.487764 2.14204
-0.40804 -0.133788 2.18818
-0.429059 -0.0778103 2.14675
0.157098 -0.0336826 2.20566
0.153147 0.0657711 2.17615
-0.146436 -0.00370117 2.22147
-0.191327 0.280677 2.17951
-0.234854 0.553578 2.12633
-0.341462 0.646369 2.10713
-0.34802 0.392837 2.14548
-0.359268 0.171001 2.15551
-0.408574 -0.0425503 2.16385
-0.40951 -0.0599111 2.16788
-0.062579 0.47739 2.11354
0.0696634 0.262256 2.18516
0.138368 0.0524274 2.17896
0.131286 0.0375261 2.18742
-0.215947 -0.0189027 2.19672
-0.202142 -0.277992 2.2782
-0.192852 -0.604038 2.37878
-0.208332 -0.684105 2.30759
-0.0716637 0.010091 2.17563
-0.0629166 -0.294226 2.29393
-0.0594944 -0.576487 2.36524
-0.038774 -0.67092 2.28963
-0.22408 0.486831 2.14177
-0.414564 -0.128531 2.18588
-0.430309 -0.0504085 2.15233
0.153734 -0.0430214 2.21911
0.154031 0.0547898 2.17673
-0.148636 -0.0040884 2.2223
-0.191194 0.281029 2.17967
-0.230913 0.555978 2.12578
-0.335258 0.658208 2.10421
-0.347844 0.395962 2.14492
-0.359864 0.174417 2.15701
-0.410205 -0.0391424 2.16262
-0.412914 -0.0592077 2.16122
-0.0618117 0.477773 2.1141
0.0692023 0.258929 2.18561
0.138984 0.0494551 2.17851
0.131508 0.0265885 2.18528
-0.21892 -0.017454 2.19662
-0.203384 -0.277347 2.27854
-0.193165 -0.601394 2.37744
-0.20769 -0.682686 2.31071
-0.0739676 0.00877415 2.17748
-0.0633319 -0.293645 2.29386
-0.059835 -0.576962 2.36516
-0.0384696 -0.670908 2.2895
-0.22164 0.488493 2.14155
-0.415983 -0.128348 2.17723
-0.428947 -0.0523214 2.14996
0.153771 -0.0507765 2.21299
0.153153 0.049273 2.17229
-0.155845 0.00115285 2.22443
-0.187008 0.289462 2.18108
-0.210697 0.571403 2.12612
-0.287799 0.69782 2.09371
-0.347997 0.41837 2.143
-0.362145 0.188686 2.15758
-0.414959 -0.0250023 2.1499
-0.419104 -0.0525843 2.14202
-0.0536623 0.484444 2.12178
0.0618785 0.249253 2.18582
0.130241 0.0392983 2.17546
0.123377 0.00795928 2.17738
-0.226315 -0.00629082 2.19573
-0.205689 -0.278195 2.27974
-0.19346 -0.601661 2.37751
-0.208386 -0.683604 2.30448
-0.0814582 0.00977941 2.18211
-0.0652363 -0.291827 2.29406
-0.0598378 -0.576333 2.36504
-0.0384366 -0.670954 2.28945
-0.205557 0.502406 2.14211
-0.422308 -0.128974 2.16301
-0.433034 -0.0445165 2.139
0.143284 -0.0746221 2.19056
0.143718 0.0149311 2.1619
-0.161139 0.00791482 2.22422
-0.183506 0.298034 2.18073
-0.200215 0.580573 2.12531
-0.252471 0.717727 2.09488
-0.343634 0.438432 2.1321
-0.366288 0.191296 2.15859
-0.423687 -0.021128 2.14133
-0.424842 -0.0428867 2.13482
-0.0384078 0.490071 2.13186
0.0574373 0.2419 2.18583
0.121772 0.0307132 2.17114
0.110978 -0.0007508 2.17056
-0.23155 0.00391993 2.19202
-0.209333 -0.277764 2.27995
-0.193834 -0.600906 2.37737
-0.208368 -0.682675 2.30723
-0.0860949 0.0130066 2.18463
-0.066946 -0.289304 2.29297
-0.0598315 -0.57653 2.36506
-0.0385727 -0.671006 2.28955
-0.196662 0.511465 2.14135
-0.42669 -0.113422 2.1444
-0.441227 -0.0559764 2.10222
0.131365 -0.0866839 2.19199
0.129148 0.0291666 2.15933
-0.161817 0.0116314 2.22485
-0.178733 0.303908 2.18039
-0.190415 0.586984 2.12351
-0.219498 0.730696 2.09965
-0.339574 0.450117 2.12447
-0.369365 0.1961 2.15539
-0.429081 -0.015683 2.13814
-0.432591 -0.0370218 2.13504
-0.0246843 0.488469 2.13773
0.0539582 0.233108 2.18532
0.114661 0.0209281 2.16812
0.105068 -0.00787216 2.16814
-0.231674 0.00860082 2.19008
-0.210297 -0.276771 2.27999
-0.19577 -0.601947 2.37685
-0.207859 -0.682554 2.30628
-0.0871093 0.015981 2.1882
-0.0681809 -0.288471 2.29326
-0.0597157 -0.577277 2.36546
-0.0387713 -0.67109 2.2905
-0.18796 0.51778 2.13991
-0.437191 -0.10815 2.15067
-0.452207 -0.0531953 2.10444
0.1252 -0.0925688 2.18914
0.123338 0.0261931 2.161
-0.161035 0.0138287 2.22496
-0.173786 0.30735 2.17981
-0.182347 0.590557 2.12222
-0.194908 0.736526 2.10361
-0.335807 0.454342 2.12012
-0.371472 0.199382 2.15106
-0.433353 -0.0117742 2.13381
-0.434217 -0.035419 2.12905
-0.0169925 0.484736 2.14102
0.0509118 0.226323 2.18632
0.111827 0.0142973 2.16718
0.105689 -0.0115241 2.16945
-0.230383 0.0116518 2.18784
-0.211385 -0.276259 2.28016
-0.196868 -0.598767 2.37479
-0.208301 -0.683773 2.30498
-0.0863733 0.0175194 2.1905
-0.0687682 -0.288405 2.29389
-0.0598047 -0.577111 2.36552
-0.0386624 -0.671081 2.29055
-0.180548 0.521321 2.13877
-0.441187 -0.106368 2.1461
-0.442131 -0.0661073 2.153
0.126147 -0.0976088 2.19333
0.123027 0.0223283 2.16275
-0.159329 0.0147279 2.22515
-0.169597 0.308682 2.18006
-0.177237 0.592062 2.12278
-0.173881 0.737767 2.10888
-0.331445 0.45727 2.11645
-0.373723 0.200425 2.14861
-0.434861 -0.0108996 2.12946
-0.431561 -0.0332895 2.12527
-0.0121628 0.479828 2.14436
0.0481466 0.221694 2.1871
0.110459 0.0100713 2.16879
0.101351 -0.0159572 2.17029
-0.227984 0.012819 2.18494
-0.212266 -0.275872 2.27987
-0.197644 -0.597616 2.37374
-0.209068 -0.684095 2.30449
-0.0842319 0.0178695 2.19405
-0.0693977 -0.289302 2.29487
-0.0601746 -0.58012 2.36694
-0.0387422 -0.67157 2.29113
-0.175592 0.522755 2.13923
-0.43511 -0.106796 2.1362
-0.448988 -0.0471836 2.12227
0.117521 -0.0991031 2.18199
0.12507 -0.0140133 2.157
-0.159046 0.0148499 2.22513
-0.168057 0.309064 2.18069
-0.17441 0.592778 2.12468
-0.167429 0.739212 2.11443
-0.329598 0.458412 2.11585
-0.374629 0.20085 2.14781
-0.434606 -0.0107729 2.12742
-0.429565 -0.032858 2.12108
-0.00953728 0.478188 2.14796
0.0446229 0.220111 2.18913
0.107017 0.00856959 2.16938
0.0954558 -0.0191966 2.17025
-0.227471 0.0129805 2.18335
-0.213214 -0.276247 2.28024
-0.197966 -0.597188 2.37327
-0.208352 -0.683588 2.30297
-0.0839302 0.017749 2.19545
-0.0695036 -0.289598 2.29519
-0.0604599 -0.579995 2.36663
-0.0384553 -0.671983 2.29241
-0.173086 0.523368 2.14076
-0.434124 -0.106819 2.13657
-0.447042 -0.0150573 2.1165
0.105105 -0.104632 2.1725
0.11491 0.00375741 2.166
-0.158794 0.0150416 2.22524
-0.167227 0.309255 2.18131
-0.173307 0.592933 2.12594
-0.165117 0.739727 2.11622
-0.329258 0.459406 2.11685
-0.37525 0.201675 2.14762
-0.433651 -0.0103147 2.12524
-0.427967 -0.0320275 2.11994
-0.00826906 0.477318 2.15126
0.0422921 0.22022 2.19157
0.103836 0.0085399 2.16934
0.0925052 -0.0194773 2.17209
-0.227219 0.0131184 2.18274
-0.214344 -0.277203 2.28096
-0.199196 -0.596608 2.37193
-0.208504 -0.684461 2.3035
-0.0837516 0.0178564 2.19683
-0.0700242 -0.290408 2.29584
-0.0604653 -0.57976 2.36638
-0.0380272 -0.672238 2.29193
-0.172029 0.523531 2.14185
-0.429161 -0.106946 2.13055
-0.44161 -0.0457248 2.08487
0.103838 -0.102615 2.17712
0.114418 -0.0183262 2.15935
-0.158577 0.0151951 2.22556
-0.16687 0.309495 2.18265
-0.173293 0.593301 2.12865
-0.16483 0.740754 2.11799
-0.329113 0.4602 2.11893
-0.375188 0.201621 2.14828
-0.432339 -0.0105224 2.12257
-0.424463 -0.0334364 2.11801
-0.00799459 0.476959 2.15428
0.0405893 0.220276 2.19322
0.102489 0.00877034 2.16972
0.0939745 -0.0174732 2.17301
-0.227076 0.0131607 2.18219
-0.214906 -0.27771 2.28144
-0.199233 -0.596749 2.37313
-0.208472 -0.683982 2.30545
-0.0837227 0.0178214 2.19817
-0.0712269 -0.292203 2.29648
-0.0608248 -0.578957 2.36668
-0.0375957 -0.672256 2.29201
-0.171892 0.523858 2.1442
-0.425588 -0.106704 2.12184
-0.445783 -0.0328401 2.09565
0.10809 -0.0987116 2.18736
0.11583 -0.013655 2.16034
-0.15846 0.0155258 2.22619
-0.167057 0.309876 2.18404
-0.174128 0.593692 2.13073
-0.165525 0.74174 2.11876
-0.329926 0.460808 2.12068
-0.375137 0.201764 2.1492
-0.431535 -0.0105474 2.1229
-0.421581 -0.0324358 2.12361
-0.00848817 0.477362 2.15582
0.0401747 0.220713 2.19418
0.101983 0.00920006 2.17032
0.0948814 -0.0155187 2.17419
-0.227036 0.0132513 2.18234
-0.215054 -0.27869 2.28251
-0.199164 -0.596612 2.37308
-0.209152 -0.684033 2.30952
-0.0838277 0.0181801 2.19945
-0.0715123 -0.291972 2.29666
-0.0607693 -0.579092 2.36649
-0.037083 -0.672479 2.29172
-0.17255 0.524247 2.14613
-0.42156 -0.107915 2.13704
-0.446385 -0.0122444 2.11156
0.107056 -0.0984377 2.186
0.11415 0.023405 2.174
-0.158257 0.0158776 2.22705
-0.167736 0.310089 2.1856
-0.176188 0.5937 2.13305
-0.167075 0.741719 2.12006
-0.330694 0.461107 2.12227
-0.375523 0.201916 2.15041
-0.430658 -0.0109257 2.12703
-0.419098 -0.0287409 2.13141
-0.00964022 0.477668 2.1571
0.0396973 0.221366 2.19516
0.101753 0.00996734 2.1706
0.0939658 -0.0147662 2.17494
-0.226934 0.0134786 2.18297
-0.215109 -0.279531 2.28366
-0.199512 -0.595206 2.37175
-0.208754 -0.684403 2.30881
-0.0837918 0.0184153 2.20034
-0.0718841 -0.292235 2.29719
-0.0606188 -0.578928 2.36677
-0.0369389 -0.673152 2.29298
-0.17423 0.524312 2.14825
-0.413046 -0.106859 2.14394
-0.441447 -0.0380685 2.117
0.106808 -0.0973242 2.18666
0.114552 0.00562793 2.16711
-0.158288 0.0160438 2.22765
-0.168288 0.310056 2.18641
-0.177402 0.593426 2.13395
-0.169608 0.741576 2.12041
-0.331276 0.460917 2.12313
-0.375999 0.201426 2.15261
-0.429522 -0.0119831 2.13221
-0.420047 -0.0286648 2.14008
-0.010785 0.477692 2.15757
0.0392395 0.221554 2.19576
0.101467 0.0102356 2.17073
0.0914802 -0.0133425 2.17725
-0.227038 0.0135644 2.18333
-0.215098 -0.280295 2.28471
-0.199579 -0.594702 2.37145
-0.20828 -0.683562 2.30605
-0.0838847 0.0185197 2.20111
-0.0720176 -0.292561 2.29765
-0.0607993 -0.578225 2.36671
-0.0369366 -0.673069 2.2938
-0.175278 0.524102 2.14915
-0.420094 -0.108302 2.15496
-0.445264 -0.0342661 2.126
0.102134 -0.0926374 2.18813
0.113444 -0.0134623 2.16762
-0.158416 0.0164313 2.22865
-0.169305 0.310154 2.18776
-0.179412 0.59322 2.13552
-0.172954 0.74108 2.12046
-0.332569 0.460816 2.12407
-0.376536 0.200803 2.15587
-0.430886 -0.0124654 2.13781
-0.424647 -0.0353032 2.14234
-0.0122035 0.478103 2.15832
0.0388027 0.221696 2.19624
0.10032 0.0101371 2.17168
0.0914466 -0.0133318 2.17789
-0.227275 0.0139214 2.1847
-0.214983 -0.279804 2.2858
-0.199573 -0.594642 2.37154
-0.207577 -0.683629 2.30301
-0.0840667 0.0187777 2.20171
-0.0726858 -0.292399 2.29782
-0.0608426 -0.578463 2.36706
-0.0367127 -0.673531 2.29468
-0.177045 0.523971 2.15067
-0.423751 -0.113819 2.1561
-0.448318 -0.0349959 2.12989
0.10466 -0.0931839 2.19318
0.114102 -0.00146797 2.173
-0.15845 0.0165998 2.2294
-0.169839 0.310154 2.1886
-0.180466 0.593062 2.13638
-0.174311 0.740615 2.12052
-0.333793 0.460647 2.12547
-0.376926 0.200682 2.15728
-0.430992 -0.0126613 2.13931
-0.425651 -0.0353464 2.13989
-0.0130032 0.478512 2.1589
0.0386242 0.221698 2.19639
0.100364 0.0101953 2.17198
0.0924317 -0.0135666 2.17797
-0.227365 0.0140717 2.18589
-0.21517 -0.278935 2.28616
-0.199804 -0.595272 2.372
-0.208525 -0.684777 2.30392
-0.0841187 0.0188848 2.20208
-0.072896 -0.292547 2.29804
-0.0608454 -0.578339 2.36701
-0.0376278 -0.673425 2.29541
-0.177973 0.52385 2.15154
-0.423083 -0.1138 2.15232
-0.437827 -0.0511376 2.13969
0.104619 -0.0928414 2.19288
0.115455 -0.00943526 2.17097
-0.159343 0.0169763 2.23101
-0.171191 0.310088 2.19009
-0.18207 0.592669 2.13764
-0.176544 0.740573 2.12071
-0.33545 0.460906 2.12784
-0.377282 0.200833 2.15963
-0.43079 -0.0125629 2.13915
-0.423019 -0.0358889 2.13717
-0.0138507 0.478651 2.1591
0.0387438 0.221668 2.19663
0.100545 0.0102193 2.17166
0.093893 -0.0135865 2.17314
-0.228482 0.014464 2.18857
-0.215145 -0.278529 2.28706
-0.199702 -0.595958 2.37266
-0.207896 -0.683593 2.30383
-0.0848709 0.0191418 2.20283
-0.0738162 -0.293189 2.29863
-0.0606538 -0.57955 2.36677
-0.0373117 -0.673397 2.29437
-0.179534 0.523528 2.15286
-0.419899 -0.114041 2.15427
-0.403072 -0.0217675 2.13825
0.103579 -0.0920836 2.18878
0.114272 0.0264115 2.17633
-0.159248 0.017049 2.2319
-0.17155 0.310065 2.1909
-0.182761 0.592566 2.13837
-0.178562 0.740474 2.12073
-0.33645 0.461001 2.12892
-0.377003 0.20111 2.16112
-0.430371 -0.0122388 2.13887
-0.4211 -0.0349865 2.13838
-0.0142995 0.478476 2.15918
0.0388007 0.221677 2.19672
0.100933 0.0103711 2.17107
0.0926316 -0.0111343 2.17093
-0.228416 0.0143846 2.18955
-0.215253 -0.278115 2.28732
-0.200046 -0.596115 2.37287
-0.207313 -0.68299 2.30415
-0.0848246 0.0193003 2.2035
-0.0735834 -0.292816 2.29881
-0.0609797 -0.578968 2.367
-0.0372827 -0.673353 2.29441
-0.18014 0.523446 2.15361
-0.418514 -0.113032 2.15465
-0.392271 -0.0540839 2.1108
0.101095 -0.0924645 2.18643
0.115814 0.015416 2.168
