-0.130891 0.112181 2.38323
-0.116632 0.421519 2.31477
-0.103404 0.721128 2.23528
-0.0689055 0.879933 2.2182
-0.265354 0.59981 2.22236
-0.381046 0.355085 2.27862
-0.443832 0.129214 2.26295
-0.449107 0.0600456 2.25982
0.062962 0.57645 2.25306
0.125864 0.319231 2.32411
0.179866 0.0911107 2.30166
0.179933 0.0213885 2.29311
-0.204329 0.115601 2.33915
-0.287883 -0.169553 2.4356
-0.318423 -0.520509 2.56675
-0.347489 -0.607432 2.50008
-0.0531945 0.105098 2.35375
-0.0264797 -0.194383 2.46913
-0.0325487 -0.53714 2.57615
-0.00322375 -0.627419 2.50995
-0.106642 0.647786 2.25718
-0.453951 -0.0134169 2.27316
-0.471836 0.0672205 2.23804
0.181852 -0.0423453 2.30621
0.158601 -0.00595672 2.30029
-0.132424 0.112739 2.38249
-0.120549 0.423586 2.31473
-0.109152 0.724186 2.23593
-0.10789 0.883488 2.21422
-0.277871 0.597748 2.22811
-0.378879 0.34923 2.2852
-0.438546 0.122493 2.2723
-0.441969 0.0555412 2.27419
0.0546028 0.580525 2.24934
0.13353 0.328415 2.32092
0.191045 0.101093 2.29954
0.196332 0.0297408 2.29009
-0.206388 0.115306 2.33892
-0.287381 -0.16918 2.43544
-0.318063 -0.520588 2.56632
-0.347632 -0.607023 2.50121
-0.0546915 0.106826 2.35223
-0.0261428 -0.194054 2.46901
-0.0326548 -0.537257 2.57625
-0.00312746 -0.627268 2.51027
-0.112036 0.650654 2.2577
-0.44755 -0.0181852 2.28767
-0.452142 0.0434624 2.23222
0.196043 -0.034721 2.3021
0.173027 -0.00784813 2.29667
-0.136436 0.113791 2.38237
-0.126789 0.424807 2.31446
-0.117132 0.724911 2.23489
-0.141933 0.878534 2.20981
-0.289341 0.5948 2.23333
-0.376095 0.343056 2.29278
-0.432761 0.115601 2.28565
-0.435859 0.0494849 2.28774
0.0456103 0.586184 2.24717
0.138059 0.336344 2.32097
0.199001 0.109883 2.30006
0.205207 0.0288153 2.28863
-0.210983 0.114769 2.34087
-0.286873 -0.169356 2.43584
-0.31801 -0.521727 2.56735
-0.347266 -0.606011 2.50237
-0.0585332 0.109561 2.35005
-0.0258149 -0.191451 2.46854
-0.0328959 -0.536851 2.57625
-0.00355301 -0.626338 2.5107
-0.119605 0.651533 2.2569
-0.438162 -0.0203874 2.30093
-0.456064 0.0530416 2.25988
0.20229 -0.0350639 2.31737
0.18714 -0.0152088 2.3102
-0.138812 0.114654 2.38292
-0.130596 0.425127 2.31431
-0.122515 0.724368 2.23377
-0.14922 0.878164 2.20852
-0.294674 0.592938 2.23545
-0.374522 0.339002 2.29788
-0.430416 0.111451 2.29369
-0.433085 0.0368421 2.29509
0.0405871 0.589517 2.24633
0.13958 0.340806 2.32103
0.203472 0.115109 2.30121
0.206092 0.0337417 2.29414
-0.21334 0.114513 2.34264
-0.286499 -0.170189 2.4366
-0.317597 -0.522552 2.56772
-0.347194 -0.605533 2.50419
-0.0608752 0.111577 2.34945
-0.0252759 -0.189029 2.46863
-0.0331039 -0.536478 2.57633
-0.00421079 -0.625377 2.51177
-0.124586 0.651222 2.25605
-0.430469 -0.0177626 2.30046
-0.442956 0.0121457 2.31275
0.204583 -0.0286205 2.3223
0.181215 0.0384996 2.30171
-0.139752 0.11507 2.38354
-0.131811 0.42502 2.3146
-0.123984 0.723677 2.2337
-0.146062 0.87854 2.20822
-0.296219 0.592877 2.23532
-0.375377 0.337285 2.29998
-0.430165 0.109488 2.29675
-0.435516 0.0344044 2.29404
0.0389128 0.590044 2.24706
0.138335 0.34295 2.32211
0.202166 0.117173 2.30343
0.200535 0.0356681 2.29524
-0.214256 0.114542 2.34343
-0.286214 -0.170328 2.4367
-0.317663 -0.522653 2.56754
-0.347144 -0.606526 2.50008
-0.0615444 0.112259 2.34996
-0.0251571 -0.188814 2.46878
-0.0334832 -0.536239 2.57658
-0.00459023 -0.625356 2.51119
-0.125996 0.650686 2.25607
-0.435579 -0.017691 2.30315
-0.406106 0.0194117 2.28328
0.198836 -0.0280962 2.31815
0.185023 0.0125653 2.3156
-0.140093 0.115307 2.38439
-0.132004 0.425354 2.31595
-0.123795 0.72423 2.23576
-0.122509 0.879601 2.20854
-0.294736 0.5941 2.23478
-0.378019 0.338941 2.30026
-0.433311 0.111202 2.29556
-0.441951 0.0439234 2.2886
0.0395171 0.588714 2.24975
0.135089 0.341408 2.32462
0.197655 0.115218 2.30757
0.191182 0.0301239 2.30188
-0.21436 0.114827 2.3439
-0.286163 -0.170069 2.43745
-0.317921 -0.52317 2.56722
-0.348141 -0.607744 2.50026
-0.0619551 0.112412 2.35136
-0.0257122 -0.189563 2.47042
-0.0336396 -0.536346 2.5767
-0.00487972 -0.625443 2.51083
-0.125926 0.651164 2.25793
-0.439204 -0.026429 2.31105
-0.41904 0.00776024 2.29883
0.188387 -0.0341388 2.32396
0.169367 0.0379338 2.3098
-0.139994 0.115541 2.38514
-0.13155 0.425367 2.31678
-0.122541 0.723915 2.23675
-0.0983673 0.878672 2.20941
-0.289445 0.597128 2.23268
-0.380435 0.342362 2.29837
-0.436045 0.114625 2.29187
-0.44544 0.0475106 2.28512
0.0432173 0.586155 2.25366
0.132702 0.336989 2.32687
0.193564 0.110329 2.31011
0.18378 0.0263707 2.30333
-0.21407 0.115424 2.344
-0.287573 -0.172177 2.43972
-0.317855 -0.523057 2.56719
-0.348814 -0.607878 2.50085
-0.0620052 0.112022 2.35356
-0.026174 -0.19008 2.47084
-0.0337901 -0.536552 2.57664
-0.00416127 -0.626791 2.51116
-0.124926 0.650944 2.25888
-0.443858 -0.0203597 2.29809
-0.417434 0.0218836 2.27435
0.185246 -0.0365172 2.33039
0.172704 0.0171288 2.31983
-0.139487 0.115588 2.38606
-0.129496 0.424985 2.31755
-0.117872 0.722792 2.23703
-0.0739498 0.873478 2.21306
-0.280178 0.598399 2.22879
-0.383151 0.347163 2.2967
-0.437928 0.119183 2.29039
-0.449879 0.0521016 2.28879
0.0493546 0.58413 2.25797
0.128839 0.333108 2.32897
0.189258 0.106377 2.31039
0.1802 0.0337255 2.3028
-0.213294 0.116173 2.34412
-0.288629 -0.172764 2.4407
-0.317982 -0.523077 2.56687
-0.349069 -0.607555 2.50339
-0.0614878 0.111153 2.35557
-0.0269005 -0.191336 2.47118
-0.0339963 -0.536716 2.57672
-0.00385731 -0.626924 2.51111
-0.120973 0.650023 2.25934
-0.447841 -0.0204105 2.31258
-0.419537 0.0351757 2.27523
0.187418 -0.0294383 2.31203
0.210582 0.0350326 2.3035
-0.13829 0.115439 2.3876
-0.125179 0.42417 2.31877
-0.109834 0.721341 2.23738
-0.0570113 0.869944 2.21534
-0.268997 0.598645 2.22465
-0.384436 0.349634 2.29552
-0.440436 0.122032 2.29229
-0.451591 0.0564248 2.29161
0.0557408 0.580694 2.26075
0.125639 0.330646 2.33096
0.186414 0.104021 2.31185
0.179259 0.0313191 2.30383
-0.211589 0.117271 2.34506
-0.289483 -0.171725 2.44107
-0.318423 -0.523777 2.56752
-0.348742 -0.607218 2.50329
-0.0605952 0.109747 2.3576
-0.0272692 -0.192289 2.47147
-0.0339648 -0.537015 2.57665
-0.00324914 -0.627647 2.51076
-0.113848 0.648707 2.25993
-0.453399 -0.0133181 2.30471
-0.423175 0.0361569 2.27272
0.182429 -0.0358001 2.3154
0.176676 0.0160423 2.31037
-0.137984 0.115301 2.38805
-0.123717 0.423701 2.31928
-0.107533 0.720636 2.23799
-0.0548802 0.870064 2.21592
-0.266583 0.598706 2.22385
-0.383731 0.351054 2.29535
-0.440558 0.123687 2.29314
-0.450859 0.057414 2.29179
0.0576266 0.579804 2.26156
0.125555 0.329444 2.33179
0.186487 0.102857 2.31269
0.182019 0.0301955 2.30795
-0.211232 0.117521 2.34518
-0.290259 -0.172264 2.44197
-0.318437 -0.524072 2.56772
-0.349128 -0.607994 2.50453
-0.0603574 0.109093 2.35831
-0.0275089 -0.19222 2.47131
-0.0340738 -0.537321 2.57672
-0.00314681 -0.627679 2.51072
-0.11172 0.648051 2.26051
-0.454242 -0.0133388 2.30895
-0.422681 0.0393814 2.27894
0.180356 -0.040278 2.32405
0.154149 0.0333629 2.308
-0.137924 0.115308 2.38813
-0.123372 0.423605 2.31943
-0.107127 0.720436 2.23836
-0.062557 0.87308 2.21578
-0.267568 0.599157 2.22503
-0.382902 0.351161 2.29542
-0.439547 0.12372 2.29296
-0.446002 0.0553651 2.28869
0.0580156 0.5797 2.26155
0.126822 0.327429 2.33298
0.188839 0.101186 2.31259
0.185498 0.0289925 2.30408
-0.211157 0.117728 2.34511
-0.290344 -0.172333 2.4421
-0.318218 -0.523994 2.56768
-0.349597 -0.607824 2.50413
-0.0602921 0.108992 2.3584
-0.0278623 -0.191934 2.47056
-0.0342407 -0.537361 2.57678
-0.00328733 -0.627284 2.51038
-0.111304 0.647874 2.26079
-0.450208 -0.0149683 2.30606
-0.422883 0.0542502 2.2894
0.187082 -0.036119 2.31228
0.162102 0.0450088 2.3057
-0.138033 0.115289 2.38803
-0.123428 0.423684 2.31947
-0.107503 0.720823 2.23874
-0.0964871 0.8791 2.21271
-0.274634 0.598804 2.23026
-0.379705 0.349977 2.29746
-0.436577 0.122505 2.29294
-0.439442 0.0520671 2.28638
0.0557736 0.580738 2.25984
0.129211 0.328324 2.33324
0.190218 0.101777 2.31307
0.190406 0.028894 2.30458
-0.211377 0.117714 2.3448
-0.289579 -0.171461 2.44163
-0.318048 -0.523695 2.56735
-0.349515 -0.608317 2.50272
-0.060422 0.109037 2.35812
-0.027486 -0.191628 2.47018
-0.0342816 -0.53732 2.57662
-0.00321686 -0.627408 2.51019
-0.111562 0.648155 2.26105
-0.440734 -0.019603 2.30389
-0.41357 0.0573526 2.28611
0.190143 -0.0341777 2.31559
0.163492 0.0243655 2.30398
-0.138578 0.11535 2.38769
-0.124214 0.423905 2.31921
-0.109105 0.721344 2.23869
-0.124539 0.87693 2.21053
-0.28357 0.596836 2.234
-0.37687 0.345271 2.29939
-0.434255 0.117902 2.29352
-0.434914 0.050785 2.2885
0.0495346 0.585154 2.2558
0.132374 0.332307 2.33179
0.193657 0.105738 2.31363
0.195917 0.0283769 2.30764
-0.212232 0.117208 2.34508
-0.28787 -0.169862 2.4397
-0.318173 -0.522957 2.5668
-0.34908 -0.607747 2.50362
-0.0610954 0.110133 2.35623
-0.0272487 -0.191394 2.47019
-0.0341871 -0.537195 2.57641
-0.00372013 -0.627329 2.50977
-0.11293 0.648595 2.26093
-0.433093 -0.0211424 2.30171
-0.409441 0.0820951 2.29217
0.190792 -0.0400323 2.3404
0.180846 -0.0465033 2.344
-0.139657 0.115801 2.38746
-0.127294 0.424204 2.31873
-0.115301 0.721202 2.23791
-0.151157 0.873403 2.21089
-0.291622 0.594857 2.23865
-0.373548 0.342306 2.30168
-0.430588 0.114831 2.29506
-0.430667 0.0455375 2.2935
0.0436314 0.589184 2.2527
0.1357 0.337722 2.33095
0.196472 0.110934 2.3147
0.20018 0.0296571 2.30669
-0.213504 0.116945 2.34598
-0.287271 -0.170317 2.43979
-0.317926 -0.522659 2.56703
-0.349006 -0.606916 2.50387
-0.0624031 0.111655 2.35455
-0.0267919 -0.191082 2.47021
-0.0340055 -0.536907 2.5764
-0.00376943 -0.626704 2.51094
-0.118301 0.6486 2.26024
-0.429433 -0.0254752 2.31265
-0.405763 0.0595824 2.2924
0.199243 -0.0353522 2.33967
0.177348 0.0214888 2.32186
-0.140942 0.116099 2.38736
-0.132087 0.424339 2.31848
-0.12408 0.721061 2.23758
-0.16701 0.869701 2.21183
-0.297236 0.593478 2.24208
-0.370606 0.340219 2.30419
-0.426288 0.112397 2.29769
-0.426272 0.0457481 2.29578
0.0383923 0.593414 2.25076
0.138306 0.342102 2.32956
0.198519 0.115131 2.31346
0.204624 0.0355988 2.30805
-0.214908 0.116546 2.34685
-0.286565 -0.171107 2.44011
-0.317958 -0.522768 2.56768
-0.349457 -0.60748 2.50215
-0.0635663 0.112563 2.3537
-0.0260304 -0.188906 2.47008
-0.0335505 -0.53638 2.57629
-0.00422923 -0.626473 2.51157
-0.126111 0.648532 2.25994
-0.424588 -0.0270027 2.30999
-0.404161 0.0609871 2.2974
0.19867 -0.0341047 2.34668
0.182247 0.02122 2.32859
-0.142127 0.116183 2.38715
-0.134572 0.42441 2.31865
-0.127348 0.72124 2.23832
-0.170541 0.869078 2.21176
-0.300577 0.593188 2.24452
-0.367914 0.337097 2.30667
-0.422625 0.109079 2.30212
-0.422283 0.043425 2.3003
0.0357093 0.595388 2.25006
0.139446 0.344307 2.32903
0.201262 0.11779 2.31102
0.204853 0.0381196 2.30099
-0.216215 0.116145 2.34741
-0.28644 -0.172478 2.44002
-0.317869 -0.52304 2.56817
-0.349472 -0.606997 2.50332
-0.0644923 0.112992 2.35284
-0.0252769 -0.186852 2.46903
-0.0335965 -0.536444 2.57648
-0.00445378 -0.626457 2.51419
-0.129222 0.648676 2.26052
-0.41983 -0.0272116 2.3133
-0.393302 0.0320026 2.28217
0.201273 -0.029257 2.33326
0.187559 -0.00555652 2.3275
-0.142379 0.116172 2.3871
-0.134761 0.42448 2.31884
-0.127196 0.721523 2.23896
-0.16633 0.871134 2.2121
-0.300946 0.593053 2.2447
-0.367393 0.336181 2.30758
-0.421857 0.108101 2.30343
-0.424103 0.0448075 2.30237
0.0356952 0.595222 2.25018
0.139409 0.344333 2.32908
0.20002 0.117473 2.31077
0.200185 0.0351405 2.30087
-0.216476 0.115976 2.34744
-0.286227 -0.173207 2.44035
-0.317824 -0.523409 2.56827
-0.348163 -0.606311 2.5013
-0.0646425 0.11308 2.35274
-0.025308 -0.187061 2.46948
-0.0334729 -0.536331 2.57645
-0.00511991 -0.626664 2.51209
-0.129193 0.64889 2.26102
-0.423298 -0.0270764 2.32344
-0.394843 0.0260429 2.28277
0.194824 -0.034589 2.32831
0.183499 0.0365207 2.3126
-0.142406 0.116184 2.38713
-0.133803 0.424623 2.31934
-0.123488 0.722043 2.24041
-0.150878 0.875161 2.21371
-0.299506 0.593632 2.24383
-0.367726 0.336513 2.30769
-0.422569 0.108527 2.30409
-0.429479 0.0475008 2.29814
0.0374596 0.594318 2.25153
0.138505 0.342981 2.32947
0.197753 0.11577 2.31024
0.191631 0.0315784 2.30395
-0.216506 0.115911 2.34752
-0.286131 -0.173383 2.44034
-0.317856 -0.523567 2.56838
-0.348784 -0.607728 2.50105
-0.0646017 0.113155 2.35277
-0.0252948 -0.187942 2.47023
-0.0333756 -0.536409 2.57651
-0.0051856 -0.626551 2.5112
-0.126296 0.649302 2.26222
-0.430618 -0.0220901 2.3137
-0.406613 0.0340342 2.29794
0.185682 -0.0384262 2.33583
0.170425 0.0656945 2.3074
-0.141772 0.115936 2.38811
-0.12949 0.4253 2.32128
-0.114737 0.724158 2.24275
-0.118924 0.880506 2.21553
-0.28962 0.596709 2.2415
-0.369669 0.341641 2.3074
-0.427599 0.114338 2.30185
-0.437846 0.0526187 2.29416
0.0424012 0.590504 2.25432
0.134368 0.337347 2.33061
0.19122 0.109481 2.31227
0.179943 0.0246788 2.31123
-0.215895 0.116097 2.34789
-0.286284 -0.172808 2.44094
-0.317802 -0.523436 2.56834
-0.349726 -0.607545 2.50204
-0.0635678 0.112072 2.35496
-0.0257319 -0.190015 2.47179
-0.0333522 -0.536232 2.57675
-0.00509531 -0.626514 2.51027
-0.118611 0.651047 2.26452
-0.438138 -0.0158096 2.30957
-0.411292 0.0260425 2.28162
0.17032 -0.0462447 2.33812
0.158481 0.0570506 2.3105
-0.140488 0.116122 2.38953
-0.127244 0.425928 2.32293
-0.11248 0.72497 2.24432
-0.0919555 0.880563 2.21865
-0.283153 0.599492 2.23987
-0.371593 0.346859 2.30706
-0.429784 0.11957 2.30069
-0.44123 0.0558543 2.2918
0.0486386 0.586778 2.25749
0.131614 0.333871 2.33147
0.186892 0.105604 2.31344
0.174858 0.0292843 2.30667
-0.214356 0.116948 2.3483
-0.287389 -0.172549 2.44243
-0.317837 -0.523429 2.56836
-0.348902 -0.60762 2.50275
-0.0621875 0.111571 2.35763
-0.0263601 -0.191535 2.47288
-0.0334048 -0.536545 2.57729
-0.00468677 -0.62693 2.51078
-0.116305 0.651831 2.26613
-0.440276 -0.0151897 2.30661
-0.417502 0.0424336 2.29633
0.179171 -0.0359006 2.31548
0.200932 0.0429877 2.28979
-0.139249 0.116183 2.3913
-0.125046 0.425782 2.32402
-0.109457 0.72442 2.24478
-0.0675394 0.875832 2.22343
-0.274107 0.600245 2.23589
-0.373432 0.350452 2.30632
-0.431056 0.123008 2.30058
-0.441613 0.0571566 2.2974
0.0545078 0.584609 2.26125
0.128116 0.332071 2.33166
0.183856 0.103948 2.31265
0.173204 0.0299036 2.30256
-0.21293 0.117836 2.34935
-0.287825 -0.172083 2.44295
-0.317921 -0.52337 2.56831
-0.348596 -0.607302 2.50479
-0.0611251 0.110711 2.36017
-0.0266279 -0.191925 2.4728
-0.0335143 -0.536664 2.57732
-0.00440623 -0.627313 2.50988
-0.113498 0.6514 2.26675
-0.44096 -0.0152119 2.31019
-0.416023 0.0685395 2.29692
0.179026 -0.0358836 2.31381
0.175767 0.0287972 2.25471
-0.138099 0.116024 2.39394
-0.122811 0.425327 2.32489
-0.105606 0.723413 2.24381
-0.0526056 0.871435 2.22566
-0.266831 0.600427 2.23251
-0.37473 0.351534 2.30585
-0.431324 0.12385 2.30127
-0.440802 0.0572394 2.29999
0.0590134 0.582013 2.26372
0.126562 0.331399 2.33153
0.182145 0.1033 2.31078
0.174834 0.0299218 2.29987
-0.211546 0.118551 2.35157
-0.288895 -0.169614 2.44334
-0.317936 -0.522511 2.56774
-0.349193 -0.6069 2.50453
-0.0603121 0.109733 2.36305
-0.0268449 -0.192258 2.47292
-0.0336659 -0.537547 2.57722
-0.00390055 -0.628241 2.51091
-0.110097 0.650553 2.26633
-0.442286 -0.0145512 2.31119
-0.411541 0.0448487 2.28964
0.175808 -0.0402159 2.31998
0.177385 0.0298121 2.25351
-0.137341 0.116155 2.39534
-0.121549 0.425116 2.32527
-0.104076 0.722801 2.24321
-0.050138 0.871416 2.22607
-0.2641 0.600479 2.23112
-0.375173 0.35198 2.3058
-0.431796 0.124361 2.3029
-0.441018 0.0559492 2.30024
0.0608232 0.580972 2.26383
0.125823 0.330645 2.33059
0.181927 0.102723 2.30876
0.175922 0.0281659 2.29806
-0.210603 0.119134 2.35274
-0.289416 -0.168437 2.44394
-0.317949 -0.522366 2.56762
-0.349433 -0.607422 2.50277
-0.059805 0.109464 2.36454
-0.0271589 -0.192369 2.47288
-0.033757 -0.537267 2.57733
-0.0039666 -0.626923 2.51179
-0.108608 0.650047 2.26597
-0.441736 -0.0152313 2.31419
-0.411758 0.0417622 2.29244
0.177302 -0.0357035 2.30921
0.180971 0.0331954 2.25573
-0.137409 0.116196 2.39535
-0.121652 0.425239 2.32512
-0.104577 0.723153 2.24275
-0.0595359 0.876016 2.22496
-0.265898 0.600778 2.23173
-0.375055 0.352126 2.30605
-0.431985 0.124595 2.30343
-0.440265 0.0540849 2.29893
0.0595808 0.58166 2.26196
0.126465 0.329777 2.32992
0.182758 0.101935 2.30637
0.17969 0.028985 2.29685
-0.210768 0.119249 2.35274
-0.28967 -0.168092 2.4442
-0.318298 -0.52163 2.56744
-0.350008 -0.60747 2.5017
-0.0598012 0.109469 2.36451
-0.0273244 -0.192103 2.47285
-0.0337599 -0.537328 2.57724
-0.00403681 -0.626234 2.51133
-0.108962 0.650322 2.26558
-0.44255 -0.0150031 2.31181
-0.411027 0.0316883 2.29086
0.18418 -0.0358094 2.31614
0.184686 0.0338646 2.25007
-0.137687 0.116347 2.39517
-0.122671 0.42596 2.32482
-0.107323 0.724908 2.24238
-0.0835643 0.883596 2.22158
-0.272105 0.600895 2.23451
-0.374633 0.352021 2.30679
-0.4314 0.124441 2.30413
-0.437421 0.0512813 2.30112
0.0559758 0.582367 2.25933
0.128177 0.329371 2.32882
0.185971 0.102023 2.30416
0.183183 0.0294812 2.2951
-0.211117 0.119356 2.35255
-0.289648 -0.168375 2.44441
-0.318286 -0.521484 2.56737
-0.349367 -0.607168 2.50224
-0.0600447 0.109697 2.36428
-0.027341 -0.191975 2.47281
-0.0337578 -0.537089 2.57732
-0.00398764 -0.626172 2.51145
-0.11119 0.65178 2.26519
-0.436942 -0.0220948 2.31919
-0.409035 0.0390502 2.3002
0.183328 -0.0348848 2.31081
0.190758 0.0333773 2.24495
-0.138996 0.11658 2.39485
-0.124408 0.426779 2.32404
-0.109631 0.726301 2.24105
-0.123182 0.887097 2.22095
-0.282888 0.598589 2.2389
-0.373085 0.346584 2.30864
-0.42929 0.118825 2.30465
-0.431813 0.048811 2.30034
0.048175 0.586943 2.25515
0.130538 0.333205 2.32637
0.187424 0.105473 2.304
0.187147 0.0347445 2.29467
-0.212866 0.118771 2.35295
-0.289438 -0.168962 2.44476
-0.318376 -0.521564 2.56742
-0.349404 -0.60666 2.50283
-0.0613789 0.11091 2.36295
-0.0273662 -0.191989 2.47295
-0.0337154 -0.537033 2.57719
-0.00375393 -0.626872 2.51224
-0.113374 0.653041 2.26398
-0.431874 -0.0212597 2.31436
-0.401644 0.0348342 2.29133
0.188344 -0.0298284 2.30697
0.190702 0.0404154 2.24827
-0.140575 0.116353 2.39431
-0.127737 0.426593 2.32252
-0.115205 0.725911 2.23818
-0.152271 0.88261 2.22355
-0.292542 0.595153 2.24243
-0.370186 0.341756 2.30912
-0.426287 0.113951 2.30422
-0.426772 0.0447953 2.29747
0.042664 0.589799 2.25153
0.132099 0.335758 2.32518
0.187608 0.107561 2.30511
0.190036 0.0360766 2.29743
-0.214899 0.117515 2.35359
-0.289288 -0.170747 2.44551
-0.318245 -0.521948 2.56791
-0.349003 -0.606121 2.49983
-0.0629117 0.11159 2.36112
-0.0271847 -0.191912 2.47317
-0.0335742 -0.536875 2.57695
-0.00418538 -0.626354 2.51155
-0.118367 0.652724 2.26146
-0.423669 -0.0260195 2.31345
-0.397042 0.0327565 2.27926
0.189591 -0.0269662 2.30639
0.219677 0.0496435 2.29
-0.142303 0.11616 2.39401
-0.132392 0.425823 2.32152
-0.122925 0.724259 2.23661
-0.171898 0.877534 2.22405
-0.29927 0.592465 2.24579
-0.368434 0.337819 2.30894
-0.424045 0.109895 2.30419
-0.422214 0.0425489 2.29555
0.0366176 0.593394 2.249
0.134463 0.337332 2.32429
0.19042 0.109227 2.30419
0.191602 0.0344048 2.29682
-0.216725 0.11648 2.3543
-0.288825 -0.171769 2.44585
-0.318136 -0.522076 2.56798
-0.350258 -0.607307 2.50039
-0.0645849 0.112204 2.35978
-0.0268208 -0.190784 2.47302
-0.0336619 -0.536325 2.57691
-0.00416404 -0.626836 2.51184
-0.125338 0.651308 2.26001
-0.420609 -0.0321007 2.31346
-0.398544 0.0490811 2.30562
0.189848 -0.0293418 2.32193
0.195317 0.0363363 2.24997
-0.144163 0.115987 2.39377
-0.136521 0.425161 2.32123
-0.129024 0.723055 2.23658
-0.17854 0.874479 2.22238
-0.303483 0.590413 2.24726
-0.366969 0.334661 2.30889
-0.420801 0.106247 2.30315
-0.419848 0.0380364 2.29438
0.0319864 0.596104 2.24723
0.135929 0.339243 2.3236
0.192381 0.11121 2.30388
0.191167 0.0345587 2.29496
-0.218441 0.115691 2.35492
-0.288585 -0.172519 2.4455
-0.318183 -0.522714 2.56846
-0.350094 -0.607772 2.50011
-0.0663428 0.112674 2.35863
-0.0263515 -0.190125 2.47279
-0.0335798 -0.536162 2.57714
-0.00457036 -0.626362 2.51142
-0.130974 0.650235 2.25988
-0.414468 -0.0337202 2.30792
-0.391403 0.0311469 2.28111
0.188328 -0.0299157 2.32518
0.196934 0.0359222 2.25111
-0.14438 0.11601 2.39376
-0.136891 0.425118 2.32115
-0.129375 0.722956 2.23639
-0.175273 0.874646 2.21966
-0.303724 0.590267 2.24683
-0.36635 0.333616 2.30893
-0.420083 0.105153 2.30308
-0.421165 0.0318277 2.29288
0.0318291 0.596185 2.24703
0.135919 0.339626 2.32347
0.192007 0.111517 2.30265
0.189435 0.0353368 2.29324
-0.218619 0.115568 2.35509
-0.288611 -0.17337 2.44552
-0.318273 -0.522335 2.56842
-0.349996 -0.607695 2.49998
-0.0665187 0.112917 2.35833
-0.0262879 -0.190201 2.47299
-0.0335034 -0.536115 2.57726
-0.00470674 -0.626683 2.51099
-0.131347 0.65015 2.25972
-0.420583 -0.0237875 2.29694
-0.393489 0.0196225 2.27872
0.18137 -0.0338894 2.32921
0.195041 0.033908 2.24543
-0.144378 0.115988 2.39372
-0.136322 0.424991 2.32093
-0.127018 0.722691 2.23583
-0.158003 0.877549 2.21508
-0.301701 0.590935 2.24428
-0.366353 0.333776 2.30881
-0.419967 0.10526 2.30293
-0.427061 0.0329812 2.29369
0.0334794 0.59519 2.24757
0.13534 0.339675 2.32347
0.190979 0.111418 2.30293
0.184077 0.0310966 2.29752
-0.218599 0.115519 2.35509
-0.288466 -0.173608 2.44548
-0.317989 -0.522824 2.5687
-0.349625 -0.608059 2.50177
-0.0664636 0.112909 2.35827
-0.0263134 -0.190547 2.47361
-0.0334718 -0.535803 2.57752
-0.00465771 -0.626629 2.51063
-0.129543 0.649916 2.25926
-0.423621 -0.027203 2.30129
-0.400494 0.0104687 2.27887
0.178375 -0.03557 2.32766
0.192558 0.0321314 2.25062
-0.144224 0.115928 2.39367
-0.13376 0.424901 2.32068
-0.120512 0.722785 2.23547
-0.132467 0.879786 2.21103
-0.294469 0.592436 2.23917
-0.3683 0.335913 2.30804
-0.42291 0.107583 2.3009
-0.434678 0.0362257 2.29131
0.0378242 0.591595 2.24759
0.134108 0.339009 2.32388
0.189179 0.110568 2.30398
0.178554 0.0295403 2.30167
-0.218348 0.115582 2.35481
-0.288393 -0.173514 2.44539
-0.317849 -0.523406 2.56889
-0.349472 -0.606401 2.50291
-0.0661661 0.112645 2.35848
-0.0263635 -0.190887 2.47393
-0.0334731 -0.536042 2.57721
-0.00414819 -0.627157 2.51116
-0.124051 0.649947 2.25892
-0.434572 -0.0202189 2.30356
-0.408246 0.0194171 2.28744
0.171026 -0.0406064 2.32927
0.185289 0.0309787 2.25579
-0.142413 0.116028 2.39345
-0.128743 0.425215 2.32027
-0.113538 0.723356 2.23503
-0.0955155 0.878488 2.20837
-0.284107 0.596683 2.23537
-0.371051 0.344127 2.30526
-0.429489 0.116718 2.29758
-0.443219 0.0526374 2.28857
0.0458741 0.586531 2.25013
0.131163 0.333963 2.32645
0.185489 0.105254 2.30978
0.176069 0.0321017 2.3075
-0.215794 0.116747 2.35296
-0.288762 -0.172704 2.44508
-0.317826 -0.523213 2.56875
-0.349856 -0.607501 2.50201
-0.0641539 0.111823 2.35973
-0.0268754 -0.192123 2.47425
-0.0334924 -0.536013 2.57701
-0.00391318 -0.627353 2.51156
-0.11746 0.650457 2.25848
-0.444196 -0.0191175 2.30918
-0.423617 0.0339383 2.30125
0.180713 -0.0354408 2.31984
0.145762 0.00369817 2.28471
-0.140289 0.115875 2.393
-0.125064 0.424054 2.32019
-0.108739 0.720858 2.23554
-0.065829 0.870661 2.20929
-0.273777 0.598481 2.23029
-0.373711 0.347461 2.30386
-0.43325 0.120336 2.29656
-0.446467 0.0543044 2.28832
0.0540387 0.583007 2.25453
0.12714 0.331643 2.32831
0.181783 0.102976 2.31373
0.17119 0.0314262 2.30981
-0.21343 0.117664 2.35153
-0.288987 -0.172247 2.44424
-0.317744 -0.522885 2.56815
-0.350236 -0.607432 2.50296
-0.0620878 0.110581 2.36025
-0.0270259 -0.192238 2.47419
-0.0337462 -0.536195 2.57712
-0.00398388 -0.627296 2.50972
-0.112924 0.648319 2.25883
-0.44743 -0.0179453 2.30527
-0.419321 0.0347742 2.29291
0.17583 -0.0364735 2.32332
0.200351 0.050127 2.30377
-0.138207 0.114954 2.39342
-0.121731 0.422257 2.32042
-0.104481 0.718229 2.23546
-0.0473529 0.861931 2.20976
-0.265971 0.598922 2.22779
-0.377844 0.349969 2.30078
-0.436124 0.122513 2.2946
-0.448208 0.056798 2.28719
0.0600912 0.57879 2.2584
0.124487 0.328656 2.33047
0.179366 0.100082 2.31429
0.168161 0.030707 2.30737
-0.21131 0.117541 2.35109
-0.289959 -0.171102 2.44366
-0.317978 -0.523553 2.56839
-0.349131 -0.608106 2.50414
-0.0601145 0.108623 2.36189
-0.0273041 -0.192952 2.47425
-0.0339157 -0.536694 2.57705
-0.00383266 -0.627956 2.50888
-0.108878 0.645891 2.25884
-0.446068 -0.0148694 2.30413
-0.42161 0.0363773 2.27884
0.171271 -0.0354091 2.31761
0.192385 0.0403952 2.28277
-0.136946 0.114278 2.39361
-0.119831 0.421448 2.32186
-0.101812 0.717484 2.23962
-0.0424337 0.860277 2.21078
-0.262894 0.599293 2.22775
-0.379469 0.351152 2.29968
-0.438179 0.1238 2.29331
-0.449857 0.0566351 2.28439
0.062155 0.577137 2.26058
0.122579 0.327543 2.33217
0.176256 0.0987354 2.3138
0.166846 0.0311956 2.30488
-0.210142 0.117236 2.35074
-0.29028 -0.170151 2.44313
-0.317921 -0.523506 2.56846
-0.349058 -0.608561 2.50774
-0.0589157 0.107541 2.36275
-0.0272844 -0.193511 2.47417
-0.0339734 -0.536844 2.57709
-0.00370051 -0.62824 2.50917
-0.10641 0.645121 2.26222
-0.449783 -0.0142747 2.30342
-0.420882 0.0373449 2.26965
0.167808 -0.0391332 2.31882
0.170339 0.027567 2.26125
-0.136476 0.114031 2.3937
-0.119686 0.421026 2.32201
-0.102162 0.71677 2.2395
-0.0521478 0.864689 2.2111
-0.263543 0.599085 2.22849
-0.379396 0.351464 2.29955
-0.438517 0.1242 2.29238
-0.446535 0.0558872 2.28252
0.0624004 0.577174 2.26102
0.121943 0.326621 2.33318
0.17496 0.097729 2.31277
0.169705 0.0299008 2.30533
-0.209748 0.117239 2.35074
-0.290639 -0.170868 2.44363
-0.319347 -0.524968 2.56928
-0.347324 -0.606849 2.50669
-0.0585883 0.107074 2.36296
-0.0274858 -0.193726 2.47418
-0.0339767 -0.536872 2.57717
-0.00372241 -0.626829 2.51127
-0.106621 0.644503 2.26219
-0.44839 -0.0138347 2.30002
-0.428341 0.0653089 2.2966
0.164784 -0.0399537 2.31806
0.181367 0.0279836 2.26589
-0.136579 0.114078 2.39354
-0.120333 0.421466 2.3221
-0.104137 0.718123 2.23987
-0.0732573 0.872337 2.21179
-0.270315 0.59933 2.23196
-0.378359 0.35174 2.29975
-0.436791 0.124275 2.29175
-0.4414 0.0553276 2.28406
0.0600438 0.578583 2.26046
0.12259 0.326826 2.33287
0.177292 0.098332 2.31266
0.174662 0.0292429 2.30596
-0.209917 0.117243 2.35052
-0.29066 -0.1711 2.44381
-0.318993 -0.523791 2.56863
-0.348427 -0.607423 2.50515
-0.0587209 0.1072 2.36278
-0.0276304 -0.194022 2.47447
-0.0340417 -0.537506 2.57747
-0.00366916 -0.627288 2.51048
-0.108203 0.645577 2.2625
-0.440886 -0.020544 2.29974
-0.418862 0.0815262 2.2926
0.176 -0.0357816 2.31421
0.204713 0.0416893 2.30116
-0.137486 0.114064 2.39314
-0.122593 0.422319 2.32179
-0.108076 0.720153 2.23933
-0.0966013 0.877311 2.21292
-0.276146 0.598246 2.23368
-0.375639 0.349383 2.30103
-0.434254 0.121957 2.2915
-0.435201 0.0536824 2.28663
0.0533113 0.581113 2.25645
0.125217 0.32827 2.33103
0.180269 0.0998031 2.31239
0.18074 0.0300886 2.30351
-0.210948 0.116933 2.35043
-0.290559 -0.171099 2.44369
-0.318672 -0.523466 2.56806
-0.349101 -0.607438 2.50437
-0.0597426 0.107554 2.36194
-0.0276726 -0.193785 2.47409
-0.0342105 -0.537353 2.57732
-0.00322153 -0.627923 2.51046
-0.111727 0.647295 2.26205
-0.437988 -0.0193303 2.29928
-0.412115 0.107959 2.2985
0.177993 -0.0354365 2.31912
0.186441 0.0338804 2.25728
-0.13909 0.114295 2.39266
-0.125106 0.422908 2.3214
-0.11124 0.720866 2.23876
-0.121292 0.87865 2.21494
-0.284635 0.596017 2.23605
-0.373495 0.345009 2.30296
-0.429909 0.117022 2.29346
-0.430316 0.0487121 2.29197
0.0465954 0.58534 2.25298
0.127378 0.330981 2.32975
0.184157 0.102914 2.31163
0.185844 0.033487 2.30238
-0.212956 0.116237 2.35056
-0.290344 -0.171308 2.44375
-0.31954 -0.52473 2.56925
-0.347744 -0.606372 2.50439
-0.0613118 0.108857 2.36072
-0.0275124 -0.193421 2.47392
-0.0341956 -0.537281 2.57708
-0.00332969 -0.627889 2.51105
-0.114754 0.647994 2.26154
-0.429763 -0.0211595 2.30308
-0.402298 0.0233846 2.27433
0.189403 -0.0299941 2.31984
0.190519 0.0360994 2.25683
-0.141573 0.114498 2.39186
-0.130328 0.42332 2.32026
-0.119357 0.721261 2.23698
-0.153205 0.875971 2.21445
-0.294649 0.594393 2.24056
-0.371088 0.341315 2.30457
-0.426692 0.113146 2.29663
-0.429242 0.045758 2.29388
0.0391766 0.589984 2.24921
0.129477 0.334464 2.32854
0.185933 0.106291 2.31026
0.187407 0.0353627 2.2998
-0.215784 0.115166 2.35119
-0.290453 -0.173857 2.44514
-0.319279 -0.525142 2.56961
-0.348164 -0.606953 2.50344
-0.0637902 0.110534 2.3582
-0.0274788 -0.19235 2.47299
-0.0341401 -0.53692 2.57692
-0.0037467 -0.627861 2.51062
-0.122148 0.648409 2.25994
-0.42601 -0.0272011 2.31266
-0.404281 0.0647618 2.29064
0.189068 -0.0290149 2.31406
0.215377 0.0500774 2.29067
-0.143778 0.114479 2.39122
-0.134383 0.42348 2.31944
-0.125113 0.721519 2.23591
-0.166482 0.872358 2.21465
-0.299904 0.593929 2.24456
-0.370513 0.339436 2.30524
-0.426357 0.111325 2.29724
-0.430573 0.0459027 2.29088
0.0354551 0.5918 2.2477
0.130597 0.337472 2.3278
0.186616 0.109176 2.30911
0.186457 0.0365424 2.29873
-0.217905 0.114584 2.3511
-0.290784 -0.176952 2.44602
-0.319195 -0.525041 2.5696
-0.348531 -0.607101 2.50366
-0.0657325 0.11101 2.35717
-0.027316 -0.191392 2.47257
-0.0340798 -0.536366 2.57697
-0.00421769 -0.627218 2.51053
-0.127496 0.648645 2.25893
-0.426178 -0.0263465 2.3084
-0.407879 0.0624134 2.293
0.187956 -0.0284838 2.31033
0.172058 0.0200081 2.312
-0.144412 0.114404 2.39064
-0.135646 0.423464 2.31923
-0.127079 0.72152 2.23614
-0.167579 0.871809 2.21437
-0.301261 0.593579 2.24526
-0.370353 0.338823 2.30544
-0.425977 0.110638 2.29684
-0.430619 0.0440579 2.28707
0.0339426 0.592698 2.2471
0.130829 0.338307 2.32656
0.186786 0.109959 2.30854
0.185215 0.0360886 2.29596
-0.218412 0.114271 2.3509
-0.290917 -0.177317 2.44575
-0.319091 -0.52568 2.5699
-0.347824 -0.607567 2.5006
-0.0664085 0.111231 2.35612
-0.0273477 -0.190633 2.47172
-0.0341166 -0.536413 2.57692
-0.00384396 -0.627688 2.51106
-0.129286 0.648642 2.25903
-0.427067 -0.0277614 2.30305
-0.412915 0.031466 2.29642
0.189168 -0.0241308 2.30223
0.163786 0.0199596 2.30333
-0.144586 0.114225 2.38977
-0.135452 0.423508 2.31909
-0.12571 0.721915 2.23667
-0.155066 0.875677 2.21445
-0.300757 0.593676 2.24411
-0.370363 0.338445 2.3051
-0.426319 0.110323 2.29574
-0.432887 0.0454253 2.28566
0.0341544 0.59241 2.24736
0.130606 0.338147 2.32565
0.186673 0.109856 2.30622
0.181 0.0351654 2.29563
-0.218652 0.113923 2.35031
-0.290617 -0.176664 2.44511
-0.318661 -0.524812 2.56893
-0.348027 -0.60602 2.50254
-0.0663688 0.11123 2.35502
-0.0275657 -0.190744 2.47126
-0.0341219 -0.536349 2.57673
-0.0039196 -0.627661 2.51085
-0.128322 0.648923 2.25933
-0.428815 -0.027128 2.3063
-0.409518 0.0296991 2.298
0.186251 -0.0289248 2.3071
0.157957 0.0355651 2.298
-0.144607 0.114225 2.38962
-0.134517 0.423735 2.31942
-0.122536 0.722689 2.23822
-0.133778 0.879744 2.21472
-0.296614 0.594585 2.24084
-0.371661 0.339307 2.30396
-0.429067 0.111533 2.29256
-0.438044 0.0472495 2.28216
0.0363926 0.590334 2.24871
0.129405 0.336919 2.32539
0.184537 0.108087 2.30491
0.175639 0.0341518 2.29733
-0.218656 0.11388 2.34994
-0.290101 -0.174889 2.44395
-0.318628 -0.524127 2.56868
-0.348282 -0.606013 2.50209
-0.0663395 0.111183 2.35506
-0.0278991 -0.191506 2.47167
-0.0341731 -0.536326 2.5767
-0.00388049 -0.627685 2.51065
-0.125744 0.649557 2.26056
-0.435789 -0.0209911 2.29575
-0.408407 0.0212495 2.26631
0.183783 -0.0295094 2.30767
0.205909 0.0489881 2.29383
-0.144079 0.114091 2.38958
-0.132639 0.423903 2.32011
-0.119519 0.723156 2.23968
-0.108428 0.879008 2.21215
-0.290531 0.596793 2.23765
-0.374994 0.341357 2.30145
-0.431831 0.113418 2.28983
-0.443486 0.0484919 2.28019
0.0412691 0.585831 2.25257
0.125673 0.33355 2.32691
0.180758 0.105047 2.30657
0.170211 0.0316137 2.29833
-0.217852 0.114092 2.34924
-0.290048 -0.174393 2.44344
-0.318626 -0.524821 2.56869
-0.348377 -0.606927 2.50139
-0.0656256 0.110536 2.35573
-0.028323 -0.192566 2.47135
-0.0341514 -0.53702 2.57672
-0.00377608 -0.627608 2.51066
-0.122948 0.649961 2.26186
-0.44404 -0.0203739 2.29903
-0.413596 0.0274723 2.2703
0.174859 -0.0294518 2.30358
0.197144 0.0377346 2.2873
-0.141555 0.113956 2.38901
-0.130109 0.423189 2.3205
-0.117392 0.721529 2.24069
-0.0793508 0.872531 2.21292
-0.281705 0.599322 2.23313
-0.379445 0.346754 2.29775
-0.434572 0.11835 2.2873
-0.44691 0.0504718 2.27757
0.049375 0.583337 2.25903
0.121612 0.330226 2.32898
0.175432 0.101398 2.30933
0.165407 0.0315964 2.30163
-0.214862 0.114714 2.34695
-0.290159 -0.174386 2.44352
-0.318436 -0.525264 2.56907
-0.348758 -0.610778 2.49873
-0.0632197 0.109724 2.35674
-0.0284308 -0.194184 2.47184
-0.034203 -0.537044 2.57662
-0.00369068 -0.627818 2.5104
-0.120704 0.648589 2.26273
-0.446183 -0.0207532 2.29883
-0.428661 0.0371047 2.29049
0.169824 -0.0301966 2.30749
0.170954 0.0308256 2.25404
-0.140153 0.113456 2.38956
-0.12786 0.42208 2.32117
-0.114602 0.719631 2.24115
-0.0656517 0.867047 2.21108
-0.274216 0.598647 2.22898
-0.38043 0.347855 2.29557
-0.436086 0.119574 2.28496
-0.443663 0.0505993 2.27481
0.0532058 0.582889 2.26266
0.119739 0.328963 2.33021
0.172188 0.0998303 2.31012
0.163972 0.0286041 2.30122
-0.213321 0.114761 2.34669
-0.290392 -0.173862 2.44325
-0.318418 -0.524535 2.56856
-0.3479 -0.607371 2.50389
-0.0618661 0.108405 2.35863
-0.028591 -0.194828 2.47234
-0.0341548 -0.537245 2.5766
-0.00362226 -0.628048 2.5101
-0.11803 0.646894 2.26327
-0.443 -0.0209655 2.29328
-0.418781 0.0555903 2.2835
0.163386 -0.0352379 2.3065
0.194856 0.0120891 2.30386
-0.138586 0.112761 2.39037
-0.126271 0.421094 2.32127
-0.113003 0.718197 2.24036
-0.058567 0.86386 2.21124
-0.271387 0.598152 2.22779
-0.381134 0.347778 2.29437
-0.435457 0.119157 2.28373
-0.440555 0.0507511 2.27326
0.0551819 0.582005 2.26457
0.118367 0.327167 2.33169
0.170893 0.0980776 2.31107
0.163453 0.0295234 2.30599
-0.211819 0.114473 2.34699
-0.290583 -0.171647 2.44171
-0.318986 -0.525335 2.56973
-0.34903 -0.607913 2.50346
-0.0605524 0.107325 2.36003
-0.0286462 -0.194907 2.47236
-0.0341089 -0.536999 2.57657
-0.00355335 -0.628115 2.50982
-0.116435 0.645588 2.26274
-0.439695 -0.0213664 2.29271
-0.429512 0.0329148 2.28675
0.16591 -0.0353715 2.31465
0.19522 0.0134427 2.31886
-0.138169 0.112586 2.39045
-0.125932 0.420734 2.32132
-0.112834 0.717564 2.24029
-0.058275 0.863248 2.21087
-0.270324 0.597916 2.2269
-0.381145 0.34798 2.29386
-0.434167 0.119033 2.28117
-0.438393 0.0497162 2.2713
0.056756 0.581798 2.2656
0.117366 0.326381 2.33291
0.170372 0.0973475 2.31385
0.16569 0.0310988 2.30901
-0.211335 0.114447 2.34684
-0.290496 -0.171471 2.44166
-0.318444 -0.524643 2.56887
-0.349193 -0.607291 2.50285
-0.0602582 0.106989 2.36044
-0.028684 -0.195071 2.47231
-0.0340369 -0.537308 2.57654
-0.00360123 -0.628373 2.50912
-0.116207 0.64503 2.26271
-0.439257 -0.0210158 2.28736
-0.41677 0.053503 2.281
0.169184 -0.034046 2.31624
0.183906 0.0342579 2.27296
-0.138207 0.112503 2.39002
-0.126046 0.420809 2.32103
-0.11329 0.718014 2.24005
-0.0753519 0.870814 2.20944
-0.273654 0.598347 2.22798
-0.380029 0.348092 2.29317
-0.433303 0.119194 2.28106
-0.438972 0.0497101 2.27334
0.0547753 0.581953 2.26398
0.11766 0.3262 2.33379
0.173565 0.0978598 2.31491
0.171228 0.0322755 2.30984
-0.211508 0.114416 2.34609
-0.290341 -0.171431 2.44172
-0.31811 -0.524121 2.56829
-0.348483 -0.606646 2.503
-0.0602845 0.106894 2.36013
-0.0286874 -0.195089 2.47211
-0.0339139 -0.537225 2.57631
-0.00371009 -0.6279 2.5089
-0.116551 0.645352 2.26245
-0.43667 -0.0210173 2.28772
-0.409686 0.0331128 2.258
0.167383 -0.0339053 2.32226
0.199947 0.0369016 2.30126
-0.138515 0.112474 2.38979
-0.12655 0.42129 2.32084
-0.114268 0.719554 2.23993
-0.0975433 0.877671 2.21001
-0.277759 0.598034 2.22993
-0.378938 0.347563 2.29382
-0.432707 0.118784 2.28162
-0.43697 0.0464505 2.27493
0.0497921 0.582456 2.25988
0.119373 0.327706 2.33349
0.176862 0.0997205 2.31583
0.177062 0.0317257 2.30917
-0.211973 0.114275 2.34585
-0.290181 -0.171507 2.4417
-0.318065 -0.524579 2.56803
-0.34875 -0.607223 2.50191
-0.0605566 0.106985 2.35987
-0.0285133 -0.194882 2.47197
-0.034014 -0.537192 2.57632
-0.00385346 -0.627892 2.50867
-0.1174 0.646577 2.2623
-0.436142 -0.0209916 2.28501
-0.410827 0.0398094 2.27116
0.173007 -0.0339469 2.31997
0.206497 0.02782 2.3047
-0.13948 0.112468 2.3891
-0.127419 0.421815 2.32009
-0.115042 0.720549 2.23905
-0.123112 0.880597 2.21141
-0.285498 0.595834 2.23246
-0.37663 0.345406 2.29539
-0.431552 0.116918 2.28336
-0.43503 0.0474881 2.27856
0.0455582 0.585716 2.25708
0.122101 0.329285 2.33257
0.181032 0.101706 2.31351
0.182316 0.0313459 2.3045
-0.213165 0.113847 2.34571
-0.290061 -0.171644 2.44166
-0.317853 -0.524326 2.5682
-0.34861 -0.606431 2.5022
-0.0615744 0.10758 2.35825
-0.028309 -0.194562 2.47158
-0.0340476 -0.537228 2.57624
-0.00401255 -0.627318 2.50854
-0.118209 0.64746 2.26145
-0.434763 -0.0206977 2.29257
-0.418884 0.0416554 2.28309
0.184144 -0.0354802 2.32228
0.187949 0.0359878 2.26128
-0.141056 0.112539 2.38873
-0.13047 0.422779 2.31902
-0.119902 0.722476 2.23701
-0.147232 0.877841 2.21464
-0.293002 0.593773 2.2369
-0.373067 0.341069 2.29779
-0.428942 0.112835 2.28699
-0.43084 0.0455678 2.283
0.0399294 0.588656 2.2523
0.126125 0.331578 2.33042
0.183795 0.103599 2.31325
0.186397 0.0325989 2.30245
-0.215346 0.113172 2.34644
-0.2897 -0.17317 2.44221
-0.31779 -0.524706 2.56864
-0.348719 -0.607053 2.50184
-0.0630382 0.10841 2.35683
-0.0282106 -0.194077 2.47141
-0.0340771 -0.537356 2.57642
-0.00362046 -0.627843 2.50924
-0.122602 0.649154 2.25968
-0.428684 -0.0268582 2.2982
-0.397984 0.0587717 2.28
0.18342 -0.0349839 2.31736
0.195052 0.0342338 2.26043
-0.142928 0.112685 2.38838
-0.133973 0.42298 2.31855
-0.124989 0.722335 2.23658
-0.162474 0.87574 2.21488
-0.299202 0.592339 2.2407
-0.370725 0.338319 2.30016
-0.425646 0.109846 2.28893
-0.425692 0.0339711 2.28254
0.0352337 0.591316 2.24986
0.128881 0.335985 2.32624
0.187528 0.10828 2.30723
0.18985 0.0345341 2.29182
-0.217465 0.112593 2.34748
-0.290445 -0.174774 2.44219
-0.318369 -0.524708 2.56895
-0.349158 -0.607323 2.50239
-0.0648903 0.109371 2.35502
-0.0276642 -0.191504 2.47033
-0.0343017 -0.536818 2.57662
-0.00374234 -0.627955 2.50911
-0.127304 0.649135 2.25922
-0.424321 -0.0210239 2.28831
-0.398756 0.0260836 2.27403
0.189762 -0.0293476 2.30696
0.198315 0.0445998 2.24919
-0.143612 0.112798 2.38836
-0.135165 0.423083 2.31825
-0.126604 0.722305 2.23589
-0.164241 0.87552 2.21391
-0.300794 0.591946 2.24146
-0.369737 0.33684 2.30146
-0.423282 0.10803 2.29052
-0.425085 0.0333711 2.28425
0.033886 0.592021 2.24939
0.129554 0.337566 2.32488
0.188906 0.110132 2.30326
0.18859 0.029754 2.29336
-0.218177 0.112413 2.34801
-0.290691 -0.175668 2.44302
-0.318223 -0.524523 2.56904
-0.348688 -0.605628 2.50279
-0.065512 0.109763 2.35454
-0.0274642 -0.19104 2.46997
-0.0343617 -0.536359 2.5767
-0.0037783 -0.627411 2.51007
-0.128824 0.649149 2.25864
-0.424933 -0.0228419 2.29159
-0.397775 0.027624 2.27567
0.178589 -0.0407335 2.33156
0.192011 0.0188592 2.25118
-0.144292 0.112836 2.38863
-0.135289 0.423049 2.31819
-0.126259 0.722145 2.23558
-0.158112 0.876677 2.21053
-0.300928 0.591956 2.24147
-0.36965 0.336501 2.30168
-0.422535 0.107532 2.29157
-0.427561 0.0333766 2.2857
0.0338383 0.591889 2.24924
0.129581 0.337581 2.32458
0.188235 0.11003 2.30142
0.185333 0.0298097 2.29122
-0.218789 0.112327 2.34853
-0.290479 -0.176614 2.44389
-0.31842 -0.524623 2.56922
-0.349176 -0.606454 2.50219
-0.0660222 0.109888 2.35465
-0.0274058 -0.190967 2.47003
-0.034269 -0.535936 2.57647
-0.00384717 -0.627462 2.5101
-0.128675 0.64904 2.25843
-0.427013 -0.0224207 2.29391
-0.399896 0.0175573 2.27671
0.177194 -0.0405589 2.32642
0.189187 0.0158248 2.24787
-0.144626 0.113019 2.38882
-0.134483 0.423413 2.31815
-0.12248 0.723209 2.23521
-0.130727 0.879402 2.20511
-0.297231 0.592937 2.23858
-0.371261 0.337261 2.30197
-0.424528 0.108382 2.29267
-0.436678 0.0426597 2.29001
0.0359374 0.588873 2.24941
0.128704 0.336151 2.32481
0.186725 0.107386 2.3011
0.180158 0.0341545 2.29282
-0.219004 0.112676 2.34875
-0.290335 -0.176286 2.44393
-0.318528 -0.524588 2.56896
-0.348411 -0.605646 2.50346
-0.066334 0.109883 2.35492
-0.0276839 -0.191018 2.47038
-0.0343722 -0.535584 2.57669
-0.00394615 -0.62545 2.51147
-0.12575 0.649914 2.25814
-0.432988 -0.023839 2.30527
-0.408196 0.0210125 2.27576
0.185937 -0.0293782 2.30116
0.154721 0.0152274 2.2688
-0.144662 0.113135 2.38893
-0.133042 0.424032 2.31811
-0.118548 0.724386 2.23469
-0.107143 0.879255 2.20393
-0.288289 0.595801 2.23411
-0.373373 0.340719 2.30169
-0.428964 0.112409 2.29346
-0.443187 0.0488274 2.28723
0.040506 0.58488 2.2511
0.126254 0.333327 2.3268
0.18434 0.105598 2.30426
0.173851 0.0296504 2.30017
-0.21888 0.113495 2.34823
-0.290118 -0.175998 2.44366
-0.318528 -0.525069 2.56877
-0.347711 -0.606384 2.50223
-0.0664656 0.109392 2.35632
-0.0281035 -0.191109 2.4706
-0.034364 -0.535455 2.57653
-0.00402942 -0.62493 2.51237
-0.122413 0.650957 2.25775
-0.4426 -0.0206403 2.30559
-0.41955 0.0198389 2.28456
0.177896 -0.0352273 2.30572
0.145771 0.00535328 2.27753
-0.144565 0.113204 2.38894
-0.129618 0.424024 2.31731
-0.111114 0.723605 2.23277
-0.0827993 0.875658 2.20268
-0.280671 0.597536 2.22965
-0.376513 0.345457 2.29957
-0.435032 0.117881 2.29133
-0.450025 0.0524675 2.2851
0.0499137 0.580613 2.25393
0.122985 0.328183 2.33015
0.179088 0.0998254 2.3111
0.169793 0.0276775 2.30959
-0.218461 0.114677 2.34721
-0.29033 -0.175125 2.44333
-0.318671 -0.524957 2.56858
-0.347075 -0.605924 2.50359
-0.0661949 0.108672 2.35707
-0.0289154 -0.19173 2.4709
-0.0343329 -0.5355 2.57651
-0.00409083 -0.62579 2.51108
-0.115929 0.650398 2.25609
-0.453574 -0.0156804 2.30245
-0.425177 0.02075 2.2815
0.172787 -0.0407758 2.32183
0.139061 -0.00234994 2.29025
-0.14357 0.113023 2.38947
-0.125596 0.422484 2.31701
-0.10518 0.720303 2.23138
-0.0584844 0.868124 2.20396
-0.270208 0.5981 2.22377
-0.379635 0.348129 2.29722
-0.440244 0.121111 2.28953
-0.454266 0.0587766 2.28151
0.0546745 0.577937 2.2561
0.121091 0.325549 2.3319
0.176261 0.0968839 2.31599
0.16597 0.0246715 2.31348
-0.217148 0.115361 2.34706
-0.291486 -0.172906 2.44252
-0.319399 -0.525526 2.56866
-0.34813 -0.607635 2.50253
-0.0651306 0.10724 2.35862
-0.0301454 -0.192906 2.47098
-0.0343556 -0.535678 2.57639
-0.00371664 -0.626526 2.51063
-0.110396 0.647539 2.25498
-0.455619 -0.0137837 2.30135
-0.426902 0.0307206 2.26667
0.169637 -0.0428834 2.32573
0.128117 -0.00999774 2.319
-0.142953 0.112585 2.38954
-0.123404 0.421032 2.31675
-0.102217 0.717927 2.23117
-0.0493423 0.865303 2.20396
-0.265753 0.598349 2.22181
-0.382601 0.349857 2.29364
-0.443944 0.122997 2.28467
-0.454536 0.0566024 2.27431
0.0584361 0.575475 2.25774
0.118576 0.321486 2.33373
0.17341 0.0927287 2.31849
0.163542 0.0217479 2.31409
-0.216282 0.115592 2.3463
-0.292302 -0.171369 2.44178
-0.319297 -0.525621 2.56849
-0.349271 -0.610381 2.49875
-0.0646674 0.10572 2.35948
-0.0304983 -0.193528 2.4708
-0.0341414 -0.535573 2.5762
-0.00384909 -0.62708 2.50898
-0.107596 0.645382 2.25474
-0.457786 -0.0132624 2.29527
-0.448694 -0.0224737 2.3015
0.166899 -0.0422919 2.32214
0.1348 -0.00339665 2.29588
-0.142438 0.112437 2.38932
-0.122986 0.420714 2.31666
-0.102138 0.717528 2.23129
-0.0521582 0.867119 2.20392
-0.265563 0.598417 2.2216
-0.382586 0.350654 2.29206
-0.443519 0.123647 2.28187
-0.451617 0.0579011 2.2712
0.0591403 0.575246 2.25797
0.118419 0.321344 2.33375
0.172135 0.0922979 2.319
0.165025 0.0220858 2.31317
-0.215699 0.11583 2.34566
-0.292513 -0.171321 2.44187
-0.319444 -0.525115 2.5686
-0.348792 -0.609083 2.50153
-0.0642817 0.105315 2.35943
-0.0306647 -0.19352 2.47043
-0.0340938 -0.535772 2.57621
-0.0038674 -0.627516 2.5087
-0.107439 0.645006 2.25481
-0.454056 -0.013499 2.28661
-0.434068 0.0560621 2.2806
0.16719 -0.0428717 2.3255
0.136035 0.00184442 2.29234
-0.141962 0.112573 2.38829
-0.123439 0.421161 2.31598
-0.104852 0.718924 2.23079
-0.0714654 0.875076 2.20384
-0.268613 0.598403 2.22128
-0.381655 0.350535 2.29131
-0.440972 0.123068 2.28061
-0.444374 0.0559751 2.27101
0.0578106 0.576105 2.2565
0.118893 0.321897 2.33318
0.174125 0.0932124 2.31791
0.171016 0.0254541 2.30923
-0.215217 0.115923 2.34402
-0.292315 -0.17144 2.44159
-0.319234 -0.524261 2.56854
-0.347782 -0.60724 2.50346
-0.0639135 0.105537 2.35874
-0.0307212 -0.19331 2.47009
-0.0340775 -0.535764 2.57615
-0.0038391 -0.627372 2.50899
-0.10939 0.646082 2.25422
-0.447667 -0.0181959 2.28837
-0.427346 0.0558087 2.27993
0.169284 -0.0426535 2.32544
0.153555 -0.00312188 2.319
-0.142016 0.11251 2.38668
-0.125255 0.422 2.31389
-0.109349 0.721015 2.22849
-0.107945 0.880945 2.20369
-0.279437 0.596368 2.22292
-0.377917 0.345827 2.29177
-0.433438 0.117374 2.28172
-0.434231 0.0478649 2.27459
0.048183 0.580495 2.24823
0.123324 0.327404 2.32892
0.182911 0.0998235 2.31217
0.185021 0.0290424 2.3009
-0.215493 0.11521 2.34274
-0.291325 -0.171166 2.44061
-0.318804 -0.523186 2.56781
-0.348207 -0.605726 2.50393
-0.0638453 0.106357 2.35636
-0.0304043 -0.192707 2.46923
-0.0340224 -0.535493 2.57594
-0.00374495 -0.626853 2.5101
-0.113244 0.647856 2.25194
-0.437312 -0.0213795 2.28607
-0.414447 0.0387594 2.2818
0.179613 -0.0391709 2.32125
0.151446 0.00267586 2.28767
-0.143117 0.112289 2.38545
-0.128536 0.422219 2.31237
-0.114769 0.72152 2.22712
-0.134867 0.878996 2.20386
-0.288544 0.593315 2.22474
-0.374079 0.340161 2.29245
-0.427595 0.111238 2.28376
-0.426255 0.0422354 2.28022
0.0422347 0.584917 2.24328
0.128907 0.334787 2.32373
0.189528 0.107437 2.30714
0.195183 0.0308317 2.29656
-0.216865 0.1141 2.34252
-0.291115 -0.171548 2.44055
-0.318605 -0.523394 2.56804
-0.348789 -0.606055 2.50343
-0.0650532 0.107236 2.35343
-0.0295416 -0.192122 2.46904
-0.0341089 -0.535413 2.57597
-0.00377844 -0.626686 2.51068
-0.118199 0.648315 2.25053
-0.423003 -0.0332921 2.2964
-0.395998 0.0403093 2.27056
0.190932 -0.0374004 2.33208
0.183714 -0.0453539 2.34
-0.144065 0.112006 2.38418
-0.131945 0.42189 2.31112
-0.120939 0.720893 2.22633
-0.154881 0.874387 2.202
-0.295093 0.590052 2.22755
-0.369518 0.33532 2.29278
-0.422341 0.106267 2.28546
-0.419839 0.0388263 2.28009
0.0376746 0.588144 2.24065
0.13319 0.339117 2.31981
0.193279 0.111594 2.30339
0.197667 0.0320293 2.28976
-0.217903 0.113088 2.34218
-0.29039 -0.172276 2.44015
-0.31844 -0.523627 2.56797
-0.349175 -0.606318 2.5034
-0.0659556 0.107785 2.35108
-0.0287615 -0.191344 2.46841
-0.033954 -0.5356 2.57581
-0.00377643 -0.62662 2.51065
-0.123697 0.647783 2.24961
-0.417553 -0.034405 2.2945
-0.389908 0.0636551 2.28725
0.193872 -0.0350513 2.32136
0.179141 -0.0203628 2.3216
-0.14507 0.1118 2.38313
-0.134738 0.421647 2.31009
-0.125276 0.720495 2.22549
-0.164153 0.870395 2.20167
-0.298338 0.588706 2.2292
-0.367593 0.333413 2.2929
-0.418241 0.103873 2.28654
-0.414923 0.0280154 2.27806
0.0350776 0.589762 2.23931
0.134846 0.339987 2.31835
0.194899 0.112478 2.30067
0.195579 0.0300029 2.28396
-0.219099 0.112277 2.34174
-0.289919 -0.17327 2.43949
-0.318299 -0.524983 2.56873
-0.349111 -0.606542 2.50238
-0.0667687 0.108125 2.34961
-0.0276314 -0.189536 2.46731
-0.0340711 -0.535346 2.57581
-0.0040823 -0.626206 2.51064
-0.12768 0.647429 2.24873
-0.41808 -0.0263808 2.28817
-0.387886 0.029314 2.28027
0.191141 -0.0338906 2.31372
0.181046 -0.0396535 2.319
-0.145371 0.11163 2.38256
-0.135373 0.421363 2.30987
-0.126042 0.720012 2.22555
-0.165482 0.869727 2.20086
-0.299254 0.588565 2.22989
-0.366169 0.332142 2.29243
-0.41651 0.102535 2.28629
-0.416617 0.0276525 2.27598
0.0342218 0.590254 2.23848
0.135184 0.340459 2.31758
0.194248 0.112747 2.29771
0.189463 0.0304134 2.28519
-0.219418 0.111781 2.34148
-0.289961 -0.175203 2.43848
-0.317776 -0.525417 2.56877
-0.350135 -0.608191 2.49916
-0.0669989 0.108216 2.34887
-0.0271387 -0.189118 2.46705
-0.0342633 -0.53436 2.57552
-0.00459285 -0.625768 2.51003
-0.128425 0.647002 2.24872
-0.417249 -0.0272239 2.2836
-0.388608 0.0205069 2.2587
0.181169 -0.0389223 2.32311
0.169389 0.0391696 2.29511
-0.145228 0.11156 2.38229
-0.13504 0.421196 2.30994
-0.124797 0.719452 2.2262
-0.156369 0.871324 2.19821
-0.299133 0.588728 2.22999
-0.365907 0.332233 2.29206
-0.415343 0.102376 2.28417
-0.419637 0.0370615 2.27322
0.0344659 0.590241 2.23842
0.1341 0.340004 2.31741
0.191826 0.111957 2.29699
0.184676 0.0309428 2.28958
-0.219339 0.111602 2.34144
-0.289385 -0.175294 2.43832
-0.317485 -0.524183 2.56833
-0.350268 -0.60809 2.49961
-0.0667382 0.108263 2.3484
-0.0267549 -0.189721 2.4674
-0.0342726 -0.534505 2.57541
-0.00438128 -0.626305 2.51104
-0.127475 0.646565 2.24919
-0.415758 -0.032962 2.28855
-0.400853 0.0212167 2.2845
0.178868 -0.0378695 2.31865
0.167443 0.0138969 2.306
-0.144378 0.111618 2.38231
-0.132522 0.421361 2.31073
-0.119686 0.719792 2.22794
-0.121723 0.875109 2.19623
-0.292245 0.590898 2.22713
-0.366517 0.332865 2.29201
-0.417619 0.103353 2.28211
-0.42727 0.0397394 2.27462
0.0400812 0.587292 2.24164
0.132398 0.33755 2.31815
0.188923 0.109155 2.29898
0.179142 0.0282588 2.29625
-0.218375 0.111757 2.34122
-0.287932 -0.174804 2.43777
-0.317227 -0.524426 2.56812
-0.349909 -0.607679 2.5015
-0.0658277 0.108176 2.34889
-0.0268203 -0.191018 2.46773
-0.0341351 -0.534664 2.57549
-0.00470494 -0.626407 2.51004
-0.123037 0.646846 2.25072
-0.421889 -0.0313538 2.29722
-0.397367 0.0285383 2.264
0.175532 -0.0383806 2.31996
0.154585 0.0308591 2.3067
