-0.110092 0.177813 2.40828
-0.103675 0.47954 2.32887
-0.0974843 0.770391 2.2381
-0.0733448 0.921631 2.22461
-0.262247 0.673116 2.27529
-0.333465 0.400153 2.3406
-0.407193 0.170224 2.36983
-0.417915 0.147339 2.38079
0.0724875 0.666094 2.27888
0.123455 0.383494 2.32018
0.147919 0.13929 2.30969
0.147551 0.102709 2.32111
-0.182297 0.177861 2.37219
-0.23854 -0.163992 2.49278
-0.227469 -0.523815 2.62874
-0.23511 -0.602572 2.55971
-0.0347413 0.172484 2.37331
-0.00280368 -0.173364 2.46949
-0.0383479 -0.536529 2.61048
-0.0404387 -0.621237 2.5408
-0.0990815 0.699285 2.26283
-0.432402 0.0609695 2.4093
-0.375067 0.159838 2.34949
0.156783 0.0243122 2.34181
0.117785 0.072466 2.31392
-0.110555 0.177892 2.40841
-0.103998 0.479595 2.3289
-0.0976289 0.770433 2.23807
-0.0735442 0.921655 2.22454
-0.262537 0.673179 2.27552
-0.333144 0.400231 2.34059
-0.407055 0.170529 2.37074
-0.417817 0.14886 2.38294
0.0720986 0.665937 2.27884
0.123206 0.383434 2.3206
0.147615 0.139225 2.31049
0.148579 0.103712 2.32373
-0.18281 0.177908 2.37247
-0.238769 -0.163994 2.4932
-0.227524 -0.524382 2.629
-0.235076 -0.602653 2.55968
-0.0351572 0.172602 2.37332
-0.00318632 -0.173257 2.46996
-0.0380523 -0.535444 2.61108
-0.0414811 -0.619628 2.54493
-0.0992668 0.699329 2.26281
-0.432947 0.061987 2.40543
-0.376395 0.157955 2.35142
0.160342 0.0273223 2.34124
0.126748 0.0737747 2.31437
-0.110728 0.177767 2.40841
-0.10431 0.479453 2.32874
-0.0979974 0.770301 2.23771
-0.0741231 0.921232 2.22375
-0.262669 0.672945 2.27558
-0.332208 0.398733 2.34041
-0.407753 0.169741 2.37139
-0.417974 0.147622 2.38205
0.0714626 0.665608 2.27814
0.122944 0.38377 2.32054
0.14751 0.139575 2.31078
0.148788 0.101551 2.32196
-0.183003 0.177738 2.37255
-0.238915 -0.164196 2.49331
-0.227599 -0.524901 2.62887
-0.234961 -0.602859 2.55982
-0.0353057 0.172504 2.37325
-0.00373433 -0.173481 2.4703
-0.0376546 -0.538337 2.61321
-0.03979 -0.620335 2.54225
-0.0996282 0.699192 2.26251
-0.432892 0.0619795 2.40518
-0.389255 0.113353 2.37867
0.154608 0.0242773 2.34256
0.118108 0.0859781 2.31295
-0.110954 0.177792 2.40837
-0.104469 0.479395 2.32867
-0.0980805 0.770153 2.23759
-0.0742961 0.921171 2.22349
-0.262808 0.672988 2.27563
-0.332083 0.398947 2.34024
-0.407626 0.169981 2.3714
-0.416073 0.148547 2.38034
0.0713493 0.665456 2.27776
0.122684 0.383689 2.32047
0.147486 0.139517 2.31061
0.148237 0.1024 2.31894
-0.183188 0.177694 2.37261
-0.239327 -0.163893 2.49312
-0.227723 -0.525129 2.62892
-0.234837 -0.603114 2.55927
-0.0355658 0.1726 2.3731
-0.00410058 -0.173434 2.47018
-0.0375573 -0.536747 2.61233
-0.0402216 -0.61921 2.54351
-0.0997273 0.699068 2.2624
-0.429901 0.0619877 2.40527
-0.368101 0.17308 2.34444
0.158834 0.0234415 2.34554
0.111281 0.111327 2.29946
-0.111014 0.177799 2.40841
-0.104558 0.47938 2.32871
-0.0981752 0.770133 2.23764
-0.0743254 0.921164 2.22349
-0.262759 0.6732 2.27569
-0.331742 0.400227 2.34019
-0.407193 0.171178 2.37111
-0.417354 0.148073 2.38081
0.0713394 0.665445 2.27775
0.122597 0.383926 2.32028
0.147142 0.139726 2.31069
0.147222 0.102148 2.32019
-0.183273 0.177727 2.37276
-0.239641 -0.164287 2.4934
-0.227638 -0.524916 2.62889
-0.234439 -0.602989 2.55897
-0.0355876 0.172585 2.37304
-0.00412747 -0.173498 2.47027
-0.0376248 -0.536715 2.61209
-0.0400345 -0.619143 2.54329
-0.0998225 0.699047 2.26245
-0.432625 0.0619428 2.40368
-0.370573 0.170667 2.34646
0.156378 0.0235453 2.33799
0.119459 0.0670936 2.3184
-0.110856 0.177699 2.40829
-0.104468 0.479299 2.32862
-0.098046 0.770078 2.23757
-0.0723597 0.920934 2.22386
-0.262521 0.672974 2.27556
-0.331476 0.399138 2.33991
-0.407046 0.170131 2.37082
-0.414618 0.146995 2.37864
0.071473 0.665476 2.27769
0.122444 0.383997 2.31981
0.146734 0.139765 2.30949
0.147975 0.100853 2.31861
-0.183104 0.177655 2.37271
-0.239592 -0.164193 2.49324
-0.227549 -0.526031 2.62882
-0.234799 -0.602914 2.55868
-0.0354189 0.17245 2.37284
-0.00419268 -0.173436 2.47014
-0.0373836 -0.537638 2.61292
-0.0404451 -0.619963 2.54089
-0.0997115 0.698983 2.26237
-0.427967 0.0595156 2.39917
-0.384393 0.134225 2.3688
0.156995 0.0214173 2.33949
0.118744 0.0704994 2.31143
-0.109662 0.177745 2.40787
-0.101966 0.478302 2.32891
-0.0932276 0.767332 2.23922
-0.0497524 0.914986 2.23151
-0.260755 0.67272 2.27446
-0.332175 0.395815 2.33833
-0.406657 0.167096 2.37251
-0.411687 0.144146 2.37967
0.0716008 0.664682 2.27833
0.121409 0.381521 2.31788
0.146718 0.137404 2.30853
0.149591 0.103593 2.31753
-0.18189 0.177805 2.3721
-0.239349 -0.164097 2.49323
-0.227628 -0.525382 2.62889
-0.235302 -0.602728 2.55908
-0.0341641 0.1724 2.37254
-0.00336909 -0.17266 2.46953
-0.0367828 -0.534659 2.61271
-0.041008 -0.617641 2.54438
-0.095533 0.696724 2.26363
-0.422256 0.0581479 2.406
-0.383853 0.115198 2.372
0.161527 0.0226997 2.3431
0.119148 0.0822806 2.31343
-0.108753 0.17667 2.40766
-0.102838 0.477285 2.32965
-0.0990887 0.766474 2.24214
-0.0272582 0.904323 2.23893
-0.257061 0.668817 2.2717
-0.33492 0.391026 2.33691
-0.407302 0.162342 2.37444
-0.41561 0.1456 2.3836
0.0726016 0.652474 2.28396
0.120116 0.375635 2.31646
0.148938 0.131934 2.30656
0.152161 0.106081 2.31324
-0.180756 0.176668 2.37057
-0.238783 -0.163101 2.49314
-0.227606 -0.525024 2.62907
-0.235398 -0.602461 2.55954
-0.0332036 0.171114 2.3735
-0.00116839 -0.170886 2.46678
-0.0374073 -0.535097 2.61251
-0.0416456 -0.61629 2.54776
-0.0998097 0.695708 2.26592
-0.425407 0.0608029 2.40675
-0.375378 0.15387 2.35836
0.162952 0.0243694 2.34049
0.12547 0.0806809 2.3067
-0.106334 0.173518 2.40733
-0.0975184 0.472504 2.33122
-0.0865819 0.759476 2.24564
-0.0127092 0.897956 2.24277
-0.258591 0.665969 2.27219
-0.362864 0.389426 2.34808
-0.409737 0.152116 2.37572
-0.425826 0.154051 2.38493
0.0740143 0.641708 2.28966
0.1183 0.37032 2.31672
0.152091 0.127318 2.30237
0.149497 0.104351 2.31165
-0.178254 0.173122 2.36705
-0.238726 -0.161828 2.49366
-0.227668 -0.525406 2.62903
-0.235547 -0.602394 2.55925
-0.0304196 0.167665 2.3763
0.000727161 -0.170022 2.46305
-0.0374427 -0.534871 2.61323
-0.0417995 -0.616384 2.54726
-0.0896244 0.689387 2.26894
-0.437453 0.0687213 2.41088
-0.38064 0.17758 2.3539
0.167325 0.0226144 2.33443
0.126503 0.0687997 2.30376
-0.105695 0.172119 2.40711
-0.0945614 0.469995 2.33225
-0.081692 0.756653 2.24747
-0.0044288 0.893933 2.2458
-0.253216 0.663851 2.26886
-0.356345 0.404586 2.33445
-0.424322 0.174567 2.3724
-0.442235 0.151912 2.37981
0.0744631 0.638899 2.29301
0.116426 0.366884 2.31845
0.152697 0.124281 2.30328
0.142286 0.103134 2.3173
-0.177634 0.171177 2.36491
-0.239538 -0.158403 2.49517
-0.227365 -0.525843 2.62933
-0.235375 -0.602363 2.55902
-0.0299429 0.166655 2.37769
0.00230241 -0.169423 2.46046
-0.0375792 -0.535393 2.61325
-0.0412159 -0.617786 2.5456
-0.0850678 0.686557 2.27064
-0.458508 0.0736571 2.39809
-0.345319 0.0989845 2.34429
0.155815 0.0235363 2.33749
0.123741 0.0680636 2.30742
-0.105799 0.171502 2.40728
-0.0939065 0.469238 2.33285
-0.0805781 0.755992 2.24831
-0.00396393 0.893681 2.24593
-0.251996 0.663358 2.26804
-0.356425 0.405127 2.33116
-0.429545 0.176431 2.36769
-0.443704 0.147413 2.37226
0.0746786 0.638396 2.29476
0.114854 0.365344 2.31921
0.151729 0.122828 2.3049
0.141628 0.102633 2.31991
-0.177736 0.170588 2.36468
-0.240452 -0.156621 2.49529
-0.227592 -0.526836 2.62978
-0.235179 -0.602563 2.55886
-0.0302664 0.166224 2.37847
0.00222436 -0.169372 2.46025
-0.0380225 -0.535392 2.61308
-0.0413124 -0.61809 2.54518
-0.0840351 0.685861 2.27144
-0.460343 0.0723834 2.39242
-0.350556 0.101766 2.33663
0.158258 0.0233508 2.33699
0.101829 0.111589 2.31607
-0.105911 0.171485 2.40761
-0.0948098 0.469755 2.33327
-0.084295 0.758042 2.24816
-0.00802023 0.896572 2.24438
-0.250592 0.663124 2.267
-0.34672 0.399527 2.32483
-0.432323 0.176105 2.36469
-0.438827 0.15541 2.36451
0.0739085 0.642253 2.29543
0.114049 0.365788 2.32114
0.150494 0.123203 2.30711
0.141807 0.105205 2.3244
-0.177795 0.170609 2.3649
-0.241779 -0.15622 2.4963
-0.227618 -0.527166 2.63
-0.234618 -0.602711 2.55874
-0.0305409 0.166376 2.37913
0.0018994 -0.169304 2.4605
-0.0373525 -0.535682 2.61406
-0.0414644 -0.618212 2.54409
-0.0868248 0.687434 2.27151
-0.45754 0.071857 2.38222
-0.393672 0.166401 2.33826
0.153039 0.0245371 2.34079
0.094357 0.133946 2.30293
-0.106884 0.173278 2.40792
-0.0962943 0.472497 2.33302
-0.0859509 0.761539 2.24697
-0.0321503 0.909055 2.23927
-0.251196 0.665571 2.26633
-0.340748 0.396236 2.32098
-0.430872 0.17493 2.36199
-0.428213 0.146496 2.36188
0.0743058 0.657284 2.29547
0.115331 0.372349 2.32304
0.14898 0.129323 2.30958
0.147066 0.108157 2.32413
-0.178881 0.172871 2.36588
-0.242803 -0.158519 2.49664
-0.22758 -0.526987 2.62994
-0.234732 -0.602596 2.55826
-0.0316254 0.168235 2.37897
0.00112819 -0.169533 2.46237
-0.0375 -0.534743 2.61325
-0.0415562 -0.617953 2.54414
-0.0885158 0.690808 2.27055
-0.449588 0.0629646 2.38104
-0.348885 0.0967469 2.31453
0.163446 0.0341859 2.34299
0.120159 0.0701448 2.31972
-0.110613 0.177166 2.40905
-0.103632 0.479674 2.33197
-0.0970031 0.77203 2.2428
-0.0772904 0.925489 2.23237
-0.261211 0.669963 2.26952
-0.337149 0.397997 2.32495
-0.419283 0.171655 2.35755
-0.416363 0.142721 2.36295
0.0706203 0.667105 2.28932
0.120538 0.379959 2.32393
0.153565 0.136809 2.31124
0.163101 0.111155 2.31884
-0.183134 0.176513 2.36899
-0.247682 -0.156775 2.48935
-0.227849 -0.52488 2.62996
-0.235723 -0.60215 2.55888
-0.0351203 0.172761 2.37833
-0.00140457 -0.169242 2.46756
-0.037343 -0.535241 2.61391
-0.0412581 -0.618508 2.54507
-0.0986934 0.700508 2.26719
-0.429591 0.0559885 2.38681
-0.368749 0.17226 2.328
0.175221 0.0348707 2.34638
0.135421 0.086947 2.31204
-0.115307 0.180038 2.41121
-0.109631 0.482359 2.33267
-0.104024 0.774129 2.24238
-0.109751 0.929084 2.22942
-0.264843 0.670834 2.27144
-0.338874 0.396145 2.3317
-0.410054 0.164479 2.35552
-0.405042 0.139485 2.36283
0.0668395 0.673395 2.28333
0.12884 0.387055 2.32222
0.161312 0.143792 2.30995
0.173389 0.114497 2.31305
-0.187724 0.178569 2.37251
-0.248438 -0.15658 2.48531
-0.227908 -0.522823 2.63013
-0.236246 -0.601737 2.55859
-0.0397397 0.176348 2.37915
-0.00456008 -0.168734 2.47215
-0.037352 -0.535777 2.614
-0.041274 -0.61847 2.54514
-0.105477 0.70278 2.26702
-0.416477 0.0541005 2.38868
-0.35173 0.177489 2.3241
0.184926 0.0370964 2.33485
0.135436 0.119014 2.30158
-0.117694 0.18201 2.41147
-0.112347 0.483705 2.33296
-0.107007 0.774761 2.24295
-0.137565 0.923874 2.22953
-0.266474 0.670942 2.27425
-0.335186 0.393221 2.33473
-0.403106 0.159589 2.35163
-0.396182 0.140063 2.35686
0.064829 0.677922 2.28101
0.137696 0.396817 2.32186
0.169048 0.15341 2.30568
0.180611 0.114712 2.30935
-0.190294 0.180294 2.37372
-0.248251 -0.156875 2.48405
-0.227717 -0.522051 2.6298
-0.235939 -0.601661 2.55891
-0.0418726 0.178538 2.37847
-0.00607493 -0.168045 2.47431
-0.0367661 -0.536791 2.61549
-0.0402684 -0.618251 2.54535
-0.108389 0.703596 2.2675
-0.410604 0.0562696 2.38168
-0.338354 0.178386 2.32167
0.191013 0.0372596 2.33507
0.150076 0.0984755 2.30616
-0.120129 0.183008 2.41136
-0.117454 0.48383 2.33341
-0.115295 0.77335 2.24455
-0.154513 0.914108 2.23206
-0.266425 0.668146 2.27492
-0.329622 0.377689 2.33572
-0.398056 0.143488 2.34527
-0.389355 0.137209 2.35181
0.0621439 0.679913 2.27796
0.14784 0.401966 2.32141
0.177634 0.158352 2.30471
0.190895 0.117723 2.31295
-0.193107 0.180872 2.37449
-0.245838 -0.157981 2.48652
-0.228065 -0.521712 2.62949
-0.236134 -0.602055 2.56002
-0.0439944 0.179915 2.37741
-0.00605311 -0.166813 2.47379
-0.0368009 -0.535282 2.61466
-0.0402069 -0.616542 2.54636
-0.115872 0.702612 2.26876
-0.402101 0.0557922 2.37791
-0.332566 0.167938 2.34525
0.203308 0.0422708 2.32967
0.163193 0.101709 2.3033
-0.120687 0.182974 2.41143
-0.119198 0.482899 2.33355
-0.118214 0.771378 2.24458
-0.159989 0.909858 2.23162
-0.265016 0.663855 2.27339
-0.325699 0.376918 2.33237
-0.39277 0.142242 2.34125
-0.384567 0.132256 2.34759
0.0601963 0.68031 2.27409
0.153958 0.404486 2.32166
0.18432 0.160907 2.3065
0.19586 0.121716 2.3152
-0.193913 0.180519 2.37504
-0.243789 -0.158754 2.4902
-0.228895 -0.522385 2.63034
-0.236638 -0.601666 2.55974
-0.0443376 0.180045 2.37702
-0.00439706 -0.165134 2.47104
-0.0370346 -0.534344 2.61395
-0.0405332 -0.616456 2.5457
-0.118517 0.700892 2.26884
-0.398091 0.050595 2.36876
-0.336326 0.151744 2.3094
0.210348 0.0467129 2.33141
0.15409 0.144742 2.31955
-0.120685 0.182815 2.4113
-0.120355 0.482381 2.33354
-0.121177 0.770618 2.24484
-0.162503 0.907625 2.23208
-0.263973 0.662466 2.27365
-0.323857 0.373903 2.33041
-0.389298 0.138456 2.33548
-0.381502 0.132292 2.34257
0.0589849 0.681341 2.27188
0.160162 0.404659 2.32113
0.18903 0.160865 2.30853
0.200651 0.122438 2.31998
-0.193939 0.180003 2.37507
-0.242295 -0.159721 2.49185
-0.228626 -0.520835 2.6301
-0.236757 -0.601325 2.55938
-0.04425 0.180076 2.37667
-0.00123336 -0.161295 2.46777
-0.0372337 -0.535266 2.61552
-0.040845 -0.615471 2.54824
-0.121005 0.700167 2.26902
-0.39521 0.0466217 2.36662
-0.33351 0.163596 2.32217
0.215462 0.0459284 2.33684
0.16856 0.104058 2.3199
-0.120984 0.182485 2.4108
-0.121055 0.481852 2.33343
-0.121949 0.770039 2.24508
-0.163767 0.906441 2.23252
-0.262444 0.661323 2.27366
-0.319133 0.375618 2.32679
-0.385056 0.140299 2.33199
-0.376895 0.130773 2.33919
0.0586892 0.681726 2.27129
0.165043 0.406335 2.32172
0.193541 0.162496 2.3088
0.205273 0.122844 2.31905
-0.194338 0.179515 2.37498
-0.241377 -0.161209 2.49241
-0.229394 -0.52157 2.63093
-0.236664 -0.601363 2.56006
-0.0443949 0.179875 2.37545
0.000610155 -0.158946 2.46762
-0.0371765 -0.536041 2.61629
-0.0411986 -0.615648 2.54778
-0.121776 0.699598 2.26918
-0.391366 0.0449118 2.35557
-0.352113 0.10451 2.3259
0.22221 0.0476041 2.34071
0.177509 0.0914509 2.31478
-0.120031 0.181546 2.4096
-0.119047 0.480565 2.3329
-0.117497 0.768268 2.24524
-0.16144 0.905373 2.23189
-0.259387 0.659741 2.27372
-0.315083 0.373464 2.32586
-0.381979 0.138399 2.33062
-0.369695 0.132043 2.34001
0.0611756 0.681282 2.27189
0.169184 0.405499 2.32185
0.197955 0.161697 2.30937
0.209136 0.123208 2.31641
-0.193619 0.178764 2.37401
-0.239925 -0.161963 2.49185
-0.229244 -0.521192 2.63104
-0.237282 -0.601 2.55998
-0.0430581 0.178816 2.37403
0.00237354 -0.156929 2.46875
-0.0373273 -0.537585 2.61696
-0.0407747 -0.616879 2.5476
-0.118052 0.697957 2.26914
-0.382672 0.0449796 2.35563
-0.325766 0.145976 2.33543
0.223188 0.0467247 2.33251
0.173907 0.124634 2.3051
-0.117831 0.181747 2.40933
-0.1116 0.481828 2.33148
-0.10292 0.771537 2.24196
-0.135238 0.915436 2.22882
-0.255315 0.662383 2.27238
-0.310818 0.380205 2.32566
-0.376786 0.144913 2.33158
-0.367458 0.133205 2.3461
0.0712619 0.680368 2.27232
0.170795 0.400037 2.32199
0.200881 0.156429 2.30905
0.21125 0.121522 2.31448
-0.191229 0.179256 2.37339
-0.238611 -0.162405 2.49063
-0.228693 -0.521057 2.63056
-0.237162 -0.600887 2.56008
-0.0409386 0.178794 2.37414
0.00318249 -0.155561 2.46862
-0.0370661 -0.538223 2.6177
-0.0406628 -0.617036 2.54651
-0.105307 0.700662 2.26639
-0.38278 0.0512733 2.3651
-0.323574 0.147317 2.33492
0.229664 0.0433294 2.34073
0.179191 0.107156 2.31064
-0.115324 0.182488 2.40922
-0.105819 0.483866 2.33083
-0.0949597 0.774755 2.24089
-0.093252 0.925505 2.22723
-0.250379 0.668359 2.27086
-0.312843 0.389654 2.32747
-0.37183 0.152581 2.33551
-0.376336 0.134739 2.35437
0.0812214 0.676774 2.27341
0.168025 0.399188 2.32093
0.201619 0.156045 2.30894
0.205939 0.121507 2.31556
-0.18816 0.18048 2.37325
-0.237298 -0.162 2.48938
-0.228361 -0.52119 2.63036
-0.237352 -0.600733 2.56014
-0.0389948 0.179139 2.37412
0.00595286 -0.156436 2.46796
-0.0363116 -0.539241 2.61877
-0.0407021 -0.617287 2.54712
-0.0977852 0.703612 2.26541
-0.386585 0.0493026 2.37332
-0.330913 0.156121 2.33329
0.224843 0.0426877 2.33471
0.164857 0.127605 2.30023
-0.106783 0.183781 2.40895
-0.0967027 0.484992 2.3316
-0.0859712 0.775598 2.24283
-0.0571312 0.923896 2.22668
-0.247799 0.671982 2.27118
-0.316321 0.396797 2.32815
-0.375813 0.160456 2.34269
-0.392804 0.141966 2.35614
0.082826 0.675769 2.2746
0.160952 0.395198 2.31681
0.197278 0.152459 2.306
0.195656 0.120054 2.3099
-0.180028 0.182456 2.37328
-0.234557 -0.160188 2.48697
-0.228318 -0.521128 2.63047
-0.23764 -0.600708 2.56017
-0.0303162 0.179688 2.37359
0.00752432 -0.155979 2.4647
-0.0351956 -0.537599 2.61933
-0.0411616 -0.61412 2.55042
-0.0887404 0.704533 2.26706
-0.403178 0.0536152 2.37933
-0.349215 0.152123 2.328
0.214475 0.0439954 2.33763
0.166409 0.0897796 2.30846
-0.094609 0.182768 2.40592
-0.0858852 0.483173 2.33133
-0.0761836 0.771291 2.24549
-0.0238466 0.911408 2.23014
-0.243711 0.672068 2.2706
-0.322307 0.397297 2.32862
-0.395958 0.165934 2.34953
-0.414047 0.144642 2.36182
0.0922003 0.670835 2.2788
0.151633 0.387429 2.30957
0.185241 0.144471 2.2893
0.183072 0.115067 2.28697
-0.168664 0.182428 2.36977
-0.230894 -0.158477 2.48348
-0.227442 -0.521224 2.63037
-0.238423 -0.601047 2.5599
-0.0176839 0.17767 2.37105
0.00871917 -0.158781 2.46347
-0.0339782 -0.538031 2.62018
-0.041022 -0.614905 2.54999
-0.0782348 0.700991 2.26885
-0.427642 0.0609848 2.38314
-0.389225 0.106982 2.36157
0.194341 0.0371316 2.30964
0.153589 0.0905164 2.2827
-0.0894542 0.180593 2.40497
-0.0769083 0.479498 2.33223
-0.0636602 0.76705 2.24883
-0.00162176 0.900856 2.23372
-0.232435 0.671784 2.26894
-0.324347 0.395626 2.32799
-0.404176 0.166769 2.35141
-0.419424 0.146648 2.36631
0.0995576 0.656992 2.28251
0.149122 0.376289 2.30437
0.180982 0.133368 2.27909
0.178467 0.111236 2.27662
-0.163145 0.1815 2.3678
-0.229327 -0.155986 2.48143
-0.226122 -0.5214 2.63018
-0.238511 -0.60105 2.55989
-0.0127324 0.174137 2.37113
0.00861877 -0.161463 2.46403
-0.0330172 -0.537975 2.62029
-0.0395852 -0.615666 2.54997
-0.066964 0.69682 2.2716
-0.43336 0.0683778 2.38374
-0.376376 0.152258 2.339
0.187529 0.0307292 2.30342
0.146953 0.0890293 2.26963
-0.0861596 0.177768 2.40508
-0.0693438 0.475049 2.33407
-0.0513633 0.761468 2.25262
0.0188238 0.8921 2.23833
-0.227431 0.669075 2.26638
-0.325494 0.401822 2.32513
-0.408773 0.175063 2.35366
-0.421825 0.151681 2.37005
0.103287 0.64495 2.28723
0.147414 0.371155 2.30262
0.178146 0.128373 2.27339
0.173936 0.108754 2.27712
-0.159564 0.179619 2.36642
-0.228485 -0.154764 2.48166
-0.225789 -0.521312 2.63008
-0.238862 -0.601531 2.56041
-0.00965946 0.170104 2.37281
0.00895312 -0.16527 2.46541
-0.0321117 -0.537337 2.6203
-0.0387396 -0.616696 2.54904
-0.0559203 0.691453 2.27494
-0.430386 0.0787266 2.38616
-0.388537 0.121685 2.36301
0.186452 0.0294799 2.29098
0.146405 0.0727047 2.26529
-0.0874324 0.173493 2.40629
-0.0637727 0.469586 2.33576
-0.0344641 0.753627 2.25434
0.0490156 0.880912 2.23992
-0.206991 0.666454 2.2579
-0.328902 0.413293 2.31806
-0.416173 0.189444 2.35375
-0.426755 0.159183 2.36757
0.107738 0.628854 2.29189
0.143477 0.367032 2.3038
0.176371 0.12443 2.27634
0.169005 0.104667 2.29047
-0.160524 0.177062 2.36552
-0.229694 -0.152532 2.4881
-0.225382 -0.523956 2.6303
-0.237947 -0.60194 2.55955
-0.0116967 0.163897 2.377
0.0100696 -0.166023 2.46358
-0.0313071 -0.536846 2.62038
-0.039867 -0.616201 2.54844
-0.0421216 0.68416 2.27676
-0.441593 0.0892673 2.38165
-0.338636 0.111706 2.33223
0.181183 0.0289415 2.30065
0.145237 0.0668953 2.28247
-0.0903834 0.172107 2.40724
-0.0611927 0.467673 2.33636
-0.0266616 0.750825 2.2549
0.056652 0.878229 2.24031
-0.203196 0.668328 2.25534
-0.330631 0.414509 2.3132
-0.420797 0.191749 2.34849
-0.423142 0.158102 2.35372
0.109521 0.62495 2.29308
0.142601 0.362299 2.30903
0.175165 0.119525 2.28403
0.169129 0.103908 2.30367
-0.162969 0.176214 2.36516
-0.234729 -0.156224 2.49703
-0.225435 -0.524201 2.63002
-0.238015 -0.601932 2.55922
-0.0151757 0.162202 2.37897
0.00792268 -0.168128 2.46081
-0.0310323 -0.538023 2.62068
-0.0402268 -0.61686 2.54863
-0.0355553 0.681529 2.27735
-0.447877 0.0914819 2.36861
-0.343674 0.102539 2.31171
0.182745 0.0284659 2.31352
0.145593 0.068088 2.29467
-0.0914933 0.171449 2.40733
-0.0602091 0.466816 2.33646
-0.0249558 0.750197 2.25523
0.058199 0.877142 2.24016
-0.205614 0.668119 2.25602
-0.327758 0.414529 2.3087
-0.42294 0.193664 2.34284
-0.421935 0.158952 2.34442
0.110016 0.624379 2.29389
0.142738 0.360503 2.31239
0.175545 0.117467 2.29458
0.170705 0.100532 2.31277
-0.164193 0.175101 2.36437
-0.23529 -0.156692 2.49928
-0.225411 -0.524311 2.62998
-0.237974 -0.602213 2.55872
-0.0163587 0.16217 2.37976
0.00541079 -0.166911 2.45606
-0.0310682 -0.539379 2.62064
-0.0397748 -0.617701 2.54804
-0.0339591 0.680856 2.27762
-0.446226 0.0893434 2.35971
-0.348915 0.10789 2.30475
0.182837 0.0250268 2.32843
0.14448 0.0707352 2.29897
-0.0951532 0.170704 2.40802
-0.0618451 0.466889 2.3366
-0.0276244 0.751482 2.25456
0.0525467 0.878683 2.23902
-0.206281 0.666251 2.25591
-0.326771 0.41139 2.30541
-0.424962 0.190048 2.32981
-0.417496 0.159732 2.33048
0.108872 0.628237 2.29379
0.142736 0.360568 2.31572
0.176459 0.117576 2.30391
0.175628 0.102949 2.31701
-0.167619 0.17415 2.36419
-0.237123 -0.158453 2.50097
-0.225266 -0.52507 2.63036
-0.237781 -0.602409 2.5584
-0.0201274 0.16195 2.38116
0.00338486 -0.164934 2.45533
-0.0309546 -0.540103 2.62081
-0.0390545 -0.620837 2.54393
-0.0361854 0.681783 2.27717
-0.441647 0.0795694 2.34292
-0.348344 0.110415 2.31126
0.187606 0.0261701 2.34109
0.150598 0.0665215 2.31185
-0.0953069 0.173131 2.4066
-0.0701068 0.473517 2.33454
-0.0489119 0.764204 2.25115
0.00897979 0.903897 2.23568
-0.218614 0.667717 2.25875
-0.322709 0.390897 2.30402
-0.427093 0.172758 2.32948
-0.413566 0.150957 2.33244
0.106285 0.652103 2.29403
0.142924 0.368522 2.3175
0.177596 0.125638 2.30484
0.182005 0.109971 2.30959
-0.167613 0.175226 2.36397
-0.24159 -0.156456 2.49004
-0.225123 -0.525899 2.63031
-0.237681 -0.602688 2.55806
-0.02047 0.166378 2.37776
0.00209604 -0.164667 2.45628
-0.0312683 -0.539438 2.61938
-0.0386668 -0.61941 2.54605
-0.0540293 0.693075 2.27404
-0.431841 0.0703786 2.35069
-0.387242 0.113697 2.33083
0.196812 0.0354784 2.33385
0.159326 0.0657989 2.3024
-0.0951278 0.177377 2.40658
-0.0770816 0.480629 2.33346
-0.0638512 0.773764 2.24857
-0.0354741 0.923616 2.23378
-0.23508 0.674279 2.26716
-0.323443 0.387647 2.31215
-0.413431 0.16241 2.33358
-0.403775 0.144835 2.34454
0.0996207 0.665333 2.29056
0.14673 0.379431 2.31931
0.180407 0.136419 2.30267
0.189133 0.120202 2.30612
-0.167349 0.178528 2.36511
-0.24224 -0.154128 2.47494
-0.224466 -0.524614 2.63006
-0.237805 -0.602602 2.55822
-0.0202622 0.171487 2.37658
0.00117882 -0.163628 2.4595
-0.0311923 -0.540153 2.61967
-0.0388686 -0.618958 2.54743
-0.0669748 0.702091 2.27185
-0.418683 0.0635403 2.36199
-0.365546 0.130419 2.331
0.201331 0.0427661 2.32683
0.162042 0.096143 2.29972
-0.0962237 0.180101 2.40747
-0.0857817 0.484764 2.3331
-0.0791035 0.7781 2.24643
-0.0747854 0.931796 2.23198
-0.244149 0.67471 2.27104
-0.320736 0.391239 2.31964
-0.39811 0.160803 2.33811
-0.388992 0.140947 2.34951
0.0912054 0.673966 2.28178
0.151661 0.393588 2.31853
0.187196 0.150945 2.2971
0.19897 0.125028 2.2992
-0.168865 0.180656 2.36846
-0.23887 -0.154387 2.46729
-0.224068 -0.524038 2.62966
-0.2381 -0.60271 2.55849
-0.0212295 0.175139 2.37572
0.00314228 -0.161849 2.46396
-0.0313958 -0.539676 2.6191
-0.0381849 -0.618721 2.54751
-0.08071 0.70642 2.27017
-0.405978 0.0523101 2.37069
-0.343558 0.166821 2.31529
0.213393 0.0491123 2.32146
0.165375 0.117556 2.2875
-0.0978971 0.182947 2.41007
-0.0907594 0.486828 2.33352
-0.0862505 0.779479 2.24465
-0.113035 0.930755 2.2327
-0.249212 0.673012 2.27274
-0.317851 0.387091 2.32542
-0.387023 0.153905 2.34311
-0.38076 0.138692 2.35535
0.0850606 0.680046 2.27699
0.15656 0.401983 2.31551
0.192389 0.159298 2.29526
0.2052 0.127369 2.30213
-0.170944 0.182286 2.37344
-0.23474 -0.155845 2.46876
-0.223542 -0.521991 2.62977
-0.238433 -0.602412 2.55892
-0.0224652 0.178899 2.37642
0.00760057 -0.157151 2.46606
-0.0313915 -0.539373 2.61973
-0.0376279 -0.619208 2.54676
-0.0873387 0.707972 2.26897
-0.394667 0.0502914 2.37807
-0.337073 0.148786 2.32508
0.222209 0.053547 2.32076
0.171768 0.116921 2.29748
-0.098139 0.184278 2.41235
-0.103724 0.486401 2.33462
-0.116022 0.77583 2.24339
-0.163331 0.913477 2.23578
-0.260483 0.665053 2.27489
-0.31412 0.38257 2.33201
-0.379004 0.147575 2.34484
-0.37493 0.134711 2.35576
0.0667465 0.684541 2.26653
0.16636 0.410024 2.31287
0.196109 0.166306 2.29833
0.204911 0.135372 2.31251
-0.171783 0.181684 2.3776
-0.227309 -0.15846 2.48736
-0.222576 -0.523302 2.63021
-0.238175 -0.60233 2.55853
-0.0219792 0.181965 2.37725
0.0145193 -0.152985 2.46662
-0.0315091 -0.539051 2.61938
-0.0375385 -0.617433 2.55046
-0.112898 0.705151 2.26833
-0.388925 0.0431358 2.38035
-0.327467 0.162805 2.3226
0.218182 0.0585658 2.33283
0.172542 0.124226 2.30724
-0.0990382 0.183047 2.41571
-0.113862 0.482277 2.3372
-0.132459 0.769883 2.2452
-0.197026 0.904034 2.24038
-0.26521 0.650302 2.27594
-0.311816 0.381863 2.334
-0.372592 0.145673 2.34622
-0.36797 0.123898 2.36306
0.0517904 0.683251 2.2582
0.168349 0.412598 2.31233
0.198748 0.168957 2.30513
0.201636 0.141551 2.32176
-0.173155 0.177445 2.38406
-0.224611 -0.159843 2.49541
-0.222495 -0.523568 2.63057
-0.238076 -0.602337 2.55891
-0.0222971 0.182245 2.37816
0.0166103 -0.151678 2.46933
-0.0317926 -0.538652 2.62005
-0.0379201 -0.617448 2.54778
-0.127899 0.699584 2.2703
-0.378574 0.0336564 2.38452
-0.320722 0.163778 2.32653
0.211717 0.0717752 2.33885
0.172924 0.104588 2.32431
-0.0996514 0.18018 2.41812
-0.121381 0.478177 2.33878
-0.146266 0.76534 2.24672
-0.214936 0.897527 2.24551
-0.268718 0.645121 2.27582
-0.311163 0.379667 2.33489
-0.361452 0.140932 2.34695
-0.357509 0.115755 2.36395
0.0379084 0.678512 2.25334
0.167392 0.415189 2.31057
0.199675 0.171948 2.30908
0.20421 0.146725 2.32359
-0.173901 0.172884 2.38816
-0.223532 -0.16172 2.49623
-0.222532 -0.52453 2.63101
-0.238143 -0.602456 2.5591
-0.0225717 0.181345 2.37863
0.018614 -0.149579 2.47093
-0.0315888 -0.538002 2.62046
-0.0380486 -0.616796 2.5493
-0.140121 0.695103 2.2718
-0.365874 0.0264321 2.38443
-0.311715 0.14641 2.33132
0.215851 0.0790438 2.34126
0.165441 0.15288 2.31923
-0.100045 0.177897 2.4195
-0.126554 0.47581 2.33976
-0.155313 0.76345 2.24788
-0.223085 0.894482 2.24718
-0.272824 0.638981 2.27644
-0.311053 0.379571 2.33468
-0.351947 0.138947 2.34649
-0.352136 0.109767 2.36369
0.0308021 0.676248 2.25171
0.162318 0.420776 2.30585
0.201424 0.178738 2.30854
0.209159 0.14913 2.31216
-0.174512 0.170119 2.39046
-0.2231 -0.163688 2.49464
-0.222062 -0.524123 2.63115
-0.238453 -0.602242 2.55921
-0.0226954 0.180031 2.37874
0.0186043 -0.146646 2.47453
-0.0313754 -0.53845 2.6208
-0.0375345 -0.617996 2.54863
-0.148243 0.693063 2.2729
-0.361799 0.026249 2.3884
-0.319599 0.0801668 2.35889
0.224118 0.0733511 2.34433
0.170795 0.151272 2.30637
-0.100469 0.177147 2.41948
-0.127554 0.475452 2.33982
-0.156051 0.763465 2.24815
-0.222055 0.894296 2.24688
-0.273449 0.638937 2.2759
-0.311631 0.377758 2.33392
-0.351219 0.136854 2.34511
-0.354478 0.112908 2.3595
0.0374073 0.677303 2.25486
0.163296 0.421115 2.30528
0.202189 0.178696 2.29949
0.207865 0.147872 2.29499
-0.17492 0.169404 2.39029
-0.223022 -0.163921 2.49367
-0.221853 -0.523721 2.6313
-0.23861 -0.602205 2.55935
-0.0231524 0.179377 2.37851
0.0184834 -0.145585 2.47511
-0.0316217 -0.538236 2.62071
-0.0383321 -0.618369 2.54489
-0.149083 0.692984 2.27313
-0.362883 0.0256066 2.38245
-0.29803 0.143782 2.3625
0.223441 0.0719712 2.32035
0.174223 0.145634 2.28454
-0.101748 0.177902 2.41789
-0.126168 0.476891 2.3381
-0.146272 0.767123 2.24526
-0.195921 0.904607 2.24162
-0.271848 0.643621 2.273
-0.313834 0.373748 2.33208
-0.354817 0.132968 2.34175
-0.363485 0.120143 2.35293
0.0477741 0.681764 2.25884
0.16348 0.421413 2.30416
0.200483 0.178652 2.28972
0.201379 0.141308 2.28495
-0.176229 0.170833 2.38682
-0.222923 -0.16388 2.49308
-0.221937 -0.523889 2.63139
-0.238511 -0.602172 2.55919
-0.0243891 0.17978 2.37785
0.0186506 -0.14503 2.47366
-0.0316377 -0.537743 2.62006
-0.0378663 -0.617653 2.54796
-0.142072 0.69601 2.27052
-0.376584 0.0301029 2.37143
-0.301531 0.145048 2.35544
0.214431 0.0625138 2.31023
0.164286 0.141882 2.271
-0.102751 0.181335 2.41371
-0.113507 0.485357 2.33163
-0.117739 0.779597 2.23848
-0.140783 0.930167 2.22949
-0.26874 0.657092 2.26823
-0.315972 0.378615 2.3253
-0.367498 0.139805 2.33361
-0.381572 0.123744 2.34101
0.057039 0.683765 2.26222
0.156879 0.415889 2.3042
0.194317 0.173345 2.28467
0.189195 0.137791 2.28764
-0.177161 0.176007 2.37955
-0.226506 -0.164158 2.48732
-0.222037 -0.52178 2.63073
-0.238865 -0.601598 2.55925
-0.0252541 0.181575 2.37615
0.0180044 -0.14542 2.46232
-0.0316194 -0.537063 2.61986
-0.0377724 -0.617113 2.54855
-0.117023 0.707685 2.26368
-0.388722 0.0368944 2.36113
-0.34938 0.0953686 2.33583
0.204155 0.0605123 2.30643
0.155408 0.128407 2.27545
-0.103283 0.18275 2.41126
-0.111574 0.486551 2.33119
-0.114512 0.780495 2.2401
-0.108582 0.931749 2.22948
-0.269223 0.66307 2.26874
-0.323768 0.382459 2.32342
-0.378048 0.143813 2.32517
-0.394866 0.123457 2.33428
0.0619682 0.682521 2.26615
0.149117 0.411136 2.30631
0.184225 0.168306 2.28535
0.18196 0.137599 2.29039
-0.177386 0.177595 2.37648
-0.229977 -0.16324 2.47747
-0.222502 -0.522149 2.63095
-0.238748 -0.601923 2.55927
-0.0259942 0.182635 2.3746
0.0146351 -0.149697 2.45818
-0.0310697 -0.537472 2.62154
-0.0380229 -0.617703 2.54791
-0.11411 0.708647 2.26473
-0.406137 0.0369924 2.34876
-0.365664 0.0889172 2.32271
0.195091 0.0600967 2.3057
0.1484 0.136916 2.28033
-0.1027 0.183996 2.40858
-0.107372 0.487276 2.33112
-0.106907 0.779969 2.24382
-0.0787558 0.92587 2.23394
-0.268569 0.667481 2.2701
-0.330848 0.389345 2.32315
-0.388783 0.151472 2.323
-0.409084 0.12606 2.33301
0.0672254 0.681272 2.27341
0.141307 0.407151 2.30817
0.179796 0.164884 2.28675
0.178249 0.135511 2.29033
-0.175862 0.179817 2.37305
-0.23195 -0.160974 2.47033
-0.223356 -0.521142 2.63072
-0.238559 -0.601429 2.56
-0.0261385 0.183085 2.37271
0.0106019 -0.153984 2.45806
-0.0316485 -0.538011 2.62104
-0.03797 -0.618248 2.54727
-0.107302 0.70849 2.26742
-0.41664 0.0382326 2.34482
-0.380402 0.094846 2.3245
0.191065 0.0568323 2.31261
0.139834 0.145055 2.27996
-0.100685 0.183505 2.40544
-0.0987551 0.485613 2.33252
-0.091431 0.776376 2.25235
-0.0478819 0.916503 2.24186
-0.263954 0.669591 2.26881
-0.340883 0.390849 2.32278
-0.401177 0.153903 2.32785
-0.418322 0.132042 2.34409
0.07252 0.674466 2.28172
0.134358 0.396296 2.3114
0.179609 0.155453 2.28654
0.177696 0.133686 2.29124
-0.173145 0.180325 2.36787
-0.236183 -0.154687 2.4617
-0.223838 -0.521341 2.63067
-0.237986 -0.600968 2.55961
-0.0248275 0.181786 2.37117
0.00899628 -0.155751 2.45936
-0.0322875 -0.53737 2.61978
-0.0384075 -0.616503 2.54869
-0.0934624 0.705333 2.2741
-0.428262 0.0468724 2.3587
-0.388309 0.0965877 2.34033
0.192095 0.0506933 2.31411
0.137212 0.147191 2.28621
-0.0974787 0.180296 2.40315
-0.0881902 0.481377 2.33655
-0.075472 0.771964 2.26229
-0.0127838 0.904514 2.25731
-0.250188 0.668111 2.26139
-0.3513 0.397699 2.31366
-0.419793 0.165728 2.34097
-0.442141 0.130543 2.37264
0.0773779 0.651451 2.29645
0.129725 0.388654 2.31465
0.180976 0.149133 2.28885
0.179299 0.13661 2.30168
-0.169859 0.178524 2.36326
-0.235663 -0.149623 2.46773
-0.22414 -0.522493 2.63016
-0.237477 -0.600889 2.5587
-0.0215843 0.176155 2.37153
0.00664052 -0.158501 2.46059
-0.0328305 -0.539654 2.62067
-0.0391512 -0.617022 2.54842
-0.0787593 0.700873 2.28272
-0.440827 0.0691549 2.3808
-0.398533 0.113977 2.36967
0.193878 0.0608356 2.3117
0.137236 0.151391 2.29112
-0.0987701 0.177794 2.40417
-0.0854326 0.478694 2.34001
-0.0688848 0.768971 2.26757
0.000457018 0.898421 2.26455
-0.245306 0.667271 2.26082
-0.358954 0.411521 2.30912
-0.442095 0.184523 2.33663
-0.461161 0.160027 2.34887
0.0797786 0.643638 2.30217
0.127815 0.388544 2.31762
0.182098 0.14976 2.29101
0.180827 0.135137 2.30558
-0.170733 0.177452 2.36316
-0.237144 -0.147794 2.48213
-0.224815 -0.523414 2.62994
-0.237471 -0.60136 2.55902
-0.0236804 0.171962 2.37457
0.00597786 -0.159897 2.45994
-0.0340546 -0.53992 2.61922
-0.0397269 -0.619329 2.54499
-0.0731835 0.697949 2.28762
-0.47323 0.0819756 2.37038
-0.432633 0.124978 2.365
0.198276 0.0571415 2.32234
0.144487 0.128059 2.29707
-0.104376 0.175743 2.40691
-0.0857183 0.477076 2.34265
-0.0665565 0.767098 2.26993
0.004129 0.897018 2.26745
-0.243669 0.668209 2.26093
-0.357409 0.411305 2.30614
-0.458174 0.18966 2.31932
-0.474603 0.164494 2.32052
0.0815653 0.640514 2.30533
0.127708 0.387711 2.32114
0.18298 0.149214 2.29384
0.18356 0.134429 2.30934
-0.176404 0.176246 2.36533
-0.242103 -0.151005 2.49442
-0.225042 -0.525168 2.62955
-0.237583 -0.602021 2.55927
-0.029164 0.169555 2.37778
0.00373226 -0.161931 2.45829
-0.0341635 -0.539417 2.61769
-0.0404583 -0.616998 2.54894
-0.0715355 0.696209 2.29001
-0.493734 0.0843671 2.32254
-0.497736 0.0967423 2.2975
0.202488 0.0605454 2.32037
0.13862 0.158471 2.30656
-0.112097 0.175824 2.41093
-0.0889279 0.477042 2.3461
-0.0669441 0.767077 2.27156
0.00170392 0.897548 2.26683
-0.24416 0.669577 2.26326
-0.357228 0.388271 2.30212
-0.474633 0.174248 2.30356
-0.463698 0.163845 2.30141
0.082045 0.641185 2.30752
0.127497 0.39095 2.32395
0.184085 0.152621 2.29877
0.187835 0.13767 2.3101
-0.184482 0.177428 2.37029
-0.241819 -0.156092 2.50774
-0.224965 -0.52726 2.62927
-0.237092 -0.60279 2.55988
-0.0364485 0.168889 2.3808
0.00150901 -0.16192 2.45769
-0.0341529 -0.538861 2.61569
-0.0404409 -0.618203 2.54745
-0.0724322 0.696196 2.29204
-0.485231 0.084096 2.30332
-0.49361 0.149235 2.27373
0.209172 0.0593151 2.32844
0.148754 0.14674 2.31586
-0.113978 0.177183 2.41371
-0.0922667 0.479003 2.34754
-0.0726885 0.770382 2.27036
-0.0195115 0.905554 2.25885
-0.247458 0.670804 2.26685
-0.353817 0.39285 2.30249
-0.466557 0.17603 2.29983
-0.451485 0.162521 2.30591
0.0799789 0.65885 2.30609
0.127261 0.399259 2.32549
0.18301 0.160661 2.3009
0.188893 0.140476 2.30854
-0.186212 0.178165 2.37424
-0.241294 -0.158128 2.5126
-0.224377 -0.527057 2.62892
-0.236608 -0.602973 2.5593
-0.0384574 0.170969 2.38259
0.00061644 -0.162212 2.45937
-0.0344506 -0.542522 2.61795
-0.0400526 -0.619473 2.54414
-0.0774251 0.699088 2.29169
-0.475743 0.0769729 2.31425
-0.478581 0.139938 2.27881
0.207362 0.0625723 2.32516
0.155513 0.132939 2.29463
-0.113087 0.180642 2.4156
-0.0955522 0.483509 2.34719
-0.0820865 0.777126 2.26626
-0.0484865 0.921747 2.25247
-0.255443 0.67283 2.27237
-0.348106 0.393437 2.30816
-0.450645 0.17156 2.30742
-0.440805 0.148048 2.32184
0.0788595 0.671505 2.30203
0.1318 0.405205 2.32625
0.183677 0.165716 2.30137
0.192914 0.141518 2.30525
-0.184844 0.18118 2.37681
-0.241089 -0.159185 2.51342
-0.224065 -0.52661 2.6292
-0.236463 -0.602611 2.55949
-0.0379641 0.174995 2.38369
-0.00240689 -0.163148 2.466
-0.0343501 -0.541212 2.61773
-0.0393191 -0.620738 2.5409
-0.0851965 0.705299 2.28869
-0.459066 0.0644022 2.33058
-0.473529 0.131183 2.31082
0.214374 0.0655765 2.32129
0.162613 0.124318 2.30453
-0.112418 0.182744 2.41685
-0.101235 0.487158 2.34524
-0.0955416 0.781614 2.25934
-0.0790897 0.932311 2.2461
-0.262295 0.673134 2.2768
-0.345314 0.395508 2.31926
-0.431023 0.166423 2.31869
-0.42416 0.149917 2.33214
0.0748088 0.679398 2.29546
0.137048 0.412035 2.32384
0.185586 0.171712 2.30065
0.198143 0.142963 2.30179
-0.184333 0.182343 2.37845
-0.249326 -0.152121 2.49905
-0.223961 -0.525673 2.62915
-0.237081 -0.602386 2.55888
-0.0370973 0.178152 2.38446
-0.00382646 -0.162985 2.46951
-0.0343015 -0.541756 2.61866
-0.039287 -0.621068 2.5407
-0.0968429 0.709685 2.28301
-0.443228 0.0615416 2.34721
-0.448605 0.166618 2.3202
0.218065 0.061378 2.32318
0.167812 0.129403 2.29503
-0.110517 0.185872 2.41872
-0.104195 0.489967 2.34407
-0.101781 0.784326 2.25579
-0.121828 0.935187 2.24361
-0.265807 0.673018 2.27904
-0.339138 0.396895 2.32804
-0.41093 0.16317 2.33164
-0.408958 0.143326 2.34893
0.0693946 0.686532 2.28929
0.143812 0.417314 2.32129
0.190984 0.176766 2.29686
0.200611 0.14328 2.30124
-0.182744 0.183889 2.38157
-0.243835 -0.156853 2.49341
-0.223739 -0.524406 2.62959
-0.23761 -0.602159 2.55896
-0.0347301 0.183203 2.38497
0.000936392 -0.161057 2.47199
-0.0342103 -0.541227 2.61859
-0.0387815 -0.619833 2.54295
-0.102323 0.712434 2.28003
-0.421862 0.0549132 2.36613
-0.434864 0.162635 2.33059
0.221068 0.066629 2.31341
0.170702 0.124858 2.29062
-0.106996 0.187281 2.41876
-0.106023 0.49026 2.34313
-0.11226 0.782594 2.25381
-0.157801 0.923498 2.2444
-0.265837 0.66873 2.27663
-0.336187 0.395908 2.33091
-0.399497 0.15993 2.33807
-0.400354 0.14128 2.35368
0.0621243 0.691051 2.2821
0.149182 0.41936 2.31817
0.191584 0.177818 2.2953
0.198989 0.144304 2.29728
-0.180055 0.184011 2.38247
-0.238533 -0.1566 2.49004
-0.223513 -0.523311 2.62966
-0.237493 -0.601322 2.55959
-0.0303476 0.185864 2.38392
0.00583932 -0.159731 2.47124
-0.034202 -0.541119 2.61876
-0.0390314 -0.620221 2.54315
-0.110258 0.71133 2.27822
-0.412721 0.0538173 2.36888
-0.424408 0.167097 2.34223
0.214978 0.0685621 2.30896
0.163731 0.144164 2.28508
-0.103904 0.186512 2.41817
-0.113762 0.487231 2.34295
-0.134266 0.775519 2.25642
-0.188373 0.908024 2.24728
-0.273357 0.658732 2.28071
-0.331714 0.387709 2.33327
-0.391566 0.150765 2.33949
-0.38936 0.140064 2.3513
0.0489247 0.686179 2.27265
0.156849 0.422323 2.31562
0.191621 0.179458 2.29416
0.199065 0.145518 2.29764
-0.177689 0.181489 2.38324
-0.232981 -0.158088 2.4909
-0.223422 -0.523201 2.63007
-0.237853 -0.60095 2.56047
-0.0259087 0.186547 2.38159
0.009063 -0.157056 2.46916
-0.0340763 -0.540546 2.61986
-0.0388795 -0.620444 2.54317
-0.129036 0.70508 2.27998
-0.403707 0.0527911 2.37383
-0.410434 0.166336 2.33059
0.214355 0.072842 2.3095
0.172824 0.125062 2.28145
-0.101455 0.185219 2.41715
-0.118457 0.484154 2.34272
-0.145004 0.770515 2.25759
-0.19958 0.901678 2.24775
-0.275276 0.651723 2.2805
-0.329629 0.382328 2.33307
-0.38585 0.144506 2.33957
-0.380953 0.129518 2.35102
0.0454575 0.685445 2.27046
0.158723 0.423812 2.31365
0.19323 0.180957 2.29097
0.200312 0.145509 2.29127
-0.17544 0.178882 2.38306
-0.228605 -0.159 2.49059
-0.22328 -0.523366 2.63031
-0.238078 -0.601119 2.56081
-0.0234906 0.186252 2.37977
0.013905 -0.15051 2.46434
-0.0340275 -0.540508 2.61996
-0.0383165 -0.619726 2.5446
-0.138329 0.700493 2.28079
-0.389438 0.0421361 2.37113
-0.405515 0.132413 2.33224
0.21367 0.0738111 2.31385
0.172626 0.107862 2.29225
-0.0977665 0.180929 2.4168
-0.123619 0.47869 2.34272
-0.153687 0.765113 2.25766
-0.213766 0.893828 2.24822
-0.279044 0.638219 2.28265
-0.325354 0.376281 2.33252
-0.366199 0.134966 2.33499
-0.365715 0.116645 2.34596
0.0362897 0.681259 2.2646
0.161077 0.42678 2.30774
0.19655 0.183999 2.28608
0.203873 0.149379 2.2868
-0.171354 0.17267 2.38487
-0.222074 -0.161791 2.48987
-0.222791 -0.523126 2.63062
-0.238312 -0.601194 2.56061
-0.0206102 0.183525 2.3778
0.0165402 -0.147152 2.46614
-0.0329343 -0.540602 2.62103
-0.0375388 -0.618755 2.54826
-0.146295 0.695029 2.28091
-0.371973 0.0297527 2.36803
-0.389233 0.150279 2.3284
0.216706 0.0736368 2.30873
0.174505 0.139919 2.27576
-0.0968603 0.179495 2.416
-0.124202 0.478065 2.34237
-0.154345 0.765029 2.25751
-0.215806 0.89267 2.24738
-0.279935 0.63572 2.28287
-0.324343 0.373952 2.33204
-0.363302 0.132323 2.33456
-0.365193 0.115899 2.3458
0.036746 0.680916 2.26506
0.160303 0.426464 2.30368
0.197237 0.183861 2.28294
0.201881 0.150256 2.28139
-0.170546 0.171381 2.38452
-0.219991 -0.162122 2.48947
-0.22263 -0.523159 2.63065
-0.23842 -0.601629 2.56028
-0.0198149 0.182094 2.37647
0.0164933 -0.146688 2.46931
-0.0327247 -0.53995 2.62096
-0.0377148 -0.618889 2.54688
-0.146938 0.69484 2.28072
-0.370087 0.0296212 2.36417
-0.390681 0.138845 2.32961
0.21544 0.0736208 2.30271
0.177012 0.114684 2.2725
-0.0964327 0.178701 2.41534
-0.123758 0.477263 2.34109
-0.150879 0.764449 2.25481
-0.208879 0.893634 2.24371
-0.279815 0.635918 2.28246
-0.323715 0.372485 2.33178
-0.36191 0.130755 2.33466
-0.371641 0.11955 2.34781
0.0395695 0.680968 2.26499
0.159804 0.426143 2.30114
0.193884 0.183344 2.27573
0.19478 0.144232 2.27573
-0.170267 0.170719 2.38404
-0.218535 -0.161913 2.48887
-0.222596 -0.522564 2.63075
-0.238493 -0.601734 2.5597
-0.0193834 0.181244 2.37558
0.0162362 -0.146218 2.47146
-0.0326806 -0.539631 2.62066
-0.0372209 -0.61937 2.54745
-0.144477 0.694203 2.27846
-0.378219 0.0338621 2.36248
-0.401142 0.135228 2.33489
0.206944 0.062921 2.30141
0.16114 0.134935 2.26914
-0.096521 0.17965 2.41397
-0.118201 0.479766 2.33689
-0.13406 0.769589 2.24693
-0.175373 0.909401 2.23613
-0.278385 0.646607 2.27842
-0.323022 0.375181 2.331
-0.366281 0.134479 2.33614
-0.381857 0.128865 2.35167
0.045297 0.682012 2.26528
0.157264 0.421775 2.30114
0.189662 0.178932 2.27307
0.188126 0.135697 2.2798
-0.170571 0.172416 2.38208
-0.219013 -0.161608 2.48876
-0.222645 -0.522634 2.63083
-0.23838 -0.601805 2.55957
-0.0194289 0.181661 2.3746
0.0181155 -0.14633 2.46811
-0.032547 -0.539748 2.6214
-0.0374241 -0.617219 2.54977
-0.130625 0.698691 2.27146
-0.391925 0.044151 2.37046
-0.406951 0.156218 2.332
0.201921 0.0568409 2.29917
0.152332 0.132647 2.27171
-0.0978453 0.181523 2.41268
-0.112038 0.483096 2.33382
-0.118015 0.774311 2.24237
-0.134434 0.922541 2.22959
-0.268936 0.661045 2.27043
-0.326495 0.382116 2.32999
-0.380231 0.143767 2.33742
-0.396142 0.141613 2.35144
0.0581553 0.686584 2.27173
0.149488 0.41424 2.30304
0.182619 0.171242 2.27963
0.181209 0.129103 2.28966
-0.17183 0.175978 2.37885
-0.222975 -0.160744 2.48768
-0.222753 -0.523113 2.63097
-0.23871 -0.601905 2.5594
-0.0209713 0.182474 2.37477
0.0185285 -0.149049 2.46054
-0.0333279 -0.540986 2.62098
-0.0381311 -0.618109 2.54751
-0.116961 0.703156 2.26723
-0.408499 0.0574893 2.37741
-0.42125 0.158776 2.3292
0.198444 0.0531303 2.30204
0.141395 0.135764 2.28574
-0.100062 0.183092 2.41116
-0.106127 0.485224 2.33226
-0.103799 0.776793 2.24208
-0.0849893 0.926453 2.22538
-0.261765 0.670644 2.26581
-0.333619 0.398995 2.32438
-0.396024 0.163252 2.33707
-0.416407 0.147261 2.34686
0.0699885 0.68153 2.2742
0.139932 0.40203 2.30799
0.171692 0.158616 2.29258
0.170311 0.121202 2.30315
-0.173434 0.179054 2.3761
-0.229958 -0.159722 2.4889
-0.224128 -0.522093 2.63029
-0.238571 -0.601633 2.55954
-0.0239053 0.182624 2.37444
0.012819 -0.156597 2.45791
-0.0346342 -0.53897 2.61865
-0.0394237 -0.619742 2.54411
-0.10471 0.705568 2.26654
-0.430402 0.0627145 2.36526
-0.437515 0.174313 2.32188
0.184201 0.0408635 2.32168
0.142148 0.0970331 2.29606
-0.100126 0.183443 2.41036
-0.0995045 0.485012 2.33183
-0.092028 0.775169 2.24327
-0.0531452 0.921629 2.22494
-0.256275 0.673822 2.26371
-0.33595 0.405912 2.32032
-0.407342 0.172952 2.33453
-0.427181 0.151314 2.34036
0.0786676 0.677363 2.27932
0.13525 0.395062 2.31233
0.167112 0.15169 2.2975
0.166133 0.120652 2.30799
-0.173121 0.180742 2.37412
-0.234523 -0.157645 2.48909
-0.224542 -0.522334 2.63041
-0.238424 -0.601734 2.55935
-0.0242954 0.182101 2.37438
0.00785404 -0.162502 2.46184
-0.0346479 -0.539409 2.61872
-0.0402113 -0.618477 2.54505
-0.0940855 0.704296 2.26734
-0.445472 0.0697249 2.35639
-0.447217 0.186699 2.32291
0.177596 0.0414912 2.32453
0.141326 0.0884031 2.3002
-0.099793 0.183165 2.40929
-0.093635 0.482597 2.3318
-0.0824347 0.770522 2.24492
-0.0249666 0.911381 2.22764
-0.251813 0.673925 2.26228
-0.333916 0.40249 2.31497
-0.414889 0.173388 2.33396
-0.431382 0.153951 2.33983
0.0839467 0.669706 2.28422
0.130898 0.387878 2.31379
0.166189 0.145015 2.29979
0.164644 0.119173 2.30856
-0.172398 0.181602 2.37197
-0.237442 -0.154675 2.48897
-0.224902 -0.522752 2.63043
-0.238245 -0.601973 2.55896
-0.0241854 0.179951 2.37425
0.00360832 -0.167907 2.46639
-0.0353896 -0.538977 2.61785
-0.0407153 -0.619232 2.54351
-0.0853516 0.700178 2.26858
-0.448868 0.0691387 2.35694
-0.460187 0.140893 2.31845
0.179475 0.0416592 2.32642
0.138957 0.0903502 2.30295
-0.100344 0.181192 2.40946
-0.0893067 0.478421 2.33403
-0.0732716 0.76444 2.24901
-0.00175666 0.899909 2.23149
-0.245137 0.672835 2.26002
-0.333074 0.40307 2.31045
-0.419229 0.176546 2.33376
-0.42483 0.154419 2.34338
0.0868026 0.654128 2.29054
0.130163 0.384845 2.31471
0.166269 0.142109 2.30177
0.169415 0.116761 2.30926
-0.172635 0.180934 2.37152
-0.238178 -0.152802 2.49197
-0.225489 -0.523713 2.63054
-0.238083 -0.602097 2.5587
-0.0253913 0.17542 2.37633
0.00273456 -0.167427 2.46734
-0.0359813 -0.53858 2.61713
-0.0405926 -0.620715 2.5416
-0.0774467 0.694527 2.27225
-0.441361 0.0783431 2.35726
-0.45882 0.142046 2.32777
0.184834 0.035899 2.32988
0.133946 0.124796 2.29733
-0.103593 0.177982 2.41056
-0.087587 0.474658 2.33666
-0.064996 0.758364 2.25451
0.0146622 0.89175 2.2337
-0.235079 0.674572 2.25647
-0.332799 0.406673 2.30517
-0.426187 0.184282 2.33528
-0.42007 0.163991 2.34584
0.0880063 0.64177 2.29765
0.129774 0.379523 2.31763
0.171395 0.137795 2.3003
0.17936 0.11476 2.30784
-0.17543 0.179302 2.37047
-0.237495 -0.15618 2.50115
-0.225539 -0.524214 2.63062
-0.238107 -0.602288 2.55867
-0.0292002 0.170393 2.38045
0.00170103 -0.166143 2.46597
-0.0357094 -0.537915 2.61718
-0.0420841 -0.61849 2.54629
-0.071194 0.689089 2.2769
-0.439468 0.0901107 2.36729
-0.457443 0.163347 2.3245
0.202427 0.0339127 2.32997
0.158806 0.0733995 2.30395
-0.109569 0.175609 2.41105
-0.0854071 0.47158 2.33947
-0.056243 0.754571 2.25958
0.0252307 0.884981 2.23712
-0.234035 0.674468 2.25659
-0.335622 0.412166 2.30107
-0.435471 0.192461 2.33019
-0.427372 0.166568 2.33905
0.0902196 0.635404 2.30246
0.131419 0.378563 2.3193
0.178379 0.137852 2.30171
0.183223 0.116724 2.31207
-0.181604 0.17881 2.36884
-0.239509 -0.156698 2.50628
-0.225788 -0.524842 2.63085
-0.237865 -0.60231 2.55838
-0.0347952 0.166644 2.38268
0.000936578 -0.163731 2.45945
-0.0349325 -0.537006 2.61729
-0.0418879 -0.617247 2.54765
-0.0639188 0.685314 2.28155
-0.455254 0.0890634 2.35452
-0.357431 0.13297 2.31678
0.202812 0.0398836 2.3263
0.145928 0.119123 2.3047
