-0.0727457 0.198674 2.45232
-0.0643643 0.497908 2.37944
-0.055647 0.786495 2.29486
-0.0434415 0.94685 2.28051
-0.224579 0.688098 2.32692
-0.357383 0.451277 2.36881
-0.460909 0.242834 2.36753
-0.495118 0.182111 2.3899
0.112516 0.688526 2.34001
0.200843 0.434049 2.36739
0.287334 0.217453 2.34809
0.312156 0.151988 2.34192
-0.144591 0.198054 2.41474
-0.213872 -0.136698 2.52133
-0.182556 -0.510867 2.67509
-0.199357 -0.592251 2.59801
0.0012653 0.193633 2.41977
0.0321673 -0.155822 2.52682
0.00369326 -0.527712 2.65557
-0.00789481 -0.613689 2.57402
-0.0578618 0.715898 2.31805
-0.519216 0.123516 2.4027
-0.483111 0.144568 2.37765
0.341296 0.0740384 2.36892
0.331911 0.20255 2.338
-0.0728591 0.198701 2.45244
-0.0643503 0.497806 2.37909
-0.055455 0.786237 2.2936
-0.0433794 0.946486 2.27939
-0.224512 0.687881 2.32625
-0.357348 0.451618 2.36929
-0.460741 0.243254 2.36764
-0.495897 0.182305 2.38944
0.112606 0.688554 2.33879
0.200222 0.436105 2.36487
0.286454 0.219521 2.3463
0.312898 0.151033 2.34139
-0.144666 0.197926 2.41508
-0.21456 -0.137266 2.52191
-0.182575 -0.510947 2.67471
-0.199372 -0.592115 2.59814
0.00107375 0.193804 2.41981
0.0318923 -0.156217 2.52651
0.00415536 -0.52719 2.65506
-0.00798724 -0.613015 2.5747
-0.0577295 0.715682 2.31705
-0.522871 0.121045 2.406
-0.477321 0.158875 2.37564
0.343781 0.07487 2.36929
0.332527 0.195252 2.3321
-0.0732336 0.19883 2.45232
-0.0645621 0.497768 2.37863
-0.0555297 0.786057 2.2929
-0.0435401 0.946338 2.27775
-0.224519 0.68792 2.3258
-0.357482 0.451806 2.37014
-0.460864 0.243602 2.36831
-0.496681 0.181981 2.39191
0.112612 0.688598 2.33783
0.199673 0.436388 2.36357
0.285986 0.220032 2.34413
0.310913 0.15151 2.34016
-0.144965 0.197989 2.41507
-0.215011 -0.137113 2.52225
-0.182748 -0.510729 2.67451
-0.19916 -0.592142 2.59897
0.000585656 0.19404 2.41954
0.0317737 -0.156388 2.52632
0.00372315 -0.528077 2.65576
-0.00823198 -0.61269 2.5753
-0.0578403 0.715538 2.3164
-0.521758 0.12036 2.40673
-0.485103 0.146067 2.38305
0.341344 0.0740534 2.36917
0.320348 0.197016 2.32987
-0.0736614 0.198939 2.45216
-0.0648553 0.497735 2.37795
-0.0556863 0.785882 2.29171
-0.0437634 0.945831 2.27604
-0.224543 0.687796 2.32544
-0.357376 0.451992 2.37042
-0.461044 0.24416 2.36999
-0.495099 0.18364 2.39029
0.112537 0.688742 2.33713
0.199356 0.436705 2.36328
0.284913 0.220226 2.34303
0.307091 0.151576 2.34066
-0.14535 0.198007 2.41495
-0.215859 -0.137305 2.52322
-0.182813 -0.510386 2.67405
-0.198734 -0.590859 2.60075
0.000107628 0.194243 2.41935
0.0311499 -0.156497 2.52628
0.0036862 -0.528214 2.65603
-0.00831471 -0.611408 2.57644
-0.0580318 0.7154 2.31532
-0.522627 0.123783 2.41381
-0.486187 0.138768 2.38015
0.336359 0.0746612 2.36255
0.327725 0.18513 2.32859
-0.0746995 0.199148 2.45129
-0.0653495 0.49772 2.37716
-0.0558018 0.785732 2.29114
-0.0437724 0.945634 2.27487
-0.224781 0.687922 2.32538
-0.357838 0.451978 2.37065
-0.461095 0.244098 2.37053
-0.496169 0.183781 2.38819
0.112419 0.688675 2.3368
0.198669 0.4362 2.36259
0.282346 0.219129 2.34191
0.301854 0.148912 2.33953
-0.146445 0.198232 2.41438
-0.216064 -0.137274 2.52342
-0.183485 -0.510824 2.67432
-0.198397 -0.590668 2.59998
-0.000862766 0.194422 2.41818
0.0305183 -0.156788 2.52608
0.003333 -0.529406 2.65633
-0.00872085 -0.611319 2.57597
-0.0582236 0.715276 2.3147
-0.521333 0.120262 2.40473
-0.484788 0.144883 2.37819
0.330799 0.0728878 2.3573
0.323351 0.138725 2.31427
-0.0760717 0.199163 2.45097
-0.0658041 0.49764 2.3766
-0.0556615 0.785598 2.29045
-0.037361 0.945446 2.27302
-0.224722 0.688344 2.32388
-0.358919 0.451609 2.37047
-0.462349 0.243957 2.37093
-0.502127 0.18327 2.39135
0.112464 0.688114 2.33606
0.19716 0.432569 2.36226
0.277769 0.214438 2.34134
0.296702 0.14477 2.34133
-0.147903 0.198652 2.41423
-0.216511 -0.136765 2.52381
-0.183807 -0.511666 2.6742
-0.198374 -0.590622 2.60059
-0.00219053 0.194053 2.41774
0.0302316 -0.155926 2.52498
0.00267686 -0.528818 2.65597
-0.00855909 -0.611033 2.57486
-0.058243 0.715158 2.31406
-0.525532 0.11556 2.40567
-0.491912 0.142687 2.38275
0.325057 0.0695622 2.36302
0.318786 0.190027 2.34087
-0.0761324 0.199071 2.4509
-0.0653553 0.497463 2.37631
-0.0538986 0.785187 2.28999
-0.0176745 0.941664 2.27223
-0.222782 0.687719 2.31955
-0.359106 0.451367 2.36846
-0.465051 0.245183 2.37107
-0.504073 0.185456 2.38767
0.113535 0.687773 2.33675
0.194406 0.430739 2.36229
0.271263 0.211257 2.34139
0.289491 0.1425 2.34254
-0.147982 0.198738 2.41388
-0.217407 -0.136359 2.52446
-0.183872 -0.511368 2.6741
-0.19843 -0.590446 2.60064
-0.00231814 0.193711 2.41805
0.0297221 -0.156169 2.52479
0.00336724 -0.526692 2.65528
-0.00830866 -0.610781 2.57456
-0.0568671 0.714812 2.31362
-0.528582 0.124323 2.40599
-0.494702 0.139782 2.37312
0.318208 0.0674786 2.36526
0.312733 0.165962 2.33413
-0.0767842 0.198941 2.45091
-0.0647131 0.49678 2.37591
-0.0505909 0.783098 2.28895
0.0128072 0.932137 2.27556
-0.21662 0.685432 2.31218
-0.36204 0.455458 2.36342
-0.466498 0.248706 2.36958
-0.5083 0.189496 2.38573
0.11486 0.683381 2.33965
0.189084 0.42262 2.36189
0.265286 0.202837 2.34218
0.277298 0.144211 2.34423
-0.149157 0.198956 2.41255
-0.218058 -0.135937 2.52549
-0.184041 -0.511485 2.67424
-0.198283 -0.590295 2.60108
-0.0031367 0.193035 2.41963
0.0293587 -0.155891 2.52411
0.00333679 -0.527614 2.6562
-0.00772234 -0.610113 2.57421
-0.0543242 0.713108 2.31273
-0.533662 0.12291 2.41049
-0.501266 0.138941 2.37432
0.305889 0.0666286 2.36357
0.2996 0.185357 2.3419
-0.0790867 0.197372 2.45154
-0.0643467 0.495008 2.37619
-0.0478878 0.780491 2.28941
0.0303612 0.923019 2.28035
-0.209757 0.681318 2.30375
-0.36986 0.463147 2.35939
-0.470057 0.254329 2.36585
-0.513953 0.192484 2.38086
0.115317 0.670289 2.34413
0.182424 0.414186 2.36194
0.256887 0.193952 2.34103
0.262164 0.143672 2.34029
-0.15142 0.197879 2.41089
-0.218473 -0.135633 2.52715
-0.184724 -0.511604 2.67437
-0.198274 -0.590297 2.60096
-0.0057197 0.190534 2.42321
0.0294703 -0.152475 2.52207
0.00356464 -0.52739 2.65632
-0.00838554 -0.608852 2.57515
-0.0522394 0.710696 2.31313
-0.541204 0.124034 2.40977
-0.50701 0.141901 2.37017
0.29121 0.0682216 2.36233
0.274799 0.183432 2.33557
-0.0823525 0.195286 2.45271
-0.0639923 0.49319 2.37709
-0.0448999 0.778699 2.29079
0.0377857 0.920748 2.28399
-0.205709 0.680407 2.2988
-0.374884 0.466633 2.3557
-0.474167 0.257162 2.35869
-0.51348 0.195467 2.36718
0.11475 0.663332 2.34468
0.175933 0.403592 2.36115
0.250072 0.183346 2.34032
0.253219 0.141539 2.3402
-0.15464 0.197018 2.4105
-0.22097 -0.134748 2.53086
-0.186368 -0.511678 2.67416
-0.198247 -0.590061 2.60153
-0.00832383 0.187461 2.42573
0.027514 -0.150047 2.52146
0.00405708 -0.526865 2.65653
-0.00886778 -0.608626 2.57537
-0.0499326 0.70888 2.31434
-0.538479 0.127279 2.38485
-0.500679 0.164791 2.35331
0.281737 0.0672743 2.35721
0.217018 0.15395 2.36633
-0.0855741 0.19466 2.45274
-0.0647608 0.49246 2.37729
-0.0446219 0.778233 2.29101
0.0379778 0.92065 2.28507
-0.205274 0.680208 2.29735
-0.374676 0.464876 2.35298
-0.474396 0.255504 2.35315
-0.506168 0.191192 2.35841
0.114015 0.662785 2.34485
0.173268 0.404276 2.36034
0.24698 0.183953 2.339
0.255477 0.143932 2.33786
-0.158258 0.196654 2.40956
-0.224198 -0.132567 2.53095
-0.187236 -0.511513 2.67397
-0.198436 -0.590277 2.60153
-0.0108897 0.1868 2.42637
0.0246403 -0.149232 2.52018
0.00440109 -0.525025 2.6558
-0.00916707 -0.608632 2.57537
-0.0498205 0.708394 2.31455
-0.534343 0.122627 2.37361
-0.487474 0.163379 2.34527
0.283527 0.067923 2.35209
0.231045 0.127484 2.31888
-0.0877979 0.194478 2.45277
-0.0662889 0.492343 2.37767
-0.0455799 0.778544 2.29162
0.0347451 0.92024 2.28621
-0.206393 0.679896 2.297
-0.373151 0.46535 2.35101
-0.472629 0.255849 2.34981
-0.502633 0.18874 2.3574
0.112564 0.66374 2.34649
0.172352 0.408612 2.35912
0.245117 0.188018 2.33763
0.262797 0.146029 2.3368
-0.160206 0.196558 2.40945
-0.225634 -0.132167 2.53112
-0.187946 -0.511193 2.67412
-0.198492 -0.590194 2.6017
-0.013147 0.186663 2.42646
0.0230719 -0.150207 2.51904
0.00319361 -0.526939 2.65635
-0.00931757 -0.609264 2.57597
-0.0508157 0.708592 2.31509
-0.527403 0.116669 2.3766
-0.497715 0.139531 2.34822
0.290951 0.0681862 2.36759
0.259977 0.0974303 2.30709
-0.0899362 0.195042 2.45283
-0.0699534 0.493061 2.37802
-0.0508489 0.780102 2.29223
0.0174138 0.927377 2.2847
-0.214169 0.680551 2.29877
-0.373155 0.462058 2.35025
-0.471715 0.252157 2.34915
-0.50275 0.184253 2.36235
0.106476 0.671874 2.34487
0.172087 0.412633 2.35828
0.246594 0.192734 2.33504
0.266607 0.15025 2.33478
-0.162031 0.196671 2.4094
-0.228365 -0.131291 2.53012
-0.188013 -0.511203 2.67428
-0.199151 -0.5908 2.60585
-0.0155095 0.187858 2.42659
0.0214766 -0.150824 2.51878
0.00265834 -0.526736 2.65629
-0.00918589 -0.609514 2.57452
-0.0555988 0.709893 2.31565
-0.530152 0.114222 2.3823
-0.476469 0.166651 2.34111
0.29496 0.0702178 2.36385
0.21509 0.177883 2.334
-0.090332 0.197559 2.45222
-0.0736991 0.496314 2.37691
-0.059812 0.784716 2.29033
-0.0156242 0.939435 2.2789
-0.228945 0.685451 2.30421
-0.369975 0.453379 2.35293
-0.471313 0.244839 2.3518
-0.496872 0.178714 2.36918
0.100406 0.686234 2.34166
0.172736 0.41807 2.35894
0.249131 0.198862 2.33426
0.27866 0.141797 2.33474
-0.162084 0.198158 2.40966
-0.228771 -0.131394 2.52955
-0.188099 -0.511074 2.67434
-0.199631 -0.591282 2.60414
-0.0162826 0.191847 2.42449
0.0211632 -0.152891 2.51923
0.00229484 -0.526481 2.65607
-0.00865465 -0.608975 2.57506
-0.0631121 0.714164 2.31398
-0.521449 0.110203 2.3845
-0.49175 0.131589 2.35554
0.299538 0.0720649 2.36356
0.265047 0.176428 2.3405
-0.0902467 0.198789 2.45199
-0.0777248 0.498854 2.37557
-0.0688128 0.7885 2.28757
-0.0481845 0.949869 2.27285
-0.237343 0.686907 2.30979
-0.366682 0.448141 2.3562
-0.46537 0.238433 2.35762
-0.487792 0.171065 2.37828
0.0968227 0.689809 2.33702
0.17412 0.428857 2.35808
0.250211 0.209414 2.33433
0.283751 0.14748 2.33348
-0.161864 0.198791 2.41046
-0.228811 -0.132072 2.52919
-0.18796 -0.511186 2.67438
-0.199948 -0.591593 2.60287
-0.0161637 0.194047 2.42287
0.020861 -0.15373 2.51965
0.00194105 -0.526737 2.65598
-0.00856044 -0.609172 2.57505
-0.0709278 0.717667 2.31158
-0.507186 0.101494 2.38964
-0.473082 0.134989 2.36138
0.310729 0.0739655 2.36569
0.287194 0.180054 2.34267
-0.0907623 0.200495 2.45171
-0.0823247 0.50182 2.37439
-0.0762051 0.792355 2.2857
-0.0878366 0.952504 2.27215
-0.245625 0.688452 2.31533
-0.354695 0.444991 2.35819
-0.450659 0.234426 2.36452
-0.472909 0.167776 2.3849
0.0911503 0.691249 2.32917
0.176217 0.433743 2.35701
0.255642 0.215531 2.33411
0.284933 0.150251 2.33165
-0.162506 0.199868 2.41203
-0.228049 -0.132049 2.52868
-0.188169 -0.510828 2.67482
-0.200361 -0.590898 2.60351
-0.0167783 0.196851 2.4204
0.0198314 -0.153146 2.52072
0.00142915 -0.526879 2.65617
-0.00823039 -0.608619 2.57646
-0.0777179 0.7213 2.30987
-0.493979 0.1034 2.40209
-0.456131 0.140252 2.36573
0.313923 0.0736939 2.35744
0.277981 0.187858 2.3344
-0.0912022 0.201568 2.4513
-0.0854942 0.503152 2.3735
-0.0821563 0.793696 2.28443
-0.112887 0.946776 2.27358
-0.248033 0.68798 2.31854
-0.349384 0.439109 2.36127
-0.443939 0.22786 2.36679
-0.462422 0.165179 2.38592
0.0862194 0.694658 2.32197
0.178544 0.43543 2.3558
0.258431 0.217353 2.33381
0.282569 0.155434 2.33449
-0.162991 0.200454 2.41271
-0.226184 -0.133677 2.52951
-0.187937 -0.510939 2.67472
-0.198864 -0.589874 2.60479
-0.0171386 0.19834 2.41869
0.0187441 -0.153018 2.52172
-5.59782e-005 -0.530375 2.65788
-0.00882302 -0.609801 2.57586
-0.0829557 0.722654 2.3087
-0.482257 0.102889 2.41015
-0.444147 0.140185 2.36675
0.312024 0.0796701 2.34319
0.310417 0.172988 2.32182
-0.0908887 0.20223 2.45049
-0.0899845 0.503119 2.37268
-0.0947553 0.791855 2.28454
-0.131755 0.937566 2.27414
-0.249639 0.683014 2.32137
-0.341424 0.437594 2.36014
-0.433376 0.225299 2.36728
-0.44346 0.181815 2.37951
0.0789016 0.697102 2.31397
0.182005 0.438566 2.35125
0.260121 0.219649 2.33359
0.285832 0.154729 2.33601
-0.162934 0.200553 2.41318
-0.223185 -0.136718 2.53101
-0.187602 -0.511212 2.675
-0.198924 -0.589887 2.60436
-0.0160334 0.199709 2.41543
0.0180613 -0.152153 2.52378
0.000630696 -0.528746 2.65686
-0.00879217 -0.609888 2.57601
-0.0933802 0.721345 2.30847
-0.472249 0.105879 2.40113
-0.393692 0.199674 2.33388
0.316388 0.078953 2.34581
0.310818 0.187181 2.32577
-0.0897911 0.202473 2.45004
-0.0927893 0.501257 2.37288
-0.101998 0.786734 2.28576
-0.142722 0.926688 2.2759
-0.250395 0.674638 2.32533
-0.334129 0.434007 2.36159
-0.425862 0.221534 2.36702
-0.433872 0.179986 2.37657
0.0767874 0.698176 2.30968
0.187906 0.442754 2.34662
0.264778 0.222553 2.33082
0.292934 0.155598 2.32706
-0.162119 0.200319 2.41412
-0.2199 -0.137776 2.53096
-0.187507 -0.511236 2.67499
-0.19904 -0.59019 2.60346
-0.0142623 0.20007 2.41386
0.0182527 -0.151351 2.52612
0.000614446 -0.52892 2.65706
-0.00854658 -0.610427 2.57597
-0.0996272 0.717012 2.30945
-0.459571 0.107665 2.39866
-0.397151 0.183696 2.34927
0.32382 0.0796784 2.34368
0.317501 0.18671 2.314
-0.0862926 0.201735 2.45007
-0.0928239 0.499713 2.37305
-0.102666 0.784653 2.2858
-0.146909 0.920526 2.27481
-0.249808 0.66764 2.32681
-0.328115 0.426987 2.36228
-0.419307 0.214401 2.36901
-0.424484 0.180065 2.37917
0.0763485 0.69818 2.30528
0.191931 0.445187 2.34316
0.273306 0.224018 2.32615
0.301646 0.158385 2.32044
-0.158576 0.198796 2.4157
-0.217034 -0.138567 2.5291
-0.18737 -0.511496 2.67524
-0.199027 -0.590445 2.60298
-0.0109776 0.199576 2.41335
0.0201146 -0.150557 2.52787
0.000823412 -0.528422 2.65752
-0.00860256 -0.611137 2.57686
-0.100189 0.715024 2.30956
-0.453531 0.107789 2.40121
-0.392882 0.168178 2.35208
0.331008 0.0796113 2.3418
0.323826 0.19156 2.30237
-0.0803056 0.199791 2.44925
-0.0913019 0.496514 2.37261
-0.102777 0.780919 2.2853
-0.147905 0.91315 2.27221
-0.247137 0.658877 2.32664
-0.321593 0.421615 2.36218
-0.410174 0.207808 2.36769
-0.416343 0.173964 2.37908
0.0797068 0.696551 2.30725
0.200327 0.450271 2.33769
0.282579 0.227881 2.31782
0.310628 0.16051 2.3115
-0.153832 0.19649 2.416
-0.210742 -0.1396 2.52556
-0.186838 -0.510926 2.67527
-0.19941 -0.590321 2.60233
-0.00414605 0.197762 2.41207
0.0260283 -0.146823 2.52894
0.00145835 -0.528019 2.65824
-0.00771709 -0.61148 2.57609
-0.0999591 0.711421 2.3091
-0.440354 0.101216 2.4005
-0.362567 0.205893 2.3371
0.339651 0.0822607 2.32667
0.334409 0.188896 2.29646
-0.0749011 0.198223 2.44901
-0.0886056 0.493986 2.37209
-0.101434 0.778188 2.28435
-0.148885 0.90811 2.27111
-0.244766 0.653783 2.32637
-0.31768 0.417658 2.3611
-0.402717 0.202322 2.36579
-0.408092 0.173058 2.37286
0.0808865 0.695742 2.30751
0.204089 0.451507 2.33332
0.286506 0.229575 2.31296
0.312081 0.165488 2.30462
-0.148342 0.194533 2.416
-0.206734 -0.138629 2.52058
-0.185871 -0.510263 2.67509
-0.199254 -0.590486 2.60113
0.000842626 0.196472 2.41185
0.0297714 -0.142227 2.52684
0.00186306 -0.52618 2.65736
-0.00767443 -0.611675 2.5759
-0.0983539 0.708735 2.30827
-0.43414 0.0985195 2.38804
-0.368328 0.178439 2.3409
0.342899 0.0871032 2.31433
0.335604 0.148308 2.27421
-0.0696883 0.196306 2.44857
-0.0857765 0.491832 2.37193
-0.100373 0.776431 2.28431
-0.149757 0.905562 2.27115
-0.241103 0.647301 2.32606
-0.311622 0.41642 2.35831
-0.398328 0.201763 2.36307
-0.402359 0.168785 2.36818
0.0838856 0.693275 2.30434
0.21046 0.449598 2.33156
0.290627 0.229425 2.30979
0.317012 0.164079 2.30548
-0.142935 0.192762 2.41596
-0.20253 -0.139852 2.51804
-0.185162 -0.509891 2.67507
-0.198943 -0.591693 2.59911
0.00564723 0.19436 2.41117
0.0330765 -0.140624 2.52643
0.00170428 -0.526703 2.65695
-0.00784175 -0.61226 2.57564
-0.0969219 0.706862 2.30821
-0.426172 0.0940854 2.3859
-0.365728 0.172768 2.33933
0.346027 0.0862481 2.31416
0.340865 0.200935 2.29409
-0.0659352 0.195012 2.44716
-0.0828905 0.490261 2.3717
-0.0979028 0.77474 2.28493
-0.148707 0.903237 2.27185
-0.239153 0.646294 2.32687
-0.305984 0.414294 2.35758
-0.39261 0.199403 2.35949
-0.397876 0.168348 2.36313
0.0878704 0.689386 2.30011
0.215393 0.450271 2.33024
0.295341 0.227553 2.30713
0.320624 0.165338 2.30555
-0.139426 0.191741 2.41442
-0.19884 -0.139795 2.5136
-0.184169 -0.509105 2.67445
-0.198542 -0.59253 2.59861
0.00955109 0.192738 2.40996
0.0375517 -0.14025 2.52516
0.00171315 -0.52754 2.65702
-0.00825972 -0.612612 2.57525
-0.0942697 0.705139 2.30859
-0.422862 0.0939311 2.3819
-0.387947 0.118469 2.3512
0.350246 0.0880895 2.31286
0.349091 0.20293 2.30508
-0.0628431 0.194764 2.44663
-0.0795169 0.490238 2.37154
-0.0940937 0.77492 2.28546
-0.143819 0.903925 2.27253
-0.234276 0.646952 2.32751
-0.303158 0.414675 2.35776
-0.388887 0.199326 2.35827
-0.396855 0.168607 2.36542
0.0903341 0.68948 2.30041
0.217685 0.449657 2.3293
0.297499 0.227571 2.30726
0.324705 0.160499 2.30583
-0.136409 0.191668 2.41406
-0.196928 -0.139866 2.51225
-0.183792 -0.510083 2.67419
-0.198502 -0.593066 2.59838
0.0126321 0.192311 2.40927
0.0395785 -0.140813 2.52499
0.00178992 -0.528843 2.6576
-0.00800136 -0.612381 2.57375
-0.090598 0.705257 2.30892
-0.423997 0.0953936 2.38075
-0.34916 0.18937 2.3335
0.353596 0.0802809 2.32293
0.349945 0.193041 2.29954
-0.0606631 0.195908 2.44606
-0.0724972 0.493136 2.37003
-0.0797549 0.780415 2.2826
-0.120487 0.918842 2.27182
-0.226935 0.658057 2.32364
-0.301949 0.415667 2.35813
-0.387479 0.200194 2.35797
-0.396968 0.170712 2.37076
0.099823 0.691082 2.29961
0.218979 0.44813 2.32848
0.298787 0.227065 2.30667
0.324354 0.161166 2.3044
-0.134103 0.193079 2.41301
-0.195629 -0.140404 2.51226
-0.182985 -0.51006 2.67375
-0.198571 -0.593175 2.59782
0.0146 0.193222 2.40913
0.0408179 -0.142031 2.52516
0.00143164 -0.529419 2.6574
-0.00812835 -0.612606 2.57363
-0.0783217 0.710069 2.30647
-0.422545 0.0961135 2.3874
-0.351474 0.184087 2.33945
0.353593 0.0803903 2.32312
0.35145 0.200796 2.30373
-0.0599237 0.197574 2.44624
-0.0605968 0.498444 2.36776
-0.0562893 0.788709 2.27715
-0.0745732 0.940997 2.26588
-0.21558 0.672067 2.31618
-0.290804 0.42093 2.35506
-0.385336 0.210038 2.36457
-0.400909 0.174059 2.38133
0.113746 0.691421 2.304
0.220777 0.443954 2.33138
0.298312 0.225219 2.30699
0.314895 0.159022 2.30811
-0.1329 0.195392 2.41219
-0.195042 -0.140895 2.5122
-0.182834 -0.510198 2.67361
-0.198113 -0.593379 2.59688
0.014993 0.194474 2.41016
0.0434382 -0.150637 2.5318
0.00124267 -0.530099 2.65739
-0.00780787 -0.612893 2.57344
-0.057526 0.71772 2.30182
-0.42733 0.0988305 2.39922
-0.358658 0.185887 2.35157
0.346025 0.0823104 2.31984
0.342384 0.152141 2.28195
-0.0582165 0.199159 2.44667
-0.0541661 0.500087 2.36849
-0.04738 0.789772 2.27868
-0.0454918 0.946897 2.26664
-0.212736 0.677293 2.31538
-0.295665 0.427058 2.35882
-0.385405 0.213927 2.36739
-0.405979 0.170218 2.38335
0.121605 0.691146 2.30961
0.216256 0.440577 2.33507
0.294276 0.222084 2.30986
0.306766 0.153976 2.31242
-0.130769 0.197797 2.41165
-0.194815 -0.140802 2.51194
-0.182734 -0.510139 2.67377
-0.198151 -0.593334 2.59682
0.0163634 0.195375 2.41148
0.0442074 -0.150865 2.53093
0.00145058 -0.530217 2.65707
-0.00806942 -0.612981 2.57359
-0.0491668 0.718938 2.30313
-0.428868 0.0967106 2.40365
-0.366746 0.17022 2.347
0.332838 0.0748685 2.32723
0.33265 0.186799 2.30242
-0.055297 0.200128 2.44701
-0.0484906 0.50051 2.36942
-0.039776 0.78968 2.28064
-0.0213763 0.946268 2.26935
-0.209002 0.680419 2.31434
-0.292072 0.426145 2.3572
-0.387668 0.216046 2.36939
-0.410887 0.171192 2.38149
0.128685 0.690865 2.31571
0.213969 0.434955 2.33934
0.287289 0.214935 2.31306
0.297133 0.154097 2.31708
-0.127715 0.199213 2.41095
-0.19492 -0.140726 2.51166
-0.182471 -0.510629 2.67401
-0.198119 -0.593488 2.59639
0.019094 0.195772 2.41302
0.0455102 -0.150861 2.52968
0.00129103 -0.531308 2.65781
-0.00823803 -0.613087 2.57364
-0.0420608 0.718973 2.30482
-0.433602 0.0946108 2.39923
-0.366583 0.179227 2.34562
0.324317 0.0731307 2.33956
0.329599 0.159107 2.31012
-0.051382 0.200453 2.44854
-0.0420559 0.499651 2.37126
-0.0314977 0.78781 2.28274
0.00609875 0.93627 2.27603
-0.202252 0.682851 2.31033
-0.293417 0.424435 2.3568
-0.391938 0.216161 2.37199
-0.421576 0.149395 2.38755
0.13269 0.688676 2.32062
0.211267 0.428831 2.34246
0.28168 0.208009 2.315
0.290115 0.154979 2.3181
-0.123798 0.200013 2.41134
-0.194647 -0.139524 2.50981
-0.181942 -0.510452 2.67403
-0.198121 -0.593446 2.59604
0.022937 0.1954 2.41604
0.0462205 -0.151637 2.52916
0.000966181 -0.532123 2.65768
-0.00777101 -0.613275 2.57393
-0.0342161 0.717347 2.30687
-0.432836 0.0751166 2.40474
-0.40481 0.113588 2.36867
0.31768 0.0730795 2.33769
0.316268 0.178647 2.30229
-0.0498047 0.200009 2.44985
-0.0391244 0.498772 2.37264
-0.0277082 0.786695 2.28416
0.0200406 0.929905 2.28051
-0.196887 0.682988 2.30686
-0.31102 0.425687 2.36319
-0.394767 0.210203 2.37245
-0.417878 0.164115 2.38404
0.135944 0.682796 2.32437
0.208964 0.425562 2.34306
0.279536 0.204698 2.31619
0.290505 0.156048 2.32044
-0.122637 0.199902 2.41139
-0.194655 -0.139421 2.50976
-0.181413 -0.51045 2.67354
-0.197794 -0.593426 2.59573
0.0248871 0.194335 2.41936
0.0474219 -0.153535 2.53054
0.000996933 -0.532059 2.65745
-0.0077934 -0.613126 2.57487
-0.0305984 0.716277 2.30828
-0.441377 0.0908883 2.40509
-0.384257 0.158479 2.35287
0.320032 0.0767511 2.33826
0.318051 0.184912 2.31042
-0.0489761 0.199715 2.45079
-0.0375166 0.498017 2.37379
-0.0253349 0.785362 2.28562
0.0285249 0.927263 2.28406
-0.194161 0.68304 2.30479
-0.317145 0.425671 2.36463
-0.398032 0.208869 2.37156
-0.422246 0.166509 2.38463
0.137147 0.679979 2.32562
0.207469 0.420364 2.34508
0.279615 0.200188 2.31637
0.289662 0.154223 2.32027
-0.122025 0.19986 2.41151
-0.195201 -0.138533 2.51017
-0.181257 -0.510435 2.6735
-0.1977 -0.593258 2.59634
0.0257149 0.193727 2.42133
0.0477824 -0.154409 2.53138
0.000697414 -0.532228 2.65685
-0.0081102 -0.612719 2.57543
-0.0284164 0.715101 2.30966
-0.442375 0.0890175 2.40334
-0.36912 0.199695 2.34571
0.315737 0.0753438 2.3418
0.319855 0.16846 2.31427
-0.0486472 0.199498 2.45083
-0.0359951 0.497491 2.37415
-0.0220358 0.784602 2.28648
0.0345679 0.925657 2.2856
-0.190575 0.682668 2.30212
-0.319335 0.425617 2.36423
-0.401806 0.20937 2.37039
-0.423773 0.16919 2.37781
0.138586 0.676157 2.32743
0.206554 0.417442 2.34491
0.279029 0.197341 2.31676
0.287866 0.153952 2.32307
-0.121619 0.19987 2.41112
-0.195443 -0.138328 2.51086
-0.180791 -0.51038 2.67361
-0.197921 -0.593175 2.59626
0.0259051 0.193123 2.42172
0.0478657 -0.153145 2.53057
0.000790141 -0.531555 2.65645
-0.00841414 -0.612318 2.57566
-0.0256096 0.71438 2.31039
-0.446402 0.0905697 2.39698
-0.390057 0.165645 2.35344
0.315666 0.0753312 2.34113
0.317634 0.173463 2.31436
-0.0486129 0.198757 2.45132
-0.0343811 0.496478 2.37497
-0.0184002 0.783475 2.28776
0.0393083 0.924235 2.28793
-0.186674 0.680841 2.29967
-0.321164 0.426725 2.36399
-0.403793 0.21044 2.36891
-0.422697 0.171049 2.37533
0.139214 0.672916 2.32864
0.205075 0.412692 2.34547
0.27943 0.193259 2.31722
0.2865 0.153187 2.3228
-0.121543 0.199611 2.41109
-0.196288 -0.137836 2.51152
-0.180118 -0.511349 2.67417
-0.198127 -0.593203 2.59616
0.0258097 0.191725 2.42273
0.0472785 -0.153631 2.53098
0.000872205 -0.532031 2.65674
-0.0081669 -0.612237 2.57494
-0.0225012 0.713251 2.31156
-0.446648 0.0907218 2.39325
-0.371986 0.199147 2.34328
0.315099 0.0751976 2.33691
0.308754 0.18848 2.30481
-0.0491051 0.197192 2.45133
-0.0331846 0.495257 2.37495
-0.0156778 0.782463 2.28761
0.0475209 0.920214 2.29107
-0.183365 0.679094 2.29624
-0.323478 0.42784 2.36254
-0.404855 0.210965 2.3661
-0.423089 0.171552 2.37382
0.139328 0.669386 2.3287
0.20375 0.410873 2.34474
0.277147 0.191039 2.31748
0.284392 0.150328 2.3216
-0.122141 0.198215 2.41054
-0.198447 -0.136929 2.51194
-0.179936 -0.51116 2.67415
-0.198093 -0.593165 2.59625
0.0253761 0.190188 2.42294
0.0475521 -0.150936 2.52986
0.000829577 -0.531235 2.65634
-0.00821685 -0.61178 2.57623
-0.0201655 0.712172 2.31144
-0.443175 0.0886814 2.39446
-0.371527 0.20601 2.3455
0.313984 0.0678896 2.3474
0.309123 0.178066 2.30372
-0.0496081 0.195233 2.45076
-0.0324333 0.493917 2.37479
-0.0141706 0.781539 2.28776
0.0530242 0.918446 2.29242
-0.182016 0.677906 2.29341
-0.325566 0.43396 2.35753
-0.404769 0.216475 2.36463
-0.427924 0.172424 2.37455
0.137618 0.659889 2.3292
0.201177 0.409255 2.3443
0.274634 0.189402 2.31724
0.27869 0.148144 2.32182
-0.122862 0.196291 2.40958
-0.19905 -0.136651 2.51197
-0.179763 -0.510882 2.67391
-0.197876 -0.592884 2.59576
0.025071 0.188344 2.42252
0.0479043 -0.15058 2.52832
0.000748002 -0.533552 2.65695
-0.00867347 -0.611927 2.57603
-0.0188268 0.711159 2.31151
-0.447546 0.0896755 2.4078
-0.400234 0.148571 2.35086
0.305623 0.0668412 2.34307
0.305464 0.175573 2.30909
-0.051082 0.192666 2.45038
-0.0324469 0.491945 2.37509
-0.0133393 0.780011 2.2887
0.0566252 0.915902 2.29286
-0.181926 0.676357 2.29128
-0.32858 0.437891 2.3536
-0.409956 0.221139 2.35992
-0.435337 0.175922 2.36768
0.137567 0.65536 2.33133
0.198137 0.403589 2.34458
0.269788 0.183015 2.31925
0.270746 0.151014 2.32385
-0.124367 0.19397 2.40884
-0.199725 -0.136588 2.51213
-0.179756 -0.51086 2.67406
-0.19785 -0.592785 2.59607
0.0236571 0.185674 2.42236
0.0482624 -0.150657 2.52646
0.00118015 -0.534062 2.65724
-0.00906421 -0.611829 2.57612
-0.0181753 0.709551 2.31228
-0.457795 0.0950342 2.39007
-0.382272 0.203641 2.3326
0.299996 0.0736721 2.33032
0.29553 0.184387 2.3185
-0.0524404 0.190865 2.44999
-0.0323357 0.490593 2.37529
-0.012075 0.778895 2.28952
0.0590722 0.91357 2.29313
-0.181768 0.675702 2.29012
-0.332957 0.442763 2.34913
-0.417539 0.226863 2.34837
-0.441773 0.177653 2.3509
0.137312 0.651693 2.33368
0.194809 0.400397 2.34627
0.265898 0.17963 2.32229
0.265219 0.150681 2.32849
-0.126044 0.19211 2.40765
-0.202378 -0.136684 2.5131
-0.179891 -0.510691 2.67396
-0.197096 -0.592546 2.59703
0.0225221 0.183944 2.42254
0.0485098 -0.152232 2.52597
0.00156782 -0.533386 2.65725
-0.00908995 -0.611182 2.57588
-0.0172174 0.708383 2.31292
-0.46466 0.0946024 2.37656
-0.388548 0.20781 2.31918
0.294932 0.0675905 2.34058
0.295865 0.169348 2.3173
-0.0554026 0.19045 2.45007
-0.034423 0.489751 2.37525
-0.0137176 0.777991 2.28943
0.0580061 0.913793 2.29244
-0.182688 0.67543 2.28965
-0.33533 0.443941 2.34733
-0.41973 0.227862 2.34244
-0.443008 0.180806 2.34333
0.136598 0.653041 2.33487
0.193351 0.400324 2.34721
0.264234 0.179532 2.32349
0.266279 0.151332 2.32999
-0.128738 0.1918 2.40741
-0.205843 -0.135693 2.51325
-0.179798 -0.510622 2.67397
-0.197489 -0.592361 2.597
0.0193803 0.183482 2.42293
0.0474674 -0.151694 2.52429
0.00172992 -0.533362 2.65727
-0.00936774 -0.61085 2.57636
-0.018901 0.707498 2.31286
-0.470886 0.101723 2.36255
-0.389433 0.20296 2.3115
0.297348 0.0692872 2.34677
0.292425 0.185244 2.31731
-0.0569543 0.191635 2.45039
-0.0421106 0.491865 2.37385
-0.0303764 0.781768 2.28501
0.0371476 0.92115 2.28805
-0.192949 0.678553 2.29634
-0.337664 0.439982 2.3457
-0.422238 0.224005 2.34087
-0.443413 0.180106 2.34421
0.133094 0.664198 2.33543
0.191311 0.402801 2.34907
0.263137 0.182371 2.32451
0.269279 0.153963 2.33087
-0.130029 0.19265 2.40777
-0.207418 -0.135265 2.51392
-0.179763 -0.510611 2.67407
-0.19792 -0.592448 2.59693
0.017556 0.185168 2.42315
0.0470887 -0.151827 2.52293
0.00157497 -0.533585 2.65709
-0.00954878 -0.610584 2.57626
-0.0331536 0.710815 2.30927
-0.470687 0.100052 2.35875
-0.390541 0.205106 2.3144
0.299093 0.0768305 2.34544
0.294008 0.187655 2.31912
-0.0618028 0.196698 2.4507
-0.0558736 0.497958 2.37261
-0.0511725 0.788298 2.28296
-0.0472591 0.945473 2.27242
-0.218112 0.682132 2.30711
-0.331647 0.4328 2.34949
-0.415837 0.216682 2.34553
-0.425243 0.169501 2.35545
0.114557 0.687528 2.32398
0.194208 0.424905 2.35233
0.264438 0.203865 2.32719
0.28448 0.15462 2.32872
-0.134529 0.195883 2.41041
-0.207229 -0.136655 2.51507
-0.179648 -0.510136 2.67412
-0.198576 -0.592693 2.59645
0.0122327 0.192415 2.42091
0.0431508 -0.153025 2.52596
0.00263146 -0.532797 2.65728
-0.00938894 -0.610701 2.57577
-0.052331 0.717283 2.30738
-0.452556 0.093904 2.3684
-0.39365 0.168851 2.35014
0.310751 0.0755829 2.35646
0.308261 0.181619 2.3135
-0.0662134 0.198683 2.4508
-0.0663107 0.499777 2.37253
-0.0680124 0.7897 2.28318
-0.10274 0.940701 2.27081
-0.230839 0.680099 2.31631
-0.322152 0.428479 2.35559
-0.404451 0.211634 2.35283
-0.412509 0.166161 2.3684
0.10084 0.693801 2.31856
0.19491 0.430795 2.35119
0.265575 0.209726 2.32789
0.288126 0.157475 2.32943
-0.139361 0.196991 2.41286
-0.205393 -0.138679 2.51655
-0.17987 -0.510207 2.67426
-0.198768 -0.592781 2.5963
0.00806033 0.195181 2.41886
0.0421339 -0.152499 2.52687
0.00280859 -0.531403 2.65714
-0.00867079 -0.611861 2.57483
-0.0675398 0.718807 2.3075
-0.436429 0.0875252 2.38509
-0.368233 0.182311 2.33722
0.314548 0.0744468 2.35169
0.315614 0.186002 2.31928
-0.0671984 0.199131 2.45042
-0.0772571 0.498135 2.37351
-0.0932872 0.784212 2.2876
-0.134251 0.926341 2.27397
-0.238077 0.668046 2.32372
-0.318376 0.418847 2.36171
-0.399204 0.201408 2.35774
-0.407899 0.160453 2.37611
0.0897156 0.696968 2.31471
0.194476 0.436404 2.34857
0.266357 0.215481 2.32946
0.287871 0.158206 2.33169
-0.140584 0.197025 2.41354
-0.203386 -0.139611 2.5178
-0.179883 -0.509881 2.67438
-0.198564 -0.592047 2.59761
0.00748914 0.196468 2.41664
0.0412632 -0.151287 2.52701
0.00291219 -0.531263 2.65721
-0.00759388 -0.612048 2.57391
-0.0891269 0.714338 2.31096
-0.428737 0.0807662 2.39524
-0.361782 0.179118 2.34687
0.312528 0.07459 2.36388
0.317079 0.178796 2.31956
-0.0667498 0.198514 2.45005
-0.0834538 0.494065 2.37476
-0.105268 0.777252 2.29054
-0.151695 0.91106 2.27495
-0.242949 0.651948 2.32972
-0.316473 0.413292 2.3655
-0.396247 0.195582 2.3633
-0.40404 0.156937 2.38196
0.0862595 0.697266 2.31306
0.195794 0.440437 2.34898
0.267579 0.219478 2.33051
0.28957 0.159588 2.33584
-0.140412 0.195075 2.41467
-0.202529 -0.140184 2.51804
-0.179933 -0.509707 2.67442
-0.198467 -0.592121 2.5975
0.00860988 0.196349 2.41455
0.0412001 -0.149723 2.52643
0.00266653 -0.532465 2.65822
-0.0070854 -0.612389 2.57472
-0.0998191 0.708003 2.31352
-0.422941 0.075107 2.40431
-0.356968 0.1839 2.34271
0.316975 0.0825263 2.35619
0.312322 0.194674 2.317
-0.0661953 0.197401 2.44996
-0.0858947 0.491554 2.37518
-0.108951 0.77452 2.29066
-0.158895 0.903563 2.27549
-0.244741 0.642025 2.33166
-0.315123 0.409181 2.36716
-0.393918 0.191281 2.36816
-0.399284 0.156419 2.38713
0.0810835 0.695148 2.31004
0.198386 0.445987 2.34894
0.269561 0.22478 2.33127
0.294332 0.164177 2.33733
-0.140022 0.192199 2.41645
-0.202594 -0.141231 2.51772
-0.179933 -0.509553 2.67433
-0.198243 -0.592452 2.5976
0.00963373 0.196087 2.41335
0.0411136 -0.146068 2.52525
0.00212232 -0.532035 2.65807
-0.00735018 -0.61243 2.5745
-0.103262 0.705295 2.31376
-0.417888 0.0772416 2.40239
-0.351954 0.177624 2.35383
0.323277 0.0839959 2.36197
0.319641 0.187047 2.32239
-0.0658787 0.194864 2.45044
-0.0883043 0.488701 2.37582
-0.112281 0.771925 2.29083
-0.163702 0.899262 2.27618
-0.244514 0.635434 2.33147
-0.314072 0.407403 2.36931
-0.389356 0.188386 2.37268
-0.395838 0.15675 2.38737
0.0744971 0.691614 2.30409
0.200764 0.44976 2.34704
0.273227 0.228786 2.33032
0.299091 0.165714 2.33071
-0.139843 0.188965 2.41767
-0.202267 -0.141907 2.51607
-0.179934 -0.509159 2.67441
-0.197037 -0.592314 2.59798
0.0100029 0.194566 2.41334
0.0403657 -0.141487 2.52598
0.00195492 -0.531132 2.6572
-0.00752762 -0.612439 2.57469
-0.106395 0.702636 2.31407
-0.415569 0.0751583 2.40584
-0.346929 0.187529 2.35218
0.327568 0.0873479 2.35311
0.325279 0.193398 2.31691
-0.0658774 0.194371 2.45062
-0.0888833 0.487812 2.37583
-0.112914 0.770728 2.2904
-0.164405 0.898206 2.27607
-0.244312 0.634481 2.33207
-0.313666 0.406925 2.36932
-0.388824 0.187951 2.3739
-0.398592 0.156791 2.38542
0.0758973 0.691689 2.30429
0.202477 0.452081 2.34489
0.275385 0.228799 2.32896
0.298529 0.165861 2.32585
-0.139804 0.188354 2.41825
-0.20184 -0.141978 2.51517
-0.180235 -0.509172 2.67402
-0.197001 -0.592481 2.59806
0.00999544 0.194268 2.41329
0.0404353 -0.140781 2.5264
0.00203881 -0.531395 2.65756
-0.00778587 -0.612863 2.57389
-0.107036 0.701527 2.31377
-0.416109 0.0750591 2.40262
-0.351584 0.186286 2.34153
0.32726 0.0832013 2.35318
0.329482 0.180971 2.3161
-0.0657562 0.194185 2.45074
-0.0888416 0.487588 2.37592
-0.11254 0.770459 2.29048
-0.163512 0.898184 2.27621
-0.243823 0.635886 2.33229
-0.31335 0.407224 2.36919
-0.389313 0.188493 2.3732
-0.403926 0.157877 2.38016
0.0783104 0.692678 2.30601
0.201217 0.451208 2.34211
0.276187 0.227562 2.32622
0.295613 0.16311 2.32137
-0.13964 0.18833 2.41875
-0.201438 -0.142411 2.51523
-0.180355 -0.509146 2.67385
-0.196913 -0.593131 2.59711
0.0101134 0.194044 2.41315
0.0408868 -0.139659 2.5257
0.0018112 -0.531448 2.65778
-0.00794997 -0.613046 2.57338
-0.106782 0.701268 2.31384
-0.421156 0.0741104 2.39874
-0.353109 0.192119 2.3475
0.3229 0.0819369 2.34735
0.320798 0.196896 2.30543
-0.0655899 0.194695 2.45032
-0.0868025 0.488985 2.37487
-0.105472 0.773602 2.28818
-0.151041 0.90827 2.2755
-0.243044 0.644955 2.33087
-0.313325 0.407615 2.36866
-0.391587 0.18958 2.37062
-0.40679 0.159026 2.37571
0.0813402 0.693768 2.30698
0.200309 0.448634 2.34154
0.275477 0.226162 2.32349
0.292602 0.160812 2.31964
-0.139316 0.189326 2.41813
-0.201041 -0.142995 2.51557
-0.180382 -0.508955 2.6737
-0.197204 -0.59302 2.59715
0.0101698 0.194318 2.41282
0.0411046 -0.140034 2.52632
0.00195604 -0.531152 2.65765
-0.00768702 -0.612708 2.57365
-0.101176 0.703934 2.31188
-0.428794 0.0749738 2.40048
-0.368961 0.164626 2.34763
0.320562 0.080838 2.34018
0.328473 0.169036 2.3245
-0.0659621 0.19576 2.45047
-0.0808253 0.493807 2.37324
-0.088019 0.78382 2.28267
-0.125453 0.928582 2.2743
-0.239773 0.659709 2.32714
-0.313505 0.411063 2.36699
-0.3928 0.193399 2.36903
-0.408973 0.163746 2.37667
0.0867988 0.694934 2.30794
0.199572 0.444463 2.34149
0.273575 0.224263 2.32213
0.28758 0.159665 2.3219
-0.139631 0.191286 2.41788
-0.201265 -0.143671 2.51634
-0.180334 -0.508901 2.67364
-0.197645 -0.592906 2.5974
0.00964731 0.194879 2.41332
0.0419754 -0.141362 2.52667
0.00247426 -0.530555 2.65777
-0.00793372 -0.612112 2.57493
-0.0866731 0.712798 2.30744
-0.432855 0.0839366 2.3941
-0.365855 0.176353 2.34701
0.314991 0.0815637 2.33613
0.32357 0.154826 2.31793
-0.0666415 0.196517 2.45048
-0.0735854 0.497337 2.3718
-0.0734611 0.788582 2.28088
-0.0829412 0.945184 2.27134
-0.232679 0.671779 2.31828
-0.310162 0.417108 2.36037
-0.395916 0.202262 2.36634
-0.415847 0.163246 2.37298
0.0960628 0.692614 2.30991
0.197198 0.441563 2.34277
0.268481 0.220524 2.32294
0.279419 0.156582 2.32601
-0.140289 0.192733 2.41684
-0.201499 -0.143894 2.51671
-0.180284 -0.508849 2.67361
-0.197673 -0.593009 2.59719
0.00873107 0.195276 2.41409
0.0435694 -0.145972 2.52676
0.0021037 -0.531015 2.65758
-0.0089954 -0.611527 2.57646
-0.0736977 0.717357 2.30562
-0.438406 0.0828275 2.39059
-0.380103 0.16337 2.35145
0.303554 0.0725375 2.34557
0.30964 0.1838 2.31822
-0.0658005 0.1974 2.45062
-0.0674804 0.498834 2.37146
-0.0652685 0.78947 2.28051
-0.0556054 0.947433 2.27289
-0.228368 0.675851 2.31461
-0.307787 0.419285 2.35602
-0.399658 0.207143 2.36284
-0.421872 0.159296 2.37155
0.103123 0.692519 2.31318
0.195594 0.437665 2.34501
0.26438 0.215938 2.3238
0.276337 0.156926 2.32854
-0.138807 0.194258 2.4158
-0.201733 -0.143729 2.51663
-0.18009 -0.509002 2.67328
-0.197647 -0.593162 2.59695
0.00935411 0.195798 2.41527
0.043927 -0.147512 2.52611
0.00222132 -0.531881 2.65862
-0.00890849 -0.611452 2.57683
-0.0659397 0.718405 2.30524
-0.444235 0.0772698 2.39571
-0.379602 0.172817 2.35386
0.301069 0.0742891 2.3467
0.306116 0.171068 2.31921
-0.0641518 0.198112 2.45047
-0.0618236 0.498872 2.37121
-0.0566779 0.788394 2.28074
-0.0380701 0.945968 2.27425
-0.223819 0.677685 2.31207
-0.312589 0.427182 2.35543
-0.399812 0.213062 2.3622
-0.425919 0.158972 2.37058
0.108244 0.691803 2.31657
0.194451 0.434617 2.34635
0.261998 0.212623 2.32407
0.272147 0.155568 2.32713
-0.136339 0.195626 2.41453
-0.201919 -0.143491 2.51655
-0.180149 -0.508828 2.67323
-0.198155 -0.593258 2.59721
0.0104787 0.195874 2.41596
0.0442864 -0.149109 2.52549
0.00242537 -0.532738 2.65893
-0.00916313 -0.611704 2.57588
-0.0580953 0.717612 2.30534
-0.444458 0.0771324 2.38649
-0.379488 0.187666 2.33278
0.298765 0.0750818 2.34313
0.301327 0.184869 2.3183
