-0.182997 0.160121 2.24022
-0.168789 0.450698 2.15597
-0.153842 0.729839 2.05987
-0.145554 0.885153 2.03907
-0.314181 0.631075 2.09487
-0.381477 0.373647 2.15838
-0.441234 0.150813 2.19184
-0.457376 0.102019 2.20689
0.0101706 0.624022 2.10248
0.0612293 0.349476 2.1721
0.0977622 0.117716 2.18167
0.109905 0.0489488 2.19561
-0.25509 0.160264 2.20215
-0.28111 -0.227315 2.33995
-0.295205 -0.582192 2.44303
-0.306479 -0.638374 2.36034
-0.105 0.154781 2.20605
-0.104623 -0.242205 2.33735
-0.139881 -0.595538 2.43835
-0.136977 -0.651818 2.35202
-0.157703 0.661748 2.08597
-0.476448 0.0254247 2.2373
-0.477954 0.143398 2.18735
0.125347 -0.0291118 2.22483
0.135792 0.066931 2.18057
-0.182864 0.160086 2.23995
-0.168679 0.450547 2.15536
-0.153786 0.729556 2.05888
-0.145512 0.885 2.03828
-0.314263 0.630765 2.09434
-0.381836 0.372807 2.15856
-0.441448 0.149919 2.19195
-0.456795 0.10526 2.20704
0.0101434 0.624048 2.10215
0.0612173 0.349385 2.17184
0.0974585 0.117514 2.18074
0.108243 0.048186 2.19682
-0.254952 0.160163 2.20159
-0.280136 -0.227751 2.34007
-0.295044 -0.58253 2.44384
-0.306432 -0.638236 2.361
-0.104861 0.154803 2.20592
-0.10403 -0.241912 2.33768
-0.139538 -0.594864 2.43791
-0.136911 -0.651718 2.35206
-0.157628 0.661501 2.08508
-0.480767 0.0270192 2.23496
-0.476303 0.143422 2.18284
0.124283 -0.0316653 2.22248
0.1344 0.0616019 2.17595
-0.182473 0.159884 2.23913
-0.168609 0.450155 2.15428
-0.154068 0.72901 2.05754
-0.145422 0.884556 2.03676
-0.314047 0.63039 2.09322
-0.381591 0.374441 2.1576
-0.441005 0.151548 2.19129
-0.456561 0.102933 2.20257
0.0102557 0.623743 2.1011
0.0608091 0.34938 2.1704
0.096523 0.117438 2.17949
0.107648 0.0473359 2.19283
-0.254583 0.159942 2.201
-0.280285 -0.227338 2.33971
-0.29514 -0.582349 2.4439
-0.306447 -0.638106 2.36121
-0.104486 0.154646 2.20492
-0.104234 -0.242093 2.33784
-0.139196 -0.595383 2.43779
-0.136977 -0.651706 2.35209
-0.157821 0.66099 2.08381
-0.478389 0.0285072 2.23077
-0.476864 0.139399 2.18103
0.120475 -0.0318633 2.21773
0.133923 0.0656897 2.17688
-0.181996 0.159616 2.23861
-0.168454 0.449852 2.15351
-0.154252 0.728681 2.05651
-0.145376 0.884214 2.03517
-0.313987 0.630097 2.09206
-0.382031 0.372061 2.15713
-0.441713 0.149228 2.19071
-0.457349 0.102211 2.20358
0.0101801 0.623573 2.09992
0.0602269 0.349443 2.1689
0.0954933 0.117504 2.17884
0.10459 0.0479975 2.19316
-0.253984 0.15964 2.20052
-0.280055 -0.225567 2.33856
-0.295396 -0.58153 2.4437
-0.306154 -0.638657 2.36019
-0.104125 0.154394 2.20438
-0.104168 -0.243174 2.33797
-0.138829 -0.595782 2.4383
-0.136989 -0.651736 2.35212
-0.157915 0.660666 2.08284
-0.478384 0.0273908 2.23514
-0.477388 0.141384 2.18308
0.119971 -0.0326456 2.21583
0.130592 0.0747594 2.17871
-0.18178 0.159347 2.23781
-0.168477 0.449535 2.15251
-0.154533 0.728371 2.0554
-0.14544 0.883845 2.03368
-0.314213 0.629898 2.09122
-0.382643 0.369845 2.15636
-0.442378 0.146924 2.1894
-0.456776 0.102745 2.20144
0.010138 0.623331 2.09842
0.0597643 0.348082 2.16709
0.0943631 0.116149 2.17815
0.10371 0.0464244 2.19165
-0.253726 0.159356 2.19979
-0.279484 -0.225464 2.33731
-0.295116 -0.58189 2.44371
-0.306251 -0.638551 2.36029
-0.103936 0.154145 2.20353
-0.104259 -0.242913 2.33707
-0.138743 -0.596 2.43815
-0.13712 -0.651624 2.35232
-0.158135 0.660349 2.08175
-0.477576 0.0273597 2.23302
-0.478176 0.140872 2.18269
0.118808 -0.0326531 2.21663
0.132795 0.0652393 2.18613
-0.182438 0.15895 2.2367
-0.168906 0.449179 2.15124
-0.154753 0.728081 2.05403
-0.145903 0.883688 2.03249
-0.314878 0.629315 2.08963
-0.383806 0.367882 2.15543
-0.443099 0.144868 2.18858
-0.457527 0.103087 2.19884
0.00970957 0.62302 2.09674
0.0595813 0.347595 2.16652
0.0932383 0.115473 2.17712
0.103117 0.0449792 2.18948
-0.254482 0.158981 2.19848
-0.280374 -0.227963 2.32248
-0.294381 -0.582212 2.44341
-0.30667 -0.638962 2.35918
-0.104485 0.153759 2.20266
-0.105159 -0.243299 2.33318
-0.137078 -0.594758 2.43556
-0.136621 -0.652251 2.35155
-0.158408 0.660041 2.0804
-0.480169 0.0279966 2.22684
-0.478789 0.121403 2.17228
0.114658 -0.0380159 2.22257
0.13185 0.0424755 2.17121
-0.187563 0.15625 2.23027
-0.173549 0.446584 2.14498
-0.158911 0.725599 2.04804
-0.149093 0.881976 2.02886
-0.320053 0.625687 2.08289
-0.388344 0.363961 2.15129
-0.445971 0.140847 2.18606
-0.463686 0.0941731 2.1952
0.00543654 0.62105 2.09101
0.0562477 0.344969 2.1618
0.0890972 0.112792 2.17306
0.0966791 0.0407859 2.18302
-0.260517 0.156181 2.19094
-0.282926 -0.229314 2.31069
-0.292889 -0.582364 2.44091
-0.306252 -0.63907 2.35853
-0.108588 0.151282 2.19732
-0.118106 -0.264655 2.30957
-0.134845 -0.596653 2.43361
-0.136125 -0.653137 2.349
-0.162695 0.657531 2.07434
-0.482502 0.0204849 2.22005
-0.486857 0.127219 2.1765
0.110387 -0.0382354 2.21838
0.123751 0.0561842 2.16672
-0.193434 0.148236 2.22033
-0.183136 0.434612 2.12755
-0.17226 0.709499 2.02219
-0.160784 0.865874 2.00454
-0.332394 0.610943 2.05764
-0.401233 0.347326 2.13233
-0.455723 0.123087 2.16533
-0.483753 0.0511399 2.18103
-0.00702317 0.612198 2.07284
0.0450286 0.337152 2.14842
0.0803305 0.105059 2.15673
0.0895138 0.0322628 2.16337
-0.267032 0.147567 2.18123
-0.289879 -0.238109 2.29734
-0.294833 -0.584453 2.43956
-0.306736 -0.63925 2.35927
-0.113593 0.144069 2.18721
-0.117443 -0.274727 2.16891
-0.119599 -0.602714 2.37275
-0.132001 -0.666403 2.28585
-0.175128 0.642473 2.05066
-0.490976 -0.0222558 2.21216
-0.505944 0.0590838 2.16235
0.103049 -0.049789 2.19152
0.118902 0.046509 2.15207
-0.193673 0.142448 2.19729
-0.183161 0.427251 2.09536
-0.17165 0.700853 1.98165
-0.158557 0.855663 1.96206
-0.331412 0.602588 2.01536
-0.402648 0.337867 2.09907
-0.461558 0.115704 2.13629
-0.485952 0.044772 2.15256
-0.00734202 0.606423 2.03556
0.0430834 0.330813 2.123
0.0776244 0.0987578 2.13328
0.0913644 0.0261546 2.13842
-0.266682 0.141453 2.15771
-0.290887 -0.230856 2.28854
-0.294469 -0.586587 2.44021
-0.306953 -0.639262 2.3599
-0.114294 0.138749 2.16473
-0.0968482 -0.300428 2.10469
-0.0827651 -0.640794 2.18624
-0.0826416 -0.70752 2.09766
-0.174707 0.634145 2.01214
-0.493587 -0.0253693 2.19115
-0.504244 0.0472264 2.1275
0.101973 -0.0552123 2.16866
0.119796 0.0325184 2.12012
-0.177035 0.123841 2.14818
-0.169071 0.406789 2.04402
-0.160124 0.678464 1.92812
-0.142254 0.834126 1.90665
-0.319524 0.576903 1.9507
-0.398818 0.325574 2.04938
-0.459148 0.106394 2.09699
-0.481801 0.030657 2.11084
0.00227489 0.585131 1.98365
0.0497338 0.313401 2.07626
0.0845026 0.0821977 2.09382
0.103206 0.00779003 2.10069
-0.25005 0.123188 2.10592
-0.288199 -0.219782 2.27247
-0.295945 -0.577658 2.43702
-0.308051 -0.638173 2.36056
-0.0980759 0.120327 2.11814
-0.0670884 -0.343665 2.04642
-0.0411116 -0.674698 2.01705
-0.0358582 -0.723145 1.9082
-0.162534 0.612253 1.95916
-0.487618 -0.0391451 2.1447
-0.498288 0.0137512 2.08511
0.118192 -0.0720441 2.12823
0.133889 0.00751397 2.08956
-0.15569 0.0884617 2.08079
-0.148027 0.374536 1.98201
-0.139552 0.649051 1.87132
-0.118615 0.804471 1.84825
-0.301701 0.552857 1.90321
-0.380371 0.301465 1.98635
-0.448294 0.0852377 2.03613
-0.473358 0.0101415 2.05659
0.0232919 0.553896 1.9273
0.0674149 0.276329 2.01655
0.101775 0.046347 2.04211
0.118917 -0.0263274 2.05779
-0.229147 0.0891323 2.03768
-0.273557 -0.229547 2.21045
-0.292876 -0.575451 2.43055
-0.309312 -0.636782 2.36066
-0.0768347 0.0847169 2.0516
-0.0467827 -0.368979 1.98628
-0.0279924 -0.704998 1.97229
-0.0326335 -0.750267 1.87192
-0.141818 0.582164 1.90107
-0.484149 -0.0584245 2.09066
-0.498593 0.0103141 2.04029
0.131105 -0.107652 2.09654
0.147834 -0.0185628 2.04818
-0.125104 0.0699852 1.98487
-0.116405 0.356764 1.88779
-0.106994 0.631475 1.77878
-0.081389 0.788201 1.76065
-0.27194 0.534422 1.82973
-0.345836 0.286367 1.90244
-0.423181 0.075503 1.95915
-0.44539 0.00335774 1.97928
0.0591735 0.535074 1.83815
0.094305 0.262833 1.92035
0.117825 0.0314854 1.94676
0.133227 -0.0430748 1.9569
-0.200119 0.071089 1.94498
-0.249756 -0.261875 2.01804
-0.287179 -0.561933 2.33426
-0.310511 -0.641144 2.33225
-0.0454563 0.0661671 1.95194
-0.0328418 -0.368959 1.91517
-0.0272161 -0.718344 1.96165
-0.0321337 -0.768907 1.8681
-0.109469 0.564609 1.8081
-0.455731 -0.0630885 2.01117
-0.462148 0.0203605 1.95133
0.149388 -0.122901 1.98762
0.163719 -0.0319985 1.9556
-0.122964 0.0748785 1.92978
-0.106419 0.361268 1.83238
-0.0893883 0.635204 1.72276
-0.0721805 0.790357 1.70263
-0.249026 0.54021 1.76125
-0.328469 0.289117 1.85718
-0.403793 0.0779681 1.91578
-0.424458 0.00477571 1.93943
0.0734929 0.53533 1.76944
0.111461 0.260922 1.84922
0.129782 0.0271002 1.86244
0.139862 -0.0475219 1.86751
-0.198646 0.0794901 1.89076
-0.258253 -0.255895 1.89864
-0.297082 -0.570827 2.2008
-0.313822 -0.655458 2.18765
-0.0426478 0.0674171 1.89633
-0.0268145 -0.358481 1.89366
-0.0267605 -0.717493 1.96068
-0.0317724 -0.769897 1.86952
-0.0937302 0.56859 1.75223
-0.429391 -0.0633048 1.97185
-0.446543 0.0163473 1.9191
0.149946 -0.125231 1.89582
0.165411 -0.0294227 1.85321
-0.134504 0.0783555 1.88601
-0.111145 0.364434 1.78886
-0.0877778 0.637725 1.67959
-0.0785298 0.790727 1.65498
-0.248718 0.545658 1.72855
-0.31654 0.300683 1.80611
-0.392866 0.0911547 1.86888
-0.41683 0.0120934 1.89387
0.0734921 0.53533 1.71702
0.118892 0.256455 1.7888
0.133196 0.0211426 1.78852
0.14203 -0.0494069 1.78475
-0.209584 0.0848661 1.84918
-0.281286 -0.268526 1.8425
-0.333216 -0.651686 2.05637
-0.364746 -0.714844 2
-0.0542345 0.0687924 1.85047
-0.0273749 -0.348196 1.87451
-0.0256346 -0.714394 1.96006
-0.0312082 -0.770585 1.87038
-0.0936509 0.57132 1.70896
-0.427773 -0.0550333 1.92578
-0.434755 0.0385847 1.87444
0.150201 -0.129126 1.81229
0.169806 -0.0469895 1.77172
-0.15998 0.0715138 1.84742
-0.131273 0.358173 1.75059
-0.102609 0.631808 1.64169
-0.0967093 0.78005 1.61742
-0.267378 0.542613 1.68754
-0.326075 0.302056 1.76751
-0.403821 0.0918726 1.82716
-0.429581 0.0104852 1.84678
0.0590213 0.529879 1.67929
0.106467 0.249416 1.74781
0.126281 0.0141731 1.73719
0.130763 -0.0568846 1.72964
-0.234312 0.078004 1.81146
-0.316225 -0.323176 1.82101
-0.396966 -0.716924 1.88397
-0.414795 -0.77002 1.79297
-0.0793646 0.0622237 1.81108
-0.0399015 -0.348774 1.84705
-0.026227 -0.713476 1.95983
-0.0303811 -0.769801 1.87585
-0.1098 0.565352 1.67095
-0.448943 -0.0616619 1.87954
-0.444526 0.0598669 1.8275
0.138262 -0.133102 1.75018
0.151608 -0.077167 1.69692
-0.202705 0.0537837 1.81493
-0.17642 0.338238 1.71731
-0.149482 0.609673 1.60751
-0.134871 0.75957 1.58051
-0.31138 0.523268 1.64373
-0.383513 0.267519 1.72684
-0.456294 0.0523694 1.77572
-0.481475 -0.0210888 1.79416
0.0117016 0.515167 1.65806
0.0620146 0.240718 1.73247
0.09566 0.00706927 1.72241
0.096464 -0.0634341 1.71961
-0.277381 0.0597531 1.77545
-0.352953 -0.335891 1.75843
-0.412573 -0.726143 1.82887
-0.414459 -0.777252 1.75374
-0.120171 0.0456137 1.78201
-0.0747539 -0.354725 1.80409
-0.0279249 -0.719969 1.95466
-0.0301591 -0.770892 1.8714
-0.156341 0.543769 1.637
-0.499714 -0.0945706 1.82591
-0.501922 0.000979715 1.77911
0.1085 -0.143699 1.73146
0.12064 -0.0872518 1.68777
-0.222646 0.0495951 1.81007
-0.203133 0.332074 1.70789
-0.183126 0.601481 1.59276
-0.160534 0.750921 1.56758
-0.342156 0.512421 1.61757
-0.423346 0.25866 1.69778
-0.491977 0.0412052 1.74318
-0.528993 -0.0298563 1.75379
-0.0222851 0.511406 1.65742
0.0189772 0.24006 1.74478
0.05748 0.00735878 1.74277
0.0635346 -0.0602486 1.75364
-0.296996 0.0542076 1.76643
-0.364592 -0.339293 1.73453
-0.410315 -0.724715 1.82821
-0.414075 -0.771829 1.75669
-0.139882 0.0429736 1.78148
-0.093404 -0.355804 1.79276
-0.0407776 -0.721005 1.94963
-0.038075 -0.77352 1.86199
-0.188283 0.53609 1.62365
-0.544562 -0.100365 1.78188
-0.546093 0.000440717 1.7382
0.0776672 -0.137839 1.76858
0.0895293 -0.0517729 1.74494
-0.234926 0.0550308 1.81616
-0.217682 0.337389 1.71261
-0.199383 0.606851 1.59665
-0.176262 0.758637 1.57612
-0.355838 0.514247 1.61572
-0.439332 0.258876 1.6929
-0.51627 0.0436757 1.73559
-0.556848 -0.0244762 1.75537
-0.0412895 0.522046 1.66955
-0.000949405 0.248997 1.75999
0.0290821 0.0160174 1.77189
0.0376959 -0.0482469 1.79399
-0.3075 0.056903 1.7696
-0.367749 -0.335516 1.73614
-0.411654 -0.724544 1.82894
-0.414524 -0.771544 1.75701
-0.15321 0.0513555 1.79111
-0.116333 -0.336226 1.79652
-0.0871943 -0.679681 2.02763
-0.0783691 -0.733887 1.95605
-0.204175 0.541432 1.6277
-0.574866 -0.0930656 1.7832
-0.570058 -0.000706833 1.73158
0.0476501 -0.126438 1.81436
0.0640805 -0.034686 1.78607
-0.240598 0.068636 1.85088
-0.222696 0.353942 1.75517
-0.203328 0.626534 1.64771
-0.181746 0.784747 1.63315
-0.362325 0.528456 1.66727
-0.442077 0.274078 1.73761
-0.514532 0.0561462 1.77593
-0.54337 -0.0136153 1.80129
-0.0438733 0.537155 1.71337
-0.00771621 0.256711 1.79801
0.0223024 0.0245745 1.81667
0.0405041 -0.0394311 1.84081
-0.313338 0.0687021 1.80525
-0.373163 -0.339773 1.77352
-0.412447 -0.723777 1.83016
-0.414286 -0.772242 1.75454
-0.158502 0.0659144 1.82455
-0.126837 -0.272612 1.84344
-0.117192 -0.569352 2.16463
-0.106195 -0.615402 2.066
-0.208412 0.560301 1.67658
-0.559962 -0.0867124 1.81989
-0.555058 0.0100903 1.77875
0.0518699 -0.118378 1.86412
0.0663607 -0.032006 1.83047
-0.226427 0.0672003 1.917
-0.20762 0.353559 1.81923
-0.187678 0.627458 1.70962
-0.169379 0.785094 1.69603
-0.34672 0.529073 1.73995
-0.416139 0.27451 1.807
-0.487019 0.0555481 1.84288
-0.509477 -0.0179546 1.86636
-0.0274302 0.534463 1.77239
0.0121121 0.253323 1.85212
0.0413479 0.0199651 1.85873
0.0597372 -0.0436962 1.88034
-0.299519 0.0674518 1.87258
-0.365482 -0.351115 1.81216
-0.412691 -0.724527 1.83215
-0.413358 -0.773573 1.75119
-0.144828 0.0644105 1.88938
-0.121833 -0.264044 1.97433
-0.121964 -0.585517 2.27245
-0.114343 -0.631848 2.17348
-0.192862 0.560854 1.73906
-0.52102 -0.0909042 1.8907
-0.527907 -0.0293195 1.83464
0.0722674 -0.1273 1.90164
0.0888333 -0.0413793 1.87882
-0.193905 0.0682294 2.01059
-0.17713 0.352877 1.89959
-0.159724 0.625921 1.77695
-0.14685 0.782546 1.76213
-0.317884 0.528436 1.81171
-0.378277 0.280157 1.89128
-0.454766 0.0629993 1.9262
-0.472529 -0.00981657 1.94078
0.000330363 0.531488 1.83461
0.0467471 0.25584 1.91186
0.068014 0.0211939 1.90889
0.0855175 -0.0460962 1.92085
-0.267553 0.0700129 1.96911
-0.35236 -0.362956 1.89445
-0.410537 -0.730291 1.84332
-0.412958 -0.773964 1.74801
-0.113269 0.0639921 1.9799
-0.104272 -0.274679 2.099
-0.122939 -0.614967 2.37606
-0.116692 -0.665554 2.30064
-0.164214 0.559438 1.80963
-0.486743 -0.0858396 1.94899
-0.493934 -0.0130615 1.90712
0.0979027 -0.130147 1.93299
0.118743 -0.0527958 1.91237
-0.167081 0.103395 2.10419
-0.147154 0.382657 1.98156
-0.126875 0.650795 1.84723
-0.114727 0.806247 1.82938
-0.279279 0.556376 1.88789
-0.340347 0.313277 1.98353
-0.414952 0.0956211 2.01981
-0.436958 0.0249272 2.03512
0.0313959 0.554368 1.90384
0.0845982 0.290355 1.97642
0.110935 0.0561207 1.9706
0.119965 -0.0167053 1.97529
-0.241018 0.108797 2.06507
-0.318104 -0.317271 2.01176
-0.381371 -0.678324 1.96744
-0.403564 -0.714844 1.86621
-0.0873599 0.0945921 2.07115
-0.0839557 -0.257522 2.18628
-0.123536 -0.610309 2.38944
-0.114795 -0.662054 2.31591
-0.13203 0.585485 1.88287
-0.450332 -0.047775 2.04025
-0.456903 0.0347086 2.01312
0.132824 -0.0996139 1.99321
0.140209 -0.0326354 1.94736
-0.15361 0.133082 2.14593
-0.132876 0.412249 2.02355
-0.111665 0.680219 1.88966
-0.102183 0.834899 1.87118
-0.265395 0.586218 1.93168
-0.328352 0.337296 2.02933
-0.400353 0.118771 2.06616
-0.414495 0.073061 2.08375
0.0473184 0.581065 1.93926
0.100892 0.319077 2.01718
0.123836 0.0843869 2.00987
0.133579 0.0124861 2.01853
-0.227721 0.138806 2.1085
-0.297513 -0.281951 2.09059
-0.348919 -0.640305 2.15849
-0.363525 -0.686523 2.06055
-0.0743271 0.122915 2.11115
-0.0768015 -0.240649 2.24428
-0.119581 -0.603165 2.3985
-0.112874 -0.656724 2.32284
-0.117055 0.614954 1.92517
-0.44002 -0.00764634 2.09338
-0.433932 0.100066 2.0623
0.145887 -0.0701433 2.03578
0.150263 -0.013712 1.98472
-0.1457 0.145104 2.17223
-0.125449 0.425181 2.05357
-0.104932 0.694176 1.92342
-0.0956179 0.848785 1.9061
-0.260439 0.600531 1.97085
-0.324647 0.361719 2.06162
-0.392947 0.141926 2.09869
-0.415447 0.0905734 2.11697
0.058213 0.594295 1.97158
0.107857 0.325024 2.04844
0.129042 0.0903711 2.04667
0.137687 0.0346585 2.06412
-0.219793 0.150048 2.13497
-0.277878 -0.251842 2.17766
-0.308436 -0.587639 2.34065
-0.31958 -0.648438 2.25586
-0.0667536 0.13533 2.13727
-0.0670493 -0.237918 2.27239
-0.113281 -0.597563 2.40724
-0.108563 -0.652001 2.32628
-0.110125 0.628638 1.958
-0.447157 0.0103684 2.12861
-0.436644 0.121901 2.09946
0.15673 -0.0533194 2.07581
0.165348 0.0653501 2.05817
-0.143718 0.148145 2.18725
-0.124337 0.430522 2.07501
-0.104851 0.702006 1.95159
-0.0940145 0.855289 1.93247
-0.26191 0.609546 1.99679
-0.327612 0.363252 2.0853
-0.396512 0.144465 2.12563
-0.418637 0.0986843 2.14581
0.0589285 0.598126 1.99599
0.106269 0.324497 2.07199
0.129591 0.0912722 2.08552
0.132388 0.0405773 2.10799
-0.217454 0.151784 2.1509
-0.252168 -0.229485 2.2678
-0.263678 -0.579023 2.43363
-0.281327 -0.638238 2.35201
-0.06521 0.139607 2.15146
-0.0627073 -0.238281 2.28483
-0.107555 -0.595349 2.41106
-0.106254 -0.650227 2.32881
-0.109777 0.635825 1.98447
-0.452361 0.0164789 2.16288
-0.438973 0.129104 2.12082
0.151542 -0.042129 2.12377
0.15516 0.0422762 2.08039
-0.147933 0.147173 2.20146
-0.13196 0.430751 2.09142
-0.115866 0.70334 1.96991
-0.106949 0.855832 1.95363
-0.279809 0.613619 2.02305
-0.347836 0.353696 2.11661
-0.406659 0.130896 2.15204
-0.440119 0.0718448 2.17246
0.0447187 0.59898 2.01109
0.092546 0.322231 2.09067
0.105829 0.0909239 2.12213
0.114811 0.0253794 2.14697
-0.221489 0.148188 2.1676
-0.24391 -0.226768 2.32608
-0.241877 -0.582311 2.44781
-0.272444 -0.641314 2.37069
-0.0694796 0.141068 2.16338
-0.092021 -0.262633 2.28314
-0.103899 -0.599259 2.4089
-0.108777 -0.658483 2.32137
-0.119954 0.636882 2.00234
-0.457383 -0.0023673 2.20423
-0.467169 0.0784037 2.15767
0.130524 -0.057049 2.17423
0.141735 0.0552816 2.141
-0.154074 0.14582 2.20961
-0.14256 0.428364 2.09781
-0.131687 0.699624 1.97417
-0.124276 0.852225 1.95748
-0.297176 0.612133 2.03191
-0.364336 0.343259 2.13043
-0.41752 0.117541 2.15796
-0.454104 0.0597784 2.17146
0.0283521 0.59967 2.01411
0.0785142 0.319773 2.09633
0.094838 0.0886262 2.12746
0.100716 0.0231392 2.14755
-0.227665 0.145379 2.17724
-0.255432 -0.240474 2.33542
-0.241958 -0.583622 2.44917
-0.272259 -0.641612 2.37437
-0.0753805 0.141251 2.17
-0.105727 -0.271039 2.1918
-0.10486 -0.608494 2.38012
-0.110428 -0.668368 2.29198
-0.13443 0.633519 2.00718
-0.466366 -0.0164917 2.20297
-0.486704 0.0514224 2.1715
0.111392 -0.0601496 2.17848
0.133201 0.0291867 2.14091
-0.158733 0.145457 2.20722
-0.15092 0.427251 2.09387
-0.142922 0.697748 1.96872
-0.13743 0.850486 1.94934
-0.306075 0.609334 2.0271
-0.371113 0.342962 2.12619
-0.430303 0.118638 2.15269
-0.463991 0.0577333 2.16269
0.0179113 0.600463 2.00922
0.0712643 0.321638 2.09356
0.0869716 0.0893086 2.11831
0.0959116 0.0184074 2.12349
-0.232171 0.144093 2.17486
-0.260373 -0.248262 2.33444
-0.2507 -0.599791 2.4498
-0.274953 -0.644635 2.375
-0.0802091 0.141918 2.16741
-0.10012 -0.280745 2.12689
-0.0922158 -0.623696 2.24888
-0.100647 -0.688477 2.1582
-0.145045 0.631827 2.00209
-0.478337 -0.0154271 2.19395
-0.495732 0.0511433 2.1595
0.102708 -0.0601799 2.15298
0.130243 0.0475125 2.121
-0.165986 0.134571 2.18324
-0.158828 0.416584 2.06903
-0.150826 0.687473 1.94314
-0.143093 0.841188 1.92337
-0.313016 0.597468 1.99352
-0.378945 0.338329 2.09501
-0.434367 0.116031 2.13614
-0.460566 0.0498503 2.15006
0.0105603 0.593262 1.9903
0.0664719 0.316563 2.07598
0.085278 0.0823292 2.08313
0.0985665 0.0115521 2.08229
-0.238911 0.132031 2.14793
-0.257986 -0.23274 2.3139
-0.254629 -0.596321 2.45388
-0.276647 -0.644394 2.37632
-0.0875406 0.132608 2.14628
-0.0781223 -0.324343 2.07118
-0.0775059 -0.662769 2.10332
-0.0705824 -0.706353 1.98811
-0.152989 0.62145 1.97668
-0.470471 -0.0273581 2.19056
-0.482244 0.0608276 2.12939
0.109119 -0.0718993 2.11009
0.131514 0.00919887 2.0721
-0.157654 0.0973783 2.1144
-0.151642 0.383078 2.0073
-0.144655 0.657385 1.88828
-0.134931 0.813439 1.86823
-0.304876 0.565137 1.93257
-0.371998 0.314282 2.02795
-0.428707 0.0971062 2.08581
-0.449137 0.0246119 2.10604
0.0175954 0.562514 1.93883
0.0723765 0.287168 2.02421
0.0953266 0.0532691 2.0302
0.108766 -0.0184296 2.03168
-0.231354 0.0963129 2.07727
-0.255225 -0.20398 2.22433
-0.252795 -0.579598 2.45664
-0.276071 -0.642299 2.38037
-0.0785484 0.0951119 2.07923
-0.0583343 -0.36455 2.00131
-0.0551717 -0.696045 1.96478
-0.0527475 -0.738243 1.86101
-0.14657 0.590539 1.92012
-0.463937 -0.0518377 2.15133
-0.474376 0.0366364 2.09055
0.120674 -0.102611 2.05772
0.139548 -0.0188472 2.01511
-0.142084 0.0726763 2.04088
-0.135525 0.360605 1.94269
-0.128262 0.636792 1.83198
-0.117953 0.793227 1.81534
-0.289832 0.541137 1.87453
-0.359424 0.288383 1.96498
-0.411338 0.0697064 2.02204
-0.433289 0.000157926 2.0426
0.0334578 0.539798 1.88193
0.0843235 0.262584 1.95569
0.107228 0.0304656 1.97752
0.124172 -0.0410016 1.98494
-0.216338 0.0731194 2.00181
-0.245457 -0.252908 2.15856
-0.251212 -0.572356 2.43505
-0.274807 -0.641572 2.38158
-0.0628073 0.0696567 2.00756
-0.0473398 -0.37899 1.9451
-0.0520041 -0.717663 1.94551
-0.0517058 -0.768434 1.84109
-0.130214 0.569515 1.86178
-0.444905 -0.0773325 2.0862
-0.458582 0.0138896 2.03158
0.140851 -0.123391 2.0212
0.155129 -0.0233562 1.97864
-0.131807 0.0703449 1.97292
-0.121348 0.359511 1.8771
-0.110315 0.636391 1.76928
-0.100836 0.792247 1.75767
-0.270908 0.5401 1.81233
-0.334645 0.284115 1.89969
-0.394587 0.0677162 1.95754
-0.414358 -0.00573821 1.97276
0.0498885 0.534609 1.81509
0.0958136 0.25946 1.88262
0.117971 0.027286 1.90554
0.134263 -0.045095 1.91857
-0.206176 0.0731839 1.93476
-0.248664 -0.257411 2.0073
-0.253552 -0.553134 2.32964
-0.251604 -0.599587 2.22996
-0.0525715 0.0649231 1.93871
-0.0403177 -0.366635 1.90633
-0.0515036 -0.720502 1.94226
-0.0533477 -0.772508 1.84327
-0.113181 0.569009 1.7983
-0.421707 -0.0812282 2.00621
-0.437555 0.00905839 1.95667
0.149277 -0.124195 1.95108
0.160288 -0.0221434 1.902
-0.144117 0.0793632 1.91474
-0.12347 0.367192 1.81746
-0.102568 0.642428 1.70796
-0.0971844 0.799145 1.69452
-0.2655 0.549658 1.76069
-0.321881 0.301087 1.83699
-0.383256 0.0825291 1.88751
-0.398311 0.0075018 1.89533
0.0573932 0.536738 1.737
0.103097 0.260209 1.80022
0.121237 0.0249198 1.79459
0.126914 -0.0480503 1.79572
-0.218344 0.0857551 1.88025
-0.273064 -0.259982 1.8952
-0.296689 -0.59754 2.17518
-0.329999 -0.678546 2.14632
-0.0644064 0.0699277 1.87688
-0.0387535 -0.352947 1.88688
-0.0520547 -0.720673 1.94145
-0.0529416 -0.774109 1.84551
-0.107864 0.575513 1.7374
-0.405403 -0.0719141 1.93003
-0.421328 0.0177887 1.87676
0.133213 -0.130811 1.82479
0.140686 -0.0854857 1.76526
-0.163014 0.0804531 1.88157
-0.136902 0.367944 1.78366
-0.110762 0.642589 1.67363
-0.109418 0.796261 1.66082
-0.274377 0.551631 1.72906
-0.330194 0.295502 1.80911
-0.39999 0.0780213 1.85406
-0.414548 0.0044926 1.85695
0.0493244 0.535224 1.70095
0.0982389 0.258672 1.75387
0.111117 0.0233712 1.72659
0.110308 -0.0446722 1.70896
-0.236598 0.087068 1.8481
-0.306465 -0.286766 1.86451
-0.356456 -0.670216 2.00767
-0.394043 -0.727051 1.93555
-0.0831171 0.0707296 1.84275
-0.0444416 -0.346869 1.88039
-0.0524869 -0.719053 1.94139
-0.0527274 -0.774391 1.84704
-0.117342 0.575857 1.70318
-0.42237 -0.0742748 1.88859
-0.443431 0.00901128 1.84782
0.114437 -0.125817 1.71357
0.13351 -0.0648452 1.68045
-0.19212 0.0722481 1.85217
-0.164119 0.361893 1.75717
-0.135681 0.638338 1.65002
-0.136052 0.789847 1.63563
-0.303748 0.546091 1.69712
-0.368086 0.279307 1.77527
-0.436941 0.060664 1.81645
-0.451389 -0.00648834 1.8267
0.0248309 0.530844 1.67965
0.072088 0.258962 1.72498
0.0802528 0.0241966 1.68826
0.0816016 -0.0441196 1.66868
-0.265862 0.0766876 1.81724
-0.351708 -0.338691 1.8424
-0.4186 -0.720935 1.87115
-0.42041 -0.777832 1.78516
-0.110899 0.0648771 1.81484
-0.0628861 -0.3478 1.8679
-0.0557264 -0.719652 1.94364
-0.0529654 -0.774998 1.84904
-0.142882 0.571195 1.67884
-0.457592 -0.0833396 1.85563
-0.474863 0.0157467 1.81559
0.0883604 -0.126583 1.67112
0.100987 -0.0674528 1.62931
-0.216849 0.0673659 1.83899
-0.196661 0.356872 1.74276
-0.17591 0.633227 1.63455
-0.167214 0.784896 1.62096
-0.345924 0.537889 1.66729
-0.407792 0.274989 1.74942
-0.466229 0.053068 1.78992
-0.489508 -0.012093 1.79503
-0.016918 0.529607 1.67326
0.0317601 0.254884 1.72542
0.0496058 0.020256 1.6928
0.0492887 -0.0482423 1.68623
-0.290612 0.0711394 1.80139
-0.360827 -0.331604 1.82708
-0.418686 -0.716715 1.87505
-0.423664 -0.767834 1.79827
-0.134708 0.0608727 1.80426
-0.0838493 -0.346654 1.85363
-0.0567653 -0.718074 1.94265
-0.0560618 -0.774361 1.85445
-0.181246 0.566105 1.66362
-0.50018 -0.0876948 1.83057
-0.514616 0.00505933 1.779
0.0605817 -0.127019 1.68121
0.0757666 -0.0375173 1.67647
-0.239389 0.0736911 1.83976
-0.226164 0.36227 1.73954
-0.213136 0.637521 1.62643
-0.19903 0.788668 1.61497
-0.37636 0.539733 1.65009
-0.456676 0.28367 1.72136
-0.515542 0.0607856 1.75727
-0.55139 -0.0044878 1.76925
-0.0534389 0.540254 1.67651
-0.0175165 0.265518 1.74803
0.00176274 0.0300519 1.74177
0.00487972 -0.0375434 1.76109
-0.311214 0.0751297 1.79838
-0.376009 -0.321047 1.83284
-0.419935 -0.713367 1.88085
-0.424021 -0.762843 1.80231
-0.158392 0.0696092 1.80943
-0.106935 -0.347203 1.85855
-0.08009 -0.715357 1.9509
-0.0660511 -0.768132 1.86083
-0.21655 0.570696 1.65678
-0.56596 -0.0829635 1.80213
-0.573399 0.00711693 1.7528
0.0153673 -0.117177 1.77623
0.027984 -0.0526951 1.73616
-0.250301 0.0809457 1.85379
-0.238979 0.36903 1.75324
-0.227059 0.644181 1.64058
-0.214542 0.799774 1.63448
-0.389294 0.542722 1.65682
-0.467676 0.286365 1.72668
-0.534561 0.0650355 1.75844
-0.570002 -0.000381604 1.78049
-0.0698166 0.548851 1.69597
-0.0343937 0.273352 1.77097
-0.0161798 0.0383899 1.77662
-0.00756614 -0.0239948 1.80664
-0.322076 0.0798683 1.81049
-0.381909 -0.318524 1.84668
-0.421548 -0.710252 1.88397
-0.423599 -0.759231 1.80595
-0.168783 0.0790328 1.82529
-0.129547 -0.321295 1.87837
-0.103156 -0.673397 2.09611
-0.0951538 -0.726074 2.01367
-0.23034 0.577351 1.67071
-0.586253 -0.0752046 1.80284
-0.588405 0.0118878 1.76074
0.00577971 -0.106365 1.82309
0.022239 -0.019749 1.80072
-0.257495 0.0864619 1.88488
-0.244368 0.376286 1.78682
-0.229738 0.653211 1.67719
-0.217011 0.815085 1.67852
-0.39408 0.551126 1.70712
-0.470787 0.291947 1.77506
-0.531913 0.0677076 1.80018
-0.557198 0.00135578 1.82379
-0.0708483 0.55355 1.73441
-0.0371986 0.280113 1.8049
-0.0159551 0.0458201 1.8149
-0.00488052 -0.0147376 1.84343
-0.329427 0.0843626 1.84292
-0.385638 -0.323876 1.86456
-0.422736 -0.709877 1.88535
-0.422354 -0.758867 1.80493
-0.175721 0.0852684 1.855
-0.143227 -0.277941 1.9112
-0.106672 -0.600472 2.20619
-0.119751 -0.682617 2.17188
-0.233679 0.585915 1.70658
-0.569055 -0.0724891 1.83707
-0.57344 0.016539 1.80076
0.0146367 -0.104144 1.8598
0.026377 -0.00800589 1.83857
-0.240534 0.0832946 1.97553
-0.223498 0.374289 1.88077
-0.205276 0.652939 1.77427
-0.19588 0.812354 1.76748
-0.366233 0.552738 1.81836
-0.430028 0.287011 1.87661
-0.48876 0.0622409 1.90166
-0.511018 -0.0068866 1.91891
-0.0458133 0.547847 1.81912
-0.00452062 0.271178 1.87766
0.0088349 0.0355885 1.87072
0.0295551 -0.0302839 1.88668
-0.312862 0.0832225 1.93652
-0.384688 -0.350035 1.91594
-0.424035 -0.715197 1.88612
-0.423943 -0.766602 1.79293
-0.159415 0.0803209 1.94256
-0.13503 -0.266562 2.04856
-0.141702 -0.595698 2.33857
-0.13458 -0.666452 2.28054
-0.210044 0.585124 1.80292
-0.52107 -0.0816371 1.94346
-0.525547 -0.0240768 1.88024
0.0417557 -0.116755 1.89785
0.0569942 -0.010502 1.876
-0.206429 0.0799965 2.07312
-0.191201 0.367422 1.96619
-0.175142 0.643503 1.84775
-0.168988 0.80172 1.83702
-0.33543 0.546893 1.88935
-0.391466 0.29064 1.97157
-0.455041 0.0666439 1.99221
-0.462744 0.0267021 2.00201
-0.0159693 0.541517 1.88758
0.0309249 0.268276 1.93664
0.0503658 0.0333754 1.91716
0.0665667 -0.0371808 1.91343
-0.279533 0.0811983 2.03705
-0.364929 -0.351139 1.96715
-0.422653 -0.717468 1.89235
-0.42543 -0.764694 1.78992
-0.126097 0.0760735 2.03713
-0.113983 -0.262373 2.151
-0.139061 -0.602413 2.38032
-0.134792 -0.660341 2.31017
-0.179321 0.576217 1.87939
-0.489349 -0.0567224 2.01087
-0.482888 0.0648512 1.98243
0.0794448 -0.121611 1.91309
0.0967319 -0.0210414 1.90564
-0.185596 0.106538 2.14437
-0.166924 0.389975 2.03332
-0.147631 0.662332 1.91053
-0.13901 0.818349 1.89596
-0.307315 0.572792 1.95692
-0.369053 0.307311 2.03926
-0.434314 0.0844146 2.06377
-0.438878 0.0509881 2.08065
0.00721552 0.561601 1.95338
0.0617594 0.298365 1.99122
0.0890922 0.0650634 1.95889
0.100649 -0.0124842 1.95185
-0.259251 0.10947 2.10798
-0.331931 -0.31642 2.03317
-0.39131 -0.66804 1.9476
-0.415402 -0.704056 1.84033
-0.105649 0.099979 2.10857
-0.0995483 -0.252195 2.21308
-0.138671 -0.598969 2.39578
-0.133782 -0.656911 2.32325
-0.152578 0.595941 1.9433
-0.464032 -0.0328853 2.09276
-0.463188 0.0730391 2.0704
0.116109 -0.0917552 1.94188
0.12621 -0.0193547 1.9304
-0.169446 0.15218 2.20095
-0.148572 0.435587 2.09175
-0.127315 0.707902 1.97107
-0.116251 0.86164 1.9553
-0.287438 0.610748 2.01038
-0.351239 0.353641 2.09028
-0.414879 0.130629 2.11814
-0.421144 0.0984256 2.1363
0.0316424 0.60473 2.01391
0.08473 0.338307 2.05766
0.113483 0.104658 2.0314
0.125552 0.0309698 2.02469
-0.242403 0.155922 2.16395
-0.305276 -0.27061 2.12654
-0.342953 -0.631351 2.16832
-0.359619 -0.676758 2.07227
-0.0909088 0.14345 2.16578
-0.0953218 -0.237674 2.28651
-0.137769 -0.598218 2.41309
-0.129976 -0.649128 2.3317
-0.132715 0.641519 2.00328
-0.445013 0.0152113 2.14806
-0.451015 0.144407 2.122
0.139062 -0.054585 2.02747
0.151096 0.0495665 2.01411
-0.165087 0.165155 2.23086
-0.144053 0.448648 2.12381
-0.122667 0.721011 2.00529
-0.111981 0.877155 1.99347
-0.282232 0.624138 2.04267
-0.346444 0.368285 2.11309
-0.412037 0.145088 2.13671
-0.425607 0.103466 2.15524
0.0371624 0.619677 2.05492
0.0926542 0.350572 2.10283
0.123996 0.116835 2.08834
0.136413 0.0445574 2.09828
-0.238235 0.167935 2.19204
-0.292272 -0.242786 2.2191
-0.329697 -0.591523 2.36015
-0.339111 -0.645996 2.25781
-0.0865785 0.157057 2.19757
-0.0891671 -0.242884 2.32237
-0.134393 -0.594913 2.41975
-0.128197 -0.646328 2.33634
-0.128093 0.654611 2.03697
-0.450208 0.0190162 2.16956
-0.450367 0.142671 2.14011
0.155153 -0.0371396 2.10736
0.160864 0.0285613 2.07257
-0.163788 0.170779 2.2522
-0.145631 0.456684 2.14879
-0.127524 0.731814 2.03428
-0.116341 0.887289 2.02354
-0.286971 0.631856 2.06975
-0.351941 0.365657 2.14157
-0.414873 0.140327 2.15488
-0.426082 0.106563 2.17097
0.0341226 0.628589 2.08072
0.0852875 0.355373 2.14379
0.121676 0.123278 2.15212
0.134205 0.0550081 2.17105
-0.236611 0.172319 2.21417
-0.278234 -0.220159 2.31694
-0.308888 -0.575044 2.46381
-0.319022 -0.63165 2.37364
-0.0856928 0.163739 2.21818
-0.0887521 -0.244506 2.33802
-0.131162 -0.594661 2.42212
-0.12723 -0.645443 2.3387
-0.132098 0.664686 2.06493
-0.449781 0.0202927 2.18103
-0.455225 0.134846 2.15918
0.153767 -0.0274226 2.18742
0.158644 0.0779395 2.15858
