-0.127617 0.161186 2.26049
-0.118021 0.447739 2.18007
-0.107721 0.723332 2.08749
-0.0875991 0.878589 2.04176
-0.263781 0.635598 2.12451
-0.331924 0.365471 2.18078
-0.397038 0.141251 2.19793
-0.420571 0.105799 2.20588
0.0598695 0.630029 2.13466
0.102476 0.354549 2.1924
0.134701 0.121767 2.19913
0.157625 0.0507445 2.21219
-0.199902 0.160352 2.22124
-0.227309 -0.22961 2.35841
-0.244751 -0.589174 2.46095
-0.256387 -0.640666 2.37535
-0.0512317 0.156823 2.2273
-0.05914 -0.248598 2.36241
-0.0882925 -0.590357 2.4624
-0.0917566 -0.647851 2.37845
-0.110478 0.656063 2.11267
-0.445206 0.0277323 2.22171
-0.439774 0.133207 2.19116
0.177995 -0.0272821 2.23784
0.184176 0.0609169 2.19738
-0.128552 0.161359 2.25953
-0.118094 0.447727 2.17963
-0.107339 0.723206 2.08723
-0.0873236 0.878479 2.04157
-0.26373 0.635681 2.12452
-0.334313 0.364905 2.18115
-0.403919 0.142293 2.19976
-0.437646 0.0764198 2.21911
0.0603725 0.629766 2.13486
0.105647 0.353309 2.19293
0.146647 0.121937 2.19947
0.165761 0.0526805 2.21117
-0.201314 0.160727 2.22018
-0.227669 -0.228063 2.35736
-0.244831 -0.58913 2.46079
-0.256432 -0.640876 2.37569
-0.0517633 0.156842 2.22648
-0.059433 -0.246211 2.3607
-0.0883107 -0.590557 2.46301
-0.0917757 -0.647455 2.37933
-0.110223 0.655976 2.1124
-0.445631 0.00429619 2.24736
-0.454318 0.0898851 2.19908
0.188705 -0.0229021 2.23471
0.191958 0.0579108 2.19357
-0.129857 0.161424 2.25874
-0.118272 0.447696 2.17941
-0.107046 0.723118 2.08736
-0.0868605 0.878463 2.04099
-0.263561 0.635515 2.12441
-0.337418 0.37223 2.18209
-0.40835 0.150026 2.20077
-0.44073 0.0845866 2.21877
0.0605932 0.629456 2.13508
0.109205 0.353701 2.19526
0.152985 0.122763 2.20063
0.172266 0.0527912 2.21422
-0.202841 0.160864 2.21932
-0.22808 -0.226972 2.35609
-0.245101 -0.588608 2.4606
-0.256663 -0.640634 2.37581
-0.0527865 0.156836 2.22579
-0.0585584 -0.242473 2.35909
-0.0886999 -0.590619 2.46319
-0.0916992 -0.647218 2.37981
-0.110095 0.655918 2.11242
-0.452956 0.0110342 2.24743
-0.460646 0.0912192 2.20007
0.196393 -0.0211562 2.23808
0.194727 0.0838655 2.19469
-0.130539 0.161442 2.25848
-0.118553 0.447592 2.17927
-0.106988 0.722762 2.08766
-0.0864651 0.878063 2.04057
-0.263618 0.63556 2.12443
-0.339072 0.376873 2.18317
-0.412457 0.155995 2.20536
-0.443823 0.0885686 2.22792
0.0611883 0.628509 2.13652
0.111316 0.35489 2.19822
0.156621 0.124365 2.20504
0.168941 0.0544041 2.22407
-0.203822 0.160934 2.21909
-0.228828 -0.227066 2.35615
-0.244904 -0.588148 2.46039
-0.257036 -0.640231 2.3759
-0.0531916 0.15681 2.22553
-0.0614725 -0.254339 2.36547
-0.0890861 -0.590662 2.46336
-0.0913036 -0.647904 2.37881
-0.110098 0.655649 2.1126
-0.458126 0.0137227 2.25349
-0.463212 0.10016 2.20885
0.194091 -0.0173483 2.24502
0.192836 0.051652 2.19896
-0.131137 0.161579 2.25867
-0.118799 0.447541 2.17933
-0.107 0.722586 2.08777
-0.0864428 0.877544 2.04004
-0.26399 0.635706 2.12503
-0.340167 0.378293 2.18555
-0.414701 0.158328 2.21088
-0.443916 0.0927913 2.23672
0.0610827 0.628366 2.13683
0.111661 0.353967 2.20039
0.157229 0.123893 2.21149
0.166126 0.0545543 2.23216
-0.204554 0.161107 2.21938
-0.229119 -0.226938 2.3563
-0.244869 -0.588286 2.46021
-0.256947 -0.640369 2.37591
-0.0536359 0.156911 2.22566
-0.0616549 -0.255618 2.36675
-0.0892223 -0.590335 2.46293
-0.0913243 -0.647862 2.37882
-0.110141 0.655516 2.11269
-0.460203 0.0167672 2.26313
-0.464657 0.0972684 2.21627
0.191282 -0.0186023 2.25629
0.193175 0.0568348 2.22409
-0.13141 0.161761 2.25925
-0.119116 0.4474 2.1796
-0.107292 0.722062 2.08802
-0.0866674 0.876867 2.03964
-0.26437 0.635834 2.12546
-0.341288 0.378252 2.189
-0.416173 0.159009 2.21761
-0.444205 0.0930232 2.24415
0.0583184 0.629232 2.13882
0.110795 0.354598 2.2037
0.152306 0.12421 2.21905
0.161817 0.0571739 2.23913
-0.204825 0.161246 2.2199
-0.229301 -0.227681 2.35683
-0.244573 -0.588475 2.46039
-0.257116 -0.640372 2.37573
-0.0538751 0.157123 2.22637
-0.0622838 -0.25742 2.36813
-0.0889422 -0.590375 2.46318
-0.091463 -0.648159 2.37857
-0.110416 0.655105 2.11295
-0.460441 0.0180245 2.27244
-0.462622 0.121168 2.23327
0.188028 -0.0185266 2.26403
0.191974 0.0476414 2.231
-0.131887 0.162235 2.26031
-0.119885 0.447316 2.1802
-0.108271 0.721406 2.0885
-0.0872361 0.876497 2.03904
-0.265213 0.636115 2.12609
-0.342461 0.377435 2.19294
-0.41664 0.158296 2.22332
-0.441611 0.0914222 2.25022
0.0584174 0.629229 2.1393
0.109843 0.354323 2.20698
0.149746 0.123669 2.22251
0.162063 0.0547684 2.24443
-0.205259 0.161659 2.221
-0.229676 -0.226991 2.35731
-0.244512 -0.588534 2.46051
-0.256756 -0.640376 2.37652
-0.0543584 0.15761 2.22749
-0.0624739 -0.257003 2.36886
-0.0889231 -0.58989 2.46351
-0.0917044 -0.647451 2.37975
-0.111292 0.654588 2.11346
-0.455959 0.0159697 2.28038
-0.458774 0.116205 2.235
0.18365 -0.0160853 2.27187
0.184864 0.100702 2.2378
-0.132145 0.162477 2.26089
-0.120272 0.447475 2.18044
-0.108653 0.721511 2.08852
-0.088062 0.876356 2.03885
-0.265871 0.63619 2.12633
-0.342152 0.376658 2.19347
-0.416535 0.157729 2.22454
-0.439791 0.0892229 2.24838
0.0580623 0.629383 2.13923
0.109562 0.354125 2.20788
0.149338 0.123511 2.22392
0.161769 0.0548092 2.24331
-0.205545 0.161856 2.22136
-0.229781 -0.227545 2.35761
-0.244532 -0.588454 2.46044
-0.256776 -0.640431 2.37665
-0.0545688 0.157904 2.2283
-0.0625467 -0.256177 2.36877
-0.0891863 -0.590037 2.46359
-0.0919656 -0.647891 2.37942
-0.111655 0.65469 2.11354
-0.449097 0.0119985 2.27975
-0.46332 0.100391 2.23536
0.181956 -0.0171411 2.27329
0.193178 0.0465347 2.23353
-0.13292 0.162837 2.26167
-0.121194 0.447857 2.18055
-0.109818 0.722029 2.08791
-0.0901157 0.876715 2.0385
-0.267403 0.636131 2.12601
-0.342058 0.377238 2.19296
-0.416108 0.158314 2.22468
-0.4406 0.0883978 2.24419
0.0560565 0.629881 2.13981
0.108411 0.355414 2.20728
0.148839 0.125052 2.22451
0.160352 0.053222 2.24046
-0.206233 0.162121 2.22194
-0.230643 -0.227407 2.3572
-0.244321 -0.588736 2.46052
-0.256781 -0.640525 2.3766
-0.0553866 0.158359 2.22926
-0.0629789 -0.254312 2.36838
-0.0889311 -0.589896 2.46515
-0.0914047 -0.647244 2.38051
-0.112723 0.655145 2.11315
-0.45311 0.0158363 2.27275
-0.459821 0.109444 2.23036
0.180526 -0.0222422 2.27093
0.184306 0.0731389 2.2245
-0.134916 0.163533 2.26203
-0.124037 0.448579 2.18002
-0.11369 0.722784 2.08604
-0.0932749 0.878097 2.03741
-0.271643 0.636395 2.12254
-0.346556 0.375046 2.19077
-0.417032 0.155304 2.22436
-0.442791 0.0842913 2.24452
0.0526887 0.630282 2.13721
0.10409 0.358618 2.2046
0.146634 0.128472 2.22067
0.154767 0.0539404 2.23118
-0.208119 0.16267 2.22223
-0.231646 -0.226524 2.35706
-0.244885 -0.587762 2.46061
-0.257165 -0.640463 2.37645
-0.0574353 0.159191 2.22967
-0.0641173 -0.252101 2.36899
-0.0887724 -0.590731 2.46554
-0.0909726 -0.64646 2.38161
-0.116314 0.655878 2.11164
-0.449358 0.0101277 2.2795
-0.462235 0.0918979 2.22441
0.172806 -0.0263403 2.26672
0.178527 0.0768053 2.21973
-0.14083 0.164916 2.26148
-0.132608 0.450066 2.17578
-0.124323 0.724169 2.07752
-0.103404 0.87938 2.03255
-0.282278 0.635137 2.11146
-0.353592 0.373411 2.18356
-0.421535 0.153173 2.21867
-0.451821 0.0838817 2.23573
0.0429679 0.631854 2.12896
0.0945495 0.360225 2.19786
0.135732 0.129456 2.21106
0.142845 0.0564246 2.21928
-0.214159 0.163745 2.22139
-0.234778 -0.225838 2.3569
-0.245618 -0.587066 2.46053
-0.257687 -0.640312 2.37581
-0.0630356 0.160827 2.22938
-0.068009 -0.250041 2.3693
-0.0895198 -0.590318 2.46684
-0.0902732 -0.646286 2.38114
-0.126491 0.657299 2.10422
-0.458259 0.0114358 2.27149
-0.471274 0.0768206 2.21805
0.159189 -0.0261439 2.24972
0.169109 0.0636532 2.20774
-0.147377 0.165423 2.25873
-0.141556 0.450519 2.17041
-0.135115 0.724519 2.06997
-0.115923 0.879507 2.02712
-0.294363 0.633462 2.10197
-0.362185 0.369329 2.17749
-0.430376 0.148708 2.21031
-0.459981 0.0773916 2.22647
0.0304126 0.632077 2.11759
0.0830966 0.358651 2.18947
0.12496 0.128366 2.20594
0.130768 0.0553518 2.21527
-0.221032 0.163984 2.21849
-0.241238 -0.223695 2.35239
-0.245776 -0.586698 2.46082
-0.259146 -0.639958 2.3755
-0.0690676 0.16156 2.22671
-0.074767 -0.248564 2.36135
-0.0907523 -0.592121 2.46598
-0.0892502 -0.649011 2.37802
-0.136858 0.657677 2.09718
-0.465577 0.00366089 2.25957
-0.480694 0.0947447 2.2076
0.146478 -0.0260751 2.24373
0.157603 0.038852 2.19144
-0.156803 0.162178 2.25346
-0.153523 0.446973 2.1616
-0.149416 0.720732 2.05769
-0.130986 0.875979 2.01811
-0.307107 0.627769 2.0915
-0.374096 0.360591 2.16673
-0.440028 0.138866 2.19737
-0.466752 0.0657366 2.21245
0.0185102 0.629369 2.10639
0.071596 0.356005 2.17916
0.115553 0.126404 2.19801
0.122685 0.0536333 2.20727
-0.23099 0.159829 2.21395
-0.248918 -0.226196 2.34252
-0.246937 -0.587352 2.4608
-0.258949 -0.640213 2.37572
-0.0776767 0.159299 2.22073
-0.0936249 -0.271508 2.30573
-0.0889449 -0.592183 2.45617
-0.0901774 -0.650776 2.37075
-0.150599 0.65395 2.08577
-0.473725 -0.00659928 2.24837
-0.483562 0.078522 2.18705
0.138569 -0.0271928 2.23894
0.151038 0.0661917 2.19721
-0.164572 0.15355 2.23814
-0.164068 0.436308 2.13846
-0.162514 0.708118 2.02687
-0.146851 0.862446 1.9873
-0.318347 0.615028 2.06208
-0.382741 0.34857 2.14509
-0.447267 0.127298 2.17985
-0.472848 0.0533837 2.19116
0.00680218 0.62102 2.0785
0.0621429 0.350013 2.16545
0.108036 0.120443 2.18168
0.11805 0.0476311 2.18732
-0.238641 0.149362 2.19878
-0.257031 -0.235828 2.33519
-0.249074 -0.594178 2.45733
-0.260095 -0.642116 2.37456
-0.0851867 0.152716 2.2052
-0.0882484 -0.282952 2.19972
-0.0791737 -0.618521 2.30756
-0.0906982 -0.684082 2.22852
-0.163088 0.641824 2.05685
-0.478111 -0.0198845 2.22336
-0.491381 0.0700548 2.16927
0.134414 -0.0270024 2.21398
0.145619 0.0686708 2.18036
-0.166057 0.143054 2.20598
-0.164076 0.423385 2.10098
-0.160978 0.692661 1.98433
-0.143659 0.848192 1.94453
-0.318154 0.602261 2.02021
-0.384771 0.341106 2.10919
-0.444344 0.119582 2.14932
-0.465384 0.04535 2.16242
0.00748725 0.608658 2.04242
0.0606357 0.338473 2.13379
0.106656 0.110578 2.16109
0.119832 0.0347206 2.16556
-0.239521 0.13937 2.16568
-0.257639 -0.231183 2.3205
-0.246954 -0.600574 2.4574
-0.261798 -0.64301 2.37299
-0.0871454 0.142035 2.17404
-0.0650719 -0.322482 2.11391
-0.051876 -0.660837 2.13532
-0.0441895 -0.71582 2.03906
-0.161942 0.627016 2.01556
-0.469809 -0.0275044 2.20136
-0.485991 0.0594924 2.1445
0.135199 -0.0434463 2.2021
0.149796 0.0490308 2.16057
-0.156905 0.118199 2.15669
-0.15639 0.400688 2.0555
-0.154553 0.671589 1.94197
-0.133284 0.821202 1.89197
-0.310398 0.57857 1.9692
-0.378816 0.321251 2.06444
-0.440049 0.101756 2.11058
-0.451454 0.0519053 2.11151
0.0138315 0.582181 1.99459
0.0648639 0.314332 2.08996
0.106478 0.0865523 2.12225
0.122558 0.00696168 2.1364
-0.230148 0.115777 2.11301
-0.254168 -0.199196 2.24974
-0.252811 -0.586425 2.45759
-0.261375 -0.641828 2.37442
-0.0783879 0.116619 2.12773
-0.0471055 -0.34622 2.04253
-0.0217731 -0.676722 2.00413
-0.024312 -0.723505 1.89915
-0.15522 0.60559 1.97248
-0.470133 -0.0283431 2.13544
-0.471964 0.093396 2.09609
0.135893 -0.0679267 2.17595
0.146455 0.0437719 2.1157
-0.139034 0.0824285 2.08305
-0.137992 0.366061 1.98319
-0.136064 0.638504 1.87195
-0.115671 0.793726 1.83368
-0.298483 0.554408 1.9212
-0.363242 0.293524 2.00024
-0.426737 0.0768613 2.05374
-0.448054 0.00384733 2.06961
0.0299414 0.551127 1.93167
0.0772431 0.284275 2.02896
0.112726 0.0564814 2.06596
0.127602 -0.0182489 2.08235
-0.213494 0.0822616 2.04175
-0.243552 -0.260132 2.22224
-0.251677 -0.583716 2.4513
-0.260743 -0.641162 2.3749
-0.0597394 0.0797212 2.05199
-0.0387786 -0.382042 1.97321
-0.0257173 -0.713887 1.9533
-0.0276226 -0.7501 1.85042
-0.136702 0.572099 1.90179
-0.452416 -0.0701263 2.10925
-0.474132 0.00803092 2.06333
0.14321 -0.0965483 2.12621
0.152592 0.00561298 2.07214
-0.12061 0.0625333 1.98174
-0.11413 0.346515 1.8866
-0.107029 0.618619 1.77925
-0.086536 0.774585 1.74426
-0.263601 0.529411 1.81767
-0.33569 0.276574 1.91504
-0.403088 0.0630777 1.97478
-0.423638 -0.00860284 1.99127
0.0604061 0.530757 1.83375
0.0988664 0.262151 1.92261
0.125376 0.0324652 1.95697
0.140676 -0.0421142 1.9726
-0.195469 0.0645147 1.94195
-0.23661 -0.268592 2.0288
-0.252986 -0.567968 2.34737
-0.265967 -0.645449 2.34604
-0.0413438 0.0581453 1.94893
-0.0265773 -0.375911 1.8877
-0.0245396 -0.724454 1.93573
-0.0273125 -0.776974 1.84429
-0.10892 0.552379 1.80818
-0.428668 -0.0800265 2.03379
-0.440066 -0.0076915 1.9712
0.156235 -0.117979 2.00807
0.166823 -0.0261556 1.96564
-0.124606 0.0643186 1.92633
-0.1081 0.347464 1.82855
-0.0908269 0.618327 1.7181
-0.0785772 0.772833 1.68538
-0.252483 0.534851 1.76934
-0.319164 0.281571 1.86455
-0.388051 0.0679346 1.92297
-0.406474 -0.00512807 1.9382
0.0726735 0.524937 1.76343
0.115141 0.253525 1.84766
0.14088 0.0211227 1.86747
0.149338 -0.0521695 1.86879
-0.200459 0.0698872 1.89017
-0.255518 -0.26697 1.89281
-0.268335 -0.569531 2.20873
-0.268226 -0.615491 2.10967
-0.0439861 0.0562236 1.88999
-0.0262459 -0.366723 1.85701
-0.023493 -0.724548 1.93215
-0.0265267 -0.776858 1.8466
-0.0952652 0.55246 1.74783
-0.405848 -0.0779579 1.97769
-0.42533 0.00421524 1.92278
0.161424 -0.129391 1.90061
0.178393 -0.0413012 1.86563
-0.147152 0.070639 1.88579
-0.120737 0.351229 1.78933
-0.0946438 0.619496 1.68049
-0.0862511 0.772333 1.64496
-0.255854 0.542794 1.73844
-0.31305 0.297277 1.81816
-0.384705 0.0853524 1.87944
-0.403168 0.00880603 1.88837
0.0692645 0.525035 1.71437
0.118672 0.250321 1.78635
0.14609 0.0159889 1.78395
0.153314 -0.0538155 1.77999
-0.221649 0.0791382 1.85243
-0.286735 -0.262763 1.82963
-0.311431 -0.630768 2.07113
-0.347536 -0.709391 2.03714
-0.0670252 0.0593416 1.84668
-0.0294358 -0.359407 1.84492
-0.0230369 -0.721135 1.9327
-0.0266365 -0.774471 1.8499
-0.101176 0.554293 1.7098
-0.408752 -0.0637103 1.92296
-0.419861 0.044545 1.87059
0.164747 -0.130779 1.80397
0.181662 -0.0478576 1.77143
-0.182322 0.0658739 1.84434
-0.151545 0.348064 1.75032
-0.120565 0.617449 1.64416
-0.114454 0.765218 1.60858
-0.285793 0.538088 1.69489
-0.341821 0.295948 1.77663
-0.418174 0.081266 1.824
-0.440084 0.00633629 1.83466
0.0436037 0.522738 1.67771
0.101705 0.250172 1.7399
0.130884 0.0157666 1.72462
0.137235 -0.0547447 1.71362
-0.256929 0.0734343 1.8092
-0.340656 -0.308375 1.78611
-0.4172 -0.711333 1.90202
-0.425021 -0.763242 1.82198
-0.100552 0.0556925 1.80717
-0.0501129 -0.351566 1.82007
-0.0247145 -0.720244 1.93194
-0.0265858 -0.77453 1.8509
-0.128368 0.55202 1.67275
-0.453012 -0.0724211 1.86646
-0.458503 0.0438185 1.824
0.147744 -0.133155 1.73233
0.160616 -0.107719 1.68638
-0.218095 0.0551484 1.82477
-0.191644 0.337546 1.73385
-0.164897 0.607116 1.63093
-0.148551 0.756784 1.59446
-0.32648 0.525215 1.66931
-0.390507 0.265788 1.74728
-0.462229 0.0495578 1.79405
-0.486507 -0.0218975 1.80384
0.000369812 0.515089 1.67703
0.0571268 0.247485 1.74223
0.105161 0.0163287 1.72327
0.106838 -0.0542718 1.71765
-0.292835 0.0622272 1.78626
-0.360795 -0.319113 1.76477
-0.437134 -0.715875 1.89039
-0.4343 -0.763229 1.81336
-0.134854 0.0458087 1.79096
-0.0820933 -0.36159 1.79567
-0.0284062 -0.725365 1.9301
-0.0281977 -0.774765 1.85107
-0.171689 0.541639 1.65869
-0.490055 -0.100467 1.84346
-0.504608 0.000866377 1.79065
0.122133 -0.133249 1.72572
0.131728 -0.0473834 1.702
-0.239636 0.0538575 1.82511
-0.218838 0.336546 1.73032
-0.197799 0.606577 1.62272
-0.17708 0.755613 1.58858
-0.358998 0.519441 1.64841
-0.432613 0.264829 1.72398
-0.498313 0.0446929 1.76314
-0.530414 -0.0262153 1.77122
-0.038314 0.520131 1.68682
0.00653162 0.253517 1.76635
0.0579404 0.022935 1.7529
0.0702848 -0.0448883 1.75624
-0.312903 0.0592692 1.78209
-0.373296 -0.322891 1.76241
-0.433905 -0.709218 1.8917
-0.436534 -0.756274 1.81897
-0.157549 0.0467228 1.79668
-0.102349 -0.365237 1.79212
-0.0432154 -0.726981 1.92089
-0.0360826 -0.77609 1.84229
-0.203202 0.540981 1.65174
-0.535795 -0.102094 1.80006
-0.549242 0.00150109 1.76133
0.0885231 -0.122338 1.76898
0.0909864 -0.0600081 1.72491
-0.249263 0.065897 1.83942
-0.23399 0.348054 1.73806
-0.218348 0.61807 1.6247
-0.194911 0.767733 1.59589
-0.375999 0.524843 1.641
-0.454841 0.272097 1.71755
-0.522006 0.0515788 1.75306
-0.559566 -0.0160913 1.76668
-0.0598503 0.535555 1.69862
-0.0217694 0.263739 1.78784
0.0262748 0.0326977 1.78833
0.0384952 -0.032526 1.80348
-0.320379 0.0654494 1.79084
-0.38731 -0.326493 1.78658
-0.437193 -0.709454 1.89365
-0.438083 -0.755819 1.81954
-0.16829 0.0643621 1.81646
-0.119288 -0.344661 1.81414
-0.0846824 -0.703287 1.9688
-0.0705336 -0.753782 1.88581
-0.222416 0.552457 1.65512
-0.568026 -0.0884382 1.79721
-0.577305 -0.000167238 1.75069
0.0511848 -0.101469 1.81923
0.0388692 -0.0620175 1.8282
-0.254059 0.0817844 1.87319
-0.242314 0.366822 1.77674
-0.229051 0.63922 1.66865
-0.208754 0.795064 1.64921
-0.389034 0.540617 1.68402
-0.464146 0.281287 1.75716
-0.532814 0.0608677 1.79067
-0.559755 -0.00707318 1.81102
-0.0683252 0.55207 1.73675
-0.0303824 0.274652 1.82253
0.0181829 0.0448649 1.83654
0.0344877 -0.0182159 1.8624
-0.325804 0.0790026 1.82665
-0.391837 -0.325905 1.82808
-0.440795 -0.706322 1.90269
-0.438324 -0.755106 1.82165
-0.172574 0.0814053 1.84793
-0.126537 -0.284724 1.86637
-0.104366 -0.602263 2.16752
-0.09021 -0.682129 2.13086
-0.23264 0.573023 1.69767
-0.565562 -0.082115 1.83154
-0.57726 -0.0044464 1.79339
0.0510278 -0.0952763 1.88609
0.0625278 -0.0162213 1.8606
-0.246819 0.0843148 1.93006
-0.23235 0.370156 1.83491
-0.216438 0.643585 1.72803
-0.203527 0.802232 1.71095
-0.377298 0.544043 1.75454
-0.445748 0.287709 1.82769
-0.507533 0.0661716 1.8656
-0.518715 0.026818 1.87435
-0.056207 0.551393 1.78567
-0.00884197 0.2748 1.86763
0.0395177 0.04483 1.87904
0.0580478 -0.0184291 1.90126
-0.31947 0.0827518 1.88899
-0.386314 -0.323472 1.853
-0.439917 -0.70676 1.90566
-0.43745 -0.756176 1.82083
-0.16502 0.0827832 1.89931
-0.124429 -0.247533 1.96286
-0.102293 -0.552587 2.27627
-0.0952445 -0.598995 2.17701
-0.220665 0.577087 1.75677
-0.54948 -0.0603597 1.88903
-0.528208 0.0800961 1.85386
0.0781623 -0.0961923 1.92423
0.0807492 3.28184e-005 1.88459
-0.217698 0.0774718 2.01837
-0.203739 0.361955 1.91307
-0.188808 0.634809 1.79601
-0.181434 0.791498 1.77829
-0.344296 0.536145 1.83329
-0.394433 0.291983 1.91111
-0.470384 0.0777811 1.95912
-0.487647 0.00455239 1.97629
-0.0256027 0.541016 1.84815
0.0313896 0.272148 1.91869
0.0780171 0.0410388 1.91675
0.0973843 -0.0260927 1.92676
-0.291586 0.0787988 1.97858
-0.366329 -0.323762 1.90581
-0.437511 -0.711193 1.9071
-0.4358 -0.759731 1.81677
-0.136016 0.0733757 1.98604
-0.107905 -0.26037 2.12091
-0.10793 -0.599167 2.4004
-0.0970156 -0.65649 2.33684
-0.192729 0.568366 1.82731
-0.503725 -0.0784379 2.00561
-0.506892 0.00369368 1.95205
0.117905 -0.102662 1.9425
0.11892 -0.070962 1.89222
-0.178952 0.0971824 2.12319
-0.160433 0.375 2.0055
-0.141356 0.641901 1.87608
-0.133929 0.795212 1.8513
-0.295295 0.550806 1.92077
-0.351722 0.309407 2.02074
-0.420472 0.0963926 2.08054
-0.432967 0.0279007 2.10725
0.0202418 0.549911 1.92577
0.0937572 0.293464 1.98041
0.132003 0.0608769 1.95965
0.150757 -0.0136846 1.95435
-0.252701 0.102649 2.08637
-0.333949 -0.318595 2.0186
-0.405384 -0.687543 1.95124
-0.427098 -0.725078 1.83877
-0.099065 0.0885088 2.08782
-0.0747291 -0.244056 2.2177
-0.109247 -0.600768 2.43081
-0.100406 -0.65369 2.35569
-0.146241 0.576861 1.9105
-0.445944 -0.0539073 2.14547
-0.450625 0.0503593 2.08995
0.171991 -0.0957226 1.96044
0.1754 -0.0226438 1.9281
-0.161644 0.125527 2.17418
-0.139165 0.400579 2.05245
-0.116308 0.664878 1.91909
-0.107823 0.818651 1.8929
-0.271579 0.580248 1.96895
-0.334778 0.335744 2.07104
-0.403031 0.125899 2.14014
-0.409785 0.0637884 2.17227
0.0439112 0.571545 1.96799
0.117539 0.320589 2.0231
0.158665 0.0890809 1.99282
0.172945 0.0106571 1.98574
-0.235569 0.13192 2.13832
-0.311721 -0.292579 2.08081
-0.372379 -0.656438 2.08988
-0.394287 -0.703125 1.99707
-0.0822866 0.115054 2.13789
-0.0691275 -0.226238 2.27405
-0.10879 -0.595764 2.44127
-0.0982317 -0.649987 2.36229
-0.122104 0.60047 1.9545
-0.423592 -0.00496435 2.20352
-0.42658 0.0895275 2.16188
0.189705 -0.0705 1.99889
0.185954 -0.00877832 1.94682
-0.153297 0.143867 2.20574
-0.129546 0.418237 2.08492
-0.105527 0.681816 1.95243
-0.0958972 0.836484 1.92815
-0.261577 0.600189 2.0061
-0.315842 0.363967 2.10492
-0.389156 0.153974 2.16941
-0.397655 0.105223 2.19666
0.0572722 0.586355 1.99562
0.131108 0.331385 2.05547
0.168722 0.0990726 2.0281
0.180731 0.0253175 2.03075
-0.227618 0.151208 2.17059
-0.281683 -0.244346 2.1461
-0.311724 -0.610068 2.29754
-0.32666 -0.660645 2.20508
-0.073928 0.131822 2.16868
-0.0638872 -0.232069 2.31641
-0.105842 -0.589731 2.45378
-0.0981469 -0.649865 2.36749
-0.111593 0.617586 1.98763
-0.421944 0.020848 2.22652
-0.421384 0.129959 2.18733
0.19839 -0.0569514 2.04319
0.197357 7.80036e-005 1.99274
-0.15015 0.15087 2.22327
-0.12481 0.426868 2.10686
-0.0991372 0.692173 1.97917
-0.0912355 0.846538 1.95355
-0.258343 0.612625 2.03313
-0.314709 0.370368 2.13028
-0.387557 0.159307 2.19229
-0.406361 0.112322 2.21768
0.0620097 0.594103 2.01892
0.130337 0.336961 2.07811
0.166033 0.10387 2.07248
0.175583 0.0319735 2.07579
-0.224525 0.15739 2.18811
-0.248577 -0.224096 2.24654
-0.261345 -0.576547 2.44136
-0.268393 -0.635347 2.36165
-0.0708728 0.139472 2.18624
-0.061731 -0.238472 2.32627
-0.0988432 -0.587369 2.45839
-0.10036 -0.649029 2.37454
-0.105616 0.627498 2.01314
-0.435435 0.0339274 2.24621
-0.426266 0.128852 2.20225
0.199123 -0.0479793 2.09159
0.200261 0.0358037 2.05613
-0.148964 0.151443 2.23149
-0.126474 0.428935 2.11871
-0.104407 0.695962 1.99499
-0.0970163 0.850813 1.96999
-0.269502 0.61681 2.05389
-0.32768 0.367152 2.15133
-0.397072 0.154329 2.2115
-0.4249 0.0903563 2.23714
0.0560184 0.596414 2.03322
0.110227 0.331673 2.10455
0.144333 0.0985883 2.104
0.145126 0.0310777 2.12019
-0.222913 0.154639 2.19911
-0.229548 -0.230859 2.34485
-0.226895 -0.576052 2.46954
-0.249193 -0.63805 2.38916
-0.0701012 0.142605 2.19248
-0.0947559 -0.259363 2.31296
-0.0921106 -0.590873 2.45484
-0.0991403 -0.652433 2.37054
-0.109921 0.630835 2.02795
-0.44138 0.0110834 2.27864
-0.443485 0.0976607 2.2164
0.166173 -0.0434222 2.1325
0.166987 0.00955229 2.09304
-0.148612 0.150011 2.23863
-0.130896 0.427174 2.12233
-0.116373 0.69252 1.99509
-0.110012 0.846351 1.97082
-0.282536 0.610495 2.05698
-0.344693 0.351819 2.16343
-0.408938 0.135213 2.2167
-0.440578 0.0693558 2.23567
0.0440603 0.596969 2.03324
0.0968592 0.327315 2.11031
0.12422 0.0939837 2.11914
0.124367 0.0241348 2.13448
-0.222585 0.151417 2.20778
-0.242272 -0.23267 2.34893
-0.224445 -0.578573 2.47106
-0.252739 -0.63902 2.39794
-0.0697932 0.143072 2.19768
-0.102421 -0.271231 2.21396
-0.0830458 -0.59728 2.41575
-0.103435 -0.65892 2.34354
-0.119681 0.627897 2.02919
-0.4461 -0.00357258 2.2797
-0.457871 0.0847634 2.21632
0.137546 -0.0552901 2.15733
0.159172 0.0142247 2.139
-0.147339 0.148448 2.23433
-0.136277 0.424656 2.11265
-0.128402 0.689913 1.97787
-0.123852 0.842375 1.95516
-0.291579 0.607143 2.0416
-0.349564 0.346406 2.15223
-0.414179 0.12885 2.20187
-0.446649 0.0596565 2.21373
0.0327165 0.597624 2.01796
0.0877704 0.325163 2.10135
0.111849 0.0918745 2.11453
0.11474 0.0205113 2.11813
-0.22089 0.148799 2.20347
-0.246907 -0.242625 2.35631
-0.221522 -0.586174 2.45749
-0.254616 -0.638963 2.40248
-0.0688859 0.142767 2.19299
-0.0988186 -0.27044 2.15246
-0.0820977 -0.621093 2.28213
-0.102234 -0.684082 2.19727
-0.130348 0.625219 2.01371
-0.455028 -0.0115395 2.25249
-0.465555 0.0793934 2.1983
0.122932 -0.0606032 2.14937
0.145523 0.0487065 2.111
-0.144751 0.122216 2.18927
-0.139148 0.401262 2.06418
-0.132895 0.669365 1.92726
-0.124191 0.822723 1.90258
-0.295067 0.58523 1.98176
-0.355392 0.32743 2.09329
-0.408916 0.10852 2.1488
-0.43161 0.035738 2.15977
0.0243494 0.578017 1.9734
0.0820884 0.310853 2.05977
0.103395 0.0766749 2.06663
0.112708 0.000865104 2.05888
-0.216665 0.119488 2.15608
-0.232775 -0.274338 2.35637
-0.238682 -0.582412 2.46615
-0.258704 -0.639159 2.39836
-0.0679997 0.120863 2.15021
-0.0672918 -0.340816 2.04752
-0.0653872 -0.672308 2.05664
-0.0686719 -0.718728 1.94389
-0.134602 0.604027 1.96357
-0.429832 -0.0353393 2.20181
-0.450219 0.0363551 2.14211
0.126145 -0.0827955 2.08752
0.141569 0.00626505 2.04495
-0.139944 0.0848151 2.11622
-0.133051 0.368695 2.0015
-0.125514 0.641341 1.87488
-0.112236 0.796528 1.85257
-0.285769 0.553902 1.92368
-0.345992 0.300032 2.02719
-0.396883 0.0823493 2.08835
-0.417555 0.00978234 2.10689
0.0339483 0.551449 1.92559
0.0857333 0.28261 2.00739
0.104279 0.0481347 2.01296
0.113473 -0.0256951 2.00567
-0.21297 0.0830309 2.08178
-0.232975 -0.262642 2.2734
-0.235009 -0.585542 2.46883
-0.254534 -0.636843 2.399
-0.0621266 0.0836855 2.07835
-0.0528013 -0.366488 1.97979
-0.0452303 -0.700013 1.96262
-0.0588009 -0.741922 1.85406
-0.127521 0.574901 1.90862
-0.419896 -0.0632657 2.15264
-0.436868 0.0160942 2.09213
0.130678 -0.113239 2.03087
0.142996 -0.00607312 1.9898
-0.127827 0.0605092 2.03186
-0.11885 0.346935 1.92898
-0.109366 0.621748 1.81384
-0.0940687 0.776434 1.79565
-0.266962 0.529389 1.85506
-0.326865 0.274744 1.94985
-0.3856 0.06373 2.0231
-0.403986 -0.0114107 2.04193
0.0519172 0.528034 1.86513
0.0968994 0.251619 1.93989
0.114482 0.0171713 1.94635
0.125459 -0.0548933 1.9447
-0.201709 0.0614438 1.99294
-0.226885 -0.270066 2.12459
-0.228701 -0.577345 2.43646
-0.253701 -0.638297 2.39131
-0.0493782 0.0574474 1.99824
-0.0445462 -0.368262 1.90891
-0.0431561 -0.717247 1.94758
-0.056122 -0.766527 1.84578
-0.111837 0.554804 1.84473
-0.40605 -0.0856516 2.08929
-0.429749 -0.00187325 2.04075
0.143025 -0.136904 1.97152
0.155594 -0.0155103 1.94022
-0.120861 0.0592861 1.96099
-0.107431 0.34645 1.86246
-0.0934709 0.621516 1.75148
-0.0812216 0.7755 1.73934
-0.249287 0.529562 1.78449
-0.3122 0.28084 1.88724
-0.369499 0.0639839 1.94656
-0.389281 -0.00826933 1.9665
0.0664952 0.521441 1.79526
0.107805 0.245407 1.86668
0.125355 0.011152 1.8768
0.133979 -0.0609244 1.87801
-0.196021 0.0624953 1.92414
-0.239421 -0.272683 1.94583
-0.244409 -0.550648 2.28265
-0.240742 -0.59729 2.18342
-0.0412007 0.0538074 1.92527
-0.0454569 -0.359661 1.87451
-0.0458641 -0.7189 1.94497
-0.0569387 -0.77101 1.85099
-0.0970584 0.554573 1.78133
-0.397163 -0.0846385 2.00756
-0.408616 0.00352818 1.94824
0.150416 -0.142164 1.90573
0.168173 -0.0609324 1.87586
-0.14024 0.0714638 1.90071
-0.11679 0.357144 1.80209
-0.0933775 0.630345 1.6912
-0.0874205 0.786088 1.67871
-0.253946 0.542178 1.73962
-0.310984 0.284051 1.83091
-0.376693 0.0671593 1.88282
-0.393577 -0.00651738 1.89095
0.0656798 0.524613 1.72208
0.111679 0.249004 1.78785
0.126103 0.0133533 1.78244
0.132603 -0.0547584 1.77975
-0.214785 0.0790123 1.86559
-0.277331 -0.265775 1.84234
-0.284972 -0.61527 2.10928
-0.332976 -0.687441 2.08552
-0.0603347 0.0611806 1.86344
-0.0434533 -0.356721 1.85775
-0.0477721 -0.718318 1.9445
-0.0571151 -0.771957 1.85324
-0.0992616 0.563928 1.72099
-0.391509 -0.0761011 1.92024
-0.415308 -0.00639435 1.88133
0.140686 -0.134243 1.80154
0.163179 -0.0497381 1.77289
-0.160565 0.0721458 1.86587
-0.134643 0.358424 1.76676
-0.108478 0.631857 1.65565
-0.105873 0.786371 1.64436
-0.273356 0.53989 1.6997
-0.325847 0.287337 1.7896
-0.398953 0.0713913 1.83655
-0.415897 -0.00468026 1.84141
0.0493207 0.526685 1.68401
0.100513 0.249899 1.7425
0.118331 0.0143099 1.72695
0.12134 -0.0535811 1.71375
-0.234778 0.0791145 1.83096
-0.316325 -0.286068 1.80095
-0.38586 -0.690277 1.95562
-0.412842 -0.736816 1.89063
-0.0801143 0.0623481 1.82844
-0.0479397 -0.350773 1.84808
-0.0491772 -0.716749 1.94484
-0.0571138 -0.772304 1.85387
-0.115078 0.56543 1.68546
-0.416207 -0.0783014 1.87208
-0.443595 -0.00289796 1.84
0.129493 -0.137825 1.7344
0.150699 -0.0444528 1.70686
-0.190151 0.064239 1.84043
-0.166031 0.350953 1.74338
-0.141601 0.624607 1.63426
-0.134921 0.779503 1.62043
-0.293 0.533847 1.68175
-0.363704 0.270148 1.75916
-0.436504 0.0520538 1.79764
-0.456659 -0.0173422 1.80083
0.0214062 0.524747 1.67061
0.074539 0.252676 1.72732
0.100097 0.0182162 1.7006
0.0998941 -0.0525461 1.68557
-0.264504 0.0705338 1.80398
-0.352148 -0.317342 1.77824
-0.451578 -0.712599 1.87436
-0.453065 -0.760618 1.80319
-0.10832 0.0554015 1.8046
-0.0722814 -0.357373 1.82245
-0.0496359 -0.717625 1.94357
-0.0572121 -0.773187 1.85322
-0.147798 0.558149 1.66357
-0.464747 -0.0912574 1.83245
-0.473048 0.00206527 1.78817
0.113987 -0.133998 1.69465
0.120825 -0.0809041 1.6482
-0.229108 0.055779 1.8297
-0.208086 0.341567 1.73035
-0.186161 0.614331 1.61868
-0.170546 0.769652 1.60351
-0.343367 0.517479 1.64512
-0.408367 0.253122 1.72546
-0.472276 0.0323935 1.76444
-0.492585 -0.0354753 1.76674
-0.0277273 0.518975 1.67106
0.0288718 0.251861 1.73831
0.0730558 0.0208486 1.70414
0.0736276 -0.0482147 1.69664
-0.303524 0.0609212 1.78799
-0.376939 -0.321085 1.76002
-0.456875 -0.712335 1.87063
-0.458501 -0.759726 1.79732
-0.145973 0.0483697 1.79921
-0.0986094 -0.35869 1.8077
-0.0504403 -0.719728 1.94145
-0.0576539 -0.774602 1.84885
-0.191821 0.548095 1.64865
-0.502249 -0.112116 1.80421
-0.516072 -0.0311283 1.75165
0.0883012 -0.129867 1.7007
0.101177 -0.0475824 1.68807
-0.255755 0.0612499 1.83697
-0.239306 0.34614 1.73245
-0.222362 0.618239 1.61554
-0.202868 0.772722 1.60236
-0.376856 0.519139 1.63092
-0.449209 0.259361 1.70358
-0.512675 0.0372496 1.73696
-0.529706 0.0120344 1.73425
-0.0677409 0.52975 1.68169
-0.0182445 0.26134 1.76545
0.0234093 0.0287353 1.74852
0.0331197 -0.0386222 1.75511
-0.327156 0.0632541 1.79001
-0.397286 -0.322209 1.76348
-0.45741 -0.710567 1.87061
-0.46078 -0.757704 1.79862
-0.174557 0.0574087 1.81248
-0.123513 -0.35627 1.82898
-0.0798689 -0.707787 1.96932
-0.0743667 -0.764738 1.88205
-0.226786 0.552162 1.64684
-0.562738 -0.0766641 1.74834
-0.551313 0.0509806 1.72177
0.0496824 -0.11731 1.766
0.0603176 -0.0455916 1.73785
-0.264818 0.0744395 1.85401
-0.251632 0.360028 1.75243
-0.237106 0.632777 1.63921
-0.216736 0.789597 1.6282
-0.394072 0.532561 1.65164
-0.469317 0.275144 1.72102
-0.532395 0.0512495 1.74567
-0.550961 0.0232479 1.75514
-0.0791905 0.544896 1.70817
-0.0333709 0.272053 1.78802
0.00464458 0.0389363 1.78604
0.0176946 -0.0260239 1.80248
-0.336119 0.0730303 1.80607
-0.405342 -0.321828 1.80154
-0.459417 -0.708187 1.87897
-0.461967 -0.756241 1.80124
-0.183227 0.0731585 1.83016
-0.140345 -0.308806 1.8489
-0.0969725 -0.65845 2.1121
-0.0859375 -0.714844 2.03906
-0.241006 0.566524 1.6695
-0.584096 -0.0636486 1.76624
-0.568995 0.0567058 1.74506
0.0332186 -0.102044 1.82073
0.0460111 -0.0184907 1.797
-0.262394 0.0837009 1.89001
-0.247949 0.370343 1.79564
-0.231846 0.644263 1.68957
-0.214713 0.803447 1.67717
-0.391597 0.543103 1.70838
-0.462059 0.286497 1.77261
-0.533279 0.0659589 1.80141
-0.544897 0.0288117 1.81223
-0.0726072 0.550651 1.7487
-0.0293748 0.276018 1.82569
0.00712157 0.0428112 1.82532
0.0249387 -0.0227774 1.84573
-0.33405 0.0821225 1.84532
-0.410355 -0.325742 1.83958
-0.460062 -0.708042 1.88137
-0.461668 -0.759133 1.79831
-0.180773 0.0820993 1.86286
-0.139093 -0.261747 1.89369
-0.096515 -0.565135 2.20667
-0.0936478 -0.650264 2.20007
-0.236152 0.577684 1.71809
-0.578492 -0.0564448 1.82269
-0.55953 0.0647325 1.8006
0.0415941 -0.103472 1.86095
0.0592074 -0.0304182 1.84389
-0.233467 0.078834 1.98612
-0.214437 0.365461 1.88736
-0.194415 0.640031 1.77688
-0.183773 0.798498 1.76688
-0.355427 0.541244 1.80688
-0.419534 0.283421 1.88257
-0.491526 0.064444 1.91708
-0.513052 -0.00779703 1.93496
-0.0361327 0.543019 1.83051
0.0106165 0.26575 1.89981
0.0421764 0.0318239 1.88826
0.0616538 -0.0341477 1.902
-0.305871 0.0788315 1.94495
-0.396504 -0.347268 1.89807
-0.462384 -0.715516 1.88522
-0.461958 -0.766188 1.79105
-0.152594 0.0759868 1.95523
-0.118942 -0.256148 2.0419
-0.0901743 -0.585582 2.33057
-0.0958642 -0.669441 2.30073
-0.199608 0.573204 1.80653
-0.51949 -0.0825113 1.96405
-0.525017 -0.0366934 1.89938
0.0781798 -0.112691 1.91879
0.0873214 -0.0124502 1.88882
-0.191421 0.0772544 2.07728
-0.172701 0.361865 1.96872
-0.15336 0.635122 1.84807
-0.14571 0.789988 1.83334
-0.310324 0.537766 1.88912
-0.367917 0.291497 1.97258
-0.440836 0.0768046 2.02256
-0.459466 0.00355275 2.03788
0.00477184 0.538065 1.89992
0.056783 0.267287 1.96221
0.0829535 0.0329305 1.94487
0.0992872 -0.0362141 1.94451
-0.264863 0.0804381 2.03805
-0.360831 -0.32561 1.9728
-0.453058 -0.707202 1.90169
-0.463846 -0.746775 1.7933
-0.111327 0.0714206 2.04428
-0.0922995 -0.27237 2.17078
-0.0985748 -0.601803 2.41482
-0.0938318 -0.668154 2.33611
-0.158321 0.56854 1.88032
-0.469165 -0.0740479 2.07027
-0.483067 -0.00726608 2.01508
0.117383 -0.120394 1.95906
0.128329 -0.0315917 1.93223
-0.163363 0.100393 2.14545
-0.141405 0.381862 2.03265
-0.118989 0.652263 1.90806
-0.108808 0.807643 1.89259
-0.276162 0.56043 1.95085
-0.338633 0.316145 2.04273
-0.404755 0.101633 2.10083
-0.41787 0.0316781 2.13057
0.0360802 0.553765 1.95526
0.0907316 0.289361 2.01229
0.119799 0.0555103 1.99093
0.132746 -0.0171445 1.99217
-0.237153 0.107117 2.10921
-0.332137 -0.311168 2.02967
-0.418272 -0.673284 1.95852
-0.443242 -0.699682 1.85722
-0.0840633 0.0903161 2.10953
-0.0731898 -0.259147 2.21389
-0.100464 -0.600614 2.42875
-0.0949361 -0.659893 2.34915
-0.124681 0.586358 1.94128
-0.428994 -0.0443485 2.16891
-0.434963 -0.0164915 2.11129
0.15121 -0.100821 2.003
0.157614 0.001577 1.98125
-0.143059 0.141601 2.2057
-0.11785 0.420669 2.09231
-0.0925114 0.688767 1.96725
-0.0828454 0.843943 1.95179
-0.249229 0.600502 2.0141
-0.309066 0.349594 2.1023
-0.381346 0.13862 2.16503
-0.388117 0.0812198 2.19632
0.06539 0.591057 2.0095
0.120116 0.323325 2.07489
0.147108 0.0890492 2.0579
0.157353 0.0191149 2.06543
-0.216777 0.147787 2.16959
-0.293729 -0.277068 2.11454
-0.34913 -0.642716 2.17413
-0.36084 -0.681152 2.07813
-0.0646413 0.130781 2.16955
-0.0616557 -0.236566 2.28258
-0.0969089 -0.596121 2.44114
-0.0930543 -0.656129 2.35475
-0.0988858 0.623421 2.00059
-0.400128 0.0102233 2.2313
-0.407326 0.0846688 2.19082
0.176271 -0.0536885 2.07358
0.179126 0.0190272 2.04306
-0.135234 0.153736 2.23695
-0.108957 0.433404 2.12368
-0.0826896 0.702205 1.99888
-0.0742131 0.856515 1.9847
-0.240321 0.613636 2.04538
-0.30049 0.361484 2.14182
-0.371503 0.146092 2.19253
-0.391497 0.0824681 2.22991
0.0756658 0.60041 2.04298
0.128923 0.334298 2.11244
0.156501 0.100286 2.11136
0.16336 0.0412224 2.12477
-0.209298 0.160538 2.20061
-0.261325 -0.243512 2.18437
-0.292563 -0.590576 2.35239
-0.302002 -0.647461 2.25977
-0.0567997 0.14195 2.20106
-0.0550866 -0.236119 2.31053
-0.0927922 -0.594087 2.44478
-0.0924632 -0.652863 2.36331
-0.089276 0.636669 2.03214
-0.401309 0.00539958 2.2675
-0.410675 0.0985546 2.21731
0.178146 -0.0377749 2.13298
0.185361 0.0164933 2.09907
-0.131887 0.16015 2.2578
-0.106921 0.441588 2.14588
-0.0821791 0.712425 2.0228
-0.0720178 0.865667 2.01028
-0.240299 0.62066 2.06852
-0.299065 0.367305 2.16267
-0.369566 0.152745 2.21668
-0.392411 0.0877157 2.25063
0.0761305 0.60756 2.06712
0.125098 0.339471 2.14068
0.155866 0.107145 2.15518
0.163354 0.0403797 2.17969
-0.205918 0.166078 2.22017
-0.229333 -0.22747 2.27974
-0.243509 -0.581484 2.4472
-0.254768 -0.638206 2.3653
-0.0536643 0.149244 2.22338
-0.056566 -0.250761 2.33022
-0.0890747 -0.595726 2.44615
-0.091653 -0.653457 2.3613
-0.0883581 0.646349 2.0556
-0.404881 0.0109809 2.289
-0.412218 0.115308 2.23778
0.185549 -0.0355623 2.19721
0.188055 0.045001 2.16234
-0.127422 0.161761 2.27266
-0.108584 0.444733 2.1604
-0.0906728 0.717337 2.03788
-0.0796378 0.872834 2.02854
-0.248455 0.624732 2.08339
-0.30837 0.369885 2.17716
-0.371866 0.152713 2.22993
-0.394799 0.0871193 2.25997
0.0689952 0.616226 2.08459
0.117105 0.342063 2.16364
0.144609 0.11095 2.1896
0.15391 0.0479814 2.21651
-0.200486 0.164053 2.23527
-0.213742 -0.23603 2.36836
-0.223475 -0.588465 2.46906
-0.245494 -0.642064 2.37922
-0.0501764 0.154394 2.23819
-0.0734088 -0.260159 2.35059
-0.0875152 -0.597123 2.44587
-0.0905517 -0.65527 2.35794
-0.0950131 0.650797 2.07052
-0.405666 0.0107662 2.29745
-0.413537 0.100722 2.24136
0.172823 -0.0234732 2.24021
0.181483 0.0614366 2.20982
-0.128028 0.16943 2.2865
-0.113885 0.452577 2.17241
-0.0999878 0.72521 2.04757
-0.0920193 0.880611 2.04001
-0.258386 0.6296 2.09348
-0.314878 0.371926 2.18494
-0.372751 0.152001 2.23383
-0.398842 0.0813262 2.25147
0.0595989 0.625316 2.09094
0.108697 0.348421 2.17504
0.131188 0.119094 2.21319
0.137106 0.0672661 2.22805
-0.200774 0.169264 2.25018
-0.222765 -0.23367 2.389
-0.230393 -0.595279 2.47396
-0.247295 -0.642074 2.38165
-0.0512046 0.164342 2.2508
-0.0773927 -0.257005 2.35602
-0.0875526 -0.596996 2.44562
-0.0904812 -0.65535 2.35803
-0.103431 0.658688 2.0808
-0.401723 0.0101605 2.28479
-0.419708 0.0870816 2.22875
0.159773 -0.0150193 2.25379
0.167717 0.0850534 2.219
-0.129235 0.172822 2.29604
-0.120724 0.45624 2.18219
-0.112892 0.729068 2.05719
-0.105084 0.883914 2.04944
-0.268988 0.63212 2.1031
-0.325502 0.362879 2.19729
-0.379272 0.139038 2.23461
-0.391371 0.114308 2.22915
0.0485105 0.630838 2.09641
0.100951 0.352976 2.18229
0.120049 0.122677 2.21749
0.127314 0.0558843 2.2238
-0.202255 0.171667 2.26037
-0.225275 -0.232461 2.3926
-0.230242 -0.595913 2.47471
-0.248721 -0.642965 2.38921
-0.0521418 0.16854 2.25957
-0.0739047 -0.253897 2.36276
-0.0872857 -0.595979 2.4456
-0.0906014 -0.654984 2.3588
-0.114842 0.662512 2.09051
-0.419711 0.0263319 2.24939
-0.414008 0.13659 2.20617
0.141549 -0.0183442 2.25023
0.156886 0.0692062 2.21
-0.129606 0.173992 2.29739
-0.12326 0.457971 2.18516
-0.117782 0.731103 2.06199
-0.110618 0.887002 2.05395
-0.2728 0.63282 2.1053
-0.327875 0.361973 2.19824
-0.380781 0.137294 2.23263
-0.392853 0.111059 2.22572
0.0433639 0.634462 2.10146
0.0950966 0.355111 2.18515
0.111019 0.121833 2.20452
0.113569 0.0534478 2.20284
-0.202606 0.172783 2.26228
-0.225566 -0.232287 2.39369
-0.231314 -0.595577 2.47544
-0.248706 -0.642704 2.389
-0.0525664 0.169873 2.26051
-0.0727937 -0.251964 2.36695
-0.0871907 -0.595484 2.44589
-0.0904462 -0.654976 2.35864
-0.119174 0.664488 2.09483
-0.415299 0.0248255 2.24734
-0.414912 0.140972 2.20964
0.121319 -0.0228901 2.23323
0.147795 0.0699669 2.20233
-0.130122 0.174369 2.2977
-0.124855 0.458862 2.18673
-0.120239 0.73268 2.06532
-0.113432 0.889438 2.05817
-0.274916 0.632957 2.10668
-0.329512 0.361021 2.19713
-0.381955 0.135631 2.22855
-0.406085 0.06725 2.23641
0.0403947 0.637035 2.10818
0.0920028 0.35758 2.186
0.100932 0.12241 2.19097
0.103459 0.0532799 2.18221
-0.20296 0.172916 2.26245
-0.227132 -0.232454 2.39474
-0.232397 -0.594568 2.47628
-0.248091 -0.642227 2.38914
-0.0532548 0.170498 2.26092
-0.0705005 -0.250474 2.37252
-0.0878538 -0.594839 2.44654
-0.0901996 -0.654517 2.35942
-0.121451 0.665871 2.09766
-0.410368 -0.00218244 2.26838
-0.425424 0.0772815 2.21667
0.106408 -0.0233627 2.2081
0.131145 0.0425075 2.167
-0.131085 0.173998 2.29541
-0.125502 0.458994 2.18687
-0.121137 0.733547 2.06806
-0.113985 0.890508 2.06109
-0.276404 0.633433 2.10695
-0.331295 0.359242 2.19305
-0.381007 0.133141 2.22411
-0.401623 0.0642112 2.22939
0.0411435 0.637095 2.10962
0.0894526 0.360248 2.18532
0.0962303 0.124523 2.18137
0.0989243 0.0546902 2.16822
-0.203828 0.172241 2.25912
-0.227333 -0.23241 2.39383
-0.232538 -0.593461 2.47613
-0.248094 -0.6424 2.3887
-0.0542218 0.170321 2.25937
-0.0695593 -0.250265 2.37433
-0.0883078 -0.594735 2.44679
-0.0901634 -0.654254 2.35953
-0.122332 0.666488 2.0995
-0.402227 -0.00492297 2.26116
-0.417969 0.0707659 2.20742
0.101128 -0.0255124 2.19357
0.110472 0.030355 2.13243
-0.133055 0.170638 2.28642
-0.126624 0.458742 2.18639
-0.122392 0.734636 2.07233
-0.113166 0.892224 2.06664
-0.278021 0.633765 2.10847
-0.33176 0.357442 2.18872
-0.377379 0.129794 2.21627
-0.397519 0.0616908 2.21901
0.0399515 0.637064 2.11512
0.0865866 0.359911 2.18367
0.094666 0.124141 2.17621
0.102118 0.0552647 2.17335
-0.20517 0.168186 2.24819
-0.227806 -0.231614 2.39198
-0.232508 -0.593007 2.47597
-0.247871 -0.642554 2.38875
-0.0565814 0.1677 2.25218
-0.0696706 -0.251243 2.37471
-0.0886041 -0.594272 2.44764
-0.0901615 -0.653745 2.36002
-0.123528 0.667119 2.10219
-0.395908 -0.00845677 2.25055
-0.421582 0.0568962 2.20871
0.112881 -0.0254389 2.18807
0.133696 0.069847 2.17125
-0.133005 0.166515 2.27833
-0.127213 0.457391 2.18476
-0.122617 0.73456 2.07432
-0.11242 0.892461 2.06955
-0.279022 0.63348 2.10952
-0.332041 0.355743 2.18426
-0.375176 0.127366 2.21053
-0.394055 0.0608859 2.21508
0.0400867 0.635662 2.11662
0.0839113 0.355536 2.18093
0.0957026 0.11999 2.17555
0.106937 0.051684 2.1836
-0.204652 0.164461 2.24076
-0.226542 -0.231887 2.38835
-0.232452 -0.592597 2.47557
-0.247877 -0.642537 2.38882
-0.0571041 0.163298 2.24361
-0.070269 -0.252441 2.37353
-0.0887314 -0.594281 2.44732
-0.0902771 -0.653718 2.35997
-0.123763 0.666884 2.10321
-0.394836 -0.0101201 2.24321
-0.411591 0.0704207 2.19233
0.120481 -0.0267694 2.19473
0.137975 0.0736865 2.17424
