-0.0964902 0.19876 2.23505
-0.0968254 0.50635 2.16313
-0.0967141 0.801508 2.07949
-0.0702934 0.931973 2.02009
-0.261686 0.708019 2.11244
-0.39588 0.470868 2.17566
-0.509224 0.271216 2.16598
-0.545785 0.209809 2.15426
0.0826579 0.68769 2.12609
0.18534 0.465636 2.18664
0.301379 0.266939 2.179
0.340353 0.19601 2.15945
-0.173771 0.196816 2.19247
-0.21103 -0.173343 2.33383
-0.225537 -0.514811 2.48738
-0.246437 -0.597935 2.41664
-0.0160226 0.19405 2.20389
0.0159184 -0.173487 2.3545
0.0244619 -0.524016 2.5191
0.0200192 -0.598873 2.43246
-0.0968114 0.729528 2.10247
-0.582311 0.141103 2.18316
-0.531298 0.19885 2.11061
0.377382 0.12856 2.16627
0.330513 0.211141 2.16033
-0.0949053 0.199286 2.23683
-0.0957853 0.507107 2.16401
-0.0959086 0.802629 2.07985
-0.0685709 0.932412 2.01986
-0.260107 0.709345 2.11211
-0.377404 0.46721 2.18068
-0.484748 0.264123 2.16923
-0.517334 0.199169 2.16011
0.0840836 0.688457 2.12659
0.183237 0.461458 2.19125
0.294994 0.260312 2.18443
0.33399 0.191298 2.16473
-0.172199 0.197463 2.19447
-0.209987 -0.173444 2.33618
-0.225289 -0.514615 2.4875
-0.245776 -0.599101 2.41481
-0.0144487 0.194556 2.20571
0.0175081 -0.17387 2.35344
0.0256742 -0.523236 2.51959
0.0200353 -0.598541 2.43332
-0.0959763 0.730542 2.10294
-0.545174 0.135817 2.17643
-0.5035 0.181803 2.12075
0.367666 0.111435 2.17843
0.316292 0.17887 2.1715
-0.0940257 0.199538 2.2385
-0.0950461 0.507214 2.16496
-0.0952041 0.802437 2.07997
-0.0680856 0.932144 2.01831
-0.258993 0.709935 2.11341
-0.369377 0.46401 2.18424
-0.470456 0.257631 2.17266
-0.503848 0.189311 2.16707
0.0846184 0.688632 2.12715
0.181273 0.459073 2.19271
0.290189 0.256311 2.18387
0.326708 0.185463 2.15987
-0.171394 0.197658 2.1961
-0.209544 -0.173527 2.33751
-0.224654 -0.515692 2.48847
-0.245095 -0.600286 2.41309
-0.0135386 0.194874 2.20741
0.0171099 -0.17263 2.35841
0.0258958 -0.523783 2.51988
0.0205689 -0.598792 2.43417
-0.0952719 0.730448 2.10333
-0.527256 0.121324 2.1906
-0.488424 0.160415 2.1305
0.356691 0.112204 2.1684
0.327799 0.185761 2.16286
-0.101032 0.197845 2.23837
-0.101469 0.504022 2.15929
-0.101662 0.797233 2.06712
-0.0790438 0.926153 2.00233
-0.265474 0.707482 2.10778
-0.36717 0.45275 2.18058
-0.469024 0.24681 2.16748
-0.498758 0.179522 2.15985
0.0763522 0.684925 2.1153
0.171227 0.452473 2.18403
0.277708 0.248367 2.17069
0.307375 0.175782 2.14687
-0.1787 0.195651 2.19703
-0.213367 -0.171697 2.33618
-0.225401 -0.516042 2.48899
-0.244441 -0.599778 2.41451
-0.0201358 0.193526 2.20617
0.0144086 -0.170627 2.35645
0.025939 -0.523827 2.51953
0.0205186 -0.598863 2.43385
-0.101756 0.725779 2.09235
-0.51408 0.112505 2.17874
-0.471687 0.171123 2.13414
0.335971 0.0999256 2.15845
0.305521 0.169094 2.151
-0.135466 0.178274 2.20039
-0.126775 0.469645 2.08866
-0.117213 0.749006 1.96532
-0.0971981 0.862008 1.8771
-0.286105 0.673855 2.01027
-0.378362 0.420837 2.11652
-0.463412 0.20765 2.11807
-0.479727 0.143862 2.11363
0.0540445 0.653911 2.01954
0.142843 0.421407 2.12051
0.244082 0.214588 2.10398
0.266437 0.136252 2.08162
-0.212093 0.173651 2.15885
-0.233364 -0.170368 2.31944
-0.226304 -0.521576 2.49403
-0.243882 -0.600539 2.41368
-0.0543426 0.176944 2.16834
-0.00293489 -0.2565 2.14138
0.0137304 -0.609812 2.17528
0.0179596 -0.668457 2.07617
-0.119735 0.680979 1.99821
-0.487382 0.0794812 2.14232
-0.441188 0.161206 2.09314
0.290879 0.0624101 2.09636
0.288462 0.1011 2.08767
-0.0512814 0.117284 1.96236
-0.0295723 0.410559 1.86463
-0.00818406 0.690717 1.75454
0.00721601 0.799332 1.66644
-0.180124 0.631846 1.79921
-0.271228 0.383259 1.91767
-0.369305 0.176785 1.93301
-0.386532 0.117238 1.9289
0.159061 0.591592 1.79413
0.228159 0.350563 1.87618
0.297866 0.131941 1.84254
0.310064 0.0495707 1.81543
-0.128033 0.120651 1.92404
-0.200285 -0.207328 2.00196
-0.204823 -0.499105 2.31947
-0.236366 -0.596911 2.30464
0.0274543 0.109548 1.92681
0.0552637 -0.317743 1.94305
0.0404207 -0.676713 1.97453
0.0419083 -0.734017 1.87238
-0.0134809 0.622635 1.78414
-0.398246 0.0615696 1.95366
-0.407421 0.117543 1.8974
0.320787 -0.0253831 1.8187
0.347799 -0.010435 1.84
-0.0444758 0.0929484 1.82399
-0.00895535 0.392544 1.73275
0.0253124 0.677639 1.62931
0.0397742 0.779485 1.5536
-0.143579 0.618863 1.66705
-0.244367 0.367276 1.76382
-0.339543 0.157674 1.76597
-0.368342 0.102118 1.75499
0.187687 0.569913 1.66379
0.257624 0.327208 1.70287
0.302234 0.106988 1.63855
0.303034 0.0258195 1.59809
-0.12115 0.0987674 1.78492
-0.207071 -0.3112 1.84445
-0.265132 -0.665576 1.9018
-0.296631 -0.735908 1.80104
0.0340051 0.0833511 1.78918
0.0609226 -0.302652 1.85861
0.042886 -0.670107 1.9666
0.0431734 -0.736997 1.87789
0.0169203 0.60849 1.65719
-0.380125 0.0431627 1.77107
-0.383922 0.117426 1.72621
0.305155 -0.0463195 1.58793
0.340602 -0.0285787 1.6162
-0.142295 0.0797895 1.77892
-0.13294 0.381832 1.68226
-0.125191 0.668931 1.57249
-0.112774 0.766752 1.50792
-0.293591 0.598258 1.6152
-0.377087 0.335802 1.69013
-0.449958 0.118178 1.65724
-0.470908 0.0620954 1.63962
0.0398321 0.571546 1.60852
0.115897 0.323646 1.6871
0.183977 0.103973 1.65252
0.181658 0.0295329 1.64206
-0.219233 0.0800782 1.74114
-0.261928 -0.304684 1.80585
-0.279741 -0.672392 1.88996
-0.299158 -0.746331 1.80815
-0.0595017 0.0762069 1.74307
0.00785932 -0.312119 1.8146
0.0367594 -0.668285 1.95726
0.0400908 -0.737525 1.8763
-0.127137 0.599359 1.60211
-0.477138 0.000776636 1.65047
-0.481477 0.03562 1.67441
0.191351 -0.0446787 1.64679
0.216502 0.0218748 1.65214
-0.140883 0.103547 1.89431
-0.148156 0.408206 1.80784
-0.154002 0.698864 1.70961
-0.135463 0.820482 1.64441
-0.322714 0.609826 1.74728
-0.397107 0.351696 1.79597
-0.452104 0.130362 1.75116
-0.460099 0.0747411 1.74129
0.0184149 0.596151 1.75247
0.0919081 0.358948 1.81074
0.15666 0.141748 1.75491
0.170162 0.0652945 1.73704
-0.218278 0.099904 1.85357
-0.268057 -0.309843 1.85428
-0.282507 -0.668089 1.89442
-0.297346 -0.750355 1.80205
-0.0579861 0.103116 1.8615
-0.01014 -0.220899 2.02915
-0.0157482 -0.537049 2.32381
-0.0187766 -0.623362 2.30672
-0.152772 0.628252 1.73616
-0.472533 0.0176198 1.74088
-0.459003 0.0536858 1.75622
0.177485 -0.00984959 1.73329
0.204036 0.063807 1.7355
-0.0739931 0.16881 2.15712
-0.0640945 0.466929 2.05519
-0.05413 0.752665 1.94184
-0.0364805 0.874851 1.8624
-0.22317 0.675083 1.99181
-0.292946 0.414617 2.07068
-0.346761 0.190807 2.04714
-0.358326 0.158587 2.05195
0.112133 0.647002 1.97584
0.180448 0.410005 2.03169
0.215357 0.18478 1.98408
0.21382 0.104712 1.96542
-0.150513 0.172086 2.12025
-0.215042 -0.25282 2.07406
-0.23665 -0.586724 2.1126
-0.258877 -0.64904 1.99532
0.00508583 0.159774 2.12039
0.017449 -0.20858 2.27266
-0.00946784 -0.555857 2.43784
-0.0146337 -0.628314 2.34569
-0.0566508 0.683087 1.9722
-0.372878 0.08431 2.06045
-0.381914 0.182355 2.04411
0.213902 0.0315161 1.96599
0.181234 0.0986746 1.93753
-0.105553 0.207329 2.25814
-0.0899887 0.500678 2.14613
-0.0744471 0.78225 2.02326
-0.0590498 0.90475 1.94497
-0.24556 0.708526 2.07497
-0.324265 0.454656 2.1662
-0.393293 0.234944 2.15185
-0.420829 0.178761 2.15024
0.091575 0.67939 2.06533
0.155018 0.431394 2.14295
0.192632 0.204043 2.11972
0.185584 0.128628 2.1138
-0.181952 0.207939 2.21947
-0.222666 -0.169484 2.34809
-0.232661 -0.518107 2.48264
-0.242564 -0.596289 2.40471
-0.0257336 0.200026 2.22336
-0.00100085 -0.189249 2.32923
-0.00830821 -0.547565 2.4484
-0.0155297 -0.621441 2.35702
-0.0783428 0.713647 2.05597
-0.431056 0.114946 2.16622
-0.440816 0.19401 2.12308
0.190745 0.0558829 2.12669
0.15656 0.112861 2.08056
-0.161689 0.209756 2.27442
-0.154875 0.502517 2.16474
-0.147622 0.783485 2.04313
-0.133166 0.907611 1.96638
-0.319139 0.704302 2.08805
-0.391966 0.445614 2.16948
-0.445319 0.22173 2.14932
-0.461266 0.160235 2.13614
0.0164938 0.685858 2.09169
0.0850672 0.438747 2.17073
0.121329 0.210859 2.15449
0.122119 0.133332 2.13251
-0.239694 0.205388 2.23473
-0.248311 -0.165244 2.36711
-0.232074 -0.517305 2.49331
-0.242114 -0.602574 2.40759
-0.0785304 0.207211 2.24054
-0.035037 -0.210963 2.24483
-0.0371806 -0.563658 2.32403
-0.0358675 -0.637685 2.24209
-0.149536 0.715017 2.0756
-0.469348 0.0930219 2.16184
-0.47782 0.158133 2.10416
0.124589 0.056386 2.14832
0.0945704 0.118561 2.09495
-0.143734 0.155653 2.14904
-0.138367 0.455596 2.05272
-0.132234 0.743072 1.94456
-0.113687 0.870259 1.87214
-0.299906 0.659392 1.98865
-0.370373 0.40113 2.06418
-0.419948 0.17615 2.05072
-0.428887 0.113172 2.02932
0.0365078 0.638864 1.99155
0.104774 0.392536 2.0761
0.15008 0.166424 2.05725
0.158799 0.0877732 2.03064
-0.221219 0.151818 2.11076
-0.245413 -0.17402 2.28399
-0.231172 -0.518686 2.48846
-0.243024 -0.601768 2.41027
-0.0612812 0.154059 2.11368
-0.014884 -0.304873 2.07169
0.0118816 -0.630823 2.03316
0.0200005 -0.676783 1.90622
-0.133905 0.673059 1.97366
-0.438075 0.0437527 2.05395
-0.458568 0.106246 2.028
0.16217 0.00922013 2.04145
0.125733 0.136553 2.04067
-0.0658495 0.118867 1.9398
-0.0483853 0.422198 1.84744
-0.0308251 0.711614 1.74303
-0.0092671 0.835424 1.67687
-0.200241 0.629679 1.78842
-0.274925 0.364851 1.86425
-0.33959 0.143528 1.84693
-0.352942 0.0863063 1.83043
0.139515 0.600755 1.78496
0.195429 0.359614 1.841
0.23104 0.13445 1.79253
0.232759 0.0549577 1.75383
-0.142091 0.122347 1.90064
-0.221173 -0.209886 1.96188
-0.222141 -0.508552 2.27345
-0.237734 -0.606309 2.2714
0.0129152 0.110815 1.90518
0.0378637 -0.310403 1.94118
0.0188921 -0.668157 1.99213
0.0199584 -0.734812 1.88883
-0.0352185 0.641303 1.77116
-0.364614 0.0251547 1.8488
-0.359759 0.0507713 1.8715
0.231624 -0.0222658 1.74945
0.263161 0.00970004 1.7566
-0.0852935 0.0950851 1.82899
-0.0649042 0.400822 1.73785
-0.0448396 0.691758 1.63406
-0.0265028 0.802452 1.5763
-0.210426 0.614645 1.67567
-0.291916 0.350677 1.74228
-0.352652 0.129024 1.70932
-0.376213 0.075695 1.67832
0.122012 0.582072 1.66675
0.184771 0.334724 1.71268
0.221349 0.109295 1.65907
0.213509 0.0308067 1.62878
-0.162716 0.098395 1.79138
-0.227504 -0.304955 1.84907
-0.263634 -0.665427 1.9151
-0.291696 -0.741106 1.81819
-0.00444402 0.0879178 1.79281
0.0262316 -0.300601 1.87238
0.0180828 -0.667334 1.99089
0.0188169 -0.736408 1.89241
-0.0498087 0.621183 1.66205
-0.388072 0.00956216 1.69551
-0.34794 0.0749081 1.685
0.214098 -0.046971 1.6278
0.244078 -0.00383972 1.63091
-0.173031 0.0862379 1.80009
-0.175848 0.388405 1.69844
-0.177888 0.675668 1.58382
-0.166748 0.778333 1.52224
-0.347977 0.592288 1.62103
-0.419383 0.329991 1.68166
-0.461076 0.104979 1.64031
-0.476857 0.0527444 1.624
-0.013064 0.578347 1.62639
0.0526211 0.327572 1.69774
0.0882172 0.0993359 1.67223
0.0830944 0.0258488 1.65946
-0.249188 0.0827171 1.76165
-0.274128 -0.302952 1.8284
-0.277403 -0.669751 1.90781
-0.294097 -0.746489 1.81933
-0.0898559 0.0863311 1.76507
-0.0311954 -0.287736 1.8414
-0.0262984 -0.61217 2.08922
-0.0162902 -0.694517 2.00943
-0.177616 0.606042 1.61454
-0.484761 0.000326046 1.62884
-0.442821 0.0380473 1.60174
0.0849645 -0.044848 1.66752
0.122004 0.00984463 1.67233
-0.156559 0.107006 1.89652
-0.164101 0.411692 1.80628
-0.17002 0.702344 1.70424
-0.15664 0.824405 1.64256
-0.338172 0.610079 1.74011
-0.402173 0.347392 1.79487
-0.443038 0.122171 1.75497
-0.447565 0.0665529 1.74641
0.000656748 0.597236 1.7494
0.0625411 0.357405 1.79754
0.0985313 0.130893 1.74169
0.107543 0.0556881 1.71771
-0.233444 0.102897 1.85643
-0.274798 -0.306683 1.86231
-0.280777 -0.666626 1.90765
-0.293916 -0.750232 1.81709
-0.0735873 0.106953 1.86303
-0.0228134 -0.201511 2.05705
-0.0229982 -0.513426 2.35604
-0.0193604 -0.613383 2.35419
-0.1688 0.631742 1.73174
-0.45574 0.0146982 1.74472
-0.415949 0.0552505 1.72555
0.107916 -0.0160586 1.71499
0.145796 0.0434424 1.72508
-0.0835111 0.154111 2.15011
-0.0785682 0.449789 2.0389
-0.0734164 0.733218 1.91615
-0.0540926 0.854999 1.83595
-0.240239 0.65528 1.96626
-0.310885 0.400547 2.05063
-0.366127 0.176912 2.04547
-0.385512 0.123843 2.04028
0.0948797 0.632345 1.96174
0.157727 0.391573 2.02441
0.186432 0.164387 1.98422
0.187715 0.0877042 1.96666
-0.160975 0.156659 2.1099
-0.219202 -0.251736 2.05446
-0.251063 -0.591526 2.03334
-0.26516 -0.638597 1.9295
-0.00317817 0.1463 2.11664
0.0125198 -0.18613 2.28743
-0.0124236 -0.540731 2.48498
-0.0160312 -0.614144 2.39603
-0.0747615 0.66421 1.94887
-0.400998 0.0754953 2.04283
-0.354241 0.119026 2.03273
0.185975 0.0112912 1.9716
0.216156 0.0775293 1.9625
-0.0955544 0.198889 2.24111
-0.0836964 0.490516 2.12549
-0.0717884 0.770463 1.99866
-0.0566316 0.892626 1.91791
-0.241161 0.697016 2.04968
-0.31859 0.44421 2.15322
-0.386587 0.224862 2.15902
-0.422451 0.16838 2.16122
0.095776 0.67062 2.04345
0.163707 0.421835 2.13889
0.204137 0.195454 2.14552
0.200956 0.125214 2.14546
-0.173092 0.20016 2.20188
-0.22472 -0.185382 2.32193
-0.249061 -0.518914 2.44019
-0.25906 -0.603962 2.34969
-0.0149108 0.191101 2.20685
0.00398693 -0.168743 2.34267
-0.0113902 -0.536325 2.49724
-0.0204341 -0.611511 2.40444
-0.0747942 0.702264 2.03239
-0.433631 0.102822 2.18502
-0.391638 0.161778 2.14967
0.20676 0.0520054 2.1676
0.229949 0.117413 2.13973
-0.158589 0.198193 2.22919
-0.152929 0.488942 2.11457
-0.146226 0.767601 1.98763
-0.130391 0.890113 1.91015
-0.316074 0.687583 2.03138
-0.394437 0.431145 2.12519
-0.459316 0.210286 2.11463
-0.483044 0.148872 2.09638
0.0223058 0.67134 2.03656
0.0884318 0.423716 2.13505
0.128031 0.196414 2.12911
0.127652 0.120147 2.10963
-0.235895 0.194201 2.1886
-0.258923 -0.173637 2.32209
-0.254481 -0.524338 2.44886
-0.258334 -0.605387 2.36671
-0.0760527 0.195593 2.1963
-0.0322419 -0.210851 2.2191
-0.0326212 -0.548705 2.35145
-0.0330594 -0.633359 2.26916
-0.148063 0.699758 2.02149
-0.49691 0.0841419 2.12102
-0.463695 0.141548 2.1084
0.127777 0.0449319 2.13029
0.162948 0.113556 2.1126
-0.116297 0.124545 2.04026
-0.110285 0.425851 1.94485
-0.103642 0.714125 1.83723
-0.077176 0.838911 1.76416
-0.27095 0.631435 1.88104
-0.353547 0.378633 1.96881
-0.418819 0.15777 1.95629
-0.430132 0.0949279 1.94344
0.0693868 0.608009 1.89009
0.128815 0.358221 1.97318
0.173563 0.131886 1.96557
0.182871 0.0516442 1.94734
-0.193568 0.12228 2.00076
-0.237063 -0.191802 2.19448
-0.25266 -0.529788 2.43396
-0.262869 -0.609474 2.36117
-0.0348094 0.122309 2.0061
-0.000404418 -0.346266 1.99441
0.022219 -0.673114 1.98227
0.0257679 -0.726186 1.87156
-0.105413 0.64399 1.86621
-0.443375 0.0291173 1.96629
-0.416355 0.0901866 1.96333
0.18596 -0.0282023 1.96437
0.158085 0.0383369 1.9103
-0.0638561 0.108417 1.87838
-0.0473443 0.409255 1.78302
-0.0308496 0.695966 1.67556
-0.0119224 0.811442 1.61032
-0.19771 0.62086 1.72278
-0.274804 0.356991 1.8183
-0.345172 0.137357 1.80963
-0.361347 0.0826042 1.79513
0.136765 0.589133 1.70772
0.197463 0.343896 1.75709
0.230564 0.117414 1.70901
0.230214 0.039651 1.67432
-0.140728 0.112497 1.84063
-0.217571 -0.229543 1.87511
-0.201264 -0.560363 2.13623
-0.223511 -0.654785 2.08398
0.0155365 0.100041 1.84231
0.0420723 -0.306308 1.90482
0.0271262 -0.670686 1.97793
0.0263485 -0.735775 1.88026
-0.0349715 0.626374 1.70445
-0.369735 0.0274173 1.80835
-0.370316 0.067001 1.8265
0.228374 -0.0391742 1.67558
0.199927 0.0318887 1.63531
-0.120423 0.0766365 1.7652
-0.109177 0.383251 1.6811
-0.0977815 0.67474 1.58471
-0.0814217 0.777555 1.52374
-0.261906 0.600044 1.62987
-0.341196 0.33264 1.71102
-0.410984 0.113085 1.68903
-0.437224 0.0565055 1.66846
0.0695153 0.567511 1.612
0.137327 0.324519 1.6527
0.174878 0.0993126 1.59258
0.165332 0.0216391 1.56485
-0.197848 0.0788907 1.7277
-0.253414 -0.325125 1.7677
-0.288634 -0.69404 1.83783
-0.304434 -0.761196 1.7486
-0.0379608 0.0711588 1.72892
0.0110985 -0.313396 1.8204
0.0230147 -0.669125 1.97208
0.0261245 -0.737504 1.87925
-0.100685 0.604061 1.6108
-0.448492 -0.00570835 1.68482
-0.425948 0.0446955 1.68445
0.16569 -0.0570604 1.56341
0.13484 0.011586 1.52785
-0.1807 0.0808222 1.76993
-0.186104 0.384705 1.6776
-0.189883 0.673781 1.57378
-0.182501 0.78022 1.51413
-0.360874 0.5872 1.6106
-0.432567 0.328085 1.66144
-0.483546 0.10562 1.61651
-0.495824 0.0525931 1.60835
-0.0237616 0.574691 1.61378
0.0474391 0.329286 1.67731
0.0882928 0.102651 1.64244
0.0953134 0.0284914 1.62872
-0.256656 0.0748761 1.73193
-0.287493 -0.318603 1.78045
-0.29331 -0.684613 1.83855
-0.306856 -0.766957 1.74796
-0.0972825 0.0835391 1.73445
-0.0317672 -0.251781 1.7993
-0.0284807 -0.527138 2.12992
-0.0295539 -0.5813 2.01974
-0.189232 0.603684 1.60165
-0.505607 5.09221e-005 1.60946
-0.463062 0.0419887 1.58814
0.0986245 -0.0485994 1.63695
0.0648419 0.0183395 1.59788
-0.125327 0.0961752 1.91882
-0.13183 0.40244 1.83394
-0.13707 0.694821 1.73718
-0.118903 0.822978 1.67238
-0.304363 0.604179 1.77577
-0.376038 0.344259 1.83724
-0.424046 0.11906 1.81356
-0.432607 0.0589915 1.81055
0.033451 0.585739 1.77621
0.0940612 0.346577 1.82392
0.129997 0.12536 1.75686
0.136132 0.047719 1.72274
-0.203475 0.0920954 1.87728
-0.265058 -0.333071 1.84277
-0.296659 -0.698726 1.83969
-0.307454 -0.768847 1.74257
-0.0423651 0.0965748 1.88672
0.00409996 -0.209464 2.08645
0.0149364 -0.528146 2.37839
0.00629453 -0.618977 2.34244
-0.135964 0.623757 1.76339
-0.439812 -0.00533852 1.81924
-0.405847 0.0513722 1.77919
0.135436 -0.0266793 1.7176
0.104431 0.0436743 1.68966
-0.0506658 0.165449 2.14677
-0.0452585 0.464013 2.04577
-0.0398942 0.750231 1.93353
-0.0221454 0.875501 1.86047
-0.208364 0.669535 1.98201
-0.273504 0.401384 2.06991
-0.320456 0.175785 2.06622
-0.336864 0.12434 2.06832
0.131148 0.644029 1.9771
0.18567 0.403745 2.04183
0.209756 0.175829 2.00285
0.211529 0.0997895 1.9898
-0.128338 0.168801 2.10807
-0.203969 -0.230842 2.05476
-0.223614 -0.577276 2.12048
-0.247681 -0.643555 2.0293
0.0287753 0.156488 2.11184
0.0424099 -0.185011 2.27184
0.0211184 -0.541325 2.45929
0.0145051 -0.612948 2.37538
-0.0412526 0.680529 1.96359
-0.346294 0.0722919 2.08568
-0.306256 0.111895 2.04471
0.208602 0.0278966 1.99286
0.179707 0.0942319 1.95933
-0.0745764 0.201369 2.23562
-0.0666114 0.497538 2.12606
-0.058478 0.78193 2.00595
-0.0413064 0.909458 1.93587
-0.228668 0.697672 2.05336
-0.295514 0.438173 2.14355
-0.349196 0.214132 2.13962
-0.37831 0.15918 2.13531
0.108397 0.676727 2.05045
0.175267 0.426266 2.1396
0.216754 0.199479 2.13675
0.210905 0.130112 2.13458
-0.151847 0.200966 2.19658
-0.183256 -0.174061 2.33942
-0.197258 -0.523027 2.46367
-0.206705 -0.605643 2.37212
0.00513184 0.19515 2.20115
0.0288591 -0.184842 2.33682
0.0221589 -0.538492 2.47014
0.0154036 -0.611191 2.38078
-0.060531 0.712622 2.03791
-0.388369 0.100431 2.1508
-0.346582 0.151417 2.12787
0.218094 0.0621274 2.1503
0.178387 0.156063 2.13436
-0.12153 0.209569 2.26733
-0.125248 0.500209 2.14861
-0.12833 0.779101 2.01858
-0.118591 0.905339 1.94485
-0.296821 0.696917 2.06605
-0.361979 0.431001 2.1554
-0.413424 0.206451 2.14384
-0.435443 0.151473 2.13288
0.0386148 0.682878 2.06536
0.104049 0.434779 2.15457
0.136288 0.206204 2.14418
0.127908 0.13214 2.12702
-0.199223 0.2051 2.2287
-0.211616 -0.175817 2.36273
-0.199093 -0.525516 2.47587
-0.207785 -0.608588 2.38349
-0.0399396 0.207225 2.23252
-0.00110738 -0.195079 2.3235
0.0147987 -0.536297 2.46598
0.0128545 -0.612006 2.37871
-0.127697 0.711167 2.05312
-0.448642 0.104135 2.1472
-0.409367 0.140998 2.13093
0.128484 0.0617486 2.1457
0.103296 0.110245 2.08894
-0.14116 0.20947 2.25232
-0.145313 0.503803 2.146
-0.150196 0.786398 2.0273
-0.140753 0.91489 1.95673
-0.316574 0.69993 2.0717
-0.379561 0.429686 2.15798
-0.445442 0.209187 2.1504
-0.473418 0.154395 2.15557
0.0193637 0.688704 2.07491
0.0920646 0.451986 2.15616
0.158382 0.230981 2.14071
0.190928 0.160501 2.12917
-0.217257 0.203638 2.21275
-0.220913 -0.173734 2.34773
-0.198704 -0.525131 2.47317
-0.209424 -0.609047 2.38371
-0.0605344 0.208492 2.2184
-0.00155475 -0.197031 2.2804
0.00999471 -0.535176 2.44617
0.00985632 -0.613204 2.37129
-0.148992 0.717451 2.05885
-0.490085 0.0952023 2.16715
-0.483865 0.131494 2.18056
0.207687 0.0817947 2.14462
0.155459 0.182554 2.12975
-0.130445 0.203057 2.22641
-0.1376 0.503587 2.13771
-0.142382 0.791079 2.03364
-0.130981 0.922995 1.96855
-0.310036 0.703412 2.07978
-0.387233 0.43812 2.16337
-0.472531 0.224756 2.16009
-0.511506 0.164758 2.16254
0.0321834 0.688439 2.0785
0.127253 0.453138 2.1555
0.228717 0.246403 2.15316
0.269694 0.174984 2.14299
-0.206946 0.198366 2.18798
-0.217026 -0.177124 2.3351
-0.199987 -0.526689 2.47284
-0.210448 -0.614311 2.38233
-0.0496296 0.201054 2.19135
-0.00725356 -0.195093 2.33089
0.0087968 -0.539856 2.47345
0.00831543 -0.612448 2.38046
-0.141718 0.72074 2.06148
-0.534823 0.104321 2.18601
-0.527373 0.182949 2.13748
0.295922 0.0993616 2.16148
0.26103 0.207471 2.141
