-0.0278675 -0.0601124 2.27963
-0.0320769 0.242616 2.2522
-0.0361275 0.534871 2.21216
-0.0251218 0.67921 2.19143
-0.191127 0.411235 2.19126
-0.24314 0.152631 2.22076
-0.252781 -0.0667383 2.18824
-0.24704 -0.0769675 2.19144
0.129176 0.421949 2.2243
0.17907 0.172683 2.26922
0.189777 -0.0454385 2.22633
0.184669 -0.0657852 2.22413
-0.0995711 -0.0599557 2.23921
-0.131535 -0.335197 2.32763
-0.157588 -0.649665 2.40356
-0.164274 -0.734144 2.31834
0.0446859 -0.058404 2.2473
0.0676548 -0.341137 2.33432
0.074419 -0.651086 2.39157
0.0928487 -0.74024 2.31276
-0.0351564 0.463278 2.2244
-0.244818 -0.145904 2.19876
-0.288785 -0.0876317 2.18022
0.187944 -0.129796 2.23101
0.147565 -0.0725752 2.19898
-0.0279118 -0.0605184 2.27863
-0.0321869 0.242116 2.25093
-0.03622 0.534312 2.21052
-0.0252023 0.678918 2.18964
-0.191294 0.410799 2.1905
-0.242997 0.152473 2.21955
-0.252793 -0.0669431 2.1876
-0.246572 -0.0774467 2.1887
0.12883 0.421585 2.222
0.178898 0.171972 2.26733
0.189744 -0.0460421 2.22377
0.184922 -0.0659216 2.21994
-0.0996672 -0.0602698 2.23804
-0.130992 -0.334944 2.32679
-0.157448 -0.650946 2.4031
-0.164412 -0.734414 2.31664
0.044686 -0.0589012 2.24637
0.0674392 -0.341937 2.33281
0.0737132 -0.653198 2.39059
0.0931702 -0.74136 2.31256
-0.0352631 0.462724 2.22285
-0.245768 -0.145147 2.19835
-0.286328 -0.0855838 2.17681
0.188797 -0.13036 2.22668
0.146716 -0.0838907 2.20138
-0.0289596 -0.0604755 2.27685
-0.0329514 0.241863 2.24793
-0.0365861 0.533779 2.20613
-0.0250598 0.678232 2.18467
-0.192407 0.410751 2.18849
-0.243997 0.152817 2.21825
-0.253029 -0.0666604 2.18652
-0.249204 -0.0769159 2.18634
0.128166 0.420937 2.21953
0.17764 0.171119 2.26536
0.188983 -0.0470101 2.22278
0.181181 -0.0639271 2.21964
-0.100726 -0.0599898 2.23649
-0.131884 -0.333788 2.32206
-0.157474 -0.650236 2.40221
-0.164203 -0.733638 2.3181
0.0437079 -0.0590747 2.24437
0.0680347 -0.341748 2.33323
0.0745721 -0.651395 2.39114
0.0929675 -0.740521 2.3132
-0.0357364 0.462265 2.21882
-0.250394 -0.144764 2.19677
-0.288805 -0.0802971 2.17542
0.182159 -0.129841 2.2254
0.145713 -0.0795268 2.19957
-0.0716464 -0.0630273 2.2672
-0.0715979 0.232201 2.22412
-0.0720097 0.516448 2.16658
-0.0504108 0.647873 2.1118
-0.228993 0.405913 2.15565
-0.287671 0.148408 2.20449
-0.29385 -0.0719248 2.18441
-0.295483 -0.0755299 2.18984
0.0923653 0.411616 2.19546
0.136625 0.161742 2.25641
0.143454 -0.0569206 2.21634
0.132615 -0.0731561 2.21574
-0.143595 -0.0639586 2.22475
-0.164047 -0.337207 2.31115
-0.161852 -0.650871 2.39897
-0.165683 -0.733999 2.31893
0.00255054 -0.0601107 2.23695
0.0296215 -0.3599 2.23226
0.0624869 -0.667293 2.36125
0.095238 -0.740948 2.2936
-0.0720198 0.446923 2.18339
-0.305554 -0.147176 2.20413
-0.337298 -0.0674404 2.16735
0.135886 -0.136688 2.21716
0.101268 -0.0885881 2.183
-0.0591333 -0.0914844 2.18171
-0.0501234 0.195148 2.11198
-0.0409754 0.472034 2.02945
-0.00926446 0.602783 1.96482
-0.194955 0.374044 2.0249
-0.267915 0.125725 2.09614
-0.286429 -0.0931518 2.10345
-0.282894 -0.107708 2.10292
0.121725 0.372343 2.06965
0.151293 0.13049 2.16742
0.182941 -0.0863622 2.17921
0.183183 -0.137932 2.17246
-0.13265 -0.0902458 2.13887
-0.159827 -0.341959 2.27094
-0.165287 -0.647727 2.39393
-0.167425 -0.735399 2.32414
0.0163295 -0.089671 2.15194
0.0853864 -0.398544 2.07733
0.135154 -0.697441 2.03127
0.152388 -0.748034 1.9222
-0.0432878 0.404253 2.05232
-0.289326 -0.177301 2.12587
-0.31628 -0.098463 2.07054
0.181063 -0.182345 2.19259
0.160426 -0.14191 2.137
0.0359157 -0.106782 1.96828
0.0335243 0.182028 1.92014
0.031071 0.459884 1.85858
0.040549 0.594329 1.78784
-0.132089 0.365517 1.88315
-0.174072 0.103709 1.95884
-0.200021 -0.115284 1.95356
-0.193561 -0.121883 1.93898
0.192724 0.360415 1.85618
0.248398 0.117782 1.94194
0.264332 -0.10239 1.92893
0.264244 -0.117523 1.92162
-0.0393466 -0.104082 1.93858
-0.0963425 -0.384283 1.91681
-0.14922 -0.684474 2.09557
-0.185425 -0.759277 2.0332
0.109792 -0.105704 1.9251
0.136894 -0.405643 1.93327
0.150465 -0.735926 1.97429
0.167214 -0.809646 1.88849
0.0317156 0.392 1.87623
-0.191751 -0.192378 1.94654
-0.229606 -0.111134 1.93256
0.257801 -0.191651 1.93357
0.22569 -0.126374 1.89046
-0.019862 -0.11023 1.91732
-0.0276391 0.180235 1.86492
-0.0358054 0.459612 1.79955
-0.00909828 0.593994 1.73056
-0.192617 0.358803 1.79123
-0.259735 0.109668 1.85355
-0.286254 -0.109431 1.84659
-0.289195 -0.116141 1.83898
0.126607 0.363783 1.83244
0.161506 0.120327 1.92741
0.185725 -0.098468 1.93237
0.179463 -0.131118 1.94579
-0.0931302 -0.1089 1.87543
-0.13882 -0.417361 1.87264
-0.167221 -0.756519 1.92131
-0.159494 -0.816279 1.82152
0.053546 -0.107256 1.88704
0.104896 -0.419688 1.91957
0.142487 -0.737338 1.97648
0.169472 -0.807215 1.89362
-0.0337651 0.391387 1.81815
-0.299638 -0.191835 1.84173
-0.322434 -0.111039 1.80551
0.174901 -0.174825 1.94789
0.149531 -0.120411 1.9049
-0.0143356 -0.106703 2.06844
-0.0196901 0.184894 2.00943
-0.0245953 0.465932 1.93788
0.0171288 0.597158 1.8789
-0.171683 0.357905 1.91127
-0.253474 0.114758 1.96991
-0.286963 -0.102582 1.9745
-0.28384 -0.114215 1.98347
0.137898 0.365486 1.99585
0.165707 0.143516 2.08777
0.181758 -0.0744845 2.10598
0.185604 -0.127128 2.12388
-0.0870506 -0.103398 2.01442
-0.135171 -0.415758 1.92404
-0.170863 -0.760085 1.92482
-0.157427 -0.816654 1.81923
0.0587972 -0.106281 2.04978
0.0745763 -0.376623 2.19688
0.073987 -0.662885 2.35772
0.107528 -0.737485 2.30708
-0.0234296 0.39721 1.95797
-0.296132 -0.187088 1.99565
-0.319116 -0.104488 1.96562
0.187176 -0.165801 2.1365
0.149826 -0.128132 2.07125
0.0321658 -0.060186 2.24214
0.0363402 0.233813 2.18766
0.0403616 0.51771 2.12115
0.0651328 0.655667 2.07322
-0.114923 0.404664 2.09665
-0.185682 0.151073 2.14457
-0.230167 -0.0647805 2.13985
-0.228158 -0.0718003 2.151
0.196854 0.4061 2.15561
0.235723 0.164135 2.25033
0.25001 -0.0550304 2.25847
0.247445 -0.104842 2.2906
-0.0405711 -0.0566066 2.19578
-0.104683 -0.361015 2.16846
-0.175064 -0.655652 2.30742
-0.206909 -0.727051 2.23242
0.103788 -0.0618608 2.21592
0.0938023 -0.335144 2.31461
0.0789235 -0.643395 2.39109
0.0994072 -0.73262 2.32476
0.039398 0.448201 2.13995
-0.238695 -0.142856 2.15637
-0.2646 -0.061063 2.13306
0.246582 -0.144933 2.30727
0.206875 -0.106464 2.2507
-0.0270769 -0.0556912 2.29216
-0.0189591 0.231691 2.23087
-0.0131669 0.509797 2.1586
-0.0260206 0.63135 2.08498
-0.193761 0.412336 2.17293
-0.252594 0.163078 2.26303
-0.306244 -0.0445202 2.30087
-0.309379 -0.056451 2.30738
0.126387 0.41223 2.16854
0.179554 0.169745 2.24838
0.187959 -0.050735 2.23873
0.178073 -0.0602839 2.2413
-0.0998493 -0.0555693 2.25729
-0.127391 -0.338974 2.33477
-0.149124 -0.650778 2.43681
-0.16885 -0.731094 2.35536
0.0464914 -0.054059 2.25442
0.0693866 -0.332296 2.33323
0.0801273 -0.640145 2.39967
0.0987453 -0.730633 2.32512
-0.0144281 0.441511 2.17883
-0.323115 -0.123749 2.33047
-0.336351 -0.0362168 2.28753
0.176552 -0.131887 2.24922
0.143323 -0.062912 2.21326
-0.0687556 -0.0819491 2.22184
-0.0731329 0.202591 2.15863
-0.0767837 0.477362 2.08265
-0.0680393 0.606235 2.00948
-0.23706 0.377388 2.08613
-0.288802 0.126406 2.17547
-0.338135 -0.0835053 2.20735
-0.342977 -0.128307 2.22944
0.0835408 0.389512 2.10277
0.141701 0.142371 2.19067
0.171813 -0.0760804 2.17935
0.169259 -0.0916899 2.16475
-0.141869 -0.0850278 2.18323
-0.161939 -0.329495 2.32039
-0.159518 -0.642 2.43965
-0.169053 -0.729968 2.37073
0.00660847 -0.0762176 2.18781
0.0767222 -0.385184 2.09432
0.126928 -0.698316 2.03854
0.151367 -0.743652 1.92773
-0.0759834 0.410094 2.10389
-0.343983 -0.167212 2.25267
-0.365003 -0.119408 2.1976
0.171328 -0.158945 2.17487
0.137143 -0.0884797 2.12207
0.0270686 -0.113525 1.95351
0.0150961 0.184291 1.92409
0.00345296 0.470584 1.88157
0.0106354 0.61066 1.84135
-0.153747 0.349109 1.89205
-0.18273 0.0859871 1.94182
-0.211397 -0.132606 1.93496
-0.205307 -0.139824 1.91618
0.17408 0.362009 1.87231
0.239678 0.113704 1.9231
0.267699 -0.10388 1.88747
0.265236 -0.1201 1.87853
-0.047425 -0.113999 1.92297
-0.0892099 -0.378231 1.9289
-0.134863 -0.606626 2.18952
-0.165128 -0.709109 2.20118
0.100576 -0.108886 1.9113
0.132912 -0.412154 1.8969
0.146598 -0.741038 1.92129
0.165533 -0.810483 1.82446
0.00632293 0.400636 1.89443
-0.206111 -0.210805 1.91402
-0.225989 -0.142842 1.87017
0.269718 -0.191499 1.89136
0.22366 -0.125383 1.85715
0.00124535 -0.120353 1.86712
-0.0110785 0.178521 1.82958
-0.0230715 0.465339 1.77879
-0.00446516 0.613054 1.7436
-0.180662 0.348678 1.78536
-0.215696 0.0878223 1.848
-0.230277 -0.132027 1.84933
-0.239923 -0.144859 1.84089
0.14608 0.357912 1.78265
0.196164 0.10571 1.84212
0.218194 -0.113071 1.80971
0.204856 -0.160813 1.81981
-0.0725585 -0.118995 1.83202
-0.109117 -0.432947 1.81745
-0.149919 -0.763225 1.89548
-0.150509 -0.819749 1.80198
0.0747197 -0.117042 1.82931
0.115759 -0.419383 1.8443
0.143796 -0.746263 1.91169
0.165816 -0.816435 1.83036
-0.0201316 0.395346 1.79371
-0.239969 -0.21647 1.85644
-0.280673 -0.142984 1.82987
0.198996 -0.20483 1.8285
0.172116 -0.146026 1.79048
-0.0404038 -0.100229 1.93069
-0.054932 0.196521 1.88536
-0.0685969 0.481683 1.82707
-0.0343309 0.623095 1.78834
-0.218076 0.363508 1.8032
-0.285014 0.116597 1.85067
-0.342789 -0.095983 1.8478
-0.347376 -0.121841 1.85557
0.0978917 0.377083 1.86969
0.138695 0.135377 1.94606
0.161432 -0.0829237 1.95861
0.162329 -0.117178 1.95815
-0.112325 -0.100695 1.88221
-0.149464 -0.41636 1.86453
-0.15664 -0.753693 1.8943
-0.151556 -0.820793 1.80323
0.0330221 -0.0959888 1.90655
0.0704052 -0.3686 2.00435
0.0741874 -0.628141 2.24036
0.114197 -0.727539 2.23828
-0.0653155 0.412056 1.84385
-0.351943 -0.194595 1.86523
-0.377748 -0.113627 1.84307
0.162122 -0.161936 1.96365
0.12931 -0.115939 1.92055
0.0235744 -0.0756156 2.20466
0.0253767 0.220199 2.15038
0.0270068 0.5058 2.08355
0.0450172 0.647573 2.04655
-0.128606 0.39125 2.05912
-0.198091 0.131697 2.10827
-0.212343 -0.0882857 2.10475
-0.227275 -0.110561 2.11304
0.182795 0.392232 2.1132
0.224636 0.149591 2.19166
0.252249 -0.0667539 2.21171
0.243103 -0.116197 2.22847
-0.0491098 -0.0707027 2.159
-0.111732 -0.377927 2.06312
-0.157506 -0.686317 2.06939
-0.166292 -0.739713 1.95621
0.0954095 -0.0780405 2.17777
0.0728612 -0.359138 2.30633
0.0500892 -0.651879 2.40376
0.07475 -0.734127 2.33507
0.02663 0.435883 2.10247
-0.225541 -0.158104 2.12067
-0.267025 -0.108245 2.09718
0.241163 -0.155672 2.25008
0.214928 -0.118836 2.20875
0.00846982 -0.0539984 2.28069
0.0161199 0.234349 2.22105
0.0232623 0.51339 2.15046
0.0412418 0.643624 2.08463
-0.135285 0.41389 2.14096
-0.211414 0.170316 2.20583
-0.266375 -0.0415804 2.2194
-0.270138 -0.0511249 2.22929
0.183298 0.410643 2.18019
0.21844 0.168602 2.26006
0.229742 -0.0513904 2.25984
0.219557 -0.0838047 2.27214
-0.0640691 -0.0500738 2.23885
-0.116737 -0.349809 2.28891
-0.14968 -0.64833 2.39775
-0.169663 -0.7291 2.31969
0.0806968 -0.0562554 2.24999
0.0728909 -0.338538 2.34531
0.0537876 -0.645326 2.41666
0.0696718 -0.732161 2.34388
0.0215999 0.445051 2.17018
-0.291577 -0.120893 2.24044
-0.30229 -0.034272 2.20715
0.220539 -0.149445 2.29094
0.189089 -0.0954118 2.25407
-0.053986 -0.061052 2.25823
-0.0488362 0.223781 2.19883
-0.0434933 0.498967 2.12672
-0.0318508 0.628888 2.05646
-0.20869 0.402913 2.13551
-0.268778 0.165425 2.22291
-0.331333 -0.0342089 2.2789
-0.34197 -0.0663821 2.27921
0.113422 0.403398 2.14509
0.158227 0.157352 2.226
0.171937 -0.0628185 2.21567
0.172112 -0.0838827 2.20789
-0.127195 -0.0621779 2.22091
-0.149459 -0.334727 2.31166
-0.155177 -0.654302 2.4174
-0.161536 -0.735718 2.338
0.020944 -0.0580057 2.22283
0.0581787 -0.359158 2.15788
0.0881915 -0.672313 2.23311
0.13269 -0.741699 2.16016
-0.0448637 0.43158 2.14699
-0.348298 -0.132143 2.31597
-0.355299 -0.0775256 2.23925
0.169249 -0.154172 2.2301
0.137319 -0.0834934 2.16408
0.0280336 -0.119188 2.02847
0.0285049 0.180308 1.99636
0.0284573 0.468572 1.95121
0.0416516 0.614147 1.91826
-0.127418 0.347279 1.94133
-0.177278 0.085813 1.99089
-0.215868 -0.130759 1.99218
-0.212122 -0.135645 1.97465
0.194458 0.35558 1.96265
0.244795 0.103791 2.0152
0.272807 -0.114457 1.98954
0.277544 -0.139517 1.99181
-0.0467203 -0.119665 1.99152
-0.0902899 -0.384621 2.12453
-0.135851 -0.642664 2.35783
-0.167397 -0.735631 2.32619
0.101776 -0.114442 1.99277
0.144879 -0.420297 1.92755
0.179238 -0.747192 1.93477
0.190495 -0.808617 1.83497
0.0285272 0.39809 1.96476
-0.215904 -0.207272 1.98097
-0.243243 -0.127537 1.94857
0.283383 -0.205885 2.01284
0.235228 -0.146895 1.94662
0.0561927 -0.112992 1.89072
0.0548446 0.189238 1.8647
0.0531248 0.479282 1.82539
0.057883 0.623309 1.79591
-0.108211 0.358619 1.84513
-0.144275 0.0925861 1.89845
-0.176294 -0.125712 1.88269
-0.185127 -0.129825 1.87413
0.215338 0.35965 1.80607
0.277007 0.106509 1.85697
0.302731 -0.111863 1.82594
0.291329 -0.128777 1.824
-0.0189485 -0.109175 1.86221
-0.0790371 -0.42871 1.8314
-0.123198 -0.755788 1.90686
-0.137349 -0.811714 1.80924
0.129181 -0.112512 1.84663
0.15812 -0.417783 1.85872
0.179318 -0.747241 1.9295
0.191804 -0.812379 1.83378
0.053618 0.408477 1.83744
-0.193743 -0.202702 1.88496
-0.222937 -0.112978 1.87
0.293213 -0.200931 1.83147
0.248973 -0.116851 1.80233
-0.0176934 -0.110096 1.88266
-0.0238951 0.192044 1.84831
-0.0303442 0.48218 1.80088
-0.00316135 0.631084 1.78325
-0.183404 0.35976 1.78327
-0.257202 0.109227 1.82682
-0.318227 -0.102663 1.81245
-0.334152 -0.118216 1.80326
0.130149 0.365903 1.82902
0.16476 0.114219 1.90483
0.194417 -0.104477 1.89853
0.188207 -0.116314 1.90627
-0.0890568 -0.109206 1.83716
-0.12726 -0.420126 1.84405
-0.139152 -0.761114 1.89093
-0.138921 -0.820876 1.79918
0.0543198 -0.106599 1.85607
0.107201 -0.423632 1.86877
0.141629 -0.736321 2.00192
0.178267 -0.798206 1.92938
-0.0287328 0.411359 1.81496
-0.344936 -0.188301 1.8142
-0.363436 -0.0988585 1.79288
0.197797 -0.189489 1.91425
0.154496 -0.122678 1.86614
-0.00160737 -0.107185 2.06932
-0.00872411 0.193813 2.03482
-0.0156416 0.483855 1.9874
0.0042353 0.633355 1.96413
-0.168132 0.358271 1.95232
-0.228958 0.105609 1.99304
-0.264847 -0.111534 1.99379
-0.267641 -0.124635 1.99817
0.143272 0.372201 2.02871
0.189101 0.11423 2.11113
0.201236 -0.105949 2.10129
0.203387 -0.11891 2.11225
-0.073411 -0.103287 2.01593
-0.115149 -0.422311 1.93234
-0.143759 -0.755634 1.90196
-0.136219 -0.807275 1.79646
0.0702001 -0.10732 2.05009
0.0745692 -0.371671 2.21069
0.0745422 -0.669142 2.37818
0.110202 -0.74183 2.32312
-0.0139455 0.412901 2.00148
-0.281321 -0.195489 2.00389
-0.302621 -0.111772 1.986
0.213675 -0.186382 2.12967
0.163019 -0.130273 2.07894
0.019929 -0.0538628 2.28252
0.0179336 0.236849 2.2289
0.0158553 0.517639 2.163
0.0431666 0.647874 2.10504
-0.138056 0.41207 2.1524
-0.208802 0.16644 2.20564
-0.261159 -0.0468165 2.21268
-0.26512 -0.0565333 2.22115
0.17784 0.412651 2.19955
0.217668 0.171052 2.27782
0.23702 -0.0476576 2.28644
0.228693 -0.0961318 2.31084
-0.0530075 -0.0511356 2.23751
-0.101767 -0.352571 2.20691
-0.139636 -0.63695 2.35852
-0.163751 -0.722227 2.27451
0.0921897 -0.0548909 2.25486
0.0904342 -0.335332 2.34754
0.0766241 -0.644341 2.41446
0.0993471 -0.729229 2.34027
0.0163869 0.448879 2.18167
-0.285568 -0.125443 2.22778
-0.300173 -0.0422787 2.20681
0.226972 -0.134871 2.32948
0.198237 -0.0959662 2.2933
-0.0591325 -0.0506121 2.31687
-0.0628618 0.235172 2.25946
-0.0663362 0.511272 2.18945
-0.0487425 0.639878 2.1198
-0.224779 0.415068 2.19546
-0.28782 0.173193 2.2827
-0.355981 -0.0279375 2.32795
-0.368526 -0.0569046 2.33575
0.097416 0.419363 2.21663
0.143593 0.176216 2.29492
0.162153 -0.0435518 2.28736
0.161008 -0.0685929 2.28891
-0.13154 -0.0527997 2.27692
-0.15222 -0.324033 2.36074
-0.142996 -0.645742 2.46296
-0.150752 -0.724381 2.37923
0.0150384 -0.046881 2.28416
0.0401884 -0.347454 2.24495
0.0708592 -0.659344 2.30225
0.108008 -0.73377 2.22585
-0.0655313 0.443645 2.20919
-0.379561 -0.121973 2.36637
-0.394278 -0.0469851 2.31286
0.161407 -0.138724 2.31156
0.128194 -0.0762924 2.25233
-0.0596601 -0.101913 2.18625
-0.061036 0.188028 2.13852
-0.0619719 0.468095 2.07799
-0.0503766 0.602585 2.01593
-0.223407 0.361459 2.08526
-0.266799 0.105372 2.14641
-0.290824 -0.112742 2.1537
-0.299313 -0.1424 2.1422
0.100476 0.372135 2.08702
0.158769 0.119505 2.15437
0.191308 -0.0981489 2.13014
0.193498 -0.146867 2.13677
-0.133998 -0.103472 2.15312
-0.138673 -0.349732 2.30153
-0.144793 -0.641438 2.4561
-0.151745 -0.723974 2.38382
0.0167143 -0.097004 2.14664
0.0778181 -0.391478 2.03621
0.126365 -0.689086 1.97716
0.138893 -0.747766 1.86519
-0.0618111 0.399504 2.09537
-0.304014 -0.200786 2.16527
-0.313658 -0.134137 2.10106
0.197402 -0.188925 2.15646
0.16018 -0.143938 2.0955
0.0194772 -0.112526 1.93992
0.0186735 0.17858 1.9028
0.0177521 0.458342 1.85253
0.0141103 0.597431 1.79067
-0.14961 0.356064 1.89135
-0.180657 0.0951056 1.95747
-0.213125 -0.122722 1.95682
-0.213711 -0.131432 1.93919
0.175763 0.357045 1.83349
0.23673 0.110246 1.89214
0.264117 -0.108689 1.87451
0.26214 -0.129097 1.8664
-0.0545441 -0.109491 1.914
-0.100709 -0.377347 1.86714
-0.127599 -0.656503 2.07953
-0.175171 -0.741699 2.04688
0.092793 -0.111382 1.89317
0.117046 -0.415849 1.87951
0.131108 -0.746347 1.92321
0.145809 -0.81307 1.82458
0.0180031 0.390011 1.86733
-0.219807 -0.199577 1.9414
-0.24386 -0.111533 1.92653
0.268391 -0.204018 1.88562
0.214872 -0.13167 1.84364
-0.0271596 -0.114298 1.87726
-0.0319724 0.178243 1.83887
-0.037194 0.459057 1.78688
-0.025927 0.595451 1.71717
-0.201147 0.35695 1.78935
-0.257105 0.109122 1.85193
-0.303701 -0.106459 1.83583
-0.308842 -0.116839 1.82309
0.124462 0.360009 1.79648
0.166846 0.109664 1.87076
0.185152 -0.110422 1.8616
0.17901 -0.118598 1.87125
-0.100442 -0.112386 1.84059
-0.140419 -0.428212 1.84266
-0.162675 -0.763344 1.89055
-0.161606 -0.820858 1.795
0.0465262 -0.111629 1.84162
0.0874582 -0.425022 1.85959
0.123428 -0.749735 1.9206
0.14487 -0.814244 1.83361
-0.0358868 0.390531 1.80217
-0.312506 -0.188134 1.82027
-0.345212 -0.11225 1.81457
0.188738 -0.186094 1.87765
0.140983 -0.125595 1.82814
-0.0188464 -0.108876 1.99438
-0.0197894 0.182586 1.95664
-0.0205672 0.463103 1.90584
0.00165928 0.597244 1.83767
-0.180077 0.358206 1.88336
-0.248879 0.118327 1.94331
-0.303662 -0.0935229 1.95763
-0.30644 -0.111851 1.96267
0.144301 0.364051 1.94489
0.173451 0.114998 2.02198
0.188355 -0.103864 2.03343
0.189099 -0.13746 2.04329
-0.0923538 -0.10445 1.94521
-0.147333 -0.427857 1.89301
-0.167288 -0.762234 1.89484
-0.161652 -0.822332 1.79717
0.055307 -0.109413 1.97097
0.0835372 -0.378599 2.11753
0.0988542 -0.651606 2.3384
0.127161 -0.734378 2.31992
-0.0204 0.394536 1.92078
-0.315849 -0.179403 1.9694
-0.335412 -0.0981186 1.94484
0.201528 -0.190415 2.04776
0.151472 -0.136465 2.00113
0.046205 -0.065947 2.22739
0.055101 0.224068 2.17759
0.0636467 0.504101 2.11537
0.0818763 0.634336 2.04955
-0.0965957 0.404409 2.10653
-0.170657 0.152242 2.16065
-0.21864 -0.0625503 2.1619
-0.215052 -0.0719493 2.17317
0.221889 0.395964 2.13594
0.255235 0.146202 2.20923
0.244213 -0.0739795 2.18773
0.259023 -0.107339 2.23597
-0.0282315 -0.0594248 2.18505
-0.0992275 -0.360476 2.14048
-0.166802 -0.66473 2.26633
-0.195801 -0.733398 2.18555
0.119076 -0.0703152 2.19709
0.11529 -0.338681 2.30067
0.106475 -0.644023 2.39241
0.12403 -0.732667 2.32698
0.0615891 0.435536 2.13314
-0.23319 -0.135959 2.18368
-0.25759 -0.0722218 2.1658
0.271329 -0.144848 2.24528
0.212169 -0.114578 2.20918
-0.0222988 -0.0535545 2.29117
-0.0181632 0.237995 2.22745
-0.0143342 0.519747 2.15106
0.00167635 0.65518 2.09471
-0.176737 0.414155 2.15432
-0.240563 0.159865 2.23219
-0.275606 -0.0557865 2.24915
-0.278865 -0.056888 2.2537
0.145333 0.412515 2.17048
0.186065 0.166574 2.24534
0.19453 -0.0536599 2.24354
0.188322 -0.064278 2.25231
-0.0958765 -0.0521339 2.25377
-0.143046 -0.326893 2.34531
-0.160344 -0.641626 2.41952
-0.175478 -0.73095 2.33507
0.0519771 -0.0532943 2.25592
0.0898495 -0.328654 2.34176
0.104806 -0.638048 2.40338
0.123791 -0.730538 2.32843
-0.0152653 0.450742 2.17239
-0.299739 -0.123859 2.26605
-0.317071 -0.0344427 2.22838
0.192806 -0.136856 2.27401
0.153686 -0.075462 2.2238
