-0.0299361 -0.0629105 2.27485
-0.0318264 0.240268 2.24677
-0.0341954 0.532792 2.20572
-0.0253411 0.677609 2.18494
-0.18956 0.404646 2.19537
-0.239903 0.156813 2.22527
-0.255873 -0.0626463 2.19843
-0.249322 -0.0838151 2.19768
0.130297 0.416158 2.21367
0.18091 0.16023 2.25666
0.19083 -0.0578994 2.21379
0.185984 -0.0731755 2.2118
-0.102883 -0.0611681 2.23632
-0.134566 -0.335922 2.31735
-0.157584 -0.653163 2.38422
-0.164313 -0.741526 2.30567
0.0438883 -0.0626052 2.24072
0.0671001 -0.342311 2.33196
0.0763587 -0.645602 2.40007
0.0918397 -0.735499 2.33063
-0.0336104 0.461135 2.21825
-0.254625 -0.152679 2.21
-0.205863 -0.0886996 2.17924
0.190751 -0.14699 2.21796
0.148206 -0.0857998 2.19923
-0.0300919 -0.0630439 2.27436
-0.0325735 0.239735 2.24574
-0.0353823 0.531951 2.20426
-0.0276277 0.677168 2.18299
-0.190267 0.403653 2.1932
-0.240477 0.155334 2.22383
-0.255301 -0.0641788 2.19667
-0.249084 -0.0841513 2.1958
0.128599 0.415781 2.21174
0.18009 0.160597 2.25491
0.190226 -0.0574687 2.21169
0.186334 -0.072764 2.21177
-0.103028 -0.0614002 2.23604
-0.135135 -0.335937 2.31693
-0.15742 -0.653247 2.38496
-0.164336 -0.741188 2.30599
0.0437351 -0.0626045 2.23982
0.066723 -0.341139 2.33032
0.0762133 -0.646029 2.39964
0.0919252 -0.735446 2.32933
-0.0347013 0.460361 2.21688
-0.256346 -0.154022 2.20758
-0.206517 -0.0827287 2.17722
0.190273 -0.147197 2.22108
0.147326 -0.0799736 2.19266
-0.0300067 -0.06335 2.27319
-0.0328541 0.239395 2.24466
-0.0358828 0.53171 2.20327
-0.0278292 0.676543 2.18224
-0.190693 0.403013 2.19198
-0.240292 0.15483 2.22271
-0.254789 -0.0646311 2.19456
-0.249091 -0.0844765 2.19491
0.128626 0.415341 2.2113
0.179931 0.161046 2.25405
0.190127 -0.0570064 2.21074
0.18523 -0.0728334 2.21199
-0.102893 -0.0618182 2.23493
-0.133708 -0.335679 2.31404
-0.157194 -0.65293 2.38478
-0.164216 -0.741241 2.30654
0.0437901 -0.0628186 2.2386
0.0676212 -0.342959 2.33153
0.0763961 -0.645854 2.39956
0.0916592 -0.735341 2.33002
-0.0351408 0.460089 2.21586
-0.255118 -0.152205 2.2031
-0.205994 -0.0847687 2.1749
0.190653 -0.147199 2.22365
0.147081 -0.0854742 2.19749
-0.0418948 -0.0631843 2.26815
-0.0481569 0.238501 2.23342
-0.0540839 0.529721 2.1855
-0.0406722 0.674935 2.16269
-0.204537 0.403112 2.17328
-0.256348 0.152969 2.2094
-0.267334 -0.0670567 2.18661
-0.267172 -0.0854837 2.18531
0.112548 0.415895 2.19864
0.163318 0.163032 2.24862
0.177476 -0.0554154 2.20975
0.166376 -0.0715401 2.21095
-0.114195 -0.0625934 2.2295
-0.141174 -0.338408 2.31195
-0.158653 -0.65337 2.3843
-0.164647 -0.74192 2.30501
0.0317169 -0.0617353 2.23411
0.0587824 -0.346103 2.33303
0.0750188 -0.646288 2.39962
0.0920441 -0.735773 2.32988
-0.0526715 0.458394 2.19974
-0.276145 -0.154733 2.19776
-0.218566 -0.0957406 2.16848
0.170066 -0.140247 2.21377
0.132626 -0.0783567 2.19156
-0.0748486 -0.0705371 2.24314
-0.0802333 0.226926 2.19992
-0.0845349 0.513838 2.14336
-0.0721148 0.652569 2.10364
-0.234836 0.392078 2.13235
-0.286017 0.140046 2.17884
-0.29727 -0.0801517 2.17145
-0.298658 -0.0931939 2.17195
0.0815474 0.411106 2.17353
0.13151 0.151479 2.23232
0.1501 -0.0663185 2.1913
0.135869 -0.0770258 2.18222
-0.146873 -0.0734288 2.20031
-0.161189 -0.346394 2.28947
-0.162968 -0.656125 2.38634
-0.164772 -0.734204 2.30016
-0.000397225 -0.0655073 2.21309
0.0366783 -0.366673 2.1713
0.0588072 -0.668257 2.25661
0.105835 -0.740723 2.18164
-0.0836103 0.443597 2.15977
-0.309252 -0.168403 2.18521
-0.250828 -0.0962607 2.15052
0.136208 -0.146209 2.18664
0.103709 -0.0779406 2.151
-0.0134111 -0.117215 2.0496
-0.00862569 0.176113 2.00814
-0.00397788 0.458894 1.95362
0.0212912 0.593822 1.90009
-0.157807 0.350635 1.94531
-0.229825 0.0990536 2.00288
-0.251455 -0.119903 2.00538
-0.245684 -0.129606 1.99566
0.159228 0.355065 1.99583
0.193453 0.103531 2.06823
0.226082 -0.114238 2.06573
0.230523 -0.15244 2.07089
-0.0880663 -0.115984 2.00562
-0.114172 -0.402004 2.08143
-0.154871 -0.653838 2.32163
-0.17101 -0.73969 2.28653
0.0616688 -0.114287 2.021
0.110313 -0.420157 1.95591
0.144614 -0.741762 1.96667
0.15779 -0.802886 1.87001
-0.00512275 0.389714 1.9695
-0.247623 -0.204265 2.01422
-0.201555 -0.125456 1.98162
0.232039 -0.210644 2.08597
0.20094 -0.141595 2.02186
-0.00679712 -0.120595 1.90689
-0.0073666 0.171194 1.87041
-0.00754382 0.451601 1.82036
0.0155684 0.588552 1.75347
-0.164437 0.352415 1.82571
-0.22138 0.107596 1.89224
-0.244862 -0.111892 1.87953
-0.249075 -0.136183 1.86873
0.157586 0.350236 1.83998
0.198727 0.0995714 1.9084
0.21995 -0.119852 1.88589
0.210563 -0.142099 1.88969
-0.0816438 -0.116557 1.86872
-0.130137 -0.439136 1.84825
-0.180188 -0.7665 1.90101
-0.184376 -0.819644 1.80424
0.068318 -0.12008 1.87222
0.10217 -0.430962 1.86956
0.140834 -0.749787 1.94721
0.159024 -0.814582 1.8681
-0.00750343 0.383121 1.83509
-0.252125 -0.204533 1.87563
-0.205035 -0.130258 1.82227
0.214286 -0.21473 1.89834
0.176894 -0.143985 1.858
-0.0453956 -0.115693 1.96934
-0.0511885 0.173803 1.92764
-0.0567497 0.452466 1.87352
-0.0338387 0.582809 1.80165
-0.211393 0.349944 1.86862
-0.276312 0.103409 1.93352
-0.303071 -0.115488 1.92577
-0.302619 -0.123349 1.93266
0.105611 0.356574 1.90616
0.143487 0.105595 1.99127
0.171293 -0.11292 1.9912
0.16979 -0.123189 1.99907
-0.119248 -0.115119 1.92464
-0.159146 -0.429386 1.87701
-0.180699 -0.763633 1.89834
-0.183832 -0.819383 1.80086
0.0300985 -0.112003 1.94144
0.0762436 -0.380902 1.96294
0.108475 -0.615459 2.22029
0.150155 -0.71831 2.22042
-0.0554161 0.384357 1.88923
-0.312505 -0.196235 1.9323
-0.252002 -0.128901 1.90514
0.175152 -0.193982 2.01263
0.13386 -0.125482 1.94246
0.0275309 -0.0827358 2.23734
0.0295513 0.20185 2.17394
0.0311539 0.476818 2.09808
0.0531383 0.601932 2.02317
-0.121531 0.381905 2.09328
-0.186705 0.136403 2.16298
-0.220439 -0.0793956 2.18057
-0.220438 -0.107054 2.19054
0.194194 0.381422 2.13682
0.24288 0.134708 2.22598
0.274362 -0.0794323 2.25472
0.275071 -0.126952 2.27222
-0.0476723 -0.0765048 2.1942
-0.113267 -0.378644 2.08611
-0.169998 -0.690264 2.0921
-0.194679 -0.747503 1.98785
0.101802 -0.0862878 2.20786
0.104833 -0.34713 2.3344
0.093492 -0.646185 2.43305
0.112218 -0.729233 2.38322
0.030813 0.409485 2.11926
-0.21922 -0.150395 2.20869
-0.186804 -0.107372 2.14959
0.285374 -0.170218 2.28935
0.244821 -0.127723 2.25893
-0.00577927 -0.0679143 2.28642
-0.00600212 0.219544 2.22678
-0.00639107 0.497643 2.15446
0.0152589 0.625635 2.08365
-0.160838 0.401626 2.15828
-0.227448 0.150171 2.22819
-0.260017 -0.0657456 2.24593
-0.264832 -0.0713175 2.25192
0.155258 0.397549 2.18442
0.195345 0.144315 2.26822
0.205687 -0.075744 2.26503
0.199466 -0.0898062 2.26404
-0.0798851 -0.0650093 2.24593
-0.114264 -0.355015 2.29738
-0.135637 -0.650319 2.41928
-0.158955 -0.728093 2.34606
0.0683383 -0.0687181 2.25441
0.0869852 -0.335476 2.35135
0.0942618 -0.638248 2.44864
0.112915 -0.722062 2.37898
-0.00628818 0.429501 2.17479
-0.277075 -0.146059 2.2746
-0.216855 -0.0839951 2.2134
0.208452 -0.161753 2.28757
0.164771 -0.0978018 2.24206
-0.0594626 -0.0988597 2.19225
-0.0562441 0.191164 2.13789
-0.0527945 0.471197 2.07065
-0.0376637 0.607646 2.00842
-0.208812 0.364238 2.06237
-0.264447 0.112894 2.13009
-0.28981 -0.102094 2.15875
-0.292074 -0.133061 2.15502
0.107202 0.37463 2.09821
0.15774 0.124999 2.16276
0.181378 -0.0932216 2.1302
0.179504 -0.128696 2.11628
-0.133444 -0.100693 2.15039
-0.13654 -0.344674 2.29517
-0.138574 -0.649034 2.42558
-0.156782 -0.7306 2.3505
0.0164547 -0.0936546 2.16151
0.0812735 -0.389309 2.05215
0.142146 -0.699182 1.99624
0.162307 -0.754986 1.90378
-0.0537038 0.402635 2.08972
-0.300409 -0.188768 2.17444
-0.24988 -0.129513 2.15724
0.197447 -0.175775 2.11151
0.148097 -0.121976 2.07997
0.0191332 -0.117127 1.93519
0.0297729 0.174778 1.89454
0.0399707 0.455373 1.84071
0.0399412 0.593916 1.78173
-0.12198 0.350079 1.86837
-0.168102 0.101847 1.92924
-0.202153 -0.116145 1.91785
-0.198846 -0.133215 1.90405
0.196609 0.347845 1.82524
0.252451 0.108159 1.8684
0.247962 -0.111433 1.83255
0.242439 -0.140199 1.82518
-0.0563098 -0.111614 1.90777
-0.101982 -0.368483 1.90373
-0.110051 -0.608528 2.15818
-0.159296 -0.69958 2.17827
0.0938246 -0.118406 1.88982
0.12904 -0.426174 1.85539
0.156286 -0.759356 1.87435
0.166707 -0.81979 1.78474
0.0374961 0.386839 1.85641
-0.206261 -0.20438 1.91404
-0.160763 -0.141279 1.87784
0.234577 -0.212836 1.83534
0.197863 -0.138841 1.802
-0.00820822 -0.124066 1.85114
-0.00582183 0.168026 1.81613
-0.00410745 0.44826 1.76811
-0.0119477 0.585025 1.69846
-0.167404 0.347104 1.80019
-0.207893 0.100293 1.87299
-0.239485 -0.117494 1.87718
-0.258854 -0.144712 1.87123
0.1462 0.34619 1.75281
0.205914 0.0971953 1.80012
0.22232 -0.122298 1.76954
0.20849 -0.14033 1.77002
-0.0835538 -0.121019 1.82291
-0.126986 -0.433999 1.82267
-0.169379 -0.761069 1.89764
-0.183242 -0.81686 1.80552
0.0674254 -0.12237 1.80644
0.118203 -0.431983 1.82501
0.155427 -0.75916 1.87228
0.167505 -0.821353 1.78814
-0.00448179 0.379878 1.78231
-0.287683 -0.208638 1.88139
-0.224102 -0.161334 1.84179
0.205198 -0.215313 1.7751
0.169984 -0.135984 1.74948
-0.0599444 -0.114908 1.89517
-0.0640832 0.175951 1.86511
-0.0676977 0.455437 1.82248
-0.076029 0.589995 1.75131
-0.232241 0.3492 1.83061
-0.28049 0.105352 1.8857
-0.319753 -0.111538 1.86608
-0.324896 -0.123924 1.87184
0.0869981 0.357356 1.8199
0.144973 0.112545 1.88511
0.167107 -0.1072 1.87206
0.162814 -0.11271 1.88205
-0.133762 -0.114552 1.86086
-0.163953 -0.425044 1.84518
-0.174521 -0.759718 1.89698
-0.183105 -0.819631 1.80865
0.0161813 -0.110856 1.85692
0.067365 -0.397316 1.91229
0.122336 -0.650528 2.14842
0.16272 -0.739746 2.14648
-0.0668893 0.387179 1.83532
-0.345634 -0.195302 1.86881
-0.268935 -0.113839 1.85091
0.169662 -0.192488 1.8885
0.120136 -0.111961 1.84185
0.026379 -0.102242 2.16726
0.0328357 0.184152 2.11155
0.0387349 0.460662 2.04339
0.0348804 0.58732 1.96809
-0.12541 0.364397 2.05129
-0.187131 0.117641 2.12293
-0.229909 -0.0947571 2.1506
-0.233942 -0.126672 2.16259
0.189541 0.364954 2.05913
0.235656 0.115144 2.12311
0.238996 -0.105349 2.11463
0.246692 -0.126206 2.1334
-0.048188 -0.0959091 2.12886
-0.114748 -0.393523 2.02716
-0.159621 -0.695567 1.98887
-0.172974 -0.747559 1.875
0.100034 -0.105197 2.13333
0.098428 -0.359318 2.27867
0.0880415 -0.6531 2.40402
0.115303 -0.735972 2.34923
0.0373503 0.392966 2.06262
-0.257911 -0.178965 2.17465
-0.208221 -0.144968 2.15329
0.256162 -0.199217 2.14953
0.196226 -0.110333 2.0975
0.00709816 -0.0706837 2.26166
0.016822 0.218381 2.20795
0.0260874 0.497721 2.14181
0.0334939 0.631162 2.07594
-0.135128 0.400124 2.14306
-0.203725 0.156957 2.20243
-0.248706 -0.0575924 2.21338
-0.25636 -0.0745096 2.21974
0.181785 0.392837 2.15716
0.219527 0.139439 2.21728
0.229388 -0.0801499 2.22274
0.222683 -0.0978545 2.22596
-0.066631 -0.0663304 2.22352
-0.123506 -0.354365 2.27412
-0.159291 -0.644398 2.41629
-0.18881 -0.726498 2.36356
0.0805612 -0.0727744 2.22719
0.0984812 -0.330834 2.32873
0.0918596 -0.642535 2.42336
0.112413 -0.732585 2.36048
0.0238353 0.429299 2.16056
-0.281246 -0.143462 2.23821
-0.20734 -0.0849893 2.20425
0.228972 -0.177109 2.25117
0.186581 -0.0967482 2.21078
-0.0860128 -0.0811035 2.21813
-0.0733335 0.208443 2.16447
-0.060548 0.488133 2.09812
-0.0498141 0.624022 2.04193
-0.222778 0.382146 2.10081
-0.287815 0.134409 2.17504
-0.319711 -0.0764263 2.21794
-0.326383 -0.0847994 2.21676
0.0967724 0.379952 2.11007
0.134222 0.129576 2.15231
0.146676 -0.0878624 2.10582
0.141324 -0.0995356 2.09762
-0.159629 -0.0804142 2.18095
-0.160809 -0.340711 2.30604
-0.163752 -0.641754 2.43026
-0.185249 -0.727042 2.37129
-0.00956652 -0.0791254 2.18266
0.0368957 -0.375476 2.07405
0.0786513 -0.694711 2.10001
0.119141 -0.758301 2.01953
-0.0637746 0.419643 2.11694
-0.343851 -0.146923 2.2596
-0.281016 -0.111914 2.2014
0.141127 -0.175453 2.10166
0.0997192 -0.0966931 2.07
-0.00827108 -0.126734 1.95078
0.00248875 0.165838 1.91742
0.0130509 0.447234 1.87091
0.020865 0.583615 1.80933
-0.145401 0.345931 1.87647
-0.203974 0.108892 1.92759
-0.250748 -0.106447 1.90619
-0.24626 -0.128406 1.88444
0.169622 0.338247 1.86692
0.215454 0.0891786 1.90201
0.226968 -0.128509 1.85594
0.231932 -0.148875 1.85261
-0.0824784 -0.124119 1.91596
-0.11512 -0.375733 1.97891
-0.142758 -0.602065 2.24363
-0.14434 -0.652415 2.11845
0.0663074 -0.124661 1.91301
0.103529 -0.429475 1.85215
0.127474 -0.75681 1.85466
0.139343 -0.823178 1.75867
0.0104468 0.378468 1.88478
-0.254499 -0.199514 1.88102
-0.212574 -0.123704 1.87858
0.23502 -0.219903 1.86532
0.187287 -0.159252 1.82141
0.00456384 -0.125019 1.83403
0.0100809 0.166826 1.79846
0.0152502 0.446673 1.74907
0.00700644 0.585751 1.68163
-0.148701 0.345651 1.7854
-0.185466 0.0953928 1.85677
-0.221474 -0.122091 1.85476
-0.221094 -0.130586 1.84674
0.164857 0.344232 1.72974
0.227056 0.0981137 1.76345
0.25234 -0.120667 1.73451
0.24819 -0.140575 1.7234
-0.0699237 -0.121632 1.80754
-0.119186 -0.438398 1.78663
-0.173226 -0.763735 1.87332
-0.193265 -0.817813 1.78163
0.078907 -0.123543 1.78776
0.113238 -0.433024 1.79097
0.1276 -0.762645 1.85636
0.142178 -0.828507 1.76401
0.0140114 0.378408 1.7637
-0.207522 -0.204422 1.85329
-0.185301 -0.111649 1.78854
0.252306 -0.208328 1.72077
0.215525 -0.162676 1.72529
-0.0638558 -0.118578 1.84813
-0.0633914 0.171134 1.80909
-0.0625304 0.449542 1.75741
-0.0607036 0.587556 1.68851
-0.223411 0.345212 1.76732
-0.279982 0.105245 1.82884
-0.313017 -0.112877 1.82283
-0.319899 -0.12741 1.82579
0.0890679 0.350011 1.76482
0.138502 0.10411 1.83005
0.161178 -0.115432 1.80866
0.157454 -0.127323 1.81884
-0.137252 -0.118361 1.81198
-0.162953 -0.434715 1.80551
-0.176118 -0.763869 1.86144
-0.193178 -0.822139 1.77389
0.0121347 -0.113992 1.81186
0.0518714 -0.417729 1.78591
0.100376 -0.73196 1.942
0.145996 -0.794922 1.88184
-0.0628079 0.381575 1.7725
-0.324907 -0.199928 1.82771
-0.265799 -0.129164 1.81112
0.166093 -0.201452 1.82437
0.114895 -0.134565 1.773
-0.014701 -0.124615 2.07126
-0.0139236 0.163162 2.02586
-0.0136622 0.440864 1.96927
-0.0198377 0.570327 1.89611
-0.175 0.336495 1.97982
-0.218409 0.0835496 2.05171
-0.248762 -0.133046 2.06574
-0.246157 -0.141671 2.07816
0.142817 0.349643 1.98084
0.209603 0.102657 2.05087
0.247021 -0.114152 2.02605
0.255597 -0.135541 2.03662
-0.0888818 -0.118479 2.03292
-0.122876 -0.424978 1.9495
-0.164209 -0.729248 1.89303
-0.174333 -0.782693 1.771
0.0600216 -0.126713 2.03748
0.0828942 -0.375561 2.20821
0.083014 -0.660963 2.38198
0.119104 -0.734452 2.33097
-0.013753 0.372908 1.98549
-0.241183 -0.210407 2.09013
-0.212073 -0.140562 2.04707
0.265528 -0.209212 2.054
0.219896 -0.138991 2.03276
0.0120294 -0.0694429 2.25394
0.00931992 0.210895 2.18933
0.00661907 0.482219 2.11266
0.0110872 0.602132 2.03222
-0.150467 0.387252 2.11755
-0.20408 0.137934 2.18767
-0.232635 -0.0773022 2.2134
-0.237437 -0.0840266 2.2223
0.16402 0.392984 2.13466
0.223591 0.151876 2.21852
0.250625 -0.0666021 2.21855
0.248024 -0.0800137 2.2256
-0.0618589 -0.0669015 2.2161
-0.110436 -0.359478 2.23867
-0.150228 -0.654472 2.40712
-0.174968 -0.731685 2.33039
0.0854677 -0.0697427 2.2192
0.0986947 -0.325971 2.33225
0.0906551 -0.643602 2.42889
0.112749 -0.732779 2.35943
0.00729399 0.415738 2.13403
-0.243701 -0.153337 2.24467
-0.197847 -0.0930802 2.18033
0.266863 -0.158766 2.24641
0.216325 -0.0962451 2.21521
-0.0682242 -0.0727328 2.23334
-0.0710919 0.210033 2.17088
-0.0734454 0.483217 2.09577
-0.0621445 0.60893 2.02017
-0.231213 0.381552 2.10066
-0.284549 0.136147 2.17346
-0.32799 -0.0744811 2.20852
-0.329357 -0.0950903 2.20603
0.088706 0.391912 2.11482
0.142693 0.142738 2.18616
0.165738 -0.0753764 2.15123
0.163097 -0.0883726 2.1386
-0.141357 -0.0757296 2.1939
-0.149723 -0.33299 2.30788
-0.151418 -0.648593 2.42621
-0.165032 -0.734251 2.35523
0.00715969 -0.0673715 2.2
0.0628936 -0.363011 2.11432
0.0972886 -0.694971 2.14891
0.139771 -0.751465 2.06836
-0.0729465 0.416325 2.11678
-0.340875 -0.166126 2.23795
-0.292229 -0.0810024 2.22
0.173854 -0.166903 2.148
0.12646 -0.0883804 2.11
0.00234577 -0.128804 1.98144
0.00436919 0.162304 1.94895
0.00622898 0.442537 1.90316
0.0155155 0.576299 1.83504
-0.148738 0.333225 1.90116
-0.19853 0.0826927 1.96155
-0.230363 -0.130599 1.99453
-0.231159 -0.150107 1.98506
0.170547 0.34355 1.91165
0.216562 0.0921985 1.95063
0.241077 -0.119678 1.88312
0.243688 -0.13932 1.87568
-0.0721791 -0.12856 1.94489
-0.104569 -0.384793 2.02091
-0.142743 -0.614132 2.28188
-0.137706 -0.664483 2.1567
0.0767479 -0.12436 1.9454
0.118199 -0.429442 1.87179
0.143944 -0.754389 1.88137
0.157567 -0.818888 1.78613
0.00578971 0.374025 1.91686
-0.234523 -0.220257 2.00928
-0.186191 -0.146623 1.96171
0.256085 -0.202831 1.86963
0.197413 -0.14144 1.85542
0.0153676 -0.120679 1.85687
0.0223835 0.168362 1.82052
0.0295448 0.445834 1.77026
0.0254364 0.582725 1.70073
-0.134015 0.347699 1.80052
-0.174271 0.100879 1.8723
-0.2018 -0.116271 1.88844
-0.213639 -0.144995 1.88531
0.181892 0.34495 1.75782
0.242874 0.0995496 1.79947
0.270476 -0.118442 1.76592
0.264862 -0.138119 1.75984
-0.0598991 -0.115964 1.82932
-0.105149 -0.442643 1.79769
-0.153282 -0.760989 1.88505
-0.166993 -0.816318 1.79239
0.0900387 -0.120713 1.81158
0.1231 -0.433632 1.80539
0.140893 -0.755686 1.87323
0.159641 -0.824146 1.78905
0.0278671 0.378141 1.78504
-0.209377 -0.212672 1.91132
-0.186895 -0.150407 1.84614
0.275936 -0.207814 1.7595
0.229183 -0.155165 1.7471
-0.0328885 -0.11315 1.89224
-0.0334421 0.172929 1.84729
-0.0344116 0.447749 1.78927
-0.0268591 0.580371 1.71634
-0.193476 0.347815 1.7933
-0.250979 0.102298 1.85844
-0.286372 -0.114367 1.86812
-0.296639 -0.127698 1.87859
0.122913 0.351262 1.81019
0.165964 0.10055 1.88312
0.187953 -0.118721 1.85783
0.184115 -0.128359 1.86724
-0.107105 -0.112844 1.85365
-0.136725 -0.434263 1.83591
-0.151307 -0.760439 1.88147
-0.165653 -0.820895 1.79383
0.0426243 -0.109065 1.85835
0.0796782 -0.4073 1.83867
0.112675 -0.687422 2.04872
0.160278 -0.766602 2.01563
-0.0341973 0.380663 1.80601
-0.312151 -0.197525 1.8901
-0.237675 -0.110078 1.83835
0.197818 -0.197029 1.87028
0.14351 -0.150614 1.834
0.0285404 -0.109336 2.13343
0.0385052 0.176094 2.07725
0.0480215 0.451981 2.00924
0.044772 0.581317 1.93604
-0.115511 0.35628 2.0165
-0.179544 0.107091 2.08604
-0.227419 -0.105514 2.10608
-0.220965 -0.136031 2.11732
0.201256 0.354194 2.02544
0.244306 0.106701 2.08443
0.247334 -0.113615 2.06268
0.25248 -0.132127 2.07308
-0.0449635 -0.100984 2.09506
-0.113149 -0.419325 2.01632
-0.160316 -0.735081 1.94227
-0.168277 -0.765939 1.82823
0.101079 -0.113965 2.09921
0.101308 -0.36109 2.26092
0.0885778 -0.653778 2.39735
0.118314 -0.735659 2.34428
0.0456893 0.384433 2.02842
-0.217113 -0.180062 2.12397
-0.192043 -0.136154 2.08453
0.271139 -0.207383 2.07829
0.20295 -0.127206 2.05793
0.00337448 -0.0715199 2.23229
0.0123427 0.21436 2.18074
0.0209353 0.490643 2.11684
0.0299784 0.619271 2.04329
-0.139073 0.392066 2.11608
-0.206095 0.141694 2.17864
-0.245269 -0.0728233 2.19842
-0.250049 -0.0812401 2.20649
0.177159 0.386217 2.13053
0.223638 0.137108 2.1928
0.24322 -0.0823385 2.18921
0.239673 -0.0953872 2.19218
-0.0700362 -0.0662298 2.19383
-0.130924 -0.357636 2.22624
-0.172796 -0.649278 2.36745
-0.199 -0.731674 2.3118
0.076471 -0.0744556 2.1982
0.0978292 -0.334922 2.30889
0.0899722 -0.641663 2.41564
0.113627 -0.733516 2.35422
0.0188392 0.422973 2.13503
-0.263036 -0.144977 2.22594
-0.204059 -0.0837717 2.15647
0.256443 -0.169211 2.20787
0.207651 -0.100248 2.18444
-0.0860932 -0.0754768 2.21064
-0.083616 0.209677 2.1576
-0.0807579 0.485043 2.0918
-0.0688533 0.614672 2.01963
-0.240057 0.379719 2.09053
-0.293778 0.128367 2.15604
-0.312023 -0.0875459 2.18416
-0.318138 -0.119529 2.18418
0.0811998 0.386729 2.10516
0.129885 0.134008 2.16598
0.151414 -0.0835094 2.1249
0.15044 -0.0918755 2.11558
-0.159082 -0.0776915 2.17219
-0.166061 -0.342851 2.28635
-0.172548 -0.647371 2.39403
-0.195523 -0.731955 2.33245
-0.0102818 -0.070806 2.17632
0.0426984 -0.364211 2.06676
0.0831889 -0.697769 2.08239
0.123825 -0.758339 2.00837
-0.0815483 0.417621 2.1105
-0.325991 -0.174516 2.21385
-0.272271 -0.125083 2.17016
0.158165 -0.164474 2.11821
0.109352 -0.0962356 2.08293
-0.0201044 -0.131183 1.97026
-0.0159112 0.156154 1.92922
-0.011851 0.43252 1.87558
0.00655191 0.562517 1.80315
-0.165169 0.331505 1.8744
-0.218716 0.081749 1.93073
-0.243335 -0.135267 1.9486
-0.243066 -0.154599 1.93844
0.154865 0.331348 1.89099
0.200027 0.0859618 1.9489
0.213037 -0.12786 1.88479
0.217779 -0.150161 1.8752
-0.0949249 -0.130115 1.93216
-0.126088 -0.39194 2.04138
-0.164128 -0.628391 2.29627
-0.19616 -0.729213 2.30336
0.0554788 -0.127436 1.93565
0.0997917 -0.426173 1.84385
0.125647 -0.757164 1.85367
0.137144 -0.821907 1.75838
-0.0128442 0.364981 1.89116
-0.24678 -0.228383 1.96168
-0.198295 -0.164917 1.9452
0.220295 -0.222152 1.88298
0.175941 -0.148991 1.83667
0.00416262 -0.119511 1.84118
0.00943275 0.165681 1.79861
0.014252 0.439116 1.74191
0.0174937 0.570094 1.66691
-0.146111 0.345957 1.77384
-0.187698 0.0982222 1.85267
-0.217644 -0.119989 1.85503
-0.224922 -0.14903 1.84434
0.169481 0.339485 1.734
0.228415 0.0976852 1.78884
0.24718 -0.121948 1.76267
0.239657 -0.142675 1.7583
-0.0700119 -0.114791 1.81314
-0.128238 -0.432468 1.7756
-0.182003 -0.762002 1.86682
-0.202359 -0.816771 1.77615
0.078217 -0.119581 1.79654
0.112802 -0.42731 1.79156
0.12661 -0.762669 1.85375
0.139179 -0.82732 1.76092
0.0131223 0.372424 1.7584
-0.225919 -0.217065 1.86433
-0.191873 -0.146144 1.80477
0.24937 -0.21902 1.76976
0.20206 -0.148543 1.75029
-0.0641705 -0.111581 1.88266
-0.0649045 0.17477 1.85173
-0.067518 0.449585 1.81196
-0.0520163 0.580687 1.73886
-0.223208 0.346444 1.80331
-0.284145 0.108542 1.85649
-0.323758 -0.108413 1.84974
-0.329356 -0.133548 1.85849
0.0948135 0.35082 1.82206
0.140586 0.100323 1.88611
0.16472 -0.118026 1.85226
0.161022 -0.135291 1.86178
-0.137132 -0.111085 1.84268
-0.169223 -0.44087 1.81602
-0.187082 -0.76789 1.85548
-0.201659 -0.824252 1.76494
0.0112706 -0.107783 1.85008
0.0595392 -0.389717 1.82964
0.0830458 -0.654361 2.05886
0.125 -0.754395 2.05664
-0.0668656 0.382537 1.82402
-0.342696 -0.203948 1.86332
-0.273664 -0.12452 1.8378
0.175847 -0.201145 1.8616
0.11902 -0.144045 1.82658
-0.00221801 -0.110033 2.14181
0.00308894 0.175639 2.09302
0.0081624 0.451374 2.03221
0.0117658 0.581795 1.9602
-0.153104 0.350208 2.03594
-0.21034 0.0987729 2.10883
-0.248737 -0.115366 2.13087
-0.246112 -0.14396 2.15025
0.165932 0.350043 2.04481
0.212451 0.10625 2.0988
0.208714 -0.112419 2.05841
0.21245 -0.131975 2.07029
-0.0744952 -0.102727 2.10541
-0.133704 -0.413057 2.00068
-0.185622 -0.723086 1.9194
-0.187499 -0.753702 1.80256
0.0702146 -0.113546 2.10568
0.074936 -0.36507 2.25266
0.0677325 -0.658055 2.40688
0.0963546 -0.734022 2.35262
0.00693576 0.383874 2.04959
-0.237063 -0.187111 2.15934
-0.217211 -0.130693 2.11354
0.230573 -0.210304 2.06928
0.17129 -0.133021 2.06506
-0.00636674 -0.0596632 2.26867
-0.000249425 0.2238 2.21458
0.00560531 0.497813 2.14818
0.0205281 0.627495 2.0787
-0.152878 0.401024 2.14532
-0.222817 0.156414 2.2065
-0.255807 -0.0602713 2.21819
-0.258496 -0.0743609 2.22828
0.162984 0.397009 2.17731
0.201524 0.148623 2.23759
0.211931 -0.0716611 2.22323
0.206781 -0.0860054 2.23007
-0.0781487 -0.0552521 2.22688
-0.12891 -0.354049 2.24511
-0.168433 -0.647268 2.39166
-0.19193 -0.728762 2.32656
0.0655964 -0.0621882 2.23785
0.0773747 -0.337259 2.34703
0.0686684 -0.643152 2.4335
0.0884875 -0.728214 2.36682
0.0041726 0.430691 2.16699
-0.261476 -0.141112 2.24414
-0.21758 -0.0844206 2.18877
0.223114 -0.159217 2.23647
0.16785 -0.0774142 2.21885
-0.0902733 -0.0657341 2.24826
-0.0868142 0.217993 2.19402
-0.0830383 0.492097 2.12718
-0.0684002 0.62262 2.05776
-0.239321 0.388028 2.12603
-0.296512 0.137805 2.19513
-0.323071 -0.0753194 2.23198
-0.32842 -0.089238 2.22444
0.0792716 0.392428 2.14665
0.124383 0.144799 2.20859
0.137234 -0.0731352 2.16543
0.13606 -0.0884778 2.15355
-0.162562 -0.0671245 2.20923
-0.169941 -0.335736 2.30688
-0.171217 -0.650939 2.42156
-0.195047 -0.73268 2.34705
-0.0150835 -0.0622183 2.21465
0.0301748 -0.361631 2.11429
0.0656738 -0.692583 2.13133
0.105896 -0.749023 2.04688
-0.0840515 0.424972 2.14612
-0.345539 -0.161886 2.25593
-0.282162 -0.0923654 2.19723
0.148862 -0.161486 2.1605
0.100087 -0.0959765 2.12075
-0.0290826 -0.129899 1.98777
-0.0243739 0.158981 1.95295
-0.0195823 0.437206 1.90485
-0.0030298 0.569734 1.83815
-0.1732 0.331134 1.90336
-0.226554 0.0838664 1.96192
-0.248689 -0.133838 1.97647
-0.247369 -0.153687 1.96446
0.144675 0.330326 1.91426
0.190174 0.0877441 1.95927
0.204079 -0.128055 1.90414
0.206877 -0.156288 1.89381
-0.103079 -0.128739 1.95126
-0.134749 -0.391135 2.05408
-0.163772 -0.624182 2.31304
-0.19385 -0.72807 2.32153
0.0460018 -0.126334 1.95162
0.0843275 -0.431052 1.86042
0.106276 -0.75865 1.85853
0.117889 -0.821567 1.75451
-0.0207954 0.369169 1.91915
-0.248434 -0.224482 1.98179
-0.201786 -0.154194 1.94408
0.216671 -0.232142 1.9081
0.164367 -0.165228 1.85619
0.00306945 -0.119005 1.83812
0.00899254 0.168589 1.80325
0.0150667 0.444427 1.75494
0.0167064 0.584568 1.68819
-0.148172 0.346219 1.78523
-0.190752 0.101389 1.86348
-0.223403 -0.115984 1.87115
-0.230771 -0.141866 1.85871
0.168596 0.340168 1.74676
0.221917 0.0938175 1.78818
0.230819 -0.125396 1.75034
0.224318 -0.146989 1.74233
-0.0708749 -0.114415 1.80853
-0.121156 -0.432745 1.75944
-0.16623 -0.760694 1.85891
-0.189585 -0.814083 1.76598
0.0769153 -0.119031 1.7949
0.103452 -0.42169 1.79721
0.103786 -0.760168 1.8513
0.119855 -0.827704 1.76131
0.0135686 0.377132 1.76927
-0.232346 -0.209222 1.87833
-0.193829 -0.13068 1.81445
0.230636 -0.226293 1.74817
0.183609 -0.152112 1.73126
-0.0590267 -0.114828 1.8474
-0.0548544 0.171862 1.80177
-0.0505028 0.447193 1.74365
-0.0279628 0.582375 1.6742
-0.204576 0.346003 1.74059
-0.273097 0.110075 1.78873
-0.314603 -0.106653 1.78187
-0.329989 -0.132826 1.77896
0.108787 0.346052 1.77255
0.143673 0.0938812 1.84542
0.163747 -0.125943 1.82724
0.157397 -0.13802 1.83603
-0.13077 -0.113035 1.80422
-0.164807 -0.439093 1.80678
-0.179643 -0.761811 1.84104
-0.19473 -0.822678 1.75086
0.0151047 -0.112034 1.81822
0.0581786 -0.436034 1.77132
0.0836358 -0.749884 1.88311
0.123964 -0.810143 1.81243
-0.0516094 0.380003 1.76034
-0.343092 -0.207246 1.79182
-0.266881 -0.117867 1.78162
0.170668 -0.213145 1.84414
0.118446 -0.142559 1.79021
-0.0158823 -0.115139 2.04553
-0.0123397 0.173761 2.00505
-0.00929801 0.452055 1.95247
-0.00353119 0.586624 1.88537
-0.174038 0.349412 1.96206
-0.237246 0.100718 2.03842
-0.281215 -0.110684 2.06952
-0.283743 -0.135693 2.08242
0.148984 0.346272 1.96984
0.190354 0.0927679 2.01668
0.190041 -0.127486 1.99227
0.199524 -0.141059 1.99736
-0.0877137 -0.108683 2.00789
-0.142583 -0.440991 1.91589
-0.1789 -0.734791 1.8677
-0.187668 -0.790007 1.75504
0.056634 -0.117361 2.01077
0.0642466 -0.389837 2.17968
0.0668634 -0.662129 2.36197
0.101759 -0.737265 2.31801
-0.0100181 0.383994 1.96776
-0.287218 -0.181204 2.08882
-0.254815 -0.147015 2.083
0.215656 -0.215478 1.99468
0.149238 -0.127889 1.98978
0.00366598 -0.0613007 2.23358
0.0158055 0.21942 2.17536
0.0274088 0.490558 2.10467
0.0389025 0.61893 2.03093
-0.134041 0.395498 2.1037
-0.210016 0.16292 2.17093
-0.253259 -0.052249 2.18016
-0.258278 -0.0721011 2.18876
0.180582 0.390362 2.13229
0.219763 0.140402 2.19736
0.229632 -0.0799186 2.18713
0.228331 -0.122169 2.21025
-0.0693756 -0.0542951 2.19103
-0.12177 -0.353365 2.15098
-0.17963 -0.64937 2.31143
-0.211482 -0.729044 2.23569
0.0765706 -0.0662971 2.20353
0.0761913 -0.340195 2.31144
0.0646033 -0.644213 2.40331
0.091356 -0.73205 2.33133
0.0245824 0.424174 2.12456
-0.278162 -0.136238 2.20528
-0.212935 -0.0897594 2.15207
0.222946 -0.165725 2.22778
0.196641 -0.114881 2.1985
-0.0746025 -0.0648427 2.2367
-0.0681838 0.217556 2.1781
-0.0616754 0.490354 2.10682
-0.043266 0.621926 2.03863
-0.219146 0.390705 2.11308
-0.285232 0.148937 2.17957
-0.329571 -0.0650903 2.19501
-0.340465 -0.0833718 2.19658
0.0992053 0.389118 2.12928
0.139864 0.139974 2.18958
0.142269 -0.0793348 2.15407
0.137595 -0.0905754 2.14266
-0.147095 -0.0655773 2.19697
-0.161394 -0.343118 2.28669
-0.168408 -0.651192 2.40493
-0.192216 -0.73366 2.33327
0.000202592 -0.0621133 2.20379
0.0306027 -0.361309 2.1401
0.0453027 -0.67576 2.23898
0.0879517 -0.745605 2.16797
-0.0633449 0.423557 2.12689
-0.361047 -0.155419 2.22265
-0.281973 -0.0602128 2.19313
0.136511 -0.155651 2.14728
0.0997566 -0.0925123 2.11133
-0.033356 -0.13426 2.0073
-0.0236859 0.153642 1.96882
-0.0140385 0.43096 1.91662
0.00189236 0.563791 1.84757
-0.170496 0.328976 1.91335
-0.228773 0.0908747 1.96667
-0.253658 -0.12675 1.97956
-0.257711 -0.163224 1.96827
0.1483 0.325289 1.92749
0.187468 0.0811437 1.97636
0.201467 -0.132647 1.91265
0.200774 -0.158106 1.90775
-0.106149 -0.134417 1.97007
-0.132321 -0.382982 2.09517
-0.160253 -0.629443 2.34237
-0.191414 -0.730994 2.32569
0.0406444 -0.129264 1.97195
0.0848865 -0.452323 1.86385
0.118097 -0.761866 1.85689
0.125634 -0.816416 1.75657
-0.0164425 0.363139 1.93198
-0.256301 -0.234324 2.00109
-0.209891 -0.166551 1.97425
0.204223 -0.221834 1.91186
0.159124 -0.161233 1.86536
0.00238866 -0.115501 1.84004
0.0101731 0.172771 1.80634
0.017611 0.449013 1.75892
0.0235706 0.589394 1.70157
-0.144801 0.347783 1.78903
-0.186053 0.104892 1.85877
-0.221385 -0.112706 1.85795
-0.232348 -0.138196 1.84769
0.171949 0.341674 1.74378
0.222586 0.0925529 1.78215
0.232012 -0.127041 1.74789
0.224303 -0.143869 1.74083
-0.0707088 -0.110485 1.81219
-0.123359 -0.430017 1.77477
-0.175599 -0.755108 1.86949
-0.192636 -0.812127 1.77434
0.0754268 -0.116013 1.7952
0.105442 -0.43201 1.79627
0.11586 -0.765558 1.85251
0.128614 -0.825661 1.75976
0.0158086 0.38164 1.77305
-0.242444 -0.206987 1.86202
-0.191026 -0.160192 1.797
0.228967 -0.211093 1.74308
0.184005 -0.138622 1.73213
-0.0651422 -0.111652 1.85196
-0.0609571 0.183472 1.82321
-0.0566531 0.466652 1.7815
-0.0320355 0.613267 1.74766
-0.209235 0.349891 1.77506
-0.279529 0.11189 1.823
-0.319952 -0.105055 1.80934
-0.333068 -0.125483 1.81129
0.104156 0.351823 1.80167
0.140799 0.0939889 1.86537
0.160832 -0.125502 1.84031
0.153686 -0.132208 1.85102
-0.13609 -0.108792 1.81067
-0.169052 -0.439077 1.81323
-0.183407 -0.764695 1.85531
-0.192512 -0.823318 1.75883
0.00842986 -0.110098 1.82082
0.0524413 -0.441625 1.78898
0.0876971 -0.746295 1.90698
0.131993 -0.80618 1.83996
-0.057765 0.397542 1.79412
-0.348507 -0.198487 1.8153
-0.269883 -0.106673 1.79358
0.158898 -0.194901 1.85672
0.113806 -0.128163 1.7941
-0.0335254 -0.111896 2.015
-0.0319222 0.182627 1.98556
-0.0304836 0.46638 1.94486
-0.00938426 0.615723 1.91823
-0.189555 0.347846 1.94179
-0.256502 0.101379 2.01061
-0.297033 -0.114879 2.0105
-0.304049 -0.14099 2.02866
0.131607 0.347271 1.95866
0.168747 0.0934122 2.00523
0.17966 -0.126515 1.98028
0.186105 -0.138438 1.98311
-0.106526 -0.105952 1.97259
-0.155841 -0.443786 1.89556
-0.184446 -0.753249 1.86743
-0.190179 -0.812347 1.76031
0.0406334 -0.113817 1.98467
0.0669488 -0.391336 2.13038
0.069343 -0.671426 2.3419
0.100141 -0.748367 2.30257
-0.0308503 0.396977 1.95711
-0.312751 -0.182486 2.03217
-0.278342 -0.151782 2.02573
0.200799 -0.203462 1.98258
0.130403 -0.115235 1.97023
0.0021744 -0.058104 2.23336
0.0165609 0.232931 2.1827
0.0303725 0.513936 2.11957
0.0635139 0.658121 2.09256
-0.126324 0.403213 2.10826
-0.209141 0.157191 2.15491
-0.256567 -0.057918 2.15248
-0.255425 -0.0716447 2.16245
0.184836 0.391796 2.14958
0.216514 0.139624 2.21257
0.233377 -0.0798312 2.21347
0.237719 -0.121726 2.24565
-0.0703692 -0.0502115 2.1894
-0.127826 -0.357065 2.14981
-0.187321 -0.66524 2.28694
-0.216064 -0.734863 2.21289
0.0746563 -0.0641031 2.20471
0.0782234 -0.344731 2.31085
0.0689227 -0.64802 2.38586
0.0897841 -0.734801 2.32202
0.0270005 0.445136 2.13756
-0.272815 -0.140401 2.17611
-0.21064 -0.0816045 2.14565
0.243096 -0.163736 2.26797
0.20903 -0.118457 2.23456
-0.0438197 -0.0509737 2.2671
-0.0385615 0.246559 2.23418
-0.0333716 0.534013 2.18907
0.000843083 0.680433 2.17731
-0.187377 0.412234 2.17496
-0.251693 0.170248 2.20992
-0.267561 -0.0495722 2.18775
-0.273193 -0.0758534 2.19485
0.132672 0.408222 2.20476
0.172295 0.150385 2.26101
0.183889 -0.0692797 2.23361
0.175811 -0.0684228 2.23099
-0.114487 -0.048571 2.22399
-0.157815 -0.34801 2.31308
-0.182825 -0.653877 2.38118
-0.200083 -0.738514 2.28992
0.0280804 -0.0517995 2.23781
0.0519868 -0.338675 2.31177
0.0657154 -0.646345 2.38994
0.087866 -0.7346 2.32052
-0.0346793 0.463593 2.20253
-0.28556 -0.142218 2.20452
-0.225528 -0.0821108 2.17007
0.182158 -0.137646 2.24271
0.137459 -0.0690765 2.21148
-0.0682986 -0.0480345 2.27866
-0.0684992 0.25079 2.2489
-0.0687179 0.539478 2.20697
-0.0366169 0.686554 2.2109
-0.217459 0.413044 2.1898
-0.286759 0.162004 2.23375
-0.322283 -0.0545356 2.24213
-0.325197 -0.0748159 2.2464
0.0976894 0.413605 2.21797
0.139394 0.158559 2.25528
0.147306 -0.0594378 2.21089
0.143021 -0.0635207 2.22258
-0.13846 -0.0474933 2.23609
-0.175743 -0.345158 2.32555
-0.189765 -0.653545 2.38781
-0.199662 -0.739273 2.29562
0.00389189 -0.047 2.2487
0.0364086 -0.342702 2.31901
0.0577929 -0.648776 2.39259
0.0867087 -0.735677 2.31801
-0.0687035 0.468751 2.21964
-0.337004 -0.146405 2.26936
-0.275387 -0.0815306 2.22573
0.154782 -0.128338 2.2242
0.103054 -0.0680995 2.19944
-0.0674158 -0.0487317 2.277
-0.0695924 0.249543 2.24807
-0.0713888 0.537546 2.20669
-0.0353329 0.6837 2.20449
-0.21803 0.410378 2.18245
-0.276529 0.158639 2.21167
-0.290106 -0.0611828 2.18777
-0.280747 -0.081799 2.17759
0.0959529 0.415076 2.22594
0.146599 0.164923 2.27634
0.195768 -0.049962 2.26427
0.199614 -0.0617713 2.27301
-0.137272 -0.0483201 2.23277
-0.170378 -0.340408 2.32174
-0.189703 -0.652501 2.38766
-0.199092 -0.738653 2.29723
0.0045129 -0.0476254 2.24829
0.0378892 -0.34068 2.32344
0.0571559 -0.647629 2.39215
0.0864722 -0.735856 2.31764
-0.0710112 0.467012 2.21924
-0.284333 -0.148151 2.1826
-0.258649 -0.115513 2.17119
0.211456 -0.13079 2.29181
0.167826 -0.0690876 2.25958
-0.0528389 -0.0504523 2.2784
-0.0534605 0.242878 2.247
-0.0523159 0.524768 2.20199
-0.0168528 0.645836 2.14503
-0.205757 0.410709 2.18074
-0.259878 0.168828 2.19858
-0.272144 -0.0508274 2.16976
-0.274402 -0.0722716 2.17453
0.109183 0.412994 2.23819
0.156639 0.165937 2.29266
0.199381 -0.0502636 2.28552
0.198862 -0.0655485 2.29547
-0.122963 -0.0502137 2.23227
-0.16314 -0.338553 2.32032
-0.18801 -0.651916 2.38668
-0.198978 -0.738414 2.29757
0.0190753 -0.0490798 2.25189
0.0431947 -0.336657 2.33207
0.058756 -0.64516 2.39236
0.0865569 -0.735077 2.31864
-0.0527206 0.455828 2.21556
-0.28386 -0.139188 2.17891
-0.223593 -0.0643694 2.15305
0.211737 -0.132118 2.31011
0.147409 -0.0426125 2.26671
