-0.105644 0.185748 2.42414
-0.0949452 0.482646 2.3452
-0.0837558 0.768905 2.25499
-0.045288 0.923524 2.23627
-0.249025 0.675557 2.2841
-0.330306 0.406568 2.34982
-0.411826 0.179459 2.37835
-0.41787 0.153046 2.38922
0.0812279 0.673881 2.30548
0.121121 0.388292 2.34897
0.141806 0.144051 2.34371
0.13598 0.111741 2.35139
-0.178168 0.185421 2.38487
-0.243708 -0.158574 2.50039
-0.229144 -0.526153 2.62974
-0.235275 -0.603963 2.55929
-0.0299636 0.180609 2.39239
-0.00519723 -0.170278 2.48466
-0.0391863 -0.535319 2.61508
-0.0401403 -0.617017 2.54558
-0.0866274 0.698915 2.27958
-0.433465 0.0729608 2.41095
-0.371261 0.176734 2.3575
0.150571 0.0293187 2.37291
0.0872273 0.096503 2.35883
-0.102538 0.184725 2.42263
-0.092462 0.481824 2.34372
-0.0818308 0.768273 2.25354
-0.0433599 0.922606 2.23478
-0.247333 0.675033 2.28305
-0.328582 0.406773 2.34994
-0.410797 0.179955 2.37868
-0.41599 0.150499 2.39219
0.0835164 0.672714 2.3044
0.122734 0.388383 2.34676
0.142583 0.14409 2.34242
0.135937 0.108029 2.35214
-0.174993 0.184299 2.38327
-0.242729 -0.159171 2.49997
-0.22896 -0.526322 2.62973
-0.235381 -0.603968 2.55907
-0.0270394 0.179723 2.39096
-0.00467137 -0.170655 2.48465
-0.039164 -0.535416 2.61463
-0.0403057 -0.617217 2.54537
-0.0845715 0.698238 2.27812
-0.428684 0.069954 2.41835
-0.365315 0.182677 2.35727
0.153048 0.0246495 2.37436
0.0896404 0.107511 2.3575
-0.100291 0.184066 2.42156
-0.09005 0.480718 2.34235
-0.0793213 0.766753 2.25185
-0.0405408 0.921648 2.23258
-0.24439 0.674231 2.28182
-0.325583 0.406155 2.34905
-0.407866 0.179473 2.37843
-0.41235 0.150956 2.39074
0.0863062 0.671193 2.30223
0.12479 0.387371 2.34475
0.143915 0.14303 2.34078
0.138113 0.107606 2.34933
-0.172814 0.183743 2.38265
-0.240762 -0.159952 2.49949
-0.228702 -0.526664 2.62989
-0.235773 -0.603765 2.55858
-0.0247742 0.178961 2.3894
-0.00297127 -0.170821 2.48251
-0.0390647 -0.535359 2.61467
-0.0405404 -0.616659 2.54614
-0.0820759 0.696819 2.27652
-0.425545 0.0689252 2.41774
-0.365311 0.17677 2.35717
0.155815 0.0230147 2.37577
0.0843927 0.0989304 2.34025
-0.0967288 0.182718 2.41828
-0.0872963 0.479401 2.33959
-0.0774185 0.76551 2.2496
-0.0379084 0.920717 2.23007
-0.241701 0.673269 2.28075
-0.322317 0.404254 2.34656
-0.40426 0.178008 2.3789
-0.40892 0.146514 2.38583
0.0890445 0.670039 2.30085
0.127166 0.385518 2.34291
0.146717 0.141182 2.33773
0.143215 0.107833 2.34767
-0.169396 0.182368 2.37941
-0.238812 -0.160676 2.49771
-0.227811 -0.526042 2.62951
-0.236903 -0.603568 2.55864
-0.0211976 0.177678 2.38607
-0.00132052 -0.170922 2.48015
-0.0385196 -0.535465 2.61427
-0.04081 -0.616931 2.54726
-0.07996 0.695554 2.27414
-0.421615 0.0674919 2.41088
-0.367244 0.168873 2.36236
0.163377 0.0238641 2.36986
0.091411 0.110571 2.33805
-0.0949613 0.181604 2.4156
-0.0858043 0.478526 2.33781
-0.0762504 0.764826 2.24858
-0.0362522 0.919986 2.229
-0.240207 0.672646 2.27975
-0.320771 0.401197 2.34576
-0.400284 0.173753 2.37648
-0.406035 0.145947 2.38194
0.0905876 0.669361 2.2995
0.128698 0.384374 2.34129
0.149035 0.140094 2.33565
0.145831 0.107047 2.34377
-0.167607 0.181385 2.37724
-0.237345 -0.16156 2.49626
-0.227693 -0.526165 2.62952
-0.237391 -0.603565 2.55848
-0.0195194 0.176451 2.38278
-0.000356968 -0.17058 2.47811
-0.0375292 -0.539214 2.61692
-0.0412704 -0.617205 2.54708
-0.0787077 0.694826 2.27294
-0.417773 0.0637421 2.40373
-0.356949 0.179178 2.34667
0.166525 0.021579 2.36859
0.0906624 0.0891855 2.3365
-0.0938729 0.180914 2.41337
-0.0842496 0.47787 2.33632
-0.0741758 0.764128 2.24777
-0.0327516 0.917986 2.22739
-0.238792 0.671944 2.27858
-0.321388 0.398618 2.34486
-0.398297 0.169963 2.37398
-0.405785 0.143472 2.38078
0.092033 0.668447 2.29768
0.130574 0.383647 2.33875
0.153097 0.139537 2.33208
0.149605 0.106692 2.33987
-0.166242 0.180763 2.37464
-0.236483 -0.161396 2.49368
-0.227541 -0.524472 2.62952
-0.238357 -0.60267 2.55903
-0.0187122 0.175747 2.38097
0.00101383 -0.169759 2.47472
-0.0373509 -0.540963 2.61749
-0.0401323 -0.61751 2.54799
-0.076772 0.694147 2.27196
-0.419349 0.0610532 2.40518
-0.360024 0.167645 2.34557
0.168193 0.022188 2.36469
0.0950129 0.13235 2.33183
-0.0919225 0.180066 2.41088
-0.0825666 0.476859 2.33475
-0.0728072 0.763039 2.24703
-0.0250649 0.914435 2.22743
-0.237861 0.671418 2.27758
-0.322974 0.395665 2.34518
-0.397947 0.165977 2.37212
-0.406834 0.141302 2.38001
0.0928471 0.666761 2.29544
0.131773 0.381205 2.33428
0.155188 0.137196 2.32839
0.148589 0.107531 2.33458
-0.164315 0.180199 2.37251
-0.235371 -0.162059 2.49205
-0.227215 -0.524511 2.62926
-0.238326 -0.602621 2.55889
-0.0168177 0.17462 2.37815
0.00248462 -0.170287 2.47286
-0.0375029 -0.540794 2.61671
-0.0406337 -0.617972 2.54702
-0.0753212 0.69307 2.27103
-0.417778 0.0594906 2.3989
-0.357356 0.181049 2.33655
0.168922 0.0228302 2.35677
0.0979316 0.124567 2.33026
-0.0907031 0.179294 2.40833
-0.0806336 0.476089 2.33346
-0.0698738 0.762112 2.24689
-0.0080704 0.906932 2.22932
-0.233694 0.670004 2.27209
-0.321674 0.392525 2.33951
-0.398984 0.164863 2.37299
-0.409746 0.142501 2.38141
0.0931669 0.661861 2.29546
0.132129 0.377091 2.33127
0.156003 0.133091 2.32198
0.148188 0.105258 2.32751
-0.163086 0.179454 2.36815
-0.234563 -0.161624 2.49114
-0.226892 -0.523811 2.62943
-0.239013 -0.602326 2.55923
-0.0157138 0.173866 2.37678
0.00443563 -0.169066 2.46832
-0.036643 -0.541759 2.61808
-0.0406118 -0.61821 2.54669
-0.0726775 0.692196 2.27057
-0.421178 0.0625724 2.40674
-0.359265 0.184991 2.34344
0.16704 0.0213439 2.35043
0.0961792 0.12128 2.323
-0.0905533 0.175941 2.40612
-0.0781075 0.472302 2.33241
-0.0644068 0.757393 2.24747
0.0155487 0.893045 2.23584
-0.222245 0.661439 2.25902
-0.329847 0.39823 2.33126
-0.404881 0.170339 2.36757
-0.420692 0.147528 2.37507
0.0934803 0.648699 2.29907
0.130418 0.371171 2.3285
0.156505 0.127424 2.31483
0.143821 0.0989003 2.3198
-0.163385 0.175783 2.36192
-0.233608 -0.159768 2.48943
-0.226364 -0.523512 2.62944
-0.239143 -0.602278 2.55916
-0.0151253 0.170225 2.37763
0.00582138 -0.166857 2.46422
-0.0358172 -0.541075 2.61914
-0.0405239 -0.617379 2.54699
-0.0679853 0.687714 2.27069
-0.429294 0.0700525 2.39499
-0.392665 0.123881 2.35673
0.159775 0.0173137 2.34299
0.0946952 0.118254 2.31516
-0.0909397 0.174753 2.40533
-0.0778508 0.471817 2.3324
-0.0635783 0.757232 2.24809
0.024587 0.890304 2.23776
-0.218912 0.659904 2.25469
-0.334883 0.40733 2.32174
-0.412927 0.180453 2.35814
-0.434723 0.148314 2.36686
0.092955 0.645513 2.3004
0.128116 0.370572 2.32723
0.149719 0.126425 2.31056
0.140223 0.0833592 2.32308
-0.164024 0.17454 2.35954
-0.23431 -0.15693 2.48695
-0.226357 -0.524011 2.62948
-0.239036 -0.602105 2.55923
-0.0154094 0.169089 2.37836
0.00697189 -0.166527 2.46306
-0.0354925 -0.540392 2.61949
-0.0404128 -0.617366 2.54737
-0.0672533 0.687378 2.27111
-0.444467 0.0763379 2.38458
-0.413073 0.102653 2.3575
0.152294 0.013928 2.33674
0.0961663 0.110081 2.31416
-0.091702 0.173531 2.40393
-0.0755143 0.469278 2.33121
-0.0567549 0.753014 2.24734
0.0306034 0.888218 2.23768
-0.215673 0.659363 2.24924
-0.346093 0.413787 2.31972
-0.421807 0.183736 2.34348
-0.441995 0.15304 2.34579
0.0932212 0.641412 2.3009
0.126193 0.368208 2.32685
0.147201 0.123983 2.31187
0.132974 0.0941305 2.32443
-0.16518 0.17311 2.35736
-0.235479 -0.155302 2.48581
-0.226235 -0.524733 2.62941
-0.238271 -0.602011 2.55829
-0.0158186 0.168356 2.37814
0.00691899 -0.165011 2.46212
-0.0354081 -0.539121 2.61889
-0.0401967 -0.615281 2.5508
-0.0616555 0.683623 2.27027
-0.457733 0.076613 2.36736
-0.423941 0.114386 2.335
0.149483 0.0175215 2.33976
0.086451 0.0912991 2.30933
-0.0916758 0.173308 2.40346
-0.0743864 0.468332 2.33069
-0.0549665 0.751699 2.24696
0.033279 0.8871 2.23716
-0.213762 0.659391 2.24629
-0.344415 0.414882 2.30807
-0.427867 0.187081 2.32851
-0.443577 0.152964 2.33012
0.092398 0.639889 2.30022
0.124632 0.365826 2.32827
0.148069 0.121818 2.31542
0.135219 0.0945563 2.33105
-0.165224 0.172817 2.3563
-0.236681 -0.152801 2.4839
-0.226094 -0.524676 2.62945
-0.238419 -0.601634 2.55825
-0.0157463 0.168273 2.37816
0.00656596 -0.163924 2.46167
-0.0359906 -0.537727 2.61726
-0.0407484 -0.61533 2.54999
-0.0599595 0.682392 2.26987
-0.458898 0.0777778 2.34757
-0.421233 0.111218 2.31862
0.153805 0.0165118 2.34765
0.0969684 0.0935318 2.33367
-0.0911876 0.173065 2.40305
-0.074095 0.468008 2.33023
-0.0572654 0.752689 2.24635
0.0346188 0.886065 2.23564
-0.216156 0.660635 2.24727
-0.339635 0.410671 2.29858
-0.430626 0.185986 2.3199
-0.440016 0.155032 2.32081
0.0922231 0.63895 2.2999
0.123798 0.365358 2.32898
0.149162 0.121547 2.31824
0.137932 0.0975979 2.33454
-0.164614 0.172681 2.35514
-0.236397 -0.152628 2.48458
-0.225986 -0.524225 2.62948
-0.238991 -0.601768 2.55729
-0.015296 0.167981 2.37869
0.00566096 -0.164341 2.46253
-0.0358132 -0.537929 2.61738
-0.0401735 -0.61824 2.54693
-0.0612812 0.682938 2.2693
-0.457153 0.0753093 2.33768
-0.416137 0.126607 2.30918
0.156582 0.0201817 2.34984
0.0930875 0.101879 2.32255
-0.0917086 0.172944 2.40365
-0.0760417 0.468685 2.33008
-0.0620706 0.754781 2.24428
0.0287376 0.889487 2.23038
-0.218832 0.661451 2.24635
-0.335335 0.405321 2.29355
-0.429846 0.182395 2.3165
-0.431781 0.154569 2.32109
0.0918347 0.641051 2.30001
0.123643 0.365172 2.33008
0.150281 0.121519 2.32169
0.141638 0.100893 2.33814
-0.164705 0.172385 2.35536
-0.234579 -0.154204 2.49098
-0.226353 -0.52543 2.62979
-0.238466 -0.602327 2.55687
-0.0165234 0.168195 2.38046
0.00363297 -0.163821 2.46354
-0.035978 -0.537508 2.61704
-0.0405527 -0.618451 2.54671
-0.0654583 0.684746 2.2679
-0.448142 0.0672724 2.34237
-0.381322 0.186013 2.2835
0.159372 0.0204456 2.36146
0.0891531 0.114255 2.32316
-0.0927576 0.17482 2.40406
-0.078764 0.471252 2.32797
-0.0664106 0.757667 2.2387
0.00632992 0.902817 2.22247
-0.224173 0.663957 2.24382
-0.331519 0.403953 2.28994
-0.424324 0.180905 2.31661
-0.426233 0.147747 2.32685
0.0882524 0.653971 2.29764
0.124397 0.369772 2.33187
0.151845 0.126194 2.32298
0.145209 0.107608 2.33633
-0.16509 0.174334 2.35623
-0.235286 -0.154056 2.49037
-0.226477 -0.52529 2.63043
-0.238294 -0.602001 2.55696
-0.0181563 0.170128 2.38059
0.00228023 -0.164663 2.4655
-0.0358824 -0.537661 2.6173
-0.0400349 -0.617832 2.54707
-0.0694396 0.687633 2.26321
-0.441322 0.0640269 2.35087
-0.405996 0.118735 2.31353
0.164906 0.0277686 2.35674
0.0967835 0.118896 2.33473
-0.0952476 0.17812 2.4034
-0.08382 0.47511 2.32473
-0.0731509 0.7613 2.23353
-0.0239759 0.915942 2.21318
-0.234871 0.667123 2.24261
-0.332355 0.404307 2.29398
-0.414416 0.176195 2.31581
-0.416773 0.141619 2.32615
0.0872949 0.666936 2.29335
0.125931 0.375792 2.33245
0.154941 0.132398 2.32537
0.156893 0.112985 2.33784
-0.167422 0.177159 2.3564
-0.237905 -0.154483 2.48378
-0.226486 -0.525604 2.63029
-0.2376 -0.602439 2.55676
-0.0205999 0.173911 2.37916
0.000725172 -0.166574 2.47034
-0.0352843 -0.538895 2.61834
-0.0409612 -0.617193 2.54497
-0.0758282 0.691362 2.25844
-0.431609 0.0555738 2.3488
-0.371695 0.16266 2.2948
0.172042 0.0343652 2.35519
0.135246 0.0699309 2.33375
-0.0997218 0.180867 2.40418
-0.0901083 0.478532 2.32296
-0.0809262 0.765521 2.22938
-0.0568224 0.92466 2.2073
-0.243325 0.668979 2.24463
-0.329229 0.400178 2.29958
-0.405302 0.16889 2.31313
-0.403652 0.142404 2.32321
0.0825332 0.672523 2.2888
0.130224 0.380072 2.33318
0.160711 0.136874 2.32751
0.170579 0.118879 2.33578
-0.172183 0.179441 2.35812
-0.239808 -0.154418 2.47633
-0.226546 -0.523351 2.63013
-0.237741 -0.602461 2.55607
-0.0245675 0.177016 2.37914
-0.000587641 -0.167276 2.47401
-0.0355939 -0.538461 2.61821
-0.040585 -0.616782 2.54666
-0.0832503 0.695367 2.25487
-0.418092 0.0552822 2.34408
-0.35866 0.166578 2.29321
0.185208 0.0367586 2.35507
0.146086 0.0759814 2.33308
-0.10584 0.1837 2.40576
-0.100047 0.483164 2.32234
-0.0946883 0.772097 2.2267
-0.100991 0.92699 2.20346
-0.252376 0.668599 2.24849
-0.324552 0.394096 2.30421
-0.396194 0.160945 2.31338
-0.392897 0.140963 2.324
0.0741953 0.67757 2.28326
0.135833 0.386424 2.33491
0.17395 0.14439 2.33191
0.182367 0.119295 2.34169
-0.178961 0.181098 2.36206
-0.240508 -0.154085 2.47247
-0.226624 -0.522546 2.63
-0.237513 -0.602157 2.55632
-0.0301836 0.181178 2.37859
-0.000629459 -0.166617 2.47551
-0.0356413 -0.538661 2.61845
-0.0403037 -0.617454 2.5469
-0.0960598 0.701454 2.2527
-0.411529 0.0557083 2.34857
-0.347731 0.165215 2.29422
0.198177 0.039925 2.3645
0.159788 0.0831719 2.33586
-0.1089 0.185183 2.40715
-0.107375 0.483711 2.32314
-0.10771 0.770929 2.22681
-0.137662 0.918184 2.20544
-0.26257 0.664461 2.25578
-0.323224 0.393756 2.30892
-0.390883 0.159014 2.31342
-0.38909 0.136358 2.32421
0.0656933 0.680913 2.27844
0.141209 0.394318 2.33751
0.178163 0.15207 2.33454
0.186675 0.12361 2.34716
-0.182543 0.181954 2.36573
-0.240983 -0.15544 2.47352
-0.22662 -0.519765 2.62877
-0.237045 -0.601112 2.55733
-0.0327729 0.18312 2.37819
-4.78596e-005 -0.164688 2.47586
-0.0350565 -0.539306 2.61941
-0.040581 -0.61739 2.54674
-0.107564 0.700777 2.25299
-0.403366 0.0484775 2.34503
-0.33929 0.166522 2.30408
0.203517 0.0467162 2.36742
0.161863 0.100311 2.3436
-0.111401 0.184278 2.40839
-0.120975 0.478377 2.32554
-0.133456 0.760512 2.23072
-0.170235 0.900137 2.20541
-0.271207 0.653476 2.266
-0.323854 0.389356 2.31401
-0.38585 0.15267 2.3119
-0.383747 0.130587 2.32298
0.0512746 0.681478 2.27134
0.14664 0.395428 2.34006
0.182493 0.153047 2.33815
0.190001 0.127766 2.35454
-0.186355 0.179416 2.37096
-0.238464 -0.158289 2.47912
-0.227098 -0.521033 2.62918
-0.236939 -0.601151 2.55781
-0.0344818 0.183114 2.3771
0.0010324 -0.160844 2.47602
-0.0351702 -0.538263 2.61909
-0.0410666 -0.615811 2.54883
-0.130356 0.691603 2.25648
-0.40184 0.0419781 2.34327
-0.337447 0.161868 2.2934
0.20277 0.0525741 2.37648
0.16187 0.1014 2.35521
-0.109449 0.178969 2.41194
-0.129752 0.468818 2.3287
-0.153323 0.74638 2.23359
-0.206876 0.87581 2.20256
-0.27838 0.623303 2.27666
-0.323654 0.379856 2.31958
-0.374657 0.140478 2.31633
-0.372959 0.122504 2.33098
0.0341525 0.677423 2.26233
0.157146 0.411416 2.33906
0.186945 0.168414 2.3428
0.200125 0.138421 2.35441
-0.184069 0.171092 2.37897
-0.234681 -0.1577 2.48148
-0.226728 -0.521344 2.62932
-0.237275 -0.601194 2.55797
-0.0323918 0.180621 2.37655
0.00238866 -0.152528 2.47787
-0.0344756 -0.538871 2.61984
-0.0398153 -0.616995 2.54786
-0.147391 0.678547 2.25948
-0.387949 0.0295024 2.35531
-0.332431 0.136074 2.3215
0.213165 0.0661639 2.37384
0.165903 0.132228 2.352
-0.107924 0.176334 2.41451
-0.133825 0.464574 2.3299
-0.163272 0.740525 2.23311
-0.219793 0.867221 2.2021
-0.283307 0.612942 2.27866
-0.323142 0.375323 2.32297
-0.365081 0.134374 2.32484
-0.364011 0.1183 2.34472
0.0276287 0.674225 2.2581
0.15856 0.421948 2.33512
0.194418 0.179994 2.34249
0.207808 0.147753 2.34932
-0.182423 0.167983 2.38176
-0.231891 -0.15926 2.48312
-0.226421 -0.522078 2.63014
-0.237764 -0.601223 2.55946
-0.0309279 0.179118 2.37771
0.00232227 -0.146258 2.48041
-0.0333761 -0.53723 2.62051
-0.0399613 -0.616326 2.54753
-0.155876 0.673049 2.25949
-0.37868 0.0232867 2.36961
-0.346372 0.0920506 2.33286
0.226048 0.0741628 2.36996
0.171861 0.135529 2.34302
-0.106321 0.175043 2.41608
-0.135793 0.462218 2.3302
-0.167837 0.73736 2.23215
-0.226855 0.862977 2.20144
-0.287087 0.608893 2.27857
-0.322499 0.371151 2.3251
-0.357078 0.129619 2.33539
-0.369859 0.0734282 2.37652
0.0247974 0.67314 2.25652
0.159029 0.426537 2.33047
0.199682 0.18536 2.33815
0.211203 0.148494 2.34214
-0.180583 0.165528 2.38413
-0.229988 -0.161365 2.48481
-0.225931 -0.523135 2.63073
-0.237508 -0.60118 2.55947
-0.0294172 0.178821 2.3784
0.0026983 -0.144703 2.48258
-0.0330604 -0.537384 2.62147
-0.0410102 -0.615485 2.54822
-0.159891 0.670064 2.25882
-0.364014 0.0205263 2.38887
-0.339067 0.0869473 2.343
0.227665 0.0798804 2.36432
0.182245 0.128441 2.33739
-0.106124 0.17435 2.4164
-0.137001 0.461008 2.32977
-0.169478 0.736355 2.23092
-0.229332 0.861665 2.201
-0.288276 0.606755 2.27718
-0.32244 0.369431 2.32587
-0.3536 0.127577 2.33785
-0.368318 0.0704188 2.37545
0.0236704 0.67199 2.25498
0.158336 0.427152 2.32624
0.201308 0.1863 2.33293
0.208357 0.147122 2.33394
-0.180429 0.164339 2.38444
-0.229023 -0.162008 2.48715
-0.225171 -0.523645 2.63035
-0.237706 -0.601295 2.56002
-0.0291247 0.178605 2.37846
0.00308429 -0.144082 2.48309
-0.0324832 -0.537329 2.62271
-0.0404735 -0.615359 2.54924
-0.161501 0.668999 2.25777
-0.364745 0.0199337 2.3875
-0.33946 0.0860074 2.3429
0.225305 0.072964 2.35473
0.172587 0.147982 2.3265
-0.105928 0.173804 2.41588
-0.137392 0.460526 2.32933
-0.169553 0.736211 2.23066
-0.22825 0.862759 2.20096
-0.28792 0.607274 2.27617
-0.322274 0.369968 2.32485
-0.352478 0.127808 2.33498
-0.372387 0.0709873 2.35767
0.0237319 0.671714 2.25468
0.157833 0.426424 2.32327
0.197279 0.184804 2.3279
0.199099 0.145471 2.33053
-0.180218 0.163871 2.38358
-0.229402 -0.161367 2.48717
-0.225159 -0.523137 2.63022
-0.237935 -0.601242 2.56029
-0.0288313 0.178091 2.37786
0.00468724 -0.143225 2.48209
-0.032635 -0.536175 2.62143
-0.0396428 -0.616024 2.54805
-0.161665 0.668796 2.25747
-0.368333 0.019774 2.36874
-0.343846 0.0734371 2.329
0.214538 0.0672521 2.35476
0.15597 0.15458 2.31962
-0.106902 0.174254 2.4144
-0.137061 0.462643 2.32794
-0.165223 0.742713 2.22908
-0.211369 0.879487 2.20329
-0.284528 0.618893 2.27242
-0.320001 0.378341 2.32022
-0.355927 0.136436 2.3235
-0.37779 0.0787984 2.33971
0.0237514 0.673028 2.25437
0.157973 0.419515 2.32424
0.194873 0.177422 2.32742
0.193634 0.14008 2.33281
-0.181709 0.165305 2.38175
-0.22914 -0.160185 2.48461
-0.224657 -0.522265 2.63033
-0.238052 -0.601313 2.56031
-0.0293657 0.177914 2.37629
0.00569674 -0.144439 2.4817
-0.0334093 -0.536063 2.62075
-0.0393877 -0.61896 2.54535
-0.158687 0.673942 2.25586
-0.376118 0.0207661 2.35286
-0.347971 0.0829049 2.31394
0.211247 0.061612 2.36126
0.153924 0.141596 2.31406
-0.108972 0.178207 2.41038
-0.128212 0.472305 2.32406
-0.137262 0.759801 2.22691
-0.179619 0.90454 2.20815
-0.28169 0.648437 2.26692
-0.321131 0.378717 2.31749
-0.36214 0.137363 2.31471
-0.377203 0.114164 2.3188
0.0356923 0.678493 2.2595
0.152492 0.412697 2.32455
0.190348 0.170799 2.32794
0.188296 0.133631 2.3344
-0.18388 0.171443 2.37617
-0.229185 -0.161108 2.48243
-0.224882 -0.521105 2.63018
-0.238042 -0.601048 2.56044
-0.0310567 0.180155 2.37319
0.00620963 -0.147881 2.48003
-0.0334518 -0.536061 2.6203
-0.0398163 -0.61588 2.54956
-0.135609 0.689497 2.25306
-0.385444 0.0299573 2.34201
-0.329425 0.145917 2.29129
0.208489 0.0563917 2.35937
0.155567 0.123074 2.32396
-0.108931 0.180701 2.40922
-0.118675 0.480351 2.32318
-0.122187 0.770186 2.22693
-0.13593 0.924506 2.21164
-0.27668 0.657225 2.26334
-0.323309 0.37977 2.31442
-0.371638 0.139767 2.30998
-0.389215 0.122838 2.31702
0.0507991 0.680448 2.26819
0.147375 0.404701 2.32921
0.18669 0.162831 2.32781
0.181947 0.12899 2.33301
-0.183206 0.175634 2.37291
-0.23109 -0.161004 2.47794
-0.225469 -0.521093 2.63025
-0.238071 -0.601095 2.56044
-0.0312963 0.181314 2.37342
0.00646363 -0.153448 2.47633
-0.0336105 -0.537233 2.62032
-0.0394025 -0.615687 2.54991
-0.121572 0.699355 2.25295
-0.401636 0.0373441 2.33733
-0.346345 0.151501 2.28985
0.196521 0.0479484 2.35697
0.149916 0.135434 2.3194
-0.108237 0.181891 2.40822
-0.109575 0.48346 2.32415
-0.105733 0.774174 2.23092
-0.0846406 0.932342 2.22032
-0.267579 0.664308 2.25977
-0.329559 0.390779 2.31021
-0.390574 0.153818 2.3081
-0.408978 0.132725 2.31794
0.0621732 0.680044 2.27574
0.138526 0.394468 2.33107
0.175388 0.152176 2.32803
0.168403 0.121818 2.33048
-0.181709 0.178065 2.36963
-0.234169 -0.159296 2.47516
-0.226285 -0.519782 2.62968
-0.237658 -0.600924 2.55972
-0.031089 0.181565 2.37391
0.00256736 -0.1591 2.47794
-0.0344345 -0.537078 2.61882
-0.040027 -0.618334 2.54681
-0.106913 0.703126 2.25617
-0.421523 0.0475391 2.34189
-0.363652 0.16353 2.288
0.179914 0.0386749 2.35998
0.137378 0.0990829 2.32264
-0.10593 0.181606 2.40811
-0.10221 0.482639 2.32625
-0.0958392 0.772866 2.23484
-0.0525568 0.927955 2.23031
-0.266012 0.660143 2.26184
-0.332788 0.397507 2.30766
-0.402044 0.16323 2.31214
-0.421981 0.137772 2.32365
0.0711991 0.678467 2.28335
0.133223 0.389144 2.3307
0.165576 0.14617 2.3263
0.15945 0.119114 2.3312
-0.179073 0.177941 2.36851
-0.235783 -0.158578 2.47579
-0.226215 -0.521528 2.62989
-0.237759 -0.601351 2.55965
-0.0288202 0.180683 2.37539
0.0013473 -0.161827 2.47953
-0.0347219 -0.53687 2.61883
-0.0395031 -0.61737 2.54916
-0.097554 0.701926 2.25966
-0.435187 0.0517825 2.34121
-0.376688 0.167681 2.2872
0.174105 0.0350322 2.35708
0.131899 0.0945969 2.31887
-0.102686 0.181587 2.40876
-0.0959338 0.48119 2.32918
-0.0878146 0.769798 2.23954
-0.0258391 0.917396 2.24031
-0.249952 0.668026 2.25596
-0.333222 0.395128 2.3057
-0.415343 0.165994 2.31917
-0.429076 0.138665 2.33299
0.0760595 0.672023 2.28892
0.128298 0.384508 2.33063
0.161015 0.141553 2.32447
0.153652 0.116868 2.33046
-0.17514 0.179022 2.36793
-0.237201 -0.15702 2.47828
-0.226328 -0.522465 2.63023
-0.237516 -0.601808 2.55938
-0.026057 0.179059 2.378
0.000888064 -0.162687 2.47975
-0.0355155 -0.536799 2.61876
-0.0404073 -0.617128 2.54821
-0.0899379 0.699262 2.26393
-0.443964 0.0560117 2.35236
-0.387639 0.15584 2.3076
0.168205 0.0348784 2.34662
0.119305 0.119544 2.31822
-0.0989419 0.179525 2.41108
-0.0902673 0.476755 2.33356
-0.0804898 0.762907 2.24551
-0.00433616 0.904242 2.24994
-0.244802 0.668167 2.25429
-0.333342 0.396292 2.30399
-0.420857 0.170099 2.32438
-0.434957 0.141728 2.34407
0.0784414 0.654646 2.29819
0.1238 0.37361 2.3303
0.158763 0.130971 2.32063
0.150469 0.109682 2.32701
-0.171324 0.178005 2.36802
-0.236717 -0.153811 2.48321
-0.226391 -0.523414 2.63071
-0.237916 -0.601804 2.55911
-0.0228132 0.175215 2.38401
0.000395916 -0.163495 2.48007
-0.0359703 -0.536355 2.61861
-0.0412756 -0.616838 2.54804
-0.0830419 0.692985 2.26953
-0.443414 0.0616686 2.36489
-0.412127 0.104601 2.3295
0.160278 0.023814 2.35062
0.104841 0.138272 2.31377
-0.0987527 0.17762 2.41251
-0.0881827 0.474389 2.33561
-0.0763672 0.760093 2.24825
0.00553369 0.898803 2.25228
-0.241073 0.669064 2.25327
-0.336781 0.401363 2.30288
-0.427196 0.177634 2.33124
-0.443368 0.151732 2.34921
0.078375 0.645197 2.30162
0.120608 0.370901 2.33211
0.158183 0.128675 2.31989
0.145945 0.102725 2.32952
-0.170872 0.176439 2.36822
-0.237375 -0.152815 2.49182
-0.226366 -0.524121 2.63083
-0.238002 -0.601953 2.55893
-0.0233078 0.173157 2.38672
0.000675797 -0.164992 2.47827
-0.0359717 -0.536707 2.61879
-0.0412929 -0.618213 2.54689
-0.0794343 0.690269 2.27209
-0.455558 0.075774 2.36756
-0.4042 0.157082 2.32411
0.157133 0.0180213 2.34924
0.118727 0.0825523 2.32313
-0.103415 0.175582 2.41618
-0.0885133 0.473071 2.3382
-0.0733751 0.758787 2.25117
0.0122124 0.896573 2.25388
-0.23884 0.669627 2.25327
-0.342147 0.403663 2.30566
-0.438379 0.182562 2.33462
-0.449099 0.154959 2.34838
0.0786071 0.641419 2.30387
0.115416 0.367206 2.33297
0.153206 0.12503 2.32317
0.136109 0.0989072 2.33608
-0.174581 0.174762 2.37091
-0.241002 -0.153736 2.50205
-0.226514 -0.52425 2.63082
-0.237676 -0.601899 2.5588
-0.0290664 0.171079 2.39095
0.000525319 -0.165486 2.47723
-0.0369012 -0.53665 2.6181
-0.0409212 -0.620112 2.54345
-0.0774552 0.689014 2.2748
-0.468195 0.0821942 2.36641
-0.362694 0.11102 2.3288
0.147431 0.0182169 2.35349
0.0884001 0.135574 2.30931
-0.10732 0.175292 2.41755
-0.0894132 0.472687 2.33901
-0.0726451 0.758367 2.25155
0.0137753 0.895905 2.25376
-0.238649 0.669801 2.25337
-0.344207 0.402981 2.30662
-0.442249 0.182625 2.33513
-0.449245 0.155068 2.34595
0.0784067 0.639298 2.3048
0.113259 0.367213 2.33377
0.150056 0.12488 2.32394
0.133645 0.0965026 2.33909
-0.17866 0.174725 2.37203
-0.243779 -0.154519 2.5046
-0.226875 -0.524893 2.63058
-0.236835 -0.602358 2.55893
-0.0328572 0.170619 2.39243
0.000193447 -0.166097 2.47646
-0.0377637 -0.536192 2.61545
-0.0409742 -0.619196 2.54501
-0.077048 0.688654 2.27522
-0.466981 0.0819765 2.36034
-0.367612 0.104409 2.32371
0.142313 0.016933 2.3543
0.0903596 0.133206 2.3095
