-0.0666186 0.196123 2.42017
-0.0627886 0.497089 2.34204
-0.0584331 0.787437 2.25281
-0.0490553 0.945553 2.24106
-0.227309 0.686595 2.29344
-0.326973 0.436119 2.32338
-0.420602 0.226015 2.33824
-0.432836 0.183479 2.347
0.109541 0.683943 2.28219
0.188679 0.422305 2.30338
0.26635 0.204048 2.30283
0.286285 0.141429 2.30853
-0.139847 0.194373 2.38793
-0.204598 -0.149545 2.48859
-0.17833 -0.526076 2.62528
-0.197372 -0.60676 2.54694
0.00862394 0.192192 2.38243
0.0362906 -0.165925 2.48066
0.000131975 -0.535017 2.62703
-0.0135291 -0.614985 2.54484
-0.0595967 0.71642 2.27712
-0.466761 0.0981623 2.37313
-0.386733 0.207096 2.3294
0.316738 0.0498992 2.35506
0.298431 0.181089 2.30744
-0.0664396 0.195969 2.42003
-0.0626715 0.497024 2.34196
-0.0583166 0.787427 2.25282
-0.0488048 0.945594 2.24113
-0.226903 0.686182 2.29348
-0.326767 0.436662 2.32368
-0.42033 0.22653 2.33845
-0.432428 0.184849 2.34807
0.109706 0.683618 2.28201
0.189038 0.421975 2.30342
0.266501 0.203655 2.30277
0.286742 0.141392 2.30922
-0.139694 0.194222 2.38786
-0.204602 -0.149592 2.48852
-0.17837 -0.526028 2.62507
-0.1974 -0.606838 2.54677
0.00883482 0.192032 2.38221
0.0364494 -0.166121 2.48035
-5.31458e-005 -0.534871 2.62699
-0.0129327 -0.614559 2.54705
-0.0594842 0.716396 2.27709
-0.466653 0.0992166 2.37318
-0.385032 0.198888 2.31529
0.315302 0.0542257 2.35161
0.282931 0.17971 2.3114
-0.066401 0.195898 2.42
-0.062612 0.496967 2.34201
-0.0582273 0.787375 2.25299
-0.0486701 0.945622 2.24125
-0.226707 0.686355 2.294
-0.321677 0.434509 2.32292
-0.420762 0.227126 2.33861
-0.432153 0.183985 2.34626
0.10981 0.683386 2.2823
0.189108 0.422031 2.30337
0.266443 0.203698 2.30307
0.287284 0.140571 2.30915
-0.139659 0.194173 2.38787
-0.204429 -0.149481 2.48862
-0.178436 -0.52578 2.62467
-0.197398 -0.606839 2.54632
0.00888308 0.191916 2.38213
0.0364435 -0.165933 2.48016
-6.52771e-005 -0.535507 2.62679
-0.0132067 -0.615021 2.54633
-0.0594 0.71634 2.27723
-0.467402 0.0985952 2.37712
-0.387105 0.20153 2.32775
0.315482 0.0546545 2.34505
0.308778 0.187334 2.30787
-0.0664114 0.195851 2.41998
-0.0625786 0.496919 2.34206
-0.0581562 0.787304 2.25319
-0.0485268 0.945692 2.24151
-0.22667 0.686515 2.29425
-0.324106 0.435806 2.32444
-0.420442 0.227009 2.3393
-0.433419 0.185551 2.3495
0.109873 0.683357 2.28255
0.188942 0.422322 2.30278
0.266412 0.204069 2.30283
0.286982 0.140762 2.30891
-0.139671 0.194137 2.38788
-0.204413 -0.149462 2.48854
-0.178355 -0.52574 2.62464
-0.197371 -0.606672 2.5462
0.00887078 0.191849 2.38206
0.0362563 -0.166425 2.47998
3.65156e-005 -0.536017 2.62695
-0.011973 -0.617284 2.54564
-0.0593358 0.716276 2.27738
-0.466702 0.0981553 2.37284
-0.401073 0.180804 2.3202
0.313802 0.0535975 2.34987
0.284908 0.175584 2.3062
-0.0666531 0.195842 2.41998
-0.062599 0.496936 2.3422
-0.0580257 0.787393 2.25378
-0.0483922 0.945794 2.24213
-0.226817 0.686809 2.2949
-0.324218 0.436056 2.32523
-0.420744 0.227397 2.34026
-0.433064 0.185487 2.34991
0.110052 0.683437 2.28281
0.18906 0.422472 2.30283
0.266434 0.2042 2.30274
0.28631 0.1394 2.30911
-0.139898 0.194193 2.38801
-0.20483 -0.148479 2.48787
-0.178169 -0.525695 2.62465
-0.19734 -0.606729 2.54627
0.0085553 0.191773 2.38192
0.0361705 -0.166577 2.47912
-0.000184175 -0.535654 2.62608
-0.0122705 -0.615819 2.54567
-0.0592539 0.71634 2.27783
-0.464164 0.0990963 2.36823
-0.382501 0.199871 2.31629
0.312968 0.0499025 2.35019
0.309473 0.17969 2.3106
-0.0668214 0.19582 2.41994
-0.0626366 0.49693 2.34224
-0.0580204 0.787407 2.25386
-0.048308 0.945845 2.24231
-0.226982 0.686947 2.29514
-0.325449 0.436679 2.32574
-0.420696 0.227393 2.34044
-0.432312 0.185787 2.34761
0.110004 0.683306 2.28271
0.189029 0.422293 2.30256
0.266266 0.20396 2.30188
0.284976 0.141389 2.30332
-0.140113 0.194295 2.388
-0.205044 -0.148401 2.48778
-0.177932 -0.525927 2.62447
-0.197273 -0.606733 2.54621
0.00839363 0.191637 2.38187
0.0361316 -0.166337 2.47759
-0.000250763 -0.534349 2.62591
-0.012357 -0.615413 2.54585
-0.0592577 0.716348 2.2779
-0.467384 0.0985315 2.37716
-0.384422 0.208665 2.32512
0.313349 0.0535215 2.34642
0.311036 0.189357 2.313
-0.0672709 0.195851 2.41987
-0.0627253 0.496918 2.34227
-0.0580034 0.787375 2.25392
-0.0482309 0.945971 2.2425
-0.22696 0.687116 2.29531
-0.326133 0.437075 2.32602
-0.420819 0.227544 2.34069
-0.432769 0.18681 2.34852
0.109968 0.683354 2.28264
0.188872 0.422396 2.30197
0.265971 0.204019 2.30108
0.285581 0.138941 2.30328
-0.140493 0.194468 2.38794
-0.205336 -0.148279 2.48778
-0.177823 -0.525828 2.62436
-0.197252 -0.606664 2.54641
0.00782601 0.19152 2.38181
0.0356662 -0.165844 2.4774
-0.000175883 -0.534672 2.62587
-0.0121789 -0.615567 2.54635
-0.0592643 0.716327 2.27795
-0.466056 0.0980196 2.36956
-0.386 0.211338 2.31654
0.312776 0.0498165 2.34603
0.297069 0.184714 2.2966
-0.0676586 0.195779 2.41983
-0.0628376 0.496879 2.34225
-0.0579849 0.787336 2.25387
-0.0482075 0.945943 2.24249
-0.226944 0.687161 2.29529
-0.326616 0.437271 2.32557
-0.420724 0.227552 2.34073
-0.434077 0.186506 2.34966
0.109928 0.683121 2.28222
0.188862 0.422315 2.30187
0.265907 0.203908 2.3004
0.284058 0.139468 2.30416
-0.140851 0.194414 2.38791
-0.205658 -0.148373 2.48793
-0.177915 -0.52569 2.62459
-0.197297 -0.606689 2.54655
0.00743203 0.191443 2.38176
0.035479 -0.165477 2.47702
9.34693e-005 -0.534325 2.62561
-0.0124879 -0.614591 2.54678
-0.0592742 0.716295 2.27791
-0.468751 0.100749 2.37796
-0.386731 0.205616 2.32356
0.312668 0.0489986 2.34789
0.306033 0.134371 2.31687
-0.0678574 0.195635 2.41959
-0.0630198 0.496752 2.34209
-0.0581829 0.787232 2.25372
-0.0464791 0.945403 2.24233
-0.226407 0.687026 2.29474
-0.324349 0.43439 2.32397
-0.422004 0.226638 2.34116
-0.43674 0.184968 2.35026
0.109863 0.683165 2.28226
0.188251 0.421669 2.30089
0.265274 0.203284 2.29972
0.281591 0.140353 2.30483
-0.141084 0.194312 2.38769
-0.205871 -0.148677 2.48834
-0.17785 -0.52558 2.62491
-0.197342 -0.606639 2.54678
0.00728296 0.191259 2.3815
0.0354321 -0.165309 2.47569
0.000228915 -0.534362 2.62554
-0.0132225 -0.614338 2.54655
-0.0594553 0.716186 2.27777
-0.468572 0.100094 2.37468
-0.393451 0.197037 2.32621
0.311387 0.054655 2.34488
0.289084 0.148068 2.30533
-0.0678947 0.195465 2.41932
-0.0630068 0.496384 2.34158
-0.0580177 0.786568 2.25281
-0.0374985 0.94239 2.24181
-0.225884 0.686242 2.29282
-0.32701 0.434132 2.32398
-0.42264 0.225503 2.3417
-0.437111 0.183206 2.34912
0.109974 0.683023 2.28189
0.187293 0.420908 2.29964
0.26401 0.202417 2.29847
0.280238 0.140919 2.30209
-0.141166 0.194208 2.38738
-0.205989 -0.148557 2.48818
-0.177755 -0.525484 2.62486
-0.197345 -0.60657 2.54687
0.00729414 0.191015 2.38128
0.0354018 -0.165093 2.47566
0.000405195 -0.534356 2.62595
-0.0129971 -0.613226 2.54828
-0.0593312 0.715605 2.27698
-0.469905 0.101196 2.37292
-0.391349 0.19848 2.32032
0.311177 0.054055 2.34469
0.280997 0.173655 2.3005
-0.0678123 0.195075 2.41869
-0.062545 0.495151 2.34076
-0.0568711 0.784014 2.25176
-0.0176675 0.93442 2.24477
-0.222789 0.685332 2.28725
-0.331562 0.433274 2.32399
-0.423189 0.222876 2.34215
-0.437037 0.183232 2.34846
0.110085 0.68176 2.28218
0.185314 0.417955 2.29752
0.263068 0.199843 2.29644
0.278952 0.141909 2.29954
-0.141275 0.193777 2.38502
-0.206218 -0.148393 2.48797
-0.177867 -0.525469 2.62492
-0.197327 -0.606558 2.54679
0.0074846 0.190557 2.38141
0.0351801 -0.165114 2.47548
0.000464455 -0.534015 2.62591
-0.0130262 -0.613332 2.54816
-0.0583747 0.713419 2.276
-0.467737 0.0999253 2.37043
-0.399422 0.180981 2.32122
0.30735 0.0564153 2.34515
0.303216 0.185266 2.3015
-0.0683701 0.192814 2.41738
-0.0590589 0.491777 2.34036
-0.0467725 0.779126 2.25294
0.00756101 0.920463 2.25255
-0.210994 0.67825 2.27536
-0.338182 0.436331 2.32283
-0.424503 0.223697 2.34147
-0.44147 0.184406 2.34847
0.112658 0.666471 2.28693
0.182249 0.412286 2.29547
0.261202 0.194606 2.29398
0.27245 0.141554 2.29686
-0.142309 0.191785 2.38152
-0.206332 -0.14838 2.48808
-0.177539 -0.525265 2.62504
-0.19709 -0.606038 2.54739
0.00726384 0.18769 2.38222
0.0348955 -0.165058 2.47527
0.000641485 -0.534903 2.62595
-0.0131512 -0.614205 2.54648
-0.0500717 0.708843 2.27671
-0.47241 0.0979963 2.36912
-0.398163 0.199301 2.32093
0.301336 0.0532497 2.34003
0.271269 0.146254 2.3072
-0.0703743 0.189725 2.41562
-0.0579851 0.489617 2.34031
-0.0432778 0.777203 2.25434
0.0175942 0.916389 2.25495
-0.206493 0.675376 2.26974
-0.341895 0.439989 2.31876
-0.427783 0.2272 2.33768
-0.448754 0.182905 2.34234
0.114338 0.654373 2.2913
0.17836 0.409604 2.29469
0.254059 0.190654 2.29073
0.26 0.147351 2.29086
-0.144638 0.189618 2.37838
-0.206651 -0.147499 2.48795
-0.177504 -0.525461 2.62507
-0.197064 -0.605851 2.5471
0.00563744 0.18387 2.38216
0.0330263 -0.163004 2.47336
0.00109784 -0.534869 2.62584
-0.0125617 -0.613426 2.5484
-0.0472037 0.706851 2.27771
-0.479133 0.0980427 2.37054
-0.424422 0.168539 2.32089
0.293036 0.0553063 2.31928
0.281089 0.204896 2.2954
-0.0723649 0.187365 2.41373
-0.0576537 0.487911 2.34032
-0.0415798 0.775743 2.256
0.0222974 0.914502 2.25643
-0.204164 0.672949 2.26707
-0.342674 0.442274 2.31372
-0.432937 0.231341 2.33265
-0.457382 0.178733 2.33428
0.115 0.651099 2.2936
0.174072 0.398549 2.29412
0.251847 0.18037 2.28971
0.253162 0.141759 2.29205
-0.146818 0.1878 2.37493
-0.206899 -0.147285 2.48842
-0.178103 -0.526877 2.62481
-0.19708 -0.605447 2.54775
0.00388603 0.18114 2.38179
0.0313328 -0.162111 2.47205
0.00162751 -0.535627 2.62537
-0.012759 -0.614579 2.54558
-0.045834 0.70535 2.27891
-0.491298 0.0884446 2.36766
-0.412056 0.200365 2.30779
0.284979 0.0542704 2.32238
0.23861 0.162547 2.306
-0.0740475 0.186076 2.41271
-0.0576421 0.486597 2.34013
-0.0405891 0.77444 2.25646
0.0248114 0.913109 2.25682
-0.203163 0.672153 2.26617
-0.345315 0.443007 2.31211
-0.437155 0.23207 2.32568
-0.458365 0.178359 2.32681
0.11497 0.648491 2.29404
0.169225 0.385526 2.29531
0.251754 0.169153 2.2894
0.250992 0.142606 2.29347
-0.148641 0.186963 2.37329
-0.208641 -0.145726 2.48784
-0.178176 -0.52711 2.62491
-0.19718 -0.6053 2.54797
0.00247358 0.179575 2.3816
0.0301371 -0.159276 2.46896
0.00172094 -0.535598 2.62524
-0.0133042 -0.613384 2.54705
-0.0450587 0.704072 2.27924
-0.492516 0.0872856 2.35539
-0.437573 0.155675 2.30015
0.285061 0.0557017 2.32304
0.236655 0.162638 2.3075
-0.0758213 0.184873 2.41225
-0.0577924 0.484861 2.33998
-0.039416 0.772608 2.2566
0.0264357 0.911803 2.25704
-0.202709 0.671743 2.26541
-0.349295 0.445358 2.31056
-0.437966 0.232937 2.32339
-0.45757 0.181657 2.33004
0.114605 0.646449 2.29386
0.168745 0.38873 2.2953
0.248206 0.171208 2.2906
0.25219 0.142484 2.29799
-0.150448 0.18615 2.37244
-0.209759 -0.14506 2.48822
-0.178411 -0.527552 2.62497
-0.197144 -0.605186 2.54861
0.000827339 0.178081 2.38177
0.0290197 -0.159538 2.46827
0.00190847 -0.536293 2.62555
-0.0141894 -0.612967 2.54734
-0.0441729 0.702268 2.27935
-0.490367 0.0929185 2.35825
-0.457892 0.125369 2.31229
0.285394 0.0544905 2.32328
0.271827 0.184639 2.28543
-0.076597 0.184494 2.41205
-0.0580516 0.484331 2.33985
-0.0394206 0.772278 2.25653
0.0269959 0.910864 2.25651
-0.202688 0.671204 2.26471
-0.34936 0.445566 2.30984
-0.438339 0.233352 2.32331
-0.456627 0.181034 2.3361
0.113818 0.645812 2.29311
0.168312 0.394831 2.29503
0.245229 0.176377 2.29121
0.252668 0.143421 2.29521
-0.151359 0.18583 2.37228
-0.210414 -0.144388 2.48848
-0.178483 -0.527369 2.6249
-0.197274 -0.6052 2.54891
0.000244895 0.177699 2.38164
0.028664 -0.158909 2.46822
0.0021982 -0.536095 2.62572
-0.0135838 -0.611882 2.55012
-0.0442031 0.701896 2.27929
-0.488726 0.0951421 2.36533
-0.425382 0.175488 2.31038
0.286254 0.0607065 2.32208
0.273622 0.177722 2.285
-0.0769926 0.184782 2.41214
-0.0585349 0.484472 2.33951
-0.0403766 0.772664 2.2554
0.0228497 0.912127 2.25338
-0.203403 0.671373 2.26462
-0.350138 0.444401 2.30971
-0.439437 0.232529 2.32478
-0.457172 0.178762 2.34026
0.112197 0.650466 2.29257
0.167344 0.399381 2.29513
0.243693 0.180707 2.29146
0.253308 0.148553 2.29834
-0.151727 0.186036 2.37236
-0.2116 -0.143484 2.4888
-0.179102 -0.528102 2.62521
-0.197218 -0.605137 2.54888
-0.000165693 0.178118 2.38181
0.0280322 -0.159281 2.46888
0.00246803 -0.535871 2.6255
-0.013554 -0.611811 2.5497
-0.0449681 0.702201 2.27844
-0.489906 0.0889811 2.37269
-0.413195 0.196085 2.31631
0.288576 0.0636805 2.32714
0.276844 0.185338 2.28584
-0.0767449 0.186853 2.41214
-0.0614127 0.486431 2.33823
-0.0496418 0.775353 2.25181
-0.00561822 0.921426 2.24156
-0.212343 0.675685 2.26764
-0.350424 0.436733 2.31354
-0.441772 0.225553 2.32652
-0.453925 0.176221 2.33781
0.105984 0.667285 2.28552
0.167931 0.404104 2.29555
0.24407 0.185376 2.29293
0.258952 0.149479 2.29862
-0.151443 0.187424 2.37312
-0.21239 -0.143035 2.48876
-0.178714 -0.527483 2.62484
-0.197215 -0.605216 2.54887
0.000107863 0.181274 2.38094
0.0285024 -0.160207 2.46933
0.00247763 -0.535681 2.62543
-0.0136216 -0.613451 2.54709
-0.0523017 0.704726 2.27551
-0.48996 0.0867319 2.36511
-0.41463 0.183762 2.31119
0.292415 0.0609924 2.3287
0.281886 0.190901 2.29493
-0.07621 0.189539 2.41254
-0.0694302 0.490957 2.33584
-0.0679933 0.781428 2.24595
-0.0526685 0.934689 2.22999
-0.236788 0.681851 2.28089
-0.341827 0.431815 2.31626
-0.43236 0.220447 2.33067
-0.4397 0.175231 2.33998
0.100703 0.677622 2.27851
0.173025 0.412401 2.29281
0.2492 0.193731 2.29211
0.270903 0.150994 2.29336
-0.150416 0.189221 2.37631
-0.211699 -0.144159 2.4871
-0.178336 -0.527022 2.62476
-0.197191 -0.605221 2.54871
0.000278803 0.185736 2.37896
0.0291786 -0.161537 2.47061
0.00184144 -0.535117 2.62501
-0.0132281 -0.613246 2.54786
-0.0682359 0.710462 2.27048
-0.476089 0.0887034 2.35999
-0.392572 0.193141 2.309
0.303128 0.0663089 2.3239
0.296222 0.187978 2.296
-0.0761677 0.190525 2.41291
-0.0737482 0.492459 2.33498
-0.0753686 0.783097 2.24407
-0.0872737 0.937729 2.22864
-0.241443 0.681981 2.28424
-0.337419 0.429452 2.3184
-0.420309 0.215024 2.33392
-0.424649 0.17601 2.34325
0.0967638 0.681267 2.27486
0.177528 0.417829 2.29067
0.254256 0.199315 2.2895
0.278418 0.150992 2.29075
-0.150295 0.189596 2.37866
-0.210263 -0.145908 2.48562
-0.177897 -0.526314 2.6246
-0.197173 -0.605271 2.54858
8.92892e-005 0.187505 2.37786
0.0302976 -0.161113 2.47174
0.00183559 -0.535147 2.62531
-0.0129827 -0.613024 2.54856
-0.0749511 0.712077 2.26883
-0.458176 0.0858691 2.36269
-0.388112 0.178899 2.32089
0.309003 0.0605997 2.32697
0.26213 0.183656 2.28818
-0.0766757 0.191284 2.41367
-0.0779257 0.493547 2.33505
-0.0821206 0.784456 2.24374
-0.122979 0.933324 2.23232
-0.249608 0.677859 2.29062
-0.330423 0.424335 2.31996
-0.413098 0.209966 2.33649
-0.416842 0.174021 2.34515
0.0834848 0.687143 2.26791
0.179495 0.424209 2.28865
0.256724 0.205896 2.28847
0.282897 0.147855 2.29285
-0.150746 0.18944 2.38113
-0.20832 -0.146909 2.48556
-0.177339 -0.5258 2.62433
-0.197162 -0.605316 2.54836
-0.00071113 0.189002 2.37736
0.0315184 -0.16055 2.47356
0.00165936 -0.535123 2.62539
-0.0134898 -0.614971 2.54573
-0.0810932 0.713346 2.26859
-0.450052 0.0859356 2.36169
-0.370854 0.186293 2.32318
0.310757 0.0550879 2.33359
0.284471 0.183092 2.29211
-0.0764859 0.191962 2.41433
-0.0897531 0.492482 2.33733
-0.115368 0.77944 2.24954
-0.162325 0.917645 2.24404
-0.259596 0.662241 2.29793
-0.326842 0.41821 2.32148
-0.407332 0.203152 2.33905
-0.410847 0.173599 2.34234
0.0656004 0.688908 2.25852
0.182372 0.424684 2.28775
0.262161 0.207351 2.28823
0.285268 0.151245 2.29891
-0.150304 0.188778 2.38464
-0.205956 -0.148511 2.48534
-0.177401 -0.525815 2.62501
-0.197282 -0.605513 2.54825
-0.000328474 0.190955 2.37609
0.0333324 -0.159848 2.47537
0.00150725 -0.534691 2.62576
-0.013139 -0.614501 2.54768
-0.108418 0.709425 2.2734
-0.441809 0.0852518 2.35838
-0.369198 0.177792 2.323
0.312021 0.0652524 2.34111
0.308783 0.187982 2.29625
-0.0751795 0.19206 2.41525
-0.0926215 0.491512 2.33818
-0.117445 0.778599 2.25084
-0.181073 0.911868 2.2461
-0.26113 0.65343 2.29934
-0.326228 0.409673 2.3215
-0.405635 0.194013 2.33731
-0.409813 0.166772 2.33715
0.0603943 0.688783 2.25609
0.184826 0.428632 2.28603
0.264329 0.211378 2.28969
0.285923 0.15844 2.29977
-0.148219 0.187271 2.38755
-0.204473 -0.14943 2.48099
-0.177518 -0.525558 2.62475
-0.197018 -0.605788 2.54713
0.000770816 0.191751 2.37546
0.0346053 -0.157325 2.47887
0.00094783 -0.534935 2.62675
-0.012474 -0.614276 2.54817
-0.11145 0.708358 2.27453
-0.441825 0.0779843 2.35958
-0.367661 0.173955 2.3177
0.313811 0.0731853 2.34061
0.308559 0.188021 2.2924
-0.0723078 0.191033 2.41628
-0.0925134 0.491074 2.33885
-0.117038 0.778703 2.2514
-0.193897 0.906575 2.2488
-0.263352 0.640972 2.30112
-0.326021 0.405494 2.32067
-0.403426 0.188985 2.33553
-0.407639 0.160826 2.33274
0.0558563 0.686202 2.2531
0.181919 0.436676 2.28203
0.264418 0.220825 2.28961
0.287479 0.169357 2.29335
-0.14578 0.184759 2.38934
-0.204028 -0.150048 2.47838
-0.177745 -0.52532 2.62482
-0.196947 -0.605714 2.54735
0.00398168 0.191813 2.37502
0.037672 -0.151066 2.48345
0.000475499 -0.534588 2.62677
-0.0119905 -0.61455 2.5492
-0.111119 0.708343 2.27513
-0.441219 0.0722588 2.35528
-0.366738 0.169319 2.322
0.318154 0.0788103 2.33487
0.285418 0.20767 2.29467
-0.0699358 0.189806 2.4178
-0.101304 0.486394 2.34149
-0.138314 0.770876 2.25411
-0.202176 0.899337 2.24847
-0.263315 0.637569 2.30087
-0.325088 0.402098 2.31832
-0.397923 0.183659 2.33049
-0.403851 0.155638 2.32874
0.0550413 0.68576 2.25303
0.185019 0.441195 2.27977
0.267579 0.225303 2.28683
0.28961 0.171053 2.28552
-0.143682 0.182707 2.3923
-0.201727 -0.150817 2.47744
-0.178201 -0.524522 2.62416
-0.196918 -0.605752 2.54736
0.0064028 0.191254 2.37459
0.0393758 -0.145605 2.48525
-0.000291833 -0.534513 2.62673
-0.0125099 -0.61454 2.54701
-0.129144 0.701279 2.27797
-0.434229 0.0688551 2.34859
-0.359774 0.165897 2.30373
0.322228 0.0812311 2.32724
0.303473 0.203222 2.281
-0.0687148 0.188408 2.41893
-0.103389 0.484223 2.34226
-0.141568 0.768479 2.25444
-0.206102 0.894484 2.24823
-0.263812 0.630257 2.30138
-0.322859 0.398728 2.31728
-0.39513 0.180053 2.32896
-0.401414 0.151372 2.33097
0.0540283 0.685553 2.25274
0.186301 0.442212 2.27689
0.269733 0.22658 2.28304
0.290405 0.173658 2.28095
-0.142626 0.180722 2.3936
-0.199695 -0.150888 2.4771
-0.178309 -0.52435 2.62445
-0.19675 -0.605893 2.54731
0.00743817 0.190528 2.37515
0.0393293 -0.143249 2.48713
-0.000372239 -0.534816 2.62664
-0.0117336 -0.615353 2.54725
-0.132164 0.698943 2.27842
-0.431128 0.0622161 2.34687
-0.352764 0.175876 2.30062
0.321512 0.0852065 2.31948
0.317737 0.194937 2.27482
-0.0663487 0.187182 2.42013
-0.10375 0.482922 2.34226
-0.142806 0.766849 2.25351
-0.209017 0.889754 2.24591
-0.263572 0.627101 2.30095
-0.321737 0.397316 2.31658
-0.390697 0.177359 2.32644
-0.396738 0.152137 2.32844
0.0534022 0.685299 2.25228
0.187313 0.442231 2.27463
0.271442 0.226711 2.27868
0.289178 0.175134 2.27532
-0.139995 0.178995 2.39504
-0.197835 -0.150979 2.47709
-0.178482 -0.524309 2.62449
-0.19668 -0.606234 2.54638
0.00934915 0.189811 2.37584
0.039414 -0.142259 2.48767
-0.00067317 -0.534539 2.62648
-0.0115485 -0.615134 2.5479
-0.133171 0.697419 2.27776
-0.423855 0.061128 2.3478
-0.353908 0.156612 2.31289
0.322685 0.0856772 2.3108
0.31145 0.20816 2.26039
-0.0657516 0.186814 2.42005
-0.103886 0.481959 2.3418
-0.142942 0.765477 2.25236
-0.208901 0.887953 2.24421
-0.263589 0.626491 2.30065
-0.320828 0.396092 2.31726
-0.3892 0.175888 2.32646
-0.396236 0.151461 2.33147
0.0532693 0.685109 2.25195
0.187961 0.442935 2.27058
0.271794 0.227347 2.27544
0.291104 0.173646 2.27386
-0.139778 0.178664 2.39501
-0.197217 -0.150931 2.47722
-0.178688 -0.523878 2.62452
-0.196616 -0.606492 2.54625
0.0105494 0.189484 2.37556
0.0401324 -0.140739 2.48884
-0.000863074 -0.534212 2.62659
-0.0120099 -0.613823 2.54889
-0.133348 0.696143 2.27678
-0.425547 0.0632048 2.3536
-0.3502 0.155551 2.3096
0.323822 0.0839762 2.30768
0.324329 0.182948 2.27343
-0.0661869 0.18734 2.41971
-0.102794 0.482985 2.33993
-0.136126 0.768398 2.24658
-0.189796 0.900389 2.23675
-0.262464 0.631735 2.2992
-0.318344 0.399377 2.31629
-0.387022 0.179444 2.32745
-0.399619 0.155428 2.33302
0.054162 0.684178 2.24798
0.186412 0.443087 2.26847
0.271455 0.228028 2.274
0.291268 0.169164 2.27593
-0.140427 0.17973 2.39429
-0.196684 -0.151221 2.47742
-0.178475 -0.523549 2.62439
-0.196331 -0.606429 2.54625
0.0101385 0.189549 2.3754
0.0400841 -0.141889 2.49084
-0.00134985 -0.53556 2.62694
-0.0120137 -0.61493 2.54748
-0.128368 0.698515 2.27212
-0.430622 0.0626217 2.35716
-0.360882 0.159114 2.3256
0.325108 0.0786415 2.31691
0.315941 0.205068 2.26975
-0.066913 0.190386 2.4177
-0.0943644 0.488787 2.3332
-0.114506 0.776854 2.23561
-0.157471 0.920476 2.22863
-0.259551 0.652244 2.29135
-0.320318 0.408101 2.3158
-0.39013 0.188799 2.32968
-0.411775 0.15508 2.34011
0.062406 0.688384 2.24735
0.185015 0.435659 2.26862
0.272711 0.221698 2.27382
0.286703 0.167051 2.27628
-0.141367 0.18399 2.39062
-0.196811 -0.151692 2.47758
-0.17857 -0.523372 2.62451
-0.196444 -0.606078 2.54653
0.0095674 0.1915 2.37461
0.0405363 -0.143282 2.4907
-0.00120609 -0.535277 2.6265
-0.0119833 -0.615006 2.54739
-0.109936 0.706444 2.262
-0.439955 0.0651355 2.36092
-0.366607 0.165964 2.31851
0.322751 0.0793628 2.31118
0.305314 0.210588 2.25917
-0.0673348 0.191468 2.4168
-0.0857918 0.492334 2.32967
-0.0960339 0.782697 2.23072
-0.121806 0.932864 2.22248
-0.25396 0.665389 2.28488
-0.322495 0.414225 2.31507
-0.399131 0.197413 2.33022
-0.422139 0.164309 2.33631
0.0737954 0.685929 2.24911
0.184199 0.43063 2.27128
0.269994 0.21583 2.27541
0.280472 0.161521 2.28362
-0.14175 0.186208 2.38855
-0.197276 -0.151747 2.47786
-0.178387 -0.523309 2.62458
-0.1964 -0.606001 2.54629
0.00917093 0.191798 2.37449
0.041394 -0.153176 2.49052
-0.00136095 -0.535225 2.62619
-0.0127426 -0.615705 2.54493
-0.0938048 0.711712 2.2574
-0.454235 0.0748144 2.35839
-0.37472 0.186976 2.31094
0.313801 0.0724436 2.31691
0.306087 0.190195 2.27142
-0.067291 0.191833 2.41501
-0.0812092 0.492533 2.32861
-0.0892177 0.782489 2.2317
-0.0873736 0.936514 2.22033
-0.248893 0.67238 2.28225
-0.327618 0.417478 2.31322
-0.409368 0.202469 2.32732
-0.432805 0.164346 2.33069
0.080568 0.684925 2.25242
0.182197 0.42704 2.27504
0.265564 0.211323 2.2796
0.275483 0.155004 2.28847
-0.141322 0.18696 2.38482
-0.198083 -0.152441 2.47861
-0.17801 -0.523406 2.62437
-0.196665 -0.606189 2.54682
0.00895436 0.191781 2.37416
0.0418298 -0.156338 2.48562
-0.000910974 -0.535872 2.62568
-0.0129307 -0.615418 2.54538
-0.0874518 0.711605 2.25783
-0.463082 0.0743265 2.35494
-0.387626 0.17701 2.29991
0.305527 0.0661381 2.31803
0.294491 0.173539 2.28275
-0.0653503 0.192129 2.41112
-0.0711355 0.491681 2.32763
-0.0720354 0.780011 2.23534
-0.0495538 0.933185 2.22429
-0.238325 0.677 2.27727
-0.328173 0.422895 2.31001
-0.416473 0.210404 2.32285
-0.436769 0.169618 2.32487
0.0960682 0.682763 2.26193
0.179706 0.421565 2.28028
0.260486 0.204737 2.28258
0.270251 0.15121 2.29079
-0.138741 0.18829 2.37926
-0.199605 -0.151885 2.47789
-0.177596 -0.525076 2.62446
-0.19676 -0.605203 2.54866
0.0101259 0.191074 2.3722
0.042003 -0.160904 2.47709
-0.0005658 -0.53558 2.62534
-0.0131182 -0.614921 2.54597
-0.0720114 0.709541 2.26024
-0.469562 0.0808302 2.34345
-0.390651 0.187127 2.29731
0.303062 0.0633586 2.3348
0.264145 0.107485 2.26053
-0.06409 0.192091 2.40938
-0.063112 0.490503 2.32846
-0.0562032 0.777689 2.23954
-0.0175163 0.922076 2.23206
-0.228861 0.678822 2.27312
-0.330364 0.42386 2.30954
-0.417632 0.210841 2.32165
-0.434168 0.169634 2.32413
0.103603 0.678061 2.26818
0.179742 0.416026 2.2841
0.260802 0.199243 2.28491
0.270985 0.156112 2.29441
-0.137085 0.189187 2.37567
-0.202426 -0.151541 2.47517
-0.176729 -0.524715 2.62416
-0.196721 -0.605201 2.54872
0.0111429 0.190268 2.37193
0.0412923 -0.162563 2.47509
-0.00030656 -0.535773 2.62586
-0.012151 -0.611977 2.55071
-0.0581332 0.707491 2.26358
-0.466583 0.0786537 2.34043
-0.394289 0.176967 2.29794
0.305491 0.0734574 2.32382
0.266775 0.117081 2.25959
-0.0636062 0.190143 2.40753
-0.0557225 0.487858 2.32881
-0.0426547 0.775176 2.24188
0.00295939 0.913607 2.23372
-0.220471 0.674031 2.26687
-0.331751 0.424763 2.3087
-0.418046 0.211379 2.32121
-0.431413 0.168784 2.32835
0.110737 0.664505 2.27414
0.180833 0.409027 2.28575
0.262839 0.1926 2.28575
0.272971 0.151178 2.29332
-0.136916 0.187766 2.37144
-0.203005 -0.150945 2.47425
-0.176514 -0.524722 2.62415
-0.196781 -0.605163 2.54858
0.0119074 0.187058 2.37207
0.0416828 -0.161413 2.4717
0.000231438 -0.536639 2.62606
-0.0124937 -0.615185 2.54634
-0.0460581 0.704878 2.26549
-0.459372 0.0797266 2.34819
-0.386421 0.183756 2.3083
0.301983 0.0607479 2.33753
0.270369 0.101315 2.26423
-0.062938 0.187702 2.40523
-0.0498266 0.485194 2.32899
-0.0332368 0.772476 2.2439
0.017528 0.909243 2.23505
-0.212355 0.671677 2.26094
-0.333065 0.428477 2.30847
-0.416607 0.214123 2.32245
-0.427782 0.170283 2.3367
0.11519 0.656332 2.2774
0.1816 0.405963 2.28671
0.263239 0.189381 2.28611
0.271495 0.155157 2.2904
-0.136771 0.186323 2.36811
-0.20317 -0.150337 2.47445
-0.176015 -0.524388 2.62395
-0.196754 -0.604796 2.54914
0.0129068 0.183345 2.37141
0.0417429 -0.162054 2.46954
0.000197528 -0.536713 2.62564
-0.0136865 -0.614659 2.54463
-0.0374473 0.702176 2.26709
-0.456511 0.0803843 2.36715
-0.382847 0.187041 2.3096
0.306124 0.0680868 2.32255
0.26839 0.12023 2.25773
-0.0627083 0.18627 2.4048
-0.0479149 0.483889 2.3293
-0.0305601 0.771334 2.24434
0.0219715 0.907124 2.23473
-0.212469 0.671556 2.26102
-0.332621 0.431896 2.3075
-0.415747 0.217807 2.32498
-0.42802 0.174198 2.33817
0.117976 0.651749 2.27879
0.182221 0.405472 2.28679
0.263485 0.188718 2.28553
0.27549 0.154194 2.28753
-0.136541 0.185471 2.36755
-0.203028 -0.150236 2.47522
-0.176116 -0.525092 2.62373
-0.19673 -0.604818 2.54919
0.0131102 0.181324 2.37147
0.0424692 -0.161332 2.46806
0.000530301 -0.536811 2.62615
-0.0138735 -0.613676 2.54587
-0.0349521 0.700995 2.26752
-0.455273 0.0853591 2.36167
-0.400008 0.161341 2.31233
0.311008 0.0669227 2.31756
0.26891 0.115051 2.25762
-0.0616638 0.184988 2.40406
-0.0459852 0.482894 2.32907
-0.0286603 0.77058 2.24422
0.0240377 0.90596 2.23423
-0.203905 0.670043 2.25614
-0.330624 0.432822 2.30681
-0.415487 0.219692 2.32616
-0.429734 0.174134 2.34091
0.119299 0.649797 2.27897
0.183317 0.404958 2.2863
0.264036 0.187998 2.285
0.27722 0.154906 2.28594
-0.135632 0.184598 2.36676
-0.203319 -0.149466 2.47589
-0.176223 -0.525271 2.62373
-0.196629 -0.60505 2.54941
0.0141533 0.179777 2.37103
0.0433961 -0.159734 2.46643
0.000430121 -0.537134 2.62631
-0.014076 -0.61264 2.5471
-0.0330301 0.700189 2.26739
-0.458332 0.0859004 2.36344
-0.386293 0.183242 2.30351
0.311572 0.0670439 2.32181
0.271086 0.112404 2.25631
-0.0604847 0.184317 2.40383
-0.0440299 0.48198 2.329
-0.0263804 0.76945 2.24386
0.0242368 0.905373 2.23361
-0.204408 0.670569 2.25684
-0.331031 0.433287 2.30772
-0.414988 0.219802 2.32717
-0.426711 0.173845 2.34007
0.119448 0.649912 2.27876
0.184424 0.404649 2.28559
0.264895 0.187623 2.28483
0.27928 0.157037 2.28845
-0.134483 0.183895 2.36642
-0.203345 -0.149073 2.47621
-0.176205 -0.525239 2.62356
-0.196641 -0.605052 2.54943
0.0153179 0.179201 2.37102
0.0437777 -0.160338 2.46662
0.000415268 -0.537288 2.62643
-0.0132498 -0.613766 2.547
-0.0308291 0.699117 2.26713
-0.457308 0.0869024 2.37015
-0.386023 0.183862 2.30882
0.315947 0.0732783 2.31497
0.260029 0.129842 2.26886
-0.0584657 0.183944 2.40511
-0.0433572 0.481792 2.32922
-0.0269081 0.769454 2.24296
0.0197029 0.905927 2.23169
-0.20363 0.670814 2.25674
-0.331442 0.431349 2.30973
-0.414031 0.217443 2.32995
-0.42265 0.16943 2.34233
0.119664 0.654619 2.27726
0.186036 0.406706 2.28362
0.266638 0.1898 2.28439
0.282369 0.15714 2.28867
-0.132463 0.183449 2.36785
-0.203174 -0.148675 2.47661
-0.175998 -0.525541 2.62348
-0.196434 -0.60494 2.54949
0.0173468 0.17897 2.37237
0.0450022 -0.159962 2.46836
0.000303156 -0.537627 2.6255
-0.0130986 -0.615588 2.54572
-0.030957 0.699084 2.26665
-0.448523 0.0805627 2.37247
-0.379531 0.185475 2.313
0.317733 0.0733477 2.32056
0.277591 0.113344 2.2565
-0.0574606 0.185327 2.40561
-0.0458317 0.483595 2.32887
-0.0388427 0.772508 2.24011
0.00137736 0.912609 2.22616
-0.212928 0.673322 2.26237
-0.330716 0.42758 2.31124
-0.413786 0.213776 2.33068
-0.420329 0.168391 2.34261
0.118022 0.667008 2.27346
0.187747 0.406985 2.28298
0.269658 0.190535 2.28275
0.285877 0.153134 2.28748
-0.131167 0.184402 2.36855
-0.202401 -0.148844 2.47804
-0.175927 -0.525844 2.62332
-0.196025 -0.604908 2.5495
0.0180456 0.180932 2.37275
0.0452444 -0.159443 2.47052
0.000427638 -0.536664 2.62478
-0.0128375 -0.616129 2.54567
-0.0401472 0.701896 2.26446
-0.443791 0.0803948 2.36721
-0.387559 0.168893 2.31205
0.315922 0.0635657 2.32735
0.28293 0.108919 2.25382
-0.0567691 0.186217 2.40559
-0.0490576 0.485859 2.32787
-0.0464522 0.775858 2.23807
-0.0255956 0.923598 2.22058
-0.215451 0.675542 2.26497
-0.325628 0.426261 2.3113
-0.408684 0.212094 2.32821
-0.414551 0.169567 2.33404
0.117994 0.672349 2.27023
0.191531 0.412422 2.28226
0.271246 0.195132 2.28227
0.290565 0.153712 2.28792
-0.130446 0.184877 2.36912
-0.201452 -0.14949 2.47938
-0.175714 -0.526037 2.62314
-0.195542 -0.605201 2.5491
0.0188153 0.182576 2.37185
0.0453815 -0.159578 2.47111
-0.000379678 -0.536635 2.62393
-0.0138677 -0.6167 2.54274
-0.0469156 0.705011 2.26259
-0.438948 0.0800074 2.35558
-0.370848 0.186761 2.30858
0.323127 0.0613932 2.33098
0.284453 0.12123 2.25244
-0.05708 0.187067 2.40553
-0.0529347 0.488038 2.32639
-0.0516249 0.778371 2.23538
-0.0565639 0.929975 2.21847
-0.220045 0.677318 2.27149
-0.306083 0.419676 2.30559
-0.403578 0.212343 2.32587
-0.407512 0.167675 2.33147
0.115887 0.676604 2.26678
0.197248 0.417131 2.28261
0.278575 0.200464 2.28286
0.302444 0.146687 2.29054
-0.13089 0.185427 2.37063
-0.199791 -0.150115 2.47795
-0.175748 -0.526158 2.62258
-0.195377 -0.605114 2.54894
0.0181863 0.184262 2.37017
0.0449025 -0.157817 2.47326
-0.00065455 -0.535733 2.62461
-0.014085 -0.613556 2.54524
-0.0519183 0.707424 2.26016
-0.4353 0.081899 2.35439
-0.361309 0.189129 2.30212
0.330692 0.0612278 2.3294
0.246241 0.181221 2.28456
-0.0574261 0.187416 2.40542
-0.0542432 0.488669 2.32606
-0.0531627 0.779178 2.23509
-0.0819159 0.930787 2.21995
-0.222518 0.6756 2.27629
-0.302209 0.418349 2.30599
-0.398812 0.210295 2.32426
-0.40036 0.170013 2.32992
0.112565 0.679275 2.2634
0.200166 0.420476 2.28184
0.283479 0.204636 2.28305
0.306367 0.145667 2.28719
-0.131155 0.185415 2.37165
-0.198627 -0.15056 2.47715
-0.175805 -0.526283 2.62257
-0.195371 -0.604999 2.54907
0.0175253 0.185191 2.3688
0.0462869 -0.15549 2.47324
-0.000840752 -0.535096 2.6241
-0.0134123 -0.613715 2.54561
-0.0534312 0.708175 2.25981
-0.430616 0.0826202 2.36122
-0.358604 0.177752 2.3005
0.336531 0.0587317 2.32697
0.30259 0.104813 2.25506
-0.0573173 0.187608 2.40533
-0.0591386 0.488846 2.32647
-0.0671338 0.77872 2.23738
-0.109759 0.922189 2.22707
-0.226473 0.670986 2.28063
-0.301852 0.417777 2.30854
-0.393872 0.207349 2.32486
-0.396539 0.170928 2.33334
0.105438 0.681287 2.25878
0.205019 0.421113 2.28172
0.286698 0.204628 2.28247
0.307708 0.143984 2.28839
-0.130925 0.18522 2.37248
-0.19531 -0.151483 2.47707
-0.175743 -0.526328 2.62264
-0.194727 -0.605173 2.54827
0.0178407 0.185932 2.36741
0.0485626 -0.153115 2.47311
-0.000896019 -0.535995 2.62456
-0.0127511 -0.613308 2.54707
-0.0649642 0.707886 2.26156
-0.425577 0.0821639 2.36446
-0.366368 0.162872 2.29885
0.335043 0.0543223 2.3314
0.301985 0.105941 2.25492
-0.0569804 0.187346 2.40514
-0.0671973 0.48606 2.32757
-0.0848801 0.772921 2.24033
-0.135715 0.909892 2.23134
-0.234122 0.656254 2.28834
-0.302529 0.416281 2.30985
-0.391483 0.204419 2.32544
-0.395074 0.170053 2.3371
0.103163 0.68058 2.25981
0.208199 0.420996 2.28177
0.288009 0.203781 2.28206
0.304145 0.148076 2.28713
-0.130641 0.184146 2.37366
-0.192902 -0.15259 2.47705
-0.17581 -0.526198 2.62275
-0.19411 -0.605478 2.54738
0.0188058 0.185787 2.366
0.0513144 -0.151538 2.47247
-0.000884277 -0.536254 2.62453
-0.012422 -0.614465 2.5466
-0.08042 0.702805 2.26408
-0.422142 0.0801838 2.3606
-0.354782 0.180074 2.31157
0.332039 0.0571723 2.33509
0.299807 0.10752 2.25385
-0.0552198 0.186615 2.40564
-0.0718284 0.48378 2.32972
-0.0942079 0.76964 2.24401
-0.154372 0.902264 2.23621
-0.236634 0.647273 2.29093
-0.303569 0.411798 2.31342
-0.388369 0.198002 2.32724
-0.391593 0.167913 2.33765
0.0862403 0.679959 2.2494
0.211635 0.420955 2.28075
0.291795 0.203972 2.2827
0.307446 0.157735 2.2879
-0.128339 0.181769 2.37759
-0.189796 -0.151804 2.47402
-0.175956 -0.525816 2.6231
-0.193612 -0.606394 2.54692
0.0207776 0.185747 2.36444
0.0553013 -0.149466 2.47545
-0.000620407 -0.536339 2.62495
-0.0120185 -0.613815 2.54817
-0.088655 0.699726 2.26741
-0.4176 0.0803338 2.36473
-0.347437 0.191351 2.308
0.337036 0.0663506 2.32607
0.299872 0.124972 2.25396
-0.0534909 0.18622 2.40633
-0.0733901 0.483152 2.33076
-0.0984996 0.76882 2.24561
-0.160182 0.898204 2.23777
-0.235433 0.64907 2.28848
-0.303355 0.409125 2.31517
-0.386136 0.194549 2.32914
-0.387927 0.162661 2.33861
0.086562 0.678403 2.2518
0.211456 0.427085 2.27614
0.291974 0.210428 2.28137
0.310498 0.164295 2.27998
-0.126653 0.18081 2.37999
-0.18658 -0.152201 2.47223
-0.176092 -0.52583 2.62296
-0.193077 -0.607358 2.5457
0.022513 0.185859 2.36362
0.0562093 -0.147109 2.47797
-0.000192649 -0.536481 2.625
-0.0123689 -0.614218 2.54827
-0.0922021 0.698952 2.26888
-0.413731 0.0763987 2.36291
-0.345565 0.174052 2.3155
0.344862 0.0731179 2.31906
0.304541 0.122574 2.25051
-0.0523232 0.185769 2.40659
-0.0744212 0.481811 2.33148
-0.100649 0.766357 2.24646
-0.163459 0.895239 2.2391
-0.234802 0.650091 2.28713
-0.303152 0.405622 2.31728
-0.384798 0.190656 2.33154
-0.38447 0.159247 2.34015
0.0893858 0.67623 2.25528
0.211321 0.430322 2.27344
0.292988 0.213992 2.27741
0.311466 0.167045 2.27362
-0.12593 0.18031 2.38091
-0.184844 -0.152762 2.47076
-0.176205 -0.525897 2.62291
-0.192877 -0.607583 2.54559
0.0239202 0.185546 2.36293
0.0566171 -0.146072 2.47853
-0.000692636 -0.535511 2.62369
-0.0122717 -0.614364 2.54868
-0.094122 0.696771 2.26972
-0.41203 0.0694447 2.37899
-0.369332 0.131475 2.31553
0.347617 0.0770457 2.30844
0.278416 0.172926 2.304
-0.0505359 0.183919 2.40827
-0.0765415 0.479801 2.33346
-0.104657 0.7645 2.24847
-0.165477 0.892758 2.23992
-0.237432 0.636242 2.29546
-0.30204 0.40397 2.31849
-0.381566 0.188155 2.33242
-0.384633 0.159371 2.34383
0.0842421 0.675218 2.251
0.211304 0.432251 2.27273
0.293838 0.216208 2.27614
0.310147 0.167058 2.27476
-0.124149 0.177561 2.38329
-0.183002 -0.153617 2.47079
-0.176462 -0.525937 2.62309
-0.192761 -0.607888 2.54562
0.0251026 0.184694 2.36373
0.0562882 -0.145072 2.47925
-0.000553615 -0.53487 2.62303
-0.0127156 -0.613701 2.54973
-0.097696 0.694862 2.27172
-0.408761 0.0707933 2.36937
-0.343035 0.173696 2.31612
0.34554 0.0793668 2.29836
0.276443 0.1709 2.305
-0.0504297 0.183832 2.4083
-0.0766419 0.479679 2.33343
-0.103912 0.764841 2.24779
-0.165587 0.893255 2.24036
-0.237147 0.635976 2.29593
-0.301354 0.403785 2.31831
-0.380552 0.187882 2.33254
-0.384988 0.159643 2.34113
0.0824545 0.676839 2.24893
0.212562 0.431942 2.27245
0.294285 0.215587 2.27586
0.310071 0.162391 2.28019
-0.124104 0.177573 2.38331
-0.182553 -0.153107 2.47098
-0.176704 -0.52608 2.6231
-0.192544 -0.607916 2.54529
0.0252671 0.184483 2.36371
0.0558591 -0.144482 2.48053
-0.000670103 -0.534795 2.62289
-0.0124463 -0.614663 2.54852
-0.0972867 0.695043 2.27126
-0.410699 0.0670932 2.37655
-0.345311 0.173906 2.3141
0.344308 0.0743466 2.31611
0.330526 0.215921 2.2695
-0.0501179 0.184309 2.40798
-0.0754864 0.480997 2.33267
-0.100176 0.767735 2.24613
-0.153099 0.90509 2.24138
-0.237477 0.636214 2.29659
-0.300789 0.404827 2.31869
-0.379912 0.188835 2.33247
-0.386933 0.158932 2.3407
0.0897924 0.679342 2.2538
0.211982 0.425391 2.2737
0.295701 0.209826 2.27675
0.306884 0.160257 2.28079
-0.124058 0.178197 2.38285
-0.182769 -0.152833 2.47057
-0.17696 -0.52604 2.62334
-0.192442 -0.608036 2.54537
0.0257238 0.184927 2.36337
0.0560065 -0.144584 2.48137
-0.000603599 -0.535065 2.62318
-0.0121995 -0.614803 2.54924
-0.0942754 0.697539 2.26982
-0.411636 0.0697508 2.37039
-0.344051 0.17918 2.3108
0.34017 0.0722009 2.31011
0.328215 0.214365 2.26923
-0.0507568 0.186198 2.40778
-0.0692245 0.486948 2.32981
-0.0799115 0.779393 2.23859
-0.118063 0.925533 2.23566
-0.23291 0.658043 2.29288
-0.292431 0.410167 2.31535
-0.37821 0.19715 2.33225
-0.390382 0.159567 2.34093
0.0929534 0.682272 2.25323
0.207751 0.425704 2.2742
0.291987 0.210323 2.27705
0.301625 0.155668 2.28155
-0.124896 0.181202 2.38132
-0.185253 -0.153125 2.47137
-0.177194 -0.525756 2.62331
-0.19285 -0.608027 2.54558
0.0250434 0.186258 2.36406
0.0552839 -0.146717 2.48109
-0.000391887 -0.533478 2.62201
-0.0120743 -0.614042 2.55126
-0.0777495 0.707821 2.26349
-0.413896 0.0678228 2.37746
-0.344433 0.182836 2.31306
0.333837 0.0660956 2.31707
0.324874 0.198791 2.26872
-0.0514794 0.186915 2.4077
-0.062402 0.488928 2.32919
-0.0664789 0.780724 2.23897
-0.0719735 0.93495 2.23085
-0.227379 0.671077 2.28709
-0.29948 0.415701 2.31507
-0.382133 0.201643 2.33367
-0.401106 0.16145 2.343
0.104553 0.67953 2.2626
0.202405 0.423822 2.27739
0.282034 0.206639 2.27993
0.289464 0.151263 2.28449
-0.125654 0.182785 2.37986
-0.189228 -0.153506 2.47474
-0.176937 -0.525795 2.62331
-0.192735 -0.607602 2.54588
0.024064 0.186493 2.36505
0.0550206 -0.149619 2.47768
-0.000467014 -0.533978 2.62332
-0.0122286 -0.613757 2.55071
-0.0656782 0.709412 2.26349
-0.426739 0.0756286 2.37471
-0.369603 0.154807 2.31557
0.31789 0.0599749 2.32519
0.313468 0.18314 2.2756
-0.0507637 0.187543 2.40708
-0.0568402 0.489262 2.32928
-0.0587444 0.779929 2.24091
-0.0436518 0.932204 2.22998
-0.224316 0.674542 2.28595
-0.298442 0.415579 2.31386
-0.390022 0.205616 2.33456
-0.411072 0.162015 2.34136
0.110715 0.679481 2.26735
0.19708 0.420665 2.2813
0.275646 0.202969 2.28133
0.28183 0.150562 2.28521
-0.124239 0.184084 2.37737
-0.190125 -0.154194 2.47541
-0.176366 -0.526183 2.6233
-0.192955 -0.606833 2.54624
0.024498 0.186608 2.36549
0.0530372 -0.154076 2.47675
-0.000404077 -0.534226 2.62334
-0.0129156 -0.613838 2.54832
-0.0584062 0.708891 2.26494
-0.43749 0.0663278 2.37319
-0.364487 0.186487 2.30922
0.312732 0.0609831 2.31519
0.303495 0.196767 2.28013
