-0.204848 0.377274 2.58978
-0.205919 0.686118 2.52412
-0.206595 0.982466 2.44705
-0.196229 1.12215 2.39604
-0.361581 0.884959 2.4117
-0.476406 0.765953 2.24443
-0.527144 0.642757 2.0555
-0.559907 0.540999 1.85825
-0.053243 0.86868 2.40935
0.0589791 0.738437 2.24721
0.1028 0.629811 1.9608
0.123536 0.572003 1.80252
-0.285325 0.369128 2.55239
-0.33766 -0.10751 2.64953
-0.363597 -0.495774 2.74641
-0.384048 -0.574918 2.66582
-0.118274 0.374335 2.54993
-0.0637708 -0.0851093 2.67194
-0.00978452 -0.493063 2.75724
0.0109442 -0.56403 2.66944
-0.206575 0.910219 2.46844
-0.556554 0.490581 1.7858
-0.542256 0.592225 1.80522
0.124406 0.53085 1.73912
0.129627 0.563985 1.73542
-0.205072 0.377477 2.58967
-0.20648 0.686078 2.52354
-0.207479 0.982028 2.44563
-0.197201 1.12179 2.39474
-0.362056 0.885187 2.41214
-0.476951 0.765951 2.24509
-0.528554 0.641919 2.05697
-0.560008 0.539803 1.85891
-0.0536057 0.867686 2.40225
0.0608444 0.736007 2.24302
0.101232 0.62902 1.95573
0.121843 0.573074 1.8008
-0.285412 0.369274 2.55237
-0.338023 -0.107393 2.64928
-0.363647 -0.495726 2.74629
-0.384594 -0.574679 2.66748
-0.118693 0.374578 2.54966
-0.0638142 -0.085017 2.67177
-0.00997411 -0.492873 2.75739
0.0107925 -0.563851 2.66943
-0.20739 0.909887 2.46726
-0.557074 0.485235 1.79118
-0.543333 0.59172 1.80715
0.124659 0.531743 1.74121
0.127724 0.565264 1.7362
-0.205245 0.377579 2.58954
-0.206895 0.685948 2.52317
-0.208036 0.981607 2.445
-0.198007 1.1214 2.3936
-0.362585 0.88533 2.41249
-0.477168 0.765925 2.24534
-0.529077 0.641054 2.05788
-0.559706 0.539228 1.85878
-0.0541873 0.867281 2.40164
0.0603652 0.735622 2.24247
0.100107 0.629311 1.95537
0.122629 0.572735 1.80032
-0.28546 0.369308 2.55236
-0.33821 -0.107389 2.64899
-0.363999 -0.496104 2.74655
-0.384664 -0.574641 2.67029
-0.119069 0.374766 2.54927
-0.0638769 -0.085217 2.67164
-0.00981803 -0.492511 2.75731
0.010912 -0.564005 2.66863
-0.207925 0.909534 2.46669
-0.558577 0.491185 1.78123
-0.543463 0.592493 1.8087
0.123927 0.529324 1.73976
0.13014 0.564443 1.73644
-0.205571 0.377527 2.58888
-0.207187 0.685787 2.52259
-0.208228 0.981448 2.44447
-0.198514 1.12089 2.39229
-0.362929 0.885169 2.41261
-0.477447 0.765822 2.24537
-0.529426 0.640938 2.05793
-0.55897 0.539427 1.85592
-0.0542079 0.867126 2.39987
0.0602803 0.735202 2.24087
0.0993642 0.62999 1.95698
0.123782 0.570316 1.8004
-0.285633 0.369209 2.55185
-0.338614 -0.106004 2.64717
-0.363966 -0.496111 2.74652
-0.386623 -0.575007 2.67317
-0.119528 0.37474 2.54841
-0.0638297 -0.0855262 2.67128
-0.00963593 -0.49246 2.75694
0.0105673 -0.563601 2.66936
-0.208146 0.909371 2.46615
-0.554565 0.482727 1.78243
-0.543261 0.591857 1.8067
0.127389 0.529451 1.74304
0.0940631 0.613155 1.77167
-0.205775 0.377616 2.58852
-0.207604 0.685584 2.52184
-0.208708 0.980968 2.44333
-0.198711 1.12058 2.39084
-0.363152 0.885061 2.4119
-0.477851 0.765311 2.24447
-0.529506 0.639772 2.05739
-0.558476 0.536237 1.85505
-0.0545668 0.866462 2.40027
0.0596421 0.735205 2.24049
0.0980772 0.630558 1.96028
0.125073 0.56804 1.80119
-0.285886 0.369345 2.55157
-0.338996 -0.105928 2.64621
-0.364013 -0.496347 2.74646
-0.386413 -0.573579 2.6757
-0.119677 0.374757 2.54794
-0.0643389 -0.0784725 2.66552
-0.0092437 -0.492184 2.75552
0.0111415 -0.564124 2.66953
-0.208622 0.908951 2.46511
-0.553452 0.482517 1.78166
-0.542782 0.587253 1.80751
0.12754 0.523366 1.7447
0.13295 0.559145 1.73459
-0.205704 0.37805 2.58986
-0.207627 0.685403 2.52141
-0.208601 0.97942 2.43872
-0.197981 1.11801 2.38367
-0.362843 0.883178 2.40364
-0.480351 0.76237 2.23981
-0.529648 0.636276 2.05243
-0.55653 0.528456 1.85231
-0.0542971 0.866007 2.3979
0.0597716 0.733297 2.23926
0.0994086 0.62555 1.95481
0.126546 0.560873 1.79617
-0.285973 0.369824 2.55308
-0.340073 -0.104831 2.64391
-0.363833 -0.496517 2.74601
-0.386177 -0.573625 2.67455
-0.119431 0.375121 2.54918
-0.0629584 -0.081148 2.65622
-0.00853282 -0.491559 2.75439
0.00850486 -0.562073 2.67167
-0.208558 0.907835 2.46191
-0.553489 0.478226 1.78105
-0.542313 0.573941 1.81275
0.128778 0.517644 1.7379
0.0983194 0.606753 1.76766
-0.207131 0.378262 2.60793
-0.207912 0.681453 2.52156
-0.208033 0.965106 2.4221
-0.196156 1.10215 2.36332
-0.360972 0.877689 2.39923
-0.477845 0.757064 2.23476
-0.527268 0.60844 2.03324
-0.552799 0.506392 1.84442
-0.0550707 0.860617 2.39495
0.0286828 0.736922 2.20771
0.0897765 0.620908 1.95104
0.12804 0.538867 1.78375
-0.288436 0.370674 2.56976
-0.343615 -0.103004 2.63286
-0.36411 -0.496765 2.74526
-0.386966 -0.573966 2.67481
-0.11967 0.374636 2.56876
-0.0566004 -0.0807198 2.63624
-0.00865047 -0.49149 2.75375
0.00923734 -0.562001 2.67083
-0.208317 0.896344 2.4504
-0.548014 0.454106 1.77299
-0.532209 0.558745 1.80217
0.13034 0.491536 1.72964
0.0992051 0.580673 1.75047
-0.209021 0.35636 2.66429
-0.20855 0.631679 2.53655
-0.207082 0.888874 2.39515
-0.193009 1.02367 2.33125
-0.355947 0.818886 2.3797
-0.473036 0.69913 2.21479
-0.521736 0.564376 2.02501
-0.551134 0.454631 1.82739
-0.0546573 0.798997 2.3769
0.0301818 0.686191 2.18603
0.0885406 0.572463 1.98389
0.126625 0.490053 1.75894
-0.292039 0.3518 2.62773
-0.358947 -0.0973273 2.6072
-0.366475 -0.499022 2.74327
-0.388534 -0.574502 2.67145
-0.119921 0.350547 2.62338
-0.0354951 -0.0843983 2.59939
-0.00948675 -0.49048 2.74807
0.00829981 -0.558511 2.67187
-0.207653 0.826666 2.43334
-0.54717 0.404586 1.75625
-0.537373 0.498101 1.78733
0.129026 0.454434 1.70725
0.0970804 0.533276 1.7286
-0.20544 0.310336 2.7123
-0.206894 0.564954 2.55634
-0.207109 0.806445 2.38742
-0.191611 0.937788 2.3206
-0.350215 0.741011 2.37801
-0.468419 0.629335 2.20825
-0.519112 0.504532 2.02051
-0.550305 0.391334 1.81975
-0.0581166 0.729796 2.37558
0.0252431 0.615429 2.18197
0.0827184 0.512122 1.92639
0.122725 0.428414 1.7468
-0.289821 0.307497 2.67555
-0.373551 -0.101596 2.5894
-0.367775 -0.500761 2.74241
-0.397902 -0.577538 2.66949
-0.115143 0.304281 2.67135
-0.0276713 -0.0956268 2.58274
-0.00830927 -0.490957 2.74344
0.00864922 -0.558057 2.67175
-0.207272 0.747801 2.43213
-0.548648 0.338191 1.74941
-0.532213 0.434304 1.76393
0.122886 0.389011 1.69918
0.0921355 0.473042 1.71958
-0.206748 0.254603 2.74791
-0.206922 0.493127 2.57345
-0.205394 0.72046 2.38543
-0.189922 0.844954 2.3127
-0.34701 0.673993 2.38428
-0.461987 0.559392 2.21423
-0.517412 0.404244 2.01529
-0.551239 0.305852 1.82243
-0.0634708 0.664356 2.37928
0.020007 0.551682 2.18784
0.077424 0.433463 1.92071
0.118664 0.345763 1.74448
-0.291645 0.252094 2.70979
-0.39003 -0.130044 2.56431
-0.369349 -0.504987 2.73875
-0.400633 -0.577791 2.66939
-0.11599 0.249825 2.70823
-0.0205874 -0.133995 2.56021
-0.0102328 -0.496827 2.73984
0.00997883 -0.562263 2.66913
-0.206055 0.665244 2.43489
-0.55103 0.25689 1.74997
-0.529029 0.348689 1.772
0.117535 0.308753 1.69978
0.0856622 0.394537 1.7284
-0.204493 0.28315 2.87413
-0.203324 0.457896 2.63702
-0.201682 0.634769 2.38695
-0.190227 0.758852 2.31326
-0.343338 0.597481 2.38497
-0.460697 0.476206 2.2219
-0.516185 0.343471 2.024
-0.552877 0.218984 1.82514
-0.0695214 0.595215 2.38552
0.0160836 0.476057 2.19762
0.078466 0.346621 1.93207
0.120284 0.257393 1.75529
-0.291814 0.276257 2.83396
-0.387428 -0.117423 2.55942
-0.369459 -0.505739 2.73254
-0.398525 -0.575864 2.66603
-0.11162 0.282371 2.83642
-0.0302776 -0.126554 2.55505
-0.012932 -0.498161 2.73709
0.0108222 -0.562963 2.66738
-0.203049 0.59582 2.44609
-0.551856 0.162533 1.75722
-0.526069 0.26713 1.7614
0.117927 0.214566 1.71119
0.133915 0.267704 1.71495
-0.207196 0.25043 2.90065
-0.209736 0.407534 2.65137
-0.210897 0.55568 2.38921
-0.194317 0.670754 2.31309
-0.345154 0.497853 2.38908
-0.432776 0.372866 2.20946
-0.503681 0.2242 2.00737
-0.549068 0.114319 1.83876
-0.0711497 0.481691 2.39956
0.0195723 0.375125 2.208
0.0896026 0.255465 1.99445
0.131616 0.150397 1.79126
-0.292425 0.246995 2.86025
-0.392041 -0.105697 2.54027
-0.36733 -0.508571 2.72692
-0.401525 -0.577987 2.66959
-0.116781 0.247296 2.86327
-0.0347765 -0.10512 2.54054
-0.0161419 -0.499581 2.73316
0.0102803 -0.564361 2.66557
-0.211051 0.519459 2.45586
-0.546896 0.058095 1.77099
-0.523685 0.166914 1.7652
0.134755 0.112329 1.73721
0.098699 0.189188 1.75673
-0.214662 0.218611 2.90881
-0.215269 0.369887 2.65778
-0.214696 0.514987 2.39387
-0.198037 0.627315 2.31583
-0.347478 0.466311 2.38722
-0.46638 0.344492 2.22624
-0.518261 0.196965 2.02728
-0.544121 0.0618955 1.85005
-0.0737754 0.447782 2.40344
0.0174883 0.333613 2.21713
0.0862696 0.211041 2.02381
0.138654 0.0911914 1.80422
-0.299433 0.217557 2.86862
-0.394722 -0.109438 2.53312
-0.366231 -0.509431 2.7206
-0.401924 -0.578556 2.67409
-0.124173 0.213787 2.87099
-0.0365544 -0.110071 2.53229
-0.0164805 -0.502044 2.73083
0.0111901 -0.567217 2.66273
-0.215109 0.479711 2.46211
-0.540229 0.0024647 1.78063
-0.522706 0.115194 1.7848
0.138395 0.0473423 1.75186
0.105656 0.133308 1.76733
-0.218141 0.202505 2.90724
-0.217063 0.355607 2.65825
-0.214852 0.502126 2.39589
-0.199446 0.614451 2.31672
-0.348624 0.452925 2.38786
-0.468143 0.33221 2.22656
-0.515014 0.190089 2.03942
-0.544673 0.0557516 1.84918
-0.0735803 0.439942 2.40064
0.0189385 0.319734 2.21615
0.0871732 0.203998 2.02273
0.13656 0.08486 1.80393
-0.30247 0.200431 2.86669
-0.396833 -0.116181 2.52397
-0.365083 -0.510622 2.71798
-0.403638 -0.58097 2.66987
-0.127937 0.199114 2.86976
-0.038298 -0.116316 2.52436
-0.0169083 -0.502183 2.72279
0.0114007 -0.568854 2.66244
-0.215648 0.466564 2.46389
-0.543497 0.00262342 1.77562
-0.522997 0.111801 1.78272
0.134791 0.0407904 1.74714
0.103791 0.12991 1.77133
-0.221694 0.0983288 2.82228
-0.220714 0.325657 2.62113
-0.217423 0.547046 2.39739
-0.209424 0.661917 2.32087
-0.352163 0.474005 2.38667
-0.479126 0.372455 2.21775
-0.527626 0.218066 1.99492
-0.54844 0.129041 1.83664
-0.0708157 0.475389 2.39078
0.0444386 0.357018 2.22226
0.110282 0.26931 2.0183
0.125957 0.162351 1.78988
-0.30435 0.0966343 2.78058
-0.426655 -0.153881 2.44821
-0.367282 -0.506459 2.71084
-0.39951 -0.578345 2.67046
-0.132754 0.0977122 2.78593
-0.0185002 -0.143688 2.44111
0.00233537 -0.545243 2.65437
0.0141275 -0.582772 2.68427
-0.218356 0.492631 2.45568
-0.546898 0.0756818 1.76023
-0.526969 0.187704 1.7846
0.126108 0.117061 1.73247
0.0936986 0.202719 1.75583
-0.224891 0.171739 2.79892
-0.225315 0.410306 2.60112
-0.224588 0.641218 2.39125
-0.215393 0.761292 2.31753
-0.361743 0.578888 2.38355
-0.483146 0.47164 2.21364
-0.520697 0.348123 2.02196
-0.550402 0.227703 1.82295
-0.0787333 0.571695 2.38207
0.0121706 0.447706 2.18937
0.0756401 0.325125 1.93792
0.115388 0.254216 1.77221
-0.307778 0.169473 2.75935
-0.422401 -0.124958 2.46525
-0.394127 -0.540367 2.65273
-0.398639 -0.578809 2.68278
-0.135718 0.169258 2.76046
-0.0251929 -0.12358 2.46035
-0.00155928 -0.532218 2.66093
-0.00242932 -0.600205 2.56344
-0.225004 0.584796 2.44599
-0.550384 0.174286 1.74561
-0.530332 0.277722 1.76887
0.11631 0.208033 1.71761
0.0836636 0.299027 1.74958
-0.228982 0.262865 2.71931
-0.228743 0.509486 2.55811
-0.227064 0.746944 2.38461
-0.219495 0.880032 2.31836
-0.364569 0.68366 2.37482
-0.482629 0.575466 2.20276
-0.523594 0.418381 1.95234
-0.554876 0.333621 1.81344
-0.086985 0.669884 2.36959
0.00205806 0.556988 2.18088
0.0634708 0.430287 1.92912
0.103702 0.348597 1.76536
-0.314325 0.259937 2.68008
-0.39259 -0.129276 2.54233
-0.371383 -0.505577 2.71813
-0.398714 -0.576204 2.67161
-0.137068 0.25827 2.68073
-0.0507149 -0.12962 2.5387
-0.018322 -0.500493 2.72816
0.00998111 -0.565371 2.66076
-0.227739 0.689047 2.43027
-0.555904 0.277316 1.74113
-0.527086 0.381644 1.75838
0.0988748 0.297716 1.70938
0.10873 0.341891 1.70588
-0.227938 0.321735 2.68975
-0.227242 0.58705 2.54226
-0.225149 0.845559 2.3841
-0.217218 0.971367 2.32566
-0.371419 0.765274 2.37104
-0.490365 0.650636 2.20397
-0.543492 0.533375 2.01203
-0.568735 0.430172 1.81536
-0.0859091 0.746132 2.36532
0.0368597 0.624999 2.20405
0.0680622 0.501699 1.92745
0.0925314 0.431675 1.76961
-0.312256 0.317371 2.65309
-0.388916 -0.10374 2.56308
-0.373413 -0.505702 2.72981
-0.39952 -0.575718 2.67434
-0.137039 0.316871 2.64868
-0.0584075 -0.116403 2.55366
-0.0148784 -0.502522 2.73538
0.00985077 -0.564934 2.66114
-0.225912 0.782247 2.42568
-0.569517 0.369019 1.74409
-0.541139 0.476495 1.76662
0.0895875 0.382861 1.71279
0.057712 0.475781 1.7413
-0.231589 0.376685 2.64107
-0.228022 0.660542 2.52407
-0.222465 0.938006 2.39338
-0.21616 1.0726 2.34686
-0.373155 0.851761 2.37647
-0.495296 0.738952 2.21051
-0.550805 0.620305 2.0201
-0.585604 0.518097 1.82466
-0.0819134 0.820612 2.36708
0.043208 0.713839 2.19732
0.0654318 0.587889 1.92858
0.087205 0.528323 1.78052
-0.313173 0.370373 2.6012
-0.375083 -0.067389 2.60466
-0.374173 -0.491807 2.73988
-0.396903 -0.572466 2.67683
-0.143244 0.371981 2.60306
-0.0704923 -0.0797423 2.59244
-0.0119744 -0.500049 2.74247
0.0103881 -0.564344 2.66211
-0.224203 0.869657 2.42789
-0.587284 0.458564 1.75133
-0.557005 0.562826 1.76844
0.0914936 0.49296 1.72894
0.0565209 0.556214 1.7502
-0.230668 0.393747 2.6148
-0.226705 0.685762 2.51548
-0.221273 0.97052 2.40338
-0.215031 1.10999 2.36078
-0.375027 0.881777 2.38407
-0.495749 0.769032 2.21691
-0.55302 0.655657 2.02377
-0.583587 0.560287 1.82579
-0.0791676 0.867885 2.37227
0.0363368 0.745605 2.20603
0.0574965 0.628461 1.93062
0.0788856 0.573382 1.76528
-0.311204 0.385771 2.57781
-0.357348 -0.0724558 2.63269
-0.373705 -0.491894 2.741
-0.394217 -0.569146 2.68025
-0.143387 0.389898 2.5743
-0.0717186 -0.0690862 2.61731
-0.010745 -0.497683 2.74529
0.0103898 -0.563542 2.66495
-0.22286 0.90073 2.43318
-0.584479 0.502147 1.75217
-0.557951 0.605215 1.77443
0.0807014 0.532695 1.70829
0.0455441 0.616588 1.7396
-0.230337 0.395954 2.59995
-0.226501 0.692998 2.51171
-0.22128 0.983213 2.4094
-0.212867 1.12311 2.36839
-0.375882 0.891162 2.3894
-0.495282 0.780398 2.21983
-0.552302 0.671054 2.02426
-0.579164 0.584425 1.82682
-0.0785687 0.866992 2.37413
0.0392811 0.757632 2.20051
0.0555999 0.654565 1.92258
0.0758423 0.602918 1.75847
-0.310157 0.388846 2.56369
-0.352914 -0.0820223 2.64319
-0.37215 -0.492835 2.745
-0.393321 -0.567434 2.68362
-0.143812 0.391072 2.55861
-0.0722436 -0.065428 2.63015
-0.00994395 -0.495395 2.74757
0.0104947 -0.562285 2.66697
-0.222796 0.911938 2.43649
-0.578096 0.52566 1.75182
-0.553446 0.627769 1.776
0.0743567 0.561605 1.69838
0.0775705 0.589054 1.69467
-0.228599 0.395592 2.59449
-0.225273 0.69494 2.51005
-0.220314 0.985722 2.41128
-0.21139 1.1252 2.37016
-0.375405 0.892856 2.39142
-0.494892 0.783426 2.22101
-0.552236 0.674583 2.02526
-0.581485 0.581281 1.82514
-0.0776503 0.867982 2.37515
0.0459639 0.763338 2.20283
0.0565128 0.66084 1.92208
0.080124 0.603622 1.7554
-0.308398 0.388421 2.55851
-0.351914 -0.0782731 2.6374
-0.371779 -0.492884 2.74535
-0.395214 -0.568728 2.68317
-0.142074 0.390873 2.55309
-0.0699665 -0.0797871 2.63607
-0.00974355 -0.495528 2.74891
0.0104541 -0.56207 2.6671
-0.2218 0.914396 2.43762
-0.581942 0.525794 1.75154
-0.556638 0.625565 1.7739
0.0803393 0.560681 1.70141
0.0438971 0.648554 1.7304
-0.21997 0.384116 2.60926
-0.219546 0.67886 2.51324
-0.216813 0.95703 2.40427
-0.205711 1.0943 2.35958
-0.36804 0.873683 2.389
-0.493611 0.766922 2.22167
-0.552322 0.647962 2.03246
-0.588334 0.532579 1.83302
-0.0722692 0.855774 2.3752
0.0110397 0.747338 2.18095
0.0605171 0.635363 1.91991
0.0933825 0.559762 1.75782
-0.300375 0.378492 2.57236
-0.360935 -0.0736577 2.60805
-0.371373 -0.49315 2.74337
-0.394966 -0.569928 2.68057
-0.133024 0.378282 2.56882
-0.0516663 -0.0695781 2.59594
-0.0105936 -0.497037 2.74862
0.00971964 -0.56078 2.66725
-0.217636 0.889677 2.43399
-0.590006 0.47465 1.76206
-0.557734 0.574381 1.78477
0.092443 0.51313 1.70178
0.0595723 0.600981 1.72964
-0.211706 0.358662 2.64992
-0.213008 0.637124 2.5274
-0.212608 0.898744 2.39337
-0.200807 1.03196 2.33998
-0.361164 0.828057 2.38176
-0.49221 0.71485 2.22378
-0.558254 0.586363 2.03933
-0.597569 0.469296 1.84196
-0.0650414 0.808974 2.37121
0.0205898 0.691171 2.1838
0.0719542 0.577603 1.92293
0.104832 0.502986 1.76308
-0.293359 0.354214 2.61259
-0.371813 -0.0782287 2.59441
-0.372296 -0.494189 2.74073
-0.399572 -0.575097 2.67133
-0.123818 0.352603 2.60976
-0.033493 -0.0859813 2.58325
-0.0108587 -0.496109 2.7452
0.00859627 -0.558547 2.66749
-0.212891 0.835496 2.42949
-0.598752 0.414419 1.77293
-0.56969 0.512006 1.79987
0.100455 0.454142 1.71096
0.0698846 0.543124 1.73731
-0.206773 0.31235 2.69665
-0.209794 0.570232 2.54902
-0.211515 0.81656 2.38833
-0.198101 0.948511 2.3282
-0.357613 0.747337 2.38366
-0.495235 0.643701 2.22514
-0.566371 0.517245 2.04589
-0.610439 0.394089 1.84909
-0.0617741 0.736134 2.37273
0.0307579 0.624301 2.18513
0.087027 0.508081 1.92917
0.123678 0.43138 1.77055
-0.288622 0.308727 2.66037
-0.383681 -0.0873953 2.57904
-0.372506 -0.496993 2.73785
-0.400116 -0.574153 2.67443
-0.118952 0.306953 2.65524
-0.0235209 -0.0939583 2.57168
-0.0117931 -0.497576 2.74286
0.00854117 -0.560789 2.66773
-0.211301 0.75657 2.43092
-0.613715 0.337054 1.7812
-0.574452 0.438103 1.78255
0.120949 0.39231 1.71394
0.0887647 0.472126 1.7454
-0.202407 0.228374 2.75053
-0.20684 0.465123 2.58093
-0.209388 0.693311 2.39599
-0.199593 0.82096 2.33123
-0.356325 0.627692 2.39083
-0.503135 0.530468 2.23753
-0.577156 0.404516 2.05938
-0.627715 0.274179 1.86798
-0.0606291 0.623356 2.38828
0.0388494 0.50988 2.20574
0.1051 0.393447 1.94954
0.146343 0.320186 1.79259
-0.287372 0.225576 2.71245
-0.407221 -0.143618 2.54749
-0.374298 -0.502788 2.72978
-0.403354 -0.574672 2.67073
-0.112172 0.224954 2.7102
-0.00878033 -0.147073 2.53381
-0.0148766 -0.498544 2.73501
0.0100614 -0.563209 2.6659
-0.208982 0.636916 2.44477
-0.632173 0.221015 1.80482
-0.589584 0.320638 1.79922
0.147554 0.280921 1.73496
0.111896 0.35964 1.76922
-0.203821 0.253049 2.87402
-0.206113 0.435928 2.64583
-0.206938 0.623921 2.40363
-0.201563 0.729933 2.33344
-0.355718 0.570023 2.40114
-0.496278 0.451587 2.25772
-0.570114 0.313447 2.08929
-0.631349 0.174992 1.89306
-0.0656786 0.575988 2.39569
0.0400244 0.433925 2.2187
0.110222 0.313783 1.97827
0.155791 0.217784 1.81883
-0.289335 0.244627 2.83426
-0.395389 -0.127705 2.54642
-0.371401 -0.504839 2.72551
-0.402771 -0.576095 2.66808
-0.112768 0.254609 2.83583
-0.022298 -0.133574 2.5412
-0.0193826 -0.502701 2.73877
0.00965437 -0.563649 2.66528
-0.206863 0.574959 2.45785
-0.635329 0.11938 1.82462
-0.596053 0.224002 1.8206
0.151868 0.162787 1.76318
0.120991 0.258228 1.7938
-0.202015 0.113125 2.79746
-0.208324 0.336277 2.6124
-0.213229 0.552138 2.41434
-0.205133 0.663637 2.3381
-0.356591 0.493841 2.41091
-0.500383 0.382657 2.26514
-0.591611 0.182793 2.04977
-0.627379 0.0784454 1.92495
-0.0693598 0.481752 2.41195
0.0719448 0.365027 2.26524
0.133197 0.244257 2.07789
0.162766 0.146518 1.8718
-0.286876 0.108572 2.75544
-0.419671 -0.204148 2.49431
-0.367027 -0.507866 2.72399
-0.401244 -0.57946 2.67
-0.111481 0.114482 2.7613
-0.00494613 -0.206635 2.4949
-0.0205478 -0.503691 2.73767
0.00912996 -0.566681 2.66896
-0.212254 0.499346 2.46632
-0.631236 0.0236981 1.8593
-0.592089 0.12971 1.83817
0.166396 0.0927454 1.80163
0.134582 0.163567 1.83488
-0.202498 0.198747 2.91142
-0.208368 0.354873 2.67215
-0.214263 0.507084 2.42018
-0.209784 0.614364 2.33851
-0.356574 0.452502 2.41374
-0.467255 0.307334 2.26697
-0.555376 0.150753 2.10253
-0.619927 -0.00519353 1.95519
-0.0632378 0.443131 2.4136
0.0685533 0.303003 2.28016
0.130337 0.172144 2.1003
0.159882 0.0522995 1.90215
-0.286836 0.19558 2.87185
-0.385765 -0.138779 2.5241
-0.364194 -0.508416 2.71908
-0.397999 -0.579541 2.67705
-0.11326 0.196512 2.87309
-0.0386122 -0.12717 2.53014
-0.0211092 -0.500992 2.72392
0.0101007 -0.568838 2.66414
-0.213655 0.470159 2.48293
-0.620293 -0.0637431 1.89405
-0.596474 0.0437196 1.88518
0.156861 -0.00849121 1.83405
0.131225 0.0773788 1.87067
-0.204492 0.197153 2.91396
-0.210423 0.351539 2.67424
-0.215867 0.500692 2.42194
-0.210884 0.609361 2.33772
-0.358457 0.447753 2.41421
-0.498116 0.310867 2.28965
-0.569392 0.167327 2.1252
-0.622023 -0.00791466 1.96317
-0.0643013 0.436158 2.41388
0.0351822 0.29461 2.25393
0.11109 0.155953 2.07403
0.154233 0.0256259 1.8989
-0.287803 0.19439 2.87483
-0.384374 -0.129222 2.5255
-0.362247 -0.509941 2.71722
-0.396025 -0.580599 2.68101
-0.116063 0.194559 2.87519
-0.0399567 -0.122109 2.53087
-0.0210808 -0.499782 2.72077
0.0100601 -0.56919 2.664
-0.215182 0.464287 2.48614
-0.622173 -0.0714606 1.90657
-0.59752 0.0439212 1.88942
0.156949 -0.0332556 1.85488
0.116239 0.0556532 1.85867
-0.208278 0.123471 2.83089
-0.215674 0.341878 2.62749
-0.220975 0.542688 2.41365
-0.214729 0.650458 2.33406
-0.36369 0.483579 2.40913
-0.507499 0.354529 2.28062
-0.572426 0.200106 2.12371
-0.606808 0.143414 2.05312
-0.0724629 0.471548 2.41251
0.0617406 0.338988 2.27322
0.125053 0.201959 2.09868
0.151075 0.0751969 1.90041
-0.289483 0.120372 2.78975
-0.40536 -0.163811 2.48568
-0.362717 -0.509511 2.71636
-0.39619 -0.579242 2.67974
-0.121315 0.123161 2.79387
-0.0229178 -0.162993 2.48286
-0.0204819 -0.500187 2.72176
0.0100756 -0.569589 2.6639
-0.21939 0.491732 2.47588
-0.621558 0.0660594 1.96912
-0.601 0.108081 1.943
0.152016 0.00898238 1.84639
0.112415 0.100013 1.85171
-0.205258 0.17611 2.81835
-0.211457 0.402679 2.61999
-0.216174 0.622467 2.40904
-0.218858 0.74557 2.32855
-0.368046 0.569865 2.39921
-0.505529 0.434578 2.26939
-0.591877 0.234786 2.05173
-0.623012 0.133357 1.94203
-0.0709678 0.550241 2.39961
0.0528831 0.402452 2.26612
0.113788 0.245726 2.02184
0.141952 0.157743 1.88987
-0.286655 0.173721 2.77814
-0.411168 -0.118701 2.48634
-0.39136 -0.541836 2.6584
-0.397575 -0.582685 2.68645
-0.118081 0.173839 2.78049
-0.0219699 -0.118562 2.47459
-0.00425686 -0.533731 2.6632
-0.00671752 -0.602783 2.56714
-0.215249 0.568773 2.46428
-0.623668 0.0675251 1.8786
-0.59893 0.184148 1.87456
0.143034 0.0871117 1.83145
0.105505 0.183377 1.8384
-0.212436 0.283686 2.72647
-0.217135 0.534511 2.56894
-0.220423 0.77461 2.40037
-0.216463 0.912035 2.3322
-0.368065 0.707137 2.39659
-0.498246 0.568874 2.26105
-0.56772 0.431061 2.09009
-0.604624 0.273966 1.92869
-0.0723161 0.688264 2.38315
0.0526937 0.53514 2.2569
0.103736 0.40085 2.07564
0.12396 0.276643 1.87383
-0.295611 0.278731 2.68925
-0.382851 -0.112092 2.56574
-0.368766 -0.503231 2.72391
-0.398085 -0.576036 2.6783
-0.123191 0.28062 2.68569
-0.0481737 -0.116568 2.5593
-0.0196169 -0.507059 2.74138
0.0082031 -0.567871 2.6668
-0.219879 0.716556 2.44468
-0.606282 0.206308 1.8568
-0.580502 0.321271 1.85682
0.123872 0.209756 1.82217
0.0906714 0.30923 1.82625
-0.222806 0.337247 2.69759
-0.218999 0.609121 2.56287
-0.214151 0.873745 2.40121
-0.212834 1.01547 2.34796
-0.369722 0.799123 2.39874
-0.491726 0.650949 2.25401
-0.558689 0.498454 2.09513
-0.588447 0.364307 1.92452
-0.0678337 0.765889 2.38023
0.0480966 0.605742 2.25345
0.108438 0.470083 2.0217
0.111061 0.35749 1.87582
-0.302338 0.335491 2.66375
-0.372295 -0.0679534 2.60184
-0.370816 -0.482504 2.72692
-0.395183 -0.571185 2.67674
-0.136873 0.329316 2.65371
-0.0426665 -0.0699841 2.58289
-0.0108851 -0.504195 2.72637
0.00955524 -0.573329 2.66601
-0.216255 0.806235 2.44303
-0.591131 0.300478 1.86085
-0.564038 0.412176 1.85985
0.112674 0.290946 1.82673
0.0824704 0.393411 1.83108
-0.219981 0.386517 2.6495
-0.217319 0.672882 2.53653
-0.21322 0.953998 2.41427
-0.210097 1.0943 2.37642
-0.366399 0.861038 2.41013
-0.488041 0.720014 2.26824
-0.548869 0.547042 2.07968
-0.577778 0.430786 1.92461
-0.0670722 0.837051 2.38328
0.0390755 0.672292 2.25311
0.0822546 0.504743 2.00957
0.10307 0.428673 1.87503
-0.299403 0.381353 2.61541
-0.358031 -0.0823439 2.62453
-0.370142 -0.488519 2.73487
-0.395778 -0.571831 2.67427
-0.134169 0.380418 2.60617
-0.0624569 -0.0868181 2.61291
-0.015949 -0.504082 2.74766
0.00757252 -0.563503 2.6679
-0.214486 0.88526 2.44653
-0.580835 0.366132 1.85603
-0.558853 0.478613 1.8548
0.110697 0.362674 1.82195
0.0741738 0.464292 1.831
-0.221351 0.400627 2.6256
-0.217262 0.696372 2.5323
-0.211734 0.987247 2.42851
-0.208631 1.13405 2.39903
-0.366193 0.89255 2.42156
-0.482545 0.750561 2.27387
-0.546311 0.579159 2.05682
-0.571258 0.475601 1.92049
-0.0665684 0.864253 2.39162
0.0422464 0.710739 2.24959
0.0734556 0.577965 2.00739
0.0950687 0.488917 1.87324
-0.299478 0.394773 2.59135
-0.34793 -0.0885789 2.6543
-0.368519 -0.488973 2.74213
-0.389833 -0.564943 2.68163
-0.136683 0.394696 2.58254
-0.0691839 -0.0778645 2.64726
-0.0151607 -0.50312 2.75021
0.00736944 -0.561543 2.66794
-0.213359 0.91596 2.45596
-0.57661 0.411043 1.85964
-0.552716 0.524178 1.85835
0.106646 0.425186 1.80147
0.0699856 0.525464 1.82227
-0.220368 0.402803 2.61025
-0.216735 0.703823 2.53242
-0.211465 1.00014 2.44485
-0.208401 1.14848 2.41948
-0.366047 0.902701 2.43061
-0.481672 0.764791 2.27555
-0.541223 0.615303 2.07042
-0.569781 0.513618 1.91105
-0.0662523 0.871803 2.39824
0.0454171 0.723886 2.25236
0.0698256 0.603128 1.99957
0.0898277 0.54257 1.84985
-0.297798 0.396498 2.57725
-0.345019 -0.0926065 2.67029
-0.36702 -0.489474 2.7479
-0.390612 -0.565345 2.68056
-0.136413 0.397195 2.56593
-0.0686352 -0.0867111 2.67614
-0.0139443 -0.501376 2.75348
0.00753893 -0.560773 2.66841
-0.212961 0.927794 2.46795
-0.571855 0.447716 1.84072
-0.55156 0.560611 1.85014
0.0991214 0.483044 1.77681
0.0635021 0.577994 1.807
-0.219283 0.40339 2.60687
-0.215813 0.705916 2.53214
-0.210545 1.00157 2.44669
-0.208557 1.14992 2.42171
-0.365826 0.903818 2.43303
-0.48199 0.768681 2.27361
-0.545093 0.608284 2.05215
-0.572526 0.518695 1.90347
-0.0660094 0.873401 2.39996
0.0458966 0.728286 2.25133
0.0698729 0.607839 1.99672
0.0929212 0.544519 1.84078
-0.296747 0.396794 2.5738
-0.344449 -0.0921118 2.66887
-0.366936 -0.489554 2.74928
-0.391004 -0.565622 2.68206
-0.135312 0.398026 2.56257
-0.0684161 -0.0888681 2.66876
-0.0134955 -0.500689 2.75478
0.00774375 -0.56064 2.66838
-0.212073 0.929389 2.46957
-0.576064 0.456655 1.83479
-0.552921 0.564966 1.84147
0.0987416 0.486518 1.77518
0.065769 0.579032 1.80538
-0.215382 0.402053 2.61326
-0.214279 0.703346 2.53339
-0.210482 0.991365 2.44313
-0.206554 1.13586 2.41106
-0.364159 0.897965 2.42958
-0.482544 0.764307 2.2713
-0.539651 0.625777 2.08761
-0.57727 0.495647 1.90229
-0.0658708 0.873215 2.4001
0.0459531 0.727944 2.25156
0.0741739 0.600192 1.9907
0.0966707 0.517768 1.84042
-0.293751 0.395051 2.57929
-0.345248 -0.0934932 2.64493
-0.36706 -0.490175 2.74896
-0.391727 -0.566807 2.68311
-0.130498 0.397249 2.57003
-0.0629223 -0.0828829 2.6323
-0.0133439 -0.500807 2.75418
0.00736578 -0.559981 2.66843
-0.211514 0.92182 2.46805
-0.580086 0.432536 1.83014
-0.554139 0.543947 1.83963
0.102224 0.461669 1.77911
0.0698291 0.552878 1.80042
-0.207293 0.371079 2.65892
-0.208384 0.650979 2.54821
-0.208085 0.914168 2.42427
-0.20119 1.05738 2.37623
-0.358224 0.83883 2.41906
-0.481742 0.704518 2.26451
-0.544495 0.55841 2.08644
-0.583558 0.417768 1.90751
-0.0609669 0.820096 2.39813
0.0477454 0.670087 2.25227
0.0818634 0.517852 1.9896
0.10135 0.430461 1.84149
-0.288612 0.36638 2.62321
-0.360951 -0.0869839 2.60569
-0.36825 -0.493435 2.7441
-0.395044 -0.570676 2.67418
-0.119884 0.364963 2.6172
-0.0406102 -0.0871694 2.59092
-0.0137319 -0.501171 2.74997
0.00744506 -0.559972 2.668
-0.208325 0.850407 2.45789
-0.586884 0.357785 1.84231
-0.560621 0.461165 1.8555
0.102184 0.377548 1.78467
0.072231 0.472725 1.80717
-0.205139 0.317313 2.70485
-0.205792 0.576844 2.56857
-0.205165 0.825226 2.41945
-0.196403 0.959452 2.35968
-0.354955 0.762031 2.41181
-0.481118 0.627153 2.26825
-0.549605 0.486239 2.09934
-0.592796 0.331389 1.91629
-0.058894 0.742399 2.3996
0.0505509 0.592085 2.25495
0.08534 0.445246 2.00073
0.106154 0.353169 1.84962
-0.287862 0.313353 2.66885
-0.372566 -0.0965235 2.58357
-0.369236 -0.497776 2.74101
-0.396585 -0.57191 2.66911
-0.116454 0.312153 2.66313
-0.031369 -0.097703 2.5709
-0.0139669 -0.502407 2.74468
0.00833303 -0.562728 2.66567
-0.205544 0.76471 2.45908
-0.596469 0.273786 1.85627
-0.564227 0.372829 1.85257
0.109303 0.295548 1.7926
0.0784434 0.391247 1.80809
-0.203217 0.241222 2.74472
-0.203169 0.494223 2.58871
-0.20458 0.724817 2.41835
-0.194193 0.860225 2.35227
-0.355384 0.667104 2.41408
-0.462746 0.512964 2.25524
-0.544515 0.350747 2.07233
-0.603266 0.221338 1.92752
-0.058622 0.651446 2.40465
0.0540143 0.504748 2.25906
0.0997532 0.376649 2.07184
0.11379 0.259411 1.8569
-0.284277 0.23726 2.70668
-0.39599 -0.136441 2.54667
-0.370811 -0.497976 2.72946
-0.400592 -0.573506 2.67461
-0.116284 0.23811 2.7051
-0.0243959 -0.140884 2.53935
-0.0176027 -0.503853 2.74401
0.00120118 -0.574123 2.68594
-0.204167 0.670789 2.46349
-0.606399 0.158816 1.87371
-0.571258 0.270597 1.84417
0.115517 0.198052 1.80095
0.0825526 0.298462 1.81718
-0.201209 0.176215 2.77425
-0.204236 0.410867 2.60477
-0.206043 0.635837 2.42258
-0.193718 0.754844 2.34948
-0.353929 0.571646 2.41975
-0.488705 0.437165 2.28574
-0.555234 0.285865 2.12607
-0.576005 0.241352 2.08757
-0.0613898 0.564461 2.41323
0.0467861 0.406994 2.27674
0.106105 0.293163 2.08424
0.125003 0.172463 1.88642
-0.284577 0.171907 2.73456
-0.406411 -0.177073 2.52475
-0.368335 -0.503513 2.72709
-0.401134 -0.576291 2.67022
-0.112166 0.175348 2.73576
-0.0186426 -0.180201 2.51786
-0.0191762 -0.505134 2.73925
0.00780769 -0.570501 2.67376
-0.205837 0.58097 2.47052
-0.591638 0.179972 1.98569
-0.574755 0.274251 2.07217
0.125716 0.112174 1.80994
0.0930572 0.193857 1.84257
-0.201916 0.188239 2.89737
-0.205189 0.352147 2.67156
-0.20555 0.520823 2.4312
-0.197831 0.635526 2.34935
-0.35593 0.468821 2.42419
-0.486833 0.319687 2.30429
-0.556093 0.166601 2.14811
-0.575113 0.108133 2.11698
-0.0587748 0.470053 2.41887
0.0275542 0.315255 2.259
0.0923104 0.169543 2.07921
0.128638 0.0301016 1.89332
-0.287903 0.183149 2.85789
-0.385565 -0.156708 2.53506
-0.365996 -0.506186 2.72302
-0.39714 -0.577551 2.68294
-0.110475 0.188255 2.85877
-0.0395883 -0.159587 2.53401
-0.0183433 -0.503745 2.72873
0.00882055 -0.570212 2.66651
-0.20486 0.481367 2.48721
-0.597032 0.0401207 2.02132
-0.568173 0.0741717 2.1364
0.132756 -0.0357772 1.84435
0.0926209 0.0673885 1.84838
-0.199872 0.171753 2.91506
-0.206734 0.323277 2.6831
-0.212738 0.467959 2.4378
-0.200424 0.582482 2.35149
-0.358533 0.420531 2.42499
-0.484063 0.257003 2.31584
-0.565852 0.063097 2.14432
-0.582171 0.013696 2.1128
-0.0589042 0.40319 2.4266
0.0570584 0.251155 2.2914
0.112188 0.101715 2.11721
0.134316 -0.0161257 1.95896
-0.281772 0.170031 2.8774
-0.38686 -0.127834 2.51671
-0.361826 -0.512997 2.72098
-0.397387 -0.579379 2.68187
-0.11272 0.168654 2.87496
-0.0428654 -0.13873 2.52214
-0.0227039 -0.502216 2.7223
0.00917451 -0.569881 2.66531
-0.21149 0.432603 2.50129
-0.581748 -0.0480127 2.01552
-0.576543 -0.0116409 2.11013
0.140204 -0.0793638 1.88438
0.103863 -0.00911397 1.90555
-0.199216 0.158741 2.92083
-0.207449 0.305508 2.68651
-0.214447 0.446435 2.43889
-0.20169 0.559895 2.35114
-0.360976 0.39881 2.42757
-0.484903 0.233474 2.32509
-0.562581 0.0523421 2.15744
-0.581411 -0.00326797 2.13417
-0.0586955 0.382841 2.42629
0.0618877 0.230985 2.29558
0.127324 0.0161464 2.08493
0.134383 -0.0754684 1.96073
-0.279884 0.157574 2.88348
-0.378699 -0.137874 2.51875
-0.357583 -0.514565 2.71944
-0.394471 -0.578012 2.67418
-0.11324 0.155613 2.88013
-0.0513543 -0.146206 2.52577
-0.0296338 -0.503201 2.71729
0.00664785 -0.569548 2.66806
-0.212963 0.412117 2.50318
-0.589295 -0.0679091 2.04327
-0.568199 -0.0202757 2.15392
0.142196 -0.149978 1.90125
0.100357 -0.0567946 1.91136
-0.207955 0.0517902 2.84245
-0.210536 0.268709 2.64442
-0.211542 0.481415 2.43313
-0.203169 0.58906 2.34742
-0.361723 0.421806 2.42266
-0.485065 0.249919 2.31744
-0.561401 0.0858484 2.16924
-0.586364 0.0167038 2.11101
-0.0563736 0.415044 2.41713
0.0546502 0.246023 2.30097
0.113308 0.0887175 2.13215
0.133132 -0.0429382 1.95719
-0.286501 0.0525136 2.80464
-0.399584 -0.167858 2.44649
-0.356614 -0.515097 2.71897
-0.395284 -0.580263 2.67758
-0.123738 0.0498851 2.80221
-0.0292476 -0.167201 2.43455
-0.0310438 -0.503091 2.71652
0.00805693 -0.570562 2.66545
-0.211532 0.428272 2.49234
-0.598237 -0.0568602 2.02438
-0.588508 -0.0638372 2.08458
0.138564 -0.124462 1.9067
0.0991374 -0.0231669 1.90037
-0.211962 0.136138 2.82046
-0.21055 0.360153 2.6256
-0.207707 0.57686 2.4181
-0.205437 0.69261 2.33636
-0.361337 0.530761 2.40892
-0.46702 0.34694 2.28319
-0.545139 0.153346 2.14225
-0.589724 0.0783176 2.07043
-0.0581062 0.501365 2.40083
0.0531645 0.330862 2.28662
0.10491 0.177978 2.11682
0.132191 0.0592992 1.94792
-0.291239 0.138773 2.78111
-0.398837 -0.141226 2.46908
-0.383187 -0.555744 2.65918
-0.395826 -0.581571 2.69473
-0.126806 0.12991 2.78163
-0.034127 -0.144993 2.45763
-0.0103618 -0.554826 2.65566
0.0162484 -0.579065 2.68889
-0.208661 0.52424 2.47231
-0.60345 0.0137443 1.99578
-0.587383 0.0142273 2.05786
0.138157 -0.00648765 1.87245
0.105005 0.0829638 1.90075
-0.198387 0.223958 2.74892
-0.204589 0.462553 2.58093
-0.209114 0.689879 2.40161
-0.205439 0.822034 2.32835
-0.362118 0.62584 2.39762
-0.488088 0.463629 2.29017
-0.561285 0.24101 2.09093
-0.587421 0.15046 2.02166
-0.0636678 0.609249 2.38449
0.0590704 0.454173 2.25883
0.0985972 0.297726 2.09385
0.119053 0.166983 1.9211
-0.281429 0.221095 2.71092
-0.390689 -0.152006 2.54748
-0.36505 -0.503354 2.71831
-0.399213 -0.577804 2.67949
-0.109808 0.221007 2.70832
-0.0486906 -0.163211 2.54078
-0.0234867 -0.502601 2.72913
0.00880975 -0.567978 2.66355
-0.208226 0.634779 2.44872
-0.594109 0.0919967 1.95403
-0.576827 0.11508 2.03268
0.122103 0.0899206 1.85075
0.0827522 0.191669 1.87
-0.204337 0.312515 2.70347
-0.207935 0.564774 2.55272
-0.21025 0.809886 2.39042
-0.206007 0.950817 2.33071
-0.363745 0.736099 2.39022
-0.484618 0.57386 2.27532
-0.54543 0.390135 2.11302
-0.566999 0.308372 2.03724
-0.0646135 0.723475 2.36958
0.0463056 0.555357 2.24945
0.0913185 0.378058 2.06899
0.102339 0.258835 1.90661
-0.285267 0.307407 2.66922
-0.37791 -0.106023 2.56981
-0.366366 -0.506069 2.7267
-0.402201 -0.577098 2.67545
-0.117533 0.308513 2.66004
-0.051817 -0.120162 2.55831
-0.0179629 -0.506621 2.74259
0.00846767 -0.566899 2.66596
-0.209895 0.749788 2.43316
-0.577716 0.244824 1.9606
-0.561483 0.245773 2.01925
0.101865 0.177208 1.85308
0.0712488 0.288983 1.84833
-0.217194 0.38463 2.64537
-0.215126 0.658945 2.52663
-0.211806 0.925904 2.39725
-0.204618 1.0719 2.35906
-0.361785 0.846365 2.39185
-0.476575 0.681659 2.27295
-0.533865 0.525963 2.11175
-0.548398 0.448324 2.04525
-0.0622649 0.819575 2.3684
0.0420124 0.647041 2.24792
0.0751547 0.499917 2.07244
0.0849381 0.371772 1.89426
-0.295742 0.381337 2.61091
-0.362933 -0.0844826 2.60789
-0.369367 -0.499911 2.73333
-0.396791 -0.573065 2.6709
-0.13226 0.376705 2.60242
-0.0590381 -0.100855 2.59213
-0.0158558 -0.505951 2.74339
0.00840229 -0.565048 2.66359
-0.212876 0.860636 2.43152
-0.554812 0.3829 1.9539
-0.542205 0.393598 2.024
0.0863813 0.299903 1.8353
0.0584989 0.40761 1.8379
-0.218294 0.403167 2.62115
-0.215939 0.690378 2.52085
-0.21253 0.972105 2.41139
-0.203308 1.11787 2.38513
-0.362238 0.88257 2.40203
-0.473341 0.717441 2.27486
-0.534933 0.535327 2.08439
-0.556158 0.416264 1.94793
-0.0604978 0.855191 2.37559
0.0384433 0.682182 2.25075
0.0605776 0.519373 2.01898
0.0799488 0.434517 1.87984
-0.295346 0.398343 2.5881
-0.352425 -0.0884934 2.6383
-0.368919 -0.494835 2.73924
-0.39175 -0.568036 2.67654
-0.134879 0.39618 2.57683
-0.0657136 -0.0820868 2.6213
-0.0151014 -0.505363 2.74532
0.00825844 -0.563325 2.66331
-0.213583 0.90316 2.44038
-0.556493 0.353298 1.88657
-0.544952 0.387928 1.96781
0.0806322 0.369035 1.82716
0.0566422 0.472533 1.83127
-0.217548 0.407465 2.60411
-0.214798 0.700601 2.52012
-0.210008 0.990185 2.42666
-0.202527 1.1397 2.40893
-0.361384 0.894268 2.41087
-0.473808 0.740001 2.27497
-0.538024 0.546541 2.06345
-0.558772 0.454315 1.93908
-0.0608 0.871354 2.3882
0.0353669 0.70787 2.24805
0.059695 0.566163 2.02275
0.0765687 0.478454 1.87341
-0.294261 0.401718 2.57029
-0.346054 -0.092791 2.65282
-0.367636 -0.493328 2.74348
-0.390062 -0.564675 2.68227
-0.134377 0.401117 2.56063
-0.0695314 -0.0856388 2.64921
-0.0147651 -0.503277 2.7493
0.00755371 -0.561937 2.66618
-0.211443 0.919295 2.45113
-0.557987 0.389368 1.87432
-0.548424 0.424192 1.95921
0.0768673 0.411777 1.81114
0.0548154 0.518678 1.82983
-0.217316 0.408043 2.59832
-0.2145 0.704216 2.5205
-0.209985 0.995019 2.43334
-0.202346 1.14477 2.41809
-0.361919 0.899698 2.41672
-0.476892 0.747041 2.27293
-0.542906 0.550917 2.04632
-0.565933 0.468855 1.93227
-0.0615431 0.875278 2.39366
0.0362353 0.717053 2.24839
0.0602504 0.579704 2.01846
0.080467 0.498779 1.86021
-0.29379 0.401905 2.5635
-0.344313 -0.0956824 2.65661
-0.367186 -0.49269 2.74572
-0.391682 -0.565542 2.68414
-0.134335 0.401989 2.55572
-0.0705247 -0.0881616 2.65883
-0.0139287 -0.501412 2.75242
0.00789613 -0.56112 2.6667
-0.211301 0.924092 2.45656
-0.564281 0.402619 1.86555
-0.555807 0.436403 1.95256
0.080749 0.434343 1.80526
0.0585188 0.537376 1.82238
-0.216176 0.405747 2.60614
-0.214514 0.701849 2.52261
-0.211647 0.985129 2.43017
-0.204698 1.1312 2.40842
-0.361673 0.893569 2.41265
-0.480587 0.743625 2.26902
-0.546398 0.565019 2.06349
-0.579845 0.438384 1.93233
-0.0624664 0.872627 2.39549
0.0377211 0.711974 2.25494
0.0767418 0.574784 2.02457
0.0885404 0.481664 1.87217
-0.293167 0.399388 2.56993
-0.346581 -0.093344 2.64057
-0.367207 -0.491906 2.74579
-0.391572 -0.565887 2.6835
-0.132664 0.400155 2.5652
-0.0612841 -0.0901352 2.62903
-0.0138353 -0.50125 2.7524
0.0073626 -0.559652 2.66793
-0.212421 0.916776 2.45568
-0.581442 0.370201 1.8707
-0.57227 0.402811 1.95371
0.0914069 0.415877 1.80303
0.0674612 0.505561 1.8251
-0.213163 0.384569 2.64569
-0.214168 0.666951 2.53663
-0.214018 0.932583 2.41653
-0.206206 1.07468 2.38197
-0.360931 0.853144 2.40167
-0.465535 0.685654 2.24241
-0.535976 0.524041 2.07522
-0.588546 0.381523 1.93739
-0.0643596 0.831108 2.39213
0.043922 0.673986 2.25405
0.0722821 0.515674 2.00169
0.0922712 0.416576 1.865
-0.292217 0.379988 2.6076
-0.35931 -0.0845257 2.61775
-0.368135 -0.492773 2.74474
-0.395165 -0.569799 2.68147
-0.127698 0.377822 2.60657
-0.0448017 -0.0880612 2.60018
-0.0140395 -0.500012 2.74916
0.00735148 -0.559358 2.66772
-0.214215 0.868285 2.44922
-0.593039 0.316558 1.88142
-0.580077 0.355905 1.96679
0.0945817 0.35127 1.80705
0.0628101 0.451236 1.81908
-0.204358 0.343704 2.69106
-0.207848 0.604786 2.55783
-0.209843 0.852789 2.41139
-0.205275 0.993086 2.35882
-0.3614 0.783986 2.39869
-0.488228 0.638118 2.26789
-0.553902 0.481977 2.11218
-0.574876 0.407452 2.05796
-0.0630565 0.770022 2.39255
0.0334121 0.598898 2.2633
0.0822824 0.476696 2.07275
0.0958934 0.33718 1.87682
-0.284354 0.338342 2.65425
-0.374943 -0.0842661 2.59947
-0.370457 -0.496598 2.74114
-0.402246 -0.575862 2.67597
-0.118447 0.339163 2.65029
-0.0325044 -0.0928947 2.58547
-0.0137039 -0.500782 2.74777
0.00722248 -0.560436 2.66697
-0.209572 0.792551 2.45045
-0.583348 0.329385 1.96282
-0.572852 0.360699 1.9375
0.0972958 0.271994 1.81966
0.0631355 0.369373 1.83227
-0.202954 0.256626 2.7455
-0.206817 0.507782 2.58767
-0.208921 0.738479 2.4158
-0.202083 0.871688 2.34964
-0.359617 0.676355 2.40668
-0.467138 0.509059 2.2692
-0.546466 0.336777 2.11974
-0.592639 0.26635 2.05879
-0.0613811 0.666504 2.40478
0.0439061 0.503238 2.27273
0.0900646 0.352599 2.0894
0.103388 0.221094 1.90426
-0.282888 0.250963 2.70785
-0.403273 -0.125033 2.56409
-0.374117 -0.495887 2.73272
-0.401767 -0.573328 2.66877
-0.11722 0.254843 2.70549
-0.0235516 -0.129442 2.55732
-0.0146228 -0.497476 2.73981
0.00864348 -0.562138 2.66939
-0.208681 0.683729 2.46123
-0.605104 0.194989 1.97123
-0.582611 0.240167 1.95275
0.102038 0.152748 1.84155
0.0653581 0.245188 1.85
-0.202712 0.196327 2.779
-0.206472 0.424359 2.60799
-0.208812 0.644692 2.42348
-0.201991 0.769767 2.35224
-0.359154 0.58577 2.41315
-0.497656 0.441989 2.29511
-0.565437 0.268959 2.16147
-0.596867 0.206288 2.10363
-0.0619404 0.570898 2.41596
0.0634965 0.426722 2.27983
0.103156 0.27327 2.10907
0.120461 0.147022 1.93412
-0.285923 0.192191 2.7391
-0.417578 -0.160678 2.54486
-0.372433 -0.503152 2.73131
-0.405607 -0.576107 2.67211
-0.113785 0.194853 2.74086
-0.018775 -0.1677 2.53764
-0.0165836 -0.503799 2.74282
0.0106566 -0.564156 2.66695
-0.208457 0.59065 2.47204
-0.60476 0.121419 2.01837
-0.597052 0.150983 1.9922
0.119851 0.0753087 1.86207
0.0906846 0.164569 1.88986
-0.206433 0.126981 2.80315
-0.209104 0.347195 2.62361
-0.210332 0.559696 2.43105
-0.203063 0.676146 2.35662
-0.358555 0.502069 2.42156
-0.495984 0.352649 2.31077
-0.582286 0.178533 2.15661
-0.610134 0.110225 2.11573
-0.060283 0.494468 2.4267
0.0617833 0.339799 2.30059
0.11477 0.193524 2.11406
0.132949 0.0517646 1.94764
-0.289197 0.124231 2.76083
-0.433288 -0.193317 2.51378
-0.371844 -0.506378 2.72873
-0.408093 -0.578692 2.67321
-0.11791 0.126169 2.76735
-0.0135187 -0.203146 2.5115
-0.0170724 -0.502975 2.73667
0.0108026 -0.565921 2.66628
-0.210284 0.507818 2.4816
-0.615652 0.0345316 2.02705
-0.60722 0.0554988 2.00225
0.134229 -0.0242214 1.88167
0.101575 0.0740864 1.90377
-0.186707 0.178006 2.92421
-0.203228 0.31872 2.68902
-0.216479 0.466237 2.44031
-0.204983 0.57748 2.35999
-0.360383 0.434552 2.42556
-0.500695 0.252607 2.32784
-0.596021 0.0622077 2.1836
-0.62198 0.0160355 2.14744
-0.0603765 0.389511 2.43458
0.0691456 0.239305 2.3116
0.126737 0.0855785 2.14111
0.154595 -0.0494815 1.99925
-0.271106 0.182446 2.89002
-0.399788 -0.167671 2.54234
-0.36818 -0.508796 2.72136
-0.406526 -0.578938 2.67444
-0.0972964 0.168808 2.88026
-0.0383985 -0.168093 2.54378
-0.0206732 -0.503073 2.7264
0.011641 -0.568577 2.66365
-0.213768 0.430076 2.49675
-0.631876 -0.0520398 2.04932
-0.61177 0.0320126 2.1106
0.160332 -0.118991 1.93415
0.119413 -0.0407722 1.94623
-0.203264 0.165953 2.94613
-0.208546 0.298994 2.70304
-0.215397 0.429827 2.44671
-0.208426 0.54268 2.36044
-0.365326 0.378053 2.43386
-0.504803 0.223234 2.33684
-0.616404 -0.00109352 2.18356
-0.635985 -0.0515952 2.14791
-0.0600084 0.369579 2.43505
0.058694 0.203385 2.32351
0.143237 -0.0132453 2.12219
0.163534 -0.074506 2.05648
-0.283446 0.164183 2.90945
-0.394632 -0.127862 2.53617
-0.367334 -0.508637 2.71876
-0.401633 -0.578959 2.67058
-0.117838 0.162991 2.90453
-0.0400794 -0.134483 2.53989
-0.0245044 -0.502459 2.72428
0.0090334 -0.570064 2.66825
-0.214908 0.39311 2.50753
-0.656662 -0.122296 2.05728
-0.633824 -0.102324 2.04167
0.170195 -0.1313 1.99425
0.130831 -0.104268 1.96992
-0.206895 0.0177115 2.87443
-0.211069 0.223348 2.66731
-0.214222 0.427804 2.44691
-0.209134 0.538343 2.36182
-0.366155 0.373362 2.43423
-0.506123 0.217856 2.33948
-0.622119 -0.0110386 2.17952
-0.640491 -0.0633284 2.15079
-0.0601147 0.363214 2.4374
0.0596537 0.19416 2.33238
0.155395 -0.00951916 2.1444
0.169023 -0.0854081 2.06352
-0.284931 0.0186961 2.83737
-0.425211 -0.15901 2.46469
-0.367025 -0.508538 2.71532
-0.39936 -0.57756 2.67579
-0.123193 0.0169137 2.83366
-0.0128148 -0.169573 2.45304
-0.0276796 -0.501961 2.72288
0.0103356 -0.570527 2.66657
-0.213697 0.380932 2.50579
-0.657195 -0.138786 2.06623
-0.63734 -0.0921076 2.06299
0.178874 -0.149289 2.00644
0.138894 -0.104549 1.99708
-0.207142 0.0592336 2.86672
-0.212673 0.274504 2.66175
-0.217095 0.484498 2.44427
-0.211745 0.598538 2.36176
-0.366832 0.431052 2.42888
-0.506966 0.266473 2.33335
-0.615905 0.0309248 2.17157
-0.647601 -0.0525111 2.10468
-0.061173 0.41551 2.42981
0.0624042 0.242119 2.33862
0.153238 0.0319375 2.13302
0.172432 -0.0340207 2.05026
-0.286822 0.0605123 2.82902
-0.421622 -0.148648 2.47195
-0.367386 -0.507617 2.71434
-0.399837 -0.577322 2.67737
-0.121695 0.0575145 2.82656
-0.0212729 -0.163355 2.46304
-0.0310738 -0.499124 2.72157
0.00980752 -0.569216 2.66445
-0.216287 0.433077 2.50112
-0.657357 -0.118976 2.03948
-0.624195 -0.0318852 2.04
0.180486 -0.103818 1.98751
0.14383 -0.0390921 1.9915
-0.206879 0.175635 2.83698
-0.213364 0.400659 2.64011
-0.217758 0.619518 2.43101
-0.215055 0.745247 2.35597
-0.371263 0.559865 2.4204
-0.509941 0.411494 2.30954
-0.611766 0.179985 2.15266
-0.639355 0.0990586 2.08008
-0.0649969 0.551382 2.41915
0.0577648 0.373763 2.32095
0.146279 0.197953 2.13424
0.16685 0.0783212 2.00063
-0.287251 0.17265 2.79903
-0.418716 -0.112198 2.50249
-0.39327 -0.538102 2.66776
-0.388769 -0.607087 2.57192
-0.120809 0.173839 2.79684
-0.0271472 -0.117592 2.48912
-0.0107651 -0.538154 2.6667
0.0209619 -0.586272 2.68044
-0.216991 0.565926 2.4856
-0.649856 0.0350671 2.00537
-0.623664 0.110468 2.01783
0.175118 0.00555728 1.95043
0.138746 0.100464 1.965
-0.209692 0.258911 2.75558
-0.216771 0.501755 2.59553
-0.222488 0.738984 2.42386
-0.217503 0.870958 2.35911
-0.372627 0.669045 2.41191
-0.514898 0.525618 2.29833
-0.597541 0.295418 2.11229
-0.632503 0.231805 2.05766
-0.0688436 0.648744 2.40716
0.0645047 0.490014 2.30005
0.12442 0.339127 2.13614
0.148786 0.264732 2.04941
-0.291837 0.255063 2.71885
-0.396897 -0.124325 2.57028
-0.371887 -0.500116 2.72502
-0.404905 -0.577639 2.67429
-0.121596 0.255436 2.71442
-0.0423547 -0.130174 2.55992
-0.0201916 -0.503177 2.73367
0.00961289 -0.565857 2.66316
-0.221302 0.680376 2.46893
-0.640088 0.162056 1.99383
-0.621862 0.222286 1.98562
0.152893 0.198649 1.97232
0.127412 0.230783 1.9596
-0.220049 0.35823 2.74315
-0.220525 0.606745 2.59132
-0.220038 0.844551 2.42818
-0.217441 0.990327 2.37372
-0.374482 0.781913 2.41303
-0.509414 0.628208 2.29323
-0.586885 0.456572 2.14305
-0.61575 0.393813 2.07207
-0.0695972 0.757717 2.40435
0.043279 0.58232 2.29861
0.10768 0.440413 2.12807
0.136347 0.30109 1.95678
-0.298458 0.355074 2.70742
-0.385182 -0.08956 2.59132
-0.372513 -0.500254 2.73103
-0.403656 -0.576698 2.67005
-0.135395 0.351415 2.70138
-0.0464685 -0.104702 2.57631
-0.0165209 -0.503578 2.73877
0.00913679 -0.565515 2.66467
-0.220349 0.786809 2.4711
-0.627112 0.327614 1.98513
-0.611494 0.35374 1.97636
0.141672 0.225225 1.90632
0.099788 0.328223 1.89287
-0.225903 0.38768 2.67437
-0.224459 0.664099 2.56
-0.221532 0.934925 2.43472
-0.217133 1.07362 2.39353
-0.376647 0.854453 2.42278
-0.505067 0.700699 2.29039
-0.575956 0.544032 2.13767
-0.600225 0.469991 2.05384
-0.0700783 0.822726 2.40575
0.0447986 0.657593 2.28481
0.0999288 0.530857 2.0991
0.121492 0.405265 1.93033
-0.305254 0.383161 2.63892
-0.371777 -0.0710278 2.61743
-0.370935 -0.493135 2.74085
-0.403877 -0.575891 2.67088
-0.140011 0.380956 2.632
-0.0588776 -0.093281 2.61066
-0.0139947 -0.502708 2.74388
0.00917425 -0.563236 2.6657
-0.22256 0.867856 2.46785
-0.610705 0.406982 1.98148
-0.598561 0.444681 1.96585
0.124945 0.332951 1.88078
0.0889124 0.432432 1.88286
-0.231826 0.41289 2.6475
-0.22895 0.701949 2.55412
-0.225013 0.986875 2.45298
-0.220119 1.12724 2.41707
-0.377801 0.894233 2.43597
-0.502922 0.758274 2.29225
-0.57953 0.570181 2.06004
-0.593853 0.487359 1.95883
-0.0722958 0.865335 2.41112
0.0453489 0.718959 2.2688
0.101116 0.609848 2.07212
0.112656 0.499614 1.90299
-0.308672 0.407821 2.6141
-0.359079 -0.0855973 2.6608
-0.370737 -0.493281 2.74537
-0.400748 -0.572508 2.67419
-0.148272 0.405864 2.60357
-0.0712164 -0.0708409 2.64725
-0.0122295 -0.500056 2.74985
0.00884835 -0.56044 2.66735
-0.226295 0.917023 2.47978
-0.594581 0.419729 1.89605
-0.57843 0.532844 1.88812
0.117103 0.429801 1.85313
0.0789583 0.530469 1.85609
-0.232682 0.416636 2.63602
-0.229788 0.710503 2.55411
-0.22609 0.999007 2.46297
-0.221264 1.14203 2.42944
-0.378668 0.900388 2.43975
-0.505555 0.772813 2.28974
-0.572629 0.647661 2.10778
-0.596898 0.524257 1.94373
-0.0749641 0.881304 2.42341
0.0404939 0.73863 2.27524
0.0844839 0.604198 2.03086
0.11092 0.539378 1.88451
-0.309272 0.410424 2.60344
-0.353767 -0.0884618 2.67722
-0.37131 -0.491033 2.75216
-0.396813 -0.567083 2.68481
-0.149296 0.410672 2.59134
-0.0750159 -0.0848077 2.67832
-0.0118574 -0.499824 2.75465
0.00909308 -0.560147 2.66783
-0.227251 0.928494 2.48734
-0.598564 0.461983 1.87889
-0.580193 0.569896 1.88093
0.116559 0.472934 1.83149
0.080267 0.577674 1.84527
-0.23316 0.417319 2.63315
-0.230354 0.71295 2.55438
-0.226841 1.00167 2.46605
-0.221164 1.14404 2.43195
-0.378905 0.902581 2.44089
-0.507164 0.777451 2.29001
-0.57185 0.645817 2.10431
-0.605444 0.527056 1.94038
-0.0747948 0.881746 2.42599
0.0418799 0.742016 2.2759
0.0859416 0.61238 2.02858
0.113846 0.544162 1.88271
-0.309739 0.410769 2.59986
-0.354348 -0.0879223 2.68155
-0.371974 -0.490663 2.75493
-0.397218 -0.566198 2.68111
-0.149743 0.41162 2.58911
-0.0743378 -0.0870147 2.67977
-0.0114933 -0.497887 2.75798
0.00875419 -0.559099 2.66734
-0.227942 0.931192 2.48983
-0.607817 0.466404 1.87654
-0.589144 0.575912 1.87718
0.120534 0.486567 1.8303
0.0821963 0.581691 1.8445
-0.230699 0.411161 2.64686
-0.228748 0.70314 2.55642
-0.224833 0.977328 2.454
-0.217468 1.1156 2.41345
-0.377708 0.895622 2.43808
-0.505377 0.759119 2.28515
-0.578037 0.607611 2.10028
-0.61265 0.470457 1.94512
-0.0737565 0.871443 2.42231
0.042083 0.722023 2.28175
0.112247 0.596599 2.03762
0.123322 0.499361 1.89115
-0.308346 0.405522 2.61121
-0.362319 -0.0836348 2.64978
-0.371659 -0.490428 2.75327
-0.39794 -0.567481 2.67536
-0.146189 0.404799 2.60538
-0.0678781 -0.0725848 2.63905
-0.0137788 -0.497952 2.75739
0.00849245 -0.558549 2.66539
-0.226007 0.911037 2.48243
-0.613873 0.405769 1.88313
-0.59296 0.515863 1.87318
0.131761 0.434861 1.83615
0.0913602 0.525436 1.8465
-0.227973 0.370835 2.68812
-0.226133 0.639411 2.56787
-0.223086 0.893085 2.43338
-0.211424 1.03013 2.38295
-0.371474 0.8229 2.42161
-0.503066 0.680837 2.27835
-0.580157 0.537427 2.10228
-0.616017 0.383171 1.95099
-0.0720903 0.798547 2.41098
0.0533243 0.648261 2.28112
0.111957 0.550374 2.07942
0.132983 0.414163 1.89622
-0.308328 0.366144 2.6521
-0.379176 -0.0808941 2.60972
-0.371679 -0.493676 2.7484
-0.399713 -0.570487 2.67247
-0.141062 0.364786 2.64673
-0.0475596 -0.0771309 2.59658
-0.013045 -0.497899 2.75272
0.00810666 -0.558168 2.66522
-0.224054 0.831564 2.46956
-0.618041 0.317115 1.89236
-0.592209 0.427839 1.87156
0.139663 0.348033 1.84175
0.0989306 0.444257 1.84891
-0.225783 0.301679 2.77719
-0.223106 0.548761 2.60205
-0.219733 0.77975 2.42406
-0.20721 0.907623 2.35955
-0.369961 0.722399 2.41569
-0.502037 0.581476 2.2853
-0.58882 0.373446 2.08261
-0.619077 0.261887 1.96472
-0.0692702 0.699277 2.41225
0.0566525 0.550786 2.28114
0.116339 0.428333 2.0941
0.143202 0.295488 1.9012
-0.306865 0.299913 2.73972
-0.390092 -0.0990548 2.58225
-0.372282 -0.501301 2.74122
-0.405867 -0.577346 2.66455
-0.138363 0.295 2.73693
-0.037979 -0.0965569 2.57184
-0.0128906 -0.500758 2.74481
0.0084492 -0.56018 2.66387
-0.220784 0.725254 2.4711
-0.62113 0.197508 1.90806
-0.590815 0.306112 1.883
0.148307 0.232053 1.84999
0.107877 0.32789 1.85556
-0.217558 0.19992 2.77284
-0.216922 0.423614 2.6055
-0.214958 0.64711 2.42247
-0.204118 0.775162 2.35243
-0.365943 0.599253 2.4167
-0.503156 0.455065 2.29745
-0.572814 0.29543 2.14811
-0.602004 0.228803 2.08942
-0.0638852 0.580449 2.41853
0.0619517 0.433076 2.28656
0.125602 0.313135 2.0994
0.152794 0.171395 1.91869
-0.300383 0.197936 2.73308
-0.412493 -0.161274 2.53741
-0.372299 -0.501612 2.72871
-0.406534 -0.577507 2.6665
-0.12846 0.196459 2.73475
-0.0250758 -0.162881 2.52934
-0.0198396 -0.503996 2.74114
0.0082829 -0.564787 2.66667
-0.215648 0.591815 2.4706
-0.609141 0.153825 2.0061
-0.600406 0.174479 1.976
0.158743 0.104152 1.8672
0.112819 0.19564 1.85971
-0.213977 0.0785368 2.80357
-0.215413 0.294676 2.6227
-0.215516 0.504153 2.42878
-0.202336 0.618319 2.35328
-0.363978 0.452186 2.42262
-0.500892 0.298956 2.31769
-0.580989 0.142109 2.17161
-0.59545 0.102515 2.15581
-0.05581 0.438631 2.42741
0.0740835 0.288596 2.30432
0.134866 0.143492 2.13593
0.168528 0.00546446 1.97484
-0.297117 0.0771581 2.76208
-0.427464 -0.2218 2.48233
-0.367982 -0.508064 2.72174
-0.405815 -0.580984 2.67688
-0.124906 0.0776843 2.76697
-0.015176 -0.229689 2.48462
-0.0176547 -0.504051 2.73208
0.00923072 -0.569362 2.66639
-0.215742 0.452825 2.47969
-0.622861 0.0354747 2.07223
-0.585795 0.14607 2.14127
0.174341 -0.0681388 1.91477
0.134149 0.0238801 1.923
-0.198214 0.137949 2.91225
-0.208398 0.292514 2.68241
-0.217593 0.433119 2.44027
-0.20161 0.551203 2.35235
-0.363463 0.391153 2.42672
-0.497407 0.231544 2.32914
-0.603746 0.00602519 2.15901
-0.624025 -0.0647978 2.11611
-0.0534349 0.373905 2.43252
0.0610265 0.197444 2.32714
0.144395 0.019825 2.15222
0.170384 -0.0976027 2.00936
-0.28218 0.135167 2.8751
-0.395734 -0.183492 2.52089
-0.363954 -0.513328 2.71444
-0.405079 -0.581655 2.67406
-0.108813 0.136594 2.87165
-0.0396076 -0.18626 2.52251
-0.0240131 -0.502869 2.71857
0.00957436 -0.5692 2.66258
-0.215865 0.399636 2.50149
-0.64092 -0.127361 2.03709
-0.627249 -0.129415 2.11044
0.178738 -0.171254 1.95313
0.135426 -0.0840841 1.95513
-0.197002 0.127839 2.91891
-0.208876 0.279514 2.68737
-0.219123 0.424512 2.44253
-0.201858 0.536478 2.3552
-0.364454 0.381316 2.42922
-0.48093 0.196357 2.31791
-0.582565 -0.01142 2.17783
-0.63006 -0.0938252 2.12388
-0.0531548 0.355426 2.43669
0.0652832 0.188007 2.32712
0.150044 -0.00145362 2.14702
0.165239 -0.0768917 2.06704
-0.278602 0.126555 2.88262
-0.392657 -0.151538 2.51731
-0.363164 -0.51393 2.71281
-0.402835 -0.580586 2.67765
-0.110066 0.125354 2.87731
-0.0410124 -0.153638 2.51821
-0.0267216 -0.502502 2.71389
0.00918012 -0.5697 2.66215
-0.217057 0.389147 2.50553
-0.649128 -0.159025 2.0547
-0.628892 -0.152476 2.12868
0.173385 -0.138499 2.00003
0.139097 -0.0940492 1.99189
-0.208085 0.0403674 2.84059
-0.213074 0.26406 2.64802
-0.217763 0.485862 2.44271
-0.208434 0.593013 2.3601
-0.367056 0.426682 2.43184
-0.504742 0.26155 2.33366
-0.608089 0.0252897 2.16909
-0.639061 -0.0594399 2.09917
-0.058475 0.417563 2.43
0.0634624 0.244054 2.33651
0.142388 0.0516846 2.13845
0.159803 -0.0193203 2.04922
-0.287565 0.0436818 2.80412
-0.4222 -0.165055 2.44679
-0.363766 -0.512625 2.71034
-0.398227 -0.577996 2.67871
-0.122903 0.0361347 2.79895
-0.0168337 -0.175212 2.43113
-0.028562 -0.503849 2.71421
0.0086456 -0.570202 2.66338
-0.217063 0.432304 2.49799
-0.651749 -0.123809 2.03571
-0.632394 -0.0979878 2.1178
0.166814 -0.0881298 1.9811
0.12956 -0.0275754 1.9845
-0.205363 0.180339 2.81963
-0.212645 0.411298 2.63625
-0.21845 0.635207 2.4402
-0.2186 0.765741 2.36238
-0.373493 0.583033 2.42651
-0.514671 0.435182 2.31855
-0.610682 0.206446 2.13797
-0.638587 0.12034 2.07042
-0.0668113 0.566557 2.42699
0.0523519 0.395926 2.32212
0.118374 0.257315 2.14988
0.148191 0.122836 1.99283
-0.285577 0.178949 2.78503
-0.407004 -0.11525 2.49367
-0.386842 -0.538828 2.66476
-0.403456 -0.587531 2.68314
-0.119439 0.176784 2.77615
-0.0256606 -0.120116 2.47423
-0.00783489 -0.535177 2.66305
-0.00941031 -0.602079 2.56428
-0.217256 0.580686 2.49155
-0.6487 0.0573797 1.99629
-0.630972 0.0766945 2.07392
0.151147 0.0477765 1.93189
0.117606 0.141737 1.9485
-0.209669 0.283471 2.73889
-0.218124 0.537883 2.59162
-0.224555 0.78305 2.43331
-0.221922 0.913914 2.36694
-0.377368 0.71178 2.42355
-0.508228 0.558838 2.30764
-0.596016 0.379732 2.15297
-0.625562 0.297661 2.07423
-0.071939 0.693529 2.41643
0.0545237 0.538339 2.29478
0.104755 0.374899 2.13214
0.129187 0.240768 1.95992
-0.291633 0.27836 2.70221
-0.37647 -0.11051 2.56793
-0.36766 -0.501644 2.71887
-0.402919 -0.578338 2.6721
-0.12172 0.280358 2.69777
-0.0475245 -0.111474 2.55991
-0.0218491 -0.507473 2.73817
0.00881899 -0.568063 2.66547
-0.223252 0.723292 2.47504
-0.644388 0.23706 1.99946
-0.620753 0.239761 2.06129
0.132062 0.172721 1.91724
0.0957294 0.271361 1.897
-0.220512 0.390127 2.72656
-0.224892 0.654682 2.58631
-0.227653 0.906234 2.43432
-0.224673 1.03451 2.38255
-0.381241 0.818761 2.42583
-0.505478 0.656296 2.30136
-0.589398 0.474333 2.11857
-0.61865 0.38907 2.03801
-0.0730897 0.795055 2.41149
0.0435816 0.634778 2.28562
0.0927505 0.497036 2.10637
0.109053 0.360952 1.9402
-0.299199 0.38545 2.69096
-0.363199 -0.086319 2.61683
-0.37013 -0.487032 2.73177
-0.402129 -0.576651 2.67471
-0.135544 0.383729 2.68476
-0.0549978 -0.0967364 2.60753
-0.0176147 -0.504882 2.74268
0.00957997 -0.564864 2.66304
-0.227353 0.846946 2.4745
-0.630137 0.328444 1.96801
-0.61082 0.334622 2.0246
0.110295 0.291576 1.8991
0.0774907 0.395317 1.88556
-0.226411 0.41896 2.65771
-0.22879 0.706753 2.56082
-0.230068 0.98802 2.4528
-0.226373 1.1313 2.4208
-0.38242 0.904153 2.43282
-0.503962 0.748734 2.2929
-0.578938 0.603647 2.12509
-0.613764 0.47652 1.97882
-0.0752579 0.875956 2.42062
0.0317265 0.718623 2.28158
0.0789762 0.602437 2.08672
0.0887461 0.493828 1.90869
-0.303817 0.41246 2.6238
-0.351472 -0.0816475 2.66925
-0.371953 -0.482262 2.74795
-0.399545 -0.570404 2.67479
-0.142427 0.413263 2.61436
-0.0652959 -0.0835222 2.65677
-0.0140682 -0.497553 2.75216
0.00991285 -0.560216 2.664
-0.230009 0.919109 2.48145
-0.616534 0.411633 1.90642
-0.600745 0.448964 1.99445
0.0878438 0.430597 1.86406
0.0622136 0.532891 1.86078
-0.22812 0.422095 2.64117
-0.229894 0.716823 2.5604
-0.231226 1.00851 2.47088
-0.22589 1.15232 2.44571
-0.382389 0.904221 2.43415
-0.509311 0.773765 2.28686
-0.576069 0.643297 2.10866
-0.613775 0.534774 1.95333
-0.0755434 0.887219 2.42786
0.0344775 0.737659 2.28241
0.0558823 0.628796 2.03813
0.0771015 0.567062 1.88421
-0.305526 0.41538 2.60575
-0.349144 -0.0822438 2.69031
-0.37026 -0.486052 2.75429
-0.396495 -0.566464 2.67894
-0.144035 0.416457 2.59929
-0.0709912 -0.0917933 2.68116
-0.014731 -0.497402 2.7574
0.00906208 -0.559166 2.66557
-0.231186 0.93716 2.49431
-0.615061 0.468401 1.88834
-0.602922 0.494074 1.962
0.0775048 0.511455 1.82924
0.0510133 0.60983 1.84518
-0.23126 0.4218 2.62797
-0.230594 0.719864 2.5605
-0.230189 1.01405 2.48374
-0.224761 1.16086 2.46365
-0.38566 0.920319 2.45355
-0.504315 0.793864 2.29531
-0.574263 0.667662 2.11526
-0.616466 0.561491 1.94386
-0.0762157 0.89134 2.43435
0.0350449 0.746175 2.28525
0.0527986 0.6504 2.03457
0.0729808 0.596881 1.88097
-0.307804 0.415031 2.59186
-0.34774 -0.0866904 2.70299
-0.370146 -0.488463 2.75747
-0.39691 -0.565287 2.68481
-0.147863 0.416188 2.58673
-0.0730438 -0.0769962 2.68159
-0.0134586 -0.497076 2.75889
0.00811131 -0.557974 2.66672
-0.230733 0.942307 2.50376
-0.619478 0.500438 1.87886
-0.601903 0.606958 1.88487
0.0716956 0.540931 1.82467
0.0505528 0.645989 1.85367
-0.232319 0.420134 2.61954
-0.231525 0.72151 2.56033
-0.231793 1.01712 2.48991
-0.222922 1.16323 2.47004
-0.386511 0.923054 2.45855
-0.505659 0.800646 2.29741
-0.574606 0.675426 2.11624
-0.615411 0.568898 1.9435
-0.0765292 0.892657 2.43729
0.0345665 0.748369 2.28717
0.0541821 0.654399 2.03338
0.0810661 0.601393 1.88699
-0.308682 0.413036 2.58181
-0.348003 -0.0890147 2.70034
-0.369532 -0.49005 2.7582
-0.396624 -0.564957 2.68596
-0.14903 0.414835 2.57997
-0.073466 -0.090167 2.68858
-0.0132702 -0.49678 2.75963
0.00763789 -0.557857 2.66723
-0.232087 0.945064 2.50854
-0.617843 0.504787 1.87875
-0.602888 0.614916 1.88441
0.0779844 0.54055 1.82837
0.0549591 0.644257 1.8483
-0.231597 0.417729 2.61366
-0.231687 0.721894 2.56023
-0.232003 1.01779 2.49436
-0.221279 1.1641 2.47312
-0.387355 0.924498 2.46591
-0.505891 0.803334 2.30331
-0.573209 0.677411 2.12198
-0.613482 0.563972 1.94998
-0.0761217 0.893763 2.44065
0.0362041 0.749154 2.29186
0.0579693 0.657643 2.04622
0.0863484 0.600037 1.8985
-0.307723 0.410651 2.57634
-0.348606 -0.0900131 2.68984
-0.369022 -0.489787 2.75888
-0.39576 -0.564629 2.68678
-0.148596 0.412477 2.57378
-0.0744382 -0.0908479 2.69323
-0.0125016 -0.496094 2.76132
0.00783766 -0.556458 2.66997
-0.232247 0.945678 2.51195
-0.615797 0.501693 1.88976
-0.599735 0.608567 1.88604
0.0885118 0.539803 1.84018
0.0641784 0.638475 1.86343
-0.229632 0.415465 2.6104
-0.23116 0.721519 2.56021
-0.231037 1.01682 2.49801
-0.218101 1.16202 2.47373
-0.38709 0.924324 2.46688
-0.506097 0.800999 2.30637
-0.578818 0.641158 2.10902
-0.612599 0.549926 1.95843
-0.0750761 0.893858 2.4425
0.0397533 0.746452 2.29881
0.0618787 0.652727 2.05378
0.0902899 0.592586 1.9041
-0.305461 0.408141 2.57246
-0.348151 -0.091173 2.68629
-0.36917 -0.488731 2.75856
-0.392456 -0.562331 2.68284
-0.146952 0.410485 2.57102
-0.0745384 -0.0908966 2.69472
-0.0119682 -0.496259 2.7624
0.00801848 -0.556668 2.6719
-0.231297 0.944801 2.51488
-0.617966 0.493713 1.89442
-0.594759 0.596866 1.89512
0.0969011 0.531561 1.8457
0.0668802 0.629937 1.86792
