-0.176545 -0.0191023 2.24476
-0.176837 0.267957 2.20322
-0.175938 0.545011 2.14853
-0.168696 0.68407 2.12587
-0.333126 0.448481 2.14427
-0.471265 0.310789 2.22186
-0.33424 0.194502 2.2047
-0.325859 0.149631 2.15522
-0.00485575 0.448851 2.1843
0.102188 0.311622 2.2933
-0.00700894 0.171938 2.26106
-0.0145023 0.134044 2.1933
-0.245048 -0.0184172 2.20394
-0.268768 -0.321382 2.27826
-0.282423 -0.64503 2.3607
-0.319617 -0.723291 2.29803
-0.102371 -0.0192214 2.21354
-0.0850513 -0.31279 2.29721
-0.0749979 -0.648462 2.388
-0.0318254 -0.732899 2.32643
-0.176357 0.477185 2.16443
-0.313148 0.111879 2.13653
-0.309222 0.191908 2.10529
-0.0138778 0.0984154 2.18119
-0.0278076 0.168024 2.1614
-0.176429 -0.0203049 2.24134
-0.175975 0.26633 2.19737
-0.174341 0.543033 2.14084
-0.168759 0.682606 2.12018
-0.332145 0.447391 2.13746
-0.469722 0.309638 2.21563
-0.330872 0.195481 2.19924
-0.328542 0.145546 2.15187
-0.00424083 0.446638 2.17852
0.101262 0.309641 2.28876
-0.00757418 0.169907 2.25508
-0.0125939 0.131831 2.18907
-0.245245 -0.0194067 2.20072
-0.26837 -0.319348 2.27773
-0.2821 -0.643912 2.36125
-0.319704 -0.72274 2.2981
-0.101991 -0.0205716 2.20996
-0.0854391 -0.313673 2.29775
-0.075135 -0.648319 2.38829
-0.0317898 -0.732721 2.32646
-0.174942 0.475293 2.15716
-0.309996 0.110874 2.12899
-0.310971 0.19077 2.10053
-0.0108742 0.094941 2.17758
-0.0241393 0.166364 2.15902
-0.176633 -0.0207366 2.23882
-0.176618 0.265632 2.19495
-0.175774 0.542008 2.13846
-0.170399 0.681656 2.11748
-0.337678 0.446138 2.14084
-0.469518 0.307503 2.21442
-0.3303 0.193833 2.19742
-0.3275 0.148701 2.14735
-0.00969589 0.449086 2.18243
0.0994538 0.309555 2.28752
-0.00713089 0.167677 2.25656
-0.0128279 0.127585 2.18916
-0.245542 -0.0199943 2.19814
-0.268557 -0.319138 2.27399
-0.282063 -0.64393 2.36068
-0.319793 -0.723202 2.2978
-0.102063 -0.020814 2.20756
-0.0856511 -0.314358 2.29536
-0.0750162 -0.648568 2.38774
-0.0318835 -0.732653 2.32694
-0.176147 0.474358 2.15478
-0.312243 0.105717 2.13099
-0.309787 0.193814 2.09707
-0.0138673 0.0918619 2.17469
-0.0251612 0.162923 2.15596
-0.185799 -0.0748959 2.25267
-0.18163 0.202157 2.19394
-0.176277 0.469322 2.12235
-0.171003 0.604494 2.08934
-0.331012 0.377839 2.12496
-0.472235 0.259249 2.21662
-0.333018 0.14649 2.21962
-0.327179 0.102407 2.16944
-0.0088045 0.38122 2.16722
0.0954759 0.254312 2.29338
-0.0231568 0.121255 2.27902
-0.0285367 0.0718517 2.22717
-0.257271 -0.0730222 2.21452
-0.305594 -0.371643 2.17592
-0.288485 -0.672379 2.34308
-0.327825 -0.738568 2.2959
-0.1084 -0.0744212 2.21916
-0.0615959 -0.371508 2.1949
-0.072483 -0.670624 2.3637
-0.0256459 -0.736057 2.32006
-0.17782 0.403918 2.14252
-0.314902 0.0497457 2.1575
-0.312204 0.136814 2.11983
-0.0306398 0.0337458 2.21199
-0.0394913 0.096251 2.19147
-0.208747 -0.259989 2.34739
-0.197815 -0.00260364 2.22522
-0.186087 0.248036 2.09061
-0.180154 0.386701 2.06084
-0.336012 0.163296 2.10104
-0.48608 0.0628111 2.19706
-0.313854 -0.10467 2.16104
-0.257185 -0.158786 2.15105
-0.0341264 0.164343 2.13509
0.0978265 0.0768681 2.27857
-0.0158058 -0.0522039 2.3108
-0.0429906 -0.0931484 2.26916
-0.281145 -0.254601 2.30783
-0.327414 -0.422863 2.06941
-0.289262 -0.688082 2.30629
-0.33613 -0.747197 2.29403
-0.129988 -0.257503 2.31568
-0.0252694 -0.419708 2.09228
-0.075759 -0.68837 2.33725
-0.0171494 -0.744752 2.31457
-0.189174 0.186473 2.12657
-0.204385 -0.213507 2.14866
-0.219834 -0.104973 2.0864
-0.0410366 -0.13973 2.25842
-0.0543165 -0.10186 2.22671
-0.213216 -0.304739 2.34913
-0.203913 -0.0538756 2.21924
-0.193698 0.191513 2.07482
-0.189911 0.328908 2.05357
-0.341897 0.116688 2.08477
-0.492056 0.00676494 2.18194
-0.383196 -0.108771 2.25181
-0.361559 -0.158197 2.22175
-0.0388976 0.124762 2.12553
0.0932662 0.0277548 2.26772
-0.0403398 -0.083733 2.2904
-0.0543207 -0.132319 2.25965
-0.285729 -0.300486 2.30824
-0.342643 -0.439218 2.05159
-0.293787 -0.705509 2.31264
-0.351865 -0.757333 2.28925
-0.134295 -0.299732 2.31891
-0.01293 -0.434395 2.08411
-0.0774459 -0.699134 2.32653
-0.0140582 -0.749068 2.31145
-0.196489 0.131087 2.11345
-0.344559 -0.20047 2.21706
-0.33588 -0.117991 2.17835
-0.0677197 -0.174078 2.2392
-0.0703972 -0.127103 2.20807
-0.210811 -0.163521 2.31109
-0.207569 0.103051 2.18963
-0.202956 0.362185 2.05598
-0.201174 0.499776 2.04024
-0.354372 0.268172 2.06576
-0.495909 0.152518 2.14928
-0.372887 0.0448222 2.21123
-0.355056 -0.00219442 2.1776
-0.0440414 0.287485 2.10626
0.0863187 0.1802 2.2499
-0.0506903 0.0687731 2.26002
-0.055419 0.0221605 2.21668
-0.282784 -0.161798 2.27116
-0.346031 -0.374969 2.08551
-0.315289 -0.70773 2.26814
-0.340475 -0.749114 2.30021
-0.132328 -0.160122 2.27949
-0.0388563 -0.378342 2.11499
-0.0553617 -0.716191 2.28981
-0.0146948 -0.748333 2.32283
-0.204352 0.298588 2.09162
-0.344647 -0.0481054 2.17815
-0.326987 0.00441987 2.13183
-0.0712853 -0.0205139 2.1963
-0.068287 0.0517471 2.17287
-0.200554 -0.0274259 2.22106
-0.204984 0.258745 2.15906
-0.207771 0.537025 2.08469
-0.203156 0.678947 2.07493
-0.355243 0.429709 2.07416
-0.494572 0.29005 2.14426
-0.371829 0.165819 2.17611
-0.349371 0.12189 2.13203
-0.0375413 0.444839 2.12745
0.0727031 0.314905 2.25032
-0.0614425 0.197834 2.2495
-0.0495016 0.183538 2.16638
-0.269395 -0.0271955 2.18123
-0.29372 -0.337093 2.22789
-0.29244 -0.656493 2.34535
-0.328383 -0.732795 2.29943
-0.125174 -0.026549 2.18905
-0.0895216 -0.328713 2.26487
-0.0806558 -0.654021 2.36701
-0.0277468 -0.733083 2.31486
-0.20732 0.468718 2.10526
-0.346775 0.0722601 2.12689
-0.32954 0.0928738 2.10371
-0.0580222 0.191163 2.15209
-0.0634711 0.201425 2.13967
-0.193548 -0.0229891 2.21791
-0.196105 0.266897 2.17316
-0.197778 0.546921 2.11944
-0.190043 0.690881 2.11395
-0.350805 0.438705 2.11189
-0.48578 0.297391 2.17628
-0.34233 0.188739 2.16548
-0.331736 0.14519 2.1214
-0.0258268 0.451491 2.15888
0.0831466 0.306034 2.26326
-0.0564571 0.195086 2.25317
-0.0437422 0.184248 2.17463
-0.261803 -0.0226887 2.17703
-0.279699 -0.320996 2.25979
-0.286675 -0.645428 2.35595
-0.323263 -0.72671 2.30221
-0.118985 -0.0225117 2.18701
-0.0947991 -0.317624 2.28444
-0.0806787 -0.648242 2.37644
-0.0305944 -0.731739 2.31945
-0.197521 0.478422 2.13493
-0.317261 0.105449 2.09342
-0.303611 0.181922 2.06208
-0.0465142 0.1864 2.16509
-0.0496764 0.187704 2.15164
-0.186916 -0.0201358 2.23126
-0.188414 0.268179 2.18487
-0.188806 0.546781 2.12814
-0.18138 0.691037 2.12078
-0.343772 0.442291 2.12691
-0.47359 0.303489 2.20851
-0.331129 0.194466 2.18494
-0.32466 0.149228 2.14133
-0.0181786 0.449784 2.165
0.0905762 0.306956 2.26823
-0.0474361 0.193981 2.25866
-0.0400069 0.187694 2.18013
-0.255275 -0.0193821 2.19197
-0.274846 -0.317345 2.27402
-0.285349 -0.644599 2.36023
-0.321385 -0.723354 2.30251
-0.112571 -0.0202238 2.19894
-0.0945165 -0.313094 2.29083
-0.0787143 -0.646897 2.37914
-0.0318143 -0.731175 2.32144
-0.188991 0.478581 2.14433
-0.309636 0.112844 2.11128
-0.300167 0.191518 2.0821
-0.0406413 0.180729 2.1681
-0.0450778 0.189598 2.15419
-0.174783 -0.0494404 2.24543
-0.174241 0.231042 2.18624
-0.172348 0.501158 2.1138
-0.168668 0.641821 2.09575
-0.328668 0.40845 2.12156
-0.44947 0.271787 2.22307
-0.302491 0.169445 2.19807
-0.29707 0.117489 2.15133
-0.00591376 0.411136 2.15344
0.102001 0.28553 2.27274
-0.00440287 0.142492 2.26999
-0.0223341 0.101699 2.21284
-0.244718 -0.0492791 2.20612
-0.289177 -0.357194 2.20299
-0.287089 -0.662714 2.34692
-0.322364 -0.730727 2.29703
-0.0992668 -0.0480653 2.21307
-0.0646316 -0.361702 2.21871
-0.0762297 -0.660149 2.36654
-0.0303486 -0.732468 2.31989
-0.173023 0.435071 2.1342
-0.276848 0.0901441 2.11965
-0.286253 0.163573 2.09413
-0.0245705 0.0643681 2.20245
-0.0348126 0.130612 2.17542
-0.173186 -0.218224 2.33869
-0.166772 0.0426274 2.223
-0.159481 0.296754 2.09617
-0.156303 0.439098 2.07231
-0.308088 0.220516 2.10997
-0.441402 0.106988 2.22435
-0.328086 -0.0230474 2.25999
-0.317382 -0.0730287 2.22438
0.000653842 0.227231 2.14158
0.120845 0.117074 2.28449
-0.00433146 -0.00930193 2.27335
-0.0129189 -0.0571252 2.25049
-0.24548 -0.214195 2.29908
-0.325428 -0.399878 2.08796
-0.309453 -0.73038 2.2754
-0.296107 -0.787495 2.16383
-0.0956112 -0.215603 2.30686
0.00907707 -0.406381 2.11227
-0.0512839 -0.726467 2.30745
-0.0062983 -0.753344 2.34084
-0.161467 0.234327 2.13011
-0.302168 -0.113701 2.21023
-0.291725 -0.0487507 2.17885
-0.0167757 -0.096725 2.23897
-0.028971 -0.0501098 2.18407
-0.173986 -0.291489 2.35141
-0.15564 -0.0367167 2.22713
-0.135566 0.210478 2.08893
-0.129582 0.350359 2.0696
-0.286493 0.138342 2.09923
-0.43406 0.0345042 2.1991
-0.343733 -0.0976652 2.26548
-0.315091 -0.142176 2.23161
0.0167946 0.13747 2.14147
0.128463 0.0241536 2.2968
-0.00856678 -0.0885678 2.29228
-0.00880871 -0.140466 2.2634
-0.246963 -0.284593 2.3088
-0.311412 -0.43348 2.06076
-0.287585 -0.690604 2.29563
-0.335682 -0.745774 2.29124
-0.0957304 -0.289607 2.32286
0.00599001 -0.433236 2.08393
-0.0726677 -0.686288 2.32352
-0.0185553 -0.743452 2.31238
-0.140816 0.14969 2.12595
-0.31058 -0.190256 2.22417
-0.288472 -0.143572 2.1884
-0.0267802 -0.179356 2.2516
-0.020479 -0.120327 2.20809
-0.164262 -0.185393 2.31308
-0.16056 0.0880735 2.21588
-0.156053 0.354322 2.10619
-0.151735 0.497713 2.09192
-0.306687 0.264207 2.11465
-0.450909 0.156366 2.19869
-0.342968 0.0181078 2.22325
-0.312572 -0.0227596 2.1924
0.00925785 0.275605 2.14907
0.128652 0.156668 2.2816
0.00486414 0.0290224 2.27903
-0.00401911 -0.0188539 2.23733
-0.236784 -0.1828 2.27454
-0.317668 -0.386416 2.08452
-0.310873 -0.728634 2.25225
-0.296384 -0.782301 2.13804
-0.0866602 -0.182242 2.28008
0.008166 -0.394061 2.10711
-0.0453866 -0.723427 2.28966
-0.0347994 -0.777233 2.17511
-0.157336 0.288906 2.13586
-0.29848 -0.0792061 2.19702
-0.283742 -0.0193164 2.14183
-0.00772025 -0.0589044 2.2272
-0.018706 -0.00723894 2.19232
-0.176125 -0.0376749 2.24708
-0.175011 0.249033 2.19123
-0.172738 0.526788 2.12156
-0.167679 0.66992 2.11324
-0.3275 0.424488 2.11929
-0.466162 0.288419 2.19586
-0.337716 0.16397 2.20291
-0.322444 0.120058 2.15388
-0.00610333 0.425597 2.16352
0.0986271 0.296214 2.29414
-0.0133557 0.157857 2.26981
-0.0243726 0.116463 2.20554
-0.245855 -0.0371962 2.20843
-0.283129 -0.343849 2.22548
-0.288363 -0.661679 2.33989
-0.324811 -0.734264 2.29704
-0.100777 -0.036812 2.21389
-0.066121 -0.345612 2.24827
-0.0727784 -0.660579 2.35796
-0.0252252 -0.733947 2.31632
-0.173498 0.458629 2.14119
-0.310291 0.0816808 2.14564
-0.294974 0.144656 2.10692
-0.0260022 0.0807345 2.19803
-0.0336061 0.149108 2.1719
-0.184477 -0.0205148 2.24683
-0.188036 0.269334 2.20335
-0.191547 0.549036 2.15066
-0.180646 0.69332 2.14296
-0.343839 0.442925 2.13628
-0.480819 0.299185 2.19778
-0.350202 0.175904 2.17776
-0.333626 0.138213 2.13829
-0.0213668 0.454512 2.19557
0.0807744 0.307899 2.30916
-0.0264932 0.169901 2.2622
-0.0330051 0.134726 2.19351
-0.252636 -0.0201357 2.20606
-0.278865 -0.327035 2.27986
-0.283868 -0.644731 2.35874
-0.322329 -0.727047 2.29761
-0.110669 -0.0200271 2.21607
-0.0986152 -0.323633 2.30159
-0.0784892 -0.64986 2.37886
-0.0302141 -0.731896 2.31994
-0.190852 0.480586 2.16586
-0.320354 0.105854 2.11533
-0.295729 0.172684 2.0818
-0.0330001 0.0997391 2.18507
-0.0422129 0.164924 2.16018
-0.184816 -0.0190483 2.24523
-0.189763 0.270744 2.20751
-0.194069 0.550584 2.16072
-0.184381 0.694664 2.15407
-0.340995 0.441544 2.1369
-0.482057 0.29788 2.2031
-0.339658 0.188181 2.18554
-0.324555 0.148514 2.13643
-0.0234195 0.456693 2.20042
0.0803318 0.305739 2.30714
-0.0205375 0.166549 2.24837
-0.0308682 0.135739 2.17946
-0.252642 -0.019064 2.20389
-0.276251 -0.324671 2.27868
-0.283382 -0.645631 2.35942
-0.320877 -0.725533 2.29819
-0.1112 -0.0182567 2.21482
-0.0988698 -0.323318 2.30298
-0.0793536 -0.648873 2.38071
-0.0320662 -0.73091 2.32087
-0.193245 0.482094 2.17444
-0.307823 0.114517 2.11224
-0.295867 0.188698 2.0828
-0.0263702 0.100604 2.17626
-0.0455984 0.161931 2.14
-0.184899 -0.018474 2.24132
-0.186641 0.269181 2.19831
-0.186107 0.545899 2.14104
-0.182665 0.685554 2.12853
-0.335118 0.440376 2.12768
-0.475996 0.300808 2.20414
-0.340218 0.182925 2.19709
-0.327193 0.141074 2.1565
-0.0175715 0.454968 2.18164
0.0923083 0.3072 2.28517
-0.0127183 0.165322 2.24738
-0.0320113 0.133026 2.1877
-0.252878 -0.0181199 2.20151
-0.281025 -0.337323 2.2431
-0.283329 -0.651356 2.35597
-0.321664 -0.72813 2.29727
-0.111015 -0.0182336 2.20916
-0.081854 -0.336822 2.26036
-0.0782115 -0.651669 2.37676
-0.0314817 -0.731805 2.32024
-0.186501 0.478226 2.15765
-0.311696 0.104489 2.13672
-0.297472 0.181189 2.10164
-0.0324476 0.10173 2.18103
-0.0459486 0.157208 2.14866
-0.180775 -0.177351 2.28606
-0.184685 0.0846187 2.19442
-0.187265 0.338206 2.08955
-0.193391 0.480258 2.06281
-0.337458 0.255305 2.10081
-0.463322 0.127635 2.21154
-0.318105 0.0320388 2.24392
-0.314907 -0.019354 2.20674
-0.0237444 0.272021 2.12957
0.0990708 0.168054 2.26845
-0.0107422 0.0310884 2.28592
-0.0286009 -0.0107454 2.24655
-0.253375 -0.176711 2.24889
-0.311316 -0.428734 2.1453
-0.288675 -0.686443 2.33098
-0.33617 -0.74827 2.29316
-0.102523 -0.172453 2.25171
-0.0392038 -0.428415 2.16466
-0.076635 -0.684439 2.34988
-0.020578 -0.743922 2.3162
-0.186851 0.27601 2.11811
-0.308108 -0.0556333 2.20001
-0.297927 -0.00927885 2.1623
-0.0310494 -0.0540441 2.23208
-0.0435959 0.0131636 2.20653
-0.178372 -0.285362 2.35516
-0.179822 -0.0318793 2.23119
-0.179844 0.215516 2.09417
-0.185307 0.358388 2.06636
-0.324416 0.134268 2.10298
-0.467198 0.0208044 2.20765
-0.340979 -0.0823074 2.26923
-0.315819 -0.123192 2.23984
-0.019616 0.151278 2.13339
0.117692 0.0505139 2.26966
0.00131036 -0.0754442 2.30357
-0.0201276 -0.115587 2.26481
-0.251582 -0.283493 2.31467
-0.322411 -0.429397 2.06665
-0.286653 -0.693391 2.30648
-0.338202 -0.748768 2.29417
-0.0997579 -0.278626 2.32445
-0.000556369 -0.431474 2.09101
-0.074953 -0.687981 2.32545
-0.0184402 -0.744241 2.31098
-0.180082 0.154615 2.13078
-0.302901 -0.171906 2.23039
-0.287724 -0.107467 2.18927
-0.0297808 -0.162769 2.24586
-0.00107766 -0.168239 2.254
-0.172082 -0.236624 2.36176
-0.166207 0.0213566 2.23502
-0.158922 0.273156 2.09539
-0.159622 0.414814 2.07697
-0.307546 0.193297 2.10412
-0.452117 0.0844015 2.20562
-0.338076 -0.0291236 2.27159
-0.313145 -0.0732742 2.23946
-0.00152452 0.19779 2.1394
0.127331 0.0901022 2.28157
-0.00396303 -0.0247794 2.30375
-0.0182698 -0.0660257 2.26621
-0.244286 -0.232574 2.32315
-0.304903 -0.40061 2.08807
-0.286214 -0.687344 2.3067
-0.33388 -0.746313 2.29305
-0.0946586 -0.233436 2.32905
0.00599866 -0.408275 2.11504
-0.0723986 -0.686476 2.33358
-0.0147752 -0.743799 2.31006
-0.160962 0.211204 2.13262
-0.29394 -0.118283 2.23101
-0.283971 -0.0925635 2.19807
-0.0360605 -0.108558 2.25375
0.00277106 -0.11051 2.27586
-0.176003 -0.0787422 2.32688
-0.167387 0.201008 2.2277
-0.158189 0.473255 2.11713
-0.147939 0.612344 2.10485
-0.31177 0.375331 2.12181
-0.444497 0.242759 2.21431
-0.357421 0.104614 2.27603
-0.338947 0.0544544 2.21662
0.00400456 0.372127 2.15251
0.119662 0.246833 2.28391
-0.00408082 0.120463 2.29487
-0.0165086 0.0703321 2.23668
-0.247969 -0.0761404 2.28938
-0.297926 -0.326765 2.16874
-0.302343 -0.690383 2.29054
-0.331917 -0.747022 2.30437
-0.0985815 -0.078869 2.29263
-0.0310215 -0.331946 2.19003
-0.0551165 -0.690144 2.32324
-0.0132655 -0.75205 2.32076
-0.160614 0.406435 2.14687
-0.352446 0.00564588 2.22748
-0.327801 0.0692859 2.18483
-0.0283889 0.0319777 2.22869
0.00220862 0.0173747 2.2422
-0.173286 -0.0175178 2.26363
-0.177255 0.273647 2.21411
-0.181066 0.555586 2.15442
-0.177527 0.705397 2.15696
-0.333166 0.445147 2.14682
-0.469391 0.302252 2.2214
-0.343302 0.174228 2.20557
-0.328267 0.133425 2.16552
-0.00818083 0.456042 2.19511
0.0980724 0.308327 2.30152
-0.0186367 0.175956 2.26376
-0.0248174 0.136236 2.19874
-0.24166 -0.0186559 2.22214
-0.266774 -0.325879 2.29293
-0.282453 -0.646517 2.35955
-0.321654 -0.72673 2.29985
-0.0995231 -0.0156699 2.23335
-0.0815971 -0.316786 2.3073
-0.0759034 -0.649961 2.37774
-0.0277072 -0.73315 2.3179
-0.180281 0.486565 2.17133
-0.324421 0.0930586 2.15204
-0.294059 0.15606 2.10967
-0.0282929 0.101254 2.18923
-0.0010602 0.0764467 2.21417
-0.185019 -0.0128611 2.26546
-0.19297 0.278253 2.2227
-0.199686 0.559291 2.16851
-0.193186 0.707107 2.16882
-0.349284 0.445027 2.15816
-0.482931 0.301244 2.23353
-0.35705 0.174499 2.20282
-0.339157 0.139753 2.16158
-0.0247347 0.462599 2.20466
0.081482 0.313629 2.30903
-0.0229671 0.171812 2.26903
-0.0379412 0.138875 2.20419
-0.253192 -0.0141428 2.22476
-0.272842 -0.324699 2.29534
-0.28317 -0.643228 2.36248
-0.322234 -0.726227 2.29884
-0.111054 -0.0111118 2.23451
-0.0910587 -0.320517 2.31498
-0.0768563 -0.647101 2.38368
-0.0310406 -0.731434 2.32077
-0.198229 0.490483 2.18417
-0.32873 0.108472 2.14124
-0.301489 0.169795 2.10468
-0.0410179 0.108378 2.19557
-0.0123058 0.0850377 2.22172
-0.188607 -0.012554 2.26032
-0.196205 0.276668 2.21429
-0.202325 0.555515 2.1557
-0.196024 0.698272 2.14409
-0.352739 0.443763 2.14891
-0.48394 0.301145 2.22973
-0.359732 0.17259 2.20011
-0.336383 0.137033 2.16217
-0.0285811 0.460351 2.18883
0.0789123 0.313717 2.29755
-0.0164264 0.164643 2.26271
-0.0365115 0.130573 2.19587
-0.256774 -0.0141345 2.22045
-0.278341 -0.333676 2.27226
-0.283887 -0.644211 2.36157
-0.322488 -0.726356 2.29867
-0.114465 -0.0105601 2.22842
-0.0901044 -0.324988 2.29493
-0.0780311 -0.64828 2.38251
-0.0317798 -0.731245 2.32054
-0.201043 0.487275 2.17254
-0.319744 0.0779639 2.15459
-0.301733 0.163985 2.10445
-0.0346299 0.099317 2.19278
-0.0126586 0.0843497 2.21375
-0.183418 -0.166184 2.26595
-0.186373 0.106019 2.1957
-0.187869 0.369462 2.11219
-0.188546 0.515107 2.09823
-0.339984 0.279051 2.12549
-0.459667 0.131512 2.23081
-0.316718 0.0390584 2.27523
-0.269867 0.00847294 2.29385
-0.0212907 0.288374 2.14937
0.0980068 0.174333 2.27352
0.00278288 0.0250709 2.28042
-0.0344656 -0.0128824 2.24368
-0.255578 -0.165175 2.22973
-0.31241 -0.43029 2.13875
-0.289619 -0.686348 2.33126
-0.336514 -0.748696 2.29551
-0.10545 -0.16195 2.23063
-0.0424048 -0.422253 2.16001
-0.0748008 -0.684353 2.35159
-0.0190837 -0.744059 2.31581
-0.187736 0.304851 2.13539
-0.26075 -0.0108795 2.27223
-0.259242 0.0217907 2.25917
-0.0282904 -0.0822124 2.25101
-0.0138595 -0.0629362 2.2563
-0.182282 -0.29438 2.34098
-0.182996 -0.0365748 2.22398
-0.182232 0.214544 2.09379
-0.182536 0.356799 2.07466
-0.328956 0.137099 2.1164
-0.466848 0.0173097 2.21051
-0.338845 -0.0954555 2.25235
-0.324665 -0.143853 2.22864
-0.019083 0.143664 2.13354
0.115383 0.0431702 2.26733
0.00248178 -0.089239 2.29053
-0.0223936 -0.125637 2.25796
-0.255392 -0.29128 2.30106
-0.339695 -0.433546 2.05573
-0.293886 -0.691695 2.30691
-0.33964 -0.749979 2.29925
-0.103608 -0.288653 2.30981
-0.00437767 -0.440757 2.07589
-0.0741315 -0.692972 2.32355
-0.0152382 -0.745905 2.31267
-0.182671 0.15276 2.12872
-0.304231 -0.183542 2.20898
-0.297392 -0.128718 2.17436
-0.0227668 -0.171823 2.24599
9.44199e-005 -0.18148 2.26171
-0.173925 -0.208665 2.33303
-0.172521 0.0522109 2.21249
-0.169908 0.306317 2.07923
-0.171996 0.449486 2.06087
-0.321307 0.223506 2.1024
-0.447566 0.107495 2.19072
-0.337181 -0.0208697 2.23672
-0.315962 -0.0695392 2.20673
-0.00699723 0.23209 2.11896
0.125894 0.128397 2.25068
-0.0031529 0.0176929 2.29087
-0.0165808 -0.0208109 2.24586
-0.246384 -0.206953 2.29324
-0.334129 -0.390952 2.08408
-0.314475 -0.722654 2.26944
-0.305148 -0.780693 2.15824
-0.09613 -0.203957 2.30135
0.0206535 -0.390616 2.10987
-0.0420125 -0.717322 2.29425
-0.010903 -0.752187 2.33035
-0.170772 0.243863 2.11484
-0.302471 -0.10329 2.1993
-0.284789 -0.0438531 2.15752
-0.013257 -0.0641101 2.24514
0.000990495 -0.0446595 2.25667
-0.170224 -0.0369504 2.25068
-0.169808 0.245509 2.18098
-0.168504 0.519762 2.09538
-0.170337 0.663968 2.08322
-0.322824 0.414974 2.10648
-0.440434 0.276654 2.18821
-0.309165 0.155615 2.19703
-0.2969 0.108599 2.15171
0.00114397 0.429488 2.12833
0.116279 0.300893 2.24867
0.00067228 0.166627 2.25935
-0.0112093 0.123156 2.1962
-0.240535 -0.0364492 2.21406
-0.279068 -0.339679 2.23249
-0.290167 -0.658074 2.34276
-0.325269 -0.734737 2.29973
-0.0944463 -0.0357962 2.2151
-0.0539619 -0.334681 2.25019
-0.0677137 -0.65856 2.36539
-0.0246802 -0.735277 2.32004
-0.169022 0.452139 2.11888
-0.285 0.0656358 2.14147
-0.275819 0.146959 2.10147
-0.00973821 0.0723883 2.19914
0.00943096 0.0691636 2.208
-0.181095 -0.0170605 2.24072
-0.179247 0.270651 2.19342
-0.176017 0.54977 2.13909
-0.170491 0.691708 2.12591
-0.332061 0.446601 2.13529
-0.459957 0.299537 2.20523
-0.342718 0.165573 2.17018
-0.326889 0.127301 2.13517
-0.00372085 0.44966 2.16242
0.102998 0.302947 2.26992
-0.0100091 0.165279 2.24624
-0.0320586 0.130696 2.18043
-0.249981 -0.0151761 2.20133
-0.271991 -0.316683 2.27689
-0.283751 -0.643524 2.35812
-0.320949 -0.724491 2.29941
-0.106529 -0.0182242 2.20813
-0.0946409 -0.3169 2.30168
-0.0763274 -0.647887 2.38183
-0.0301481 -0.73232 2.32203
-0.177133 0.481481 2.15462
-0.310142 0.0780562 2.125
-0.283541 0.157524 2.075
-0.0311322 0.0961596 2.16884
-0.00716173 0.0790498 2.1801
-0.184387 -0.0157661 2.24117
-0.184316 0.27351 2.20341
-0.182823 0.552826 2.1559
-0.174828 0.695445 2.1486
-0.335537 0.446844 2.14106
-0.469485 0.300543 2.20742
-0.347881 0.171252 2.16859
-0.324185 0.1302 2.12763
-0.0111425 0.454015 2.1837
0.0952039 0.300699 2.28613
-0.0173454 0.164926 2.24757
-0.0334204 0.13029 2.17852
-0.252356 -0.0143535 2.20169
-0.276887 -0.320838 2.27798
-0.283189 -0.642725 2.35932
-0.320006 -0.723223 2.29967
-0.110669 -0.0165527 2.20893
-0.0982718 -0.322072 2.30179
-0.0778888 -0.647925 2.3822
-0.0315907 -0.731472 2.3226
-0.1834 0.484462 2.16987
-0.275439 0.0754098 2.09912
-0.284018 0.165951 2.07263
-0.0339885 0.098475 2.16945
-0.0110893 0.0747951 2.196
-0.182186 -0.0332405 2.23961
-0.182915 0.251563 2.19967
-0.182562 0.526351 2.14724
-0.175525 0.664732 2.14131
-0.330979 0.427159 2.13592
-0.459561 0.26794 2.20721
-0.323931 0.151447 2.17864
-0.307866 0.115444 2.14648
-0.0129269 0.430141 2.17497
0.094269 0.286773 2.28705
-0.0135753 0.146553 2.25241
-0.0318116 0.114307 2.20071
-0.250905 -0.0333147 2.20128
-0.296817 -0.357386 2.19621
-0.28932 -0.664616 2.34783
-0.327754 -0.734163 2.30283
-0.107685 -0.0321763 2.20623
-0.0681213 -0.354814 2.21486
-0.0762954 -0.661247 2.36523
-0.0302633 -0.731898 2.32079
-0.182841 0.459072 2.16256
-0.283506 0.0953017 2.1157
-0.270944 0.151608 2.08045
-0.0325785 0.0791034 2.19075
-0.0103937 0.0609071 2.21187
-0.186176 -0.235603 2.32299
-0.180257 0.037591 2.21707
-0.173829 0.298449 2.11287
-0.171884 0.436574 2.09932
-0.322787 0.215146 2.11992
-0.453438 0.0830555 2.21596
-0.335391 -0.0429417 2.25103
-0.32441 -0.0942597 2.21337
-0.0113955 0.218519 2.15144
0.093111 0.0909226 2.28935
-0.0254828 -0.0407899 2.28988
-0.0340765 -0.0898476 2.2437
-0.258281 -0.231838 2.28359
-0.32572 -0.456931 2.12083
-0.291148 -0.693394 2.32411
-0.342161 -0.751785 2.301
-0.108295 -0.231713 2.29023
-0.03472 -0.460762 2.13489
-0.0759502 -0.692591 2.34088
-0.0144877 -0.746879 2.31443
-0.175631 0.235281 2.14077
-0.30781 -0.133105 2.19799
-0.300678 -0.0575638 2.167
-0.0373444 -0.127977 2.23912
-0.0138299 -0.140508 2.2514
-0.198823 -0.283657 2.34286
-0.183404 -0.0200259 2.2317
-0.164405 0.236374 2.10667
-0.155902 0.374717 2.09352
-0.316197 0.161149 2.10592
-0.463876 0.0402897 2.17715
-0.373954 -0.0896834 2.24783
-0.33508 -0.131767 2.22673
-0.00979581 0.148016 2.15051
0.114826 0.0405339 2.28112
-0.0133015 -0.0781715 2.30101
-0.039991 -0.11776 2.25362
-0.270341 -0.276035 2.30238
-0.350045 -0.431884 2.06503
-0.296807 -0.694234 2.31053
-0.34373 -0.752544 2.30027
-0.12133 -0.2828 2.31239
-0.0271211 -0.439124 2.07923
-0.0810067 -0.690985 2.30904
-0.0227411 -0.743169 2.31008
-0.169538 0.173312 2.14041
-0.341073 -0.177484 2.21967
-0.305722 -0.139025 2.17762
-0.0488007 -0.158185 2.24875
-0.0191948 -0.162753 2.2575
-0.201668 -0.168481 2.30225
-0.183737 0.113183 2.21348
-0.165229 0.387336 2.11268
-0.155845 0.526983 2.10776
-0.320415 0.295326 2.10484
-0.467428 0.163313 2.16325
-0.417248 0.0343177 2.26335
-0.361876 -0.00470926 2.21092
-0.00782708 0.284309 2.15653
0.104915 0.157908 2.28972
-0.0241011 0.0368239 2.29675
-0.0313994 -0.00879477 2.23526
-0.272371 -0.16093 2.26093
-0.328579 -0.391683 2.1006
-0.304661 -0.728463 2.27694
-0.286802 -0.780954 2.16218
-0.12468 -0.170685 2.27214
-0.0340952 -0.391731 2.11089
-0.0583436 -0.726763 2.28961
-0.0440654 -0.779247 2.17457
-0.169983 0.320009 2.14007
-0.368226 -0.0276783 2.21297
-0.358125 -0.00466045 2.188
-0.0341137 -0.0478601 2.22964
-0.0174605 -0.0526704 2.241
-0.19842 -0.0236372 2.23373
-0.194428 0.264578 2.18685
-0.189613 0.543152 2.1278
-0.181556 0.685521 2.12365
-0.345071 0.443699 2.11099
-0.485037 0.295933 2.1595
-0.366026 0.164902 2.18014
-0.352706 0.123265 2.13624
-0.0235795 0.442143 2.16503
0.0803729 0.296905 2.27926
-0.0299014 0.158953 2.24262
-0.0478667 0.127172 2.17313
-0.266709 -0.0227209 2.19278
-0.295039 -0.337333 2.23524
-0.287516 -0.658434 2.34505
-0.325327 -0.733674 2.29526
-0.123774 -0.0237606 2.203
-0.0925614 -0.336214 2.26655
-0.0799451 -0.657114 2.36503
-0.0303352 -0.732195 2.31687
-0.190989 0.474927 2.14471
-0.348922 0.0690729 2.11859
-0.371453 0.120027 2.13764
-0.0523155 0.0966756 2.16253
-0.0308443 0.088016 2.175
-0.195897 -0.0165552 2.23938
-0.198666 0.273187 2.20152
-0.201691 0.552868 2.15333
-0.191905 0.693062 2.13985
-0.355356 0.448608 2.13356
-0.487773 0.295789 2.1756
-0.364012 0.165276 2.1665
-0.336308 0.130933 2.12898
-0.0304883 0.455308 2.1816
0.078226 0.304355 2.28227
-0.0293595 0.166661 2.23503
-0.0430474 0.132939 2.17229
-0.263547 -0.0168116 2.19798
-0.280974 -0.322845 2.27277
-0.283966 -0.645002 2.35763
-0.321761 -0.726214 2.29841
-0.121969 -0.0156644 2.20933
-0.10089 -0.323059 2.29709
-0.0818867 -0.648055 2.3782
-0.0319968 -0.730412 2.31964
-0.20106 0.484418 2.16745
-0.321378 0.0828705 2.12515
-0.366582 0.0790864 2.1238
-0.0480726 0.10448 2.16113
-0.0227276 0.0793152 2.18252
-0.188401 -0.0131141 2.24337
-0.192738 0.27529 2.20414
-0.195193 0.553543 2.15308
-0.188867 0.693989 2.14283
-0.347069 0.448851 2.13629
-0.477286 0.299523 2.18863
-0.338331 0.185315 2.1809
-0.317613 0.146037 2.14199
-0.0210051 0.456374 2.17745
0.0872326 0.306904 2.28092
-0.0145797 0.162253 2.24562
-0.0337692 0.129274 2.18144
-0.25582 -0.0131579 2.20356
-0.279043 -0.333086 2.26021
-0.283132 -0.650393 2.35786
-0.321417 -0.72612 2.29837
-0.11479 -0.0125148 2.21167
-0.0861473 -0.33109 2.27249
-0.0793464 -0.650746 2.37786
-0.0317622 -0.731301 2.32015
-0.194861 0.48545 2.16802
-0.296487 0.120254 2.11388
-0.336621 0.0931165 2.12541
-0.0384494 0.10152 2.1765
-0.0104862 0.0801777 2.19781
-0.186855 -0.163495 2.2727
-0.183281 0.105706 2.19727
-0.178254 0.36452 2.10759
-0.172606 0.503312 2.08837
-0.329691 0.276031 2.10941
-0.463028 0.133914 2.19947
-0.326712 0.0236025 2.22534
-0.312549 -0.0262335 2.19664
-0.0154386 0.295548 2.14059
0.0972993 0.140621 2.26659
-0.0160474 0.00895229 2.29266
-0.0372104 -0.0298983 2.23983
-0.258129 -0.161175 2.23604
-0.30838 -0.429801 2.14386
-0.286726 -0.685814 2.33196
-0.336054 -0.746342 2.29436
-0.109632 -0.160806 2.23784
-0.0596289 -0.423314 2.16366
-0.0777603 -0.684792 2.35268
-0.020204 -0.743019 2.31597
-0.179746 0.301173 2.13246
-0.287853 -0.0627547 2.16633
-0.290402 0.0189903 2.12883
-0.0478788 -0.0749687 2.22803
-0.0146939 -0.0750636 2.23722
-0.210777 -0.310296 2.35046
-0.188936 -0.0536585 2.23263
-0.165938 0.196267 2.1016
-0.159005 0.33047 2.0822
-0.318876 0.122034 2.10214
-0.469978 0.00649394 2.18778
-0.395557 -0.122927 2.27251
-0.345641 -0.156885 2.24921
-0.0135568 0.104747 2.13831
0.114379 -0.0142294 2.26785
-0.0263997 -0.116166 2.29138
-0.052726 -0.153332 2.26256
-0.282772 -0.300251 2.30976
-0.329146 -0.448461 2.05673
-0.286243 -0.699699 2.31293
-0.3438 -0.751405 2.29376
-0.132433 -0.311031 2.32021
-0.0256931 -0.446194 2.07795
-0.0780849 -0.697181 2.32308
-0.0161016 -0.747344 2.31167
-0.17189 0.134767 2.13674
-0.358713 -0.206046 2.2519
-0.324226 -0.124297 2.21925
-0.0738303 -0.190869 2.23001
-0.0346498 -0.190483 2.25747
-0.205947 -0.277487 2.34179
-0.180584 -0.0132705 2.23007
-0.154418 0.244711 2.10529
-0.152649 0.380386 2.09912
-0.312802 0.160005 2.10481
-0.462035 0.0406439 2.17863
-0.398015 -0.0892682 2.26979
-0.351703 -0.126395 2.24537
-0.00760663 0.139658 2.13457
0.121593 0.0144676 2.2587
-0.0120504 -0.095244 2.28679
-0.0514739 -0.122543 2.251
-0.277716 -0.266899 2.30334
-0.337021 -0.432217 2.06622
-0.288919 -0.69877 2.31109
-0.344747 -0.752157 2.29176
-0.127893 -0.279537 2.3091
-0.0178899 -0.437182 2.08501
-0.0777212 -0.697914 2.32614
-0.0148936 -0.748225 2.31178
-0.161094 0.1812 2.13882
-0.384737 -0.186113 2.25191
-0.340185 -0.143905 2.20424
-0.0641408 -0.160593 2.23503
-0.0213243 -0.181971 2.25911
-0.195928 -0.105488 2.31064
-0.174321 0.174061 2.21423
-0.152256 0.445174 2.10538
-0.15189 0.584919 2.10014
-0.310246 0.350904 2.09494
-0.45927 0.221242 2.1565
-0.40424 0.07993 2.23896
-0.359764 0.0324224 2.20173
0.00154232 0.330799 2.13794
0.109945 0.201189 2.2663
-0.0310201 0.0986283 2.2906
-0.0356673 0.0768164 2.23006
-0.2671 -0.0974329 2.27613
-0.327125 -0.335272 2.13006
-0.310638 -0.6918 2.26869
-0.330985 -0.741069 2.29605
-0.118636 -0.110078 2.2736
-0.0256323 -0.353345 2.16565
-0.0470222 -0.70442 2.3149
-0.00976249 -0.759708 2.32822
-0.15788 0.378694 2.13482
-0.371573 -0.0130773 2.20416
-0.344408 0.0644938 2.16664
-0.0242542 0.0217022 2.24037
-0.0234573 0.0209206 2.227
-0.187046 -0.017732 2.24203
-0.1779 0.271482 2.19238
-0.169371 0.553012 2.13333
-0.164005 0.689282 2.11624
-0.326159 0.453797 2.11879
-0.463347 0.311812 2.1684
-0.34723 0.177203 2.18428
-0.326391 0.139549 2.15
-0.000755277 0.434296 2.15326
0.102862 0.296883 2.26732
-0.0164619 0.164159 2.25318
-0.0251438 0.120558 2.18643
-0.255753 -0.0144083 2.20383
-0.278662 -0.31671 2.27519
-0.28573 -0.646569 2.35755
-0.323625 -0.726875 2.30037
-0.112351 -0.0203039 2.20844
-0.0916843 -0.326361 2.28577
-0.0748794 -0.6518 2.37146
-0.0273573 -0.734007 2.31789
-0.171569 0.484056 2.14993
-0.321922 0.0945939 2.13476
-0.289255 0.16573 2.10114
-0.0216365 0.0757161 2.18491
-0.0113976 0.0800615 2.19331
