-0.142412 0.200988 2.40415
-0.130899 0.489909 2.35699
-0.117944 0.766604 2.29878
-0.0863955 0.916242 2.25114
-0.265957 0.655325 2.29597
-0.350562 0.456211 2.16763
-0.374596 0.301134 2.01285
-0.368963 0.276257 1.88676
0.0418482 0.663628 2.32261
0.0678006 0.453044 2.24735
0.112022 0.317011 2.07911
0.113878 0.229717 1.91475
-0.213434 0.199982 2.3648
-0.273768 -0.160544 2.47513
-0.311388 -0.523094 2.61091
-0.338577 -0.586133 2.55396
-0.0674219 0.196354 2.37636
-0.0654343 -0.168344 2.48858
-0.0898374 -0.524324 2.61882
-0.0837409 -0.602912 2.56117
-0.12129 0.69889 2.31484
-0.352753 0.24958 1.85122
-0.368622 0.311093 1.86678
0.104412 0.204024 1.88263
0.101814 0.178563 1.91475
-0.14264 0.200718 2.40354
-0.131194 0.489504 2.35672
-0.118605 0.766428 2.29893
-0.0871694 0.916205 2.25172
-0.266711 0.6551 2.29562
-0.350109 0.455638 2.16687
-0.375206 0.304011 2.00878
-0.369909 0.277939 1.8864
0.0414718 0.663044 2.32235
0.0797361 0.442698 2.22229
0.118096 0.300326 2.05802
0.117298 0.235366 1.91323
-0.213757 0.199638 2.36409
-0.274128 -0.160022 2.47418
-0.311906 -0.522954 2.61005
-0.338741 -0.586209 2.55419
-0.0675584 0.196164 2.37586
-0.0657099 -0.168434 2.48848
-0.0889299 -0.523659 2.61805
-0.0864585 -0.601517 2.5599
-0.121817 0.698653 2.31495
-0.354076 0.253133 1.85123
-0.366718 0.318541 1.86473
0.106124 0.209651 1.87997
0.10493 0.182683 1.91184
-0.143538 0.200379 2.40308
-0.132356 0.489017 2.35617
-0.120323 0.766353 2.29838
-0.0883296 0.916798 2.25115
-0.268169 0.654728 2.29427
-0.351522 0.455928 2.16491
-0.374953 0.303873 2.00697
-0.368774 0.275626 1.88522
0.0401882 0.662279 2.32112
0.0940015 0.441256 2.1937
0.120428 0.281441 2.04427
0.1172 0.235759 1.91256
-0.21486 0.199134 2.36359
-0.274662 -0.160054 2.47385
-0.311904 -0.522141 2.6099
-0.338755 -0.586036 2.55471
-0.0682482 0.195975 2.37546
-0.0660584 -0.168568 2.48848
-0.0891566 -0.523941 2.61846
-0.0874541 -0.601204 2.55974
-0.123358 0.698461 2.31451
-0.353679 0.252766 1.84967
-0.365229 0.31765 1.86052
0.107949 0.210495 1.88187
0.110321 0.18436 1.922
-0.14444 0.200156 2.40291
-0.133593 0.488675 2.35553
-0.12219 0.766387 2.29714
-0.0903023 0.917102 2.24983
-0.269815 0.654734 2.29265
-0.351578 0.453779 2.16234
-0.375226 0.304108 2.0021
-0.367067 0.274482 1.88326
0.0364181 0.663061 2.31922
0.0934735 0.442361 2.19206
0.121809 0.283373 2.04208
0.114578 0.238466 1.91411
-0.215923 0.198767 2.36329
-0.275366 -0.160082 2.47409
-0.31166 -0.522022 2.61048
-0.339112 -0.586158 2.55514
-0.0689949 0.195891 2.37541
-0.0675552 -0.168626 2.489
-0.0889498 -0.523952 2.61833
-0.0879237 -0.600972 2.55945
-0.125049 0.698376 2.31353
-0.353162 0.252547 1.84825
-0.361958 0.317049 1.85676
0.10542 0.210571 1.88041
0.100139 0.182704 1.91215
-0.145862 0.199965 2.40283
-0.135412 0.488409 2.35481
-0.12464 0.766402 2.29575
-0.0934476 0.917055 2.24803
-0.272349 0.654564 2.29129
-0.352895 0.452197 2.15917
-0.377426 0.299504 2.00208
-0.364428 0.272957 1.88345
0.033077 0.66375 2.31789
0.0921935 0.442211 2.19028
0.119994 0.283205 2.04022
0.111566 0.235362 1.91515
-0.217525 0.198342 2.36319
-0.276809 -0.159741 2.47403
-0.311428 -0.522036 2.61064
-0.33868 -0.585784 2.55529
-0.0702404 0.195907 2.37537
-0.0686456 -0.169393 2.48994
-0.0890173 -0.523669 2.61854
-0.0876574 -0.601155 2.5598
-0.127355 0.698318 2.31238
-0.349617 0.253109 1.84679
-0.358329 0.316469 1.85585
0.102493 0.209518 1.88439
0.0978358 0.182909 1.91185
-0.147114 0.199868 2.40372
-0.137334 0.488312 2.35472
-0.127682 0.766557 2.29452
-0.0956675 0.917184 2.24699
-0.275141 0.654498 2.29052
-0.35425 0.451535 2.15763
-0.375077 0.304148 1.9948
-0.363787 0.273336 1.88127
0.032032 0.663306 2.31814
0.091325 0.440247 2.18609
0.11944 0.27921 2.03837
0.111337 0.23733 1.91614
-0.218716 0.198039 2.36381
-0.278899 -0.164381 2.4751
-0.311704 -0.522426 2.61095
-0.338686 -0.586575 2.55435
-0.071518 0.196055 2.37657
-0.069486 -0.170938 2.49047
-0.0895647 -0.523979 2.61859
-0.0874552 -0.600765 2.55967
-0.130117 0.698407 2.3115
-0.349051 0.249938 1.84942
-0.355581 0.317338 1.85337
0.0998408 0.208848 1.88227
0.0910637 0.181934 1.906
-0.150427 0.200821 2.40644
-0.140145 0.488188 2.35409
-0.131513 0.765259 2.28987
-0.0998597 0.915434 2.24187
-0.277637 0.655182 2.28874
-0.355845 0.452084 2.15725
-0.374084 0.305114 1.99368
-0.365591 0.267215 1.88022
0.0305908 0.662889 2.31741
0.0884746 0.437262 2.18496
0.119158 0.274856 2.03938
0.111111 0.228438 1.91409
-0.22219 0.19927 2.3667
-0.284707 -0.176358 2.45101
-0.313042 -0.524786 2.60659
-0.339223 -0.58773 2.55194
-0.0745418 0.196751 2.37912
-0.0722729 -0.18789 2.46818
-0.0941916 -0.52907 2.61599
-0.0867469 -0.600394 2.556
-0.133655 0.697499 2.30814
-0.350092 0.24303 1.84861
-0.357966 0.312535 1.85154
0.100999 0.203313 1.88197
0.0966175 0.174682 1.91234
-0.157444 0.188259 2.42311
-0.146449 0.471187 2.35845
-0.136422 0.741727 2.28291
-0.107777 0.890803 2.23337
-0.283463 0.640623 2.28614
-0.362776 0.432093 2.1553
-0.374881 0.274731 2.00145
-0.369897 0.234412 1.88527
0.0235303 0.644796 2.31298
0.0884679 0.417208 2.17861
0.118631 0.251456 2.03695
0.110122 0.198148 1.91406
-0.229185 0.187988 2.38381
-0.298642 -0.183663 2.40414
-0.322977 -0.541587 2.58308
-0.351928 -0.602055 2.54584
-0.0813732 0.183293 2.39534
-0.0595642 -0.203461 2.41423
-0.0912909 -0.545011 2.58746
-0.0862179 -0.612564 2.54612
-0.13901 0.675738 2.30406
-0.352183 0.211658 1.85053
-0.360857 0.281084 1.8487
0.0978124 0.172953 1.88055
0.0986293 0.147139 1.912
-0.166516 0.117438 2.46035
-0.157059 0.392325 2.37892
-0.147051 0.65778 2.28663
-0.121372 0.807999 2.23139
-0.295031 0.560632 2.29814
-0.375359 0.347894 2.16399
-0.388579 0.187258 2.01408
-0.38235 0.163015 1.89504
0.0125857 0.565744 2.32348
0.0857242 0.332375 2.18572
0.120419 0.171735 2.03934
0.109688 0.126312 1.91816
-0.238582 0.117009 2.4225
-0.327769 -0.236651 2.35897
-0.33829 -0.556449 2.55962
-0.362625 -0.618467 2.5353
-0.0899102 0.114596 2.43108
-0.0512293 -0.24895 2.36458
-0.0850128 -0.570175 2.56503
-0.0720672 -0.636804 2.52641
-0.149666 0.592793 2.31171
-0.363012 0.143419 1.85506
-0.384762 0.193342 1.8615
0.0962821 0.099655 1.88945
0.0999293 0.0715924 1.914
-0.173865 0.0572302 2.48231
-0.164261 0.326588 2.39224
-0.154096 0.587193 2.29079
-0.12982 0.740153 2.23196
-0.301988 0.499175 2.30673
-0.380537 0.307332 2.18415
-0.397596 0.147027 2.03447
-0.398712 0.118356 1.90446
0.00765084 0.50634 2.32938
0.0846237 0.277512 2.20168
0.12332 0.11309 2.06111
0.115766 0.0756207 1.91717
-0.246607 0.0577991 2.44371
-0.353284 -0.282496 2.33125
-0.337003 -0.56158 2.55037
-0.361648 -0.623476 2.52517
-0.0964155 0.0551088 2.45367
-0.0457984 -0.298549 2.33807
-0.0839738 -0.575662 2.55689
-0.0789825 -0.643178 2.51994
-0.156754 0.523331 2.31822
-0.389137 0.0857061 1.85572
-0.388203 0.176558 1.87188
0.103223 0.0493368 1.88427
0.107674 0.022424 1.902
-0.174734 0.00241754 2.54123
-0.166523 0.266865 2.41977
-0.158863 0.524045 2.2914
-0.136335 0.676698 2.22953
-0.305607 0.44601 2.31136
-0.381072 0.264241 2.20905
-0.414817 0.12731 2.03975
-0.409988 0.0774152 1.89781
0.00166172 0.446558 2.33081
0.0872642 0.223955 2.20909
0.126426 0.0636111 2.06401
0.127653 0.039021 1.9243
-0.252964 0.00244436 2.5024
-0.398199 -0.267379 2.27213
-0.338681 -0.570006 2.54495
-0.363107 -0.630549 2.52813
-0.0911454 0.00130388 2.51284
-0.0213141 -0.297137 2.27987
-0.0802718 -0.583671 2.54041
-0.0824862 -0.649551 2.52423
-0.160822 0.460765 2.32544
-0.400908 0.0478273 1.84213
-0.394656 0.137371 1.8618
0.122558 0.0103028 1.88209
0.122854 -0.0194208 1.895
-0.179647 -0.0615326 2.5388
-0.170691 0.21004 2.4214
-0.161184 0.474059 2.29256
-0.140544 0.624113 2.22781
-0.308349 0.393386 2.31058
-0.389767 0.214554 2.2083
-0.414775 0.0855834 2.03097
-0.418541 0.0358741 1.891
-0.00128142 0.39156 2.33153
0.0900101 0.16815 2.20582
0.136936 0.00612198 2.06546
0.1378 -0.0126298 1.93155
-0.247401 -0.0607686 2.49748
-0.4137 -0.300767 2.24767
-0.337848 -0.571227 2.5363
-0.360029 -0.631115 2.52527
-0.106592 -0.0613074 2.51256
-0.00735177 -0.328296 2.25081
-0.0798335 -0.589744 2.53256
-0.0851007 -0.651924 2.52772
-0.163681 0.409208 2.32685
-0.410456 -8.56816e-005 1.83763
-0.404625 0.0984329 1.85611
0.128483 -0.0428684 1.8842
0.132932 -0.0690605 1.90963
-0.181141 -0.0667705 2.53863
-0.171362 0.204275 2.41998
-0.160807 0.467709 2.28958
-0.140622 0.615776 2.22263
-0.30812 0.387996 2.30753
-0.389352 0.207021 2.20953
-0.413892 0.0756379 2.0342
-0.412024 0.0313964 1.89067
-0.00158769 0.388628 2.33045
0.091241 0.15511 2.20617
0.138149 -0.00334403 2.06162
0.138182 -0.0213199 1.9333
-0.249506 -0.0656317 2.49674
-0.412656 -0.305032 2.24397
-0.336945 -0.571666 2.53264
-0.359448 -0.630651 2.52393
-0.107679 -0.0664613 2.51311
-0.00864208 -0.331023 2.24858
-0.0808555 -0.593133 2.53153
-0.084377 -0.655246 2.52709
-0.163594 0.403002 2.32429
-0.402448 -0.00362299 1.83599
-0.400612 0.0910767 1.86083
0.133814 -0.0488067 1.89554
0.132774 -0.0857114 1.92633
-0.183042 -0.0467471 2.53394
-0.170637 0.229204 2.40837
-0.156948 0.498607 2.26956
-0.135021 0.646503 2.20367
-0.306723 0.395936 2.30238
-0.388778 0.228379 2.18107
-0.414206 0.0784881 2.02201
-0.40321 0.0586152 1.88145
-0.000249691 0.401061 2.32455
0.0888035 0.200213 2.20732
0.134926 0.0296869 2.07764
0.134901 0.00746302 1.9364
-0.251156 -0.046222 2.49359
-0.417734 -0.287742 2.24551
-0.336564 -0.570532 2.53183
-0.358447 -0.628131 2.5274
-0.110031 -0.045952 2.50691
-0.0103675 -0.32174 2.25564
-0.0800222 -0.591771 2.52953
-0.0751535 -0.644975 2.43362
-0.160554 0.432367 2.30649
-0.389604 0.0208728 1.83249
-0.404872 0.059528 1.8274
0.131524 -0.021951 1.89224
0.131956 -0.0484525 1.914
-0.185825 0.0222114 2.52089
-0.168132 0.298078 2.39132
-0.149732 0.566802 2.24931
-0.124998 0.712722 2.18245
-0.292918 0.486463 2.27274
-0.381964 0.281522 2.14806
-0.403911 0.116415 2.00477
-0.390255 0.116566 1.8621
0.00744869 0.484786 2.29476
0.0973843 0.243634 2.18261
0.140406 0.0942494 2.02672
0.137294 0.0750105 1.90696
-0.250655 0.023894 2.48117
-0.408323 -0.255175 2.2743
-0.394126 -0.648283 2.47316
-0.385819 -0.701112 2.37815
-0.116121 0.0202825 2.49332
-0.00229751 -0.276377 2.27763
-0.0453834 -0.665948 2.47837
-0.0415013 -0.718486 2.38304
-0.154458 0.500815 2.28695
-0.378782 0.0898396 1.82032
-0.389102 0.158867 1.86238
0.131168 0.0447946 1.8716
0.123964 0.0202845 1.88533
-0.16586 0.127779 2.50851
-0.152845 0.39678 2.37274
-0.139076 0.657547 2.2258
-0.114546 0.808059 2.16016
-0.280507 0.584744 2.24521
-0.370696 0.357693 2.12771
-0.377512 0.254411 1.90207
-0.377029 0.213313 1.84184
0.0197905 0.58298 2.27248
0.105866 0.334899 2.15394
0.136985 0.167183 2.0152
0.140546 0.157029 1.87865
-0.229585 0.128423 2.46959
-0.365766 -0.197273 2.33961
-0.375742 -0.60157 2.51722
-0.366511 -0.655919 2.4229
-0.0976011 0.124476 2.48012
-0.0114423 -0.216272 2.33899
-0.0559176 -0.621128 2.51023
-0.0506978 -0.675145 2.41564
-0.142647 0.593667 2.26454
-0.35853 0.17321 1.79763
-0.359321 0.274822 1.80814
0.131097 0.135332 1.84961
0.128176 0.118326 1.86912
-0.16072 0.196618 2.50113
-0.146496 0.458951 2.36366
-0.13214 0.713199 2.21567
-0.108472 0.862763 2.15153
-0.275745 0.632027 2.23662
-0.361819 0.414604 2.11572
-0.386918 0.263014 1.95763
-0.371518 0.249006 1.83684
0.0235126 0.617356 2.26337
0.111318 0.388134 2.14918
0.153496 0.229073 2.00288
0.142678 0.208197 1.87305
-0.231619 0.200456 2.46275
-0.322049 -0.154829 2.41469
-0.347212 -0.570975 2.56403
-0.339865 -0.626194 2.46984
-0.0868002 0.189431 2.47234
-0.032991 -0.173928 2.41718
-0.0738069 -0.590534 2.56208
-0.069843 -0.645456 2.46768
-0.135799 0.650938 2.25461
-0.34855 0.209722 1.78952
-0.359262 0.242767 1.77892
0.136361 0.187794 1.83937
0.134137 0.156027 1.87275
-0.150703 0.222873 2.45679
-0.140827 0.485305 2.34505
-0.130756 0.739788 2.21261
-0.106123 0.891235 2.15305
-0.274658 0.648158 2.23289
-0.360789 0.448765 2.11912
-0.375568 0.34129 1.92619
-0.365688 0.277938 1.83896
0.0271481 0.657015 2.25703
0.0897965 0.450995 2.20958
0.142356 0.305658 2.05225
0.149651 0.239103 1.86826
-0.223982 0.220359 2.41726
-0.286827 -0.170219 2.48348
-0.320459 -0.52392 2.60488
-0.347252 -0.593876 2.54513
-0.0731997 0.219571 2.42912
-0.0644824 -0.162654 2.47591
-0.0875608 -0.528463 2.6014
-0.0813258 -0.605322 2.55018
-0.133432 0.676962 2.24805
-0.355023 0.23539 1.8028
-0.338411 0.333921 1.80267
0.140859 0.214052 1.83491
0.140002 0.184649 1.86017
-0.150219 0.224215 2.45523
-0.139887 0.490717 2.34297
-0.129079 0.750381 2.21712
-0.104706 0.901867 2.16048
-0.275226 0.654747 2.23528
-0.359888 0.451728 2.11786
-0.373165 0.342817 1.92562
-0.360288 0.282143 1.84241
0.029071 0.666101 2.26012
0.11398 0.426466 2.14447
0.175288 0.274565 1.99729
0.152705 0.25196 1.87144
-0.223293 0.221667 2.41582
-0.281171 -0.163914 2.51221
-0.318834 -0.519978 2.61594
-0.34219 -0.588607 2.55326
-0.0729815 0.220796 2.42753
-0.0717838 -0.161579 2.51228
-0.0871944 -0.524651 2.61839
-0.0848037 -0.601563 2.55768
-0.131905 0.686532 2.25035
-0.350212 0.242274 1.80655
-0.335404 0.33632 1.81374
0.140968 0.221935 1.8341
0.142731 0.194715 1.86296
-0.150255 0.224784 2.45483
-0.140229 0.492735 2.34355
-0.129832 0.7539 2.22116
-0.104812 0.90518 2.16568
-0.276467 0.658131 2.2382
-0.358519 0.452245 2.11985
-0.367062 0.31331 1.94826
-0.357248 0.274611 1.84766
0.0293481 0.669844 2.26345
0.112672 0.432802 2.15063
0.160268 0.25685 2.02825
0.149908 0.245436 1.88331
-0.223166 0.222078 2.41557
-0.281192 -0.161633 2.51138
-0.318916 -0.519221 2.61623
-0.340171 -0.587315 2.55471
-0.07327 0.221531 2.42694
-0.0712545 -0.159493 2.51559
-0.0863368 -0.521049 2.62076
-0.0880302 -0.597775 2.56351
-0.132547 0.689856 2.25347
-0.341819 0.243618 1.80588
-0.328605 0.332228 1.82186
0.141369 0.218406 1.84783
0.140688 0.187318 1.8784
-0.150381 0.225041 2.45457
-0.140591 0.494073 2.34445
-0.130483 0.756188 2.22483
-0.105523 0.907321 2.17023
-0.277824 0.659831 2.24117
-0.358245 0.45365 2.12104
-0.367714 0.31295 1.95099
-0.35682 0.276123 1.84827
0.0291243 0.671476 2.26569
0.112338 0.431858 2.15285
0.158898 0.256995 2.0284
0.147894 0.2417 1.88476
-0.223235 0.22232 2.41515
-0.281854 -0.162819 2.50522
-0.318646 -0.518688 2.61557
-0.339601 -0.586778 2.55563
-0.0734699 0.221803 2.42683
-0.0711135 -0.159765 2.515
-0.0863411 -0.520957 2.62162
-0.0865519 -0.599857 2.56078
-0.133128 0.692002 2.25644
-0.33594 0.244761 1.80428
-0.32822 0.332251 1.82047
0.140843 0.21936 1.85259
0.137503 0.185301 1.884
-0.150503 0.225097 2.45438
-0.140958 0.494557 2.34519
-0.131258 0.756906 2.2274
-0.106241 0.908306 2.17393
-0.278421 0.660698 2.24272
-0.358458 0.454012 2.12176
-0.367806 0.313432 1.95159
-0.358272 0.275198 1.84965
0.0278312 0.673056 2.27008
0.1118 0.430888 2.1544
0.158932 0.256249 2.02984
0.147801 0.241129 1.88999
-0.223338 0.222351 2.4148
-0.283027 -0.165521 2.49158
-0.317243 -0.518647 2.611
-0.339705 -0.586819 2.55571
-0.073612 0.221869 2.42675
-0.0708389 -0.163463 2.50894
-0.0881312 -0.521977 2.6221
-0.0878396 -0.59941 2.56075
-0.133803 0.692704 2.25856
-0.344881 0.243003 1.81515
-0.330105 0.3313 1.82173
0.141217 0.219341 1.85719
0.13789 0.185728 1.8826
-0.16297 0.185467 2.46313
-0.154079 0.454424 2.36043
-0.144669 0.714296 2.24742
-0.117633 0.866111 2.19201
-0.289249 0.623802 2.25857
-0.368959 0.415778 2.13206
-0.380089 0.257501 1.97906
-0.366602 0.222055 1.86041
0.0151226 0.630822 2.29199
0.106415 0.393314 2.17
0.151086 0.229283 2.03035
0.146316 0.201945 1.90138
-0.235086 0.18481 2.42264
-0.310347 -0.17384 2.40076
-0.327628 -0.540576 2.57998
-0.350424 -0.60304 2.53705
-0.0864401 0.181071 2.43652
-0.0450085 -0.194119 2.41399
-0.084119 -0.551162 2.58512
-0.0767077 -0.617959 2.54035
-0.147143 0.65071 2.2776
-0.343924 0.186323 1.81749
-0.340554 0.282417 1.84329
0.139101 0.177065 1.86517
0.135847 0.148823 1.88408
-0.171196 0.114568 2.47311
-0.1635 0.384064 2.3776
-0.155117 0.644784 2.27122
-0.130326 0.796031 2.21625
-0.299454 0.553336 2.28064
-0.379208 0.347502 2.14494
-0.394695 0.203824 1.97822
-0.375569 0.15767 1.87851
0.00662416 0.565239 2.31395
0.0998228 0.335237 2.1908
0.147214 0.1774 2.04497
0.142223 0.1453 1.91603
-0.242656 0.114122 2.43066
-0.341749 -0.236001 2.35921
-0.3416 -0.557183 2.5616
-0.359459 -0.621788 2.52543
-0.0950924 0.111896 2.44837
-0.0314206 -0.247444 2.37472
-0.0765958 -0.571668 2.57313
-0.0740782 -0.638389 2.52809
-0.157344 0.580922 2.2998
-0.357302 0.124615 1.83969
-0.348709 0.217431 1.855
0.133072 0.120996 1.87654
0.13667 0.0875294 1.9218
-0.181171 0.0490162 2.48055
-0.172287 0.317564 2.38839
-0.162738 0.577812 2.28519
-0.140859 0.731682 2.23057
-0.308374 0.485138 2.29355
-0.388264 0.289049 2.17241
-0.404299 0.118218 2.03536
-0.391048 0.0941377 1.89716
-0.00233495 0.49665 2.3288
0.0894646 0.260276 2.20827
0.143838 0.101049 2.06695
0.135391 0.0821234 1.928
-0.253113 0.048562 2.43883
-0.361628 -0.28951 2.32016
-0.338228 -0.566526 2.54839
-0.362578 -0.627389 2.53045
-0.104347 0.0481133 2.45503
-0.0315554 -0.301129 2.33719
-0.0779115 -0.581876 2.55429
-0.0852824 -0.649105 2.52292
-0.165256 0.513996 2.31301
-0.365179 0.0617075 1.84325
-0.362973 0.150767 1.87567
0.129503 0.0502512 1.89516
0.128028 0.0230802 1.9024
-0.198498 -0.00670823 2.52606
-0.185892 0.258634 2.41499
-0.171515 0.516157 2.29527
-0.148566 0.67127 2.23841
-0.315085 0.435955 2.30219
-0.393994 0.227855 2.17715
-0.420695 0.0598175 2.03863
-0.396107 0.0452021 1.89616
-0.00833855 0.441462 2.33586
0.0847469 0.188097 2.2111
0.138655 0.0117167 2.09357
0.130516 0.0148015 1.93563
-0.278472 -0.00587884 2.48416
-0.386432 -0.294402 2.25614
-0.334852 -0.571397 2.53722
-0.367226 -0.62355 2.53315
-0.115648 -0.00807514 2.50155
-0.0254027 -0.306495 2.27668
-0.0769765 -0.588962 2.53903
-0.0877662 -0.653805 2.52327
-0.175271 0.452991 2.32719
-0.381968 0.0203222 1.84972
-0.367131 0.102596 1.87786
0.124092 -0.00587919 1.89997
0.122291 -0.0382504 1.91514
-0.20358 -0.0770048 2.52136
-0.190039 0.199156 2.41483
-0.175192 0.467582 2.29651
-0.155116 0.623442 2.23932
-0.319897 0.385847 2.30534
-0.399562 0.172549 2.17402
-0.428928 0.0447372 1.99675
-0.397405 0.00359506 1.88665
-0.015204 0.38715 2.34131
0.0769676 0.162061 2.2209
0.126705 -0.00825672 2.09244
0.123059 -0.029663 1.93979
-0.270954 -0.0746861 2.479
-0.4116 -0.325161 2.22309
-0.330264 -0.569294 2.5241
-0.361604 -0.621339 2.52158
-0.130315 -0.0777954 2.49637
-0.0104767 -0.343297 2.24272
-0.081007 -0.592225 2.52701
-0.0816345 -0.654834 2.52162
-0.179088 0.401627 2.3282
-0.380477 -0.028994 1.84307
-0.367526 0.0630411 1.8755
0.11826 -0.0531071 1.90364
0.118333 -0.0830925 1.9226
-0.204814 -0.082666 2.52131
-0.190933 0.192518 2.41366
-0.175974 0.460057 2.29406
-0.156402 0.614819 2.23562
-0.320495 0.37956 2.30422
-0.399688 0.167928 2.17604
-0.408854 0.0268948 2.00693
-0.397005 0.000165074 1.8873
-0.0161422 0.380911 2.33953
0.0737335 0.155794 2.22328
0.122818 -0.0193436 2.10169
0.12125 -0.0348159 1.94209
-0.272431 -0.0799189 2.47955
-0.413348 -0.328377 2.22168
-0.329592 -0.569216 2.51792
-0.354439 -0.625652 2.51323
-0.131487 -0.083472 2.49579
-0.0117354 -0.347472 2.24038
-0.081947 -0.595988 2.52674
-0.0787577 -0.658477 2.52152
-0.17988 0.394316 2.32609
-0.378919 -0.031155 1.84347
-0.365815 0.0594055 1.87603
0.11794 -0.0584232 1.90767
0.114039 -0.0929771 1.9308
-0.20313 -0.0589716 2.52036
-0.188894 0.214531 2.4077
-0.173702 0.481367 2.28309
-0.153769 0.634849 2.22335
-0.318758 0.402139 2.29295
-0.398414 0.200286 2.17672
-0.417703 0.0680621 2.00122
-0.393739 0.0336476 1.88612
-0.0150951 0.40456 2.32766
0.0758964 0.169296 2.21678
0.128824 -0.00768358 2.0998
0.122912 -0.0139277 1.93599
-0.270011 -0.0570689 2.47745
-0.413726 -0.315071 2.23204
-0.329331 -0.568627 2.51879
-0.355706 -0.623245 2.51655
-0.130751 -0.0592893 2.49606
-0.0161963 -0.333195 2.24968
-0.0822024 -0.596199 2.52707
-0.0760243 -0.659568 2.51896
-0.177658 0.415752 2.3164
-0.37787 -0.00372389 1.8399
-0.365136 0.0874152 1.87638
0.116804 -0.0359054 1.90707
0.115114 -0.0482235 1.92862
-0.194272 0.0323151 2.50465
-0.181185 0.309026 2.3874
-0.16726 0.577716 2.25864
-0.143302 0.730204 2.19858
-0.307496 0.494047 2.26741
-0.389212 0.285724 2.14667
-0.395745 0.156135 1.96788
-0.381065 0.117606 1.86584
-0.00648273 0.497282 2.3045
0.0850677 0.266739 2.19168
0.130388 0.0883969 2.07287
0.131429 0.0776023 1.93044
-0.257808 0.0320822 2.46319
-0.410099 -0.258055 2.26988
-0.390637 -0.649001 2.47228
-0.378233 -0.700461 2.37634
-0.12545 0.031971 2.47889
-0.0123178 -0.275371 2.28074
-0.0484278 -0.66587 2.48107
-0.0403684 -0.717062 2.38481
-0.170888 0.511792 2.29289
-0.358927 0.0750383 1.82008
-0.345094 0.171307 1.8485
0.126261 0.0515035 1.88908
0.125876 0.0276914 1.91243
-0.177222 0.125548 2.49551
-0.167605 0.394524 2.37209
-0.156149 0.657672 2.23684
-0.136935 0.813568 2.18172
-0.301136 0.570377 2.24719
-0.379175 0.354488 2.1281
-0.39138 0.231111 1.94504
-0.370702 0.183435 1.84635
0.000165977 0.566857 2.28478
0.0927864 0.324589 2.17682
0.134291 0.175331 2.02003
0.14066 0.157066 1.90685
-0.247194 0.125492 2.45476
-0.372729 -0.20257 2.3184
-0.375438 -0.602868 2.50443
-0.363806 -0.655793 2.409
-0.102506 0.122517 2.46887
-0.026673 -0.217273 2.31745
-0.0585867 -0.619246 2.49723
-0.0509462 -0.671875 2.40154
-0.159411 0.59306 2.27271
-0.346953 0.144694 1.8002
-0.342332 0.166716 1.79033
0.136662 0.124882 1.8727
0.124923 0.101848 1.87763
-0.156662 0.175252 2.44508
-0.153439 0.451603 2.34382
-0.150329 0.7196 2.2187
-0.130871 0.87184 2.16978
-0.294361 0.621979 2.23155
-0.373157 0.410248 2.11418
-0.389619 0.288905 1.93
-0.370418 0.232652 1.83614
0.00709806 0.628922 2.26695
0.0985833 0.394617 2.16022
0.141851 0.226022 2.02583
0.148783 0.206831 1.89962
-0.214126 0.169874 2.40606
-0.35027 -0.167582 2.40648
-0.362749 -0.578062 2.57072
-0.355377 -0.644115 2.5229
-0.0952242 0.175773 2.41669
-0.0371981 -0.185159 2.41837
-0.0725546 -0.597838 2.57409
-0.0711522 -0.66196 2.51965
-0.151421 0.65317 2.25238
-0.348109 0.187092 1.80129
-0.354595 0.220262 1.78078
0.145781 0.176074 1.85834
0.14036 0.14789 1.8734
-0.161709 0.211374 2.43647
-0.155109 0.482939 2.33134
-0.148497 0.744948 2.21347
-0.128419 0.894548 2.16778
-0.291979 0.644388 2.22433
-0.373034 0.431945 2.10254
-0.387292 0.299265 1.92633
-0.37339 0.247509 1.82892
0.00952423 0.657537 2.25604
0.10026 0.432542 2.16
0.156083 0.267468 2.02582
0.153803 0.237079 1.89878
-0.234634 0.210776 2.39515
-0.303903 -0.171468 2.44849
-0.32486 -0.52762 2.59247
-0.352537 -0.597451 2.54377
-0.0869363 0.209064 2.40974
-0.068073 -0.169816 2.45181
-0.0864355 -0.539355 2.60162
-0.0770502 -0.614289 2.54187
-0.150225 0.680815 2.24501
-0.352485 0.217217 1.79162
-0.355599 0.303119 1.82186
0.14925 0.193941 1.84905
0.145415 0.172139 1.85325
-0.160603 0.218931 2.43296
-0.152637 0.493064 2.33031
-0.143576 0.759074 2.21733
-0.124757 0.912726 2.17689
-0.289892 0.65732 2.22508
-0.370847 0.447878 2.10105
-0.388526 0.330957 1.91402
-0.375641 0.280944 1.82475
0.0140139 0.666957 2.25687
0.106485 0.439141 2.14944
0.16091 0.266341 2.02524
0.161955 0.262841 1.88112
-0.233328 0.215642 2.39337
-0.286108 -0.158378 2.4956
-0.318282 -0.519444 2.61338
-0.347415 -0.593337 2.54935
-0.084634 0.216931 2.40518
-0.0792046 -0.168986 2.49372
-0.0918974 -0.530664 2.61571
-0.083091 -0.60142 2.55606
-0.14601 0.693895 2.24738
-0.361225 0.244101 1.78528
-0.358332 0.266108 1.76388
0.159155 0.226874 1.8301
0.153115 0.199719 1.83757
-0.15974 0.220822 2.43136
-0.151668 0.496145 2.33101
-0.142471 0.763818 2.22153
-0.123165 0.917435 2.18412
-0.289141 0.661047 2.22826
-0.369451 0.452011 2.10219
-0.38596 0.339349 1.91238
-0.371717 0.281801 1.8307
0.0157905 0.669463 2.25934
0.106973 0.440554 2.14919
0.162458 0.266191 2.02784
0.156298 0.260129 1.8784
-0.232249 0.217321 2.39221
-0.286348 -0.158091 2.49722
-0.317996 -0.518858 2.61472
-0.345469 -0.592219 2.55097
-0.0836309 0.218696 2.40323
-0.0795351 -0.167875 2.49913
-0.0887799 -0.525223 2.61855
-0.0831491 -0.601229 2.55581
-0.144904 0.698263 2.25061
-0.351441 0.243969 1.79092
-0.345659 0.33505 1.79969
0.152005 0.227246 1.83176
0.148484 0.198598 1.84637
-0.159443 0.221547 2.4299
-0.151294 0.497685 2.33182
-0.141948 0.766671 2.22605
-0.122801 0.921067 2.19194
-0.288857 0.661964 2.23021
-0.368817 0.45317 2.10308
-0.374922 0.335555 1.88508
-0.36865 0.283983 1.83182
0.0172156 0.671534 2.26273
0.106277 0.443356 2.15067
0.159895 0.270407 2.02629
0.15353 0.260677 1.8771
-0.231816 0.218082 2.39065
-0.286278 -0.154625 2.49363
-0.317332 -0.517837 2.61453
-0.34545 -0.592041 2.55114
-0.0832586 0.219228 2.40195
-0.0804722 -0.16746 2.50222
-0.0884411 -0.524576 2.61908
-0.082735 -0.601332 2.55607
-0.14441 0.700832 2.25411
-0.352495 0.244282 1.7952
-0.342216 0.340168 1.80988
0.148791 0.232052 1.83049
0.144042 0.201844 1.84766
-0.159757 0.222147 2.42803
-0.151348 0.498856 2.33259
-0.141899 0.768594 2.23008
-0.12284 0.923829 2.19762
-0.289201 0.662812 2.232
-0.368567 0.453745 2.10364
-0.38593 0.340343 1.91436
-0.368894 0.287477 1.83021
0.0172209 0.672184 2.26457
0.106108 0.442276 2.14824
0.157305 0.270728 2.02074
0.149805 0.263741 1.87037
-0.232004 0.218643 2.3884
-0.286292 -0.152939 2.49329
-0.317321 -0.516884 2.61539
-0.344927 -0.591667 2.55189
-0.0834928 0.21972 2.40051
-0.0807933 -0.166384 2.50208
-0.088828 -0.524484 2.6202
-0.0828025 -0.601188 2.55624
-0.144391 0.702625 2.2573
-0.353737 0.250183 1.7972
-0.343726 0.339899 1.80539
0.143151 0.235336 1.82856
0.137574 0.20666 1.85063
-0.160238 0.222659 2.42524
-0.151726 0.499771 2.33285
-0.142813 0.770018 2.23242
-0.123514 0.92486 2.20024
-0.289594 0.663165 2.2322
-0.369241 0.455194 2.10335
-0.385274 0.344823 1.91211
-0.371017 0.290488 1.82908
0.0167507 0.672382 2.26644
0.105666 0.441276 2.14656
0.155339 0.271249 2.01628
0.148871 0.26462 1.86807
-0.232327 0.219105 2.38538
-0.286377 -0.151538 2.49208
-0.317121 -0.516898 2.61562
-0.344997 -0.591509 2.55189
-0.0839603 0.220167 2.39797
-0.081569 -0.165808 2.50177
-0.088851 -0.52368 2.62079
-0.0837382 -0.600068 2.55667
-0.145155 0.70393 2.25911
-0.348805 0.25459 1.78539
-0.347495 0.273911 1.76883
0.140854 0.238676 1.8286
0.138388 0.207385 1.84924
-0.161039 0.222883 2.42196
-0.152529 0.500641 2.33282
-0.144333 0.7712 2.23434
-0.125023 0.925606 2.20285
-0.290871 0.662973 2.23287
-0.370598 0.457885 2.10611
-0.385363 0.351768 1.91231
-0.373523 0.291284 1.8262
0.0150857 0.673365 2.26873
0.104727 0.44014 2.14861
0.151474 0.276875 2.00847
0.14657 0.26918 1.86737
-0.23289 0.219124 2.38246
-0.286522 -0.149947 2.49066
-0.316952 -0.516348 2.61565
-0.343365 -0.589796 2.55306
-0.0848672 0.220539 2.39438
-0.0818757 -0.164444 2.49965
-0.0907026 -0.524723 2.62194
-0.084186 -0.59942 2.55749
-0.146467 0.705019 2.26056
-0.355789 0.257785 1.78705
-0.347142 0.344182 1.8065
0.14192 0.244183 1.82573
0.136199 0.211192 1.84769
-0.162014 0.222839 2.41949
-0.153784 0.50137 2.33253
-0.146256 0.77225 2.23554
-0.126707 0.926469 2.20515
-0.292648 0.66278 2.2345
-0.37141 0.45867 2.10724
-0.37827 0.332366 1.88139
-0.375511 0.294531 1.82786
0.013449 0.673208 2.26865
0.103071 0.440262 2.1482
0.149531 0.280843 2.00338
0.142932 0.271609 1.86638
-0.233824 0.21892 2.38006
-0.286478 -0.148817 2.4896
-0.31657 -0.516486 2.61649
-0.341602 -0.588363 2.55515
-0.0858054 0.220622 2.39186
-0.0824627 -0.164347 2.4991
-0.0904603 -0.524521 2.62176
-0.0848746 -0.598797 2.55816
-0.148193 0.705968 2.26141
-0.360603 0.254854 1.78983
-0.346919 0.344411 1.80818
0.136923 0.243097 1.82726
0.129858 0.212762 1.85083
