-0.163825 0.188232 2.33393
-0.159744 0.48708 2.30074
-0.153844 0.774384 2.25804
-0.133453 0.930002 2.25864
-0.304118 0.645078 2.23178
-0.369118 0.464022 2.06799
-0.366122 0.330991 1.89206
-0.355867 0.299664 1.77326
-0.00102071 0.642982 2.2571
0.0859285 0.461112 2.09883
0.127081 0.349504 1.84459
0.12924 0.319641 1.79483
-0.233858 0.185655 2.29287
-0.288377 -0.182752 2.40994
-0.321492 -0.547957 2.55059
-0.331871 -0.609195 2.47739
-0.0890833 0.185394 2.30776
-0.0875371 -0.211868 2.43097
-0.102804 -0.54156 2.53995
-0.0973493 -0.629986 2.47301
-0.155402 0.703961 2.27026
-0.337117 0.281679 1.73897
-0.340896 0.249334 1.76449
0.117113 0.276058 1.75173
0.131078 0.369585 1.75963
-0.16341 0.187553 2.33256
-0.15971 0.486876 2.30072
-0.154215 0.77427 2.25885
-0.133255 0.929565 2.25873
-0.303822 0.644725 2.23188
-0.366943 0.467583 2.07153
-0.36651 0.331919 1.89767
-0.358114 0.300993 1.77212
-0.00104772 0.642804 2.25753
0.084044 0.457818 2.10165
0.139637 0.325858 1.93424
0.128086 0.313687 1.79618
-0.233348 0.184737 2.29135
-0.288229 -0.181096 2.40779
-0.321514 -0.548127 2.55061
-0.332267 -0.609378 2.47768
-0.0887635 0.184954 2.30656
-0.0875717 -0.211971 2.43043
-0.102909 -0.542167 2.54013
-0.0975549 -0.630346 2.47252
-0.155626 0.703815 2.27081
-0.33666 0.281415 1.73538
-0.343588 0.249015 1.76563
0.117909 0.278968 1.75391
0.128298 0.365907 1.77389
-0.164155 0.186563 2.33104
-0.160267 0.486217 2.30032
-0.155057 0.774014 2.25906
-0.132983 0.929011 2.25853
-0.303383 0.643365 2.23187
-0.3674 0.471569 2.07618
-0.367053 0.337284 1.90122
-0.35903 0.302427 1.76954
-0.00110646 0.641412 2.2571
0.0838726 0.458461 2.09966
0.128006 0.319778 1.93429
0.127907 0.310749 1.79431
-0.234234 0.183668 2.28967
-0.287813 -0.183952 2.40819
-0.321571 -0.548191 2.55034
-0.331874 -0.609099 2.47791
-0.0893451 0.184071 2.30522
-0.0877051 -0.211393 2.42889
-0.103435 -0.541831 2.53927
-0.098514 -0.629002 2.47189
-0.156381 0.703489 2.27095
-0.338654 0.284421 1.73374
-0.343452 0.250562 1.76437
0.121538 0.28373 1.75309
0.128766 0.36451 1.78344
-0.164279 0.185938 2.32891
-0.160672 0.485623 2.29951
-0.155947 0.773619 2.25904
-0.133025 0.928553 2.25815
-0.308255 0.643749 2.22889
-0.370285 0.467059 2.06559
-0.364353 0.334324 1.8895
-0.361448 0.303292 1.76591
-0.00124571 0.640806 2.25687
0.0745139 0.460776 2.14933
0.118849 0.379221 1.94882
0.129224 0.318405 1.79367
-0.234389 0.182893 2.28748
-0.288384 -0.185396 2.40857
-0.321363 -0.547986 2.54969
-0.3318 -0.609221 2.47761
-0.0894662 0.183644 2.30295
-0.087773 -0.210922 2.42746
-0.103741 -0.541665 2.53862
-0.0985572 -0.629321 2.47274
-0.157127 0.703087 2.27083
-0.338338 0.284142 1.73111
-0.342863 0.252592 1.75901
0.120831 0.283448 1.75285
0.137158 0.369013 1.7592
-0.164702 0.185208 2.32698
-0.161148 0.484865 2.29836
-0.156562 0.773183 2.25866
-0.133053 0.92796 2.2571
-0.307039 0.642506 2.22878
-0.371707 0.465978 2.06238
-0.364553 0.328947 1.88974
-0.362594 0.305209 1.76605
-0.00171837 0.639971 2.25593
0.0727094 0.459387 2.14838
0.111197 0.357298 1.95637
0.125055 0.313839 1.78892
-0.234755 0.182241 2.286
-0.288791 -0.17966 2.40252
-0.321314 -0.54779 2.54954
-0.331385 -0.60912 2.47766
-0.0899049 0.182872 2.30068
-0.0875166 -0.210358 2.42617
-0.103808 -0.541596 2.53868
-0.0994388 -0.62719 2.47307
-0.157723 0.702606 2.27036
-0.340021 0.287295 1.72828
-0.351502 0.255484 1.76165
0.116164 0.283867 1.74643
0.133918 0.367905 1.76305
-0.165649 0.185063 2.32565
-0.162031 0.484423 2.29688
-0.157456 0.772674 2.25697
-0.13282 0.92696 2.25448
-0.310392 0.642955 2.22556
-0.373225 0.466708 2.06015
-0.367821 0.328332 1.88857
-0.364218 0.304333 1.76425
-0.00198991 0.639356 2.25416
0.0703602 0.459199 2.14427
0.103508 0.369181 1.91849
0.123302 0.31306 1.78628
-0.235644 0.182095 2.28473
-0.289654 -0.182821 2.40458
-0.321302 -0.547571 2.5492
-0.332194 -0.60972 2.47729
-0.0908716 0.182723 2.29936
-0.087612 -0.209512 2.42501
-0.103957 -0.541506 2.53859
-0.100105 -0.626933 2.47383
-0.158643 0.702124 2.2688
-0.342347 0.285713 1.72537
-0.347521 0.252973 1.75905
0.11459 0.28209 1.74491
0.137182 0.3182 1.74345
-0.166699 0.186012 2.32504
-0.162597 0.484986 2.29404
-0.15739 0.773009 2.25027
-0.132487 0.926502 2.24681
-0.314416 0.645264 2.22211
-0.373948 0.472121 2.06325
-0.370224 0.349808 1.87954
-0.366013 0.299961 1.76057
-0.0028058 0.640642 2.25085
0.0738872 0.469024 2.12985
0.103761 0.365498 1.90938
0.120373 0.307685 1.78171
-0.236591 0.182937 2.28428
-0.290583 -0.201663 2.40661
-0.321135 -0.548037 2.54868
-0.330069 -0.60853 2.47867
-0.0920208 0.183761 2.29859
-0.0881188 -0.208829 2.42312
-0.10413 -0.541618 2.53852
-0.100221 -0.626269 2.47361
-0.158826 0.702539 2.26328
-0.344635 0.27898 1.72432
-0.352332 0.248234 1.75608
0.111637 0.275353 1.74381
0.125902 0.361492 1.7614
-0.169778 0.18878 2.3304
-0.163481 0.485292 2.29198
-0.157245 0.770404 2.23482
-0.133255 0.923871 2.22834
-0.311932 0.644824 2.21683
-0.375797 0.460714 2.05462
-0.373887 0.332069 1.8754
-0.36803 0.279708 1.76481
-0.00321263 0.642294 2.24365
0.0818226 0.450907 2.08374
0.131306 0.348188 1.89472
0.118267 0.290331 1.78382
-0.24023 0.186251 2.28998
-0.292745 -0.208809 2.3794
-0.31913 -0.55318 2.53912
-0.331602 -0.611239 2.47356
-0.0944936 0.18596 2.30371
-0.0906559 -0.216493 2.4011
-0.105964 -0.54682 2.53508
-0.100843 -0.62716 2.47297
-0.159137 0.700892 2.25182
-0.349498 0.258322 1.73243
-0.355994 0.231385 1.7546
0.109803 0.257433 1.74679
0.126584 0.342922 1.74944
-0.177101 0.158386 2.37571
-0.169439 0.43873 2.29631
-0.161598 0.704401 2.20469
-0.144085 0.859783 2.19118
-0.310912 0.60298 2.20401
-0.38849 0.397848 2.06641
-0.388915 0.272572 1.88487
-0.372536 0.211922 1.77426
-0.00501357 0.605486 2.22686
0.0854277 0.388585 2.08001
0.123641 0.233122 1.92936
0.117352 0.208386 1.78137
-0.248842 0.158076 2.33561
-0.310174 -0.20969 2.3166
-0.334203 -0.57122 2.50689
-0.340984 -0.636033 2.45726
-0.100351 0.154229 2.34872
-0.0795411 -0.237973 2.32281
-0.104288 -0.577761 2.49922
-0.096786 -0.642931 2.44911
-0.163731 0.639802 2.22998
-0.337244 0.184738 1.73363
-0.369448 0.16487 1.76663
0.0990911 0.179578 1.74591
0.119189 0.268048 1.77569
-0.187673 0.097122 2.41177
-0.178585 0.367994 2.30978
-0.168817 0.628356 2.19642
-0.153924 0.778255 2.17624
-0.313578 0.521136 2.20338
-0.394095 0.347662 2.09037
-0.396877 0.221802 1.90938
-0.38351 0.15394 1.7729
-0.01568 0.528601 2.22397
0.0881173 0.328003 2.08505
0.136954 0.176496 1.93365
0.12698 0.150437 1.78734
-0.261038 0.0972091 2.37244
-0.327832 -0.258991 2.28654
-0.333874 -0.578798 2.49729
-0.343723 -0.641973 2.44414
-0.10907 0.0943068 2.38391
-0.0717111 -0.266298 2.29239
-0.0978614 -0.589232 2.48493
-0.0967252 -0.654987 2.43703
-0.171413 0.564734 2.22687
-0.359857 0.119683 1.74004
-0.382579 0.0988034 1.7715
0.120689 0.121861 1.75142
0.124908 0.210593 1.76756
-0.202275 0.0353256 2.47353
-0.188467 0.299931 2.33395
-0.17614 0.551058 2.19388
-0.160571 0.707003 2.16798
-0.319363 0.449702 2.20629
-0.408503 0.281164 2.09303
-0.389009 0.166313 1.87541
-0.390865 0.111631 1.76233
-0.0238803 0.463534 2.22756
0.0895495 0.264826 2.08619
0.135416 0.118541 1.92876
0.130195 0.0966354 1.78562
-0.274271 0.0358036 2.43351
-0.341828 -0.295869 2.26221
-0.331094 -0.584892 2.49112
-0.347592 -0.647626 2.44275
-0.12461 0.0343555 2.44547
-0.0673065 -0.29802 2.26861
-0.0981319 -0.595778 2.47804
-0.105122 -0.661447 2.43255
-0.179248 0.49051 2.23079
-0.368767 0.075289 1.72498
-0.38668 0.0625144 1.74009
0.122619 0.0667879 1.74794
0.127665 0.159311 1.76329
-0.210663 -0.0288491 2.47896
-0.195017 0.23296 2.34201
-0.178496 0.486943 2.19377
-0.167363 0.643469 2.16252
-0.328286 0.402381 2.20452
-0.410522 0.230045 2.09204
-0.401789 0.111166 1.82205
-0.393341 0.0744414 1.74895
-0.0288211 0.395602 2.22951
0.0834828 0.206562 2.08701
0.138009 0.082077 1.91391
0.126758 0.0531372 1.78385
-0.279064 -0.0266863 2.4394
-0.377823 -0.301393 2.18827
-0.329394 -0.587983 2.47802
-0.350364 -0.651145 2.44704
-0.136583 -0.030213 2.45128
-0.038421 -0.309768 2.20361
-0.0991842 -0.601407 2.47226
-0.0943546 -0.667972 2.43064
-0.1828 0.424655 2.2329
-0.373036 0.0434714 1.70877
-0.388242 0.0250524 1.71827
0.118927 0.0188354 1.74134
0.125525 0.117213 1.752
-0.213364 -0.0436303 2.47982
-0.197689 0.217188 2.34116
-0.181042 0.470498 2.19092
-0.16958 0.62716 2.15955
-0.331026 0.383073 2.20275
-0.415319 0.211987 2.09007
-0.402312 0.100207 1.81719
-0.393531 0.0633141 1.74804
-0.030287 0.382911 2.22728
0.0799641 0.182386 2.08706
0.129141 0.0372549 1.9298
0.119692 0.0328497 1.77929
-0.282115 -0.0416125 2.44016
-0.376178 -0.31027 2.1799
-0.327186 -0.58956 2.47366
-0.350894 -0.651411 2.44789
-0.138867 -0.0445297 2.45223
-0.0431753 -0.319571 2.19804
-0.101631 -0.604984 2.46978
-0.0923339 -0.671779 2.43904
-0.185379 0.408336 2.23058
-0.370801 0.0292253 1.70694
-0.394442 0.00322186 1.744
0.11272 0.00700628 1.73952
0.117599 0.0966843 1.7624
-0.214923 -0.0449183 2.47801
-0.19851 0.21601 2.33831
-0.181132 0.469489 2.1869
-0.169321 0.625608 2.15641
-0.331067 0.383652 2.20053
-0.415619 0.211915 2.08918
-0.406215 0.0977445 1.81717
-0.395544 0.0678099 1.74748
-0.0304891 0.381114 2.22557
0.0795359 0.179563 2.08425
0.127157 0.0794858 1.89361
0.119229 0.0419908 1.77706
-0.283979 -0.0428112 2.43752
-0.374348 -0.313116 2.17768
-0.326093 -0.588702 2.46979
-0.350406 -0.649752 2.44867
-0.140102 -0.0458769 2.45119
-0.0454714 -0.321356 2.1971
-0.104394 -0.607918 2.46929
-0.0931078 -0.67444 2.43864
-0.185653 0.407279 2.22686
-0.36958 0.0389954 1.70614
-0.393676 0.0115551 1.73107
0.10998 0.00885604 1.73819
0.116643 0.106738 1.7505
-0.214143 -0.0177106 2.46684
-0.195798 0.246165 2.32597
-0.176777 0.503658 2.17364
-0.165197 0.65839 2.14504
-0.326795 0.416925 2.18487
-0.413409 0.243086 2.07877
-0.402529 0.120745 1.81041
-0.391457 0.0988091 1.73866
-0.0276933 0.406871 2.21485
0.0847069 0.214198 2.06699
0.110292 0.118842 1.86952
0.122256 0.0803107 1.76747
-0.282059 -0.014893 2.42672
-0.373372 -0.30029 2.18588
-0.326375 -0.587718 2.46987
-0.34962 -0.648875 2.45075
-0.140264 -0.0198243 2.43972
-0.0466932 -0.308162 2.2015
-0.104945 -0.607684 2.46735
-0.0925129 -0.672135 2.45222
-0.181673 0.440377 2.21379
-0.368987 0.0721398 1.70154
-0.391012 0.0438905 1.73186
0.11166 0.0456478 1.72924
0.121771 0.142026 1.733
-0.210049 0.0528172 2.44477
-0.189557 0.328581 2.30353
-0.168091 0.596199 2.15099
-0.156025 0.749294 2.12671
-0.317093 0.505527 2.1619
-0.406071 0.331773 2.05699
-0.385735 0.22325 1.83905
-0.377495 0.169466 1.72055
-0.0193441 0.489519 2.19202
0.0872538 0.310023 2.05832
0.137323 0.166524 1.89942
0.125476 0.157453 1.74688
-0.268708 0.0568341 2.40566
-0.369065 -0.259535 2.21924
-0.366999 -0.657821 2.40922
-0.358514 -0.711598 2.31544
-0.145593 0.0475952 2.41677
-0.040612 -0.270397 2.23316
-0.0689449 -0.671079 2.41604
-0.0643356 -0.724628 2.32197
-0.173614 0.530607 2.19115
-0.35479 0.121225 1.68003
-0.373477 0.114979 1.71155
0.113743 0.131741 1.70668
0.13073 0.166138 1.70075
-0.196486 0.149803 2.43456
-0.178806 0.410682 2.28833
-0.160509 0.662725 2.13133
-0.1486 0.814571 2.11213
-0.310731 0.572891 2.14323
-0.393731 0.393203 2.04322
-0.392899 0.271921 1.78836
-0.36986 0.221174 1.70454
-0.0109396 0.567375 2.16798
0.0941208 0.366306 2.03128
0.128255 0.252433 1.7842
0.129895 0.225955 1.72905
-0.268258 0.150536 2.39427
-0.339653 -0.202261 2.2896
-0.343669 -0.60959 2.46173
-0.335873 -0.665271 2.36888
-0.119303 0.144897 2.40767
-0.0551008 -0.208084 2.29219
-0.0859596 -0.617422 2.45715
-0.0814631 -0.672926 2.36405
-0.165219 0.60104 2.17254
-0.34135 0.191438 1.66464
-0.364755 0.168814 1.69807
0.120246 0.186772 1.69387
0.129625 0.285999 1.69417
-0.178344 0.199011 2.38831
-0.167233 0.457824 2.26608
-0.154456 0.708766 2.12056
-0.142857 0.863825 2.10166
-0.303427 0.614125 2.12888
-0.388077 0.437609 2.02383
-0.363691 0.333308 1.80421
-0.364311 0.264708 1.68967
-0.0050406 0.613376 2.15586
0.0946019 0.437799 2.06304
0.118098 0.331178 1.83193
0.134558 0.26729 1.71378
-0.250895 0.197464 2.34528
-0.322015 -0.158412 2.36243
-0.33571 -0.574524 2.51416
-0.346465 -0.6346 2.45285
-0.100888 0.194996 2.36404
-0.0722929 -0.168787 2.37412
-0.0997685 -0.547276 2.50951
-0.0914201 -0.638805 2.45913
-0.157881 0.646939 2.15961
-0.33676 0.228171 1.64911
-0.362919 0.214088 1.6829
0.123712 0.23214 1.67873
0.13095 0.326891 1.68557
-0.174168 0.207543 2.37949
-0.164543 0.475199 2.25508
-0.154502 0.73446 2.11796
-0.137804 0.886729 2.10092
-0.300159 0.626548 2.12566
-0.383469 0.452725 2.01447
-0.372761 0.337569 1.74279
-0.359392 0.294738 1.67875
-0.00483717 0.621083 2.15316
0.101071 0.438829 2.01464
0.125126 0.333296 1.80185
0.138024 0.290658 1.70311
-0.246489 0.204345 2.33998
-0.29888 -0.190516 2.41081
-0.32161 -0.547681 2.54066
-0.334787 -0.613147 2.47165
-0.0971276 0.205048 2.35138
-0.089369 -0.191785 2.42206
-0.101696 -0.544857 2.52893
-0.0923864 -0.633505 2.46348
-0.157141 0.670894 2.1542
-0.334458 0.266328 1.64236
-0.360515 0.244832 1.669
0.125699 0.259933 1.66468
0.133568 0.348232 1.68279
-0.169032 0.213487 2.37335
-0.160183 0.483357 2.25258
-0.150353 0.744819 2.12044
-0.132206 0.898008 2.10661
-0.297021 0.633953 2.12609
-0.38079 0.461749 2.01249
-0.360702 0.358726 1.77386
-0.353389 0.305102 1.67624
0.00223738 0.636686 2.15105
0.105208 0.439169 2.01211
0.143444 0.311777 1.75597
0.139567 0.293889 1.6976
-0.240212 0.210083 2.33435
-0.291999 -0.182053 2.44416
-0.320463 -0.542798 2.54982
-0.333295 -0.611392 2.47674
-0.093115 0.21092 2.34507
-0.0920709 -0.187084 2.4519
-0.101763 -0.538831 2.54057
-0.0963216 -0.627848 2.47516
-0.152958 0.680784 2.15534
-0.328008 0.279685 1.63772
-0.364646 0.267326 1.675
0.122724 0.26407 1.65802
0.146687 0.303719 1.65435
-0.165719 0.214566 2.36972
-0.156822 0.485718 2.25135
-0.146413 0.748343 2.12172
-0.128603 0.901267 2.10949
-0.294574 0.636029 2.12617
-0.379198 0.464387 2.01234
-0.361198 0.358336 1.77273
-0.350216 0.304973 1.67864
0.00570867 0.640046 2.15195
0.103975 0.46011 2.06708
0.127539 0.348654 1.81391
0.141282 0.294097 1.70148
-0.236561 0.21105 2.33056
-0.291034 -0.182111 2.44425
-0.319878 -0.54191 2.55042
-0.332124 -0.610306 2.47835
-0.0902099 0.212014 2.34172
-0.0912851 -0.191793 2.45331
-0.101829 -0.538788 2.54064
-0.0972749 -0.627968 2.4756
-0.14921 0.684028 2.15595
-0.325827 0.280909 1.6432
-0.351992 0.254253 1.67763
0.126033 0.263747 1.66304
0.138018 0.355699 1.68206
-0.164444 0.213666 2.36727
-0.155516 0.48621 2.251
-0.144235 0.750164 2.12351
-0.124992 0.903721 2.112
-0.291952 0.638308 2.12752
-0.376363 0.467283 2.01247
-0.366515 0.352897 1.74069
-0.343555 0.304186 1.68064
0.00560415 0.632653 2.15429
0.108419 0.437657 2.01308
0.128425 0.34668 1.81265
0.144504 0.293937 1.70455
-0.235615 0.210621 2.32822
-0.290317 -0.183707 2.44127
-0.320138 -0.5436 2.5507
-0.331498 -0.610122 2.47899
-0.0885893 0.210573 2.33916
-0.0904318 -0.190207 2.45003
-0.101906 -0.538924 2.54069
-0.0991608 -0.628056 2.47539
-0.147286 0.68546 2.15707
-0.320272 0.276169 1.64665
-0.344077 0.253338 1.682
0.128535 0.263282 1.66401
0.141768 0.355329 1.67943
-0.162902 0.213671 2.3652
-0.153629 0.486917 2.25037
-0.142414 0.751106 2.12434
-0.122559 0.904713 2.11274
-0.290415 0.638654 2.12714
-0.373639 0.467196 2.0118
-0.352464 0.342071 1.74519
-0.340315 0.298996 1.6801
0.01012 0.638274 2.15419
0.104759 0.457869 2.06579
0.130331 0.347587 1.82008
0.145743 0.290663 1.70645
-0.233822 0.210724 2.32551
-0.289632 -0.18708 2.43367
-0.319806 -0.544492 2.55027
-0.330871 -0.609823 2.47945
-0.0872944 0.210486 2.33756
-0.0875923 -0.19395 2.44409
-0.102304 -0.54035 2.54024
-0.0993535 -0.629404 2.47477
-0.145429 0.686397 2.15761
-0.314624 0.273953 1.64379
-0.343941 0.250492 1.67816
0.134377 0.26268 1.66765
0.143916 0.353651 1.67912
-0.163767 0.209495 2.37304
-0.152119 0.478325 2.25158
-0.138696 0.732738 2.11802
-0.12 0.884976 2.10536
-0.286696 0.626205 2.12321
-0.369681 0.447846 2.01987
-0.341877 0.331255 1.80622
-0.340822 0.264833 1.69154
0.00443013 0.622681 2.15491
0.0883278 0.428496 2.09155
0.120749 0.322683 1.83977
0.139596 0.267162 1.71651
-0.235334 0.206802 2.3333
-0.293336 -0.196547 2.3931
-0.318773 -0.550699 2.54333
-0.330185 -0.610794 2.47498
-0.0875303 0.206182 2.3457
-0.0774555 -0.200378 2.39352
-0.106192 -0.551053 2.53299
-0.100583 -0.630486 2.47658
-0.142263 0.670982 2.15374
-0.310699 0.239187 1.65212
-0.348034 0.219246 1.69389
0.129442 0.236957 1.67654
0.13791 0.326541 1.68445
-0.170994 0.168731 2.40593
-0.15717 0.41887 2.26782
-0.142732 0.658712 2.11773
-0.127798 0.813516 2.09837
-0.28743 0.556606 2.13029
-0.375412 0.378227 2.03257
-0.346396 0.259777 1.82132
-0.342084 0.195056 1.71018
0.00329028 0.581014 2.15895
0.106118 0.348522 2.03756
0.125057 0.231455 1.76959
0.128218 0.205447 1.73144
-0.242081 0.167285 2.36531
-0.309109 -0.199095 2.341
-0.325087 -0.56449 2.51735
-0.338093 -0.626547 2.46205
-0.0951445 0.165461 2.37943
-0.0655137 -0.216677 2.344
-0.0998418 -0.574691 2.50233
-0.0963385 -0.640174 2.45238
-0.146452 0.600227 2.15735
-0.314828 0.168016 1.67709
-0.351273 0.156725 1.7068
0.114585 0.169052 1.69651
0.129215 0.269548 1.70582
-0.19674 0.0468882 2.43849
-0.176312 0.305234 2.29567
-0.155775 0.558596 2.13892
-0.142725 0.71381 2.11027
-0.29818 0.474262 2.15672
-0.378313 0.288753 2.06758
-0.369412 0.14316 1.81111
-0.355053 0.100665 1.73594
-0.00635388 0.470186 2.18569
0.0919591 0.250331 2.06984
0.102729 0.157005 1.86993
0.117868 0.110147 1.7614
-0.266702 0.0489297 2.39708
-0.363558 -0.276576 2.22888
-0.363674 -0.670001 2.42769
-0.354274 -0.724835 2.33516
-0.121358 0.043554 2.41266
-0.0375454 -0.286234 2.2424
-0.0731717 -0.679263 2.43861
-0.0675201 -0.733936 2.34579
-0.160834 0.49695 2.1805
-0.326321 0.0718156 1.69689
-0.354738 0.0539613 1.728
0.108286 0.0736088 1.727
0.116966 0.172786 1.7326
-0.200404 0.0113891 2.47081
-0.182838 0.261186 2.31254
-0.164587 0.504168 2.15597
-0.151601 0.656774 2.12638
-0.307584 0.398844 2.17553
-0.39245 0.223422 2.07072
-0.387954 0.100978 1.88752
-0.36352 0.0475538 1.74988
-0.0157752 0.423545 2.20177
0.0872705 0.20525 2.08082
0.109998 0.0778817 1.84594
0.112381 0.0466343 1.782
-0.271626 0.0124385 2.43429
-0.332694 -0.31409 2.24917
-0.323057 -0.583107 2.4807
-0.347536 -0.645002 2.45055
-0.123842 0.00981479 2.44062
-0.0689747 -0.320842 2.25988
-0.102668 -0.5948 2.47576
-0.0945747 -0.66087 2.43166
-0.168916 0.445344 2.1971
-0.340018 0.025078 1.71333
-0.352265 -0.00559123 1.739
0.103159 0.0124305 1.74611
0.111076 0.109683 1.75933
-0.21177 -0.0468505 2.43944
-0.189746 0.216744 2.31278
-0.16943 0.464429 2.16741
-0.15916 0.61921 2.14028
-0.314474 0.375179 2.18311
-0.392177 0.19287 2.08568
-0.38269 0.0632455 1.82079
-0.376447 0.0176304 1.75094
-0.0161384 0.407708 2.20587
0.082606 0.155519 2.0851
0.117192 0.00285748 1.93132
0.110496 -0.00124313 1.78516
-0.283843 -0.042882 2.39868
-0.36364 -0.339673 2.16969
-0.319815 -0.585745 2.46474
-0.34745 -0.642583 2.45489
-0.133749 -0.0497604 2.41296
-0.054858 -0.351477 2.18889
-0.105203 -0.605498 2.47155
-0.109404 -0.672439 2.43614
-0.174464 0.404095 2.20601
-0.356686 -0.00741341 1.7157
-0.382838 -0.0289374 1.745
0.100884 -0.0248361 1.74761
0.107675 0.0627996 1.77333
-0.214027 -0.0621762 2.47146
-0.192992 0.195295 2.32816
-0.17155 0.445938 2.17494
-0.163495 0.601634 2.14909
-0.318553 0.359221 2.18801
-0.396959 0.178217 2.08871
-0.39146 0.0441859 1.83576
-0.384543 0.00550552 1.75241
-0.0243052 0.360612 2.21704
0.0804449 0.145194 2.08292
0.103502 0.0394099 1.88566
0.112717 -0.00626518 1.78447
-0.283554 -0.0581603 2.43058
-0.36212 -0.331696 2.1704
-0.319628 -0.588369 2.45986
-0.346709 -0.644816 2.45176
-0.138813 -0.0646299 2.44523
-0.0611408 -0.344918 2.19114
-0.105065 -0.612997 2.46216
-0.121167 -0.677929 2.43443
-0.17697 0.384483 2.21532
-0.360514 -0.0192066 1.71371
-0.381969 -0.0480999 1.74833
0.106217 -0.0404896 1.74786
0.111365 0.0583627 1.76172
-0.214829 -0.0623701 2.4712
-0.193451 0.194609 2.32835
-0.171731 0.444915 2.17492
-0.164932 0.601624 2.14947
-0.321157 0.359262 2.18842
-0.400761 0.178391 2.09001
-0.397605 0.0497797 1.83573
-0.388431 0.0194361 1.75129
-0.0243208 0.359128 2.21613
0.0793717 0.145814 2.07888
0.121521 0.00480318 1.91576
0.115725 0.000981086 1.77708
-0.284155 -0.0582415 2.43145
-0.363498 -0.32972 2.16912
-0.319552 -0.588327 2.45792
-0.345874 -0.644707 2.45095
-0.139792 -0.0644925 2.44359
-0.0617765 -0.342701 2.18703
-0.104845 -0.613003 2.4607
-0.0987664 -0.668599 2.36771
-0.177228 0.383475 2.21536
-0.368412 -0.00388394 1.71248
-0.381254 -0.0378395 1.74639
0.107938 -0.0218262 1.73847
0.115311 0.0463992 1.77954
-0.211946 0.00216327 2.45667
-0.191446 0.260567 2.31342
-0.170272 0.511626 2.15883
-0.16494 0.667732 2.13673
-0.319603 0.421044 2.17237
-0.40171 0.240382 2.0752
-0.398394 0.125086 1.87997
-0.385456 0.0817797 1.74292
-0.0222843 0.426426 2.19753
0.0713605 0.241175 2.12319
0.110609 0.106293 1.95381
0.116054 0.0632659 1.77148
-0.281417 0.00462053 2.41741
-0.365467 -0.292939 2.19054
-0.320984 -0.584763 2.46273
-0.346434 -0.643645 2.44958
-0.136676 -0.000346754 2.4287
-0.06182 -0.301452 2.20121
-0.106917 -0.607803 2.46343
-0.101676 -0.673123 2.44768
-0.175698 0.450041 2.19954
-0.366928 0.0594545 1.70523
-0.381405 0.030316 1.72778
0.106922 0.034385 1.73312
0.109556 0.113356 1.78025
-0.206219 0.0776784 2.43879
-0.186934 0.338872 2.29792
-0.16685 0.592041 2.14581
-0.159893 0.747702 2.12533
-0.314846 0.497043 2.15564
-0.402415 0.322182 2.05145
-0.393019 0.204884 1.80611
-0.37767 0.16131 1.71969
-0.0197652 0.507987 2.18089
0.0820294 0.296892 2.05459
0.122824 0.166387 1.88192
0.116705 0.140637 1.75834
-0.276029 0.0770208 2.39924
-0.357555 -0.25158 2.22719
-0.350847 -0.649188 2.41852
-0.340864 -0.703776 2.3255
-0.13081 0.0764317 2.41127
-0.0635722 -0.255935 2.23721
-0.0886142 -0.652546 2.42866
-0.0820352 -0.70705 2.33535
-0.172014 0.530027 2.18586
-0.340741 0.124814 1.66705
-0.387687 0.116617 1.71082
0.106555 0.108206 1.71935
0.11617 0.200424 1.7424
-0.201748 0.14273 2.4333
-0.182368 0.410508 2.28898
-0.162218 0.670156 2.13369
-0.153131 0.828167 2.12036
-0.31157 0.577454 2.13892
-0.387898 0.392462 2.00417
-0.388703 0.283127 1.80341
-0.371351 0.241663 1.69408
-0.0144024 0.571163 2.17077
0.0829294 0.395132 2.07653
0.105449 0.289321 1.85482
0.1193 0.224772 1.73533
-0.265972 0.144029 2.39486
-0.339902 -0.206522 2.2829
-0.341859 -0.611527 2.45997
-0.358798 -0.647243 2.48561
-0.13195 0.137643 2.40467
-0.056917 -0.214489 2.29552
-0.0879936 -0.618537 2.47181
-0.0817973 -0.673559 2.37829
-0.167391 0.60657 2.17451
-0.344919 0.213482 1.65572
-0.369246 0.189695 1.6783
0.106101 0.191403 1.69552
0.118311 0.287062 1.7067
-0.177771 0.206511 2.36848
-0.170624 0.476794 2.25915
-0.161216 0.739522 2.13378
-0.146777 0.896341 2.12665
-0.307742 0.628977 2.13289
-0.382951 0.442739 1.99327
-0.38162 0.337012 1.7432
-0.364132 0.305115 1.68218
-0.00777268 0.631048 2.16249
0.0823608 0.447549 2.07591
0.107676 0.354625 1.8371
0.126262 0.294776 1.71446
-0.25054 0.202915 2.32743
-0.302605 -0.19693 2.38901
-0.321358 -0.547725 2.52643
-0.341132 -0.61888 2.46472
-0.100092 0.203783 2.34134
-0.0885261 -0.204033 2.39518
-0.102927 -0.55892 2.51876
-0.0942793 -0.637004 2.46341
-0.163781 0.674625 2.16706
-0.337306 0.27413 1.64408
-0.374363 0.258774 1.67638
0.114368 0.265382 1.67769
0.12472 0.353629 1.6946
-0.176311 0.210353 2.36296
-0.168659 0.485295 2.25736
-0.159117 0.755183 2.14155
-0.143687 0.914142 2.13885
-0.306215 0.639403 2.13788
-0.39569 0.474009 2.01843
-0.408157 0.398739 1.81104
-0.365426 0.324745 1.68372
-0.00524002 0.642027 2.16671
0.0859964 0.462874 2.07151
0.109486 0.375863 1.8351
0.128702 0.315463 1.71161
-0.247997 0.206902 2.32232
-0.29872 -0.189743 2.40423
-0.320043 -0.547836 2.5402
-0.330743 -0.611152 2.47455
-0.0996689 0.207539 2.336
-0.0957002 -0.186445 2.41621
-0.105004 -0.546741 2.53394
-0.0988476 -0.630833 2.46992
-0.161629 0.68878 2.17192
-0.33835 0.297491 1.64814
-0.372855 0.275418 1.67933
0.115332 0.28696 1.67155
0.139617 0.323004 1.66714
-0.173902 0.213249 2.35772
-0.166019 0.491147 2.25874
-0.156088 0.763679 2.15223
-0.141481 0.922469 2.15079
-0.304541 0.648043 2.14634
-0.392008 0.482091 2.02601
-0.377523 0.383291 1.76186
-0.367171 0.328421 1.69515
-0.00183554 0.648385 2.17292
0.0872478 0.455805 2.03393
0.122673 0.353507 1.75921
0.12464 0.320953 1.71864
-0.24469 0.209985 2.31731
-0.296866 -0.180798 2.41697
-0.319506 -0.546295 2.54477
-0.330505 -0.610511 2.47553
-0.0981643 0.210292 2.33083
-0.0934162 -0.178259 2.42522
-0.104864 -0.543248 2.53716
-0.0986201 -0.627846 2.47087
-0.15864 0.696951 2.18025
-0.343522 0.299381 1.65958
-0.374336 0.280343 1.69359
0.112883 0.29514 1.67975
0.124625 0.385726 1.6942
