-0.141976 0.16509 2.27901
-0.165232 0.468754 2.21841
-0.187137 0.763231 2.1468
-0.183769 0.904453 2.10552
-0.347482 0.652553 2.12289
-0.479877 0.49071 1.98088
-0.384014 0.39039 1.77134
-0.332409 0.377972 1.72282
-0.000865571 0.685642 2.18189
0.209944 0.602312 2.06122
0.209786 0.462262 1.82321
0.201632 0.434681 1.79379
-0.217667 0.155799 2.23157
-0.278564 -0.188415 2.32605
-0.281444 -0.560769 2.41259
-0.29319 -0.63924 2.31433
-0.0617775 0.168971 2.25339
-0.0161307 -0.183806 2.36677
0.022048 -0.534005 2.43176
0.0600936 -0.615922 2.34048
-0.181884 0.691205 2.16676
-0.290729 0.357537 1.70076
-0.314263 0.425431 1.72431
0.179739 0.397789 1.76601
0.165105 0.456652 1.78739
-0.141864 0.165018 2.27919
-0.165248 0.469466 2.21908
-0.187371 0.764778 2.1481
-0.184544 0.907084 2.10942
-0.347384 0.652661 2.12302
-0.473373 0.491513 1.97545
-0.371703 0.391445 1.7633
-0.323632 0.379293 1.71843
-0.00120631 0.685602 2.1817
0.206922 0.599375 2.05479
0.202701 0.456614 1.81736
0.193233 0.433331 1.78661
-0.217608 0.155615 2.23181
-0.278942 -0.188373 2.32599
-0.281497 -0.560926 2.41248
-0.293201 -0.639376 2.31434
-0.0616318 0.168977 2.25353
-0.0167953 -0.184304 2.36678
0.022251 -0.533935 2.43138
0.0596506 -0.615449 2.34044
-0.182069 0.692563 2.1679
-0.280596 0.359269 1.69524
-0.302168 0.431252 1.72308
0.171906 0.39789 1.75655
0.187066 0.441973 1.74283
-0.14181 0.164963 2.27949
-0.16532 0.471369 2.22031
-0.187491 0.768576 2.15027
-0.185945 0.911802 2.11456
-0.346436 0.653809 2.12326
-0.467398 0.492689 1.96388
-0.384307 0.411401 1.77126
-0.317066 0.381666 1.71478
-0.00207561 0.685725 2.18087
0.172442 0.598454 2.11497
0.191427 0.48202 1.8642
0.184169 0.436889 1.78174
-0.217619 0.155496 2.23218
-0.278838 -0.186742 2.32591
-0.28174 -0.561023 2.41243
-0.293059 -0.63942 2.31392
-0.0615298 0.168977 2.25375
-0.0175242 -0.184907 2.36681
0.0221343 -0.534017 2.43152
0.0597315 -0.615476 2.34049
-0.182195 0.695923 2.16983
-0.27668 0.36323 1.69298
-0.298728 0.427931 1.71147
0.161569 0.40834 1.74884
0.165158 0.452867 1.756
-0.141785 0.164894 2.27972
-0.165484 0.472409 2.22119
-0.187921 0.770627 2.15174
-0.187036 0.914174 2.11826
-0.345708 0.654336 2.12353
-0.466505 0.492086 1.96083
-0.383935 0.411145 1.77492
-0.313918 0.378648 1.71591
-0.00248566 0.685767 2.1809
0.194557 0.598171 2.04623
0.192535 0.457224 1.80768
0.178405 0.438371 1.77957
-0.21761 0.155525 2.23227
-0.279178 -0.186871 2.32642
-0.281586 -0.561239 2.41234
-0.292994 -0.639455 2.31369
-0.0614712 0.168791 2.25414
-0.0184862 -0.185682 2.36697
0.0220867 -0.53398 2.43128
0.059693 -0.615232 2.34077
-0.182557 0.697731 2.17115
-0.270525 0.359445 1.69508
-0.293507 0.425535 1.72005
0.15271 0.406013 1.74935
0.159776 0.449325 1.74955
-0.141831 0.164683 2.28015
-0.165727 0.473053 2.22173
-0.188311 0.771834 2.15223
-0.187961 0.916325 2.12155
-0.345267 0.654925 2.12346
-0.46543 0.48997 1.95847
-0.388956 0.414026 1.78065
-0.306881 0.37788 1.71891
-0.00288926 0.685808 2.18111
0.192081 0.589003 2.0538
0.186796 0.4576 1.80987
0.168601 0.435579 1.78203
-0.217669 0.15534 2.23243
-0.279171 -0.186739 2.32653
-0.281166 -0.561379 2.41253
-0.292794 -0.639279 2.31379
-0.061478 0.168604 2.25489
-0.0188847 -0.1863 2.36711
0.0219775 -0.533843 2.43107
0.0597612 -0.615424 2.34072
-0.182916 0.698812 2.17167
-0.266267 0.358762 1.69689
-0.256186 0.380684 1.72985
0.146733 0.408797 1.75093
0.152176 0.4754 1.78721
-0.141894 0.164624 2.28047
-0.165842 0.473485 2.22212
-0.188422 0.772354 2.15258
-0.18843 0.917364 2.12318
-0.344701 0.655702 2.12338
-0.462925 0.488122 1.95599
-0.333671 0.38871 1.75467
-0.301472 0.383349 1.72057
-0.00322126 0.685984 2.18109
0.207036 0.574712 2.0353
0.178853 0.464059 1.84315
0.157207 0.432855 1.78032
-0.217743 0.155272 2.2326
-0.27939 -0.186753 2.32674
-0.281029 -0.561541 2.41222
-0.293134 -0.639872 2.31336
-0.0615107 0.168584 2.25531
-0.0197168 -0.186724 2.3673
0.0217297 -0.53394 2.43103
0.059631 -0.615239 2.3406
-0.183035 0.699321 2.17204
-0.258085 0.367187 1.69849
-0.289057 0.437563 1.73118
0.131644 0.40487 1.75013
0.176592 0.462508 1.75646
-0.142349 0.164723 2.28111
-0.166099 0.474123 2.2225
-0.188414 0.773149 2.15258
-0.188485 0.917838 2.12396
-0.344497 0.658009 2.12246
-0.461841 0.488082 1.95534
-0.379858 0.41546 1.77862
-0.299297 0.393708 1.71956
-0.00368962 0.685908 2.18131
0.207511 0.57425 2.03733
0.170285 0.456854 1.80532
0.146569 0.437489 1.78118
-0.218138 0.155266 2.23303
-0.279775 -0.187133 2.32838
-0.281034 -0.561533 2.41177
-0.293373 -0.640352 2.31305
-0.0620142 0.168814 2.25612
-0.0207334 -0.188212 2.36794
0.021709 -0.534951 2.43183
0.0595368 -0.615059 2.34057
-0.183096 0.700075 2.17214
-0.252766 0.378623 1.69797
-0.278404 0.440994 1.72056
0.113808 0.409695 1.75242
0.16365 0.46515 1.7549
-0.142861 0.165021 2.28165
-0.1663 0.474615 2.2228
-0.18835 0.773529 2.15266
-0.188411 0.918171 2.12414
-0.344606 0.659352 2.12227
-0.462015 0.488082 1.95424
-0.378708 0.415328 1.77821
-0.298278 0.398924 1.7201
-0.00382944 0.685858 2.18133
0.207494 0.57363 2.03801
0.165776 0.467943 1.84554
0.141101 0.438726 1.77984
-0.218671 0.155741 2.23352
-0.280031 -0.187106 2.32902
-0.281012 -0.561493 2.41163
-0.292585 -0.63872 2.31472
-0.0624857 0.168952 2.25664
-0.0188423 -0.188106 2.36796
0.0216572 -0.535445 2.4322
0.0590243 -0.614727 2.34046
-0.183099 0.700479 2.17227
-0.249701 0.383636 1.69968
-0.282303 0.447468 1.72381
0.113938 0.414 1.75399
0.134013 0.453311 1.73803
-0.1431 0.165072 2.28165
-0.166414 0.474865 2.22281
-0.188316 0.773897 2.15266
-0.188256 0.918182 2.12386
-0.344732 0.660648 2.12166
-0.461807 0.489509 1.95368
-0.372855 0.417219 1.77905
-0.296585 0.400882 1.72034
-0.00411785 0.685519 2.18116
0.207547 0.573199 2.03848
0.163965 0.469184 1.84483
0.139829 0.441179 1.77663
-0.218955 0.155882 2.23328
-0.279916 -0.187039 2.32908
-0.281153 -0.56153 2.41193
-0.292737 -0.638968 2.31446
-0.062771 0.168934 2.25676
-0.0167358 -0.188716 2.36738
0.0213813 -0.53604 2.43229
0.0590834 -0.614727 2.34047
-0.183106 0.700817 2.17227
-0.250252 0.386192 1.69876
-0.283436 0.451544 1.72325
0.113069 0.418518 1.74972
0.157725 0.46894 1.75105
-0.143241 0.165036 2.28164
-0.166442 0.475063 2.22243
-0.187999 0.774137 2.15135
-0.187788 0.917922 2.12198
-0.345162 0.66134 2.12025
-0.461418 0.488813 1.95308
-0.349112 0.408889 1.76598
-0.295291 0.399308 1.72097
-0.00427072 0.685059 2.18023
0.207671 0.571088 2.03939
0.162579 0.469853 1.84368
0.138825 0.440889 1.77443
-0.219175 0.155751 2.23333
-0.27985 -0.186733 2.32901
-0.280789 -0.561007 2.4113
-0.293494 -0.640002 2.31366
-0.0628624 0.168972 2.25668
-0.0169338 -0.189022 2.36628
0.0212879 -0.536156 2.43227
0.0592503 -0.614881 2.33968
-0.1829 0.701073 2.17124
-0.249252 0.38641 1.70033
-0.280502 0.454223 1.73233
0.110327 0.418952 1.74624
0.161435 0.46874 1.74943
-0.143271 0.165035 2.28164
-0.16625 0.475085 2.22165
-0.187271 0.773809 2.14897
-0.187033 0.917219 2.11894
-0.344974 0.661932 2.11866
-0.461013 0.487818 1.95237
-0.335451 0.40136 1.75848
-0.297599 0.396124 1.71743
-0.00430343 0.684374 2.1772
0.207097 0.569661 2.03609
0.16192 0.468343 1.83958
0.139827 0.439914 1.77053
-0.219251 0.155772 2.23337
-0.279741 -0.187313 2.32838
-0.281112 -0.561216 2.41136
-0.293454 -0.640018 2.31355
-0.0628502 0.168953 2.25663
-0.0155956 -0.187178 2.36372
0.021121 -0.535855 2.43212
0.05897 -0.614737 2.33986
-0.18232 0.700868 2.1693
-0.24966 0.380144 1.69849
-0.311201 0.418603 1.68513
0.111112 0.419859 1.74353
0.164154 0.47032 1.74953
-0.143401 0.165095 2.28169
-0.16568 0.474576 2.21959
-0.185039 0.771534 2.1424
-0.184466 0.915594 2.11043
-0.343942 0.661546 2.11503
-0.459267 0.484972 1.94971
-0.340072 0.400194 1.75762
-0.299666 0.39064 1.71418
-0.00378423 0.683075 2.17134
0.164238 0.593307 2.08998
0.159042 0.476975 1.83844
0.143509 0.435568 1.76487
-0.219529 0.156128 2.23335
-0.278699 -0.190912 2.31914
-0.281489 -0.562988 2.41074
-0.293854 -0.640696 2.31288
-0.0628588 0.168804 2.25678
-0.00932402 -0.187662 2.3549
0.0216278 -0.53609 2.42991
0.0590468 -0.615049 2.33904
-0.180543 0.699108 2.16396
-0.25402 0.376315 1.69271
-0.282111 0.443057 1.71697
0.117243 0.411907 1.73619
0.13376 0.458626 1.73868
-0.143662 0.16143 2.28543
-0.16422 0.469354 2.21706
-0.181654 0.763198 2.13292
-0.179973 0.904424 2.09805
-0.339926 0.654009 2.10961
-0.457468 0.480086 1.94858
-0.329606 0.385244 1.74051
-0.303177 0.375588 1.70991
-0.00155427 0.676473 2.1646
0.167565 0.58397 2.08993
0.180672 0.476296 1.83486
0.149373 0.419636 1.76249
-0.22044 0.152975 2.23641
-0.281879 -0.209152 2.29277
-0.280204 -0.566986 2.40679
-0.293756 -0.640245 2.31215
-0.0622926 0.164655 2.26124
0.000368297 -0.194935 2.33028
0.0228319 -0.537304 2.42689
0.0591106 -0.615132 2.33862
-0.177615 0.691521 2.15628
-0.257702 0.359708 1.68817
-0.280203 0.42271 1.70694
0.123136 0.397353 1.73274
0.125071 0.455228 1.76932
-0.1411 0.115775 2.30296
-0.158513 0.41524 2.2195
-0.174228 0.703187 2.1234
-0.171737 0.842365 2.08737
-0.32903 0.59382 2.10649
-0.45321 0.4257 1.9435
-0.36522 0.342308 1.75401
-0.303445 0.324614 1.70283
0.00300006 0.620195 2.16048
0.176423 0.529918 2.09628
0.18184 0.429742 1.83788
0.156142 0.366448 1.76172
-0.220277 0.107878 2.25472
-0.295518 -0.227275 2.23442
-0.283123 -0.575077 2.39286
-0.294733 -0.643421 2.31
-0.0574421 0.119971 2.2777
0.0330552 -0.211519 2.26957
0.0305107 -0.546147 2.41899
0.0595044 -0.615895 2.33857
-0.170552 0.632876 2.1496
-0.25832 0.311776 1.68267
-0.288776 0.37483 1.70295
0.134767 0.34616 1.73272
0.125781 0.394704 1.76448
-0.139046 0.0555216 2.30948
-0.155505 0.349923 2.22656
-0.170321 0.633401 2.13157
-0.165611 0.776175 2.09153
-0.322092 0.531949 2.11381
-0.440726 0.395167 1.96618
-0.38297 0.30185 1.78711
-0.297532 0.269438 1.70323
0.00676562 0.557158 2.17116
0.178113 0.465244 2.10339
0.17815 0.356293 1.84855
0.160615 0.308681 1.76847
-0.218946 0.0486182 2.25919
-0.309096 -0.280784 2.18843
-0.28476 -0.582689 2.38695
-0.296366 -0.648917 2.30605
-0.0547107 0.0606516 2.28616
0.0607452 -0.263413 2.23033
0.0383957 -0.564718 2.41269
0.065608 -0.628638 2.33307
-0.166875 0.564138 2.15747
-0.256627 0.253526 1.68076
-0.277403 0.318007 1.70061
0.1335 0.285993 1.73547
0.155961 0.339717 1.74987
-0.135633 0.00106595 2.31013
-0.153012 0.29467 2.23089
-0.168893 0.57776 2.13949
-0.16301 0.720095 2.09826
-0.319253 0.471027 2.12154
-0.443035 0.31502 1.94902
-0.317974 0.220231 1.73611
-0.289289 0.215994 1.70593
0.010309 0.502374 2.17794
0.204574 0.386871 2.04051
0.164587 0.241528 1.80822
0.163103 0.253257 1.77152
-0.216324 -0.00560745 2.25967
-0.314223 -0.327042 2.15615
-0.284211 -0.592009 2.37079
-0.299259 -0.662137 2.29888
-0.0506432 0.00770219 2.28697
0.0777926 -0.3069 2.19609
0.043095 -0.576226 2.40499
0.0738011 -0.642275 2.33206
-0.165166 0.50853 2.16452
-0.246061 0.210439 1.68186
-0.275246 0.269112 1.70371
0.138446 0.238002 1.73702
0.148186 0.194306 1.77578
-0.129892 -0.0483322 2.30892
-0.148995 0.244881 2.23383
-0.166566 0.528048 2.14618
-0.161949 0.66984 2.10798
-0.318037 0.421937 2.12625
-0.444547 0.25969 1.94956
-0.322413 0.189748 1.74432
-0.285208 0.172092 1.70844
0.0108213 0.45325 2.18568
0.204572 0.340197 2.04669
0.180403 0.225929 1.79617
0.166611 0.207193 1.77611
-0.21 -0.0548807 2.25814
-0.318038 -0.364918 2.1257
-0.277104 -0.604177 2.36326
-0.302764 -0.671277 2.29242
-0.0456674 -0.0402746 2.2861
0.0963103 -0.341832 2.16581
0.040221 -0.587244 2.40374
0.0807559 -0.643373 2.32309
-0.162419 0.458732 2.17032
-0.235168 0.15825 1.6856
-0.271795 0.223685 1.7115
0.139823 0.185687 1.7413
0.16803 0.150197 1.77587
-0.13129 -0.0716023 2.35098
-0.150401 0.223753 2.25343
-0.167969 0.510977 2.14829
-0.163091 0.656227 2.11116
-0.322036 0.407961 2.12665
-0.445637 0.235331 1.94415
-0.327517 0.163113 1.74777
-0.286432 0.158489 1.70868
0.00957097 0.437475 2.18747
0.210462 0.334657 2.02709
0.177988 0.230767 1.83707
0.167651 0.192633 1.77854
-0.210998 -0.0790319 2.30111
-0.339932 -0.313535 2.05228
-0.324067 -0.649983 2.26029
-0.299281 -0.704756 2.14576
-0.0474984 -0.0619899 2.32734
0.123456 -0.289424 2.09834
0.0924999 -0.628743 2.30046
0.110993 -0.683888 2.1855
-0.163851 0.440765 2.17634
-0.241814 0.147267 1.68238
-0.300023 0.184295 1.67521
0.137786 0.168872 1.7431
0.184878 0.146569 1.7803
-0.132614 -0.0647991 2.35302
-0.15249 0.232006 2.25538
-0.170703 0.519522 2.14717
-0.165071 0.66297 2.11047
-0.322504 0.42062 2.12555
-0.447852 0.244886 1.94814
-0.326397 0.162602 1.74699
-0.289598 0.170261 1.7099
0.00760645 0.443201 2.18617
0.209678 0.354893 2.01419
0.179594 0.229171 1.82544
0.164961 0.20498 1.77896
-0.212163 -0.0721831 2.30378
-0.337658 -0.308374 2.05463
-0.322976 -0.649149 2.25619
-0.298597 -0.704088 2.1417
-0.0489283 -0.0553745 2.32881
0.121694 -0.283162 2.0998
0.0928144 -0.626133 2.29655
0.1109 -0.68147 2.18163
-0.166375 0.449071 2.17624
-0.246196 0.160776 1.68772
-0.284486 0.220979 1.70754
0.136032 0.178647 1.74546
0.180979 0.158922 1.78158
-0.138517 0.00882188 2.34898
-0.160603 0.309509 2.25051
-0.181017 0.599884 2.13968
-0.175551 0.746121 2.10071
-0.33537 0.49628 2.1202
-0.454535 0.314685 1.94347
-0.324469 0.231189 1.74094
-0.303327 0.245996 1.70924
-0.000358696 0.522336 2.17501
0.169989 0.440797 2.09043
0.205529 0.366319 1.88943
0.159597 0.281308 1.77137
-0.219434 0.000914399 2.3013
-0.334054 -0.271758 2.09153
-0.321173 -0.62708 2.26927
-0.298422 -0.682517 2.15442
-0.0532908 0.0164522 2.32308
0.107644 -0.251488 2.14141
0.0898326 -0.609708 2.31337
0.106382 -0.665477 2.19811
-0.176184 0.528844 2.16958
-0.263675 0.232035 1.68905
-0.288919 0.298742 1.70961
0.132661 0.255845 1.73708
0.130163 0.231512 1.75667
-0.140949 0.0672146 2.33789
-0.165508 0.372693 2.24022
-0.18814 0.667329 2.13022
-0.183453 0.811014 2.09422
-0.341955 0.564086 2.1072
-0.461358 0.389898 1.93239
-0.330498 0.310002 1.72442
-0.310598 0.322939 1.69528
-0.00988083 0.600354 2.16127
0.194148 0.503792 1.99799
0.163727 0.382961 1.81792
0.149699 0.352529 1.75648
-0.219969 0.0586239 2.29156
-0.318406 -0.252186 2.14588
-0.313307 -0.614813 2.31018
-0.290185 -0.670221 2.19505
-0.0576146 0.0737455 2.31071
0.0794922 -0.232752 2.19346
0.0705511 -0.598334 2.35167
0.0879633 -0.654048 2.23617
-0.182783 0.59529 2.15988
-0.273687 0.312926 1.67216
-0.295264 0.377374 1.70033
0.123741 0.323688 1.72827
0.126304 0.300082 1.753
-0.143398 0.12985 2.28123
-0.16944 0.4318 2.21244
-0.193577 0.720461 2.12711
-0.191051 0.866146 2.09496
-0.348202 0.619955 2.10066
-0.460275 0.440811 1.91605
-0.326481 0.404792 1.71368
-0.312201 0.391682 1.687
-0.0128467 0.63772 2.15914
0.181098 0.554911 1.99041
0.154795 0.438449 1.80673
0.143881 0.416123 1.74801
-0.220148 0.121743 2.23285
-0.284552 -0.229188 2.24449
-0.282062 -0.575091 2.37735
-0.294604 -0.648262 2.31049
-0.0621309 0.134344 2.25603
0.0152731 -0.209085 2.27812
0.0301858 -0.545862 2.40533
0.0652016 -0.625212 2.33465
-0.187713 0.649666 2.15117
-0.273622 0.378131 1.66591
-0.297192 0.44293 1.6919
0.117212 0.391344 1.71962
0.119665 0.36348 1.73646
-0.145296 0.149327 2.27709
-0.171793 0.455156 2.20945
-0.196549 0.74947 2.1295
-0.196757 0.893434 2.0997
-0.349298 0.65054 2.09981
-0.495187 0.500902 1.91324
-0.369608 0.446748 1.7266
-0.310492 0.436501 1.68063
-0.0176251 0.663979 2.15978
0.167031 0.604654 2.09163
0.149431 0.48798 1.84082
0.141991 0.462504 1.74218
-0.221979 0.140063 2.22905
-0.28134 -0.212399 2.26236
-0.279636 -0.573177 2.38773
-0.294569 -0.647086 2.31111
-0.0639625 0.153868 2.25171
0.00526615 -0.201827 2.30045
0.0306217 -0.545547 2.41142
0.0601877 -0.621663 2.33666
-0.190621 0.677565 2.15161
-0.262165 0.422871 1.66665
-0.291411 0.483405 1.67881
0.11732 0.441064 1.71047
0.119574 0.409243 1.7251
-0.147929 0.158649 2.27571
-0.17392 0.464904 2.21046
-0.198216 0.759867 2.13357
-0.199496 0.903136 2.10483
-0.346239 0.671528 2.10571
-0.462364 0.506099 1.91066
-0.347947 0.455252 1.74231
-0.30846 0.460721 1.68057
-0.0180178 0.675161 2.16207
0.191401 0.579913 2.00348
0.140857 0.536221 1.75706
0.142376 0.489647 1.73541
-0.224446 0.150315 2.22828
-0.280035 -0.204314 2.27782
-0.279172 -0.571705 2.394
-0.294535 -0.646563 2.31102
-0.0666508 0.161968 2.24979
-0.0013871 -0.197062 2.31717
0.0295083 -0.545044 2.41332
0.0575493 -0.620033 2.33848
-0.192417 0.687801 2.15484
-0.264462 0.449319 1.65963
-0.287255 0.511444 1.6855
0.121 0.467045 1.70746
0.120212 0.435876 1.7311
-0.149582 0.162083 2.27481
-0.175412 0.469799 2.21265
-0.199507 0.766534 2.14008
-0.201688 0.909988 2.11225
-0.345216 0.676296 2.11012
-0.459479 0.508702 1.91577
-0.358465 0.462545 1.72962
-0.307939 0.464679 1.68406
-0.0193144 0.680733 2.16648
0.201209 0.578796 2.03022
0.144774 0.49505 1.77204
0.142442 0.497751 1.74145
-0.226015 0.153991 2.22722
-0.280472 -0.199916 2.28677
-0.279089 -0.570926 2.39744
-0.294657 -0.645727 2.31079
-0.0683346 0.16503 2.24902
-0.00386706 -0.1959 2.32516
0.0281765 -0.543656 2.4156
0.0578405 -0.618798 2.33759
-0.193781 0.694045 2.16016
-0.2623 0.456665 1.66224
-0.286284 0.512398 1.68912
0.114127 0.49286 1.7043
0.1293 0.444306 1.7358
-0.150146 0.162507 2.27484
-0.175783 0.470238 2.21331
-0.199643 0.766836 2.14126
-0.201585 0.910473 2.11324
-0.345796 0.673249 2.11005
-0.470549 0.507079 1.92295
-0.361731 0.454981 1.73944
-0.308538 0.447914 1.68833
-0.0194599 0.68181 2.16842
0.193505 0.556872 2.03947
0.149304 0.474717 1.77837
0.145465 0.483292 1.74754
-0.226625 0.154455 2.22724
-0.281111 -0.202037 2.28453
-0.279086 -0.571019 2.39763
-0.289946 -0.645262 2.31943
-0.0688389 0.165382 2.24906
-0.0041837 -0.196177 2.3235
0.0276555 -0.543131 2.41627
0.0574646 -0.618548 2.33779
-0.193981 0.694392 2.16123
-0.263416 0.444989 1.66663
-0.289244 0.497918 1.69354
0.11932 0.481614 1.70967
0.139141 0.43195 1.73747
-0.151432 0.156035 2.27758
-0.175747 0.461992 2.21484
-0.198033 0.755491 2.1407
-0.198801 0.900431 2.11195
-0.348139 0.663221 2.10866
-0.462492 0.485012 1.92445
-0.37002 0.427652 1.74156
-0.308552 0.414571 1.6967
-0.0187619 0.671708 2.17003
0.200544 0.593238 2.03239
0.151926 0.462775 1.79274
0.151971 0.446864 1.75299
-0.228135 0.147738 2.22984
-0.284222 -0.220142 2.26407
-0.278967 -0.572859 2.39612
-0.293473 -0.646716 2.31468
-0.0698812 0.159297 2.25195
0.000586947 -0.200882 2.30528
0.0280519 -0.543754 2.41599
0.0576179 -0.618302 2.33738
-0.192791 0.683911 2.16132
-0.260694 0.412372 1.67513
-0.290549 0.468302 1.70717
0.126884 0.428772 1.72317
0.146665 0.395129 1.7587
-0.152732 0.120475 2.29218
-0.174131 0.42176 2.22009
-0.193656 0.710817 2.13588
-0.191604 0.852767 2.10605
-0.347005 0.607381 2.11103
-0.464933 0.428351 1.93028
-0.341528 0.359791 1.73878
-0.305431 0.348781 1.70902
-0.0165716 0.62797 2.17285
0.184099 0.540413 2.03275
0.157776 0.407836 1.7908
0.156835 0.377605 1.76642
-0.231369 0.112457 2.24262
-0.297111 -0.234883 2.22665
-0.280838 -0.578171 2.39128
-0.290436 -0.649 2.31784
-0.0692101 0.12453 2.26836
0.0172567 -0.214022 2.2659
0.0287929 -0.549219 2.41479
0.060456 -0.619834 2.33582
-0.189069 0.640286 2.15909
-0.256795 0.339284 1.68717
-0.304519 0.383593 1.68676
0.132055 0.355437 1.73755
0.177223 0.337551 1.77005
-0.15255 0.0824231 2.30159
-0.1717 0.378602 2.22522
-0.189057 0.663838 2.1366
-0.188355 0.807261 2.10342
-0.341688 0.553312 2.11713
-0.458542 0.396563 1.95208
-0.32672 0.301529 1.74084
-0.301677 0.292733 1.71734
-0.0123665 0.585428 2.17558
0.18056 0.473786 2.05743
0.164902 0.355488 1.80726
0.157154 0.324219 1.7738
-0.23137 0.0741829 2.25179
-0.304055 -0.261324 2.20142
-0.282407 -0.584463 2.38402
-0.292177 -0.654615 2.30953
-0.06887 0.0879685 2.27785
0.0299003 -0.24241 2.24024
0.0290106 -0.555451 2.41292
0.062026 -0.622258 2.33497
-0.184997 0.594141 2.16091
-0.255908 0.282034 1.69393
-0.288421 0.343226 1.71833
0.132777 0.301807 1.74216
0.179324 0.284552 1.77567
-0.148967 0.0430396 2.30124
-0.168255 0.339218 2.22651
-0.185925 0.624572 2.13949
-0.18386 0.766294 2.1051
-0.336391 0.516613 2.122
-0.457178 0.331668 1.95149
-0.324946 0.259385 1.745
-0.295627 0.244956 1.72248
-0.0088018 0.546826 2.17936
0.190279 0.434468 2.0364
0.168113 0.308349 1.79722
0.1595 0.283506 1.77665
-0.228506 0.0358945 2.25042
-0.306461 -0.295927 2.17371
-0.282233 -0.589985 2.37819
-0.296122 -0.658985 2.30331
-0.0646755 0.0487201 2.27851
0.0464811 -0.276154 2.21322
0.0329295 -0.563828 2.40344
0.0654428 -0.629609 2.33102
-0.18177 0.554822 2.16342
-0.245261 0.232885 1.70089
-0.281031 0.296435 1.724
0.130074 0.261325 1.7417
0.152786 0.225757 1.786
-0.14385 0.0171612 2.29737
-0.163616 0.312675 2.22651
-0.181674 0.597366 2.14328
-0.179827 0.740225 2.10737
-0.332976 0.490332 2.12438
-0.448078 0.309306 1.96119
-0.326266 0.231319 1.75627
-0.288412 0.222079 1.72308
-0.00397253 0.519778 2.18143
0.193915 0.404244 2.03001
0.17633 0.295844 1.80997
0.160685 0.259641 1.77494
-0.223296 0.0101143 2.24589
-0.305273 -0.318325 2.15444
-0.281532 -0.596152 2.37122
-0.299025 -0.665206 2.29851
-0.0598153 0.0236363 2.27523
0.0576432 -0.296591 2.1912
0.0353443 -0.568662 2.39576
0.0688567 -0.636315 2.32858
-0.177428 0.527767 2.16627
-0.238295 0.210009 1.69933
-0.292495 0.244643 1.68203
0.133415 0.239934 1.7384
0.174723 0.21251 1.7785
-0.14086 0.0166304 2.29157
-0.161267 0.31256 2.22252
-0.179928 0.59775 2.14083
-0.178493 0.741448 2.10602
-0.331354 0.49021 2.12214
-0.447732 0.32195 1.95109
-0.322943 0.234244 1.74914
-0.286953 0.238373 1.71474
-0.00154492 0.518978 2.17838
0.196653 0.416971 2.0309
0.180796 0.29682 1.8032
0.162502 0.270624 1.7668
-0.220514 0.00955047 2.24082
-0.302836 -0.319168 2.15169
-0.281598 -0.59705 2.36923
-0.299206 -0.66646 2.29736
-0.0566963 0.0231717 2.26864
0.0586494 -0.298266 2.18809
0.0352058 -0.570632 2.39435
0.0699043 -0.638124 2.32817
-0.175539 0.528019 2.16347
-0.233896 0.223451 1.69023
-0.291698 0.258438 1.67538
0.133438 0.247969 1.73378
0.177476 0.224746 1.7661
-0.135087 0.044426 2.27804
-0.155949 0.341359 2.20915
-0.175185 0.627462 2.12803
-0.173785 0.771402 2.09509
-0.328344 0.524322 2.10945
-0.440152 0.379883 1.94701
-0.323234 0.270697 1.73749
-0.286642 0.276506 1.70216
0.00383229 0.546439 2.16484
0.206514 0.458845 2.00299
0.181506 0.336939 1.78797
0.163701 0.304217 1.75284
-0.214304 0.0366469 2.22818
-0.293739 -0.295792 2.16032
-0.282155 -0.596419 2.37015
-0.29967 -0.66484 2.29621
-0.0515337 0.0507579 2.25427
0.0514132 -0.277211 2.19455
0.0351369 -0.570728 2.39468
0.0699769 -0.638093 2.32835
-0.170635 0.557524 2.15048
-0.238806 0.261002 1.67978
-0.305062 0.302684 1.67563
0.137822 0.277528 1.72556
0.186929 0.26462 1.75115
-0.132881 0.0833318 2.26866
-0.153373 0.383606 2.1969
-0.172265 0.672842 2.11299
-0.16982 0.814029 2.08153
-0.325751 0.57016 2.09328
-0.446045 0.396099 1.91805
-0.327612 0.319886 1.72414
-0.287375 0.328354 1.68612
0.00586633 0.58804 2.14732
0.192083 0.494302 2.01067
0.176531 0.367344 1.76481
0.163307 0.352778 1.73575
-0.211572 0.07558 2.21859
-0.284596 -0.260137 2.18208
-0.282916 -0.592596 2.37492
-0.297978 -0.660511 2.29863
-0.0498978 0.0884013 2.24516
0.0395766 -0.244446 2.21528
0.0343877 -0.567505 2.39954
0.0678215 -0.633964 2.32953
-0.167796 0.602166 2.13611
-0.235714 0.311914 1.66852
-0.274586 0.38081 1.68339
0.13459 0.330856 1.70327
0.136164 0.301959 1.724
-0.132791 0.131347 2.25435
-0.15318 0.432128 2.18365
-0.171996 0.721394 2.1012
-0.169128 0.865232 2.06955
-0.326489 0.626301 2.07722
-0.445233 0.460069 1.89822
-0.328962 0.387265 1.70567
-0.287149 0.394263 1.6653
0.00453623 0.636651 2.13203
0.180915 0.556175 2.06215
0.17828 0.457185 1.8032
0.161516 0.414472 1.71443
-0.21051 0.122205 2.20572
-0.274853 -0.229882 2.22329
-0.281166 -0.583897 2.37947
-0.29083 -0.659304 2.31771
-0.0507701 0.136212 2.22948
0.0191918 -0.216184 2.25557
0.0311431 -0.558882 2.40844
0.0638535 -0.625446 2.3347
-0.167542 0.65077 2.1239
-0.239644 0.379305 1.64637
-0.279804 0.443091 1.65763
0.13404 0.39611 1.681
0.131059 0.364825 1.71122
-0.132352 0.149264 2.24619
-0.153149 0.450502 2.17782
-0.172383 0.740124 2.09767
-0.170654 0.885734 2.06731
-0.325824 0.649306 2.07077
-0.449842 0.496455 1.8772
-0.332406 0.425025 1.69248
-0.289522 0.432205 1.65205
0.00449776 0.655245 2.12561
0.182915 0.577098 2.05914
0.166316 0.475462 1.80173
0.159516 0.450508 1.70126
-0.209904 0.140894 2.19894
-0.272649 -0.217925 2.24369
-0.279504 -0.57848 2.38488
-0.292748 -0.649584 2.31356
-0.0504883 0.152828 2.21999
0.0114999 -0.203413 2.27906
0.0304952 -0.549775 2.4099
0.0602582 -0.622637 2.33623
-0.167824 0.669423 2.11979
-0.239145 0.419724 1.63314
-0.277438 0.484977 1.65229
0.137982 0.433546 1.6712
0.131866 0.399599 1.68827
-0.13136 0.156393 2.24111
-0.152903 0.458626 2.17408
-0.172886 0.749247 2.09535
-0.172771 0.894258 2.06708
-0.321531 0.667634 2.07061
-0.438295 0.501051 1.87679
-0.330322 0.443349 1.67792
-0.290882 0.457464 1.64138
0.00466188 0.66344 2.12345
0.221415 0.553798 1.98694
0.18855 0.483877 1.76431
0.160679 0.477678 1.69147
-0.208282 0.148207 2.19469
-0.269096 -0.214542 2.25461
-0.279281 -0.576481 2.38814
-0.293285 -0.647005 2.31274
-0.0501609 0.159535 2.214
0.00883598 -0.198771 2.28953
0.0297465 -0.545913 2.4114
0.0594471 -0.621375 2.3358
-0.168138 0.678299 2.1171
-0.236537 0.450692 1.6215
-0.280708 0.512385 1.642
0.132638 0.475579 1.65329
0.155023 0.425226 1.68628
-0.130894 0.159222 2.23778
-0.152538 0.461898 2.17186
-0.172597 0.752895 2.09414
-0.173593 0.899062 2.06703
-0.317959 0.673557 2.07006
-0.433722 0.503813 1.87842
-0.330804 0.451859 1.67298
-0.290915 0.463942 1.63628
0.00470709 0.667308 2.12216
0.224654 0.556829 1.99217
0.166264 0.475288 1.7337
0.159973 0.484738 1.68752
-0.207435 0.151076 2.19116
-0.26762 -0.212308 2.261
-0.278389 -0.574656 2.3909
-0.293555 -0.64671 2.31246
-0.0500586 0.162187 2.2109
0.0079081 -0.197 2.29512
0.0288681 -0.543157 2.41219
0.0597149 -0.620946 2.3359
-0.167833 0.681856 2.11564
-0.243597 0.455137 1.61294
-0.285477 0.516627 1.6349
0.129534 0.483097 1.64992
0.149421 0.431505 1.6868
-0.130144 0.160232 2.23519
-0.152025 0.463291 2.16853
-0.172477 0.75443 2.08946
-0.173976 0.900232 2.06412
-0.318231 0.671269 2.06551
-0.431039 0.499855 1.87351
-0.329985 0.446219 1.67035
-0.287967 0.439305 1.63556
0.00526205 0.668723 2.11985
0.21896 0.569965 1.96993
0.185452 0.490335 1.74488
0.160752 0.466845 1.68968
-0.206574 0.152181 2.18895
-0.267059 -0.211244 2.26137
-0.27834 -0.573811 2.39179
-0.294058 -0.646402 2.31241
-0.0494559 0.163034 2.20791
0.00757237 -0.196246 2.2967
0.0280993 -0.542937 2.41364
0.0601231 -0.62082 2.33494
-0.167599 0.683384 2.11135
-0.236217 0.433406 1.61109
-0.28003 0.491998 1.63363
0.132507 0.46066 1.65547
0.150781 0.415112 1.68735
-0.129276 0.158239 2.23541
-0.151293 0.460221 2.16646
-0.171866 0.749591 2.08406
-0.172292 0.894158 2.05467
-0.322151 0.655447 2.05519
-0.436388 0.481276 1.86674
-0.330761 0.418223 1.67408
-0.286812 0.40576 1.64023
0.00603695 0.664097 2.115
0.180144 0.574355 2.0516
0.240954 0.526151 1.85909
0.166775 0.438471 1.69605
-0.20561 0.149854 2.18864
-0.267256 -0.21365 2.25365
-0.278417 -0.574198 2.39219
-0.294461 -0.646442 2.31208
-0.0486444 0.161269 2.20867
0.0118149 -0.197471 2.29007
0.0283313 -0.54318 2.41347
0.0603762 -0.620873 2.33486
-0.166956 0.679019 2.10688
-0.237697 0.394805 1.61598
-0.27684 0.459876 1.64104
0.142821 0.430688 1.65731
0.159425 0.383684 1.69448
-0.128813 0.147029 2.2428
-0.149618 0.446423 2.16519
-0.168457 0.731575 2.07382
-0.167054 0.873959 2.04058
-0.321996 0.632902 2.04974
-0.439595 0.452975 1.86936
-0.319967 0.377812 1.6748
-0.282765 0.365041 1.64498
0.00788365 0.649856 2.1092
0.209482 0.53602 1.95246
0.176297 0.43104 1.76137
0.16488 0.389931 1.70074
-0.205525 0.138237 2.19486
-0.270305 -0.22385 2.23705
-0.278324 -0.575114 2.39054
-0.295194 -0.647225 2.31065
-0.0478602 0.150896 2.21734
0.0199076 -0.209118 2.2726
0.0279729 -0.547525 2.41538
0.0607677 -0.621174 2.33499
-0.164035 0.6621 2.09901
-0.233145 0.353069 1.62132
-0.272477 0.417975 1.63948
0.135457 0.373132 1.66912
0.166852 0.339085 1.70786
-0.129478 0.10581 2.25926
-0.145767 0.398814 2.16974
-0.160411 0.680233 2.06779
-0.158696 0.82186 2.03055
-0.315565 0.574428 2.05162
-0.433653 0.397783 1.88213
-0.313584 0.316472 1.68392
-0.276243 0.301765 1.65604
0.0136769 0.599353 2.10822
0.211327 0.485192 1.95795
0.178358 0.37349 1.77239
0.16627 0.326436 1.70834
-0.20776 0.0979234 2.20908
-0.282141 -0.236197 2.20427
-0.281591 -0.580762 2.38532
-0.295411 -0.649028 2.3087
-0.0469888 0.110211 2.23594
0.0350343 -0.224612 2.23843
0.0282463 -0.55429 2.4137
0.0613406 -0.622305 2.33526
-0.157002 0.611569 2.09545
-0.226993 0.289478 1.63441
-0.264414 0.354552 1.6441
0.137793 0.305436 1.67683
0.180515 0.278068 1.71226
-0.128041 0.0623185 2.267
-0.143665 0.354235 2.17662
-0.157756 0.635076 2.07396
-0.15434 0.776118 2.03639
-0.308019 0.517371 2.06147
-0.426601 0.367161 1.90366
-0.306428 0.266466 1.69419
-0.273166 0.25147 1.6676
0.0164267 0.55483 2.11309
0.21437 0.437933 1.96012
0.179712 0.325793 1.77519
0.169418 0.281354 1.71522
-0.206798 0.0539265 2.21567
-0.293889 -0.277891 2.17671
-0.283531 -0.587705 2.37843
-0.297292 -0.656928 2.30386
-0.0451924 0.0685593 2.24469
0.0489528 -0.262646 2.21376
0.0306031 -0.565175 2.40701
0.0649868 -0.628898 2.33234
-0.154474 0.566506 2.10179
-0.222283 0.234753 1.64375
-0.265576 0.30381 1.65477
0.141369 0.264953 1.67982
0.185227 0.235181 1.71932
-0.124762 0.0254938 2.27041
-0.141188 0.314462 2.18222
-0.156226 0.59293 2.08178
-0.152199 0.737011 2.04489
-0.304506 0.488261 2.06724
-0.426249 0.320115 1.90639
-0.302754 0.222604 1.70437
-0.266345 0.206153 1.67543
0.0195412 0.515866 2.12157
0.216891 0.407256 1.95571
0.192562 0.277592 1.74682
0.173016 0.241536 1.72344
-0.204396 0.0182 2.21835
-0.296426 -0.310789 2.15353
-0.282886 -0.593955 2.3688
-0.299441 -0.664874 2.29954
-0.0411129 0.0319444 2.24886
0.0617229 -0.295699 2.18955
0.0327527 -0.570597 2.39917
0.0693398 -0.635816 2.32982
-0.152694 0.524877 2.10907
-0.214315 0.189992 1.6525
-0.265907 0.240568 1.6426
0.144405 0.218454 1.69342
0.175089 0.18402 1.73277
-0.120984 0.00110282 2.27051
-0.138737 0.289761 2.18542
-0.15506 0.568007 2.08798
-0.151977 0.711098 2.0502
-0.303037 0.460474 2.07291
-0.42057 0.301021 1.91679
-0.318603 0.188378 1.73518
-0.259483 0.178367 1.67951
0.022009 0.49083 2.12827
0.216295 0.369887 1.98151
0.186449 0.259634 1.79469
0.175996 0.212495 1.73266
-0.20047 -0.00636711 2.21802
-0.295904 -0.332591 2.13898
-0.282331 -0.597767 2.36154
-0.30125 -0.668903 2.29453
-0.0375963 0.00850296 2.24934
0.0702569 -0.315735 2.1734
0.0345925 -0.5718 2.39072
0.072426 -0.639281 2.32851
-0.151212 0.499987 2.11453
-0.207677 0.164684 1.65563
-0.261765 0.19919 1.63648
0.145494 0.192646 1.6974
0.183338 0.159906 1.73777
-0.118678 -0.00839004 2.26833
-0.137631 0.281 2.18614
-0.154995 0.559706 2.09131
-0.152923 0.702933 2.05315
-0.302859 0.450575 2.0751
-0.41839 0.289053 1.91901
-0.272989 0.186906 1.70674
-0.254948 0.178074 1.67712
0.0223359 0.482429 2.13115
0.220118 0.368747 1.9873
0.202653 0.25001 1.77565
0.182226 0.214316 1.73632
-0.197899 -0.0158499 2.2161
-0.294961 -0.340544 2.13015
-0.280746 -0.600989 2.35736
-0.302924 -0.67174 2.29208
-0.0356309 -0.000673062 2.24692
0.0731785 -0.323936 2.16672
0.0362245 -0.574653 2.38502
0.0761791 -0.642918 2.32897
-0.150894 0.491593 2.11722
-0.205385 0.160409 1.65424
-0.25215 0.231209 1.66067
0.154062 0.193684 1.70022
0.193903 0.163696 1.73973
-0.117906 0.00486167 2.2644
-0.138858 0.295448 2.1834
-0.158423 0.575889 2.08998
-0.156914 0.719737 2.05273
-0.304523 0.462997 2.07247
-0.41739 0.297777 1.91029
-0.294834 0.201505 1.70857
-0.255347 0.208122 1.67227
0.0208309 0.496668 2.12945
0.216155 0.400852 1.98836
0.200202 0.267661 1.76427
0.184238 0.243982 1.73042
-0.196904 -0.00263707 2.21227
-0.290648 -0.32949 2.13333
-0.280627 -0.600634 2.35823
-0.30334 -0.670989 2.29237
-0.0351098 0.0122048 2.24287
0.0685521 -0.313742 2.16959
0.0347915 -0.576512 2.39068
0.0765939 -0.642082 2.3293
-0.153754 0.5073 2.11551
-0.20211 0.190615 1.65319
-0.254903 0.257951 1.65478
0.15804 0.220243 1.69919
0.208058 0.206177 1.72867
-0.120409 0.0532206 2.25503
-0.142566 0.344596 2.17307
-0.16315 0.625216 2.07892
-0.161363 0.769443 2.04548
-0.307901 0.516493 2.0618
-0.420124 0.357085 1.89751
-0.30536 0.255195 1.704
-0.258661 0.259007 1.6616
0.017471 0.544707 2.12049
0.214083 0.43734 1.98288
0.195442 0.333003 1.75916
0.180336 0.297106 1.71843
-0.19869 0.0446833 2.20255
-0.278358 -0.288977 2.15478
-0.282171 -0.596662 2.36677
-0.300783 -0.665341 2.29401
-0.0382389 0.0600233 2.23389
0.0513822 -0.272472 2.18986
0.0338703 -0.575008 2.39394
0.0735285 -0.640442 2.32897
-0.158256 0.556659 2.10461
-0.208842 0.239967 1.64381
-0.259074 0.305052 1.64415
0.152029 0.275627 1.68578
0.201531 0.258212 1.71228
-0.126406 0.121809 2.24406
-0.147822 0.416005 2.16098
-0.167621 0.69886 2.06609
-0.169381 0.845142 2.03365
-0.318557 0.598278 2.04119
-0.423114 0.435508 1.87916
-0.307273 0.343716 1.67342
-0.265246 0.34763 1.63914
0.0103223 0.617578 2.10408
0.206643 0.508846 1.98439
0.18363 0.393464 1.7334
0.173938 0.381958 1.70003
-0.203251 0.112111 2.19331
-0.26919 -0.23573 2.20241
-0.282173 -0.5885 2.37602
-0.29736 -0.656838 2.30044
-0.0454616 0.127591 2.22129
0.0285001 -0.226719 2.23951
0.0310684 -0.56067 2.40353
0.0631076 -0.629357 2.33687
-0.162929 0.629829 2.09192
-0.216053 0.332395 1.61904
-0.262773 0.395129 1.62376
0.143141 0.357488 1.66643
0.147924 0.330409 1.68406
-0.128565 0.151516 2.23934
-0.150231 0.447205 2.15671
-0.170455 0.731521 2.06255
-0.173693 0.87616 2.03384
-0.324582 0.628921 2.03683
-0.434525 0.465925 1.85263
-0.318822 0.401874 1.66214
-0.27194 0.409627 1.62232
0.00501286 0.650466 2.09947
0.181546 0.581744 2.01641
0.173065 0.460452 1.76732
0.170473 0.440991 1.68516
-0.204387 0.141918 2.18931
-0.26913 -0.217004 2.24209
-0.278892 -0.579173 2.38474
-0.295596 -0.649077 2.3057
-0.0485509 0.156167 2.21591
0.0139023 -0.206668 2.27585
0.031646 -0.551492 2.40988
0.0605323 -0.624366 2.33696
-0.165642 0.662144 2.08815
-0.218342 0.397027 1.60317
-0.270498 0.461492 1.61868
0.14654 0.415348 1.65416
0.151804 0.386433 1.67767
-0.13241 0.16467 2.23537
-0.153911 0.459896 2.15584
-0.174038 0.743969 2.06475
-0.176355 0.890065 2.03681
-0.323933 0.665572 2.03678
-0.484971 0.478981 1.9074
-0.339486 0.440739 1.67476
-0.275923 0.452225 1.60942
0.00219893 0.665967 2.10015
0.182891 0.587784 2.04209
0.172826 0.496467 1.7805
0.173529 0.484327 1.67288
-0.207475 0.156302 2.18796
-0.270378 -0.208298 2.2641
-0.277767 -0.575286 2.39025
-0.295425 -0.648006 2.30692
-0.0531022 0.167903 2.20931
0.00704304 -0.19842 2.29024
0.0313363 -0.545191 2.41262
0.0581885 -0.621756 2.33773
-0.169244 0.674632 2.08956
-0.226002 0.445907 1.58786
-0.273736 0.50714 1.61029
0.153273 0.482702 1.63561
0.157497 0.432987 1.66675
-0.136258 0.169481 2.23193
-0.157237 0.465473 2.15556
-0.177164 0.750856 2.06796
-0.178456 0.894781 2.03958
-0.318791 0.687562 2.04621
-0.41687 0.519691 1.84265
-0.309364 0.468481 1.63129
-0.279542 0.48024 1.60402
-1.45671e-005 0.672772 2.10261
0.229423 0.539292 2.02664
0.182456 0.506234 1.75545
0.172609 0.514689 1.66612
-0.210642 0.161657 2.18594
-0.272238 -0.203219 2.27328
-0.277129 -0.573312 2.39488
-0.287722 -0.645477 2.32137
-0.0575552 0.171899 2.20434
0.00354471 -0.195661 2.29545
0.0298031 -0.541187 2.41386
0.0588871 -0.620901 2.3366
-0.17242 0.681152 2.09181
-0.228633 0.471155 1.57954
-0.2801 0.531535 1.59964
0.141276 0.516854 1.62779
0.15174 0.46802 1.65417
-0.140527 0.172449 2.22638
-0.160189 0.468984 2.15453
-0.179375 0.755023 2.07055
-0.179422 0.899125 2.04249
-0.315295 0.698412 2.05112
-0.413398 0.527428 1.85024
-0.325531 0.480248 1.63821
-0.281021 0.487684 1.60239
-0.0015522 0.67515 2.10425
0.214448 0.555191 1.97576
0.175464 0.506799 1.70558
0.168295 0.526673 1.66183
-0.214525 0.165183 2.18106
-0.273336 -0.201276 2.27612
-0.276202 -0.571014 2.39819
-0.292346 -0.644529 2.31425
-0.0620045 0.174057 2.19823
0.000418485 -0.194644 2.2981
0.0286149 -0.540591 2.41407
0.0595061 -0.620513 2.33548
-0.174781 0.685109 2.09346
-0.232207 0.479865 1.5777
-0.279723 0.539023 1.60219
0.142998 0.530384 1.62536
0.186683 0.489111 1.6579
-0.141708 0.171545 2.2248
-0.160724 0.469003 2.15391
-0.179558 0.755332 2.07055
-0.179087 0.899123 2.04247
-0.317494 0.68587 2.04987
-0.418072 0.516442 1.84898
-0.324312 0.470315 1.6391
-0.281885 0.468389 1.60507
-0.00156635 0.67501 2.10432
0.203098 0.54526 1.96591
0.187775 0.519137 1.73271
0.172407 0.508143 1.66772
-0.215927 0.164233 2.17963
-0.273973 -0.203008 2.27136
-0.27619 -0.571253 2.39856
-0.293386 -0.644508 2.31258
-0.0629878 0.173055 2.19646
-0.000699263 -0.195693 2.2963
0.0273999 -0.541214 2.41446
0.0599437 -0.620811 2.33528
-0.175014 0.685352 2.09338
-0.232974 0.463768 1.58124
-0.306257 0.479218 1.58125
0.149646 0.50906 1.63149
0.179621 0.458734 1.66668
-0.142586 0.165671 2.22641
-0.160193 0.461389 2.15237
-0.176242 0.744344 2.06522
-0.175254 0.888431 2.03692
-0.318127 0.677761 2.04313
-0.42113 0.505352 1.84622
-0.325774 0.428106 1.64833
-0.283353 0.42716 1.60916
-0.000151226 0.664025 2.10125
0.173036 0.566566 2.05017
0.170381 0.496592 1.78193
0.176454 0.454818 1.67771
-0.217026 0.159143 2.18062
-0.27661 -0.216198 2.24693
-0.276893 -0.572179 2.39617
-0.284526 -0.645375 2.32697
-0.0635038 0.166603 2.19881
0.0044488 -0.205797 2.27896
0.0267444 -0.543946 2.41416
0.0606243 -0.621412 2.33486
-0.172545 0.675389 2.08918
-0.233284 0.419961 1.58558
-0.281107 0.483064 1.61231
0.157821 0.455335 1.63944
0.170656 0.406431 1.68229
-0.137746 0.123447 2.24633
-0.153846 0.414338 2.15789
-0.168337 0.692713 2.05715
-0.163847 0.834496 2.02467
-0.316222 0.599651 2.03377
-0.42581 0.456428 1.8825
-0.315148 0.35858 1.65263
-0.279305 0.346415 1.62269
0.00518269 0.613827 2.09889
0.177231 0.516198 2.04377
0.243107 0.477231 1.85093
0.184229 0.364553 1.69632
-0.214479 0.11596 2.19759
-0.284084 -0.235318 2.20539
-0.280174 -0.579424 2.38597
-0.292359 -0.649049 2.31118
-0.0565098 0.126672 2.22166
0.0253383 -0.224793 2.24398
0.0276833 -0.552323 2.41313
0.0617416 -0.622821 2.33487
-0.164971 0.624892 2.08452
-0.230789 0.335678 1.59744
-0.274327 0.397403 1.61787
0.154626 0.347229 1.65813
0.188552 0.314207 1.69605
-0.134952 0.0841957 2.25951
-0.148855 0.36652 2.16606
-0.161095 0.637746 2.06013
-0.156147 0.77932 2.02194
-0.313767 0.558674 2.03832
-0.426579 0.380499 1.8794
-0.313085 0.289171 1.67287
-0.270663 0.275022 1.6376
0.0109142 0.560753 2.10357
0.180374 0.460284 2.0451
0.192295 0.350892 1.79076
0.183973 0.290725 1.70892
-0.212581 0.0772649 2.2086
-0.290352 -0.257291 2.17597
-0.282919 -0.586421 2.37774
-0.295365 -0.656735 2.30474
-0.0529575 0.0883458 2.23688
0.0405316 -0.242997 2.21574
0.0317717 -0.562554 2.40579
0.0649552 -0.628814 2.33488
-0.158288 0.571569 2.0888
-0.218325 0.263253 1.6159
-0.261792 0.325683 1.62612
0.153193 0.271014 1.67188
0.199255 0.243427 1.71045
-0.129258 0.0337907 2.27009
-0.143046 0.315005 2.17356
-0.155448 0.585783 2.06458
-0.149905 0.73017 2.02411
-0.303007 0.48548 2.05146
-0.423994 0.314044 1.88509
-0.295292 0.217083 1.68498
-0.26443 0.206538 1.65708
0.0158406 0.513303 2.10832
0.218209 0.391969 1.96349
0.194035 0.272112 1.78193
0.185229 0.223924 1.72039
-0.208206 0.0263564 2.21821
-0.297225 -0.303828 2.15647
-0.283709 -0.591751 2.37146
-0.297796 -0.6628 2.30104
-0.0461628 0.0401132 2.24835
0.055676 -0.288258 2.19422
0.0331356 -0.568833 2.39821
0.0686262 -0.63539 2.33057
-0.152574 0.519646 2.09403
-0.21129 0.194612 1.63474
-0.269547 0.228722 1.61653
0.157551 0.204992 1.68602
0.181473 0.164339 1.73253
-0.126141 -0.00223855 2.27831
-0.140517 0.27726 2.18076
-0.153523 0.546913 2.07069
-0.14567 0.689293 2.02799
-0.300005 0.444101 2.05707
-0.412265 0.315469 1.92477
-0.384258 0.184071 1.76717
-0.259208 0.156829 1.66809
0.0208731 0.474192 2.11539
0.219386 0.34681 1.97317
0.201793 0.208886 1.75873
0.187456 0.180022 1.73117
-0.205009 -0.00914629 2.22693
-0.297743 -0.334914 2.13895
-0.283101 -0.597327 2.35836
-0.303067 -0.669748 2.29562
-0.043229 0.00473109 2.25607
0.0666174 -0.31858 2.17832
0.0358387 -0.575776 2.39728
0.0737106 -0.640833 2.32925
-0.150498 0.480986 2.10043
-0.208842 0.141678 1.64411
-0.262762 0.198827 1.64173
0.160443 0.157098 1.69756
0.19975 0.130132 1.73636
-0.122972 -0.0358196 2.28211
-0.137329 0.244093 2.18511
-0.150332 0.514441 2.07551
-0.142892 0.654587 2.03303
-0.299322 0.41022 2.06203
-0.413647 0.287069 1.93776
-0.385821 0.16157 1.77531
-0.255476 0.12379 1.67216
0.0229642 0.441119 2.12016
0.222369 0.314207 1.97194
0.200686 0.168243 1.761
0.189773 0.144069 1.73606
-0.201197 -0.0426565 2.23084
-0.300995 -0.361996 2.12243
-0.279732 -0.602481 2.35472
-0.304201 -0.673537 2.29251
-0.0408041 -0.0278416 2.25976
0.0757941 -0.345265 2.1622
0.0419376 -0.570959 2.37281
0.0744726 -0.644219 2.32385
-0.147305 0.4483 2.10515
-0.204761 0.106411 1.6478
-0.253134 0.153945 1.63413
0.157365 0.121864 1.69503
0.192231 0.0858249 1.74594
-0.122494 -0.049775 2.28374
-0.136894 0.229826 2.18753
-0.149949 0.499965 2.07869
-0.142712 0.64132 2.03652
-0.299193 0.397652 2.06435
-0.413895 0.243007 1.9212
-0.375193 0.136953 1.74712
-0.254448 0.114055 1.67297
0.0236786 0.428017 2.12264
0.223862 0.302026 1.97478
0.204232 0.156636 1.76427
0.192078 0.133521 1.73725
-0.200778 -0.0565436 2.23264
-0.301524 -0.372981 2.11407
-0.276919 -0.609056 2.35727
-0.307536 -0.675543 2.28993
-0.0402983 -0.0414222 2.26123
0.0786373 -0.356205 2.15579
0.0379103 -0.580123 2.37555
0.0789933 -0.648298 2.32198
-0.146908 0.433859 2.10815
-0.198348 0.100076 1.6469
-0.25945 0.151824 1.64616
0.1649 0.110288 1.70132
0.195252 0.0761019 1.74535
-0.123435 -0.0567619 2.32375
-0.138027 0.223482 2.20471
-0.150833 0.496137 2.08026
-0.142797 0.637588 2.03788
-0.300443 0.394366 2.06524
-0.416096 0.224123 1.912
-0.293273 0.119703 1.70722
-0.251195 0.115554 1.67423
0.0237751 0.424143 2.12414
0.224111 0.297583 1.97705
0.20004 0.175538 1.79575
0.191716 0.135334 1.73605
-0.200569 -0.064345 2.27344
-0.330813 -0.317238 2.04707
-0.324066 -0.652385 2.25726
-0.299448 -0.710254 2.14533
-0.0423829 -0.0474207 2.30049
0.113139 -0.300494 2.09093
0.090657 -0.637164 2.29788
0.109004 -0.695321 2.18555
-0.147879 0.429537 2.1124
-0.19716 0.101744 1.65161
-0.251081 0.155598 1.64391
0.16667 0.113421 1.69971
0.183656 0.0781413 1.74238
-0.122579 -0.0265433 2.32565
-0.137906 0.255767 2.20848
-0.151752 0.528669 2.07959
-0.146448 0.673975 2.03772
-0.303625 0.434388 2.06537
-0.416305 0.257236 1.9125
-0.299102 0.148344 1.71443
-0.251413 0.150311 1.67461
0.0237562 0.452661 2.12337
0.222112 0.341896 1.98133
0.20425 0.183405 1.75515
0.186957 0.176741 1.73342
-0.198457 -0.0333165 2.27553
-0.325404 -0.300032 2.06572
-0.320392 -0.643674 2.26315
-0.29719 -0.701872 2.151
-0.0428111 -0.0188542 2.30223
0.110256 -0.280914 2.10347
0.0878884 -0.625763 2.29795
0.104921 -0.684265 2.1854
-0.148522 0.461893 2.11388
-0.207179 0.135225 1.65207
-0.256739 0.194809 1.65413
0.158297 0.149925 1.70327
0.191373 0.122945 1.73411
-0.124525 0.0293021 2.31336
-0.140821 0.315879 2.19722
-0.155662 0.592425 2.06881
-0.150613 0.73932 2.03187
-0.306574 0.493108 2.05527
-0.423514 0.306116 1.88848
-0.3107 0.224717 1.70525
-0.261638 0.220043 1.66247
0.0226894 0.517144 2.11083
0.218827 0.396225 1.97079
0.204371 0.279588 1.75967
0.182666 0.240584 1.72239
-0.201847 0.0238994 2.26415
-0.315576 -0.272946 2.09776
-0.318918 -0.6263 2.27913
-0.291268 -0.660062 2.31949
-0.0433893 0.0340039 2.28902
0.0951177 -0.261192 2.14017
0.0776827 -0.61434 2.32127
0.0946466 -0.672768 2.20832
-0.152189 0.524832 2.10309
-0.212266 0.202551 1.64279
-0.257916 0.271131 1.65062
0.152193 0.214107 1.69173
0.186933 0.188409 1.71954
-0.130721 0.093431 2.3012
-0.146162 0.384881 2.18561
-0.160129 0.665615 2.05798
-0.1567 0.811344 2.02208
-0.312999 0.561225 2.04034
-0.427731 0.375093 1.86485
-0.301436 0.285735 1.67904
-0.268922 0.302807 1.64457
0.0183408 0.588315 2.09807
0.218078 0.475478 1.9526
0.187775 0.35065 1.77533
0.173965 0.316622 1.70957
-0.205686 0.0858298 2.25418
-0.292777 -0.242281 2.16042
-0.30334 -0.604167 2.32585
-0.280003 -0.662457 2.21296
-0.0516194 0.0980559 2.27465
0.0658146 -0.224629 2.2004
0.0572408 -0.586756 2.36573
0.0733339 -0.665646 2.33491
-0.156876 0.597072 2.09202
-0.219094 0.288793 1.62169
-0.264171 0.353365 1.63593
0.144004 0.291625 1.67466
0.197588 0.280599 1.70186
-0.12722 0.150172 2.24083
-0.144535 0.441838 2.15238
-0.160555 0.722835 2.05118
-0.160862 0.866157 2.01941
-0.315939 0.624684 2.02881
-0.426308 0.451588 1.85991
-0.312966 0.374504 1.66274
-0.268625 0.376145 1.62572
0.0158332 0.639708 2.08652
0.215018 0.534492 1.92052
0.214007 0.424648 1.74418
0.166685 0.38431 1.6928
-0.20328 0.142259 2.19108
-0.271961 -0.219107 2.23266
-0.278906 -0.574635 2.37962
-0.295103 -0.650167 2.30864
-0.0473731 0.153407 2.21675
0.0179427 -0.212095 2.26453
0.0297022 -0.548875 2.4029
0.0610841 -0.625094 2.33703
-0.156736 0.654129 2.07865
-0.218296 0.357084 1.60945
-0.263728 0.426254 1.61507
0.136034 0.355424 1.6657
0.143375 0.330817 1.69243
-0.130827 0.167452 2.23262
-0.148569 0.462711 2.14909
-0.165207 0.747636 2.05426
-0.167249 0.894987 2.02818
-0.318804 0.659003 2.02813
-0.427795 0.489323 1.83227
-0.318965 0.42982 1.6482
-0.271317 0.439143 1.61043
0.0112088 0.663205 2.08473
0.213548 0.54961 1.92885
0.17677 0.448104 1.71085
0.160355 0.445852 1.67325
-0.20573 0.158533 2.18549
-0.267652 -0.20884 2.27543
-0.277651 -0.570969 2.38943
-0.29485 -0.64737 2.30966
-0.0518277 0.170899 2.20604
0.00369479 -0.191125 2.30101
0.0290781 -0.541395 2.41125
0.0590577 -0.621684 2.33715
-0.161257 0.678027 2.07992
-0.219259 0.42768 1.59128
-0.267784 0.491563 1.60879
0.118736 0.421187 1.63961
0.17626 0.404157 1.66833
-0.132151 0.169468 2.22873
-0.150278 0.465826 2.14905
-0.168324 0.753315 2.05903
-0.16939 0.899972 2.03355
-0.318104 0.671792 2.03304
-0.423136 0.501479 1.83543
-0.325548 0.452411 1.64746
-0.273058 0.458772 1.60757
0.00955483 0.667817 2.08848
0.217188 0.552379 1.94186
0.162693 0.45438 1.68838
0.160253 0.466584 1.66753
-0.206686 0.160761 2.18302
-0.268727 -0.208387 2.28153
-0.27596 -0.570755 2.3959
-0.294986 -0.64691 2.30949
-0.0534343 0.172491 2.2006
0.00245724 -0.18742 2.30481
0.0284689 -0.54002 2.41314
0.0591093 -0.620491 2.33665
-0.163979 0.683015 2.08322
-0.222317 0.447307 1.58638
-0.270045 0.511532 1.6065
0.132075 0.458514 1.63208
0.132651 0.41721 1.65539
-0.13368 0.1694 2.21921
-0.151157 0.46589 2.14748
-0.168378 0.751411 2.0638
-0.172717 0.905345 2.04525
-0.317914 0.67956 2.04055
-0.419722 0.509604 1.84083
-0.327848 0.462167 1.65092
-0.275772 0.468 1.61129
0.00803029 0.669176 2.09252
0.245517 0.541966 2.03905
0.177274 0.484386 1.77667
0.156289 0.480205 1.66803
-0.207918 0.161138 2.17428
-0.268816 -0.202402 2.28401
-0.275818 -0.568237 2.39759
-0.294505 -0.644836 2.31024
-0.0550864 0.171991 2.19066
0.00129892 -0.185646 2.30761
0.0272936 -0.538751 2.41498
0.0591734 -0.618838 2.33589
-0.164415 0.682046 2.08627
-0.222587 0.461877 1.58628
-0.277506 0.521465 1.61257
0.125353 0.4783 1.62959
0.160763 0.431777 1.66531
-0.133878 0.168394 2.21467
-0.152011 0.46731 2.14822
-0.170969 0.758148 2.0736
-0.174264 0.907423 2.05242
-0.318214 0.679344 2.04207
-0.420582 0.510789 1.84145
-0.327725 0.462456 1.65174
-0.276428 0.465479 1.61495
0.00647383 0.669155 2.09586
0.215482 0.543619 1.96064
0.154763 0.46917 1.70065
0.157234 0.480247 1.6722
-0.208071 0.160282 2.16951
-0.269059 -0.201188 2.2842
-0.275655 -0.566959 2.39931
-0.294066 -0.643702 2.31134
-0.0552863 0.170868 2.18636
0.000335408 -0.185412 2.30981
0.0261341 -0.537925 2.41548
0.0597321 -0.617791 2.33627
-0.166531 0.687164 2.09358
-0.230967 0.454548 1.59277
-0.273661 0.517761 1.61193
0.122871 0.478766 1.63394
0.150704 0.425448 1.66695
-0.134158 0.167065 2.21128
-0.152466 0.46765 2.14834
-0.171714 0.759185 2.07578
-0.17516 0.907733 2.05499
-0.318392 0.677213 2.0421
-0.423339 0.507632 1.84381
-0.328904 0.463516 1.65039
-0.280584 0.465289 1.61295
0.00565748 0.669159 2.09784
0.214224 0.544552 1.96096
0.159117 0.464665 1.70132
0.161168 0.482286 1.67469
-0.208448 0.159191 2.16607
-0.269358 -0.199301 2.28298
-0.275779 -0.566587 2.39944
-0.293715 -0.642849 2.31198
-0.0554441 0.169366 2.18306
-0.00065437 -0.185486 2.31096
0.0251833 -0.537748 2.41608
0.0599927 -0.617405 2.33584
-0.167236 0.68805 2.09537
-0.228836 0.457213 1.58944
-0.277673 0.518622 1.61307
0.132475 0.479516 1.63802
0.15141 0.42609 1.66897
-0.134297 0.166565 2.21027
-0.153011 0.468016 2.14854
-0.172388 0.759935 2.07697
-0.175725 0.907594 2.05693
-0.318356 0.676319 2.04233
-0.425119 0.505634 1.84606
-0.333561 0.464685 1.65205
-0.282559 0.466694 1.61245
0.0052186 0.669783 2.0995
0.221962 0.552047 1.97038
0.163199 0.470109 1.71219
0.162666 0.486073 1.67296
-0.208655 0.158652 2.16481
-0.269301 -0.197178 2.28225
-0.275784 -0.566362 2.40004
-0.293673 -0.642277 2.3123
-0.0555203 0.168925 2.18228
-0.00110332 -0.184964 2.31165
0.0237587 -0.537251 2.41676
0.060231 -0.616946 2.33622
-0.167883 0.688727 2.09647
-0.232304 0.456905 1.58855
-0.280203 0.518636 1.61081
0.133934 0.484893 1.63569
0.153546 0.431418 1.67216
-0.134713 0.166152 2.20918
-0.153771 0.468201 2.14862
-0.17318 0.760064 2.07776
-0.176506 0.907499 2.05744
-0.318503 0.675126 2.04232
-0.427135 0.5017 1.84965
-0.345433 0.465444 1.65836
-0.284453 0.463128 1.61643
0.00482878 0.670084 2.1003
0.240582 0.53841 2.05083
0.180041 0.494287 1.78399
0.159862 0.492341 1.67025
-0.208993 0.158261 2.16346
-0.269345 -0.196329 2.28204
-0.275906 -0.564543 2.39979
-0.293765 -0.642125 2.31251
-0.055995 0.168512 2.18139
-0.00165357 -0.18519 2.31249
0.0225747 -0.536431 2.41693
0.0603276 -0.616479 2.33632
-0.168653 0.688871 2.09719
-0.236515 0.454598 1.59302
-0.282033 0.515428 1.61332
0.130211 0.493611 1.63174
0.15323 0.435812 1.66856
-0.134926 0.165762 2.20831
-0.154393 0.468254 2.14858
-0.174123 0.760119 2.07832
-0.176969 0.907239 2.05758
-0.31897 0.673732 2.04232
-0.430271 0.498369 1.85313
-0.33354 0.456328 1.65364
-0.286725 0.457095 1.62168
0.00405714 0.670521 2.10121
0.215668 0.548361 1.96713
0.15742 0.478335 1.70533
0.156088 0.497035 1.67085
-0.209171 0.157813 2.16258
-0.269818 -0.195501 2.28136
-0.275713 -0.564686 2.39991
-0.293948 -0.642247 2.3126
-0.0562273 0.168184 2.18057
-0.00199508 -0.185106 2.31261
0.0220954 -0.536328 2.4171
0.0605009 -0.616456 2.33628
-0.16949 0.688921 2.09764
-0.23806 0.449068 1.59937
-0.287087 0.507781 1.61859
0.127675 0.494229 1.63325
0.177728 0.465232 1.66432
-0.134904 0.165185 2.207
-0.155351 0.468108 2.14841
-0.176284 0.759871 2.07905
-0.178165 0.906813 2.057
-0.320722 0.670604 2.04291
-0.432998 0.493351 1.85619
-0.329865 0.447579 1.66347
-0.290617 0.448658 1.62621
0.00337145 0.670651 2.10153
0.24087 0.54157 2.05466
0.175184 0.49975 1.78867
0.152018 0.498435 1.66867
-0.209215 0.157269 2.16152
-0.270192 -0.195494 2.28143
-0.275927 -0.564915 2.40019
-0.293404 -0.641547 2.31324
-0.0561192 0.167601 2.17901
-0.00234299 -0.1847 2.31275
0.0222987 -0.536792 2.41747
0.0604362 -0.616046 2.33629
-0.171276 0.6887 2.09817
-0.24415 0.442226 1.60295
-0.290964 0.500974 1.62552
0.123205 0.498087 1.63228
0.156832 0.448861 1.66593
-0.134865 0.164662 2.20555
-0.156525 0.467855 2.14815
-0.178816 0.759475 2.07982
-0.179821 0.906509 2.05682
-0.321425 0.66767 2.04232
-0.435524 0.489867 1.85735
-0.323607 0.44173 1.65819
-0.293788 0.445248 1.62872
0.00237488 0.670669 2.102
0.216704 0.553707 1.96773
0.152543 0.491126 1.70544
0.149422 0.502729 1.66795
-0.209265 0.156487 2.15985
-0.270293 -0.195171 2.28084
-0.275689 -0.564441 2.40052
-0.293641 -0.641539 2.31337
-0.055998 0.167328 2.17776
-0.002764 -0.184327 2.31247
0.0222303 -0.536702 2.41745
0.0605299 -0.616098 2.33635
-0.173436 0.688341 2.09871
-0.247215 0.441421 1.60537
-0.297117 0.497835 1.62896
0.120457 0.503111 1.63087
0.147943 0.450598 1.66615
