-0.168985 0.203733 2.37034
-0.16741 0.492631 2.32367
-0.164939 0.77146 2.26623
-0.147369 0.924721 2.2356
-0.311277 0.651695 2.24765
-0.386694 0.454289 2.12034
-0.408227 0.315354 1.94982
-0.374894 0.249018 1.85444
-0.00363469 0.659824 2.28791
0.0432612 0.450902 2.22631
0.111425 0.305511 2.07515
0.130402 0.248553 1.99915
-0.239056 0.19923 2.32877
-0.291697 -0.155926 2.44717
-0.314402 -0.525375 2.61403
-0.338142 -0.586677 2.55345
-0.094119 0.202452 2.34472
-0.0836653 -0.171462 2.47143
-0.0942679 -0.526078 2.61594
-0.0853856 -0.599522 2.56515
-0.165701 0.70321 2.28253
-0.353205 0.214725 1.82632
-0.348259 0.293886 1.83406
0.147958 0.177133 1.9281
0.128634 0.266323 1.97279
-0.169076 0.203626 2.37003
-0.167486 0.492494 2.32322
-0.165004 0.771308 2.26568
-0.147298 0.924781 2.23505
-0.311318 0.651482 2.24716
-0.386846 0.452231 2.11679
-0.392729 0.317996 1.94105
-0.374124 0.249511 1.85193
-0.00375268 0.659714 2.28739
0.0430636 0.450413 2.22617
0.110596 0.3055 2.07423
0.128206 0.253107 1.9972
-0.239138 0.199122 2.32841
-0.291697 -0.155836 2.4464
-0.314459 -0.525388 2.61387
-0.337723 -0.586477 2.55352
-0.0942225 0.202355 2.34446
-0.0836392 -0.171597 2.47103
-0.0943761 -0.526053 2.61608
-0.0839007 -0.60187 2.56235
-0.165769 0.703061 2.282
-0.352963 0.215807 1.8195
-0.346028 0.292896 1.83213
0.148357 0.181742 1.92877
0.131638 0.223938 1.92049
-0.168968 0.203464 2.36925
-0.167436 0.492194 2.32241
-0.165049 0.770887 2.2648
-0.14726 0.924668 2.23458
-0.311406 0.651718 2.24691
-0.386522 0.451713 2.11616
-0.394884 0.315406 1.94219
-0.374628 0.24769 1.85413
-0.00374477 0.659493 2.28629
0.0426217 0.449956 2.22619
0.110051 0.306118 2.07314
0.12944 0.249879 1.99695
-0.239095 0.198878 2.32766
-0.29173 -0.155978 2.44566
-0.314487 -0.525417 2.61372
-0.336939 -0.5857 2.55803
-0.0940662 0.202273 2.34368
-0.083627 -0.172003 2.47016
-0.0948216 -0.526741 2.61628
-0.0835469 -0.602344 2.56112
-0.165796 0.702675 2.28115
-0.350173 0.213218 1.82343
-0.346705 0.292928 1.83267
0.147657 0.180371 1.92651
0.12891 0.230359 1.93025
-0.169442 0.203318 2.36837
-0.167808 0.492099 2.32156
-0.165352 0.770829 2.26401
-0.147054 0.924579 2.23376
-0.311474 0.651732 2.24633
-0.386492 0.45109 2.11497
-0.394923 0.314255 1.94143
-0.375899 0.246012 1.85364
-0.0036655 0.658808 2.28449
0.0423566 0.449458 2.22592
0.109209 0.306733 2.07153
0.126522 0.25478 2.00005
-0.239534 0.198741 2.32688
-0.291804 -0.155034 2.44402
-0.31502 -0.52552 2.61379
-0.336096 -0.585491 2.55608
-0.0945791 0.202111 2.34265
-0.0835583 -0.172274 2.46942
-0.0952382 -0.526489 2.61646
-0.0828874 -0.603254 2.55993
-0.166113 0.702609 2.28034
-0.352728 0.20827 1.82702
-0.347789 0.291353 1.83224
0.148746 0.18756 1.92565
0.128848 0.258106 1.95981
-0.169702 0.203107 2.36727
-0.167989 0.492074 2.32018
-0.165473 0.771002 2.26239
-0.146906 0.924537 2.23308
-0.311461 0.651916 2.24526
-0.387108 0.452663 2.11306
-0.394867 0.313217 1.94163
-0.377303 0.246168 1.85343
-0.00363263 0.658907 2.28316
0.0415478 0.44689 2.22472
0.109497 0.305939 2.06915
0.128268 0.250068 1.98853
-0.239788 0.198613 2.32565
-0.292009 -0.155369 2.44344
-0.315041 -0.525717 2.61373
-0.335843 -0.585324 2.55588
-0.0948249 0.20184 2.34172
-0.0842381 -0.173298 2.46933
-0.0956814 -0.526509 2.61665
-0.0821943 -0.603755 2.55911
-0.166247 0.702732 2.27877
-0.352341 0.209664 1.82245
-0.347542 0.291021 1.83261
0.145283 0.182696 1.92193
0.132238 0.224283 1.91477
-0.16997 0.202862 2.36673
-0.168104 0.491846 2.31937
-0.165394 0.770829 2.26129
-0.146805 0.924173 2.23178
-0.311354 0.651787 2.2442
-0.386948 0.452236 2.11286
-0.408898 0.309517 1.94565
-0.377554 0.245885 1.8519
-0.00377034 0.658585 2.28172
0.041257 0.448425 2.2226
0.108696 0.306023 2.06816
0.128435 0.247935 1.99105
-0.240142 0.198441 2.32494
-0.292018 -0.155427 2.44276
-0.315163 -0.52569 2.61336
-0.335583 -0.585235 2.55502
-0.0950107 0.20155 2.34135
-0.0839996 -0.173204 2.46854
-0.0956391 -0.525842 2.61635
-0.0822082 -0.60406 2.55933
-0.166221 0.702542 2.27775
-0.352168 0.207449 1.82362
-0.348101 0.290735 1.83177
0.143454 0.18304 1.92289
0.129516 0.223969 1.91105
-0.170133 0.202786 2.36636
-0.168147 0.491786 2.31854
-0.165206 0.770816 2.25979
-0.146449 0.924161 2.22981
-0.311274 0.651932 2.24332
-0.386786 0.452347 2.11302
-0.408983 0.309781 1.94571
-0.377715 0.247262 1.84804
-0.00368526 0.65872 2.28107
0.0409992 0.447552 2.22202
0.108247 0.304923 2.06772
0.127261 0.248006 1.9897
-0.240278 0.198422 2.32462
-0.292 -0.155811 2.44205
-0.31503 -0.525328 2.61269
-0.339372 -0.586787 2.55236
-0.0951844 0.201407 2.34093
-0.084374 -0.173462 2.46827
-0.0958427 -0.526401 2.61617
-0.0817146 -0.604169 2.55866
-0.166099 0.702515 2.27643
-0.355106 0.210301 1.81924
-0.349559 0.292012 1.82948
0.144044 0.179816 1.92087
0.128731 0.256088 1.9557
-0.170428 0.203414 2.36711
-0.168283 0.492063 2.31769
-0.165213 0.770812 2.25508
-0.145441 0.923904 2.22187
-0.310867 0.652599 2.23961
-0.387027 0.454409 2.11326
-0.398326 0.316532 1.94076
-0.377959 0.248482 1.84829
-0.00329576 0.660102 2.27815
0.0414339 0.446147 2.22315
0.107921 0.305416 2.06671
0.12414 0.248543 1.98456
-0.240723 0.199297 2.32564
-0.295138 -0.167664 2.43843
-0.315203 -0.52664 2.60903
-0.337886 -0.586228 2.55262
-0.0953599 0.201831 2.34152
-0.0843242 -0.177184 2.46332
-0.0955495 -0.527933 2.61367
-0.0815316 -0.604477 2.5587
-0.166162 0.70265 2.27291
-0.35376 0.210714 1.8179
-0.349506 0.29183 1.82788
0.138961 0.183404 1.91687
0.121351 0.291559 1.98627
-0.170589 0.205487 2.37658
-0.168192 0.491963 2.31743
-0.16453 0.767425 2.24563
-0.145839 0.920194 2.21007
-0.310479 0.652251 2.23688
-0.388183 0.45361 2.11251
-0.397327 0.312049 1.94295
-0.376011 0.235821 1.84956
-0.0029713 0.662059 2.27439
0.0418866 0.448251 2.22515
0.107142 0.306907 2.06874
0.120922 0.251665 1.98547
-0.241195 0.201565 2.33475
-0.2992 -0.179495 2.42569
-0.317167 -0.530473 2.59618
-0.343071 -0.591379 2.54722
-0.0951903 0.203638 2.35141
-0.0811122 -0.194886 2.44885
-0.0961022 -0.537087 2.60612
-0.0803988 -0.607103 2.55156
-0.165618 0.700333 2.26648
-0.347661 0.197493 1.82081
-0.352069 0.282173 1.82781
0.138847 0.185308 1.91648
0.118947 0.23127 1.90838
-0.174296 0.199072 2.40578
-0.17013 0.480202 2.32308
-0.166032 0.74645 2.23301
-0.148494 0.898922 2.19409
-0.311079 0.641312 2.23302
-0.39241 0.43384 2.11084
-0.397922 0.290171 1.94298
-0.376292 0.213655 1.84921
-0.00446664 0.653354 2.27019
0.0448532 0.443086 2.22519
0.108057 0.298505 2.071
0.118096 0.249137 1.98546
-0.244462 0.195616 2.36444
-0.313685 -0.177312 2.3923
-0.326271 -0.541473 2.58358
-0.355118 -0.600863 2.53852
-0.0992612 0.196975 2.38014
-0.0643768 -0.199157 2.41202
-0.0896504 -0.542398 2.58666
-0.0794013 -0.6093 2.54353
-0.167219 0.681848 2.25839
-0.349218 0.177122 1.81687
-0.350462 0.260282 1.8255
0.137122 0.179838 1.91435
0.112977 0.221938 1.90089
-0.17937 0.149451 2.44889
-0.175522 0.416516 2.3451
-0.170847 0.673914 2.23027
-0.152744 0.828054 2.1856
-0.313875 0.572389 2.23835
-0.398852 0.367443 2.11004
-0.402422 0.225142 1.94105
-0.381437 0.165592 1.83739
-0.00997657 0.594826 2.27403
0.0453461 0.385167 2.2386
0.113682 0.257166 2.07213
0.119951 0.134592 1.90165
-0.250081 0.14725 2.40793
-0.330829 -0.209913 2.36683
-0.33612 -0.553947 2.56519
-0.363036 -0.615183 2.52963
-0.103739 0.147572 2.42274
-0.0523393 -0.21614 2.3817
-0.0836068 -0.560937 2.5675
-0.0834368 -0.628841 2.53271
-0.172175 0.610984 2.26104
-0.350317 0.131239 1.80329
-0.356252 0.214656 1.8189
0.102851 0.102246 1.86856
0.109965 0.192146 1.88333
-0.183992 0.0976167 2.47216
-0.179564 0.362897 2.36196
-0.174543 0.619385 2.2409
-0.156503 0.770114 2.19262
-0.313305 0.516193 2.2534
-0.399014 0.314324 2.10986
-0.406761 0.178987 1.93534
-0.389659 0.127521 1.83131
-0.0144133 0.534599 2.28526
0.0607824 0.335811 2.22545
0.121603 0.193264 2.06859
0.1276 0.0813581 1.89682
-0.255945 0.0966545 2.43123
-0.336717 -0.255897 2.3423
-0.331128 -0.558005 2.54987
-0.362893 -0.616339 2.5262
-0.10705 0.0958802 2.44597
-0.0528115 -0.262688 2.35582
-0.0845504 -0.569042 2.55837
-0.0836011 -0.636866 2.52771
-0.175933 0.556595 2.27316
-0.36788 0.101828 1.79589
-0.36809 0.11786 1.77714
0.117269 0.0549852 1.87268
0.122348 0.145348 1.8802
-0.190683 0.0488201 2.52308
-0.182469 0.314513 2.388
-0.174266 0.570948 2.25189
-0.157721 0.723723 2.20145
-0.314643 0.471556 2.26368
-0.400062 0.270897 2.11642
-0.41212 0.128426 1.94829
-0.40158 0.0896022 1.83747
-0.0165206 0.48776 2.29583
0.0813126 0.265866 2.17536
0.137349 0.0907581 2.05604
0.136395 0.0539166 1.90732
-0.262404 0.0468877 2.48365
-0.34864 -0.283081 2.31912
-0.329768 -0.565137 2.54703
-0.363915 -0.621783 2.52506
-0.113866 0.0494345 2.49529
-0.0494635 -0.289084 2.33674
-0.0829525 -0.579331 2.54955
-0.0872421 -0.646366 2.52586
-0.176409 0.50841 2.28723
-0.382525 0.0671346 1.79635
-0.379219 0.140582 1.8239
0.130583 0.0169135 1.8745
0.135148 0.113285 1.88612
-0.207727 0.000742712 2.52694
-0.1898 0.266313 2.40124
-0.171679 0.523067 2.26484
-0.159353 0.68173 2.21215
-0.314402 0.439258 2.27462
-0.398643 0.236465 2.12963
-0.417408 0.0933271 1.96287
-0.408626 0.0455696 1.85812
-0.0136745 0.443331 2.30448
0.0936565 0.204788 2.16971
0.143813 0.0378689 2.03623
0.14677 0.00798365 1.90589
-0.278751 0.00217203 2.48545
-0.394529 -0.282677 2.25652
-0.334448 -0.56561 2.53525
-0.359617 -0.621305 2.53199
-0.131358 -0.000891562 2.50112
-0.00822727 -0.288678 2.27778
-0.0801017 -0.58247 2.54074
-0.0754205 -0.649136 2.52013
-0.176348 0.460114 2.30095
-0.386026 0.0190221 1.81209
-0.387331 0.0958727 1.84127
0.141552 -0.0191825 1.87774
0.143333 0.0630478 1.903
-0.196648 -0.0243469 2.52705
-0.18475 0.245473 2.40344
-0.170617 0.506778 2.26844
-0.158589 0.6636 2.21644
-0.31423 0.421602 2.27954
-0.398994 0.214267 2.13546
-0.427661 0.0593682 1.98182
-0.409847 0.0205313 1.86419
-0.012291 0.428066 2.30899
0.0950527 0.18854 2.16755
0.144035 0.0349008 2.01783
0.149628 -0.00363381 1.90843
-0.261929 -0.0254729 2.48638
-0.402665 -0.291795 2.24873
-0.333564 -0.565646 2.53049
-0.355233 -0.622092 2.52888
-0.125327 -0.0233079 2.50023
-0.00828535 -0.308302 2.26958
-0.0792529 -0.585367 2.53657
-0.0736009 -0.651546 2.51824
-0.174453 0.442727 2.30426
-0.392736 -0.00856165 1.82925
-0.395632 0.0129079 1.81036
0.142287 -0.0369022 1.88254
0.14272 0.0634893 1.88768
-0.193701 -0.0305296 2.52677
-0.182408 0.239479 2.40398
-0.169559 0.501678 2.26969
-0.157542 0.657366 2.21743
-0.313328 0.416194 2.2809
-0.398318 0.201447 2.13333
-0.428552 0.0556533 1.971
-0.406163 0.0184949 1.86297
-0.0105625 0.421747 2.31127
0.0956748 0.184853 2.17234
0.148726 0.0250989 2.0311
0.152306 -0.00227426 1.91259
-0.259047 -0.0305517 2.48644
-0.403275 -0.294558 2.24834
-0.333585 -0.565725 2.52797
-0.353135 -0.624057 2.52397
-0.122893 -0.0298659 2.49975
-0.00786622 -0.313589 2.26628
-0.07853 -0.586821 2.53317
-0.0740218 -0.651767 2.52046
-0.173012 0.437337 2.30534
-0.383264 -0.0170162 1.82598
-0.38986 0.00840806 1.81055
0.148017 -0.0327855 1.88531
0.146132 0.0625356 1.8905
-0.194328 -0.0160888 2.52593
-0.181162 0.2534 2.40258
-0.166913 0.51559 2.26779
-0.152417 0.673262 2.21277
-0.310332 0.432015 2.27698
-0.392651 0.225507 2.13447
-0.422235 0.0711938 1.98035
-0.398072 0.0467308 1.86133
-0.00960675 0.42673 2.31017
0.0963704 0.213481 2.18065
0.153172 0.0492478 2.04647
0.15519 0.0251506 1.91711
-0.260795 -0.0141561 2.48545
-0.399477 -0.286705 2.25443
-0.334444 -0.56551 2.52764
-0.35431 -0.621503 2.52836
-0.122733 -0.0174372 2.49914
-0.00738826 -0.304453 2.27033
-0.0785356 -0.586772 2.53359
-0.0751199 -0.651784 2.52081
-0.170672 0.451205 2.30356
-0.37657 0.0198777 1.82216
-0.3742 0.0971535 1.84133
0.152711 -0.00921956 1.88431
0.151435 0.0840141 1.896
-0.191597 0.0453417 2.51782
-0.175608 0.314737 2.39083
-0.158973 0.576552 2.25248
-0.144732 0.729434 2.19862
-0.302117 0.488839 2.26325
-0.385572 0.279925 2.12597
-0.408486 0.134518 1.9617
-0.388379 0.101892 1.84936
-0.00149021 0.492695 2.297
0.0985246 0.267293 2.17639
0.153727 0.0967868 2.04976
0.158026 0.0743948 1.91178
-0.258834 0.0470336 2.47539
-0.388085 -0.253424 2.28006
-0.374452 -0.644218 2.48328
-0.36308 -0.697083 2.38848
-0.11929 0.0427016 2.49272
-0.00451126 -0.264191 2.29474
-0.0477684 -0.656088 2.49155
-0.0405332 -0.708753 2.39645
-0.163264 0.512306 2.28912
-0.364592 0.0736188 1.80582
-0.365364 0.153183 1.83656
0.156043 0.0405913 1.87715
0.15307 0.122854 1.91748
-0.169426 0.128841 2.51056
-0.160181 0.399678 2.37737
-0.150339 0.662615 2.23269
-0.136725 0.817643 2.18105
-0.296133 0.559656 2.24533
-0.379343 0.361435 2.10189
-0.389624 0.226391 1.92713
-0.3728 0.18162 1.82594
0.00512989 0.557589 2.28122
0.106727 0.350072 2.15709
0.169944 0.180381 2.03293
0.167293 0.156145 1.89791
-0.236459 0.127499 2.46938
-0.361089 -0.199768 2.32925
-0.36974 -0.604604 2.50601
-0.358558 -0.658484 2.41152
-0.0978303 0.126761 2.48445
-0.0137361 -0.214764 2.34413
-0.056808 -0.621015 2.51288
-0.0495702 -0.674642 2.41811
-0.152917 0.598161 2.2709
-0.346884 0.149716 1.78823
-0.350527 0.169888 1.77531
0.165477 0.121069 1.86055
0.157458 0.20313 1.89968
-0.172569 0.203511 2.49765
-0.158967 0.463419 2.36506
-0.145281 0.715358 2.22176
-0.130476 0.868927 2.16992
-0.290281 0.623456 2.23012
-0.371447 0.413786 2.08869
-0.386983 0.283715 1.91042
-0.365252 0.233068 1.82053
0.0139215 0.631849 2.26424
0.116412 0.391412 2.13739
0.171098 0.238437 1.98837
0.169227 0.214373 1.89237
-0.24223 0.204319 2.45689
-0.321736 -0.153403 2.40076
-0.34397 -0.568358 2.55382
-0.332667 -0.623188 2.4596
-0.098743 0.197812 2.4712
-0.0306943 -0.162619 2.40512
-0.069687 -0.575941 2.55916
-0.0617944 -0.630636 2.46469
-0.148777 0.653664 2.25954
-0.341796 0.198208 1.78242
-0.36283 0.174362 1.82833
0.168529 0.173466 1.8473
0.162264 0.261695 1.88183
-0.159917 0.222764 2.45154
-0.151126 0.490082 2.34064
-0.142123 0.748052 2.21558
-0.126114 0.898504 2.16874
-0.285341 0.647439 2.22439
-0.367221 0.449455 2.09018
-0.385065 0.325875 1.90739
-0.358406 0.267216 1.81293
0.0167724 0.660114 2.25794
0.120123 0.423462 2.12813
0.175264 0.252232 2.00172
0.173857 0.248031 1.87624
-0.232673 0.220023 2.41151
-0.291615 -0.166265 2.46387
-0.322421 -0.524099 2.5975
-0.345543 -0.590893 2.5514
-0.0828573 0.219542 2.4243
-0.0631931 -0.166855 2.46403
-0.0895702 -0.534098 2.59986
-0.0770341 -0.608825 2.54605
-0.144515 0.68482 2.24888
-0.333446 0.236779 1.77544
-0.358951 0.212895 1.8126
0.17208 0.211229 1.83112
0.167029 0.298312 1.8656
-0.155003 0.228464 2.44926
-0.147879 0.498112 2.33992
-0.140229 0.759827 2.21952
-0.122833 0.91102 2.17482
-0.284913 0.649511 2.22684
-0.36444 0.463477 2.08954
-0.375134 0.341522 1.90499
-0.352833 0.284598 1.80965
0.018337 0.665455 2.25819
0.127319 0.444842 2.12523
0.173686 0.312314 1.92277
0.177446 0.272332 1.8572
-0.227177 0.225041 2.40886
-0.284976 -0.162826 2.51049
-0.317887 -0.518349 2.61588
-0.344767 -0.589843 2.5532
-0.0784536 0.225775 2.42249
-0.0709792 -0.160816 2.49422
-0.0920819 -0.529561 2.61521
-0.0842128 -0.602034 2.55522
-0.142224 0.695683 2.25144
-0.327252 0.252088 1.77263
-0.354319 0.231874 1.81244
0.170896 0.22752 1.8224
0.171341 0.328351 1.8185
-0.15393 0.230531 2.44965
-0.14679 0.501435 2.34191
-0.139159 0.763961 2.22406
-0.120385 0.914958 2.1805
-0.282741 0.656699 2.23113
-0.362959 0.466568 2.08977
-0.372747 0.342991 1.90627
-0.34811 0.284224 1.81646
0.0211411 0.669878 2.26202
0.0920529 0.465765 2.21788
0.162862 0.35524 2.03985
0.174587 0.272276 1.86992
-0.225869 0.227065 2.40947
-0.284566 -0.161616 2.51188
-0.317262 -0.517673 2.61731
-0.343857 -0.58898 2.55417
-0.0776236 0.227808 2.42277
-0.0712549 -0.159919 2.49976
-0.0919299 -0.528308 2.61703
-0.0844794 -0.601544 2.55615
-0.141153 0.699705 2.25534
-0.324293 0.257384 1.77848
-0.348704 0.230618 1.82093
0.170797 0.235463 1.82713
0.164967 0.323267 1.86093
-0.153317 0.231742 2.44995
-0.145821 0.50332 2.34401
-0.137683 0.766235 2.22907
-0.119178 0.917551 2.18637
-0.280827 0.660652 2.2353
-0.361053 0.468773 2.09298
-0.370263 0.346054 1.90885
-0.34409 0.282824 1.82426
0.0235873 0.672805 2.26704
0.125898 0.445928 2.13908
0.173921 0.309084 1.93548
0.171833 0.269807 1.86557
-0.225021 0.22852 2.41006
-0.284695 -0.161576 2.51117
-0.317313 -0.518887 2.61755
-0.343279 -0.588421 2.55485
-0.0772439 0.228772 2.42289
-0.0714066 -0.159748 2.50014
-0.0919193 -0.528073 2.61807
-0.0851465 -0.600763 2.55722
-0.139818 0.701924 2.25958
-0.323659 0.256172 1.78924
-0.343939 0.230279 1.8326
0.165588 0.228637 1.83631
0.168792 0.327677 1.83162
-0.153126 0.232204 2.45004
-0.145138 0.50459 2.34605
-0.136426 0.768034 2.2336
-0.118602 0.919032 2.19044
-0.280579 0.661658 2.2379
-0.359727 0.470426 2.09843
-0.365743 0.341605 1.91846
-0.345499 0.282647 1.82679
0.0242014 0.674088 2.27048
0.0863217 0.466825 2.22808
0.156238 0.357663 2.04881
0.171608 0.269236 1.87718
-0.224877 0.228883 2.41013
-0.284397 -0.160353 2.50811
-0.316878 -0.519594 2.61762
-0.34321 -0.588442 2.55491
-0.0770327 0.229307 2.42301
-0.0713912 -0.159763 2.50028
-0.0926099 -0.526986 2.61869
-0.0874429 -0.598115 2.55992
-0.13871 0.703613 2.26352
-0.32329 0.253584 1.794
-0.346214 0.229219 1.8292
0.167162 0.231522 1.83999
0.166922 0.325549 1.84938
-0.153062 0.232298 2.45022
-0.1451 0.504725 2.34725
-0.136464 0.768062 2.2353
-0.118559 0.919164 2.19224
-0.28071 0.661758 2.23879
-0.359319 0.469799 2.10112
-0.366279 0.344903 1.91839
-0.348403 0.276425 1.8286
0.0240511 0.674088 2.273
0.120932 0.466468 2.15883
0.168891 0.294063 2.03086
0.172958 0.26106 1.88619
-0.224846 0.228939 2.41013
-0.284766 -0.16779 2.48909
-0.315594 -0.519847 2.61184
-0.34333 -0.588427 2.55371
-0.0769605 0.229477 2.42354
-0.070604 -0.161019 2.49089
-0.092942 -0.52815 2.6189
-0.0870332 -0.599102 2.55907
-0.138731 0.703669 2.26514
-0.325808 0.247324 1.79336
-0.351317 0.223953 1.83597
0.1693 0.228107 1.84673
0.167635 0.314818 1.8656
-0.153445 0.225472 2.45397
-0.146508 0.494966 2.351
-0.139177 0.754702 2.23785
-0.121935 0.906169 2.1952
-0.28398 0.648448 2.24067
-0.362011 0.453617 2.10113
-0.374405 0.311168 1.93251
-0.353944 0.249404 1.83396
0.0214163 0.668164 2.27243
0.12388 0.428002 2.14438
0.177378 0.265383 2.00587
0.171709 0.234841 1.87992
-0.22508 0.222297 2.41318
-0.294687 -0.16689 2.43545
-0.318932 -0.529802 2.60078
-0.348294 -0.593284 2.55011
-0.0775612 0.222543 2.4279
-0.0588128 -0.171511 2.4475
-0.0939248 -0.535151 2.60851
-0.0811849 -0.60863 2.55028
-0.1411 0.691244 2.26808
-0.332733 0.221322 1.8004
-0.357334 0.199253 1.84283
0.166003 0.201941 1.84633
0.164372 0.288329 1.875
-0.1616 0.18438 2.46838
-0.154591 0.451451 2.36427
-0.146898 0.709542 2.24942
-0.128596 0.863403 2.20454
-0.288494 0.607607 2.25591
-0.370495 0.413629 2.10808
-0.385636 0.268586 1.94209
-0.364468 0.205091 1.84232
0.012122 0.621734 2.29074
0.122156 0.397674 2.14424
0.16794 0.21492 2.03187
0.169309 0.188975 1.88393
-0.233281 0.18329 2.42677
-0.308153 -0.175611 2.39997
-0.335046 -0.549339 2.57418
-0.358283 -0.612318 2.54269
-0.0855077 0.180429 2.44293
-0.047498 -0.195963 2.4151
-0.0848451 -0.554706 2.57846
-0.0771019 -0.621867 2.53693
-0.148947 0.64639 2.2801
-0.339926 0.168335 1.81161
-0.357895 0.14614 1.8495
0.160063 0.160575 1.85101
0.169189 0.18253 1.83438
-0.167845 0.135368 2.47989
-0.161832 0.398517 2.37655
-0.154964 0.652596 2.26254
-0.137412 0.801514 2.2179
-0.293578 0.565598 2.26714
-0.377935 0.356765 2.10918
-0.389228 0.217927 1.93757
-0.37504 0.151776 1.84542
0.00472439 0.572662 2.2997
0.108956 0.351616 2.15562
0.164984 0.16871 2.04897
0.16508 0.136723 1.89186
-0.239522 0.134133 2.43967
-0.324445 -0.219947 2.36621
-0.338541 -0.556387 2.55702
-0.361975 -0.61872 2.53278
-0.0916388 0.13285 2.4529
-0.0448568 -0.229064 2.37692
-0.0841706 -0.568808 2.56402
-0.0750691 -0.636226 2.53172
-0.156828 0.590426 2.29302
-0.349538 0.114433 1.81447
-0.384893 0.103417 1.85417
0.159653 0.100284 1.86131
0.159006 0.193378 1.87111
-0.184329 0.070523 2.53279
-0.172232 0.332515 2.40381
-0.161809 0.584804 2.2757
-0.145329 0.73542 2.22708
-0.299771 0.502779 2.28262
-0.382169 0.299789 2.11668
-0.399217 0.149212 1.95638
-0.39659 0.0741433 1.86945
-0.0050743 0.500781 2.30917
0.0767914 0.310942 2.22891
0.129479 0.174081 2.06388
0.153243 0.109987 1.96918
-0.255928 0.071706 2.49282
-0.338665 -0.262152 2.33513
-0.334174 -0.562776 2.5482
-0.363642 -0.621894 2.52698
-0.107849 0.0674424 2.50557
-0.0512787 -0.273442 2.34924
-0.0828012 -0.580141 2.55572
-0.0777091 -0.647635 2.52002
-0.164441 0.523651 2.30926
-0.378183 0.0308965 1.84402
-0.403897 0.0245851 1.8664
0.16832 0.0451604 1.89384
0.156075 0.0884643 1.88933
-0.192395 0.0308629 2.54169
-0.175899 0.294038 2.41472
-0.159669 0.549022 2.27718
-0.147741 0.70513 2.22501
-0.30045 0.46815 2.2856
-0.374222 0.2603 2.12265
-0.408902 0.112337 1.96306
-0.408155 0.0403435 1.8835
-0.00726652 0.470844 2.30648
0.0660838 0.291095 2.19617
0.118204 0.134261 2.05067
0.14471 0.0757191 1.98076
-0.261201 0.0322185 2.50236
-0.370158 -0.25627 2.27406
-0.330741 -0.560586 2.53867
-0.361364 -0.615466 2.53088
-0.118565 0.028558 2.51377
-0.0321621 -0.273593 2.29233
-0.0846683 -0.58041 2.54883
-0.0757148 -0.647139 2.52566
-0.163762 0.486539 2.3136
-0.391836 -0.0120154 1.85005
-0.421602 -0.003546 1.86962
0.166929 0.00345267 1.91781
0.15048 0.0421411 1.89856
-0.191519 0.0198021 2.54838
-0.176836 0.277213 2.41689
-0.161735 0.525289 2.27366
-0.147825 0.681919 2.221
-0.300181 0.455749 2.28521
-0.37167 0.240158 2.12664
-0.410914 0.0852768 1.97535
-0.407853 0.00800674 1.88364
-0.00931965 0.451561 2.30169
0.0645847 0.273523 2.18887
0.11251 0.101255 2.04694
0.139933 0.0425476 1.98024
-0.261234 0.0213346 2.50908
-0.371343 -0.260437 2.27215
-0.329612 -0.55964 2.53622
-0.360347 -0.613508 2.53076
-0.116755 0.0176661 2.52046
-0.0289168 -0.278095 2.29011
-0.084279 -0.581137 2.54525
-0.0736197 -0.647319 2.52447
-0.165624 0.464564 2.31164
-0.390892 -0.0408489 1.85963
-0.414354 -0.0382307 1.8747
0.159553 -0.0234968 1.90995
0.141466 -0.0166897 2.029
-0.19168 0.0104318 2.55552
-0.177123 0.26428 2.41727
-0.161706 0.508774 2.26676
-0.147713 0.663046 2.21166
-0.300749 0.437106 2.28221
-0.372108 0.226768 2.12991
-0.412806 0.0741427 1.9767
-0.41087 -0.00612576 1.89165
-0.0106089 0.438766 2.29577
0.0627935 0.257608 2.18831
0.10334 0.0947168 2.04604
0.134093 0.0319604 1.98801
-0.261629 0.0123648 2.51718
-0.371709 -0.26257 2.27138
-0.328976 -0.5601 2.536
-0.360765 -0.61506 2.52623
-0.11678 0.00797282 2.52676
-0.0258787 -0.280739 2.28784
-0.0840652 -0.581405 2.54332
-0.0713396 -0.647548 2.52062
-0.165702 0.448891 2.30664
-0.393929 -0.0587251 1.86591
-0.414912 -0.0600216 1.87963
0.153787 -0.0330344 1.91722
0.158524 -0.0433089 1.91867
-0.189757 0.00667557 2.55793
-0.176406 0.260027 2.41666
-0.161911 0.504367 2.26331
-0.147608 0.658035 2.20844
-0.300821 0.433818 2.28055
-0.37268 0.222491 2.13004
-0.411056 0.0664701 1.9798
-0.409358 -0.0106609 1.89174
-0.0107062 0.433856 2.29327
0.0613454 0.249619 2.19081
0.103191 0.0877932 2.04769
0.136109 0.0288637 1.99
-0.258993 0.00858101 2.52026
-0.373608 -0.26236 2.27188
-0.328757 -0.559863 2.53524
-0.360576 -0.614393 2.5266
-0.115761 0.00432853 2.52857
-0.023961 -0.282742 2.28785
-0.0838487 -0.58125 2.54206
-0.0687915 -0.647145 2.51799
-0.165683 0.444501 2.3039
-0.391789 -0.0629215 1.86465
-0.416974 -0.0523195 1.87788
0.155882 -0.0424646 1.91861
0.152298 -0.0396549 1.92735
-0.189926 0.00715179 2.55942
-0.176338 0.259434 2.41682
-0.161784 0.503534 2.26287
-0.147591 0.657059 2.20717
-0.301057 0.433739 2.27995
-0.372813 0.222646 2.13149
-0.408496 0.0715538 1.97536
-0.410547 0.00390497 1.89276
-0.0105748 0.433307 2.29283
0.0637115 0.250055 2.1902
0.102435 0.0858523 2.04901
0.140306 0.0292232 1.985
-0.259273 0.00918657 2.52169
-0.374174 -0.261834 2.27357
-0.328952 -0.559675 2.53448
-0.359924 -0.615131 2.52462
-0.115751 0.00475742 2.53008
-0.0228174 -0.28189 2.28927
-0.083882 -0.581339 2.54177
-0.0686935 -0.647129 2.51838
-0.165582 0.443704 2.30357
-0.393013 -0.0497112 1.85976
-0.416512 -0.0520237 1.88066
0.161415 -0.0441125 1.919
0.158956 -0.0372519 1.924
-0.189968 0.0305233 2.55857
-0.175109 0.282714 2.41407
-0.159295 0.527982 2.25818
-0.144746 0.683002 2.20184
-0.298465 0.458439 2.27674
-0.370248 0.245798 2.13095
-0.407679 0.0992694 1.97071
-0.401077 0.0329496 1.88721
-0.00800543 0.459804 2.29667
0.0620964 0.276936 2.18979
0.107264 0.115854 2.04677
0.142588 0.0568004 1.97142
-0.25991 0.0321766 2.52067
-0.373679 -0.248645 2.28434
-0.329065 -0.55901 2.53535
-0.359691 -0.614445 2.52613
-0.115032 0.0281042 2.52925
-0.0208928 -0.267871 2.30194
-0.0839078 -0.581046 2.54257
-0.0691129 -0.64681 2.52005
-0.163407 0.467789 2.29926
-0.383462 -0.0196788 1.85692
-0.405703 -0.0246913 1.87525
0.160482 -0.0142153 1.91064
0.161233 -0.00668503 1.91586
-0.183782 0.0879088 2.55492
-0.169641 0.339834 2.40649
-0.154566 0.584421 2.24675
-0.13959 0.733581 2.19486
-0.292375 0.514149 2.26218
-0.364291 0.289403 2.12424
-0.395896 0.140343 1.96493
-0.391324 0.0775474 1.88448
-0.00347607 0.514156 2.28072
0.0653878 0.31874 2.20128
0.107002 0.158829 2.05562
0.142126 0.107611 1.97863
-0.253974 0.0869215 2.51531
-0.365824 -0.21817 2.31462
-0.364043 -0.625723 2.48563
-0.356724 -0.681971 2.39367
-0.108688 0.0866639 2.52737
-0.0222328 -0.230411 2.33083
-0.0612366 -0.637897 2.49749
-0.0577576 -0.693957 2.40525
-0.158482 0.524469 2.28874
-0.375613 0.0237893 1.8592
-0.388041 0.0130393 1.873
0.158884 0.0333179 1.91378
0.168967 0.0285162 1.918
-0.173893 0.151234 2.51462
-0.160726 0.401172 2.38359
-0.146484 0.645463 2.23446
-0.133227 0.796854 2.18479
-0.286963 0.564527 2.24872
-0.355922 0.343134 2.10747
-0.394268 0.200211 1.9438
-0.383213 0.131914 1.87138
0.0032042 0.572879 2.26861
0.0760753 0.38388 2.17574
0.111405 0.209527 2.04642
0.148918 0.154026 1.96961
-0.242396 0.150008 2.47503
-0.354575 -0.190422 2.36582
-0.36172 -0.603934 2.52333
-0.353207 -0.658951 2.42968
-0.100745 0.148396 2.48714
-0.0271767 -0.202869 2.37319
-0.0619677 -0.616643 2.52644
-0.0572092 -0.671447 2.43253
-0.150231 0.585256 2.27414
-0.367878 0.0824143 1.84854
-0.354339 0.168446 1.83321
0.164351 0.080367 1.91142
0.168555 0.153784 1.97567
-0.164844 0.207513 2.51527
-0.15569 0.461105 2.37995
-0.145489 0.70291 2.22565
-0.127224 0.853435 2.18047
-0.282939 0.606765 2.24121
-0.349944 0.405775 2.09721
-0.386526 0.25599 1.93941
-0.37813 0.184737 1.86033
0.00584095 0.618086 2.26401
0.0804432 0.428926 2.17266
0.120481 0.257899 2.03998
0.155798 0.199117 1.95854
-0.237201 0.205461 2.47516
-0.325412 -0.150466 2.44541
-0.345727 -0.575842 2.57033
-0.37014 -0.637638 2.5317
-0.0882433 0.203963 2.4881
-0.0427136 -0.161087 2.45218
-0.0744958 -0.585087 2.5791
-0.0713935 -0.650455 2.52865
-0.148364 0.643313 2.26655
-0.358228 0.13605 1.83235
-0.354956 0.223542 1.8225
0.170721 0.128165 1.90168
0.154244 0.185091 1.95336
-0.161848 0.236307 2.49035
-0.15175 0.495471 2.3622
-0.140807 0.747214 2.22319
-0.124065 0.895984 2.18872
-0.278352 0.648812 2.23461
-0.341447 0.470577 2.11455
-0.3695 0.311453 1.96437
-0.383398 0.2407 1.86681
0.01035 0.657852 2.25888
0.082802 0.466879 2.16943
0.126019 0.298028 2.03476
0.162132 0.238366 1.96291
-0.233814 0.233898 2.45098
-0.291355 -0.156388 2.50064
-0.31802 -0.518937 2.60896
-0.344048 -0.589876 2.55046
-0.0855361 0.23236 2.46269
-0.0739018 -0.155717 2.50857
-0.0893862 -0.531689 2.61834
-0.0824901 -0.604915 2.55463
-0.143682 0.685511 2.25977
-0.365677 0.183293 1.82517
-0.363785 0.274943 1.83467
0.179482 0.168233 1.89965
0.161707 0.196779 2.00344
-0.160741 0.240074 2.48597
-0.15091 0.502639 2.36156
-0.140325 0.759127 2.22791
-0.123734 0.910121 2.20086
-0.278436 0.655612 2.23535
-0.336183 0.471322 2.11321
-0.37095 0.315347 1.96112
-0.382072 0.241923 1.86601
0.0104257 0.662146 2.26036
0.0890171 0.473859 2.17042
0.128046 0.308932 2.02942
0.165343 0.247984 1.957
-0.232562 0.237789 2.44694
-0.288264 -0.145843 2.52086
-0.316894 -0.515866 2.61614
-0.344716 -0.590143 2.55063
-0.0845876 0.235917 2.45792
-0.0778911 -0.151266 2.53773
-0.0873537 -0.524758 2.62595
-0.0823674 -0.603525 2.55761
-0.143071 0.696246 2.26298
-0.36145 0.187533 1.82789
-0.358728 0.274918 1.83318
0.181026 0.181368 1.89208
0.164051 0.20778 1.99283
-0.160306 0.241111 2.48338
-0.150513 0.506258 2.36235
-0.139935 0.766066 2.23355
-0.124193 0.915978 2.20922
-0.278335 0.658148 2.23618
-0.335973 0.47789 2.11624
-0.369385 0.320868 1.96493
-0.381862 0.243951 1.87625
0.0103198 0.664113 2.26183
0.0900818 0.478513 2.16688
0.129625 0.312144 2.02781
0.165918 0.249438 1.95523
-0.231702 0.238936 2.44459
-0.288125 -0.148671 2.52556
-0.317221 -0.515463 2.61761
-0.344466 -0.589583 2.5524
-0.084588 0.236807 2.45511
-0.0783155 -0.149885 2.54041
-0.0881778 -0.520168 2.62853
-0.0833847 -0.602471 2.5584
-0.142673 0.702438 2.26736
-0.358405 0.188191 1.83156
-0.358581 0.268908 1.83397
0.180214 0.180214 1.89068
0.163971 0.217574 2.00342
-0.159242 0.24152 2.4789
-0.150255 0.508328 2.36268
-0.140552 0.77024 2.2384
-0.12532 0.921445 2.21769
-0.279442 0.66199 2.23996
-0.335202 0.481183 2.11989
-0.368453 0.323777 1.96896
-0.379819 0.24773 1.88499
0.0101675 0.669077 2.26544
0.0881382 0.484391 2.16683
0.127988 0.316477 2.02979
0.1615 0.256095 1.95527
-0.230548 0.239103 2.44022
-0.288249 -0.151163 2.52304
-0.317067 -0.516964 2.61809
-0.344174 -0.589598 2.55249
-0.0836006 0.237425 2.4505
-0.0779469 -0.150056 2.53993
-0.0870962 -0.519936 2.62854
-0.0847702 -0.601732 2.55894
-0.143009 0.706103 2.27093
-0.359975 0.189593 1.8386
-0.357465 0.266585 1.84186
0.176822 0.190712 1.89137
0.159882 0.216212 1.99876
-0.15853 0.241455 2.4742
-0.150169 0.509746 2.36277
-0.140935 0.773049 2.24223
-0.126527 0.926057 2.22422
-0.281117 0.666099 2.2424
-0.334202 0.483196 2.12441
-0.367631 0.325015 1.97436
-0.381443 0.248966 1.89361
0.0104183 0.67174 2.26834
0.089317 0.492233 2.16039
0.126398 0.316473 2.03316
0.158219 0.257046 1.96229
-0.229424 0.238937 2.43479
-0.287618 -0.151216 2.52067
-0.316397 -0.51629 2.61761
-0.343487 -0.589429 2.55138
-0.0832821 0.237431 2.44655
-0.078196 -0.153361 2.53889
-0.0867867 -0.520523 2.62754
-0.0865882 -0.600302 2.56075
-0.143263 0.708593 2.27374
-0.362287 0.188728 1.84798
-0.360321 0.266832 1.84933
0.17398 0.186375 1.89546
0.157355 0.218546 2.00725
-0.15788 0.239828 2.46845
-0.149982 0.510725 2.36252
-0.140863 0.775864 2.2456
-0.126521 0.929683 2.23094
-0.281413 0.666328 2.24262
-0.334952 0.482388 2.12664
-0.367728 0.324522 1.9761
-0.384982 0.246301 1.89341
0.0107018 0.673447 2.26982
0.0791274 0.492585 2.15648
0.128077 0.317358 2.03281
0.155002 0.26227 1.95838
-0.228518 0.237122 2.42865
-0.287084 -0.154299 2.51889
-0.316094 -0.518244 2.61802
-0.343215 -0.589011 2.55257
-0.082919 0.236012 2.44122
-0.0784421 -0.156635 2.53568
-0.0869108 -0.521059 2.62741
-0.0866151 -0.600407 2.56032
-0.143179 0.710904 2.27613
-0.363989 0.188782 1.84644
-0.358285 0.262481 1.84394
0.171583 0.196241 1.89071
0.15599 0.221986 2.00558
-0.157441 0.238531 2.46415
-0.149708 0.511139 2.36174
-0.140649 0.776617 2.24637
-0.126556 0.931016 2.23323
-0.281413 0.666188 2.24241
-0.336626 0.48293 2.12615
-0.368482 0.324171 1.97637
-0.38535 0.247741 1.89527
0.0109965 0.67433 2.27031
0.0807107 0.494627 2.15583
0.124517 0.321185 2.02752
0.15242 0.266323 1.95324
-0.227988 0.235565 2.42419
-0.286708 -0.155379 2.51777
-0.315839 -0.518131 2.61804
-0.343976 -0.589455 2.55269
-0.0825876 0.23497 2.43704
-0.0795355 -0.159813 2.53283
-0.0863251 -0.521806 2.62694
-0.0854433 -0.601329 2.55941
-0.142997 0.711499 2.27656
-0.36459 0.187913 1.8453
-0.36427 0.266827 1.84754
0.169156 0.20101 1.8869
0.152732 0.223567 1.99753
