-0.178291 0.239695 2.4829
-0.169706 0.516109 2.38216
-0.160429 0.783244 2.27156
-0.144953 0.937562 2.26674
-0.307947 0.671798 2.27585
-0.389739 0.486193 2.17711
-0.435095 0.318001 2.04345
-0.448645 0.251983 1.95802
-0.00418737 0.676984 2.29824
0.0654688 0.465571 2.2258
0.134576 0.304187 2.09373
0.160058 0.241363 2.02325
-0.249696 0.237193 2.44566
-0.304898 -0.139467 2.55613
-0.336032 -0.502209 2.67344
-0.369758 -0.579446 2.60856
-0.101906 0.235749 2.45314
-0.0915886 -0.159321 2.56046
-0.0946214 -0.515135 2.66161
-0.0877107 -0.590663 2.5959
-0.162848 0.717867 2.30106
-0.432327 0.186517 1.90934
-0.450286 0.186748 1.93188
0.166357 0.168599 1.95961
0.166111 0.22412 1.94431
-0.178209 0.239687 2.48299
-0.169663 0.516145 2.38262
-0.16052 0.783422 2.27264
-0.144887 0.937479 2.26773
-0.30797 0.671882 2.27652
-0.389325 0.485383 2.1772
-0.434123 0.318097 2.04215
-0.447353 0.249249 1.95731
-0.00346111 0.677092 2.30008
0.0667074 0.463934 2.22464
0.135957 0.302328 2.09294
0.159231 0.241721 2.02236
-0.249633 0.237177 2.44566
-0.304939 -0.139584 2.55604
-0.335871 -0.501811 2.67332
-0.369542 -0.579287 2.60971
-0.101816 0.235747 2.4534
-0.091823 -0.159732 2.56077
-0.0950971 -0.515768 2.6617
-0.0836977 -0.594773 2.59299
-0.162904 0.718005 2.30198
-0.431147 0.185586 1.91119
-0.452302 0.207045 1.93987
0.163899 0.170132 1.95568
0.162683 0.221785 1.94358
-0.178118 0.239671 2.48305
-0.169664 0.516143 2.38319
-0.160692 0.783398 2.27388
-0.145023 0.937474 2.26837
-0.308049 0.672088 2.27747
-0.388835 0.486455 2.17822
-0.432635 0.319123 2.04287
-0.445178 0.250057 1.96038
-0.00360309 0.677415 2.30055
0.066551 0.464913 2.22696
0.135519 0.304592 2.09346
0.158056 0.240965 2.02133
-0.249519 0.237149 2.44581
-0.304986 -0.140785 2.5564
-0.335909 -0.501895 2.67307
-0.370516 -0.579875 2.60934
-0.101758 0.235767 2.45344
-0.0918258 -0.159837 2.56099
-0.0950209 -0.515935 2.66173
-0.0852589 -0.592131 2.59432
-0.163034 0.717992 2.30306
-0.428137 0.186147 1.91044
-0.444604 0.184629 1.92833
0.161973 0.170528 1.9579
0.162596 0.221727 1.94319
-0.178075 0.239663 2.48318
-0.169758 0.516309 2.38372
-0.160928 0.783819 2.27472
-0.145598 0.937785 2.2694
-0.308096 0.671808 2.2784
-0.388456 0.486974 2.17989
-0.431563 0.320057 2.04376
-0.445626 0.251192 1.96314
-0.0036139 0.677334 2.30123
0.0662709 0.46593 2.22775
0.134822 0.305977 2.09356
0.158036 0.245466 2.02272
-0.249466 0.237082 2.44588
-0.305091 -0.140829 2.55627
-0.33593 -0.501916 2.67291
-0.370481 -0.579871 2.60859
-0.101736 0.235823 2.45365
-0.0919731 -0.159843 2.56142
-0.0950096 -0.514988 2.6617
-0.0846433 -0.592524 2.59462
-0.163237 0.71835 2.30384
-0.427997 0.185771 1.91421
-0.447988 0.191646 1.93291
0.16185 0.174743 1.95551
0.1633 0.232704 1.94667
-0.178056 0.239752 2.48342
-0.169932 0.516517 2.38451
-0.16138 0.784076 2.27596
-0.146131 0.938042 2.27006
-0.308472 0.672089 2.27959
-0.38801 0.486747 2.18089
-0.431354 0.319891 2.04477
-0.445497 0.249133 1.96283
-0.00407293 0.677369 2.30224
0.0655079 0.468521 2.22946
0.133691 0.306908 2.09717
0.155912 0.247711 2.02598
-0.249438 0.237125 2.44615
-0.30515 -0.140807 2.55633
-0.336018 -0.501825 2.67316
-0.369887 -0.579322 2.60888
-0.101745 0.235956 2.4539
-0.0923573 -0.160104 2.56191
-0.0948624 -0.514236 2.66158
-0.0836705 -0.592342 2.59435
-0.16362 0.718601 2.30498
-0.429454 0.185177 1.91563
-0.446631 0.189598 1.93135
0.163102 0.173981 1.9619
0.161013 0.225693 1.9457
-0.178485 0.239983 2.48518
-0.170256 0.516505 2.38562
-0.16152 0.783898 2.27647
-0.147189 0.937532 2.26996
-0.308728 0.671736 2.28023
-0.388337 0.48731 2.18334
-0.43091 0.321317 2.04585
-0.447214 0.251395 1.96562
-0.00472551 0.677226 2.30319
0.0651117 0.467042 2.22878
0.134129 0.306585 2.09548
0.154581 0.247891 2.02393
-0.249847 0.237288 2.44789
-0.305599 -0.142974 2.55432
-0.336617 -0.503681 2.67409
-0.370637 -0.579786 2.60858
-0.102208 0.236273 2.45573
-0.0923011 -0.159881 2.55941
-0.0942058 -0.517519 2.66126
-0.0851432 -0.592044 2.59418
-0.163792 0.718462 2.30562
-0.431096 0.186449 1.91703
-0.44904 0.188404 1.93343
0.159762 0.176044 1.9564
0.148084 0.214074 2.06158
-0.179772 0.239892 2.49086
-0.170801 0.515543 2.38699
-0.161864 0.781662 2.27539
-0.149494 0.932301 2.26591
-0.308948 0.670832 2.28073
-0.389717 0.484765 2.18664
-0.432021 0.317468 2.05074
-0.446704 0.250199 1.96637
-0.00673199 0.67583 2.3029
0.0580226 0.462671 2.24289
0.130396 0.309628 2.10253
0.147332 0.250729 2.03197
-0.251369 0.237127 2.45326
-0.311426 -0.155522 2.53492
-0.336612 -0.507212 2.66894
-0.370779 -0.579943 2.60846
-0.10327 0.236258 2.46163
-0.0904386 -0.16675 2.53582
-0.0956105 -0.520906 2.66023
-0.0867277 -0.592254 2.5944
-0.164162 0.716805 2.30529
-0.43018 0.185465 1.91342
-0.451121 0.190617 1.9346
0.159274 0.176785 1.9613
0.142293 0.210634 2.05931
-0.185462 0.226579 2.5097
-0.175859 0.496434 2.3961
-0.166095 0.755517 2.27304
-0.154231 0.907171 2.25927
-0.311183 0.648966 2.28615
-0.39496 0.462713 2.19322
-0.436492 0.300399 2.05097
-0.447478 0.231778 1.96664
-0.0149257 0.653441 2.30609
0.0484712 0.446881 2.26507
0.124038 0.307252 2.11248
0.134295 0.251788 2.05794
-0.256807 0.225184 2.47148
-0.328198 -0.155783 2.48681
-0.351395 -0.522229 2.64706
-0.372716 -0.584983 2.60101
-0.109199 0.221908 2.48106
-0.0774631 -0.178366 2.49094
-0.0902231 -0.531209 2.63822
-0.0830105 -0.598005 2.58514
-0.168652 0.692358 2.30589
-0.431472 0.170763 1.91375
-0.452173 0.182263 1.93873
0.152822 0.181394 1.96164
0.132496 0.194874 2.06725
-0.188621 0.17853 2.53947
-0.182868 0.441722 2.41702
-0.176092 0.695928 2.28449
-0.16314 0.848315 2.26224
-0.319043 0.582752 2.30908
-0.406857 0.405462 2.20853
-0.439313 0.248743 2.05763
-0.435258 0.165029 1.94747
-0.021303 0.603289 2.32229
0.058555 0.399919 2.26461
0.123701 0.253834 2.11339
0.126045 0.136433 1.95953
-0.259652 0.176474 2.50226
-0.349082 -0.178619 2.45475
-0.359642 -0.535719 2.63294
-0.380052 -0.598146 2.58496
-0.112611 0.175848 2.50959
-0.0609891 -0.193003 2.45881
-0.0810384 -0.544598 2.61042
-0.0777788 -0.612648 2.57302
-0.177959 0.633759 2.31955
-0.413621 0.121034 1.91896
-0.434853 0.12158 1.9608
0.104024 0.107957 1.93615
0.125995 0.0934492 1.97371
-0.204773 0.0848433 2.605
-0.192285 0.344301 2.46162
-0.179581 0.598656 2.30823
-0.173218 0.754234 2.27736
-0.326833 0.513731 2.32877
-0.414752 0.314842 2.24298
-0.445835 0.166001 2.07834
-0.443765 0.0968646 1.96182
-0.02804 0.509697 2.34428
0.0564049 0.300661 2.29037
0.116523 0.160101 2.13195
0.11529 0.0658314 1.96818
-0.273135 0.0856655 2.56851
-0.405843 -0.205408 2.35908
-0.401863 -0.60059 2.55504
-0.395468 -0.65619 2.46174
-0.131226 0.0814392 2.5743
-0.0190912 -0.219895 2.3641
-0.0524827 -0.620487 2.54647
-0.0504021 -0.675742 2.45287
-0.18279 0.53604 2.34856
-0.425926 0.0614441 1.92736
-0.443203 0.0477592 1.94656
0.0881015 0.0498514 1.9296
0.115809 0.0287463 1.9692
-0.2075 0.0373516 2.61551
-0.19508 0.2945 2.47166
-0.181901 0.544364 2.31664
-0.179339 0.698481 2.28551
-0.33277 0.459758 2.3415
-0.426138 0.260483 2.23791
-0.458957 0.0942708 2.09876
-0.447642 0.0458818 1.97242
-0.0317808 0.462476 2.35402
0.0545617 0.257319 2.30369
0.109321 0.11547 2.14454
0.111227 0.00752542 1.98267
-0.275627 0.0382859 2.57823
-0.415248 -0.231896 2.34401
-0.402 -0.621333 2.5498
-0.395592 -0.677017 2.45691
-0.134047 0.0354437 2.58561
-0.0167274 -0.244213 2.34683
-0.0827044 -0.552333 2.58538
-0.0734679 -0.619436 2.5624
-0.185344 0.483048 2.35745
-0.426014 0.0154017 1.93303
-0.443748 -0.00663231 1.95933
0.0882495 -0.0173486 1.956
0.103087 -0.0365638 1.98
-0.205901 -0.00543113 2.62327
-0.196643 0.251365 2.47804
-0.186402 0.501154 2.32136
-0.182928 0.65428 2.28839
-0.336171 0.414425 2.34613
-0.431938 0.20473 2.24482
-0.463354 0.0683062 2.07496
-0.446223 0.00967888 1.96863
-0.0346252 0.412323 2.36101
0.0438549 0.200385 2.3244
0.106972 0.0708095 2.1579
0.110645 -0.0371117 1.99442
-0.273274 -0.00424168 2.58604
-0.423366 -0.252913 2.33349
-0.358341 -0.552971 2.60715
-0.388156 -0.612861 2.57204
-0.133214 -0.0065252 2.59328
-0.0140644 -0.272128 2.33847
-0.0816477 -0.561273 2.58205
-0.070012 -0.628305 2.55559
-0.189136 0.439809 2.36262
-0.428656 -0.0206484 1.93355
-0.439451 -0.0410016 1.95175
0.0919501 -0.0610201 1.96902
0.102567 -0.0821798 1.99814
-0.209148 -0.0330485 2.62561
-0.199089 0.219694 2.47862
-0.188014 0.46555 2.32005
-0.184643 0.618332 2.28697
-0.336693 0.381059 2.34595
-0.423867 0.19403 2.25762
-0.455313 0.0308773 2.09158
-0.442495 -0.0224792 1.96436
-0.0357754 0.381488 2.36156
0.0446395 0.177951 2.32393
0.112832 0.0212883 2.12857
0.113774 -0.0647014 2.00513
-0.277499 -0.0318893 2.58681
-0.424945 -0.270919 2.32256
-0.357353 -0.555742 2.60105
-0.383582 -0.616656 2.57917
-0.135486 -0.0334879 2.59716
-0.0138786 -0.285553 2.32885
-0.0801965 -0.571731 2.57778
-0.069893 -0.638256 2.55633
-0.190963 0.405159 2.3618
-0.42375 -0.0559115 1.93007
-0.438874 -0.0785012 1.954
0.0984469 -0.0948292 1.97511
0.107649 -0.10561 1.98876
-0.210453 -0.0401097 2.62495
-0.199763 0.212561 2.47607
-0.188105 0.458444 2.31524
-0.184124 0.610189 2.28082
-0.336315 0.375086 2.34228
-0.426741 0.164559 2.23567
-0.458332 0.0105695 2.08247
-0.438208 -0.0263909 1.9594
-0.0357172 0.374429 2.35735
0.0483294 0.17492 2.31521
0.114123 0.0146749 2.1207
0.113747 -0.0693406 2.00689
-0.279385 -0.0393275 2.58422
-0.427084 -0.275894 2.31773
-0.357667 -0.556391 2.59886
-0.380538 -0.61787 2.58167
-0.136251 -0.0401731 2.59828
-0.0141859 -0.288158 2.32604
-0.0804347 -0.574186 2.57656
-0.0666369 -0.640246 2.55446
-0.191198 0.398032 2.3576
-0.415712 -0.0585296 1.9227
-0.436463 -0.0742942 1.94642
0.100153 -0.101771 1.97548
0.112565 -0.104246 2.00943
-0.205119 -0.0249103 2.58474
-0.196178 0.228615 2.45303
-0.185431 0.474669 2.30225
-0.180947 0.625491 2.2674
-0.334708 0.389928 2.33333
-0.428117 0.176207 2.22986
-0.455204 0.0429006 2.0567
-0.431796 -0.00220439 1.95257
-0.0340153 0.388684 2.34913
0.0502042 0.186801 2.30969
0.114932 0.0198087 2.11092
0.113316 -0.0524256 1.99828
-0.272078 -0.0230749 2.54648
-0.439102 -0.286228 2.32553
-0.358333 -0.555597 2.5974
-0.378245 -0.615858 2.58863
-0.132885 -0.0261564 2.55589
-0.00307651 -0.304738 2.32397
-0.080008 -0.573992 2.5754
-0.0719307 -0.639963 2.55836
-0.188369 0.41412 2.34266
-0.408266 -0.0357254 1.91747
-0.430276 -0.0482881 1.93856
0.0986336 -0.0816138 1.96964
0.100459 -0.105435 1.99125
-0.194307 0.0577124 2.60489
-0.188962 0.292299 2.44898
-0.181463 0.526927 2.28662
-0.17326 0.675497 2.24956
-0.326817 0.433501 2.31549
-0.423413 0.230679 2.21154
-0.444909 0.0951183 2.0392
-0.423955 0.0473922 1.93428
-0.028335 0.444908 2.32935
0.0481366 0.243029 2.29793
0.116535 0.101903 2.14379
0.125345 0.0660536 2.06579
-0.265249 0.0567389 2.56821
-0.381286 -0.257896 2.39038
-0.362949 -0.55744 2.60045
-0.386012 -0.619801 2.57747
-0.118346 0.0571969 2.57436
-0.0443044 -0.273046 2.39992
-0.078956 -0.568039 2.57505
-0.0751235 -0.626552 2.48408
-0.183606 0.469243 2.32895
-0.402027 0.0175489 1.90021
-0.423623 0.00225959 1.92422
0.134565 -0.0140045 1.98349
0.136597 -0.0157737 1.98133
-0.184155 0.136593 2.58242
-0.180684 0.374832 2.43019
-0.174125 0.611272 2.26932
-0.162214 0.760552 2.23913
-0.316025 0.513117 2.2959
-0.416267 0.312428 2.18583
-0.434035 0.159299 2.02875
-0.410896 0.126861 1.90594
-0.0180062 0.534112 2.30889
0.0962188 0.290574 2.19782
0.138277 0.103353 2.0935
0.127086 0.0662925 1.9609
-0.254814 0.134343 2.54544
-0.359084 -0.205843 2.42552
-0.365977 -0.549329 2.6084
-0.38133 -0.614894 2.57881
-0.108704 0.135291 2.55224
-0.0449751 -0.214283 2.42473
-0.0815023 -0.562344 2.59639
-0.069314 -0.629363 2.55931
-0.1762 0.553662 2.31125
-0.380861 0.103627 1.86972
-0.40911 0.0917929 1.89
0.097702 0.0367497 1.93668
0.105447 0.0237429 1.957
-0.168574 0.172436 2.55685
-0.166341 0.423256 2.41503
-0.161193 0.670064 2.26083
-0.155594 0.82339 2.23255
-0.310031 0.581251 2.28179
-0.408951 0.363109 2.17137
-0.422727 0.223409 2.00123
-0.403246 0.190964 1.89502
-0.0121645 0.578019 2.30092
0.0712131 0.378482 2.25504
0.128837 0.218758 2.09929
0.135776 0.133352 1.94426
-0.241579 0.168103 2.52397
-0.373023 -0.16783 2.42697
-0.39121 -0.577963 2.59154
-0.358775 -0.62091 2.60835
-0.0903434 0.172599 2.52208
-0.0268795 -0.183692 2.42172
-0.0663656 -0.59596 2.57773
-0.0631741 -0.651874 2.48436
-0.16273 0.609126 2.30124
-0.381027 0.167942 1.85968
-0.395103 0.138342 1.88657
0.111853 0.106903 1.91643
0.120474 0.0828092 1.93627
-0.174307 0.214989 2.55692
-0.165674 0.471635 2.41163
-0.155836 0.719772 2.25545
-0.149312 0.872483 2.2322
-0.30073 0.634928 2.27414
-0.398858 0.410104 2.16743
-0.421987 0.279918 1.99064
-0.397909 0.232303 1.89331
-0.00330842 0.633496 2.29134
0.105817 0.390683 2.18822
0.145302 0.215621 2.0619
0.138458 0.174824 1.93341
-0.244066 0.213164 2.52065
-0.344528 -0.139213 2.46854
-0.371691 -0.553439 2.62254
-0.3817 -0.619742 2.58186
-0.0998581 0.211189 2.52608
-0.0329637 -0.14976 2.46241
-0.0684295 -0.567935 2.60493
-0.0654646 -0.624367 2.51158
-0.158484 0.659081 2.29648
-0.360345 0.197756 1.83702
-0.392927 0.183596 1.88873
0.117628 0.154158 1.90539
0.123132 0.132434 1.92975
-0.169647 0.234417 2.50878
-0.160777 0.500762 2.38824
-0.15187 0.76029 2.25515
-0.143491 0.909921 2.23837
-0.29839 0.650159 2.27418
-0.393082 0.451946 2.16682
-0.420245 0.305967 2.00383
-0.396496 0.267883 1.89315
-0.000628875 0.656275 2.28948
0.112886 0.416494 2.17604
0.156769 0.240898 2.05193
0.143936 0.207507 1.92591
-0.241776 0.231503 2.47105
-0.308418 -0.159472 2.52921
-0.343924 -0.507704 2.65955
-0.372389 -0.583277 2.6027
-0.0929809 0.231165 2.47918
-0.0695542 -0.154338 2.51641
-0.0876377 -0.52349 2.64875
-0.0888926 -0.593845 2.59369
-0.154233 0.696512 2.29028
-0.373289 0.241661 1.85451
-0.390953 0.216064 1.8837
0.122576 0.190109 1.89607
0.135662 0.162823 1.93614
-0.166568 0.239161 2.5031
-0.158313 0.508461 2.38666
-0.149261 0.771158 2.25943
-0.140695 0.921469 2.24538
-0.296373 0.658494 2.27645
-0.389549 0.460883 2.16787
-0.415607 0.320546 1.9996
-0.395135 0.276934 1.89605
0.00229046 0.665125 2.29139
0.114427 0.422371 2.17717
0.157678 0.247751 2.05132
0.146819 0.218911 1.92464
-0.238353 0.236119 2.46555
-0.301926 -0.156977 2.54901
-0.340223 -0.504864 2.66597
-0.370298 -0.581117 2.60876
-0.0903568 0.235804 2.47355
-0.0756024 -0.151955 2.53494
-0.0896448 -0.520947 2.65532
-0.0886942 -0.593071 2.59413
-0.151661 0.706693 2.29296
-0.375317 0.248218 1.85683
-0.394237 0.22551 1.8898
0.130043 0.199812 1.90004
0.130119 0.172922 1.92455
-0.165564 0.241391 2.49967
-0.157468 0.512015 2.38663
-0.148347 0.776307 2.2637
-0.138082 0.926842 2.25168
-0.295194 0.663129 2.27927
-0.386579 0.468252 2.17129
-0.413923 0.324208 2.00649
-0.394567 0.276829 1.90278
0.00538292 0.670681 2.29457
0.115741 0.427208 2.17899
0.158983 0.251619 2.05454
0.148589 0.221627 1.92662
-0.236925 0.23847 2.46233
-0.299756 -0.153988 2.55398
-0.338737 -0.502487 2.66723
-0.369824 -0.580552 2.60801
-0.0897673 0.237855 2.46996
-0.0782156 -0.155068 2.54788
-0.0901533 -0.517828 2.6596
-0.0836637 -0.594259 2.59328
-0.150753 0.71151 2.29606
-0.376004 0.24334 1.86843
-0.390557 0.219003 1.89361
0.127517 0.202018 1.89571
0.138399 0.170674 1.93217
-0.164843 0.242275 2.49749
-0.156698 0.513578 2.38675
-0.14722 0.778364 2.26627
-0.135968 0.929707 2.25575
-0.294613 0.66483 2.28085
-0.386482 0.468631 2.17097
-0.412478 0.324252 2.00622
-0.394858 0.274659 1.90635
0.00695299 0.672581 2.29581
0.116358 0.429666 2.18074
0.160035 0.252271 2.05917
0.149276 0.21858 1.92889
-0.236155 0.239408 2.46031
-0.299445 -0.154397 2.55535
-0.338013 -0.50195 2.66791
-0.368858 -0.579678 2.60802
-0.0891309 0.238643 2.46759
-0.0782124 -0.15143 2.54916
-0.0903594 -0.516583 2.66219
-0.083826 -0.59323 2.59384
-0.149721 0.713499 2.29801
-0.375334 0.24143 1.8702
-0.362163 0.331888 1.87899
0.128351 0.198573 1.8989
0.135025 0.169775 1.93757
-0.164863 0.24254 2.49589
-0.156376 0.514373 2.38667
-0.146603 0.779362 2.26741
-0.134557 0.931379 2.25746
-0.294493 0.666263 2.28101
-0.387237 0.467291 2.17068
-0.418046 0.319602 2.0099
-0.398004 0.272384 1.9033
0.00578105 0.667352 2.29557
0.116157 0.431828 2.18045
0.161361 0.251436 2.06427
0.149545 0.216936 1.93083
-0.236149 0.23999 2.45915
-0.299424 -0.154825 2.55556
-0.337676 -0.501848 2.66845
-0.36724 -0.578023 2.61066
-0.0891853 0.23848 2.46548
-0.0791887 -0.155111 2.54776
-0.0921732 -0.517405 2.66224
-0.0832161 -0.594153 2.59285
-0.149197 0.71446 2.29888
-0.377138 0.239044 1.86535
-0.365226 0.328261 1.87581
0.129559 0.196227 1.90654
0.136275 0.166642 1.93748
-0.165393 0.242442 2.4952
-0.156522 0.514635 2.38651
-0.146577 0.779631 2.26759
-0.134506 0.931682 2.25759
-0.294735 0.667084 2.28091
-0.388456 0.464688 2.16925
-0.417839 0.321167 2.00432
-0.398501 0.270463 1.90066
0.00390254 0.663264 2.29479
0.11614 0.430995 2.18194
0.161754 0.250449 2.06617
0.14912 0.213263 1.92984
-0.236658 0.24006 2.45878
-0.299784 -0.153594 2.55477
-0.337262 -0.501484 2.6691
-0.366352 -0.576294 2.61234
-0.0897232 0.238186 2.46439
-0.0800016 -0.154056 2.54466
-0.0937685 -0.517722 2.66306
-0.0831538 -0.593221 2.59222
-0.149205 0.714741 2.29901
-0.378938 0.238189 1.8663
-0.365428 0.328442 1.87709
0.129091 0.192722 1.90361
0.135083 0.166007 1.93252
-0.166815 0.24242 2.4949
-0.157468 0.514646 2.38574
-0.147452 0.77889 2.2658
-0.135758 0.930951 2.25461
-0.295724 0.667855 2.27965
-0.389882 0.463899 2.16815
-0.417002 0.31994 2.00318
-0.400382 0.264796 1.90078
0.00239729 0.660666 2.29378
0.115745 0.42729 2.1788
0.163301 0.246255 2.0647
0.146255 0.207517 1.92898
-0.238454 0.240259 2.45878
-0.301764 -0.154936 2.55301
-0.337805 -0.502151 2.66913
-0.367547 -0.577703 2.61145
-0.090804 0.237998 2.46391
-0.0810308 -0.152105 2.5402
-0.0943145 -0.517836 2.66151
-0.0836862 -0.592819 2.59192
-0.150069 0.714261 2.29764
-0.38031 0.2302 1.86745
-0.367868 0.322595 1.87286
0.125688 0.192753 1.89706
0.134369 0.160601 1.93732
-0.171363 0.239181 2.50162
-0.162003 0.507989 2.38589
-0.153792 0.764189 2.25767
-0.142762 0.915879 2.24334
-0.298406 0.65898 2.27627
-0.395171 0.448093 2.16685
-0.418331 0.29501 2.00993
-0.402113 0.241817 1.9075
-0.000727776 0.655624 2.29215
0.111945 0.41442 2.18093
0.151694 0.236809 2.0582
0.13533 0.190074 1.93344
-0.243274 0.237334 2.46544
-0.311938 -0.158856 2.52038
-0.343035 -0.509109 2.66125
-0.369154 -0.579332 2.60788
-0.0949204 0.234585 2.47081
-0.0806953 -0.166849 2.50517
-0.0949883 -0.523148 2.64678
-0.0867988 -0.59323 2.5924
-0.15595 0.701843 2.29206
-0.380613 0.209057 1.87191
-0.37178 0.303595 1.88075
0.111322 0.165465 1.90648
0.121662 0.141927 1.92943
-0.177037 0.223313 2.51859
-0.168578 0.484033 2.39254
-0.160013 0.733588 2.25478
-0.151178 0.881705 2.23638
-0.302519 0.629779 2.27953
-0.400009 0.423128 2.18132
-0.419434 0.266223 2.02785
-0.402465 0.211184 1.92201
-0.00527253 0.63925 2.29259
0.106067 0.38744 2.19116
0.141249 0.224676 2.04718
0.12532 0.169598 1.94107
-0.247611 0.221989 2.48186
-0.326726 -0.154981 2.48579
-0.353226 -0.523737 2.64089
-0.372912 -0.586571 2.59272
-0.101798 0.218678 2.48834
-0.0675302 -0.172122 2.47484
-0.0874409 -0.537426 2.62693
-0.0790508 -0.603858 2.57937
-0.162298 0.672694 2.29136
-0.379465 0.179559 1.88345
-0.373137 0.270408 1.89025
0.10518 0.141996 1.9129
0.118321 0.121703 1.9375
-0.176876 0.1919 2.54656
-0.17068 0.443773 2.41017
-0.163808 0.686416 2.26272
-0.157566 0.834726 2.23732
-0.308447 0.587591 2.29313
-0.404725 0.37341 2.20023
-0.425023 0.221638 2.04173
-0.407895 0.176186 1.93529
-0.0121979 0.602862 2.29893
0.0972712 0.347532 2.20197
0.124965 0.166522 2.08121
0.114604 0.137227 1.95122
-0.247177 0.190228 2.51205
-0.335503 -0.165496 2.47075
-0.358252 -0.532533 2.6333
-0.375881 -0.595837 2.58487
-0.101909 0.188539 2.51403
-0.0618697 -0.181446 2.46379
-0.0829765 -0.545624 2.61393
-0.0770905 -0.6135 2.57587
-0.165669 0.627118 2.30162
-0.383903 0.141256 1.90052
-0.379744 0.23943 1.91
0.0932258 0.110591 1.91724
0.102717 0.0791387 1.95667
-0.182663 0.1506 2.61337
-0.177591 0.394476 2.44784
-0.171741 0.631482 2.27986
-0.164399 0.783929 2.2501
-0.312453 0.539169 2.31343
-0.412302 0.334508 2.21867
-0.437239 0.173951 2.07038
-0.421102 0.145239 1.94959
-0.0160511 0.551638 2.31664
0.090682 0.302462 2.20922
0.129174 0.127753 2.08214
0.10769 0.101027 1.95794
-0.2531 0.150374 2.58161
-0.346826 -0.190425 2.45154
-0.360225 -0.538273 2.6264
-0.377751 -0.602509 2.58297
-0.107519 0.146956 2.57798
-0.056276 -0.204232 2.44878
-0.0844689 -0.554729 2.60937
-0.0754508 -0.622192 2.57102
-0.17329 0.573751 2.32309
-0.396221 0.11829 1.90761
-0.401273 0.134695 1.8952
0.0835753 0.0758373 1.92553
0.0997981 0.0536115 1.9506
-0.188967 0.0827648 2.62608
-0.181344 0.330714 2.46276
-0.172704 0.572423 2.30056
-0.170412 0.721624 2.26848
-0.319556 0.476694 2.33748
-0.418334 0.2765 2.23745
-0.457764 0.103912 2.10835
-0.439787 0.102199 1.96129
-0.0201143 0.488326 2.33756
0.086349 0.244644 2.22051
0.10149 0.108744 2.04711
0.106666 0.0559986 1.96159
-0.258847 0.0828782 2.59116
-0.371307 -0.238091 2.42405
-0.362607 -0.545127 2.61551
-0.381263 -0.609661 2.57883
-0.114198 0.0806677 2.59418
-0.0479338 -0.253309 2.42426
-0.0835446 -0.559196 2.59518
-0.0725311 -0.626526 2.56616
-0.17479 0.514005 2.34303
-0.41481 0.0805161 1.91145
-0.430877 0.102174 1.91171
0.0841822 0.0238469 1.93423
0.100108 0.00496433 1.9575
-0.193253 0.0273159 2.61422
-0.183377 0.289142 2.4712
-0.173542 0.536756 2.31446
-0.174628 0.686588 2.2835
-0.321949 0.446875 2.34712
-0.421006 0.245778 2.2503
-0.46468 0.0888667 2.10298
-0.446084 0.0722026 1.97235
-0.0230633 0.443574 2.35346
0.08482 0.199948 2.23577
0.12211 0.029532 2.1027
0.10736 0.0184372 1.97683
-0.262014 0.02691 2.57777
-0.417756 -0.243068 2.3557
-0.362132 -0.548669 2.61026
-0.381313 -0.613091 2.57578
-0.119473 0.0267186 2.58327
-0.0126892 -0.260416 2.34932
-0.0836774 -0.557739 2.587
-0.0733199 -0.624881 2.56195
-0.17594 0.476482 2.35584
-0.424137 0.0472297 1.92313
-0.416679 0.13257 1.948
0.0877936 -0.000661904 1.94243
0.0959672 -0.0290605 1.96691
-0.195433 0.0237739 2.63908
-0.187493 0.272543 2.48374
-0.178682 0.514818 2.32522
-0.176988 0.665778 2.29313
-0.322505 0.42082 2.35735
-0.42104 0.226443 2.26448
-0.466735 0.0825611 2.10448
-0.447768 0.049122 1.98349
-0.0237398 0.434149 2.35791
0.0837117 0.181774 2.25574
0.122933 0.00149528 2.13816
0.109164 -0.011089 1.99566
-0.265794 0.0235389 2.60334
-0.381055 -0.276754 2.39812
-0.361331 -0.553805 2.60497
-0.381482 -0.617577 2.57959
-0.119908 0.0235876 2.60828
-0.0482759 -0.293009 2.40554
-0.0812098 -0.565563 2.58174
-0.0733645 -0.632469 2.5601
-0.180831 0.455981 2.36687
-0.431001 0.0225336 1.93687
-0.417498 0.112059 1.961
0.0942896 -0.0265044 1.96705
0.0962982 -0.0548931 1.98862
-0.19415 0.00293268 2.62862
-0.186531 0.259098 2.48527
-0.177825 0.504667 2.32997
-0.178579 0.656731 2.29892
-0.324533 0.4116 2.36127
-0.421119 0.218671 2.27107
-0.459724 0.0644723 2.11934
-0.445244 0.0362676 1.99102
-0.0256001 0.421774 2.36624
0.0815267 0.175117 2.26252
0.126499 0.0270241 2.10598
0.113052 -0.0168179 2.00635
-0.263823 0.0035863 2.59278
-0.413723 -0.254613 2.35107
-0.360461 -0.555495 2.60344
-0.383937 -0.61802 2.57784
-0.119524 0.00212796 2.59726
-0.0250128 -0.276928 2.3472
-0.0809499 -0.566908 2.58111
-0.0734708 -0.634155 2.55682
-0.18006 0.444802 2.3708
-0.426973 0.00753018 1.94614
-0.417106 0.0993683 1.9748
0.0950478 -0.045621 1.98168
0.102207 -0.0670109 1.998
-0.193391 0.0175472 2.62554
-0.186363 0.267462 2.48848
-0.177487 0.510372 2.33222
-0.178018 0.660792 2.3006
-0.324702 0.419766 2.36169
-0.420632 0.218382 2.27161
-0.461319 0.0549858 2.13102
-0.442347 0.0452555 1.99127
-0.0250674 0.426173 2.36621
0.0807966 0.18412 2.2676
0.139052 0.0214605 2.1324
0.114986 -0.00956516 2.01147
-0.261711 0.0181822 2.58928
-0.417565 -0.243662 2.35644
-0.359951 -0.55642 2.60404
-0.384808 -0.6185 2.57676
-0.120096 0.0164344 2.59443
-0.0176322 -0.265306 2.35119
-0.0817043 -0.56542 2.58041
-0.0702893 -0.632056 2.55766
-0.180099 0.450174 2.37312
-0.420824 0.0256555 1.9453
-0.437384 0.0963428 1.99214
0.0972473 -0.0323338 1.9857
0.108758 -0.0543511 2.01875
-0.190104 0.0841953 2.6416
-0.184065 0.319843 2.48873
-0.175587 0.554666 2.32809
-0.172973 0.701749 2.29738
-0.319827 0.456367 2.35809
-0.415793 0.256093 2.2642
-0.455712 0.107499 2.10693
-0.437383 0.0874374 1.98511
-0.0234272 0.469422 2.3633
0.0833789 0.215992 2.261
0.107732 0.0870734 2.08327
0.114271 0.0331619 2.00616
-0.261167 0.0847318 2.60717
-0.366071 -0.233566 2.42796
-0.360777 -0.554668 2.60598
-0.38355 -0.617733 2.57635
-0.114278 0.0812497 2.60878
-0.05157 -0.247183 2.42468
-0.0821782 -0.565762 2.5862
-0.0759639 -0.633472 2.55735
-0.17808 0.497154 2.36999
-0.415956 0.0626479 1.94323
-0.43195 0.0897258 1.94611
0.0903793 0.00193736 1.97962
0.105923 -0.0155923 2.01675
-0.180922 0.11221 2.6023
-0.176452 0.364376 2.47265
-0.167964 0.609025 2.32011
-0.166184 0.765826 2.29207
-0.315531 0.521604 2.34517
-0.415097 0.304289 2.24855
-0.444243 0.145738 2.09889
-0.429667 0.141794 1.96836
-0.0182545 0.520998 2.35456
0.0596723 0.318765 2.32702
0.114563 0.182265 2.13884
0.118223 0.0961832 1.99804
-0.252111 0.10821 2.56415
-0.397622 -0.200241 2.3994
-0.405465 -0.611514 2.5618
-0.400094 -0.666536 2.46804
-0.105071 0.11293 2.57297
-0.0143155 -0.209262 2.38844
-0.0543323 -0.624506 2.53665
-0.0532771 -0.679215 2.44258
-0.170764 0.547862 2.36016
-0.407609 0.120764 1.92553
-0.428231 0.186837 1.96933
0.0941804 0.0664566 1.96277
0.109077 0.0459689 1.99033
-0.177237 0.187766 2.60284
-0.169775 0.440661 2.46126
-0.158809 0.689882 2.30749
-0.155908 0.845213 2.28702
-0.308326 0.598445 2.33035
-0.409008 0.382772 2.23093
-0.438014 0.244884 2.06103
-0.423217 0.227383 1.95029
-0.0109268 0.595029 2.33945
0.0961569 0.355103 2.24034
0.13426 0.20749 2.08088
0.124786 0.173935 1.97519
-0.248228 0.186373 2.56884
-0.356452 -0.154769 2.45549
-0.379246 -0.573672 2.59809
-0.37461 -0.629782 2.50471
-0.101887 0.185123 2.57022
-0.033636 -0.165794 2.44895
-0.0694281 -0.585046 2.58825
-0.0685683 -0.640927 2.4946
-0.162067 0.628572 2.34796
-0.399612 0.201032 1.90657
-0.415921 0.28084 1.9564
0.102419 0.146128 1.94288
0.112688 0.126298 1.96027
-0.177488 0.217173 2.59122
-0.164573 0.480465 2.45178
-0.150278 0.736378 2.30173
-0.147927 0.893699 2.2882
-0.30266 0.640384 2.32437
-0.403051 0.426436 2.21811
-0.44229 0.257719 2.08285
-0.42196 0.256991 1.94002
-0.00201074 0.634097 2.33218
0.0992539 0.396674 2.23519
0.14533 0.254722 2.07252
0.130986 0.219335 1.9643
-0.247396 0.217678 2.55784
-0.339621 -0.135658 2.48692
-0.365472 -0.55473 2.62878
-0.385363 -0.617123 2.58102
-0.103121 0.21143 2.5574
-0.0403998 -0.148512 2.47728
-0.0746053 -0.570397 2.60985
-0.0742993 -0.625699 2.51534
-0.154065 0.673601 2.34117
-0.401049 0.24263 1.90427
-0.424419 0.301137 1.94558
0.109784 0.193286 1.93043
0.119741 0.169501 1.96233
-0.166182 0.238715 2.52955
-0.157403 0.510703 2.42356
-0.147469 0.770659 2.29797
-0.141697 0.922898 2.28883
-0.298233 0.661239 2.31946
-0.396853 0.454299 2.21693
-0.43987 0.304472 2.06111
-0.423482 0.279002 1.94613
0.00423202 0.664643 2.32687
0.105193 0.422851 2.22621
0.143868 0.263031 2.07944
0.137061 0.24156 1.95545
-0.236931 0.236951 2.49544
-0.304751 -0.154984 2.54729
-0.34279 -0.507625 2.65663
-0.372653 -0.584519 2.59869
-0.0910203 0.234246 2.4966
-0.0718583 -0.153654 2.53001
-0.0890073 -0.517519 2.64268
-0.08088 -0.597869 2.58642
-0.150213 0.706835 2.33183
-0.398965 0.251433 1.90831
-0.425105 0.287051 1.90787
0.115429 0.219512 1.92209
0.12042 0.194372 1.94409
-0.163729 0.244984 2.51837
-0.154773 0.518311 2.41657
-0.144707 0.78261 2.30023
-0.135536 0.935375 2.29422
-0.297629 0.664862 2.31889
-0.394904 0.465841 2.21452
-0.438073 0.316881 2.05783
-0.42484 0.289329 1.94727
0.00943529 0.675864 2.32609
0.107366 0.433926 2.21896
0.151303 0.276891 2.07058
0.140788 0.256114 1.95043
-0.234468 0.242603 2.4823
-0.300075 -0.154979 2.55859
-0.339801 -0.504546 2.66391
-0.369697 -0.581187 2.60912
-0.0886287 0.24083 2.48737
-0.0744752 -0.154758 2.53549
-0.091924 -0.520815 2.65586
-0.0845776 -0.594773 2.59285
-0.147462 0.7175 2.3313
-0.399142 0.256924 1.90545
-0.399097 0.340274 1.9175
0.121492 0.234544 1.91724
0.125939 0.206161 1.94638
-0.163336 0.246791 2.51258
-0.154263 0.520102 2.41423
-0.144211 0.784496 2.30088
-0.133934 0.938118 2.29658
-0.296836 0.668789 2.31839
-0.394104 0.467944 2.21555
-0.436866 0.321042 2.05672
-0.422841 0.289827 1.94584
0.0109038 0.677838 2.32656
0.107824 0.435263 2.21625
0.153374 0.27462 2.07248
0.141779 0.256013 1.94944
-0.234081 0.244358 2.47778
-0.299459 -0.155038 2.56114
-0.338992 -0.503726 2.66505
-0.368818 -0.57975 2.61234
-0.0882584 0.242593 2.48018
-0.0748664 -0.153937 2.53615
-0.0907194 -0.521151 2.65662
-0.0841466 -0.594272 2.59237
-0.146966 0.719328 2.33127
-0.404274 0.258156 1.90967
-0.39621 0.341223 1.92278
0.122795 0.235378 1.91955
0.12657 0.204913 1.94637
-0.163713 0.24736 2.50533
-0.154169 0.521925 2.41141
-0.143883 0.787549 2.30246
-0.131342 0.94282 2.30027
-0.295901 0.671996 2.31758
-0.390806 0.474164 2.21536
-0.43473 0.326332 2.05774
-0.41864 0.295683 1.94346
0.0123901 0.679963 2.32718
0.108386 0.43663 2.21801
0.153487 0.276403 2.0736
0.141475 0.256007 1.95031
-0.234402 0.244969 2.47056
-0.29924 -0.155645 2.56203
-0.33878 -0.503236 2.66591
-0.368657 -0.579822 2.61173
-0.0886601 0.243104 2.47305
-0.0795262 -0.157889 2.54388
-0.091314 -0.519242 2.65912
-0.0814503 -0.596237 2.59182
-0.146671 0.722001 2.33164
-0.400058 0.264552 1.90313
-0.392842 0.343248 1.9255
0.120745 0.23622 1.91765
0.12248 0.205838 1.94198
-0.164103 0.24722 2.50083
-0.15429 0.522643 2.40988
-0.143917 0.788968 2.30345
-0.131098 0.944598 2.30248
-0.295763 0.67328 2.31723
-0.391338 0.474322 2.21406
-0.434166 0.32719 2.05543
-0.421268 0.299077 1.94088
0.0125391 0.68065 2.32731
0.108199 0.436977 2.21877
0.153898 0.277653 2.0735
0.140773 0.258537 1.94767
-0.234654 0.245004 2.46639
-0.299139 -0.155776 2.56211
-0.33859 -0.502582 2.66641
-0.368736 -0.579912 2.6117
-0.0891667 0.242787 2.46826
-0.081352 -0.15973 2.55111
-0.0914132 -0.517854 2.66059
-0.0809899 -0.596933 2.59189
-0.146697 0.723183 2.33194
-0.402042 0.271603 1.89935
-0.396191 0.346789 1.91952
0.120881 0.236409 1.91566
0.134721 0.213686 1.93838
-0.164221 0.247432 2.49601
-0.154414 0.524276 2.40715
-0.144082 0.791797 2.30391
-0.131214 0.947792 2.30541
-0.29566 0.675858 2.31537
-0.392137 0.476872 2.21111
-0.433493 0.337458 2.04501
-0.422168 0.303189 1.93437
0.0120506 0.681073 2.32661
0.10511 0.439743 2.22014
0.154783 0.282248 2.07416
0.140077 0.261014 1.94962
-0.234577 0.245323 2.46111
-0.298933 -0.154608 2.56277
-0.337886 -0.500925 2.66731
-0.36773 -0.578149 2.61143
-0.0894467 0.242896 2.46392
-0.0810801 -0.158025 2.55464
-0.0908723 -0.514335 2.66263
-0.0797908 -0.596836 2.59075
-0.146819 0.725828 2.33167
-0.403508 0.273945 1.8932
-0.392855 0.349022 1.9126
0.119859 0.235952 1.91588
0.125553 0.207991 1.94126
