-0.178875 -0.0303934 2.29417
-0.182829 0.263991 2.25185
-0.185205 0.548793 2.19793
-0.178916 0.691712 2.17985
-0.340363 0.452916 2.19597
-0.479487 0.307972 2.2526
-0.362162 0.169451 2.25349
-0.336504 0.134254 2.21423
-0.0135615 0.456556 2.23975
0.108308 0.310296 2.32201
0.00453247 0.163429 2.29258
-0.0139854 0.132329 2.24192
-0.250514 -0.0312947 2.25336
-0.265908 -0.316751 2.33625
-0.280383 -0.650549 2.40226
-0.29676 -0.724486 2.3274
-0.101726 -0.0285805 2.26496
-0.0871731 -0.313919 2.34988
-0.0729113 -0.642713 2.42228
-0.0416634 -0.73159 2.35242
-0.184819 0.478965 2.21347
-0.326333 0.0983635 2.19951
-0.302558 0.158094 2.15537
-0.0178411 0.0960858 2.23082
-0.0401577 0.15333 2.1842
-0.176598 -0.0304522 2.29518
-0.179624 0.263809 2.25282
-0.181098 0.548381 2.19867
-0.175091 0.690148 2.17881
-0.337429 0.453328 2.19687
-0.477732 0.308631 2.2553
-0.359169 0.171049 2.25472
-0.332161 0.137594 2.2163
-0.0120539 0.456554 2.24016
0.109374 0.310265 2.32258
0.0139743 0.157181 2.29914
-0.00907352 0.126988 2.24778
-0.248468 -0.0315346 2.25419
-0.264911 -0.315127 2.33646
-0.280195 -0.650529 2.40242
-0.2971 -0.724948 2.32564
-0.0990451 -0.0284253 2.26644
-0.0864938 -0.312292 2.34977
-0.0722338 -0.642058 2.42098
-0.0411189 -0.730853 2.35123
-0.18095 0.478628 2.21431
-0.322265 0.102074 2.20054
-0.299437 0.161142 2.15606
0.000979089 0.0677953 2.26333
-0.0330281 0.137416 2.19282
-0.174275 -0.030342 2.29581
-0.177481 0.263641 2.25385
-0.179189 0.547868 2.20007
-0.17131 0.689568 2.17982
-0.334832 0.453536 2.19849
-0.475377 0.311167 2.25857
-0.366803 0.166265 2.26447
-0.337618 0.13367 2.22399
-0.0100871 0.456426 2.23937
0.112155 0.309353 2.32202
0.0117332 0.159669 2.29697
-0.00828826 0.127732 2.24531
-0.246208 -0.0314015 2.25398
-0.264783 -0.31532 2.33681
-0.279802 -0.649223 2.40272
-0.296891 -0.723835 2.32714
-0.0968085 -0.0283689 2.26777
-0.085669 -0.313721 2.35094
-0.0716479 -0.641738 2.42071
-0.0410968 -0.730715 2.35203
-0.178982 0.47821 2.21562
-0.32859 0.0966842 2.20794
-0.30861 0.14948 2.17024
-0.0153455 0.0937462 2.22987
-0.0301853 0.148953 2.19068
-0.171841 -0.0341915 2.29266
-0.174511 0.258036 2.24909
-0.175753 0.540478 2.19328
-0.169038 0.682093 2.17423
-0.330558 0.446974 2.19308
-0.474155 0.308527 2.25819
-0.374412 0.157971 2.26786
-0.340322 0.124356 2.23731
-0.00731822 0.450697 2.23264
0.117043 0.306722 2.31716
0.0153314 0.157253 2.30393
-0.00864655 0.12735 2.26084
-0.244008 -0.0347057 2.25125
-0.265866 -0.339564 2.2697
-0.278351 -0.656243 2.39205
-0.296613 -0.727318 2.32148
-0.0943159 -0.0326431 2.26375
-0.080476 -0.345445 2.29676
-0.0734125 -0.650325 2.41158
-0.0405415 -0.731822 2.3452
-0.175651 0.471263 2.20938
-0.345462 0.0555819 2.23468
-0.302118 0.128057 2.17561
-0.0169264 0.0915035 2.23936
-0.0297865 0.146421 2.20367
-0.181445 -0.190437 2.30919
-0.174783 0.0858486 2.23176
-0.167037 0.353456 2.14106
-0.158655 0.484504 2.11129
-0.318188 0.266697 2.14983
-0.457508 0.119148 2.24442
-0.336103 -0.0120766 2.26296
-0.322302 -0.0531341 2.24005
-0.00651267 0.27378 2.18409
0.122215 0.137997 2.29199
0.0188949 -0.00199169 2.32686
-0.0117073 -0.0328331 2.28556
-0.256908 -0.186939 2.27092
-0.281705 -0.439094 2.16144
-0.277674 -0.680181 2.36298
-0.305229 -0.74807 2.30957
-0.100498 -0.188181 2.27766
-0.0765302 -0.44405 2.17993
-0.0818328 -0.678658 2.38548
-0.0339941 -0.738976 2.33379
-0.16916 0.287761 2.16605
-0.31118 -0.0962304 2.22404
-0.281766 -0.0191706 2.17128
-0.00703682 -0.0883289 2.28274
-0.034011 -0.00284279 2.239
-0.168535 -0.385944 2.36436
-0.162657 -0.11574 2.25698
-0.155845 0.148692 2.13667
-0.149256 0.286974 2.10833
-0.308361 0.0713777 2.15469
-0.448045 -0.0511098 2.25081
-0.333021 -0.172178 2.30759
-0.320436 -0.211133 2.27405
0.00291513 0.0696577 2.17756
0.155017 -0.0552162 2.27307
0.0305514 -0.169804 2.32132
0.00302006 -0.201195 2.29423
-0.246923 -0.379259 2.32753
-0.294179 -0.466505 2.0486
-0.294775 -0.732588 2.33675
-0.343266 -0.78258 2.27261
-0.0852098 -0.381478 2.33196
-0.0551617 -0.484567 2.05587
-0.0376674 -0.751791 2.32579
-0.0316674 -0.805838 2.21559
-0.157716 0.0834655 2.16906
-0.320126 -0.26453 2.25844
-0.284527 -0.177491 2.21758
0.0101186 -0.263201 2.2926
-0.0241939 -0.181052 2.23504
-0.162023 -0.416793 2.3613
-0.152679 -0.14676 2.2621
-0.142047 0.117876 2.15047
-0.131972 0.25702 2.12522
-0.296646 0.0422808 2.16456
-0.440274 -0.08326 2.2579
-0.359656 -0.222694 2.32604
-0.329515 -0.260102 2.28275
0.015948 0.0374103 2.18655
0.158463 -0.0992144 2.28649
0.0431103 -0.213585 2.35042
0.0127294 -0.239281 2.3068
-0.240114 -0.407746 2.3246
-0.292262 -0.483626 2.04295
-0.311096 -0.750041 2.31351
-0.347247 -0.784207 2.34253
-0.0791271 -0.413616 2.32898
-0.0505704 -0.501147 2.04673
-0.0304498 -0.766813 2.31782
0.0424538 -0.75211 2.3314
-0.144883 0.0525416 2.18067
-0.356693 -0.313413 2.28373
-0.31416 -0.27744 2.24295
0.0269536 -0.302656 2.30972
-0.00032495 -0.245422 2.25874
-0.168078 -0.280591 2.34423
-0.156116 -0.00366085 2.255
-0.143444 0.266983 2.1531
-0.131267 0.406687 2.13311
-0.297564 0.186042 2.16166
-0.445749 0.0508992 2.24322
-0.358562 -0.0949844 2.29248
-0.322807 -0.135579 2.257
0.0221396 0.180516 2.1931
0.158761 0.0399636 2.28343
0.0381822 -0.086572 2.31433
0.00803343 -0.12122 2.27786
-0.242388 -0.273118 2.30584
-0.300079 -0.432652 2.06901
-0.29785 -0.720711 2.31903
-0.286074 -0.772282 2.2068
-0.0887828 -0.279705 2.31304
-0.0490883 -0.441602 2.07262
-0.0459973 -0.731344 2.32052
-0.0377403 -0.782711 2.20808
-0.146741 0.200312 2.18083
-0.332092 -0.186389 2.2401
-0.291769 -0.14426 2.21036
0.00931796 -0.17503 2.26734
-0.0135005 -0.131405 2.22502
-0.176842 -0.110773 2.31922
-0.161537 0.18 2.23567
-0.145658 0.462 2.1398
-0.129531 0.60166 2.124
-0.300509 0.372309 2.14157
-0.452828 0.239637 2.20709
-0.353017 0.0955838 2.24307
-0.315723 0.0608379 2.21691
0.0214743 0.363538 2.17839
0.150298 0.226769 2.26642
0.0325113 0.0910416 2.27326
0.00714046 0.0565285 2.23489
-0.244582 -0.104352 2.27903
-0.278895 -0.352457 2.15611
-0.288085 -0.701129 2.32033
-0.275073 -0.751687 2.20718
-0.103669 -0.113544 2.28959
-0.0419733 -0.353512 2.15674
-0.0502016 -0.699111 2.32677
-0.0405213 -0.749654 2.21338
-0.149746 0.39281 2.16594
-0.313294 0.0217512 2.20682
-0.281265 0.0678822 2.16292
0.00594306 0.0117134 2.23121
-0.0156571 0.0744517 2.17427
-0.156244 -0.0234921 2.2628
-0.15114 0.265271 2.21344
-0.145325 0.545174 2.15469
-0.129949 0.68615 2.12873
-0.301234 0.452732 2.14991
-0.446025 0.31333 2.20354
-0.347985 0.16393 2.22594
-0.314983 0.128519 2.19051
0.0238295 0.449128 2.18789
0.148751 0.300109 2.26086
0.0326745 0.16233 2.26607
0.0110182 0.123948 2.21701
-0.226698 -0.0231147 2.22152
-0.25631 -0.316095 2.30997
-0.27874 -0.645846 2.39337
-0.298655 -0.725881 2.31878
-0.0810156 -0.0230764 2.23403
-0.0704451 -0.32587 2.29874
-0.0683922 -0.651138 2.40683
-0.0383721 -0.731654 2.3503
-0.146914 0.47659 2.17131
-0.31242 0.0889608 2.18037
-0.280882 0.147207 2.1367
0.00880788 0.079557 2.20888
-0.00799618 0.141791 2.16152
-0.160274 -0.021128 2.2666
-0.156514 0.269413 2.23277
-0.151949 0.55024 2.18924
-0.134296 0.691676 2.16768
-0.311122 0.455167 2.18274
-0.453199 0.314026 2.23577
-0.352665 0.162767 2.23279
-0.323959 0.13006 2.19718
0.0194831 0.449077 2.21693
0.142321 0.297528 2.2797
0.0298208 0.155908 2.26747
0.00127134 0.126775 2.21963
-0.230264 -0.0206262 2.22447
-0.259749 -0.317105 2.31554
-0.279037 -0.64514 2.39548
-0.297816 -0.724176 2.32198
-0.0854095 -0.0209595 2.23877
-0.0798195 -0.315932 2.3294
-0.0688309 -0.646506 2.41289
-0.0418508 -0.729314 2.35471
-0.153225 0.481429 2.20216
-0.321247 0.0925715 2.18593
-0.28752 0.151726 2.14053
-0.00631037 0.0908856 2.2012
-0.0168473 0.147167 2.16567
-0.161882 -0.0201711 2.27462
-0.15882 0.27193 2.24513
-0.155023 0.554369 2.20414
-0.139696 0.695098 2.18969
-0.31389 0.455154 2.19668
-0.451878 0.309629 2.24789
-0.347801 0.16099 2.24779
-0.322336 0.126644 2.2067
0.0183929 0.450284 2.22995
0.137639 0.298727 2.29513
0.0260036 0.156507 2.28032
0.00377945 0.124461 2.22769
-0.231785 -0.019684 2.23241
-0.260474 -0.3221 2.32121
-0.278732 -0.647046 2.39718
-0.297287 -0.724651 2.32518
-0.0870059 -0.0200804 2.24688
-0.0791864 -0.316426 2.33603
-0.0690793 -0.644842 2.41555
-0.0406727 -0.729581 2.35027
-0.156111 0.485146 2.21648
-0.319823 0.0867514 2.19473
-0.285253 0.151057 2.14925
0.000481128 0.0839334 2.21629
-0.016716 0.149746 2.17453
-0.161361 -0.0281554 2.27142
-0.158534 0.258115 2.23194
-0.154869 0.534779 2.17939
-0.142866 0.675751 2.15881
-0.313622 0.443827 2.18565
-0.454953 0.30606 2.2477
-0.356766 0.155075 2.26096
-0.329353 0.121347 2.22806
0.0117801 0.44043 2.20958
0.138323 0.292261 2.2844
0.0282495 0.149292 2.26124
-0.00587491 0.112953 2.23242
-0.231924 -0.0282509 2.22928
-0.262952 -0.346753 2.25494
-0.27801 -0.655339 2.38861
-0.298896 -0.727522 2.32376
-0.0858753 -0.027259 2.24351
-0.0736482 -0.349584 2.26594
-0.0729389 -0.654601 2.40982
-0.0400319 -0.731509 2.3442
-0.155937 0.466984 2.19471
-0.32 0.0828466 2.20695
-0.290909 0.125872 2.16556
-0.017697 0.0486976 2.20383
-0.0405828 0.138076 2.16563
-0.16897 -0.208486 2.28622
-0.165516 0.0627442 2.21782
-0.161093 0.32559 2.13641
-0.155833 0.462015 2.10429
-0.316638 0.248108 2.14963
-0.44591 0.102092 2.24689
-0.366476 -0.0495533 2.29306
-0.330271 -0.0925564 2.25
0.00125376 0.249004 2.17237
0.137127 0.107253 2.2656
0.00954301 -0.0151454 2.28845
-0.00870384 -0.0503026 2.25756
-0.243388 -0.20513 2.24755
-0.274815 -0.456958 2.14081
-0.278701 -0.684678 2.35902
-0.30953 -0.751165 2.30597
-0.0894002 -0.20551 2.25516
-0.0725287 -0.457726 2.1425
-0.0789291 -0.687785 2.37811
-0.0248554 -0.745284 2.33559
-0.162368 0.261058 2.15906
-0.327847 -0.136271 2.23409
-0.306535 -0.0546945 2.21941
-0.0195202 -0.106105 2.22554
-0.0393888 -0.0206962 2.19446
-0.17011 -0.383218 2.35027
-0.164484 -0.11696 2.25297
-0.157795 0.143435 2.14282
-0.149888 0.280742 2.11078
-0.310596 0.0745301 2.16119
-0.442807 -0.0572608 2.26558
-0.359917 -0.197542 2.3302
-0.330754 -0.235785 2.28213
0.00518782 0.0673781 2.17789
0.157148 -0.0669038 2.26614
0.0448232 -0.195433 2.30966
0.00345243 -0.220712 2.28735
-0.246759 -0.375154 2.31255
-0.295795 -0.475832 2.03932
-0.314726 -0.749645 2.30282
-0.306954 -0.80239 2.19171
-0.088456 -0.380089 2.31878
-0.0649946 -0.492719 2.04635
-0.0524749 -0.771629 2.30501
-0.0483737 -0.824018 2.19373
-0.159649 0.0792105 2.17267
-0.321417 -0.279443 2.26828
-0.300757 -0.197412 2.25107
0.00550883 -0.275094 2.27103
-0.0261323 -0.192435 2.23152
-0.172503 -0.418035 2.34737
-0.166007 -0.14916 2.25741
-0.158926 0.113583 2.15509
-0.149109 0.249471 2.12424
-0.310135 0.0390626 2.1715
-0.445439 -0.0933528 2.27879
-0.359821 -0.233554 2.34023
-0.330954 -0.264932 2.28695
0.00482024 0.0324701 2.18582
0.156246 -0.0992805 2.2681
0.0457264 -0.221638 2.32655
0.00481259 -0.248628 2.29182
-0.248987 -0.408928 2.3096
-0.309931 -0.49361 2.03308
-0.315478 -0.757821 2.30629
-0.308219 -0.809309 2.19427
-0.09094 -0.414925 2.31614
-0.0671071 -0.513439 2.03769
-0.0578052 -0.791844 2.29682
0.011285 -0.751298 2.30766
-0.16083 0.0487306 2.1829
-0.347841 -0.31076 2.28688
-0.308753 -0.238781 2.26021
0.0111983 -0.310653 2.27902
-0.0191061 -0.233112 2.24684
-0.179899 -0.294415 2.37334
-0.170956 -0.0312451 2.25741
-0.161013 0.226008 2.12886
-0.149623 0.364478 2.10068
-0.312383 0.146994 2.14315
-0.448343 0.0154468 2.24811
-0.373098 -0.122722 2.32409
-0.33523 -0.156606 2.28495
0.000436508 0.138057 2.1684
0.142743 0.0167545 2.26269
0.0301176 -0.0975716 2.33145
-0.00447439 -0.127686 2.29838
-0.254782 -0.28683 2.33603
-0.291187 -0.436166 2.08673
-0.279409 -0.702444 2.34901
-0.32167 -0.760577 2.29085
-0.0997356 -0.293362 2.34117
-0.0719215 -0.442467 2.08962
-0.0669384 -0.701705 2.35134
-0.0177127 -0.759751 2.33995
-0.163675 0.162624 2.16328
-0.35887 -0.202628 2.27615
-0.309578 -0.130033 2.2577
-0.00155441 -0.187527 2.28672
-0.0271157 -0.111286 2.24656
-0.180031 -0.119347 2.34386
-0.167928 0.168398 2.25721
-0.155313 0.448555 2.15899
-0.147467 0.589693 2.14068
-0.313593 0.35353 2.16242
-0.456145 0.211246 2.23669
-0.377469 0.0635979 2.29453
-0.333828 0.0240763 2.25217
0.00629207 0.34234 2.19404
0.140559 0.213259 2.28244
0.0223161 0.0810985 2.30459
-0.00519503 0.0445692 2.27083
-0.247966 -0.114642 2.30324
-0.277533 -0.357728 2.16578
-0.282521 -0.711882 2.31909
-0.318356 -0.760741 2.33503
-0.106657 -0.12025 2.31452
-0.0567869 -0.358652 2.17197
-0.0616565 -0.708956 2.33301
-0.0232207 -0.752238 2.35637
-0.158597 0.379743 2.18566
-0.345337 -0.028423 2.24457
-0.308328 0.0147298 2.21594
-0.00412358 -0.00366658 2.26112
-0.0286139 0.0630843 2.21408
-0.162961 -0.0135104 2.28307
-0.161359 0.275712 2.24375
-0.159049 0.55571 2.19283
-0.147602 0.695275 2.18005
-0.313784 0.45574 2.18372
-0.456571 0.310451 2.23662
-0.352208 0.165265 2.25844
-0.32102 0.126851 2.21769
0.0105039 0.454537 2.2176
0.136184 0.300134 2.28528
0.0288196 0.155472 2.29005
0.00910978 0.118989 2.24134
-0.232142 -0.0132593 2.24201
-0.257381 -0.324993 2.30861
-0.273207 -0.654715 2.39277
-0.298854 -0.728169 2.32822
-0.088749 -0.0132489 2.25413
-0.0780432 -0.32383 2.3205
-0.0731048 -0.652738 2.40949
-0.0407122 -0.729869 2.3443
-0.159771 0.487074 2.20763
-0.314239 0.0894829 2.20308
-0.287604 0.137924 2.16464
0.0102746 0.072088 2.23076
-0.00783488 0.139398 2.20161
-0.157755 -0.0126235 2.28328
-0.158799 0.277775 2.25068
-0.158624 0.558808 2.20837
-0.146315 0.698228 2.19475
-0.31423 0.450183 2.19256
-0.454114 0.309741 2.24141
-0.347574 0.163191 2.24554
-0.318186 0.128621 2.20394
0.0107923 0.455597 2.22656
0.139331 0.303677 2.29007
0.0302944 0.159433 2.28348
0.00794105 0.125489 2.23437
-0.226597 -0.0139697 2.24191
-0.256757 -0.325235 2.32681
-0.273219 -0.649129 2.39802
-0.29901 -0.727844 2.3269
-0.0839281 -0.0109144 2.25451
-0.0748806 -0.314975 2.34547
-0.0705646 -0.646729 2.41933
-0.0414146 -0.731287 2.35412
-0.158725 0.489934 2.22089
-0.314973 0.0898823 2.19265
-0.28311 0.150301 2.15254
0.00614949 0.0844621 2.2207
-0.0114884 0.14037 2.18353
-0.157018 -0.0130348 2.27895
-0.157356 0.277423 2.24765
-0.156122 0.558048 2.20451
-0.143201 0.697921 2.19195
-0.312843 0.451097 2.19016
-0.453991 0.311292 2.23967
-0.34864 0.1633 2.23585
-0.316977 0.130823 2.20393
0.0114939 0.454006 2.22318
0.138884 0.30262 2.29239
0.0291941 0.158828 2.28185
0.0107065 0.123306 2.23134
-0.225965 -0.014362 2.23739
-0.256904 -0.323478 2.3238
-0.272419 -0.646634 2.39808
-0.300023 -0.72731 2.33186
-0.0831945 -0.0113429 2.25035
-0.0750041 -0.315657 2.34308
-0.0688254 -0.643957 2.41847
-0.0412992 -0.731388 2.356
-0.156609 0.489308 2.21741
-0.315601 0.0685478 2.19294
-0.276547 0.146877 2.14649
0.0106078 0.0800688 2.22001
-0.009053 0.143592 2.1789
-0.161581 -0.0652184 2.26589
-0.156005 0.216089 2.2229
-0.149531 0.488222 2.16768
-0.13885 0.627261 2.1431
-0.306288 0.395792 2.16855
-0.446004 0.249012 2.23752
-0.350835 0.100022 2.26697
-0.319917 0.0640714 2.22986
0.0135722 0.397883 2.20117
0.13734 0.244113 2.28097
0.0320063 0.0975279 2.2761
0.00170207 0.0689007 2.24069
-0.232271 -0.0635344 2.22429
-0.268174 -0.375112 2.20881
-0.276148 -0.667122 2.37915
-0.302369 -0.734895 2.32253
-0.0859051 -0.0649226 2.23744
-0.07284 -0.384678 2.22575
-0.0744087 -0.663556 2.39833
-0.0390425 -0.732413 2.34247
-0.151297 0.421508 2.18365
-0.317442 0.019412 2.21337
-0.287213 0.0807493 2.18354
0.00118822 0.0276867 2.22542
-0.0246507 0.0876001 2.18332
-0.172446 -0.302331 2.33995
-0.16542 -0.0360079 2.24357
-0.157269 0.226284 2.1364
-0.146473 0.36598 2.09946
-0.308267 0.145206 2.15123
-0.444979 0.0176242 2.24345
-0.345982 -0.108825 2.31398
-0.327556 -0.146924 2.27399
0.00616307 0.145699 2.17569
0.144304 0.00964642 2.26853
0.0289375 -0.120395 2.30224
-0.00010262 -0.149546 2.27471
-0.246726 -0.295132 2.30229
-0.283937 -0.454458 2.06057
-0.276766 -0.699388 2.34526
-0.319011 -0.760133 2.29526
-0.0930231 -0.300652 2.30823
-0.0625739 -0.461077 2.0654
-0.0607715 -0.70949 2.35328
-0.00303428 -0.76302 2.33218
-0.15952 0.161535 2.16534
-0.336441 -0.204759 2.26414
-0.291043 -0.108078 2.22667
0.00344549 -0.207398 2.26728
-0.0273833 -0.126514 2.21696
-0.157878 -0.441489 2.3512
-0.156207 -0.179527 2.25496
-0.153539 0.0772289 2.14571
-0.143681 0.215115 2.11663
-0.305005 -0.00329445 2.15835
-0.446554 -0.132959 2.2468
-0.350252 -0.260763 2.31704
-0.319678 -0.29882 2.29305
0.0089477 -0.000871107 2.18052
0.158717 -0.130577 2.27878
0.0424856 -0.256311 2.31973
0.00843137 -0.283505 2.29573
-0.234308 -0.43409 2.31453
-0.297698 -0.497106 2.0319
-0.309696 -0.752054 2.32215
-0.370111 -0.796413 2.30408
-0.0768092 -0.435993 2.31899
-0.0541383 -0.520812 2.03533
-0.0344752 -0.784963 2.30763
0.0388523 -0.750787 2.31465
-0.154384 0.0138138 2.17536
-0.330015 -0.353369 2.28039
-0.288678 -0.30081 2.24409
0.0105102 -0.341754 2.27919
-0.0201292 -0.256835 2.23904
-0.168511 -0.397028 2.3609
-0.161384 -0.140421 2.25462
-0.153516 0.112373 2.13571
-0.140743 0.251645 2.10842
-0.30458 0.0391872 2.15105
-0.44694 -0.094309 2.25321
-0.366146 -0.227096 2.33159
-0.332292 -0.260227 2.29641
0.00747651 0.031066 2.17106
0.151145 -0.0958014 2.26995
0.0309798 -0.208155 2.3293
-0.000147635 -0.236571 2.29862
-0.24318 -0.388487 2.32437
-0.300954 -0.478455 2.04886
-0.296529 -0.736664 2.32762
-0.351088 -0.787445 2.31027
-0.088915 -0.393922 2.32835
-0.0647992 -0.498495 2.05237
-0.0498909 -0.76741 2.32065
0.0262346 -0.747283 2.32838
-0.155637 0.0498455 2.1678
-0.369851 -0.317865 2.30122
-0.309524 -0.273395 2.25145
0.0108416 -0.300011 2.29583
-0.0256812 -0.232037 2.24278
-0.174056 -0.225682 2.36462
-0.169927 0.0341406 2.24452
-0.164782 0.287856 2.11225
-0.153652 0.421634 2.08372
-0.313166 0.206019 2.12261
-0.452062 0.0637067 2.21212
-0.3726 -0.0578611 2.30713
-0.331784 -0.0949092 2.2811
0.000888597 0.205346 2.15751
0.141169 0.0924296 2.27048
0.0291373 -0.0313246 2.32572
-0.00129922 -0.0695495 2.29202
-0.245416 -0.220719 2.32894
-0.283676 -0.40503 2.1084
-0.279366 -0.68669 2.34315
-0.31415 -0.753229 2.30026
-0.0975048 -0.223892 2.33063
-0.0606843 -0.4139 2.11453
-0.0676712 -0.679227 2.35323
-0.0238708 -0.743987 2.32695
-0.166253 0.225412 2.14754
-0.358575 -0.149354 2.28505
-0.306649 -0.113926 2.2417
0.00424683 -0.128449 2.28876
-0.01891 -0.0920918 2.24588
-0.166377 -0.0537933 2.34819
-0.164279 0.219114 2.2403
-0.161116 0.484632 2.12044
-0.154392 0.623 2.10688
-0.310975 0.388161 2.12304
-0.456219 0.244415 2.19581
-0.376955 0.108305 2.27368
-0.324743 0.0739075 2.25074
0.00302164 0.395431 2.16532
0.137908 0.272145 2.27886
0.0297069 0.132927 2.30676
0.00392251 0.094595 2.26975
-0.235224 -0.052598 2.3123
-0.268479 -0.312049 2.23005
-0.281359 -0.678442 2.35503
-0.303401 -0.750766 2.31615
-0.0926038 -0.0532904 2.31411
-0.0569317 -0.314226 2.23858
-0.0595539 -0.675056 2.37776
-0.0279674 -0.745949 2.34201
-0.162057 0.419447 2.15254
-0.329768 0.024404 2.24515
-0.303429 0.106868 2.22313
0.00244155 0.0490617 2.26228
-0.0179527 0.119064 2.20775
-0.16306 -0.00490083 2.30359
-0.161124 0.275886 2.23531
-0.157473 0.548353 2.15967
-0.150046 0.687087 2.14301
-0.310014 0.450416 2.1537
-0.460674 0.30997 2.21432
-0.355467 0.172097 2.25747
-0.323716 0.137909 2.23664
0.00960157 0.455398 2.19803
0.13084 0.310563 2.29642
0.0324046 0.160342 2.3062
0.00535905 0.124956 2.25854
-0.230775 -0.00430337 2.26413
-0.258447 -0.320241 2.32795
-0.27291 -0.651977 2.39515
-0.300518 -0.728197 2.32628
-0.0903688 -0.00524372 2.27286
-0.0724003 -0.315599 2.3438
-0.0707753 -0.652675 2.41679
-0.0384853 -0.732425 2.35132
-0.158619 0.481667 2.18042
-0.313121 0.095388 2.22028
-0.287381 0.161866 2.1728
0.0023642 0.0847446 2.24902
-0.0121171 0.1554 2.2015
