-0.151874 0.0166492 2.23863
-0.169635 0.310265 2.20173
-0.186359 0.593905 2.15305
-0.188285 0.735679 2.11736
-0.340986 0.459503 2.14489
-0.371086 0.200369 2.17806
-0.418435 -0.0124648 2.15527
-0.420943 -0.0684661 2.15438
-0.0159712 0.478697 2.16072
0.0468958 0.233957 2.19923
0.121062 0.0291228 2.16764
0.115973 0.00867095 2.16501
-0.221904 0.0109243 2.20189
-0.2321 -0.274745 2.29112
-0.239417 -0.55194 2.37096
-0.228763 -0.606728 2.24904
-0.0771959 0.0218523 2.20626
-0.0341331 -0.254849 2.29805
-0.0143049 -0.534254 2.38013
-0.00674257 -0.589266 2.258
-0.182323 0.524427 2.16722
-0.42317 -0.124959 2.17763
-0.394067 -0.0648535 2.12038
0.1293 -0.0750692 2.17857
0.0983897 -0.0110331 2.12715
-0.151765 0.0166206 2.23821
-0.169774 0.310209 2.20151
-0.186708 0.593781 2.15294
-0.188725 0.736245 2.11758
-0.341651 0.459541 2.14454
-0.372363 0.200109 2.17751
-0.422341 -0.0120266 2.15357
-0.423484 -0.0679418 2.15438
-0.0162567 0.47852 2.16038
0.0468932 0.234027 2.19883
0.121991 0.0296776 2.16589
0.114822 0.00944402 2.16148
-0.221851 0.0107984 2.20146
-0.232027 -0.274507 2.29074
-0.239261 -0.552128 2.37101
-0.228615 -0.606905 2.24909
-0.0770365 0.0219153 2.2059
-0.0337812 -0.255078 2.29793
-0.0144019 -0.534497 2.37999
-0.00684363 -0.589496 2.25785
-0.182621 0.524328 2.16709
-0.425687 -0.122988 2.17306
-0.395772 -0.0705554 2.12297
0.127572 -0.0680063 2.17086
0.100826 -0.0186029 2.12082
-0.151431 0.0167051 2.23754
-0.169912 0.310243 2.20122
-0.18732 0.593797 2.15287
-0.189145 0.736339 2.11791
-0.34231 0.459507 2.14407
-0.372955 0.200337 2.17693
-0.422443 -0.0119543 2.15356
-0.42091 -0.0681724 2.15555
-0.0162774 0.478895 2.16022
0.0466599 0.234303 2.19833
0.121729 0.0299629 2.16519
0.113125 0.00717967 2.16159
-0.221611 0.0107674 2.20096
-0.23186 -0.274115 2.2904
-0.239128 -0.551951 2.37085
-0.228392 -0.606706 2.24892
-0.0766066 0.0221425 2.2051
-0.033671 -0.255465 2.29743
-0.0145527 -0.534237 2.37987
-0.00690062 -0.589215 2.25772
-0.183094 0.524347 2.16696
-0.422062 -0.12478 2.18052
-0.39374 -0.0711994 2.12727
0.12418 -0.0739571 2.171
0.0986726 -0.0145965 2.12414
-0.151531 0.0164578 2.23609
-0.170509 0.310281 2.20039
-0.188362 0.594065 2.15255
-0.189332 0.736074 2.11752
-0.342599 0.459307 2.14329
-0.373413 0.199895 2.17588
-0.421701 -0.0127175 2.15313
-0.417575 -0.0695298 2.15376
-0.0169353 0.478951 2.15933
0.0459806 0.23466 2.19736
0.121155 0.0303621 2.16415
0.111088 0.00765691 2.15987
-0.2217 0.0104304 2.19944
-0.231883 -0.274314 2.28983
-0.239115 -0.552247 2.37081
-0.228409 -0.606964 2.24885
-0.0766991 0.0219801 2.20378
-0.0335811 -0.25649 2.297
-0.0150101 -0.535501 2.38016
-0.00738234 -0.590429 2.25798
-0.184033 0.524551 2.16653
-0.417976 -0.125225 2.17473
-0.392214 -0.0699186 2.12565
0.122712 -0.0746975 2.16757
0.0923717 -0.00755202 2.1222
-0.151587 0.016411 2.23528
-0.170933 0.310285 2.19972
-0.189182 0.594135 2.15213
-0.189983 0.73658 2.11741
-0.342891 0.45898 2.14228
-0.373445 0.199771 2.17532
-0.421157 -0.0129893 2.15278
-0.418722 -0.069024 2.15488
-0.0171865 0.479056 2.15893
0.0454459 0.234704 2.19727
0.120884 0.0305399 2.16373
0.111085 0.0071243 2.16122
-0.221838 0.0103305 2.19853
-0.231901 -0.274343 2.28968
-0.239217 -0.551966 2.37078
-0.228314 -0.606663 2.24882
-0.0766826 0.0219781 2.2031
-0.0341001 -0.256137 2.29657
-0.0150175 -0.535038 2.38017
-0.0071936 -0.589949 2.25799
-0.184771 0.524604 2.16605
-0.418601 -0.124604 2.17135
-0.39079 -0.0704132 2.12564
0.121847 -0.0740928 2.17486
0.0960691 -0.0108767 2.1218
-0.151696 0.0162794 2.2351
-0.170951 0.310122 2.19914
-0.188798 0.594 2.15088
-0.189252 0.7361 2.11626
-0.342702 0.458822 2.14148
-0.373447 0.199846 2.17494
-0.42038 -0.0130824 2.15216
-0.420251 -0.0683962 2.1537
-0.0169968 0.478681 2.15786
0.0453741 0.23418 2.19694
0.120941 0.0300306 2.16372
0.112142 0.00711098 2.16517
-0.221933 0.0102527 2.19828
-0.232158 -0.274411 2.28929
-0.23949 -0.551384 2.37072
-0.228668 -0.606126 2.24878
-0.0768011 0.0217743 2.20297
-0.0339339 -0.256644 2.29636
-0.0150065 -0.534891 2.37988
-0.00726818 -0.58984 2.25773
-0.184541 0.524455 2.16502
-0.424521 -0.125405 2.17797
-0.392021 -0.0698715 2.12572
0.124571 -0.0741711 2.17765
0.0960271 -0.0111772 2.12666
-0.152039 0.016225 2.2351
-0.17004 0.310039 2.19826
-0.184005 0.593868 2.14786
-0.179698 0.736131 2.11051
-0.338582 0.459813 2.13803
-0.373548 0.202067 2.17347
-0.421181 -0.0107549 2.15148
-0.42377 -0.0653691 2.15496
-0.0149056 0.478015 2.15716
0.0449454 0.232401 2.19769
0.121698 0.0287257 2.16429
0.117236 -0.0262151 2.16944
-0.222292 0.0104017 2.19803
-0.233217 -0.273235 2.28791
-0.239816 -0.550699 2.37055
-0.228096 -0.605501 2.24873
-0.0773157 0.0214319 2.20336
-0.0359642 -0.259457 2.29673
-0.0161294 -0.537774 2.38045
-0.00748191 -0.592739 2.25841
-0.180957 0.52434 2.16262
-0.427368 -0.119415 2.17735
-0.394599 -0.0617053 2.13381
0.129516 -0.0841589 2.18232
0.100696 -0.0363896 2.12756
-0.154128 0.0173529 2.23673
-0.163433 0.311352 2.19585
-0.162914 0.595166 2.13878
-0.142008 0.735044 2.10067
-0.31925 0.469407 2.1277
-0.376062 0.210134 2.16982
-0.426193 -0.00230857 2.15218
-0.433625 -0.0205971 2.1525
-0.00191256 0.472225 2.15559
0.0442825 0.224893 2.2007
0.120018 0.0200969 2.17596
0.11606 -0.0120297 2.18255
-0.224204 0.0133588 2.19741
-0.239632 -0.262999 2.28252
-0.240361 -0.550411 2.37055
-0.225981 -0.605497 2.24921
-0.0803428 0.0208267 2.20861
-0.0393447 -0.262802 2.29991
-0.0165452 -0.538274 2.38073
-0.00523971 -0.593512 2.25919
-0.163481 0.525735 2.15525
-0.439918 -0.0925066 2.17423
-0.400879 -0.0460926 2.13267
0.13343 -0.0925068 2.18532
0.104049 -0.036729 2.14789
-0.155983 0.0174266 2.24085
-0.151818 0.310162 2.19418
-0.135628 0.592183 2.12999
-0.101347 0.728839 2.09428
-0.293853 0.475962 2.11603
-0.380548 0.218923 2.16781
-0.444985 0.0105951 2.14738
-0.447915 0.00149882 2.14682
0.0202927 0.457233 2.15875
0.0450932 0.215033 2.2036
0.114531 0.0076013 2.19144
0.112612 -0.0274285 2.19648
-0.225157 0.015167 2.19839
-0.243147 -0.261005 2.28288
-0.241733 -0.549984 2.37108
-0.223274 -0.605535 2.25067
-0.0828972 0.0177236 2.21709
-0.0426332 -0.268874 2.3031
-0.0178652 -0.538195 2.38162
-0.0024805 -0.593895 2.26101
-0.139984 0.523157 2.14831
-0.462359 -0.0690773 2.16652
-0.412106 -0.0214644 2.1377
0.129916 -0.106333 2.19773
0.0918383 -0.0394371 2.18808
-0.157092 0.014143 2.24811
-0.133444 0.304441 2.19461
-0.100191 0.584635 2.12436
-0.053404 0.716886 2.09208
-0.264678 0.47631 2.10387
-0.38474 0.231343 2.16009
-0.464034 0.0283835 2.1383
-0.464717 0.0283855 2.1425
0.0436127 0.436608 2.1637
0.0494488 0.19788 2.20688
0.10353 -0.0137882 2.20543
0.106701 -0.0586453 2.21345
-0.225454 0.0154797 2.20035
-0.247971 -0.257568 2.28357
-0.244073 -0.549445 2.37212
-0.221245 -0.605739 2.2531
-0.0845261 0.0101208 2.22912
-0.046839 -0.272784 2.30621
-0.0197147 -0.540127 2.38327
3.26596e-005 -0.596538 2.26406
-0.108666 0.515972 2.14417
-0.487337 -0.039921 2.1642
-0.434714 0.0115964 2.12518
0.124629 -0.135553 2.22145
0.0988195 -0.114917 2.17429
-0.149626 0.00570676 2.2586
-0.103962 0.293969 2.1979
-0.053246 0.572871 2.12228
0.0105244 0.694451 2.09466
-0.221005 0.469921 2.09118
-0.385263 0.251877 2.14189
-0.477602 0.054307 2.12661
-0.478713 0.0605024 2.12274
0.0649424 0.409761 2.16993
0.0559225 0.177449 2.2142
0.0947607 -0.0371265 2.21818
0.0957393 -0.113717 2.23051
-0.218496 0.0112734 2.20602
-0.249735 -0.250539 2.28471
-0.246164 -0.548463 2.37384
-0.217985 -0.60583 2.257
-0.0768776 -0.000778075 2.24306
-0.0496547 -0.27336 2.31098
-0.0204633 -0.539955 2.38459
0.00461927 -0.597428 2.26755
-0.0660761 0.504546 2.1434
-0.504386 -0.00686896 2.14276
-0.44372 0.0518745 2.12788
0.108992 -0.194891 2.25354
0.0850715 -0.131758 2.19294
-0.145665 -0.000737921 2.26659
-0.0860975 0.285968 2.20279
-0.0225556 0.563257 2.12472
0.0483201 0.679061 2.10289
-0.200665 0.464193 2.08978
-0.381324 0.261738 2.1317
-0.483951 0.0694852 2.11296
-0.494602 0.0517892 2.11014
0.0818033 0.393956 2.17551
0.0562148 0.177765 2.21433
0.0795533 -0.0387416 2.22241
0.0845807 -0.118625 2.23775
-0.213714 0.00570941 2.21136
-0.249606 -0.248913 2.28787
-0.247485 -0.549365 2.37568
-0.218182 -0.607492 2.25977
-0.0736809 -0.00738701 2.25347
-0.0586794 -0.258217 2.31337
-0.0206771 -0.541486 2.38716
0.00551673 -0.599712 2.27106
-0.0384647 0.495306 2.14646
-0.519274 0.0164091 2.12764
-0.455705 0.0441759 2.09757
0.0909317 -0.208282 2.26504
0.076034 -0.143084 2.19946
-0.143505 -0.00649683 2.27284
-0.073776 0.278967 2.20673
-0.00026629 0.554737 2.12703
0.0741706 0.669981 2.11296
-0.16831 0.458771 2.08842
-0.370431 0.273292 2.12619
-0.483143 0.0869483 2.10478
-0.489704 0.066084 2.10382
0.0988877 0.367202 2.17776
0.0551546 0.157876 2.21938
0.0765176 -0.0592479 2.22055
0.0799811 -0.139966 2.24062
-0.211132 0.00249752 2.21683
-0.250585 -0.253333 2.29338
-0.248051 -0.549671 2.37664
-0.218406 -0.608417 2.26133
-0.0718867 -0.0158488 2.26025
-0.0574143 -0.258168 2.3138
-0.0208428 -0.542215 2.38795
0.00568893 -0.601053 2.27244
-0.0186643 0.487149 2.14917
-0.518534 0.0291376 2.12464
-0.455974 0.0563292 2.0785
0.0847511 -0.239354 2.26602
0.0705638 -0.174477 2.20082
-0.143049 -0.0106479 2.27749
-0.0633608 0.271729 2.20963
0.0193904 0.54427 2.12804
0.0996804 0.655019 2.11545
-0.149942 0.45491 2.08964
-0.36092 0.282485 2.1269
-0.481318 0.10135 2.10119
-0.4856 0.0785198 2.11307
0.104042 0.358324 2.17766
0.0645338 0.111095 2.21994
0.0772838 -0.106132 2.22594
0.0812204 -0.172709 2.23975
-0.209928 0.00043129 2.22261
-0.25 -0.257862 2.29728
-0.248463 -0.553148 2.3791
-0.219223 -0.6125 2.26419
-0.0721208 -0.0220819 2.26395
-0.0549212 -0.262334 2.31473
-0.0209471 -0.543094 2.38837
0.00517961 -0.602566 2.27325
-0.00119818 0.477481 2.15065
-0.512804 0.0355736 2.13908
-0.449951 0.0700251 2.09487
0.0912276 -0.249409 2.27301
0.0722508 -0.199261 2.20245
-0.140003 -0.0128536 2.28164
-0.051171 0.267343 2.2116
0.0385792 0.538064 2.12777
0.128727 0.641108 2.11835
-0.140109 0.454429 2.0902
-0.350166 0.294638 2.1303
-0.480933 0.120952 2.10416
-0.488556 0.0972137 2.12145
0.107751 0.363322 2.17535
0.0682637 0.113671 2.21482
0.0787784 -0.103098 2.22702
0.0783922 -0.164317 2.24347
-0.207069 0.000604517 2.22568
-0.246994 -0.259995 2.30101
-0.248159 -0.553612 2.37907
-0.219598 -0.613566 2.26445
-0.0687817 -0.0268095 2.26929
-0.0396455 -0.265816 2.3202
-0.0205774 -0.541719 2.38964
0.00487006 -0.601821 2.27481
0.0163545 0.471737 2.15091
-0.523069 0.0541943 2.15284
-0.457444 0.0775227 2.095
0.0877628 -0.243539 2.2638
0.067834 -0.184074 2.20596
-0.138099 -0.0152959 2.28475
-0.0466553 0.264709 2.21239
0.0447917 0.535309 2.12674
0.130374 0.640592 2.11955
-0.128367 0.453098 2.09139
-0.346379 0.298696 2.12999
-0.479215 0.126339 2.10699
-0.484219 0.100627 2.12436
0.116574 0.351322 2.17502
0.0705213 0.103968 2.21539
0.0768284 -0.112826 2.22841
0.0819763 -0.168008 2.24977
-0.204657 -0.000542121 2.22956
-0.244415 -0.262719 2.30344
-0.247849 -0.55358 2.37903
-0.220733 -0.613805 2.2642
-0.0672655 -0.030264 2.27158
-0.0351903 -0.269093 2.32185
-0.0196261 -0.540631 2.39114
0.0043676 -0.601022 2.2761
0.0221663 0.469009 2.15034
-0.513535 0.0591205 2.14625
-0.450062 0.0869481 2.10754
0.0912011 -0.244769 2.27385
0.069843 -0.19548 2.21216
-0.135695 -0.0163709 2.28636
-0.0437763 0.263024 2.21252
0.04741 0.533128 2.12589
0.133023 0.637992 2.11744
-0.125393 0.45257 2.09166
-0.344384 0.299824 2.13058
-0.4778 0.127851 2.10851
-0.482726 0.0990809 2.12183
0.120681 0.34583 2.17435
0.0724816 0.103183 2.2164
0.0836155 -0.112205 2.23818
0.0895957 -0.167858 2.2561
-0.202121 -9.75254e-005 2.23239
-0.242185 -0.263619 2.3037
-0.246808 -0.55364 2.3783
-0.220669 -0.61399 2.26331
-0.064757 -0.0327255 2.27207
-0.0303223 -0.270216 2.32479
-0.0188048 -0.540164 2.39057
0.00421288 -0.600688 2.27537
0.0248574 0.46696 2.14971
-0.512565 0.0529149 2.14785
-0.455988 0.0823917 2.09157
0.0965534 -0.244169 2.27457
0.0726336 -0.201804 2.21342
-0.132144 -0.015707 2.2873
-0.0435682 0.263636 2.21218
0.0434618 0.535284 2.12364
0.119678 0.646931 2.11546
-0.126666 0.453057 2.09172
-0.345349 0.289301 2.13462
-0.45629 0.102145 2.13942
-0.473967 0.0864792 2.13054
0.121423 0.34639 2.1736
0.0772486 0.10503 2.21954
0.0957636 -0.109227 2.24498
0.0967743 -0.177988 2.25717
-0.198642 0.00103001 2.23465
-0.237298 -0.26428 2.30099
-0.246211 -0.554743 2.3776
-0.220546 -0.615123 2.26253
-0.0611698 -0.0322674 2.27162
-0.0361494 -0.268992 2.32896
-0.0181139 -0.538926 2.39054
0.00442748 -0.599513 2.27525
0.0224779 0.46863 2.14811
-0.505938 0.0385886 2.16204
-0.440751 0.0639686 2.11142
0.111453 -0.249632 2.29231
0.0837618 -0.198363 2.21691
-0.125216 -0.00856098 2.28716
-0.0523159 0.275548 2.20937
0.0123257 0.552548 2.11856
0.0742964 0.671254 2.10341
-0.153553 0.460194 2.09419
-0.346979 0.263953 2.14432
-0.453565 0.073743 2.13821
-0.447611 0.0768899 2.13973
0.113917 0.38081 2.16535
0.083941 0.111557 2.22517
0.0982118 -0.104933 2.23761
0.119186 -0.115729 2.23948
-0.193417 0.0036348 2.23565
-0.228604 -0.255923 2.28947
-0.243761 -0.554562 2.37502
-0.220229 -0.61446 2.25901
-0.0527895 -0.0194288 2.26977
-0.0392772 -0.257957 2.32581
-0.0170812 -0.539554 2.39026
0.00334298 -0.599657 2.27404
-0.00323961 0.484871 2.14337
-0.484023 0.00431824 2.15391
-0.419509 0.0491186 2.13156
0.134741 -0.200491 2.26133
0.108683 -0.134571 2.19912
-0.122114 -0.00103984 2.28333
-0.0653038 0.286304 2.2054
-0.0179907 0.565213 2.11605
0.0322381 0.689583 2.09685
-0.183062 0.469306 2.09542
-0.347298 0.245674 2.15306
-0.448458 0.0524957 2.1396
-0.439345 0.0550623 2.14475
0.0995765 0.406092 2.162
0.0933142 0.119775 2.23145
0.120687 -0.0964398 2.23235
0.138572 -0.122403 2.22991
-0.190517 0.00827849 2.23392
-0.228021 -0.253762 2.28163
-0.24118 -0.55983 2.37363
-0.218371 -0.619061 2.25699
-0.0501225 -0.00969386 2.26351
-0.0382011 -0.25861 2.32586
-0.0152873 -0.536447 2.38917
0.00442515 -0.595991 2.2723
-0.0293479 0.497043 2.14035
-0.472333 -0.0220426 2.15731
-0.41556 0.0223899 2.12529
0.158156 -0.179217 2.25078
0.132498 -0.125166 2.19155
-0.124147 0.00902214 2.27553
-0.0871068 0.299624 2.20106
-0.0577527 0.580493 2.11742
-0.0194982 0.711402 2.09618
-0.207041 0.475817 2.09806
-0.346136 0.238378 2.15619
-0.442701 0.0428314 2.14576
-0.429924 0.0303213 2.15308
0.0836097 0.428302 2.16081
0.0888385 0.191021 2.23152
0.122746 -0.0247563 2.2297
0.133924 -0.0752477 2.22386
-0.19214 0.0157473 2.2274
-0.227947 -0.254178 2.27716
-0.240123 -0.56211 2.37259
-0.217199 -0.620236 2.25516
-0.0524334 0.00227906 2.25475
-0.0352559 -0.252646 2.32243
-0.0137338 -0.529774 2.38638
0.00608555 -0.588327 2.26868
-0.0647574 0.511782 2.14019
-0.453693 -0.0497729 2.17169
-0.40641 -0.00451719 2.12765
0.15081 -0.122774 2.23255
0.127264 -0.0888661 2.18792
-0.129612 0.0189726 2.26361
-0.11429 0.308728 2.19533
-0.105303 0.587737 2.11815
-0.0954316 0.728906 2.09955
-0.261512 0.471797 2.10704
-0.345748 0.220914 2.16059
-0.424454 0.0174664 2.15423
-0.415788 -0.00462668 2.16074
0.048608 0.463073 2.15797
0.0824337 0.214675 2.23591
0.12414 -2.21104e-005 2.22737
0.124652 -0.0152841 2.22706
-0.197925 0.0216242 2.21791
-0.227551 -0.256204 2.27701
-0.238874 -0.560291 2.37117
-0.21805 -0.617379 2.25247
-0.0572234 0.0163173 2.24017
-0.0318824 -0.246591 2.31463
-0.0130753 -0.531737 2.38696
0.00465013 -0.589209 2.26801
-0.107388 0.519535 2.13931
-0.429796 -0.0850943 2.17443
-0.386723 -0.021587 2.13637
0.146128 -0.100719 2.24496
0.115328 -0.0433302 2.184
-0.132923 0.0194903 2.25898
-0.137297 0.308235 2.19293
-0.146863 0.586665 2.11889
-0.152763 0.728662 2.09898
-0.294504 0.460742 2.11248
-0.345716 0.210998 2.16208
-0.41008 0.00253471 2.15799
-0.405088 -0.05564 2.1702
0.0188496 0.475125 2.15455
0.07138 0.228313 2.23727
0.126032 0.0164924 2.22788
0.131341 -0.0354935 2.23159
-0.201827 0.0195555 2.2151
-0.22627 -0.260051 2.27879
-0.237979 -0.559492 2.37111
-0.218919 -0.6161 2.25171
-0.0602182 0.0194735 2.23299
-0.0284903 -0.242989 2.30986
-0.0120568 -0.532223 2.38659
0.0039018 -0.589196 2.26694
-0.144518 0.518506 2.13934
-0.412844 -0.107517 2.18551
-0.376704 -0.0699426 2.14393
0.142223 -0.0865834 2.26117
0.145436 -0.0560234 2.2165
-0.136477 0.0192749 2.25611
-0.158731 0.304598 2.19149
-0.184268 0.579013 2.11802
-0.210185 0.723134 2.09846
-0.329122 0.446017 2.11909
-0.352514 0.19513 2.164
-0.399143 -0.0179741 2.16264
-0.397699 -0.0490873 2.1741
-0.0146175 0.484504 2.14674
0.0646218 0.239933 2.23762
0.124419 0.0294503 2.22636
0.114606 0.0208431 2.22476
-0.206305 0.0156643 2.21574
-0.224885 -0.271181 2.28499
-0.236746 -0.558076 2.37143
-0.221299 -0.614675 2.25141
-0.0641923 0.0228837 2.22573
-0.0276665 -0.243645 2.30687
-0.0110868 -0.532145 2.38505
0.00126247 -0.589088 2.2648
-0.178003 0.51188 2.1384
-0.404348 -0.134263 2.19022
-0.369867 -0.0628551 2.15
0.142526 -0.0571762 2.24614
0.103386 0.00136084 2.1858
-0.153848 0.0134581 2.25756
-0.189571 0.296376 2.19322
-0.223831 0.56991 2.11763
-0.259236 0.713311 2.09571
-0.360646 0.433055 2.13037
-0.367658 0.172854 2.16838
-0.390206 -0.0440929 2.16938
-0.393009 -0.0834411 2.18003
-0.0535937 0.484411 2.13256
0.0584326 0.245112 2.23541
0.12656 0.037172 2.22249
0.11634 0.0399868 2.22457
-0.224017 0.00574525 2.22544
-0.223211 -0.279666 2.2934
-0.236033 -0.556406 2.37175
-0.227976 -0.613588 2.25145
-0.0800521 0.0203964 2.22105
-0.0298719 -0.244087 2.30519
-0.0109752 -0.533078 2.38417
-0.00600714 -0.590567 2.26364
-0.215558 0.502921 2.1386
-0.400146 -0.163874 2.19103
-0.364929 -0.101111 2.15038
0.145716 -0.0354182 2.23817
0.094888 0.0203593 2.18867
-0.157559 0.00812101 2.262
-0.209755 0.287171 2.19495
-0.266677 0.556041 2.11385
-0.318101 0.691339 2.09192
-0.387277 0.416289 2.14117
-0.375357 0.173521 2.17419
-0.388223 -0.0440552 2.17884
-0.389235 -0.121526 2.19198
-0.103065 0.478053 2.11615
0.0482966 0.259012 2.21559
0.128743 0.0554405 2.20527
0.103069 0.0646051 2.20774
-0.225676 -0.00408118 2.23601
-0.224496 -0.285916 2.30296
-0.236099 -0.551524 2.37189
-0.236226 -0.609946 2.25239
-0.084203 0.0185249 2.22124
-0.0426478 -0.252045 2.31065
-0.0109328 -0.532743 2.38391
-0.0141515 -0.591411 2.2642
-0.252565 0.490156 2.13637
-0.392062 -0.1981 2.20873
-0.361183 -0.139332 2.16173
0.144559 -0.0108017 2.22037
0.046275 0.0312148 2.19667
-0.159785 0.00156563 2.26848
-0.222851 0.279789 2.19665
-0.288331 0.547378 2.11269
-0.362658 0.676721 2.09186
-0.40832 0.404239 2.14089
-0.387659 0.111761 2.1849
-0.394991 -0.105671 2.19098
-0.388692 -0.161959 2.21482
-0.122177 0.473958 2.11303
0.0375508 0.264291 2.20508
0.115192 0.0595837 2.19074
0.119092 0.0424618 2.19152
-0.226491 -0.0141404 2.24366
-0.226377 -0.289946 2.30958
-0.236255 -0.550925 2.37312
-0.236487 -0.609908 2.25404
-0.0875523 0.0160414 2.22532
-0.0415728 -0.267207 2.3203
-0.0111231 -0.531833 2.38374
-0.0144446 -0.591063 2.26445
-0.27249 0.481746 2.13579
-0.387714 -0.212056 2.23047
-0.358761 -0.163936 2.17483
0.143716 -0.00145187 2.20124
0.0878608 0.044652 2.15823
-0.15918 -0.00653919 2.27422
-0.236227 0.270854 2.19908
-0.315624 0.537147 2.11205
-0.393246 0.663831 2.09102
-0.426655 0.391165 2.14108
-0.394285 0.12499 2.18352
-0.397633 -0.0916938 2.19883
-0.39119 -0.158191 2.21764
-0.146674 0.464849 2.10743
0.027559 0.264685 2.19675
0.1095 0.0616897 2.18014
0.11328 0.0465593 2.17716
-0.223278 -0.0287352 2.25085
-0.229441 -0.291424 2.31273
-0.236184 -0.549433 2.37372
-0.237805 -0.609112 2.25523
-0.0892924 0.0132833 2.22913
-0.0413111 -0.27056 2.32185
-0.0109848 -0.53233 2.38408
-0.0156963 -0.592228 2.26537
-0.296222 0.47183 2.136
-0.389962 -0.225651 2.24064
-0.364421 -0.170002 2.18917
0.13706 0.00455696 2.19124
0.108519 0.047627 2.143
-0.154391 -0.0124376 2.27958
-0.245459 0.260195 2.20075
-0.341224 0.519162 2.10827
-0.41714 0.647227 2.08741
-0.444497 0.367 2.14011
-0.402014 0.126077 2.18162
-0.403949 -0.090611 2.1972
-0.40295 -0.168477 2.21906
-0.169454 0.452827 2.10412
0.0204823 0.263428 2.19187
0.105443 0.0616532 2.17594
0.10819 0.0485046 2.17325
-0.216796 -0.0351472 2.25428
-0.22402 -0.302147 2.32174
-0.236064 -0.549676 2.37444
-0.237055 -0.610169 2.25656
-0.086682 0.00953576 2.23625
-0.0398719 -0.275319 2.32539
-0.0114216 -0.532082 2.38416
-0.0154938 -0.592799 2.26606
-0.317366 0.455777 2.1337
-0.399188 -0.253626 2.2489
-0.379631 -0.18643 2.18356
0.124122 0.0104851 2.17491
0.0745428 0.05391 2.1316
-0.145996 -0.0162022 2.28374
-0.250983 0.250643 2.19993
-0.356237 0.504856 2.10337
-0.442279 0.629166 2.08475
-0.454839 0.343156 2.13655
-0.409896 0.115298 2.18029
-0.403237 -0.100859 2.19934
-0.409844 -0.178544 2.22642
-0.181945 0.44718 2.10227
0.0145988 0.263148 2.19064
0.0895861 0.0576078 2.16954
0.0979944 0.0500349 2.19325
-0.20902 -0.0360238 2.25444
-0.228822 -0.35478 2.35078
-0.237697 -0.60563 2.37741
-0.262152 -0.679016 2.31061
-0.0779113 0.00250464 2.24557
-0.0383178 -0.28355 2.33072
-0.0117723 -0.530847 2.38441
-0.013317 -0.592054 2.2666
-0.330279 0.442593 2.12973
-0.410306 -0.268279 2.25451
-0.394762 -0.179333 2.18614
0.116457 0.0244544 2.17991
0.0501746 0.0278858 2.23122
-0.144516 -0.0207007 2.28795
-0.254568 0.24463 2.20155
-0.362993 0.498437 2.10283
-0.452946 0.622233 2.08352
-0.456614 0.337517 2.13453
-0.411369 0.109976 2.18027
-0.392999 -0.104991 2.20325
-0.404366 -0.180204 2.23401
-0.18805 0.44465 2.10168
0.0129754 0.267045 2.19224
0.106811 0.0696779 2.16727
0.120304 0.0616279 2.1917
-0.206014 -0.0433722 2.25959
-0.231348 -0.362301 2.35413
-0.236635 -0.613355 2.37994
-0.282945 -0.640526 2.27756
-0.0780214 0.000806431 2.24876
-0.0377834 -0.286132 2.33237
-0.0124064 -0.53085 2.38466
-0.0129785 -0.592275 2.26701
-0.336412 0.436287 2.12966
-0.407021 -0.265525 2.26391
-0.387804 -0.21646 2.20445
0.130623 0.0357532 2.20057
0.127912 0.0734972 2.18867
-0.152915 -0.0290177 2.2913
-0.259589 0.23947 2.20179
-0.364993 0.496426 2.10172
-0.455386 0.620344 2.08243
-0.459958 0.333544 2.13264
-0.410175 0.102002 2.18181
-0.381746 -0.110618 2.21201
-0.39879 -0.183237 2.24148
-0.191283 0.443176 2.10104
0.0102144 0.277734 2.19552
0.117964 0.0871575 2.17936
0.120452 0.0775535 2.19651
-0.212738 -0.0566058 2.26343
-0.232994 -0.310453 2.33727
-0.236408 -0.558939 2.37863
-0.233165 -0.620083 2.26127
-0.0883934 -0.00193163 2.25112
-0.0375611 -0.287231 2.33328
-0.0131578 -0.532041 2.38557
-0.0129691 -0.593522 2.26798
-0.338953 0.433747 2.12875
-0.400684 -0.264628 2.27173
-0.379004 -0.21549 2.21673
0.137432 0.0467226 2.19724
0.133648 0.0894938 2.18862
-0.177033 -0.0296048 2.29138
-0.265187 0.239294 2.20144
-0.363633 0.497411 2.10091
-0.451603 0.623691 2.08247
-0.452242 0.345348 2.13362
-0.409925 0.102606 2.18207
-0.383503 -0.110466 2.2112
-0.402244 -0.181225 2.2336
-0.18383 0.446204 2.10248
0.00859368 0.283313 2.20045
0.120671 0.0952047 2.1861
0.118238 0.0784357 2.20225
-0.245255 -0.0520652 2.26149
-0.234734 -0.369205 2.35455
-0.237485 -0.618685 2.38949
-0.258842 -0.616362 2.26782
-0.105694 -0.00513891 2.25213
-0.037483 -0.286598 2.33291
-0.013638 -0.531332 2.38569
-0.0139806 -0.592917 2.26818
-0.338959 0.433989 2.12828
-0.400933 -0.260161 2.26383
-0.383764 -0.204845 2.20702
0.137413 0.0406968 2.1969
0.131802 0.0879553 2.19809
-0.171688 -0.0259994 2.28981
-0.261908 0.24376 2.20105
-0.352022 0.506826 2.10132
-0.427821 0.639245 2.08525
-0.447679 0.354169 2.13284
-0.408437 0.113533 2.17756
-0.39775 -0.102619 2.19574
-0.404817 -0.168863 2.21685
-0.17711 0.449113 2.10417
0.00830924 0.286201 2.20607
0.123549 0.0999962 2.19527
0.116581 0.0740496 2.21033
-0.235691 -0.0493168 2.26009
-0.227195 -0.307074 2.33714
-0.236907 -0.555376 2.37852
-0.234064 -0.61639 2.26101
-0.102434 -0.00153238 2.25073
-0.0419331 -0.279326 2.32656
-0.014761 -0.527393 2.38338
-0.0149582 -0.588752 2.26564
-0.330232 0.44215 2.12833
-0.405546 -0.251455 2.25507
-0.387113 -0.182251 2.18478
0.138239 0.0300559 2.21536
0.134164 0.0798223 2.20287
-0.172124 -0.0190819 2.28731
-0.253189 0.255428 2.2005
-0.325591 0.523667 2.10381
-0.385986 0.664698 2.08706
-0.439319 0.369714 2.13212
-0.404683 0.117378 2.17163
-0.400643 -0.0986568 2.19193
-0.413145 -0.160914 2.1968
-0.157715 0.460209 2.11042
0.0135465 0.282259 2.2109
0.107068 0.0844704 2.20999
0.115396 0.0630159 2.21345
-0.236193 -0.0405486 2.25711
-0.2293 -0.300672 2.33224
-0.237581 -0.550529 2.37768
-0.233202 -0.610873 2.25959
-0.102763 0.00353806 2.24863
-0.0450567 -0.275121 2.32388
-0.0152714 -0.533027 2.38415
-0.0139367 -0.593583 2.26585
-0.308492 0.457946 2.12992
-0.413245 -0.230392 2.23007
-0.393466 -0.172364 2.16609
0.137822 0.0117141 2.21957
0.0905437 0.0533244 2.17958
-0.175652 -0.00208855 2.27821
-0.232507 0.279395 2.198
-0.277824 0.55403 2.10885
-0.308167 0.704489 2.09407
-0.402629 0.410567 2.12294
-0.40645 0.138869 2.17099
-0.417074 -0.0792421 2.15806
-0.432395 -0.131989 2.1628
-0.110669 0.473032 2.12534
0.026862 0.259504 2.21664
0.119511 0.0612266 2.20953
0.111254 0.0297118 2.21547
-0.243012 -0.0151288 2.24618
-0.232828 -0.283819 2.31722
-0.238678 -0.549557 2.37736
-0.229061 -0.608322 2.25825
-0.103562 0.0123085 2.24153
-0.0503303 -0.265478 2.3155
-0.0158598 -0.534926 2.38431
-0.00929482 -0.593867 2.26499
-0.267372 0.486832 2.13297
-0.433722 -0.184283 2.18031
-0.422713 -0.179444 2.1845
0.132527 -0.0249277 2.23282
0.0917164 0.0204581 2.1789
-0.167772 0.0106072 2.27104
-0.207899 0.297266 2.19812
-0.240963 0.574556 2.1166
-0.242711 0.727512 2.10424
-0.376583 0.437624 2.12116
-0.402555 0.176249 2.16999
-0.43491 -0.0394898 2.14951
-0.444775 -0.0617132 2.14508
-0.0679091 0.478827 2.14223
0.0289236 0.24957 2.21974
0.116843 0.0491722 2.21156
0.102068 0.0261989 2.21718
-0.235367 7.07507e-005 2.23595
-0.234242 -0.273762 2.30948
-0.239682 -0.549258 2.37707
-0.225861 -0.60682 2.25746
-0.0954577 0.0216168 2.23701
-0.0474351 -0.256184 2.30937
-0.0165501 -0.536739 2.38423
-0.00578601 -0.59445 2.26442
-0.233293 0.50668 2.13885
-0.457499 -0.144187 2.1663
-0.419665 -0.0875383 2.11152
0.122473 -0.0596813 2.23557
0.0867767 0.0104309 2.18072
-0.163969 0.0165426 2.2657
-0.184052 0.307968 2.19896
-0.194399 0.589778 2.12566
-0.176153 0.738859 2.11382
-0.346111 0.46177 2.12135
-0.399202 0.195967 2.16695
-0.449713 -0.0161358 2.1457
-0.457155 -0.0245185 2.1394
-0.0329388 0.472822 2.15569
0.0317775 0.235503 2.22183
0.1089 0.0307578 2.21408
0.0994832 0.000640686 2.21641
-0.231675 0.0104288 2.22458
-0.24028 -0.264392 2.29847
-0.240234 -0.55011 2.37691
-0.223733 -0.606859 2.25706
-0.0918757 0.0240104 2.23578
-0.0467221 -0.257028 2.30852
-0.01726 -0.538456 2.38425
-0.00381417 -0.595344 2.26421
-0.192347 0.520793 2.14581
-0.476082 -0.102796 2.15254
-0.435462 -0.045061 2.10484
0.11726 -0.0810261 2.23324
0.0856153 -0.0170561 2.17966
-0.160342 0.0187053 2.26269
-0.158447 0.312503 2.20072
-0.1499 0.5959 2.13149
-0.113025 0.740166 2.12688
-0.303356 0.477628 2.11541
-0.393828 0.214067 2.16604
-0.460223 0.00674011 2.14023
-0.457347 0.00732381 2.13701
0.00584953 0.462822 2.1718
0.0384326 0.218945 2.22661
0.103984 0.0102444 2.21534
0.0971253 -0.0152789 2.21281
-0.227288 0.0160488 2.21702
-0.243937 -0.260566 2.29477
-0.24157 -0.550906 2.37659
-0.218928 -0.607109 2.2575
-0.0880712 0.0230485 2.23654
-0.0461546 -0.26035 2.30899
-0.0180089 -0.539474 2.38496
0.00157106 -0.595815 2.26568
-0.152331 0.526509 2.15074
-0.479942 -0.0686189 2.15073
-0.43565 -0.0127605 2.1072
0.106771 -0.0951181 2.21674
0.0827973 -0.0403266 2.17634
-0.154214 0.0168599 2.26073
-0.125797 0.309555 2.20628
-0.0934671 0.5933 2.14373
-0.0402613 0.730979 2.14488
-0.249514 0.481947 2.11221
-0.380836 0.229882 2.16159
-0.458157 0.026115 2.14028
-0.445046 0.0290224 2.14448
0.049152 0.442119 2.18478
0.0534482 0.202284 2.22737
0.0979589 -0.0117292 2.20929
0.0940477 -0.080007 2.20699
-0.220194 0.0179363 2.2113
-0.247848 -0.25809 2.29222
-0.24339 -0.551504 2.37664
-0.21587 -0.607284 2.25848
-0.0816309 0.0151722 2.23985
-0.0451778 -0.26765 2.31149
-0.0182627 -0.54175 2.38598
0.00617373 -0.597648 2.26762
-0.101676 0.523759 2.16134
-0.459419 -0.0381428 2.16088
-0.417383 0.00609072 2.12431
0.102012 -0.156903 2.22195
0.0777826 -0.0988777 2.16807
-0.144136 0.00724207 2.25984
-0.101593 0.299701 2.20987
-0.0566588 0.583565 2.1498
0.00782704 0.715134 2.15428
-0.219437 0.479553 2.11432
-0.372935 0.235384 2.15777
-0.458692 0.0353204 2.13243
-0.442751 0.0469482 2.13853
0.0700738 0.415497 2.186
0.0651056 0.19168 2.22256
0.0970566 -0.0245805 2.20601
0.0941128 -0.0712427 2.20463
-0.210885 0.0128412 2.2074
-0.247188 -0.256063 2.28875
-0.244089 -0.551214 2.37605
-0.217019 -0.606969 2.25774
-0.0722973 0.000717858 2.24347
-0.0454721 -0.269026 2.31151
-0.0183728 -0.541573 2.38595
0.00560457 -0.597446 2.26744
-0.0679608 0.513964 2.16685
-0.460039 -0.0271292 2.1707
-0.415223 0.0211231 2.11423
0.0996748 -0.154807 2.2094
0.0784007 -0.111589 2.16471
-0.137582 -0.00124301 2.26037
-0.0812335 0.289997 2.21322
-0.0220979 0.57277 2.15522
0.0473338 0.697753 2.16043
-0.191045 0.471523 2.11522
-0.361726 0.250744 2.1492
-0.453349 0.0535555 2.12022
-0.458507 0.0353334 2.12133
0.0885868 0.394972 2.18742
0.0831686 0.125961 2.2132
0.094855 -0.0920865 2.20545
0.0877029 -0.146631 2.19999
-0.205298 0.0071319 2.20615
-0.244159 -0.254701 2.2851
-0.244743 -0.550931 2.3745
-0.217352 -0.606766 2.25634
-0.0654986 -0.01004 2.24604
-0.0457496 -0.269074 2.31012
-0.0183775 -0.541045 2.38546
0.00590987 -0.597005 2.2671
-0.0369223 0.503421 2.17178
-0.467352 -0.00772629 2.13681
-0.4935 0.0405967 2.14767
0.0949964 -0.200652 2.21503
0.0719822 -0.148729 2.16091
-0.134649 -0.00829353 2.26082
-0.062759 0.280395 2.21253
0.0129307 0.56057 2.15177
0.0901702 0.674384 2.15866
-0.157716 0.46327 2.11048
-0.34881 0.265405 2.13897
-0.448357 0.0731718 2.10074
-0.460895 0.0579756 2.10198
0.107285 0.376071 2.18486
0.086623 0.15815 2.21008
0.0883088 -0.0603843 2.19473
0.0921281 -0.144289 2.19412
-0.202504 0.00327145 2.20602
-0.240464 -0.260755 2.28663
-0.244961 -0.552066 2.37409
-0.217002 -0.608517 2.25656
-0.0628606 -0.020363 2.24702
-0.0459834 -0.26834 2.30893
-0.0186796 -0.542077 2.38612
0.00617757 -0.598656 2.2684
-0.00595374 0.491852 2.16911
-0.478978 0.018837 2.11779
-0.493439 0.071347 2.11945
0.0958934 -0.232169 2.20623
0.072994 -0.151802 2.15538
-0.134442 -0.0114011 2.2617
-0.0534095 0.274376 2.21115
0.0315895 0.550906 2.14698
0.117113 0.659682 2.15115
-0.146658 0.460526 2.10752
-0.342897 0.270845 2.13291
-0.459554 0.0888861 2.09331
-0.465119 0.0679908 2.10579
0.112043 0.370286 2.18268
0.0884866 0.152826 2.21118
0.0954392 -0.0654282 2.19125
0.0927805 -0.151743 2.19527
-0.202201 0.00294226 2.2062
-0.237147 -0.265291 2.28938
-0.244876 -0.553109 2.3742
-0.217093 -0.610165 2.25709
-0.0631122 -0.0285766 2.24912
-0.0449847 -0.268642 2.30898
-0.0182463 -0.542224 2.38614
0.00642958 -0.59942 2.26883
0.0104361 0.483134 2.16522
-0.48188 0.0289112 2.11985
-0.497198 0.0822906 2.13271
0.0974997 -0.232766 2.20363
0.0734755 -0.157665 2.15763
-0.134158 -0.0128823 2.2633
-0.0461982 0.269936 2.20973
0.0452929 0.54237 2.14084
0.130002 0.654823 2.14283
-0.128261 0.457128 2.10311
-0.338383 0.267981 2.13022
-0.463494 0.0907646 2.09826
-0.448604 0.100004 2.1145
0.128251 0.358432 2.18198
0.0903778 0.145644 2.21454
0.0972266 -0.0724501 2.19195
0.0930798 -0.158582 2.20394
-0.201366 0.00313303 2.20746
-0.236626 -0.268223 2.29307
-0.244332 -0.55269 2.37442
-0.21655 -0.610483 2.25787
-0.0632687 -0.0313318 2.25105
-0.0418783 -0.268282 2.30869
-0.0166189 -0.540077 2.38587
0.00804243 -0.598031 2.26912
0.0226024 0.475682 2.16034
-0.48366 0.0298399 2.14582
-0.498563 0.0965436 2.153
0.0947752 -0.244067 2.21063
0.0739633 -0.16575 2.16484
-0.132058 -0.0160287 2.26604
-0.0402494 0.264992 2.20803
0.0524686 0.535931 2.13492
0.135812 0.649056 2.13125
-0.120617 0.454596 2.10007
-0.333595 0.262413 2.13147
-0.46186 0.0864974 2.1116
-0.461959 0.0647853 2.14156
0.137186 0.348476 2.18216
0.0927638 0.137295 2.2159
0.100225 -0.080738 2.19339
0.0944497 -0.163271 2.21111
-0.198795 0.00259173 2.20965
-0.23608 -0.269785 2.29491
-0.243717 -0.552596 2.3744
-0.216279 -0.61104 2.25827
-0.061755 -0.0360434 2.25405
-0.0379749 -0.273103 2.31069
-0.0159723 -0.53946 2.38532
0.00834363 -0.598071 2.26898
0.0295599 0.469582 2.15549
-0.478151 0.0251724 2.15802
-0.48246 0.0932759 2.1462
0.0978397 -0.243081 2.22587
0.0773193 -0.171558 2.17267
-0.131012 -0.0173709 2.26839
-0.0358545 0.260339 2.20521
0.0591543 0.527149 2.12599
0.14593 0.634661 2.11114
-0.114493 0.451141 2.0957
-0.317175 0.273948 2.13496
-0.455959 0.106039 2.12424
-0.444957 0.108479 2.14069
0.143032 0.34018 2.17374
0.0949339 0.12802 2.21232
0.0988827 -0.0903422 2.19806
0.0912979 -0.167225 2.22627
-0.196946 0.001164 2.21394
-0.235851 -0.273384 2.29829
-0.242552 -0.550852 2.37482
-0.217697 -0.610081 2.25858
-0.0612486 -0.0369105 2.25503
-0.0313622 -0.273168 2.31196
-0.015405 -0.539574 2.38553
0.00633605 -0.598946 2.2691
0.0357465 0.461818 2.14808
-0.481338 0.0416665 2.18044
-0.467329 0.127536 2.1345
0.0927929 -0.236398 2.23196
0.0757989 -0.199043 2.18633
-0.12808 -0.0206224 2.27099
-0.0331006 0.255712 2.20291
0.0610518 0.520981 2.11956
0.149986 0.625003 2.09844
-0.118144 0.451638 2.0957
-0.314995 0.284982 2.13525
-0.458422 0.121255 2.13214
-0.456169 0.125415 2.14958
0.136995 0.341913 2.1703
0.0920676 0.11183 2.20731
0.100007 -0.106322 2.19984
0.0852616 -0.178232 2.23067
-0.194499 -0.000446712 2.21692
-0.236279 -0.273756 2.29934
-0.242649 -0.552087 2.37486
-0.219345 -0.611834 2.25867
-0.0578433 -0.0411488 2.25663
-0.0243572 -0.276892 2.31346
-0.0149776 -0.539456 2.38539
0.0052062 -0.599362 2.269
0.0378577 0.456055 2.1427
-0.49135 0.0612217 2.18562
-0.469477 0.157819 2.1275
0.0852746 -0.244815 2.23801
0.0702608 -0.211527 2.19008
-0.128681 -0.0215779 2.27181
-0.033691 0.253101 2.20141
0.0597382 0.516847 2.11558
0.147939 0.621766 2.0923
-0.123899 0.452079 2.09693
-0.324495 0.286804 2.13785
-0.473594 0.128956 2.14208
-0.466496 0.132943 2.15825
0.136924 0.336635 2.16708
0.0922083 0.113795 2.205
0.105505 -0.104006 2.20091
0.0808749 -0.177955 2.2292
-0.195406 -0.000764538 2.21815
-0.237585 -0.273985 2.30132
-0.243347 -0.552128 2.37591
-0.222505 -0.612055 2.25932
-0.0582755 -0.0426461 2.25695
-0.0230766 -0.278006 2.31406
-0.0153272 -0.53974 2.38563
0.00239028 -0.599821 2.26883
0.0367379 0.45226 2.13931
-0.500249 0.0641469 2.19088
-0.483833 0.138742 2.12281
0.0872825 -0.262466 2.25184
0.0662589 -0.198109 2.1923
-0.128975 -0.0212541 2.27245
-0.0350895 0.253314 2.20099
0.0553161 0.51773 2.11431
0.133222 0.626346 2.085
-0.128924 0.453612 2.09746
-0.333655 0.28111 2.145
-0.482951 0.123173 2.14508
-0.465933 0.123128 2.16355
0.133321 0.339487 2.16593
0.087317 0.108111 2.20399
0.0812725 -0.10929 2.21175
0.0802788 -0.174242 2.22681
-0.195986 -0.000863911 2.21939
-0.237647 -0.270888 2.30184
-0.243374 -0.554216 2.37646
-0.223106 -0.61415 2.25978
-0.0584803 -0.0407428 2.25679
-0.0230507 -0.276167 2.31375
-0.0159325 -0.537755 2.38581
0.00122037 -0.597894 2.26892
0.0331857 0.45291 2.13823
-0.496663 0.0495166 2.19595
-0.482907 0.117435 2.17
0.0879683 -0.25608 2.25332
0.0652552 -0.195647 2.1878
-0.128761 -0.0174824 2.27177
-0.0513297 0.264129 2.19865
0.0174175 0.536786 2.11337
0.0825433 0.654039 2.08165
-0.151615 0.457969 2.09613
-0.351192 0.257057 2.15312
-0.494745 0.0938341 2.15073
-0.484443 0.0584276 2.17958
0.117922 0.365828 2.15816
0.0843545 0.109116 2.2032
0.0892436 -0.109064 2.19824
0.0842886 -0.162295 2.21655
-0.19611 -0.000445051 2.22014
-0.237813 -0.267521 2.29998
-0.243569 -0.553896 2.37644
-0.223457 -0.613204 2.25922
-0.0572951 -0.0317352 2.25382
-0.0382354 -0.268836 2.31149
-0.0161939 -0.53887 2.386
0.000804089 -0.598365 2.26857
0.000649247 0.470005 2.1367
-0.49078 0.0225405 2.19629
-0.473445 0.0588182 2.1715
0.0940658 -0.214226 2.23653
0.0753313 -0.183704 2.18036
-0.129704 -0.00999335 2.27
-0.0671565 0.275844 2.19828
-0.0121024 0.551939 2.11581
0.0407179 0.675595 2.08268
-0.182159 0.465511 2.09755
-0.35284 0.247385 2.154
-0.472132 0.0658546 2.15887
-0.465585 0.0372896 2.17149
0.101134 0.394322 2.15922
0.08247 0.164727 2.20372
0.0902955 -0.0536258 2.19943
0.0926181 -0.108986 2.21358
-0.196992 0.00107965 2.21938
-0.237902 -0.258761 2.29438
-0.244516 -0.553574 2.37659
-0.223229 -0.612254 2.25911
-0.0577775 -0.0182072 2.2516
-0.0457765 -0.256255 2.30867
-0.0163732 -0.538885 2.38616
0.00178904 -0.597748 2.26847
-0.0255098 0.484351 2.13841
-0.472424 -0.00942714 2.19398
-0.435766 0.0349824 2.13536
0.102484 -0.197999 2.23293
0.0786535 -0.131678 2.17504
-0.133501 -0.00103819 2.26557
-0.0881351 0.289264 2.19636
-0.0484417 0.569369 2.11742
-0.0126121 0.699375 2.08721
-0.212991 0.473449 2.09909
-0.355081 0.234174 2.15312
-0.470921 0.0503952 2.15741
-0.448499 0.0480889 2.15867
0.0859756 0.412275 2.16087
0.0792226 0.17959 2.20916
0.092783 -0.0386411 2.20019
0.0973714 -0.0792602 2.21005
-0.199902 0.0065872 2.2165
-0.241193 -0.255223 2.29121
-0.244691 -0.552612 2.37617
-0.222953 -0.610506 2.25818
-0.0626421 -0.00783974 2.24581
-0.0450294 -0.262731 2.31114
-0.0170501 -0.539058 2.38606
0.00156954 -0.597121 2.26785
-0.0581241 0.500789 2.13911
-0.461959 -0.0307041 2.18475
-0.417841 0.0743388 2.15178
0.1076 -0.168037 2.22455
0.0862541 -0.101793 2.168
-0.144444 0.0112579 2.258
-0.12002 0.302621 2.19393
-0.100828 0.583082 2.12068
-0.0864365 0.721371 2.09747
-0.257997 0.473532 2.1013
-0.358402 0.22362 2.15035
-0.45499 0.0283674 2.14726
-0.443023 0.0136209 2.15237
0.0515069 0.451219 2.16605
0.0714122 0.202123 2.21638
0.10198 -0.0144622 2.20521
0.0975243 -0.0209989 2.20406
-0.211615 0.0161193 2.21042
-0.243019 -0.256825 2.29057
-0.244403 -0.552775 2.37541
-0.219786 -0.60954 2.25722
-0.0727565 0.00661547 2.23665
-0.0432077 -0.261553 2.31018
-0.0172263 -0.538309 2.38561
0.00427777 -0.595255 2.26721
-0.105438 0.51448 2.14091
-0.457286 -0.0649352 2.17359
-0.421899 -0.0129903 2.11978
0.113046 -0.11255 2.21123
0.0891353 -0.0658957 2.16467
-0.148593 0.0166154 2.2553
-0.141445 0.308259 2.19388
-0.140569 0.587873 2.12339
-0.143862 0.726907 2.09924
-0.293384 0.468771 2.10575
-0.359921 0.215352 2.14864
-0.443757 0.0140339 2.14047
-0.436656 -0.0117615 2.14541
0.0179854 0.471495 2.16196
0.0611159 0.217393 2.22252
0.109519 0.00413654 2.20537
0.103777 -0.0103292 2.20512
-0.215616 0.0182189 2.20911
-0.242795 -0.259757 2.29007
-0.243711 -0.552088 2.37426
-0.220544 -0.608295 2.25531
-0.0769032 0.015936 2.23209
-0.0426646 -0.26011 2.30961
-0.0174098 -0.537867 2.38549
0.00265437 -0.594256 2.26633
-0.140647 0.519511 2.14297
-0.451098 -0.0926096 2.16177
-0.414036 -0.0352605 2.113
0.120165 -0.0995908 2.21957
0.093255 -0.0327463 2.16528
-0.150877 0.0176796 2.25367
-0.165823 0.307634 2.19341
-0.186166 0.585958 2.12412
-0.206534 0.725706 2.09752
-0.329514 0.456066 2.11347
-0.365222 0.203384 2.14814
-0.429578 -0.00492884 2.14634
-0.428914 -0.0412019 2.14939
-0.0184745 0.483634 2.15546
0.0532582 0.233514 2.22776
0.111646 0.0228779 2.20652
0.115036 -0.024893 2.21574
-0.219213 0.0163225 2.20962
-0.241047 -0.264441 2.29033
-0.243248 -0.552393 2.37404
-0.223555 -0.608376 2.25421
-0.0790053 0.0202987 2.22731
-0.0390535 -0.253913 2.30695
-0.01738 -0.538028 2.38508
-0.000784332 -0.594194 2.26504
-0.181115 0.517822 2.14345
-0.437731 -0.119528 2.15316
-0.397841 -0.0480086 2.1415
0.128016 -0.0731399 2.22897
0.0969781 -0.0145868 2.173
-0.161318 0.0142731 2.25472
-0.194557 0.299434 2.19414
-0.227309 0.574921 2.12175
-0.266512 0.714247 2.09272
-0.366164 0.436667 2.1212
-0.381284 0.177254 2.15048
-0.423435 -0.0366071 2.15111
-0.422436 -0.0643107 2.16355
-0.0579242 0.487718 2.14511
0.0437605 0.246855 2.2324
0.119011 0.0414434 2.21555
0.107838 0.0394631 2.22235
-0.23081 0.00690699 2.21593
-0.238741 -0.271745 2.29201
-0.242389 -0.552532 2.3731
-0.227505 -0.6089 2.25278
-0.0881937 0.0207205 2.22493
-0.0396168 -0.252671 2.30604
-0.0174015 -0.53876 2.38484
-0.00560386 -0.595306 2.26431
-0.219413 0.507434 2.14194
-0.42649 -0.145895 2.17324
-0.4011 -0.0730072 2.12909
0.132628 -0.0402645 2.23457
0.0952232 0.0193141 2.18395
-0.169749 0.00667699 2.26014
-0.222764 0.286265 2.19436
-0.27934 0.555821 2.11409
-0.33822 0.688223 2.08184
-0.39815 0.411761 2.1251
-0.395169 0.1742 2.16082
-0.412027 -0.0427304 2.16956
-0.414881 -0.109576 2.19557
-0.115883 0.481304 2.12716
0.0369171 0.254536 2.23198
0.123567 0.0537668 2.22955
0.1136 0.0648349 2.24474
-0.237689 -0.00743811 2.22841
-0.235633 -0.285215 2.29992
-0.242259 -0.553183 2.37309
-0.232892 -0.610624 2.25301
-0.0963955 0.0183454 2.22542
-0.0508941 -0.267721 2.31019
-0.0176061 -0.539641 2.38463
-0.0113213 -0.597257 2.26434
-0.265354 0.489801 2.13637
-0.410873 -0.188146 2.22335
-0.392328 -0.127592 2.16379
0.144326 -0.00669318 2.27407
0.102459 0.0370109 2.2044
-0.17365 -0.00166679 2.26579
-0.242395 0.273326 2.19411
-0.3139 0.538795 2.1074
-0.387843 0.668092 2.07328
-0.42525 0.393287 2.12779
-0.403237 0.109145 2.18179
-0.432188 -0.105892 2.19163
-0.416625 -0.154107 2.22164
-0.14938 0.472181 2.11542
0.0169727 0.282636 2.22542
0.111176 0.0864891 2.23873
0.121017 0.0614417 2.25778
-0.239887 -0.0196232 2.23571
-0.234999 -0.28729 2.30525
-0.242191 -0.552896 2.3735
-0.236628 -0.611495 2.25411
-0.101215 0.0148892 2.22824
-0.0486235 -0.275212 2.31468
-0.0177144 -0.539658 2.3846
-0.01523 -0.598426 2.265
-0.296298 0.473751 2.13131
-0.415642 -0.204407 2.25035
-0.391668 -0.145628 2.19322
0.146005 0.0114146 2.28097
0.100257 0.0502154 2.21833
-0.177802 -0.0123067 2.27406
-0.258944 0.261473 2.19474
-0.338986 0.526358 2.10174
-0.417392 0.650569 2.06691
-0.44637 0.377083 2.13223
-0.41111 0.127661 2.18226
-0.429447 -0.087385 2.20291
-0.419743 -0.150608 2.22887
-0.169783 0.46328 2.11195
0.00718915 0.294123 2.22323
0.121006 0.108084 2.23174
0.116396 0.0656564 2.26531
-0.241203 -0.0345215 2.24581
-0.238258 -0.293813 2.31949
-0.242623 -0.551568 2.37413
-0.238538 -0.611267 2.25554
-0.108166 0.00918862 2.23411
-0.0465507 -0.279263 2.31751
-0.0183236 -0.536216 2.38393
-0.0173143 -0.596109 2.26513
-0.319481 0.461399 2.12717
-0.415432 -0.225956 2.26173
-0.399179 -0.179472 2.19971
0.134158 0.0265483 2.29198
0.0870078 0.0634336 2.21986
-0.180047 -0.0175455 2.27671
-0.264758 0.256736 2.19515
-0.348512 0.520685 2.10062
-0.448299 0.63232 2.06074
-0.457092 0.360983 2.13229
-0.423337 0.12268 2.18162
-0.431704 -0.0919594 2.20886
-0.425254 -0.167071 2.23576
-0.187365 0.457149 2.10718
0.000461378 0.304638 2.21734
0.114895 0.119022 2.22699
0.0932189 0.11837 2.23033
-0.243579 -0.041751 2.248
-0.241581 -0.298455 2.32601
-0.243011 -0.548186 2.37525
-0.239626 -0.608287 2.25693
-0.11069 0.00633981 2.23668
-0.0445345 -0.286838 2.3198
-0.0185598 -0.536638 2.38395
-0.0182527 -0.596879 2.26543
-0.327954 0.456116 2.12644
-0.416904 -0.2393 2.26477
-0.403612 -0.192822 2.20543
0.120921 0.0450366 2.26358
0.0758925 0.0964511 2.1964
-0.180178 -0.0197718 2.27795
-0.266001 0.254775 2.19579
-0.349934 0.519025 2.1012
-0.462853 0.624584 2.05898
-0.460557 0.356237 2.13291
-0.426926 0.117467 2.18173
-0.43272 -0.0975965 2.20711
-0.430213 -0.172115 2.23112
-0.192528 0.454643 2.106
-0.00517329 0.302802 2.21431
0.112554 0.119162 2.22317
0.0831147 0.118402 2.22721
-0.242912 -0.0442662 2.24919
-0.245161 -0.290107 2.32163
-0.242985 -0.547815 2.37558
-0.240003 -0.608015 2.25733
-0.111657 0.00464548 2.238
-0.0454122 -0.293207 2.32223
-0.0192314 -0.53785 2.38433
-0.019317 -0.59817 2.26588
-0.329336 0.454369 2.127
-0.420742 -0.25071 2.26256
-0.407242 -0.199518 2.20456
0.112541 0.047802 2.26115
0.0691015 0.0883534 2.19029
-0.1853 -0.0254457 2.27887
-0.280886 0.242793 2.19545
-0.374035 0.501821 2.09957
-0.469197 0.619488 2.05756
-0.471877 0.338877 2.13293
-0.43058 0.109807 2.18205
-0.433691 -0.105956 2.20342
-0.434432 -0.17947 2.22749
-0.203849 0.448707 2.10425
-0.00937275 0.298308 2.21165
0.105952 0.113498 2.22351
0.0713641 0.114544 2.22613
-0.247667 -0.0503554 2.24964
-0.246077 -0.289153 2.32121
-0.243075 -0.548721 2.37669
-0.239516 -0.609198 2.25867
-0.117143 -0.000172648 2.23943
-0.047654 -0.298274 2.32362
-0.0194504 -0.540097 2.38466
-0.0189555 -0.600673 2.26645
-0.351369 0.43833 2.12564
-0.422929 -0.254583 2.26064
-0.411756 -0.206459 2.19322
0.0951695 0.0336229 2.26079
0.0192695 0.0544763 2.226
-0.187891 -0.0263926 2.27899
-0.2845 0.241795 2.19551
-0.377154 0.501447 2.10012
-0.473115 0.617354 2.05702
-0.474576 0.337866 2.13302
-0.432394 0.108069 2.18117
-0.434912 -0.108181 2.19925
-0.438309 -0.178723 2.22268
-0.207554 0.44732 2.10462
-0.0119159 0.294674 2.20964
0.103178 0.109567 2.22022
0.0859071 0.0760565 2.23601
-0.249796 -0.0515204 2.25031
-0.247212 -0.287437 2.32002
-0.243506 -0.548292 2.37698
-0.239923 -0.608735 2.25892
-0.120679 -0.000725322 2.23875
-0.0476102 -0.302722 2.32446
-0.0192311 -0.544349 2.38598
-0.018721 -0.604834 2.26775
-0.354673 0.437779 2.12602
-0.429325 -0.257101 2.2513
-0.416435 -0.205079 2.18971
0.0976222 0.0355311 2.25058
0.0644149 0.0824122 2.19536
-0.187731 -0.0267006 2.27899
-0.285313 0.241864 2.19573
-0.378755 0.502523 2.10125
-0.473923 0.617863 2.05745
-0.473168 0.341135 2.13224
-0.441926 0.112733 2.1717
-0.434635 -0.102301 2.19772
-0.439788 -0.176867 2.21767
-0.207207 0.447869 2.10521
-0.0127938 0.29467 2.20914
0.103167 0.109746 2.2165
0.0886012 0.0803423 2.22659
-0.249602 -0.0517157 2.25004
-0.253812 -0.370521 2.34739
-0.237935 -0.61881 2.38634
-0.292815 -0.597171 2.28281
-0.120326 -0.000999401 2.23913
-0.0483072 -0.30406 2.32469
-0.0197477 -0.545636 2.38628
-0.00842656 -0.629001 2.33805
-0.35606 0.438564 2.12689
-0.431145 -0.258242 2.25172
-0.417084 -0.203077 2.18724
0.101881 0.037638 2.25392
0.0629454 0.0829848 2.18042
-0.19205 -0.0280943 2.27712
-0.286915 0.242029 2.19517
-0.376485 0.504961 2.1017
-0.469512 0.62415 2.06027
-0.476146 0.339925 2.13035
-0.444648 0.117035 2.16822
-0.439371 -0.098894 2.18919
-0.440112 -0.173974 2.2127
-0.209482 0.447091 2.10615
-0.0139928 0.29429 2.21038
0.103676 0.110232 2.2154
0.0876877 0.0791752 2.22462
-0.254429 -0.052735 2.24802
-0.251924 -0.370733 2.34742
-0.240604 -0.618836 2.38826
-0.277895 -0.603316 2.2727
-0.12402 -0.00264899 2.23747
-0.04998 -0.307263 2.32478
-0.0200271 -0.548314 2.38746
-0.00810501 -0.630958 2.33599
-0.354954 0.440359 2.12705
-0.430915 -0.255818 2.24587
-0.417003 -0.198698 2.17973
0.1036 0.0354662 2.24658
0.0630999 0.0819404 2.18237
-0.194478 -0.0262207 2.27572
-0.286589 0.245457 2.19472
-0.371966 0.510948 2.10248
-0.452514 0.641678 2.06434
-0.466515 0.359468 2.12884
-0.443415 0.120773 2.16681
-0.438934 -0.0963168 2.17919
-0.440849 -0.163968 2.20344
-0.201795 0.452257 2.10768
-0.0158378 0.293927 2.21282
0.103162 0.11047 2.2146
0.0758753 0.114826 2.22116
-0.256852 -0.0499523 2.24645
-0.254041 -0.368717 2.34427
-0.240158 -0.616037 2.38815
-0.265626 -0.641913 2.27441
-0.126348 -0.00158403 2.23625
-0.0509828 -0.306376 2.32421
-0.0201866 -0.547273 2.38707
-0.00786357 -0.630106 2.33673
-0.351577 0.445759 2.12749
-0.433132 -0.237512 2.23016
-0.417156 -0.185507 2.16973
0.101445 0.0323498 2.24425
0.0634972 0.0824449 2.1832
-0.204126 -0.0213696 2.27154
-0.284852 0.252772 2.19362
-0.356353 0.524818 2.10452
-0.418365 0.666409 2.06904
-0.461267 0.372035 2.12847
-0.441314 0.131738 2.16231
-0.437866 -0.0845397 2.18162
-0.443597 -0.150696 2.19233
-0.192528 0.458493 2.11063
-0.0150831 0.290657 2.21619
0.101478 0.105447 2.21465
0.0791668 0.101481 2.22464
-0.267228 -0.0429881 2.24032
-0.253396 -0.299047 2.3174
-0.246909 -0.545432 2.37635
-0.242311 -0.604735 2.25738
-0.134959 0.00121745 2.23384
-0.055132 -0.304331 2.32184
-0.0204598 -0.544312 2.38599
-0.00859174 -0.627673 2.33803
-0.339963 0.457937 2.12859
-0.435226 -0.222186 2.2247
-0.419059 -0.170321 2.1595
0.101145 0.015798 2.24416
0.0680695 0.0624078 2.18379
