-0.170743 0.172265 2.25121
-0.169775 0.449914 2.17197
-0.167615 0.71703 2.08153
-0.144006 0.863344 2.01431
-0.33036 0.635701 2.12389
-0.396272 0.387744 2.20241
-0.488265 0.167865 2.23864
-0.493476 0.084922 2.23147
0.00421145 0.636169 2.15142
0.0579822 0.379987 2.2275
0.139826 0.153797 2.25574
0.142357 0.0812463 2.2494
-0.24329 0.169886 2.21199
-0.297401 -0.204339 2.32587
-0.335281 -0.564804 2.4505
-0.347504 -0.638426 2.37684
-0.092873 0.169259 2.22058
-0.0618911 -0.195488 2.33387
-0.0564644 -0.563401 2.45927
-0.0467039 -0.657164 2.39054
-0.168344 0.651825 2.10615
-0.491585 0.0104961 2.26235
-0.498603 0.0794271 2.19657
0.147002 -0.00609123 2.2776
0.125014 0.0582567 2.21364
-0.16997 0.172272 2.25127
-0.168797 0.4499 2.17229
-0.166297 0.717052 2.08224
-0.14303 0.862903 2.01446
-0.329288 0.635789 2.12367
-0.394612 0.388404 2.20239
-0.488037 0.169318 2.2394
-0.491226 0.0874875 2.23277
0.00520181 0.636117 2.15172
0.0594483 0.378416 2.22752
0.141102 0.152183 2.25584
0.142503 0.0800308 2.24927
-0.242576 0.169913 2.21198
-0.296841 -0.204862 2.32538
-0.33504 -0.564942 2.45013
-0.347793 -0.638708 2.37661
-0.0920549 0.16925 2.22071
-0.0611493 -0.196266 2.33407
-0.0561045 -0.565352 2.46224
-0.0454588 -0.65782 2.38869
-0.167121 0.65183 2.10675
-0.4919 0.0110699 2.26368
-0.500449 0.0811532 2.20016
0.146194 -0.00749619 2.27955
0.122958 0.0557643 2.21385
-0.169305 0.172235 2.25104
-0.168236 0.449861 2.17223
-0.165874 0.717015 2.08232
-0.142445 0.862772 2.01449
-0.328541 0.635932 2.12369
-0.393814 0.388789 2.20212
-0.487759 0.170333 2.24088
-0.49076 0.0906645 2.22934
0.00593726 0.636163 2.15156
0.0597263 0.380372 2.22626
0.140877 0.154073 2.2553
0.142849 0.0785831 2.24771
-0.24199 0.16987 2.21187
-0.296514 -0.20529 2.32507
-0.335005 -0.56476 2.44987
-0.34779 -0.639043 2.37623
-0.0913231 0.169227 2.22033
-0.0608248 -0.196525 2.334
-0.0556847 -0.565281 2.46148
-0.0450253 -0.658694 2.38806
-0.166663 0.651791 2.1068
-0.490057 0.0159988 2.25945
-0.501284 0.0832494 2.20126
0.146827 -0.00926519 2.27834
0.127431 0.0589354 2.21378
-0.168739 0.172101 2.25086
-0.167253 0.449677 2.1721
-0.164464 0.716796 2.0823
-0.14145 0.862658 2.01448
-0.327397 0.635881 2.12386
-0.392216 0.389292 2.20273
-0.487186 0.171346 2.24173
-0.49041 0.0891972 2.23202
0.00690728 0.635892 2.15122
0.0631516 0.377313 2.22779
0.142655 0.150167 2.25526
0.143057 0.0781127 2.24876
-0.241498 0.169797 2.21177
-0.296066 -0.205612 2.32478
-0.334786 -0.564699 2.44966
-0.347848 -0.639376 2.37579
-0.0907028 0.16903 2.22007
-0.0603444 -0.196627 2.33374
-0.0550682 -0.56547 2.46118
-0.0450034 -0.658616 2.38822
-0.165356 0.651578 2.10675
-0.491026 0.0166557 2.2598
-0.486931 0.087229 2.19532
0.1467 -0.00790021 2.27457
0.126316 0.0591355 2.21402
-0.168389 0.171904 2.25075
-0.166728 0.449539 2.17217
-0.163761 0.716724 2.08261
-0.140575 0.862518 2.01476
-0.326846 0.635766 2.12417
-0.390352 0.389473 2.20263
-0.487235 0.172742 2.24308
-0.49022 0.0907463 2.23389
0.0075878 0.63552 2.15114
0.0650188 0.375929 2.22872
0.143501 0.148257 2.25514
0.14332 0.078485 2.24773
-0.241138 0.1697 2.21177
-0.295819 -0.205654 2.32461
-0.334672 -0.564682 2.44949
-0.347922 -0.63943 2.37574
-0.0903276 0.168702 2.21975
-0.060006 -0.196865 2.33373
-0.0547556 -0.564794 2.45976
-0.0448175 -0.65897 2.38821
-0.164697 0.651488 2.10699
-0.490627 0.0166387 2.25799
-0.508596 0.101239 2.2171
0.148337 -0.00670432 2.27494
0.126938 0.0595815 2.21336
-0.168064 0.171844 2.2508
-0.166219 0.449478 2.17245
-0.163096 0.716665 2.08321
-0.13987 0.862309 2.01522
-0.326131 0.635965 2.12462
-0.389798 0.389342 2.2027
-0.487299 0.173032 2.2437
-0.490751 0.0911571 2.23435
0.0082074 0.635421 2.15093
0.0653263 0.376654 2.22837
0.143545 0.148877 2.25474
0.14272 0.0774927 2.24712
-0.24079 0.169627 2.21169
-0.295679 -0.206021 2.32474
-0.33456 -0.564666 2.44925
-0.347986 -0.639762 2.37549
-0.0899696 0.168656 2.21999
-0.0597651 -0.197415 2.33404
-0.0552861 -0.566164 2.462
-0.0447226 -0.659102 2.38793
-0.164066 0.651428 2.1075
-0.490495 0.01664 2.25735
-0.481195 0.095706 2.19356
0.145988 -0.00810827 2.27407
0.126902 0.0594097 2.21224
-0.167711 0.171787 2.25075
-0.165603 0.449322 2.17274
-0.162192 0.716348 2.08405
-0.138628 0.861985 2.01615
-0.325102 0.636159 2.12525
-0.389024 0.389681 2.20367
-0.487279 0.173666 2.24445
-0.492357 0.0920087 2.23677
0.00898245 0.63497 2.1509
0.0685162 0.374517 2.22997
0.144477 0.14576 2.25497
0.141794 0.0763922 2.24761
-0.240501 0.16963 2.21171
-0.295315 -0.206676 2.32503
-0.334095 -0.564333 2.44851
-0.348017 -0.640102 2.37504
-0.0895784 0.168531 2.21989
-0.0594532 -0.197767 2.33419
-0.0547398 -0.565789 2.46146
-0.0444213 -0.659151 2.3879
-0.163233 0.651155 2.10819
-0.492735 0.0165416 2.26731
-0.495049 0.0856479 2.20041
0.147817 -0.00825795 2.27263
0.125303 0.0561101 2.2114
-0.16732 0.171697 2.25108
-0.164593 0.449162 2.17361
-0.160542 0.716173 2.08554
-0.136624 0.861543 2.01746
-0.323458 0.636304 2.12614
-0.388985 0.390166 2.20472
-0.487825 0.174623 2.24629
-0.495539 0.0949746 2.23717
0.00994069 0.634563 2.15097
0.0684162 0.372598 2.23068
0.145305 0.144061 2.25502
0.141285 0.0849535 2.24873
-0.240041 0.169635 2.212
-0.295209 -0.207403 2.32594
-0.334207 -0.564322 2.44842
-0.348046 -0.64027 2.37465
-0.0892558 0.168341 2.22032
-0.0591965 -0.197576 2.33425
-0.0554458 -0.566972 2.464
-0.0439368 -0.659087 2.38802
-0.161739 0.650977 2.10952
-0.495115 0.017315 2.26378
-0.512021 0.0935354 2.21107
0.147087 -0.00471683 2.27362
0.126062 0.0688815 2.21248
-0.166937 0.17209 2.25175
-0.163721 0.449601 2.17436
-0.159171 0.716682 2.0863
-0.134083 0.862338 2.01878
-0.322605 0.637101 2.12664
-0.388571 0.390631 2.20545
-0.490245 0.175568 2.24341
-0.500485 0.114497 2.23667
0.012155 0.634663 2.15173
0.0703224 0.370853 2.23175
0.145981 0.141784 2.25526
0.141271 0.0774133 2.24993
-0.239585 0.170123 2.21244
-0.295451 -0.207295 2.32739
-0.333896 -0.56207 2.44901
-0.348011 -0.640075 2.37497
-0.0889912 0.16865 2.22138
-0.0591089 -0.197446 2.33415
-0.0545274 -0.565595 2.46073
-0.0449374 -0.657683 2.38625
-0.160501 0.651464 2.11029
-0.504315 0.0261522 2.26612
-0.501481 0.0861215 2.19919
0.146211 -0.00886344 2.28426
0.122457 0.039607 2.21671
-0.166662 0.172393 2.25258
-0.162165 0.450668 2.17523
-0.155651 0.719006 2.08688
-0.128042 0.865806 2.02113
-0.31954 0.638187 2.12702
-0.388622 0.395566 2.20633
-0.493287 0.181435 2.24201
-0.510944 0.119874 2.23468
0.0157701 0.634384 2.15225
0.0745281 0.36893 2.23408
0.147612 0.13876 2.25576
0.145167 0.0784607 2.25342
-0.239268 0.170621 2.21283
-0.296413 -0.207613 2.33219
-0.334536 -0.562229 2.45029
-0.347639 -0.639347 2.37557
-0.0888033 0.168721 2.22286
-0.0591706 -0.19745 2.33471
-0.0539574 -0.565168 2.46019
-0.0449467 -0.657815 2.38828
-0.157516 0.65344 2.11099
-0.516067 0.031114 2.26104
-0.514507 0.101141 2.198
0.146942 -0.00796015 2.29232
0.126796 0.0452781 2.21734
-0.166004 0.172779 2.25468
-0.156947 0.452355 2.17663
-0.143258 0.722563 2.08678
-0.106237 0.872215 2.02766
-0.309689 0.639801 2.12543
-0.388286 0.405646 2.20382
-0.50122 0.194745 2.23451
-0.523134 0.132689 2.22783
0.0255153 0.633093 2.15233
0.0828945 0.364057 2.23839
0.152783 0.132343 2.25575
0.152056 0.0754243 2.24968
-0.238294 0.171709 2.21422
-0.29792 -0.202867 2.3359
-0.335276 -0.561859 2.45441
-0.34763 -0.638392 2.37662
-0.0886376 0.168262 2.22604
-0.05967 -0.197816 2.33579
-0.0535751 -0.565106 2.45984
-0.0449504 -0.658343 2.38827
-0.147011 0.656526 2.11133
-0.533274 0.0479832 2.25712
-0.520103 0.118668 2.18919
0.157774 -0.0129792 2.28163
0.135371 0.039421 2.21412
-0.165167 0.172669 2.25613
-0.147037 0.452685 2.17854
-0.123604 0.722796 2.08828
-0.0746734 0.873014 2.03392
-0.306976 0.6397 2.12477
-0.385317 0.410657 2.2014
-0.513048 0.208656 2.23243
-0.526872 0.150676 2.22075
0.0339624 0.631513 2.15432
0.0910807 0.357552 2.23955
0.157101 0.124615 2.25592
0.154897 0.0634193 2.24707
-0.237091 0.172518 2.21471
-0.298019 -0.193369 2.33547
-0.336366 -0.562215 2.45654
-0.347278 -0.637278 2.37787
-0.0881518 0.166952 2.22899
-0.0595456 -0.196796 2.33606
-0.0533184 -0.564118 2.46122
-0.0452503 -0.658336 2.38902
-0.129671 0.656836 2.11293
-0.540991 0.0619184 2.24835
-0.530261 0.129514 2.18494
0.160591 -0.0251961 2.27197
0.137781 0.0374968 2.21077
-0.1594 0.170848 2.25917
-0.127966 0.449674 2.18078
-0.0942038 0.718413 2.08962
-0.0292704 0.865672 2.04047
-0.258339 0.643811 2.11458
-0.378638 0.420155 2.19682
-0.514086 0.222895 2.22596
-0.529358 0.179091 2.2126
0.0660791 0.613635 2.15808
0.102134 0.341965 2.24201
0.158751 0.106368 2.25616
0.154414 0.0430127 2.24502
-0.230939 0.173848 2.21622
-0.298533 -0.187277 2.33506
-0.336946 -0.562581 2.4576
-0.347575 -0.637228 2.37785
-0.0824977 0.161764 2.23336
-0.0598057 -0.196837 2.33688
-0.0536746 -0.565866 2.46303
-0.0458568 -0.657617 2.38643
-0.102717 0.652799 2.11447
-0.547657 0.0923113 2.23814
-0.533047 0.142789 2.1765
0.158943 -0.0434329 2.26926
0.135959 0.020626 2.20808
-0.15496 0.165657 2.26267
-0.107223 0.442415 2.18369
-0.0529494 0.709802 2.09188
0.0266455 0.851687 2.04637
-0.22257 0.641904 2.11179
-0.367801 0.432872 2.1937
-0.528993 0.255522 2.2186
-0.541296 0.188153 2.20245
0.0865588 0.595345 2.16235
0.111214 0.329214 2.24433
0.152513 0.0898585 2.25198
0.150455 0.0142462 2.25078
-0.227453 0.17259 2.21663
-0.298886 -0.184411 2.3347
-0.337556 -0.563632 2.45929
-0.347524 -0.636804 2.37815
-0.0777442 0.151548 2.24119
-0.0606267 -0.197837 2.33863
-0.0544789 -0.56643 2.46418
-0.0445548 -0.658568 2.38534
-0.0667321 0.644419 2.11693
-0.55891 0.118425 2.23509
-0.535783 0.187596 2.16866
0.151235 -0.0769907 2.27468
0.131866 -0.0103169 2.21325
-0.152869 0.158779 2.26645
-0.0771546 0.429228 2.18702
0.0227893 0.686152 2.09505
0.119377 0.820136 2.05442
-0.158719 0.633877 2.10759
-0.364599 0.463438 2.19596
-0.521639 0.278827 2.19647
-0.540454 0.243317 2.17998
0.140283 0.537148 2.18057
0.124172 0.286729 2.26157
0.154368 0.0453675 2.25989
0.142216 -0.0455833 2.26191
-0.22416 0.169542 2.21754
-0.292288 -0.195821 2.34452
-0.338249 -0.564935 2.46044
-0.348249 -0.636898 2.37831
-0.0784607 0.140927 2.24688
-0.0678488 -0.213686 2.34842
-0.0572617 -0.568019 2.4691
-0.0443177 -0.65875 2.38529
-0.00346985 0.623538 2.12015
-0.570558 0.178282 2.20363
-0.549951 0.256363 2.16105
0.136276 -0.121694 2.28853
0.125982 -0.0583581 2.22322
-0.160657 0.145904 2.2706
-0.0589305 0.411567 2.19
0.0543134 0.664439 2.09714
0.162302 0.790698 2.05946
-0.133538 0.62076 2.10768
-0.346018 0.482324 2.1881
-0.523975 0.317779 2.18273
-0.527518 0.28768 2.16776
0.156696 0.51374 2.18484
0.137659 0.26702 2.26651
0.149487 0.0251998 2.2798
0.138296 -0.0735954 2.27623
-0.226823 0.163934 2.21867
-0.270516 -0.203151 2.34924
-0.338795 -0.565421 2.4602
-0.349152 -0.637349 2.37732
-0.0904214 0.122683 2.25353
-0.0704685 -0.220689 2.35311
-0.0589156 -0.567859 2.47131
-0.0442091 -0.657797 2.38878
0.0257804 0.602677 2.12251
-0.567602 0.201561 2.19025
-0.527807 0.25427 2.13211
0.127612 -0.154297 2.30438
0.124132 -0.0830283 2.23637
-0.163784 0.138307 2.27529
-0.0360921 0.392389 2.19252
0.0991447 0.634887 2.09489
0.214884 0.759302 2.06426
-0.102175 0.612543 2.10537
-0.347071 0.488434 2.18476
-0.519513 0.317923 2.16807
-0.528291 0.28367 2.15454
0.170974 0.493549 2.18471
0.1371 0.186951 2.29017
0.156013 -0.0546094 2.29609
0.138735 -0.0818817 2.28933
-0.227818 0.158834 2.22442
-0.26502 -0.204954 2.35076
-0.339859 -0.566446 2.45966
-0.350667 -0.638411 2.37609
-0.0952267 0.113041 2.25652
-0.0729532 -0.224815 2.3571
-0.0591527 -0.568678 2.46967
-0.0444104 -0.658336 2.38793
0.0654741 0.575707 2.12153
-0.561248 0.219657 2.18236
-0.523669 0.267297 2.11989
0.126844 -0.174289 2.31271
0.122923 -0.102713 2.25078
-0.161499 0.131484 2.28261
-0.022589 0.378843 2.19666
0.119849 0.614377 2.09593
0.247531 0.726531 2.0672
-0.0778038 0.607225 2.10178
-0.332991 0.499825 2.17647
-0.506296 0.330396 2.15345
-0.51692 0.298746 2.14572
0.184213 0.473789 2.18593
0.138758 0.185185 2.28758
0.154276 -0.0554324 2.30548
0.135813 -0.12291 2.30146
-0.225406 0.155507 2.23028
-0.268611 -0.196157 2.34767
-0.339695 -0.564822 2.45594
-0.35177 -0.640228 2.37331
-0.0929608 0.102626 2.26516
-0.0695496 -0.239178 2.36758
-0.0593049 -0.568595 2.468
-0.0452061 -0.657451 2.39113
0.0844774 0.557046 2.12338
-0.551852 0.234157 2.18977
-0.511733 0.283599 2.11447
0.121856 -0.206426 2.33526
0.123156 -0.125109 2.25881
-0.159629 0.129285 2.28688
-0.0152721 0.373414 2.19757
0.128652 0.607482 2.09468
0.261596 0.714251 2.06781
-0.064688 0.604097 2.09782
-0.313053 0.515284 2.16311
-0.488073 0.347145 2.14595
-0.508385 0.310406 2.13898
0.192673 0.463587 2.18752
0.136768 0.190104 2.27954
0.157766 -0.0451311 2.32442
0.142761 -0.137048 2.31255
-0.222806 0.154258 2.23427
-0.263686 -0.177657 2.34201
-0.34171 -0.562965 2.45595
-0.354206 -0.639755 2.37495
-0.0917352 0.0999077 2.26971
-0.0743033 -0.21525 2.35744
-0.059845 -0.568298 2.47022
-0.0456097 -0.655158 2.39023
0.0931353 0.550361 2.1226
-0.54861 0.25245 2.16121
-0.502329 0.289586 2.10836
0.126642 -0.207818 2.34796
0.132307 -0.1327 2.26976
-0.157608 0.129272 2.2882
-0.0154207 0.374406 2.19771
0.120169 0.613254 2.09402
0.258465 0.712725 2.06819
-0.060619 0.604096 2.09591
-0.310423 0.514483 2.15935
-0.485133 0.345958 2.14333
-0.504368 0.30108 2.13979
0.189611 0.469265 2.18652
0.13955 0.191937 2.27795
0.168503 -0.0428741 2.32101
0.15184 -0.133392 2.30834
-0.220351 0.154674 2.23535
-0.264056 -0.181537 2.34431
-0.342358 -0.563064 2.4556
-0.355261 -0.639803 2.37474
-0.0900032 0.0996696 2.27131
-0.0704438 -0.216673 2.36251
-0.059568 -0.566836 2.47111
-0.0456162 -0.656571 2.38993
0.0873005 0.554719 2.12212
-0.545057 0.227332 2.17009
-0.504955 0.282595 2.1518
0.137851 -0.203649 2.34275
0.140044 -0.131135 2.26497
-0.15164 0.13226 2.29033
-0.0187128 0.380916 2.1964
0.105337 0.625032 2.08822
0.223248 0.745784 2.05584
-0.0640306 0.604359 2.09457
-0.316563 0.496538 2.16075
-0.485521 0.322188 2.14617
-0.503253 0.269981 2.14787
0.185614 0.478966 2.18394
0.148326 0.190594 2.27916
0.179743 -0.0477377 2.30221
0.165325 -0.0894375 2.29059
-0.21439 0.156122 2.23808
-0.271917 -0.188817 2.34694
-0.340474 -0.564206 2.45536
-0.354826 -0.640793 2.37513
-0.0839791 0.104603 2.27278
-0.0645671 -0.22397 2.36935
-0.056494 -0.563965 2.46808
-0.0448902 -0.657994 2.39049
0.0752541 0.565348 2.11757
-0.54125 0.193372 2.17951
-0.509375 0.265232 2.1554
0.154322 -0.179358 2.33276
0.152771 -0.0968571 2.24793
-0.14901 0.135088 2.28898
-0.0313681 0.396378 2.19006
0.0737507 0.652321 2.07891
0.175116 0.783557 2.0475
-0.0736056 0.605182 2.09222
-0.323416 0.480214 2.16122
-0.48976 0.30339 2.14956
-0.496207 0.259905 2.14981
0.178692 0.491403 2.18095
0.155563 0.218839 2.27032
0.176941 -0.0544695 2.25696
0.166783 -0.0872357 2.27706
-0.212736 0.157632 2.23706
-0.265783 -0.194931 2.34883
-0.339799 -0.564114 2.45598
-0.351395 -0.638879 2.37534
-0.0804279 0.108824 2.27099
-0.062614 -0.228168 2.3719
-0.0552217 -0.564443 2.47
-0.0437631 -0.659932 2.39009
0.048218 0.589759 2.1087
-0.535248 0.174531 2.17511
-0.523582 0.199087 2.17275
0.156859 -0.151032 2.3281
0.15144 -0.0785131 2.23319
-0.139305 0.143907 2.28571
-0.0461448 0.413581 2.18499
0.0302933 0.679091 2.07148
0.112586 0.818807 2.04409
-0.154765 0.619561 2.0842
-0.336092 0.458378 2.16149
-0.487774 0.268845 2.15784
-0.506234 0.213829 2.15252
0.159889 0.525245 2.17013
0.133248 0.285885 2.24883
0.1738 0.0474038 2.26421
0.166657 -0.0401314 2.25721
-0.20743 0.160244 2.23509
-0.283781 -0.194489 2.34735
-0.33969 -0.564104 2.45643
-0.350306 -0.63875 2.37519
-0.066212 0.125174 2.26634
-0.0596819 -0.225512 2.37095
-0.0539073 -0.564162 2.47106
-0.0418387 -0.660769 2.38658
0.0122245 0.61432 2.10186
-0.532753 0.123396 2.18401
-0.5298 0.181074 2.16217
0.163987 -0.115664 2.29768
0.148213 -0.051259 2.21724
-0.133606 0.151665 2.28267
-0.0706648 0.430021 2.18113
-0.0268165 0.700777 2.06962
0.0454289 0.847482 2.04413
-0.189694 0.624559 2.08075
-0.342928 0.44214 2.16126
-0.490276 0.249363 2.16008
-0.509476 0.186687 2.15501
0.135618 0.55785 2.15846
0.130617 0.317213 2.23503
0.166075 0.0774792 2.24825
0.160847 9.25982e-005 2.23868
-0.204096 0.163181 2.23333
-0.284729 -0.191158 2.34537
-0.339144 -0.56437 2.45737
-0.349823 -0.638771 2.37529
-0.0589036 0.136857 2.26207
-0.0494092 -0.205224 2.36284
-0.0519089 -0.564187 2.47379
-0.0410809 -0.660206 2.38541
-0.0368787 0.634636 2.09938
-0.535723 0.0980711 2.17769
-0.500782 0.198706 2.16067
0.164598 -0.0799451 2.27503
0.140859 -0.0106746 2.20138
-0.133012 0.158971 2.27855
-0.096146 0.441332 2.17681
-0.0680393 0.71162 2.06585
-0.026823 0.868923 2.04439
-0.230619 0.62329 2.08064
-0.367725 0.417078 2.15898
-0.497297 0.212324 2.16487
-0.517225 0.14996 2.15725
0.0903791 0.605691 2.1449
0.119072 0.337452 2.23408
0.160665 0.0979451 2.2397
0.150054 0.0570571 2.22923
-0.204158 0.165099 2.23257
-0.284434 -0.191559 2.34522
-0.338558 -0.564604 2.45785
-0.349652 -0.638842 2.37534
-0.057378 0.14986 2.25341
-0.0461428 -0.197651 2.35801
-0.0506064 -0.56337 2.47183
-0.0411679 -0.659257 2.38527
-0.0749267 0.645729 2.09552
-0.540337 0.0583658 2.18319
-0.513748 0.185078 2.1588
0.154352 -0.0336091 2.25042
0.128373 0.0376958 2.19466
-0.136212 0.164664 2.27409
-0.136154 0.44992 2.17027
-0.143234 0.72201 2.05699
-0.134255 0.877522 2.04238
-0.300392 0.616528 2.08511
-0.395698 0.39425 2.15998
-0.510186 0.180669 2.16587
-0.529329 0.105727 2.15798
0.0260336 0.636314 2.12956
0.0922236 0.387001 2.22602
0.152469 0.151922 2.23892
0.141374 0.0970283 2.22963
-0.206938 0.165103 2.23146
-0.282139 -0.197074 2.34653
-0.33803 -0.56472 2.45884
-0.349585 -0.639006 2.3752
-0.0608714 0.163162 2.24492
-0.0435776 -0.187553 2.35143
-0.0497242 -0.5624 2.46785
-0.0422865 -0.657049 2.39156
-0.141521 0.655654 2.08728
-0.546932 0.0058326 2.18555
-0.540512 0.0881236 2.16771
0.148305 0.0166517 2.24037
0.11361 0.069553 2.20404
-0.141454 0.166571 2.2719
-0.164618 0.449404 2.16875
-0.189938 0.719482 2.0563
-0.216481 0.871233 2.04192
-0.341657 0.601784 2.09049
-0.425785 0.360471 2.16624
-0.525812 0.139731 2.1712
-0.537654 0.0516563 2.16083
-0.0202726 0.64921 2.12332
0.0831627 0.399172 2.22393
0.1508 0.165838 2.23455
0.144725 0.13008 2.22899
-0.212954 0.16192 2.23158
-0.281718 -0.204225 2.34823
-0.336941 -0.564303 2.45934
-0.349569 -0.639087 2.37526
-0.0665172 0.168933 2.24072
-0.0411173 -0.18276 2.3486
-0.0492103 -0.562588 2.4657
-0.0424148 -0.657594 2.39163
-0.183801 0.653594 2.08637
-0.549713 -0.0362742 2.18819
-0.52548 0.0274858 2.1795
0.154391 0.046565 2.25092
0.121679 0.113505 2.20062
-0.145266 0.166354 2.27076
-0.181298 0.445684 2.16804
-0.220513 0.712443 2.05558
-0.271932 0.861804 2.04237
-0.367357 0.589722 2.09576
-0.443641 0.339957 2.17206
-0.52798 0.112571 2.17511
-0.539902 0.0260889 2.16804
-0.0410233 0.651446 2.11846
0.0789846 0.405709 2.2259
0.155682 0.174699 2.23046
0.145266 0.150791 2.22361
-0.217824 0.157819 2.23172
-0.281787 -0.205303 2.34877
-0.335781 -0.563557 2.4598
-0.349576 -0.639116 2.3754
-0.0699636 0.170892 2.23884
-0.0400244 -0.1587 2.3371
-0.0490535 -0.562386 2.46608
-0.0429194 -0.656342 2.39149
-0.21077 0.647393 2.08567
-0.551571 -0.0600777 2.18576
-0.547081 -0.0395829 2.20733
0.16266 0.0673019 2.24829
0.123011 0.125701 2.19663
-0.15631 0.157109 2.27165
-0.230584 0.422983 2.17032
-0.308278 0.679008 2.0575
-0.390385 0.81811 2.0373
-0.431317 0.530656 2.11227
-0.455486 0.300985 2.18278
-0.522599 0.0688744 2.19649
-0.531899 -0.0316853 2.19442
-0.12887 0.64254 2.10568
0.0584621 0.444881 2.22552
0.147599 0.217676 2.2145
0.142127 0.19633 2.20498
-0.226942 0.136443 2.23549
-0.2822 -0.21161 2.3494
-0.334952 -0.563187 2.46032
-0.349468 -0.639205 2.37529
-0.081199 0.170257 2.23818
-0.0421448 -0.180374 2.34958
-0.0486928 -0.561831 2.46392
-0.04307 -0.656319 2.39235
-0.289074 0.616457 2.08774
-0.542581 -0.127053 2.2173
-0.534756 -0.0991373 2.2462
0.169598 0.116036 2.2386
0.105501 0.183357 2.195
-0.157078 0.147826 2.27407
-0.247287 0.411292 2.17095
-0.344052 0.663041 2.05573
-0.451752 0.785123 2.0304
-0.449023 0.511422 2.119
-0.460858 0.280404 2.18858
-0.508889 0.0450308 2.21377
-0.519888 -0.0506364 2.213
-0.159293 0.632753 2.10282
0.0501893 0.454268 2.22141
0.146555 0.230294 2.19931
0.138732 0.218776 2.19261
-0.22432 0.121781 2.24173
-0.281543 -0.213826 2.34973
-0.334999 -0.564683 2.46206
-0.349611 -0.639801 2.37625
-0.0839054 0.166799 2.23809
-0.04233 -0.177287 2.34926
-0.048591 -0.561334 2.46126
-0.0423884 -0.65627 2.39169
-0.319585 0.601755 2.08664
-0.529697 -0.146471 2.23368
-0.520458 -0.133126 2.261
0.165864 0.146331 2.20556
0.123532 0.181987 2.1625
-0.154738 0.140701 2.27868
-0.265539 0.399014 2.17201
-0.381738 0.646629 2.05212
-0.496166 0.759337 2.02382
-0.457342 0.5057 2.12013
-0.452715 0.238305 2.19914
-0.505296 -0.00237844 2.22308
-0.504079 -0.0847407 2.23407
-0.177091 0.626136 2.09982
0.0281874 0.490021 2.20277
0.132788 0.269274 2.19277
0.13624 0.237229 2.18387
-0.221803 0.114474 2.24678
-0.280181 -0.215992 2.35072
-0.334373 -0.564195 2.46148
-0.349323 -0.640254 2.37714
-0.0825322 0.161895 2.24108
-0.0439951 -0.203614 2.36074
-0.048652 -0.56171 2.45972
-0.0426803 -0.656614 2.39161
-0.353208 0.586062 2.08426
-0.509226 -0.188842 2.26993
-0.501105 -0.14851 2.27533
0.160586 0.163406 2.19966
0.107646 0.214537 2.17067
-0.155355 0.139715 2.28086
-0.27897 0.387256 2.17334
-0.401912 0.623412 2.05258
-0.525899 0.728713 2.02338
-0.477802 0.485368 2.1267
-0.456569 0.197717 2.21894
-0.487463 -0.0402396 2.24405
-0.480734 -0.101673 2.25382
-0.216029 0.627977 2.08849
0.0143114 0.509282 2.18783
0.129955 0.294036 2.17526
0.143984 0.24851 2.1678
-0.222118 0.110935 2.25221
-0.282692 -0.249867 2.37118
-0.329754 -0.563598 2.46029
-0.348524 -0.639071 2.3802
-0.0832945 0.163134 2.24139
-0.0404441 -0.14929 2.33321
-0.0485041 -0.566335 2.45997
-0.040876 -0.659616 2.38935
-0.371923 0.565846 2.08479
-0.478188 -0.202513 2.29237
-0.47311 -0.173321 2.30171
0.174522 0.178113 2.18585
0.120502 0.216363 2.14819
-0.15585 0.139467 2.2815
-0.282607 0.385538 2.17265
-0.407568 0.620682 2.05078
-0.532741 0.721779 2.02244
-0.47375 0.471024 2.12797
-0.451801 0.195736 2.2215
-0.481743 -0.0416461 2.25081
-0.476911 -0.10236 2.25971
-0.220676 0.628531 2.08645
0.0095029 0.513008 2.18108
0.128943 0.299824 2.16883
0.141423 0.249626 2.16091
-0.222451 0.108913 2.25494
-0.27371 -0.20109 2.34463
-0.327666 -0.561351 2.46015
-0.347959 -0.638557 2.38128
-0.0845933 0.164869 2.24044
-0.0408359 -0.147449 2.33233
-0.0478851 -0.568454 2.45965
-0.0406834 -0.660781 2.3935
-0.377054 0.563358 2.08327
-0.472887 -0.195738 2.29327
-0.467521 -0.166179 2.2989
0.174599 0.178428 2.17749
0.12077 0.220943 2.13952
-0.158214 0.138159 2.28181
-0.283266 0.385147 2.17235
-0.406573 0.621494 2.05046
-0.530455 0.724492 2.02097
-0.474253 0.471404 2.12799
-0.451293 0.198864 2.22204
-0.481081 -0.038438 2.25198
-0.485716 -0.0986061 2.2583
-0.220638 0.628859 2.08475
0.00641899 0.510917 2.17695
0.127156 0.298467 2.16722
0.141687 0.240707 2.16654
-0.224338 0.10896 2.25486
-0.2752 -0.201171 2.3444
-0.327324 -0.561612 2.4604
-0.347834 -0.639233 2.38125
-0.0874562 0.162007 2.2402
-0.0409457 -0.149657 2.33258
-0.0480633 -0.568968 2.45472
-0.039648 -0.662296 2.38803
-0.37666 0.563731 2.083
-0.480943 -0.196724 2.3008
-0.481157 -0.151764 2.299
0.173008 0.16647 2.18047
0.115203 0.220226 2.15159
-0.164198 0.136901 2.27996
-0.285307 0.385595 2.17133
-0.404993 0.624195 2.05002
-0.505808 0.751925 2.0194
-0.464975 0.491302 2.12324
-0.463799 0.227597 2.21227
-0.489613 -0.00990811 2.24476
-0.500647 -0.0805625 2.24791
-0.219665 0.62937 2.08353
0.00939508 0.501684 2.17426
0.13122 0.290065 2.17167
0.14933 0.233961 2.17834
-0.230605 0.107463 2.25397
-0.280201 -0.201957 2.34554
-0.326099 -0.554701 2.46046
-0.347526 -0.63895 2.38168
-0.0935015 0.161723 2.23618
-0.0461983 -0.158014 2.33372
-0.0484734 -0.566604 2.45433
-0.0423417 -0.659323 2.3891
-0.376108 0.565535 2.08249
-0.499283 -0.172008 2.2852
-0.496798 -0.126496 2.2821
0.183115 0.15226 2.19555
0.11693 0.218438 2.17257
-0.167771 0.142369 2.27534
-0.264936 0.408553 2.16604
-0.336149 0.674303 2.04848
-0.428706 0.804813 2.02646
-0.458077 0.512867 2.11954
-0.463705 0.28209 2.19062
-0.514607 0.0493349 2.22658
-0.52475 -0.0414904 2.21914
-0.187069 0.631175 2.08677
0.0471653 0.450188 2.19164
0.157247 0.232362 2.18077
0.155628 0.203644 2.18125
-0.23524 0.118404 2.24523
-0.284591 -0.207287 2.34689
-0.331565 -0.55903 2.46237
-0.347725 -0.639822 2.38049
-0.0952543 0.163691 2.23424
-0.0663559 -0.188916 2.34594
-0.0504424 -0.564162 2.45895
-0.0444875 -0.655339 2.39455
-0.316898 0.611186 2.07962
-0.527643 -0.130861 2.25247
-0.523153 -0.111433 2.25925
0.18773 0.121551 2.19988
0.141302 0.163649 2.15344
-0.172329 0.14834 2.27017
-0.241145 0.42415 2.16366
-0.291907 0.691936 2.04975
-0.35509 0.839779 2.03376
-0.445247 0.526542 2.11478
-0.462213 0.296968 2.18733
-0.530068 0.0667756 2.21302
-0.542932 -0.0108996 2.19779
-0.121375 0.639032 2.0946
0.0512794 0.435172 2.19727
0.159164 0.216333 2.1848
0.155748 0.177442 2.18267
-0.241687 0.129679 2.23702
-0.289023 -0.205202 2.34627
-0.332041 -0.558851 2.46261
-0.347963 -0.63971 2.38027
-0.0976439 0.164675 2.23236
-0.06113 -0.187852 2.34468
-0.0509691 -0.563516 2.46024
-0.0451374 -0.655078 2.39447
-0.280063 0.626677 2.08003
-0.548726 -0.08821 2.23375
-0.536296 -0.0585037 2.227
0.18101 0.0853274 2.20577
0.141201 0.150087 2.15061
-0.173026 0.158061 2.26611
-0.215004 0.44125 2.16236
-0.246245 0.712976 2.04975
-0.270342 0.868137 2.04076
-0.41366 0.564267 2.10432
-0.456308 0.338833 2.17854
-0.540489 0.11267 2.19466
-0.55456 0.0365522 2.17631
-0.0768385 0.644338 2.10132
0.050871 0.42895 2.19745
0.15064 0.206313 2.19088
0.155257 0.152088 2.18601
-0.243852 0.144878 2.22999
-0.293499 -0.200755 2.34527
-0.332845 -0.559432 2.46294
-0.347597 -0.63841 2.38109
-0.0974053 0.168169 2.23119
-0.0612472 -0.182503 2.34077
-0.0508753 -0.56361 2.46118
-0.0459047 -0.654802 2.39491
-0.238984 0.646719 2.07984
-0.563694 -0.0448152 2.20517
-0.541081 0.0171472 2.19083
0.175495 0.0597315 2.19698
0.138299 0.130795 2.15333
-0.17221 0.16687 2.26216
-0.184911 0.452479 2.16402
-0.184552 0.72493 2.05851
-0.166281 0.884586 2.04978
-0.348971 0.614652 2.09131
-0.440713 0.383566 2.17129
-0.538431 0.161511 2.17352
-0.552011 0.103436 2.15914
-0.0164954 0.640659 2.1158
0.065305 0.399598 2.20006
0.155359 0.17302 2.19522
0.156735 0.108173 2.18892
-0.243991 0.160649 2.22477
-0.29604 -0.200019 2.34633
-0.333871 -0.559782 2.46288
-0.347588 -0.636831 2.38219
-0.0959916 0.170287 2.22939
-0.0613391 -0.182433 2.34062
-0.0508407 -0.565005 2.46632
-0.0466706 -0.654665 2.39454
-0.185244 0.658555 2.08673
-0.571956 0.010744 2.19103
-0.538561 0.0835303 2.18067
0.17115 0.018473 2.20442
0.138942 0.088821 2.15473
-0.17054 0.168249 2.26155
-0.162749 0.453236 2.16601
-0.149137 0.725415 2.06138
-0.0956563 0.882244 2.05719
-0.302567 0.627007 2.08657
-0.42487 0.400739 2.16707
-0.542444 0.188503 2.16588
-0.55359 0.121219 2.14571
0.0128517 0.628557 2.12439
0.0892018 0.372285 2.21147
0.16473 0.140505 2.20199
0.159115 0.0801887 2.19528
-0.241148 0.165386 2.22226
-0.297975 -0.192463 2.34294
-0.334198 -0.559938 2.46307
-0.347777 -0.636052 2.3824
-0.0940829 0.168749 2.2303
-0.0614 -0.185323 2.34081
-0.0514877 -0.565593 2.46774
-0.047065 -0.65598 2.39295
-0.152751 0.658997 2.0895
-0.568847 0.049995 2.1764
-0.562847 0.0908769 2.16867
0.169419 -0.0126065 2.21587
0.14268 0.0506759 2.15809
-0.166911 0.166498 2.26158
-0.123968 0.44386 2.17292
-0.0759414 0.712295 2.07523
-0.0150284 0.873332 2.06471
-0.246132 0.630719 2.08233
-0.398895 0.426618 2.15686
-0.532134 0.223939 2.1568
-0.550276 0.180618 2.14142
0.0706018 0.600302 2.1353
0.108567 0.346163 2.22065
0.167067 0.109858 2.22042
0.161274 0.0481283 2.21183
-0.237119 0.166513 2.21966
-0.298814 -0.185672 2.34016
-0.334806 -0.560337 2.46302
-0.347897 -0.635903 2.38205
-0.0889895 0.160301 2.23446
-0.0620053 -0.181258 2.33692
-0.0517904 -0.564874 2.46707
-0.047057 -0.655485 2.39335
-0.0861808 0.646327 2.10198
-0.57459 0.0835112 2.1735
-0.538255 0.170157 2.15437
0.170222 -0.043612 2.23725
0.143975 0.00792602 2.1749
-0.161702 0.161149 2.26366
-0.102134 0.437984 2.17595
-0.0361331 0.706303 2.07656
0.0445469 0.857728 2.06834
-0.211216 0.630657 2.08316
-0.384221 0.446344 2.15233
-0.53455 0.255834 2.14321
-0.549077 0.222023 2.12827
0.0955011 0.582589 2.14331
0.126222 0.328544 2.22729
0.16465 0.0894716 2.24288
0.161773 -0.00501641 2.24136
-0.23336 0.166361 2.21837
-0.299404 -0.183157 2.34024
-0.336281 -0.562699 2.46319
-0.348195 -0.635666 2.38092
-0.0838857 0.147753 2.24142
-0.0663221 -0.198359 2.34511
-0.0536844 -0.5653 2.47002
-0.046364 -0.657159 2.39223
-0.0527967 0.640689 2.10355
-0.581008 0.146497 2.13806
-0.569081 0.215934 2.12133
0.164479 -0.0898866 2.28567
0.147009 -0.0171665 2.20163
-0.159623 0.15398 2.26957
-0.0793962 0.426974 2.18148
0.0116397 0.686445 2.08216
0.127178 0.821694 2.07739
-0.172673 0.627053 2.08507
-0.37053 0.472786 2.15017
-0.534226 0.29395 2.12989
-0.541433 0.259267 2.1146
0.131895 0.542344 2.15519
0.135469 0.289222 2.24689
0.156976 0.00294885 2.25589
0.149147 -0.0528993 2.26753
-0.230047 0.164443 2.22042
-0.30129 -0.200341 2.35416
-0.337718 -0.563972 2.46303
-0.349198 -0.63602 2.37984
-0.0851335 0.136966 2.25007
-0.070874 -0.213111 2.35205
-0.0557918 -0.566967 2.47203
-0.046165 -0.659338 2.39043
-0.0109719 0.623025 2.10914
-0.580073 0.180812 2.12997
-0.559678 0.236122 2.1205
0.149488 -0.128532 2.29894
0.132267 -0.0707933 2.23142
-0.164596 0.144934 2.27377
-0.0548314 0.406002 2.18842
0.0655935 0.654368 2.09138
0.173202 0.791348 2.08308
-0.14584 0.620602 2.08818
-0.358523 0.481585 2.14879
-0.525039 0.305628 2.124
-0.531565 0.273455 2.10966
0.138647 0.529817 2.15807
0.13789 0.263839 2.25233
0.151406 0.0260069 2.29027
0.135592 -0.0760251 2.28216
-0.231449 0.160917 2.2228
-0.270059 -0.204319 2.35766
-0.338849 -0.564414 2.4629
-0.350206 -0.63646 2.37842
-0.093475 0.123404 2.25526
-0.0736878 -0.230653 2.36146
-0.0581621 -0.568465 2.47313
-0.0455455 -0.660189 2.38993
0.0354754 0.593746 2.11772
-0.569164 0.195467 2.12261
-0.544122 0.252942 2.11281
0.12346 -0.163149 2.32868
0.121133 -0.0909664 2.24379
-0.168077 0.136228 2.28164
-0.0488103 0.397941 2.1922
0.0727533 0.648393 2.0914
0.2106 0.762013 2.08923
-0.123875 0.612222 2.09154
-0.351938 0.485452 2.1482
-0.517568 0.30883 2.1206
-0.519084 0.283172 2.11261
0.157824 0.491225 2.16845
0.133493 0.192435 2.27857
0.141636 -0.0491093 2.29217
0.125749 -0.0829784 2.28769
-0.233673 0.155238 2.23238
-0.266416 -0.206655 2.36013
-0.341176 -0.562817 2.46006
-0.350914 -0.636991 2.37774
-0.0977114 0.112447 2.26126
-0.0759462 -0.233168 2.36416
-0.0616985 -0.570694 2.47403
-0.0451753 -0.659328 2.38974
0.0425851 0.587278 2.11866
-0.558277 0.201163 2.13691
-0.546574 0.242318 2.11931
0.120371 -0.174174 2.31177
0.109445 -0.110103 2.24874
-0.171199 0.131367 2.28944
-0.0336097 0.379773 2.2003
0.107719 0.615048 2.09834
0.238703 0.731167 2.09585
-0.0978933 0.603825 2.09357
-0.338074 0.495417 2.14502
-0.504987 0.319837 2.11822
-0.523046 0.282522 2.11575
0.166848 0.475377 2.17538
0.130939 0.186039 2.27856
0.13762 -0.0550328 2.2964
0.110096 -0.135472 2.29244
-0.23537 0.154489 2.23742
-0.285789 -0.186725 2.35376
-0.341526 -0.560863 2.45842
-0.351997 -0.637336 2.3769
-0.102047 0.102932 2.27176
-0.0759054 -0.244774 2.37115
-0.0638394 -0.570755 2.46848
-0.0479074 -0.653345 2.39283
0.0727147 0.557496 2.12609
-0.556938 0.213051 2.1476
-0.537554 0.287645 2.09594
0.0983374 -0.207945 2.33076
0.101895 -0.130013 2.25342
-0.172586 0.12946 2.29479
-0.0316515 0.376259 2.20268
0.109739 0.61184 2.09881
0.242348 0.725477 2.09767
-0.0900517 0.599605 2.09495
-0.330134 0.505963 2.14243
-0.499114 0.332136 2.11783
-0.527876 0.295624 2.11361
0.17059 0.456285 2.18304
0.128447 0.187455 2.27704
0.13348 -0.053171 2.29865
0.103957 -0.136498 2.29678
-0.23614 0.154117 2.24328
-0.284033 -0.18697 2.35417
-0.344114 -0.560159 2.4599
-0.352865 -0.636156 2.37703
-0.103889 0.100185 2.2766
-0.0757967 -0.245973 2.37295
-0.0644636 -0.571573 2.46816
-0.0482673 -0.653233 2.39106
0.0747463 0.554307 2.1269
-0.567008 0.219492 2.13576
-0.535116 0.312818 2.09524
0.0908326 -0.209981 2.34319
0.0913684 -0.140766 2.25995
-0.171514 0.130885 2.30009
-0.0356129 0.379876 2.20505
0.0928199 0.622487 2.09759
0.225558 0.734739 2.09442
-0.0961027 0.602501 2.0954
-0.332689 0.506526 2.14364
-0.50364 0.334669 2.11943
-0.534917 0.28864 2.11662
0.168514 0.460877 2.18326
0.12489 0.191185 2.27828
0.133369 -0.049713 2.29722
0.106621 -0.1233 2.29476
-0.235014 0.155338 2.24947
-0.2881 -0.186699 2.35561
-0.343565 -0.562034 2.45934
-0.354312 -0.637214 2.37521
-0.10284 0.102259 2.28106
-0.0731864 -0.233849 2.37545
-0.0657301 -0.572735 2.46982
-0.0493878 -0.6525 2.39377
0.0616489 0.56304 2.12685
-0.575306 0.208747 2.14505
-0.533662 0.292362 2.12264
0.0975956 -0.190515 2.33202
0.0932702 -0.11519 2.25482
-0.171128 0.134146 2.30352
-0.0472176 0.388704 2.20785
0.0654115 0.636747 2.09886
0.179164 0.77027 2.08333
-0.11526 0.610099 2.09787
-0.348394 0.499699 2.14984
-0.515323 0.323948 2.1258
-0.534173 0.282291 2.12694
0.155288 0.481434 2.18354
0.125626 0.235287 2.26781
0.129832 -0.00543487 2.29074
0.118201 -0.0677855 2.28456
-0.235153 0.157017 2.25311
-0.289687 -0.190207 2.35922
-0.3417 -0.562619 2.46009
-0.354858 -0.638027 2.37573
-0.101721 0.107887 2.28431
-0.0720135 -0.232606 2.37545
-0.0655496 -0.573306 2.46927
-0.0487844 -0.653232 2.39567
0.0380532 0.576089 2.12835
-0.578184 0.192747 2.14275
-0.538606 0.287772 2.1285
0.106403 -0.158609 2.32221
0.104167 -0.0789482 2.24241
-0.161533 0.147759 2.30651
-0.0703298 0.417818 2.20689
0.0078587 0.682092 2.09428
0.0943722 0.825967 2.07983
-0.160136 0.621348 2.1015
-0.36794 0.476175 2.16415
-0.523187 0.289816 2.14292
-0.547225 0.234452 2.14077
0.120803 0.566661 2.1687
0.117036 0.296499 2.26054
0.133929 0.015447 2.27276
0.128144 -0.0297802 2.26721
-0.229787 0.1614 2.25568
-0.287036 -0.199124 2.36349
-0.340348 -0.566361 2.46051
-0.354472 -0.637715 2.37557
-0.0882752 0.131481 2.28714
-0.0710247 -0.224979 2.37321
-0.0634975 -0.570783 2.47123
-0.0464932 -0.657271 2.39416
-0.0110154 0.617661 2.12451
-0.578557 0.151152 2.15664
-0.552084 0.249914 2.13286
0.128916 -0.106378 2.29612
0.110584 -0.0596018 2.2325
-0.155057 0.157126 2.30353
-0.0850076 0.433095 2.20389
-0.0260584 0.70097 2.09311
0.0198796 0.861197 2.08166
-0.212228 0.631349 2.10455
-0.377306 0.457548 2.16855
-0.526676 0.266204 2.15535
-0.549502 0.205634 2.14964
0.0972311 0.585385 2.16133
0.113058 0.326461 2.25378
0.139862 0.0856087 2.26751
0.135448 0.0276393 2.2557
-0.225426 0.16684 2.25542
-0.296257 -0.194236 2.36063
-0.341148 -0.567568 2.45962
-0.353892 -0.638104 2.37479
-0.0800075 0.143518 2.28095
-0.0629784 -0.210404 2.36712
-0.0581896 -0.569748 2.46659
-0.0465411 -0.657328 2.39367
-0.0402894 0.635659 2.12274
-0.578823 0.113718 2.16998
-0.576462 0.114067 2.17662
0.1365 -0.0640659 2.28263
0.118106 0.00257839 2.21827
-0.152113 0.164808 2.30087
-0.116106 0.448887 2.20181
-0.0916335 0.720942 2.09292
-0.0588734 0.881514 2.08493
-0.261151 0.633148 2.11017
-0.398677 0.422144 2.17807
-0.537206 0.222873 2.16602
-0.552345 0.156905 2.15606
0.0525012 0.625142 2.15277
0.102037 0.349752 2.25193
0.145555 0.110497 2.2567
0.133585 0.0699119 2.24311
-0.223289 0.170486 2.25584
-0.296232 -0.196962 2.36136
-0.340759 -0.566853 2.45999
-0.353021 -0.638151 2.37573
-0.0762066 0.155682 2.2744
-0.0599999 -0.206319 2.36352
-0.0542482 -0.570752 2.46243
-0.0465995 -0.657364 2.39295
-0.0975733 0.654662 2.12207
-0.57421 0.0597154 2.17649
-0.543633 0.135049 2.17
0.141648 -0.0150638 2.26009
0.110424 0.0493177 2.21039
-0.151932 0.169749 2.2976
-0.143182 0.45587 2.1994
-0.145132 0.728918 2.09265
-0.132257 0.888988 2.08563
-0.307713 0.626288 2.11882
-0.409922 0.401206 2.18316
-0.530563 0.190478 2.17322
-0.543667 0.120901 2.16531
0.0204448 0.638006 2.1483
0.0890541 0.385619 2.24753
0.139666 0.147445 2.24993
0.130273 0.0980667 2.23795
-0.223429 0.171086 2.25562
-0.292884 -0.201966 2.36218
-0.339263 -0.56637 2.46098
-0.352619 -0.638628 2.3755
-0.0751816 0.166107 2.26746
-0.0545544 -0.201636 2.35961
-0.051902 -0.56989 2.45605
-0.047709 -0.65587 2.39303
-0.144595 0.66233 2.12125
-0.566817 0.0233342 2.17991
-0.559469 0.0204347 2.18567
0.13774 0.0149658 2.25147
0.104648 0.0768028 2.213
-0.153163 0.170775 2.2948
-0.177524 0.453291 2.19688
-0.206497 0.724005 2.09097
-0.239423 0.878581 2.08445
-0.355145 0.607499 2.12785
-0.428236 0.356115 2.19302
-0.521898 0.132145 2.19012
-0.528872 0.0372251 2.18372
-0.0387704 0.652236 2.14168
0.0704323 0.410896 2.24357
0.136281 0.176138 2.24078
0.134816 0.132179 2.22703
-0.225493 0.166666 2.25511
-0.28941 -0.2085 2.36323
-0.337971 -0.565919 2.46201
-0.351666 -0.63872 2.37569
-0.0766751 0.171779 2.26188
-0.0459872 -0.18681 2.35251
-0.0516152 -0.569916 2.45531
-0.0470298 -0.656632 2.3918
-0.199479 0.657901 2.11939
-0.535183 -0.0559407 2.21016
-0.532788 -0.0247077 2.2225
0.150558 0.0594715 2.23479
0.113081 0.112239 2.19591
-0.155473 0.168409 2.29243
-0.199254 0.446484 2.19714
-0.246113 0.714566 2.09401
-0.316029 0.862052 2.08235
-0.398535 0.57595 2.14109
-0.437077 0.331944 2.19878
-0.508462 0.100332 2.20544
-0.511773 0.000427942 2.20616
-0.0749859 0.65242 2.13756
0.0697188 0.422261 2.24353
0.146194 0.190751 2.2241
0.140467 0.172758 2.21552
-0.226952 0.156987 2.25557
-0.287174 -0.211175 2.36198
-0.337769 -0.565806 2.46199
-0.351294 -0.638837 2.37578
-0.0804996 0.173393 2.2571
-0.0446768 -0.185776 2.35231
-0.0508533 -0.568785 2.45461
-0.0467248 -0.656884 2.39077
-0.234698 0.649058 2.12172
-0.509541 -0.0922152 2.22874
-0.508146 -0.0587249 2.2468
0.162389 0.0899906 2.23478
0.10612 0.171678 2.20494
-0.158629 0.160356 2.28824
-0.227663 0.433203 2.19887
-0.300604 0.69707 2.10187
-0.378432 0.840182 2.08006
-0.425139 0.544621 2.15068
-0.454095 0.274981 2.21263
-0.501049 0.0376625 2.22387
-0.49153 -0.0485251 2.23062
-0.120593 0.651696 2.13872
0.0626134 0.443412 2.24367
0.15087 0.217317 2.20799
0.147073 0.195956 2.19897
-0.228575 0.140522 2.25339
-0.283235 -0.218988 2.35912
-0.337081 -0.565522 2.4617
-0.35082 -0.639993 2.37545
-0.0838211 0.171949 2.25269
-0.0432786 -0.188825 2.35538
-0.049779 -0.568522 2.45324
-0.0454548 -0.658069 2.39038
-0.282672 0.632544 2.12801
-0.483634 -0.126245 2.2593
-0.481355 -0.0843462 2.27513
0.173368 0.117724 2.21288
0.12741 0.169248 2.1689
-0.160176 0.149155 2.28598
-0.249213 0.418772 2.19973
-0.343104 0.67862 2.10404
-0.433 0.813577 2.07938
-0.449072 0.515518 2.16053
-0.408701 0.246848 2.20655
-0.497441 0.0259678 2.24072
-0.477335 -0.0644445 2.24512
-0.159129 0.642017 2.14049
0.0588162 0.45174 2.24321
0.149153 0.227562 2.19907
0.144272 0.213106 2.18968
-0.228144 0.122106 2.25409
-0.280729 -0.221116 2.35687
-0.334729 -0.564574 2.46046
-0.350527 -0.640156 2.37618
-0.0864209 0.168671 2.24891
-0.0445718 -0.204443 2.36208
-0.049746 -0.568222 2.45313
-0.0452357 -0.658227 2.38982
-0.31985 0.615085 2.12995
-0.464961 -0.151637 2.27784
-0.465615 -0.0926233 2.2716
0.172203 0.142039 2.19412
0.111665 0.203081 2.17668
-0.160216 0.140885 2.28647
-0.273258 0.402901 2.19802
-0.389847 0.655889 2.09735
-0.489872 0.779489 2.0728
-0.465914 0.511077 2.16545
-0.443053 0.243864 2.22888
-0.479453 0.0108611 2.27523
-0.463978 -0.0904502 2.25565
-0.190751 0.627597 2.13608
0.0501539 0.459541 2.24229
0.143666 0.23732 2.19396
0.131038 0.22867 2.1916
-0.227444 0.112426 2.2568
-0.279861 -0.223863 2.35568
-0.33149 -0.562677 2.45926
-0.35054 -0.640214 2.37637
-0.0874664 0.163946 2.24715
-0.0983543 -0.226019 2.36564
-0.0482377 -0.567398 2.45254
-0.044079 -0.659945 2.38845
-0.361242 0.594015 2.12458
-0.450793 -0.183052 2.28164
-0.449262 -0.143251 2.29491
0.159045 0.154614 2.2019
0.104795 0.214676 2.16623
-0.159058 0.13482 2.28837
-0.277846 0.397986 2.1984
-0.39634 0.650343 2.09701
-0.508652 0.760463 2.06964
-0.474107 0.496028 2.17038
-0.441137 0.202979 2.23711
-0.465088 -0.0348263 2.26828
-0.45669 -0.119435 2.26601
-0.204809 0.62688 2.1305
0.0153287 0.50762 2.22084
0.12123 0.287723 2.19932
0.128112 0.234772 2.19315
-0.225151 0.107692 2.2592
-0.278635 -0.204674 2.34223
-0.331159 -0.562728 2.45931
-0.350239 -0.639716 2.37796
-0.0874118 0.157581 2.24734
-0.0445667 -0.164946 2.34037
-0.0476671 -0.566185 2.45176
-0.0431917 -0.660516 2.39063
-0.367576 0.588566 2.12439
-0.4437 -0.197765 2.29312
-0.44309 -0.15165 2.30563
0.15893 0.163787 2.2053
0.0505898 0.168383 2.23361
-0.15694 0.133296 2.28765
-0.277381 0.395906 2.19753
-0.395557 0.647726 2.096
-0.510515 0.752014 2.06641
-0.473453 0.490047 2.16906
-0.437141 0.230016 2.22883
-0.460309 -0.00740146 2.26332
-0.458978 -0.0856862 2.26894
-0.208663 0.627652 2.12799
0.0150645 0.507989 2.218
0.124365 0.289904 2.19422
0.141113 0.234818 2.18304
-0.222864 0.105125 2.25944
-0.283211 -0.248413 2.36841
-0.330993 -0.564408 2.46008
-0.349889 -0.639496 2.38002
-0.0855855 0.157032 2.24603
-0.0422324 -0.180818 2.3492
-0.0470272 -0.569107 2.45208
-0.0413005 -0.662555 2.39132
-0.366849 0.586161 2.1234
-0.446417 -0.184867 2.29691
-0.444024 -0.157083 2.31286
0.169342 0.162791 2.19611
0.116006 0.211426 2.15818
-0.156151 0.134676 2.28679
-0.273073 0.396492 2.1947
-0.381642 0.647054 2.08865
-0.481862 0.76419 2.05612
-0.473376 0.492188 2.16768
-0.435482 0.249191 2.21914
-0.468929 0.0182586 2.27491
-0.461997 -0.0820235 2.26417
-0.206356 0.62849 2.12676
0.0383871 0.483348 2.22664
0.138432 0.262205 2.18953
0.141218 0.23221 2.18375
-0.222532 0.105413 2.25919
-0.277904 -0.206057 2.34343
-0.330335 -0.563699 2.45981
-0.35001 -0.63923 2.38069
-0.0844441 0.160299 2.24424
-0.0414946 -0.180919 2.34955
-0.0471127 -0.568433 2.45137
-0.0415178 -0.662265 2.39135
-0.355699 0.58594 2.11734
-0.452236 -0.17773 2.30012
-0.452588 -0.139063 2.306
0.171925 0.152312 2.18783
0.0498211 0.170587 2.229
-0.157979 0.136334 2.28803
-0.256933 0.404722 2.19021
-0.338239 0.664916 2.07668
-0.420329 0.804382 2.04866
-0.465989 0.499144 2.16289
-0.438676 0.262919 2.2143
-0.480083 0.0352258 2.2762
-0.470558 -0.0536125 2.24512
-0.17541 0.630951 2.12459
0.0521155 0.469855 2.23077
0.14815 0.247046 2.19344
0.147964 0.209737 2.1926
-0.225093 0.107929 2.26001
-0.27921 -0.21789 2.35468
-0.329631 -0.562589 2.45932
-0.350693 -0.639791 2.3798
-0.0859308 0.161184 2.24598
-0.0472591 -0.214123 2.36273
-0.0466586 -0.567173 2.45135
-0.0423428 -0.660878 2.39191
-0.318718 0.601424 2.10707
-0.468044 -0.139577 2.28632
-0.482462 -0.0392394 2.2485
0.175252 0.124058 2.20822
0.1266 0.178529 2.1611
-0.16206 0.147048 2.28918
-0.219805 0.429275 2.18562
-0.26189 0.69971 2.07106
-0.33829 0.839347 2.04921
-0.42472 0.539626 2.13805
-0.42885 0.305436 2.20045
-0.477605 0.0708903 2.2304
-0.483739 -0.0114579 2.22172
-0.136979 0.639129 2.12221
0.0675607 0.438203 2.23325
0.15648 0.211773 2.20387
0.149174 0.175673 2.2042
-0.231745 0.126599 2.25771
-0.280901 -0.212912 2.354
-0.330227 -0.562225 2.45975
-0.350455 -0.639734 2.37941
-0.0882384 0.165497 2.24956
-0.0450727 -0.192441 2.35186
-0.0468592 -0.567397 2.45163
-0.0435133 -0.658911 2.39199
-0.250136 0.634603 2.10149
-0.482851 -0.0948438 2.25081
-0.466483 -0.0116981 2.23057
0.169472 0.0829493 2.22578
0.131458 0.146347 2.17179
-0.160656 0.164148 2.28308
-0.190093 0.446981 2.1809
-0.210496 0.717863 2.06887
-0.225716 0.873707 2.05178
-0.354021 0.603944 2.11327
-0.423745 0.342406 2.19127
-0.493197 0.110735 2.20461
-0.501636 0.0595576 2.18975
-0.0392292 0.648066 2.12325
0.071166 0.417353 2.22641
0.151504 0.187022 2.21687
0.150215 0.133677 2.21288
-0.232423 0.153936 2.2466
-0.284974 -0.209074 2.35482
-0.331829 -0.561921 2.46044
-0.349773 -0.639693 2.37858
-0.0853818 0.171402 2.24827
-0.0472418 -0.184341 2.34641
-0.0479559 -0.56714 2.45388
-0.0443413 -0.657648 2.39264
-0.205869 0.651832 2.09877
-0.509805 -0.0317023 2.21572
-0.519573 0.0511848 2.19233
0.163522 0.038464 2.22829
0.128127 0.111289 2.18018
-0.156691 0.170278 2.27817
-0.164937 0.455269 2.17886
-0.165318 0.728415 2.07176
-0.154864 0.884827 2.05536
-0.326062 0.617375 2.10853
-0.41374 0.381146 2.18303
-0.502314 0.155051 2.18365
-0.51499 0.096714 2.16799
0.00372377 0.643524 2.12834
0.0806214 0.405075 2.22081
0.155319 0.17312 2.22014
0.155461 0.10931 2.21181
-0.228193 0.163894 2.24072
-0.287068 -0.205667 2.35399
-0.332739 -0.56227 2.46119
-0.349683 -0.639611 2.37853
-0.0811262 0.173149 2.24497
-0.0473597 -0.186165 2.34702
-0.0490368 -0.568162 2.46244
-0.0442631 -0.658271 2.39201
-0.165596 0.661766 2.10036
-0.52926 0.00519781 2.19958
-0.501832 0.0720728 2.13189
0.164977 0.0120663 2.22623
0.134903 0.0834337 2.17623
-0.152094 0.171858 2.27436
-0.142333 0.456908 2.17909
-0.127348 0.73049 2.07634
-0.0981978 0.887382 2.06152
-0.288513 0.62944 2.10252
-0.40487 0.402943 2.17358
-0.507145 0.18244 2.1651
-0.531908 0.124245 2.15037
0.0416498 0.628448 2.13655
0.100975 0.383514 2.22353
0.165458 0.148582 2.22228
0.165699 0.0864965 2.2129
-0.223577 0.168554 2.23682
-0.287813 -0.20013 2.35088
-0.333027 -0.562517 2.46156
-0.349673 -0.639616 2.37833
-0.07557 0.170918 2.24109
-0.0476268 -0.186685 2.34697
-0.048689 -0.567007 2.46672
-0.0448592 -0.65747 2.39402
-0.131296 0.663707 2.10391
-0.558281 0.0351871 2.17817
-0.518939 0.111209 2.11445
0.173853 -0.00741813 2.23206
0.146466 0.0609245 2.17897
-0.144843 0.170006 2.27069
-0.120979 0.454164 2.18051
-0.0938619 0.727805 2.08237
-0.0485029 0.884707 2.06716
-0.256326 0.630527 2.09888
-0.397506 0.413068 2.16543
-0.517317 0.20174 2.1546
-0.538257 0.152783 2.13853
0.0527753 0.624438 2.13838
0.11588 0.365514 2.22667
0.181539 0.131008 2.22494
0.179347 0.0691362 2.21587
-0.215857 0.169259 2.22998
-0.287868 -0.195187 2.34761
-0.333511 -0.56322 2.46178
-0.349544 -0.639554 2.37786
-0.0683444 0.165804 2.2406
-0.0478055 -0.187197 2.34692
-0.0488287 -0.56522 2.46831
-0.044627 -0.657376 2.39341
-0.100794 0.660971 2.1088
-0.568285 0.0639055 2.1653
-0.530759 0.120577 2.1028
0.190409 -0.0241562 2.23732
0.161274 0.0391352 2.18066
-0.138788 0.166652 2.26788
-0.109893 0.451731 2.1811
-0.078455 0.726055 2.08525
-0.0139939 0.881638 2.0727
-0.235597 0.629752 2.09466
-0.387303 0.426404 2.15798
-0.515555 0.220116 2.14778
-0.537842 0.172755 2.1328
0.084062 0.611558 2.14713
0.130834 0.348968 2.23261
0.193168 0.113738 2.23278
0.190393 0.0344633 2.22119
-0.209695 0.168741 2.22463
-0.287351 -0.192471 2.34479
-0.333633 -0.563486 2.46191
-0.349512 -0.639509 2.37752
-0.0624445 0.159089 2.24058
-0.0461942 -0.18818 2.34669
-0.0496028 -0.565456 2.46938
-0.0424102 -0.660054 2.38975
-0.0864773 0.659078 2.11113
-0.568543 0.0821433 2.1555
-0.528632 0.151741 2.0961
0.199117 -0.0451387 2.26049
0.173762 0.0101256 2.18507
-0.132425 0.163114 2.26352
-0.094043 0.448472 2.18006
-0.0539455 0.723619 2.08713
0.0101375 0.880515 2.07854
-0.219379 0.628411 2.09159
-0.378299 0.442874 2.14847
-0.510738 0.239222 2.14098
-0.540633 0.185145 2.12979
0.0981877 0.605417 2.15116
0.141934 0.344111 2.23776
0.205059 0.10986 2.24792
0.205465 0.0314051 2.23443
-0.203099 0.167571 2.21792
-0.284295 -0.190859 2.33976
-0.333908 -0.563937 2.46101
-0.349882 -0.639974 2.37664
-0.0570642 0.153554 2.23876
-0.0432475 -0.189711 2.34492
-0.0502915 -0.565717 2.47055
-0.042422 -0.660329 2.39156
-0.0639939 0.656386 2.11228
-0.569836 0.0984624 2.14976
-0.542164 0.142961 2.095
0.211712 -0.0463552 2.27127
0.188606 0.0223996 2.19915
-0.12887 0.16126 2.26014
-0.0898072 0.44683 2.17921
-0.0498413 0.721869 2.08788
0.0149038 0.879978 2.08006
-0.215131 0.627947 2.09117
-0.376003 0.443335 2.14659
-0.511237 0.24156 2.13898
-0.539186 0.185469 2.12758
0.101394 0.605377 2.15133
0.151224 0.34042 2.24481
0.212341 0.105467 2.25267
0.213059 0.0299276 2.24011
-0.199623 0.166283 2.21304
-0.281743 -0.189276 2.33605
-0.333556 -0.563965 2.46046
-0.350643 -0.640254 2.37466
-0.0538219 0.151295 2.23689
-0.040459 -0.191194 2.34305
-0.0503905 -0.565506 2.4696
-0.0416596 -0.660641 2.39086
-0.0598364 0.654688 2.11268
-0.570351 0.0978333 2.14738
-0.535044 0.160389 2.09373
0.218248 -0.0455406 2.28431
0.197054 0.0213992 2.20262
-0.126445 0.160226 2.25798
-0.0884454 0.446537 2.1789
-0.0491988 0.721923 2.08839
0.0149318 0.880284 2.08085
-0.214312 0.627894 2.09119
-0.374437 0.441369 2.1467
-0.510741 0.240313 2.13724
-0.534677 0.177333 2.12808
0.101897 0.605394 2.15137
0.150687 0.344232 2.24406
0.216812 0.11103 2.25606
0.218778 0.035088 2.24125
-0.197424 0.165231 2.21066
-0.2794 -0.18716 2.33222
-0.333339 -0.563971 2.46038
-0.351711 -0.6406 2.37314
-0.0514522 0.150328 2.23514
-0.0387415 -0.192356 2.34167
-0.0508669 -0.565973 2.46936
-0.0415328 -0.6614 2.39108
-0.0590649 0.654694 2.11297
-0.566677 0.0842302 2.15828
-0.530206 0.147529 2.09378
0.227319 -0.0387115 2.27989
0.202116 0.0190477 2.20307
-0.12541 0.15982 2.25675
-0.0882387 0.446408 2.17859
-0.0499066 0.722109 2.08848
0.0101212 0.882159 2.08213
-0.214862 0.627832 2.0913
-0.375186 0.43539 2.14753
-0.509797 0.228748 2.13723
-0.534796 0.162896 2.13316
0.101951 0.605821 2.15162
0.148909 0.35236 2.24171
0.222662 0.121564 2.25476
0.225455 0.0416608 2.23622
-0.196422 0.164735 2.2094
-0.278371 -0.186749 2.3313
-0.333227 -0.564065 2.46034
-0.352097 -0.640842 2.37281
-0.050472 0.150007 2.23404
-0.0378099 -0.19178 2.34021
-0.0510088 -0.565837 2.46904
-0.0422399 -0.661217 2.39181
-0.059425 0.65479 2.11295
-0.570401 0.0706167 2.16403
-0.521823 0.13386 2.09827
0.2335 -0.0387138 2.27926
0.209758 0.0353367 2.19904
