-0.22334 0.3181 2.50434
-0.129548 0.615285 2.43519
-0.0307252 0.897358 2.35397
0.0846463 0.983713 2.28577
-0.225848 0.883391 2.34297
-0.473191 0.748758 2.47466
-0.604693 0.512233 2.50847
-0.635394 0.449115 2.53111
0.0748219 0.745786 2.40696
0.115567 0.512933 2.49612
0.152639 0.213868 2.52552
0.147274 0.125695 2.50717
-0.298943 0.334038 2.4534
-0.329014 -0.130952 2.60308
-0.324628 -0.499268 2.68871
-0.332674 -0.583897 2.58634
-0.141365 0.29176 2.48076
-0.0661681 -0.123129 2.59966
-0.0132787 -0.499576 2.67557
0.0193525 -0.578429 2.5701
-0.0554515 0.828355 2.37646
-0.663294 0.370711 2.54707
-0.635616 0.454925 2.44433
0.14676 0.0380828 2.49703
0.134717 0.0738186 2.45222
-0.222295 0.319065 2.50438
-0.129952 0.616299 2.43525
-0.0391076 0.90276 2.35452
0.0645903 0.99969 2.27541
-0.233804 0.883465 2.34221
-0.474142 0.750753 2.47955
-0.606947 0.514034 2.51676
-0.63371 0.437891 2.54586
0.0754287 0.750866 2.40605
0.1201 0.520885 2.4947
0.152827 0.215329 2.51936
0.146996 0.148236 2.49589
-0.298298 0.334748 2.4532
-0.329342 -0.131063 2.60292
-0.32487 -0.499636 2.68897
-0.33359 -0.584747 2.58497
-0.139555 0.293469 2.48119
-0.0661425 -0.12281 2.60006
-0.0132498 -0.498761 2.67417
0.0189898 -0.577941 2.57061
-0.0609275 0.832478 2.3768
-0.662561 0.355548 2.57752
-0.63887 0.42836 2.4607
0.150534 0.0581172 2.51696
0.1364 0.100422 2.44336
-0.207963 0.32626 2.5036
-0.134413 0.626663 2.43481
-0.0730913 0.923846 2.35476
0.0114921 1.03338 2.27082
-0.249101 0.885184 2.34264
-0.48503 0.728893 2.49368
-0.604891 0.494334 2.53282
-0.625551 0.407676 2.55441
0.0701436 0.778887 2.39559
0.122589 0.552108 2.48798
0.159547 0.302851 2.50656
0.150572 0.205702 2.49191
-0.286887 0.337749 2.45319
-0.326967 -0.131297 2.603
-0.32448 -0.499271 2.6887
-0.333446 -0.584366 2.58545
-0.122442 0.305837 2.47935
-0.0625622 -0.119228 2.59881
-0.0137032 -0.499653 2.67502
0.0176886 -0.573651 2.57455
-0.0871898 0.851438 2.37678
-0.646095 0.326623 2.57718
-0.625145 0.402584 2.4731
0.151023 0.113433 2.50135
0.13366 0.155294 2.44193
-0.191582 0.33527 2.50234
-0.149366 0.644751 2.43332
-0.120498 0.948369 2.35314
-0.068968 1.06917 2.27043
-0.297405 0.890705 2.35249
-0.493505 0.698673 2.4984
-0.597162 0.439872 2.54298
-0.609286 0.34666 2.55523
0.0552473 0.815204 2.38596
0.126211 0.584502 2.4954
0.163589 0.334401 2.50668
0.153077 0.240576 2.48646
-0.271269 0.339213 2.45638
-0.318676 -0.131165 2.60334
-0.321791 -0.499996 2.68908
-0.333373 -0.584419 2.585
-0.105499 0.322939 2.47314
-0.0560998 -0.115592 2.59695
-0.0138814 -0.499958 2.67703
0.0170404 -0.572556 2.57631
-0.127073 0.874461 2.37515
-0.627287 0.262787 2.57481
-0.610054 0.33569 2.4775
0.155299 0.146853 2.50188
0.134836 0.206869 2.43657
-0.184933 0.340972 2.50025
-0.163901 0.654754 2.43187
-0.155135 0.958374 2.35326
-0.129067 1.08368 2.26893
-0.337655 0.885519 2.36228
-0.500486 0.670601 2.50267
-0.584592 0.411336 2.54283
-0.597005 0.312579 2.5551
0.0284866 0.844486 2.37822
0.12912 0.610994 2.49535
0.165014 0.360273 2.5033
0.15923 0.267885 2.48251
-0.265796 0.340228 2.45685
-0.31237 -0.131082 2.60354
-0.320599 -0.49903 2.68842
-0.333312 -0.585352 2.58437
-0.0982749 0.333838 2.46791
-0.0491159 -0.111818 2.59368
-0.0134957 -0.49943 2.67636
0.0161161 -0.572512 2.57656
-0.157105 0.884502 2.37486
-0.60564 0.235988 2.58262
-0.600756 0.292125 2.47755
0.166508 0.175191 2.50321
0.141832 0.240215 2.42788
-0.180673 0.343301 2.49951
-0.176583 0.657735 2.4314
-0.187022 0.959765 2.35298
-0.189422 1.08757 2.26919
-0.377102 0.866359 2.37214
-0.51438 0.624452 2.51194
-0.577858 0.38264 2.54199
-0.588023 0.283815 2.55636
-0.00182179 0.863099 2.36988
0.123524 0.64961 2.4897
0.16703 0.399384 2.4949
0.166099 0.306469 2.47713
-0.261173 0.338811 2.45752
-0.304468 -0.131097 2.602
-0.318808 -0.497887 2.68722
-0.333241 -0.585611 2.58448
-0.0938843 0.339769 2.46602
-0.0418949 -0.112389 2.59406
-0.0129148 -0.498956 2.67717
0.0167838 -0.573561 2.57481
-0.184182 0.886255 2.37458
-0.591375 0.207217 2.58533
-0.59021 0.250883 2.47992
0.172523 0.21531 2.49194
0.149259 0.268967 2.42656
-0.172357 0.344317 2.49943
-0.196018 0.655381 2.43201
-0.234261 0.952741 2.35346
-0.264618 1.07949 2.26886
-0.410234 0.834175 2.37821
-0.521037 0.59069 2.51263
-0.577633 0.329889 2.54312
-0.577458 0.233667 2.56222
-0.0491549 0.878946 2.35945
0.118599 0.668728 2.48893
0.168669 0.416042 2.48784
0.165957 0.33559 2.47318
-0.250491 0.332895 2.46233
-0.29384 -0.129398 2.60098
-0.318054 -0.494657 2.68618
-0.333348 -0.585671 2.58429
-0.0867265 0.345304 2.46266
-0.0348347 -0.109505 2.59371
-0.012892 -0.497911 2.6772
0.0170391 -0.574083 2.57386
-0.22479 0.880232 2.37516
-0.577862 0.150958 2.58092
-0.576739 0.215478 2.49145
0.178761 0.242058 2.49649
0.14579 0.311253 2.42007
-0.162904 0.339633 2.50301
-0.210299 0.647579 2.4336
-0.270549 0.940539 2.35227
-0.315314 1.06157 2.27459
-0.432636 0.807893 2.3871
-0.527751 0.557368 2.51718
-0.572613 0.312289 2.55109
-0.569122 0.209687 2.56745
-0.0839743 0.880718 2.35445
0.107817 0.692998 2.48495
0.161548 0.443204 2.48078
0.159111 0.356438 2.46665
-0.237888 0.321575 2.471
-0.287808 -0.130968 2.60257
-0.317294 -0.494752 2.68641
-0.333523 -0.585181 2.58459
-0.0816497 0.345458 2.46244
-0.0295152 -0.109625 2.59529
-0.0115191 -0.496576 2.67776
0.0182203 -0.57328 2.57799
-0.255433 0.868968 2.3748
-0.564439 0.129809 2.59476
-0.5709 0.162566 2.50177
0.177226 0.261589 2.48679
0.137356 0.334948 2.41669
-0.149695 0.331045 2.5063
-0.220073 0.636422 2.43498
-0.298115 0.924753 2.35229
-0.35861 1.04247 2.2766
-0.440706 0.794539 2.38984
-0.523708 0.54283 2.51526
-0.569416 0.299356 2.55599
-0.557426 0.198636 2.56753
-0.110949 0.875507 2.35335
0.100612 0.69954 2.48285
0.154662 0.450933 2.4728
0.14259 0.372427 2.4597
-0.224574 0.308526 2.4775
-0.279763 -0.12964 2.60248
-0.315065 -0.495441 2.68713
-0.333673 -0.584284 2.58513
-0.0702155 0.3425 2.46165
-0.0231028 -0.110827 2.59651
-0.0095477 -0.496019 2.67893
0.0186289 -0.572039 2.57944
-0.278527 0.854321 2.37512
-0.549024 0.113907 2.58014
-0.551639 0.137677 2.50971
0.17076 0.274386 2.47955
0.0772216 0.378382 2.42833
-0.136669 0.322787 2.51031
-0.224942 0.624881 2.43679
-0.315313 0.910376 2.35236
-0.383686 1.02331 2.27763
-0.447009 0.771291 2.39496
-0.518803 0.534794 2.51109
-0.549092 0.2314 2.56909
-0.536955 0.134387 2.58542
-0.125183 0.870474 2.35356
0.0921602 0.707726 2.47967
0.152573 0.446123 2.46782
0.132324 0.379515 2.45793
-0.211154 0.298247 2.48229
-0.274101 -0.130168 2.60329
-0.313818 -0.497068 2.68752
-0.333747 -0.58408 2.58552
-0.0582124 0.337239 2.46408
-0.0144792 -0.107767 2.59496
-0.00532759 -0.494015 2.67629
0.0194806 -0.571759 2.58158
-0.292837 0.840659 2.37561
-0.523978 0.0521654 2.62036
-0.53357 0.101725 2.51485
0.166205 0.280157 2.47611
0.0759929 0.358707 2.43475
-0.132274 0.319198 2.51206
-0.225432 0.619958 2.43808
-0.317026 0.906383 2.35305
-0.383994 1.02248 2.2776
-0.445379 0.772854 2.3943
-0.512173 0.524199 2.51159
-0.540132 0.231188 2.57117
-0.522709 0.134592 2.58748
-0.127628 0.867047 2.35332
0.0912452 0.707787 2.47834
0.151338 0.440344 2.46227
0.13311 0.376488 2.45187
-0.206778 0.293957 2.48436
-0.270463 -0.13067 2.60346
-0.313434 -0.498222 2.68749
-0.33451 -0.584877 2.58448
-0.0539142 0.3346 2.46539
-0.0103277 -0.107627 2.59547
-0.00305933 -0.493048 2.67875
0.0209737 -0.57274 2.58233
-0.294598 0.83641 2.37643
-0.509439 0.0531802 2.6188
-0.525387 0.115714 2.50689
0.163531 0.277452 2.45266
0.074939 0.328606 2.454
-0.138405 0.324202 2.51129
-0.221115 0.627052 2.43777
-0.29187 0.923011 2.35329
-0.337455 1.04893 2.27579
-0.442512 0.781155 2.39102
-0.50693 0.53242 2.51306
-0.533461 0.278995 2.56353
-0.523264 0.178748 2.57884
-0.10825 0.871112 2.35159
0.0949273 0.699831 2.4756
0.15273 0.430805 2.45799
0.145518 0.362002 2.44691
-0.215296 0.301686 2.48288
-0.27023 -0.129678 2.60305
-0.313232 -0.497796 2.68709
-0.33457 -0.584929 2.58458
-0.0577378 0.337363 2.46507
-0.0114217 -0.10875 2.59683
-0.00337597 -0.493388 2.67927
0.0196266 -0.571331 2.58236
-0.275455 0.850725 2.37642
-0.511865 0.100815 2.61045
-0.528995 0.146948 2.502
0.165063 0.269314 2.44576
0.134711 0.338526 2.39817
-0.149028 0.334525 2.50989
-0.210955 0.641814 2.43728
-0.259381 0.942157 2.35372
-0.278038 1.07459 2.27174
-0.423331 0.810804 2.37874
-0.501237 0.570084 2.51476
-0.536696 0.324217 2.55335
-0.531644 0.22655 2.57125
-0.0706844 0.876382 2.35913
0.104363 0.672942 2.47727
0.154521 0.423703 2.46063
0.15819 0.336888 2.45124
-0.228518 0.317184 2.47756
-0.275169 -0.131033 2.60482
-0.313258 -0.495902 2.68665
-0.33465 -0.584845 2.58467
-0.0656252 0.343049 2.46665
-0.0168266 -0.109614 2.59889
-0.00439143 -0.49392 2.67893
0.0196811 -0.571877 2.58154
-0.248392 0.868992 2.37661
-0.525103 0.143876 2.60382
-0.531643 0.203048 2.49461
0.16673 0.244652 2.45312
0.140233 0.315049 2.40673
-0.161291 0.343698 2.50412
-0.194302 0.654772 2.43307
-0.210696 0.957173 2.35105
-0.198603 1.08912 2.27034
-0.390984 0.853695 2.36555
-0.502473 0.597465 2.51318
-0.547741 0.352983 2.55075
-0.554081 0.260701 2.56214
-0.0231844 0.86559 2.36797
0.107448 0.652746 2.47763
0.163209 0.397289 2.47211
0.16686 0.298945 2.46164
-0.242665 0.331304 2.46743
-0.285792 -0.12979 2.60448
-0.314101 -0.494431 2.68629
-0.334583 -0.585137 2.58412
-0.0753383 0.346865 2.46518
-0.0252848 -0.107797 2.59677
-0.0078716 -0.494991 2.67805
0.0192945 -0.572361 2.57887
-0.20739 0.883588 2.37343
-0.557338 0.172946 2.58274
-0.560402 0.250227 2.48623
0.175512 0.212732 2.46219
0.152098 0.257394 2.41523
-0.170469 0.344801 2.50212
-0.183718 0.6571 2.43087
-0.179425 0.959042 2.34774
-0.140036 1.08676 2.27105
-0.354158 0.877428 2.35628
-0.500592 0.648201 2.50161
-0.558815 0.396791 2.54228
-0.577819 0.303467 2.55684
0.00656925 0.850107 2.37522
0.114903 0.617472 2.47961
0.165351 0.367708 2.48058
0.170846 0.267746 2.47592
-0.251985 0.335995 2.46258
-0.294678 -0.130731 2.60575
-0.314506 -0.494927 2.6865
-0.333991 -0.584981 2.58485
-0.0851369 0.343919 2.46621
-0.0332439 -0.109524 2.59567
-0.0109911 -0.49897 2.68074
0.0166722 -0.572668 2.57684
-0.181086 0.885508 2.37045
-0.588014 0.222255 2.58072
-0.587579 0.284948 2.4775
0.177593 0.179408 2.47893
0.159488 0.219719 2.42767
-0.17868 0.342215 2.50149
-0.168899 0.653902 2.43027
-0.140871 0.953047 2.34757
-0.0822972 1.07744 2.2698
-0.316268 0.886429 2.34966
-0.499865 0.666823 2.50066
-0.575857 0.418647 2.53546
-0.600839 0.334786 2.55098
0.0368196 0.825105 2.38378
0.121837 0.582434 2.48233
0.169802 0.334172 2.49408
0.172217 0.236965 2.48772
-0.258319 0.337511 2.45977
-0.303015 -0.1312 2.6058
-0.315493 -0.495713 2.68728
-0.333945 -0.585027 2.58496
-0.0955042 0.335288 2.46914
-0.0424064 -0.109763 2.59408
-0.0136607 -0.49684 2.6818
0.0156786 -0.571077 2.57938
-0.148381 0.880036 2.37027
-0.618265 0.251265 2.57334
-0.599895 0.336049 2.46709
0.17695 0.146707 2.48832
0.159157 0.189548 2.44034
-0.189936 0.337591 2.50218
-0.156063 0.646914 2.43145
-0.107209 0.941095 2.35028
-0.0257574 1.05788 2.27378
-0.283158 0.889448 2.34428
-0.494768 0.691238 2.49643
-0.588786 0.458345 2.53191
-0.616043 0.377175 2.5499
0.0519406 0.805232 2.38892
0.123827 0.562693 2.48218
0.170292 0.304532 2.50449
0.175063 0.208163 2.50156
-0.268275 0.338574 2.45701
-0.311009 -0.130694 2.60698
-0.318518 -0.49674 2.68806
-0.33375 -0.585347 2.58636
-0.107172 0.324936 2.4735
-0.0483375 -0.110823 2.59564
-0.0140912 -0.497746 2.68081
0.0151072 -0.57114 2.57899
-0.119769 0.869249 2.37261
-0.638047 0.29344 2.56385
-0.614408 0.380656 2.46318
0.175518 0.12021 2.48527
0.160608 0.1538 2.45114
-0.209157 0.331373 2.50535
-0.139634 0.634181 2.43389
-0.0572311 0.919903 2.35182
0.0371291 1.02713 2.27818
-0.260359 0.887584 2.34272
-0.480976 0.728563 2.49151
-0.593865 0.497155 2.526
-0.626261 0.423675 2.54468
0.0726993 0.767987 2.39613
0.130491 0.539801 2.4826
0.173043 0.230354 2.5281
0.175896 0.165719 2.5113
-0.285988 0.340401 2.4571
-0.318587 -0.130119 2.60879
-0.321902 -0.498249 2.68879
-0.333941 -0.585053 2.5868
-0.126834 0.311237 2.47954
-0.0569751 -0.114257 2.59703
-0.0149829 -0.500703 2.67993
0.0151866 -0.574564 2.57594
-0.0781507 0.850073 2.3745
-0.656714 0.345212 2.57364
-0.622815 0.425063 2.45425
0.175772 0.0794772 2.48851
0.163931 0.110353 2.45983
-0.215847 0.327889 2.50751
-0.133894 0.627662 2.43589
-0.0438695 0.911348 2.35373
0.0721492 1.00415 2.28269
-0.232502 0.883145 2.3429
-0.469836 0.749241 2.48705
-0.598469 0.517244 2.52735
-0.632503 0.454129 2.54609
0.0760255 0.761421 2.39695
0.129911 0.526548 2.48209
0.173236 0.236793 2.53124
0.177047 0.140305 2.5194
-0.291594 0.340946 2.45835
-0.323795 -0.130232 2.60948
-0.322827 -0.498776 2.68896
-0.334292 -0.58579 2.58601
-0.13434 0.303416 2.48252
-0.0615741 -0.114417 2.59773
-0.0157476 -0.500418 2.67798
0.0121746 -0.572176 2.57988
-0.066594 0.842169 2.37638
-0.663051 0.377 2.56621
-0.630135 0.456751 2.46275
0.175979 0.0575774 2.49324
0.166515 0.083602 2.468
-0.222654 0.322428 2.51092
-0.127732 0.620039 2.43798
-0.0263443 0.90121 2.35454
0.0882499 0.991123 2.2849
-0.211808 0.879976 2.34406
-0.468241 0.753974 2.48834
-0.604145 0.547716 2.53076
-0.638622 0.471726 2.54516
0.0830648 0.746713 2.40056
0.1334 0.507102 2.48797
0.17505 0.231282 2.53436
0.18133 0.136307 2.52228
-0.297791 0.338619 2.46141
-0.327583 -0.13051 2.6104
-0.32418 -0.499619 2.68889
-0.334767 -0.586202 2.58542
-0.141034 0.295759 2.48606
-0.0651791 -0.113294 2.59842
-0.0158907 -0.50009 2.67719
0.0130929 -0.574086 2.57865
-0.0517546 0.832546 2.37767
-0.672433 0.397945 2.56407
-0.642215 0.468335 2.45771
0.177602 0.0518951 2.49374
0.176866 0.0569977 2.46767
-0.222045 0.322747 2.51233
-0.126383 0.619663 2.43912
-0.0275223 0.902675 2.35498
0.0807767 1.00049 2.28479
-0.210563 0.880375 2.34455
-0.469551 0.758498 2.49197
-0.612063 0.53685 2.5383
-0.641428 0.4685 2.56043
0.0821142 0.7497 2.40053
0.134058 0.51526 2.48724
0.177034 0.22886 2.53375
0.184141 0.139353 2.51625
-0.297444 0.339205 2.46293
-0.328434 -0.130063 2.61024
-0.324805 -0.500079 2.68933
-0.335061 -0.586692 2.58462
-0.140068 0.296237 2.48735
-0.0666705 -0.112745 2.59945
-0.0155857 -0.499614 2.67694
0.0135008 -0.571897 2.57999
-0.0521486 0.833474 2.37811
-0.674887 0.38849 2.58135
-0.646955 0.456679 2.472
0.191773 0.0526943 2.51529
0.174515 0.0817335 2.46656
-0.215622 0.327683 2.51382
-0.128249 0.626208 2.44025
-0.0481743 0.918953 2.35624
0.0380843 1.03148 2.28462
-0.231697 0.886369 2.34831
-0.47879 0.750482 2.49938
-0.615514 0.517388 2.54794
-0.640118 0.438495 2.57222
0.0773461 0.766044 2.40164
0.13568 0.535579 2.48658
0.175412 0.283789 2.52571
0.183018 0.190404 2.50944
-0.293311 0.341494 2.46403
-0.327108 -0.130386 2.61064
-0.324838 -0.499737 2.68938
-0.333614 -0.58484 2.58603
-0.13105 0.304891 2.4892
-0.0649034 -0.113989 2.60044
-0.0150665 -0.499577 2.67789
0.0142254 -0.572944 2.57808
-0.0668698 0.847231 2.37936
-0.670146 0.354352 2.60109
-0.646436 0.428796 2.49327
0.184769 0.105559 2.48291
0.169682 0.139435 2.46224
-0.2009 0.334364 2.51568
-0.13864 0.640869 2.44129
-0.0902091 0.943028 2.35556
-0.0232976 1.06899 2.28337
-0.265396 0.890317 2.34963
-0.493925 0.721512 2.50652
-0.612669 0.464366 2.55758
-0.630992 0.396709 2.57398
0.0641913 0.791326 2.39669
0.133912 0.557789 2.49381
0.181605 0.311335 2.51902
0.181556 0.218811 2.50366
-0.279941 0.342307 2.46828
-0.323871 -0.131466 2.61123
-0.323779 -0.499215 2.68992
-0.33352 -0.584807 2.58576
-0.115073 0.317636 2.48833
-0.0599469 -0.112863 2.60062
-0.0150752 -0.499724 2.6787
0.014022 -0.572505 2.57831
-0.101561 0.869486 2.37914
-0.652868 0.315323 2.59935
-0.636529 0.381256 2.4846
0.186968 0.133722 2.51306
0.168863 0.172716 2.45483
-0.190539 0.340842 2.51315
-0.153042 0.654505 2.4392
-0.130247 0.961091 2.35471
-0.0883957 1.09226 2.28354
-0.311058 0.892259 2.35608
-0.506349 0.692283 2.50943
-0.605727 0.443417 2.55535
-0.618388 0.346251 2.56558
0.0451452 0.819553 2.38925
0.132701 0.588226 2.49658
0.183499 0.341297 2.51476
0.177561 0.252688 2.49272
-0.270829 0.343474 2.46807
-0.317836 -0.130754 2.60946
-0.321944 -0.499012 2.6896
-0.333862 -0.585265 2.58477
-0.104113 0.329904 2.483
-0.0544074 -0.111709 2.60019
-0.0154144 -0.498902 2.67936
0.0142486 -0.572586 2.57847
-0.135378 0.886441 2.37774
-0.636197 0.262459 2.58552
-0.620391 0.332257 2.4866
0.183109 0.160904 2.50772
0.166145 0.22066 2.4457
-0.186383 0.345297 2.51008
-0.176631 0.662642 2.43752
-0.180014 0.966822 2.35637
-0.179822 1.10561 2.28547
-0.369257 0.876112 2.3699
-0.52244 0.63222 2.51394
-0.589805 0.392634 2.54953
-0.595956 0.290593 2.55652
0.00049429 0.854198 2.3785
0.119182 0.637983 2.49587
0.173445 0.378608 2.50645
0.170193 0.288425 2.4838
-0.267347 0.34306 2.46773
-0.311148 -0.132459 2.60837
-0.320356 -0.498517 2.68943
-0.333578 -0.585189 2.58501
-0.0996071 0.340693 2.47597
-0.0476255 -0.111478 2.59994
-0.0143222 -0.497216 2.67923
0.0154565 -0.573126 2.57719
-0.179018 0.892787 2.37855
-0.599145 0.214736 2.57858
-0.596993 0.270254 2.4698
0.175892 0.19488 2.50321
0.154807 0.26743 2.43748
-0.184232 0.346131 2.50741
-0.196921 0.661812 2.43671
-0.223039 0.96376 2.35863
-0.245926 1.09866 2.28848
-0.407716 0.85437 2.37871
-0.523928 0.608613 2.51649
-0.58112 0.345961 2.54514
-0.584776 0.245931 2.55604
-0.0378913 0.869548 2.37099
0.111215 0.650479 2.49364
0.168727 0.403546 2.4999
0.166202 0.313685 2.47538
-0.264411 0.339635 2.46718
-0.306662 -0.132135 2.60721
-0.31971 -0.497942 2.68845
-0.333661 -0.585592 2.585
-0.0976299 0.345001 2.47053
-0.0430355 -0.111041 2.59865
-0.0126818 -0.496783 2.67928
0.01657 -0.572206 2.57695
-0.216559 0.890113 2.38006
-0.58587 0.165371 2.57324
-0.587152 0.232038 2.47116
0.172296 0.221857 2.48895
0.149701 0.289534 2.4247
-0.182984 0.344418 2.50616
-0.217183 0.654935 2.43699
-0.263091 0.952713 2.35924
-0.306791 1.08489 2.28824
-0.436391 0.826669 2.3864
-0.530254 0.571402 2.51827
-0.579222 0.325419 2.54226
-0.576398 0.224379 2.55279
-0.0768878 0.875401 2.36607
0.10009 0.665324 2.48963
0.160702 0.417332 2.48869
0.158882 0.337572 2.46527
-0.261396 0.330885 2.46855
-0.302903 -0.132367 2.60748
-0.318816 -0.496814 2.68805
-0.333709 -0.586107 2.58508
-0.0972915 0.345929 2.468
-0.0398267 -0.110648 2.59673
-0.0126552 -0.496591 2.67835
0.0172152 -0.572284 2.5764
-0.251648 0.880042 2.38071
-0.573583 0.143783 2.57229
-0.578823 0.197461 2.4775
0.169326 0.245561 2.47069
0.143642 0.320519 2.41665
-0.174837 0.334289 2.50694
-0.238506 0.640175 2.43809
-0.311891 0.932477 2.35771
-0.375122 1.05482 2.28969
-0.463821 0.794891 2.39491
-0.532236 0.544195 2.51699
-0.570924 0.297483 2.54795
-0.559249 0.196295 2.55769
-0.128614 0.872602 2.35577
0.0840812 0.690719 2.48052
0.149364 0.444894 2.46621
0.147371 0.356973 2.44638
-0.249989 0.311693 2.476
-0.294458 -0.133061 2.60727
-0.317794 -0.495552 2.68762
-0.333853 -0.585966 2.58502
-0.093551 0.344107 2.46509
-0.0345739 -0.110905 2.59512
-0.0125261 -0.496348 2.67788
0.0178137 -0.573065 2.57496
-0.293611 0.861049 2.37997
-0.553645 0.115962 2.57052
-0.555888 0.152259 2.49236
0.161486 0.26072 2.45456
0.129135 0.347327 2.39727
-0.16484 0.325873 2.5082
-0.24735 0.628841 2.43845
-0.335658 0.916354 2.35737
-0.410286 1.03471 2.28699
-0.468599 0.779379 2.39832
-0.529376 0.53232 2.51412
-0.551597 0.28609 2.55809
-0.547964 0.231275 2.56499
-0.139657 0.869957 2.35449
0.0770476 0.705805 2.47189
0.146496 0.46109 2.45642
0.138146 0.394305 2.43652
-0.239384 0.300682 2.47976
-0.288573 -0.135313 2.60726
-0.317055 -0.495446 2.68776
-0.333674 -0.585255 2.58554
-0.0852667 0.340102 2.46305
-0.0309814 -0.111835 2.59493
-0.0116531 -0.495837 2.67665
0.0186136 -0.573195 2.57531
-0.31376 0.846123 2.37973
-0.521958 0.132021 2.57617
-0.546298 0.15428 2.51957
0.15468 0.303415 2.44055
0.0701912 0.388143 2.4537
-0.155542 0.318628 2.5107
-0.249616 0.619903 2.44096
-0.344453 0.905943 2.36073
-0.432729 1.01597 2.28469
-0.467459 0.758111 2.40105
-0.52202 0.521358 2.51372
-0.533588 0.276316 2.56571
-0.528599 0.205725 2.57578
-0.15402 0.865437 2.35207
0.0737431 0.714691 2.465
0.144774 0.470463 2.44647
0.133346 0.405075 2.42774
-0.229569 0.292563 2.48374
-0.283486 -0.13681 2.60729
-0.31586 -0.495504 2.68732
-0.334586 -0.585266 2.58464
-0.0769922 0.334762 2.46348
-0.0271059 -0.110912 2.5945
-0.0108325 -0.495507 2.67664
0.0181383 -0.571803 2.57689
-0.321012 0.836132 2.38283
-0.507605 0.120905 2.57596
-0.516331 0.124466 2.52264
0.153784 0.314926 2.42665
0.0732067 0.395458 2.44937
-0.150788 0.315102 2.51115
-0.249498 0.615311 2.44076
-0.346794 0.901149 2.35959
-0.438243 1.01126 2.28241
-0.46422 0.751087 2.39978
-0.51633 0.517029 2.51246
-0.525226 0.273633 2.57077
-0.514685 0.173672 2.57815
-0.161231 0.862742 2.34854
0.0732494 0.719137 2.45916
0.143793 0.474702 2.44175
0.130996 0.388762 2.42472
-0.224777 0.28908 2.48471
-0.280155 -0.135991 2.60673
-0.315076 -0.49378 2.68666
-0.334542 -0.584852 2.58497
-0.0723181 0.331484 2.46313
-0.0246901 -0.111742 2.59454
-0.00879259 -0.494678 2.67625
0.0184325 -0.571757 2.5769
-0.322856 0.831425 2.38197
-0.485997 0.0924567 2.60755
-0.5028 0.108094 2.52027
0.150333 0.294782 2.42437
0.0743706 0.399545 2.45163
-0.151795 0.316769 2.50948
-0.246136 0.618166 2.43804
-0.329126 0.910215 2.35321
-0.398784 1.03033 2.27635
-0.462542 0.767148 2.39711
-0.510308 0.523392 2.51109
-0.520854 0.279834 2.56868
-0.519464 0.219391 2.57442
-0.146421 0.864751 2.34729
0.0803643 0.713322 2.45637
0.144799 0.467261 2.437
0.135384 0.372388 2.42508
-0.227067 0.291641 2.48313
-0.279202 -0.135052 2.60624
-0.31446 -0.49352 2.68644
-0.334843 -0.584556 2.58538
-0.0723133 0.332632 2.46111
-0.02398 -0.111661 2.59509
-0.00712891 -0.494066 2.67531
0.0185475 -0.571842 2.57633
-0.309924 0.838582 2.3766
-0.494503 0.130862 2.60955
-0.513319 0.162631 2.52306
0.148649 0.282972 2.42122
0.0730278 0.383656 2.45073
-0.158795 0.325105 2.50441
-0.231281 0.633186 2.43243
-0.285776 0.933579 2.34963
-0.331855 1.05837 2.27378
-0.447369 0.795078 2.3857
-0.50019 0.543158 2.50942
-0.523174 0.290379 2.5615
-0.519694 0.189141 2.57257
-0.10577 0.87052 2.34646
0.0934487 0.686426 2.45336
0.149215 0.419143 2.44086
0.147251 0.334057 2.42708
-0.237077 0.304686 2.47536
-0.279846 -0.135234 2.60545
-0.31433 -0.49252 2.68557
-0.334674 -0.584148 2.58545
-0.0761966 0.336641 2.4584
-0.0250199 -0.110952 2.59506
-0.00713781 -0.494401 2.67552
0.0187546 -0.57216 2.57579
-0.273541 0.860231 2.37211
-0.509439 0.109968 2.59958
-0.526199 0.162788 2.49158
0.153835 0.241977 2.42615
0.163692 0.300717 2.426
-0.164201 0.334395 2.49807
-0.210815 0.647617 2.42898
-0.243114 0.950084 2.35039
-0.264041 1.08167 2.2707
-0.417303 0.830499 2.37234
-0.49424 0.561818 2.51117
-0.533405 0.316553 2.54976
-0.535509 0.222255 2.56026
-0.0577836 0.871022 2.35314
0.099524 0.654981 2.45766
0.151242 0.406011 2.44906
0.152526 0.310801 2.43854
-0.244417 0.319215 2.46528
-0.284014 -0.132341 2.60311
-0.3147 -0.491775 2.6853
-0.334542 -0.584276 2.58528
-0.0792801 0.340705 2.45554
-0.0262094 -0.110572 2.59438
-0.0078133 -0.49485 2.6753
0.0188308 -0.572404 2.57564
-0.235769 0.876395 2.3719
-0.535775 0.137246 2.58669
-0.546023 0.19527 2.47789
0.156976 0.223712 2.43744
0.174392 0.322138 2.43678
-0.169107 0.338664 2.49416
-0.194857 0.653827 2.426
-0.203786 0.957573 2.34804
-0.194319 1.09 2.26842
-0.386355 0.857975 2.36492
-0.49474 0.589134 2.50716
-0.547371 0.34473 2.53697
-0.556481 0.257012 2.54866
-0.0178851 0.858016 2.35923
0.103724 0.630927 2.45876
0.149232 0.371007 2.45187
0.153379 0.27597 2.44153
-0.250423 0.327438 2.45855
-0.289956 -0.130501 2.60185
-0.314824 -0.492241 2.68519
-0.334036 -0.583642 2.58551
-0.082902 0.341388 2.45408
-0.0301803 -0.10964 2.59247
-0.00871751 -0.495055 2.67467
0.0186215 -0.572481 2.57592
-0.202158 0.883562 2.36943
-0.559753 0.166234 2.56803
-0.559696 0.249549 2.46938
0.161628 0.183508 2.44295
0.16867 0.25502 2.43844
-0.174023 0.339738 2.49189
-0.170109 0.654213 2.42403
-0.149526 0.956419 2.34611
-0.102466 1.08413 2.2693
-0.337243 0.88217 2.35402
-0.493072 0.655484 2.49114
-0.573531 0.406574 2.52771
-0.595748 0.313993 2.53589
0.0309882 0.830138 2.37271
0.114993 0.592302 2.46408
0.152256 0.341438 2.46763
0.153813 0.245079 2.45867
-0.255572 0.332866 2.45282
-0.297938 -0.131868 2.60157
-0.31516 -0.493945 2.68577
-0.333697 -0.584132 2.58588
-0.0892285 0.3364 2.45526
-0.0369592 -0.109864 2.59138
-0.010427 -0.496072 2.67808
0.0179354 -0.57214 2.57625
-0.155075 0.882717 2.36761
-0.60482 0.227029 2.55676
-0.596036 0.306418 2.458
0.153767 0.158379 2.44574
0.174116 0.243799 2.46023
-0.179459 0.336555 2.49319
-0.153749 0.648886 2.42588
-0.11276 0.948281 2.34751
-0.0375141 1.06714 2.27168
-0.288023 0.887924 2.34173
-0.489585 0.682805 2.48487
-0.587813 0.453616 2.51729
-0.612823 0.363086 2.53009
0.0539134 0.809945 2.37917
0.117634 0.569648 2.46861
0.154869 0.298986 2.484
0.150987 0.203683 2.4698
-0.258913 0.334303 2.45101
-0.303663 -0.132074 2.60241
-0.315727 -0.495525 2.68757
-0.333361 -0.584593 2.58593
-0.0968444 0.325755 2.46191
-0.0429046 -0.110564 2.59151
-0.0120482 -0.498057 2.6789
0.0174943 -0.572765 2.57626
-0.123299 0.875181 2.36924
-0.628693 0.280567 2.55114
-0.610317 0.353381 2.45408
0.156615 0.111082 2.46832
0.180851 0.22847 2.47775
-0.188405 0.331726 2.49755
-0.136773 0.639546 2.42829
-0.0688693 0.931928 2.34657
0.01924 1.04522 2.27275
-0.267057 0.887319 2.33831
-0.478434 0.714373 2.47849
-0.588315 0.478153 2.51326
-0.615693 0.399925 2.52976
0.0686317 0.786828 2.3841
0.121251 0.5557 2.46736
0.158641 0.225288 2.48572
0.148833 0.15659 2.47982
-0.266515 0.336255 2.4514
-0.310319 -0.132391 2.60356
-0.317835 -0.496483 2.6888
-0.33319 -0.584623 2.58564
-0.106085 0.314403 2.47061
-0.0482544 -0.112558 2.5944
-0.0130777 -0.498121 2.67887
0.016237 -0.571203 2.57952
-0.0862459 0.860574 2.36925
-0.636829 0.314375 2.5578
-0.61349 0.39643 2.45192
0.151635 0.0645077 2.49733
0.171327 0.19018 2.4865
-0.202789 0.322506 2.50339
-0.121322 0.625989 2.42966
-0.0321603 0.914084 2.34377
0.0770308 1.01 2.27739
-0.233774 0.881829 2.33456
-0.459828 0.750427 2.47085
-0.590894 0.513861 2.50976
-0.620213 0.442751 2.53437
0.0883416 0.748754 2.39134
0.124984 0.515716 2.47664
0.155015 0.216799 2.49759
0.147142 0.127486 2.49246
-0.278521 0.335534 2.45431
-0.316996 -0.131714 2.60414
-0.320257 -0.496973 2.68881
-0.332807 -0.58431 2.58692
-0.121155 0.298088 2.47846
-0.0580976 -0.117703 2.59736
-0.0139995 -0.496904 2.67695
0.0164186 -0.572509 2.57779
-0.0545367 0.84369 2.36746
-0.644257 0.364615 2.56043
-0.61672 0.440296 2.4523
0.146483 0.036187 2.48689
0.162777 0.104335 2.5008
-0.214049 0.318545 2.50484
-0.119058 0.61948 2.4304
-0.0199766 0.903105 2.34456
0.0961875 0.993417 2.27841
-0.195594 0.875188 2.33124
-0.459441 0.752927 2.47018
-0.59578 0.524853 2.51297
-0.626983 0.46251 2.53617
0.0909332 0.742866 2.392
0.125001 0.508734 2.47568
0.156297 0.213851 2.50035
0.150277 0.111967 2.4922
-0.289272 0.335644 2.4558
-0.322795 -0.129747 2.60338
-0.32161 -0.497596 2.6891
-0.333347 -0.584453 2.58562
-0.132697 0.290978 2.47943
-0.0623033 -0.12167 2.60132
-0.0141641 -0.497102 2.67649
0.0168251 -0.574475 2.57561
-0.0449932 0.833952 2.36818
-0.650388 0.387608 2.55764
-0.625638 0.462137 2.45312
0.147914 0.0226776 2.49198
0.161365 0.0686141 2.5004
-0.216599 0.317996 2.50554
-0.11891 0.61799 2.43065
-0.0194394 0.902045 2.34449
0.095467 0.993317 2.27811
-0.194577 0.875213 2.33103
-0.460661 0.754229 2.47087
-0.600771 0.527705 2.51862
-0.629021 0.461892 2.54141
0.0915335 0.74144 2.39214
0.125872 0.507029 2.47509
0.157938 0.206895 2.50398
0.15576 0.110721 2.49187
-0.291746 0.335659 2.45638
-0.325413 -0.130163 2.60379
-0.323104 -0.498061 2.68899
-0.334003 -0.584826 2.58424
-0.135121 0.290231 2.48018
-0.0637841 -0.121423 2.60198
-0.0147043 -0.497468 2.67638
0.0166761 -0.575176 2.57417
-0.0444166 0.832771 2.36818
-0.653083 0.381689 2.56357
-0.634964 0.445123 2.4536
0.156459 0.0235717 2.51394
0.146877 0.020317 2.533
-0.212902 0.321544 2.50478
-0.122686 0.623259 2.429
-0.0425916 0.917195 2.34035
0.0453034 1.02678 2.2698
-0.228687 0.879536 2.32929
-0.470006 0.741817 2.47776
-0.599534 0.511286 2.52596
-0.620826 0.423916 2.54791
0.0807745 0.758345 2.38617
0.12991 0.527468 2.47118
0.161322 0.212085 2.498
0.156003 0.139673 2.47945
-0.289982 0.337321 2.45497
-0.325184 -0.129882 2.60402
-0.323499 -0.498569 2.68958
-0.333655 -0.584533 2.58705
-0.128906 0.297106 2.4802
-0.0642076 -0.118642 2.60043
-0.0153581 -0.497608 2.67714
0.0146707 -0.574338 2.57748
-0.061584 0.845289 2.36463
-0.641951 0.338196 2.57299
-0.622253 0.420759 2.46535
0.156706 0.0450099 2.5002
0.146317 0.0686515 2.5235
-0.203095 0.327349 2.50246
-0.136699 0.636038 2.4268
-0.087179 0.938537 2.33979
-0.0133439 1.06165 2.26958
-0.251155 0.88274 2.33059
-0.485745 0.710838 2.48478
-0.59082 0.484069 2.52988
-0.608279 0.391242 2.54342
0.066591 0.786059 2.38135
0.127247 0.558608 2.46979
0.163732 0.276807 2.48708
0.151854 0.193165 2.47255
-0.282236 0.337465 2.45418
-0.323374 -0.130602 2.60433
-0.322805 -0.499312 2.69011
-0.333569 -0.584629 2.58621
-0.117032 0.309343 2.47565
-0.060523 -0.116313 2.59869
-0.0158513 -0.497225 2.67773
0.0143716 -0.570367 2.58365
-0.0988907 0.864808 2.36348
-0.624262 0.309553 2.57016
-0.608745 0.372408 2.46822
0.14433 0.0984176 2.48966
0.137498 0.108637 2.48925
-0.192033 0.333912 2.49837
-0.151046 0.647925 2.42443
-0.125394 0.95416 2.3398
-0.0763862 1.0842 2.26939
-0.305102 0.884975 2.33965
-0.493142 0.682276 2.48651
-0.583915 0.436363 2.53363
-0.596091 0.341189 2.54308
0.0509078 0.811642 2.37489
0.125271 0.586173 2.47396
0.161042 0.325702 2.47781
0.143669 0.232846 2.46165
-0.271958 0.337965 2.45166
-0.31891 -0.131066 2.60193
-0.321739 -0.499369 2.68991
-0.333417 -0.584426 2.58602
-0.105945 0.321672 2.46986
-0.0560898 -0.113808 2.59557
-0.016334 -0.496846 2.67833
0.0131593 -0.568775 2.58344
-0.131237 0.87958 2.36284
-0.604035 0.262901 2.57522
-0.594704 0.320169 2.46823
0.136836 0.138645 2.47743
0.1772 0.280632 2.475
-0.186908 0.338228 2.49393
-0.169748 0.656707 2.42226
-0.165776 0.963771 2.34171
-0.140812 1.09974 2.27387
-0.347048 0.877567 2.35061
-0.504855 0.639546 2.49252
-0.572209 0.396784 2.53487
-0.57927 0.297998 2.54381
0.0167984 0.843102 2.36749
0.118053 0.615347 2.47275
0.155714 0.352857 2.47146
0.136775 0.259122 2.45233
-0.267634 0.337575 2.44962
-0.31302 -0.132209 2.60083
-0.320657 -0.499191 2.68924
-0.333673 -0.584995 2.58498
-0.100355 0.331594 2.46231
-0.0518442 -0.112436 2.59334
-0.0153615 -0.495979 2.67688
0.0143563 -0.57017 2.57995
-0.166622 0.889007 2.36374
-0.581928 0.221128 2.56942
-0.579821 0.276285 2.46406
0.129821 0.165526 2.47365
0.131732 0.202199 2.46833
-0.182007 0.340394 2.49084
-0.190664 0.658644 2.42357
-0.214285 0.963377 2.34853
-0.224772 1.09821 2.27859
-0.398069 0.851255 2.36527
-0.508851 0.605793 2.50007
-0.560717 0.361927 2.53387
-0.558376 0.26212 2.53933
-0.0251737 0.865778 2.36227
0.1047 0.652927 2.47548
0.148929 0.402588 2.46758
0.137802 0.309925 2.44341
-0.262043 0.33431 2.44916
-0.305383 -0.133224 2.60028
-0.318863 -0.498142 2.68806
-0.333367 -0.5851 2.58486
-0.0950931 0.338799 2.456
-0.0433663 -0.110393 2.59041
-0.0133788 -0.495992 2.67509
0.0152849 -0.57097 2.5777
-0.208294 0.889118 2.36921
-0.549882 0.18504 2.55997
-0.556652 0.233897 2.47411
0.129628 0.21718 2.45499
0.120006 0.286952 2.38987
-0.179412 0.340043 2.49072
-0.21139 0.653893 2.42701
-0.255966 0.954554 2.35386
-0.282844 1.08518 2.27998
-0.424109 0.825268 2.37181
-0.510546 0.57907 2.50401
-0.551446 0.333416 2.53929
-0.545867 0.232453 2.55095
-0.0621948 0.876304 2.35913
0.101398 0.662588 2.47595
0.147781 0.412605 2.46229
0.138034 0.326753 2.43213
-0.257544 0.327616 2.45301
-0.300984 -0.133578 2.60046
-0.318028 -0.496503 2.68709
-0.333435 -0.585663 2.58476
-0.0931362 0.341122 2.45403
-0.0398825 -0.110812 2.58948
-0.0127263 -0.495876 2.6744
0.0165734 -0.57223 2.57566
-0.244973 0.881195 2.3742
-0.53815 0.150715 2.56975
-0.539057 0.204837 2.47786
0.132243 0.229095 2.44413
0.121465 0.304962 2.38321
-0.175489 0.336132 2.49233
-0.227222 0.644439 2.42912
-0.293919 0.937627 2.35473
-0.340998 1.06361 2.28242
-0.446164 0.800047 2.38209
-0.510819 0.558094 2.50653
-0.533286 0.256785 2.55307
-0.524148 0.159247 2.57046
-0.104406 0.877713 2.35386
0.0913961 0.692156 2.46806
0.144534 0.44354 2.44889
0.140235 0.353314 2.42698
-0.252071 0.316767 2.45989
-0.295028 -0.132856 2.60011
-0.317638 -0.495507 2.68683
-0.333521 -0.58569 2.58475
-0.0914906 0.341446 2.45273
-0.0365109 -0.112496 2.58892
-0.0129976 -0.496405 2.67637
0.0170159 -0.572672 2.57563
-0.276952 0.866236 2.37545
-0.515858 0.0801003 2.60039
-0.526276 0.142115 2.48164
0.139013 0.25784 2.43271
0.124608 0.347915 2.37771
-0.169145 0.32823 2.4959
-0.241429 0.632483 2.43142
-0.321686 0.922642 2.35506
-0.389255 1.04047 2.28238
-0.458084 0.778573 2.38993
-0.510181 0.537185 2.50534
-0.527985 0.280035 2.55636
-0.517434 0.183473 2.57369
-0.126528 0.875396 2.34915
0.0838081 0.711668 2.46466
0.144527 0.464874 2.44232
0.138232 0.378426 2.41815
-0.245038 0.30448 2.46721
-0.290766 -0.133463 2.60016
-0.317277 -0.493825 2.68605
-0.333553 -0.584984 2.58505
-0.0879928 0.339727 2.45214
-0.032624 -0.113891 2.58916
-0.0124118 -0.496448 2.67481
0.0174048 -0.572759 2.57529
-0.301813 0.851803 2.37631
-0.494577 0.0996608 2.60506
-0.512571 0.13447 2.50742
0.146527 0.284649 2.42969
0.0697668 0.381607 2.45975
-0.160509 0.321401 2.50086
-0.247355 0.62454 2.43344
-0.335455 0.914128 2.35512
-0.424183 1.01949 2.28055
-0.458035 0.767977 2.39127
-0.508816 0.532299 2.50362
-0.515979 0.280183 2.56618
-0.505497 0.185903 2.58181
-0.150104 0.87018 2.34722
0.0778671 0.728015 2.46047
0.144203 0.482942 2.43272
0.130987 0.412173 2.41649
-0.235154 0.295332 2.4746
-0.28644 -0.136 2.60222
-0.316383 -0.493265 2.68559
-0.333787 -0.584667 2.58524
-0.0813466 0.336789 2.45345
-0.0306398 -0.11218 2.58873
-0.0112513 -0.496786 2.67472
0.0185308 -0.573918 2.57391
-0.313952 0.843176 2.37687
-0.472732 0.102422 2.61498
-0.492038 0.123559 2.52835
0.145239 0.318403 2.40905
0.0663445 0.403018 2.45132
-0.157768 0.319457 2.5028
-0.247452 0.622938 2.43425
-0.33631 0.912935 2.35518
-0.430637 1.01439 2.27956
-0.457404 0.767174 2.39125
-0.505946 0.528877 2.50393
-0.511682 0.276012 2.56867
-0.497066 0.180018 2.5864
-0.150592 0.87 2.34737
0.0769927 0.731138 2.45894
0.144291 0.486401 2.43003
0.125028 0.413767 2.41566
-0.232283 0.293151 2.47738
-0.284813 -0.13797 2.60389
-0.315856 -0.493301 2.68514
-0.334111 -0.584471 2.58511
-0.0787996 0.335565 2.45416
-0.0287953 -0.110965 2.58912
-0.0105815 -0.496542 2.67415
0.0192763 -0.574148 2.57395
-0.314596 0.842032 2.37707
-0.465459 0.0956214 2.62241
-0.487442 0.115608 2.52717
0.145279 0.319836 2.40823
0.061542 0.401702 2.44223
-0.157348 0.319483 2.50324
-0.248734 0.62197 2.43429
-0.339207 0.910954 2.35408
-0.416485 1.02356 2.27867
-0.457307 0.767255 2.39131
-0.502325 0.537991 2.50199
-0.509616 0.295597 2.56398
-0.500773 0.197254 2.57808
-0.149968 0.870277 2.3473
0.0769014 0.730917 2.45897
0.143727 0.486074 2.42971
0.133727 0.397774 2.413
-0.232104 0.293259 2.47766
-0.284527 -0.138322 2.60448
-0.315626 -0.493286 2.6851
-0.333832 -0.583755 2.58572
-0.0780192 0.335666 2.45463
-0.0271782 -0.112164 2.59091
-0.00967878 -0.497822 2.6742
0.0202882 -0.575199 2.57294
-0.317189 0.840341 2.37628
-0.470092 0.113584 2.60858
-0.486618 0.129106 2.51612
0.146413 0.307916 2.40486
0.0636477 0.398061 2.45177
-0.166211 0.326336 2.50139
-0.239996 0.63364 2.43304
-0.298227 0.934098 2.35368
-0.342094 1.06039 2.27629
-0.45522 0.785212 2.38821
-0.501303 0.546918 2.50537
-0.514665 0.292247 2.56503
-0.513319 0.191389 2.57905
-0.11305 0.876578 2.35051
0.0877111 0.699894 2.46366
0.148982 0.440195 2.43734
0.148171 0.36926 2.41976
-0.245043 0.305386 2.47233
-0.286282 -0.135462 2.60356
-0.315657 -0.49268 2.68471
-0.333803 -0.584221 2.5855
-0.08307 0.338609 2.45487
-0.0276731 -0.113126 2.59133
-0.0104247 -0.496264 2.67419
0.0198044 -0.574383 2.57422
-0.28495 0.860877 2.37548
-0.49845 0.109139 2.60797
-0.509477 0.166607 2.49729
0.150313 0.281486 2.4239
0.126668 0.342652 2.36889
-0.171776 0.333213 2.49909
-0.224548 0.646154 2.4327
-0.261031 0.949632 2.35627
-0.274849 1.0808 2.27687
-0.43999 0.80874 2.37958
-0.501507 0.569469 2.50879
-0.554183 0.328455 2.55398
-0.541731 0.230616 2.56551
-0.0726546 0.876258 2.35983
0.0960284 0.668404 2.46944
0.153643 0.421183 2.44433
0.154559 0.326255 2.42839
-0.252002 0.31604 2.46661
-0.290713 -0.133743 2.60312
-0.315643 -0.492662 2.68477
-0.333701 -0.584148 2.58585
-0.0867586 0.34165 2.45545
-0.0304949 -0.112923 2.59074
-0.0111156 -0.497895 2.67703
0.0190604 -0.574135 2.57426
-0.252736 0.875694 2.37735
-0.532212 0.150576 2.59705
-0.539021 0.206531 2.49153
0.160636 0.235583 2.42872
0.139488 0.30369 2.37947
-0.17804 0.338541 2.49694
-0.208935 0.654503 2.43142
-0.222621 0.959821 2.35572
-0.209509 1.09304 2.27992
-0.402559 0.851957 2.36993
-0.507093 0.587796 2.50886
-0.558125 0.344878 2.54767
-0.569325 0.253023 2.56185
-0.0330413 0.864672 2.36964
0.0986858 0.650272 2.47173
0.159972 0.382494 2.46015
0.161105 0.286668 2.44093
-0.25959 0.32584 2.46147
-0.296208 -0.133697 2.60209
-0.315998 -0.492891 2.6851
-0.333881 -0.584439 2.58552
-0.0914714 0.342892 2.45611
-0.0358015 -0.112092 2.58974
-0.0140297 -0.499658 2.67872
0.0169719 -0.573142 2.57547
-0.219865 0.885444 2.37663
-0.56894 0.166273 2.58974
-0.575342 0.241548 2.47888
0.163853 0.196313 2.44789
0.146787 0.262472 2.39419
-0.18386 0.340277 2.49572
-0.192894 0.656748 2.43039
-0.183617 0.96112 2.35446
-0.143821 1.0939 2.27843
-0.360677 0.874314 2.36028
-0.510478 0.62377 2.49744
-0.569079 0.372699 2.5393
-0.589909 0.284673 2.55031
0.00143961 0.845671 2.37782
0.108658 0.611792 2.47645
0.163122 0.363704 2.46795
0.164256 0.266905 2.45794
-0.265813 0.331885 2.45758
-0.304336 -0.130501 2.59935
-0.316665 -0.49394 2.68598
-0.333797 -0.584653 2.5854
-0.0981518 0.33998 2.45782
-0.0428998 -0.111528 2.58914
-0.0150876 -0.499754 2.67906
0.0164443 -0.572428 2.57713
-0.186388 0.886936 2.37546
-0.596681 0.201952 2.56992
-0.599891 0.276933 2.45913
0.169407 0.177946 2.45853
0.152309 0.220896 2.40184
-0.19109 0.337033 2.49736
-0.167735 0.650973 2.4322
-0.127586 0.951593 2.35553
-0.0563251 1.07284 2.28083
-0.307321 0.886793 2.34955
-0.495846 0.669544 2.49106
-0.582235 0.423594 2.52706
-0.599788 0.343651 2.54159
0.0396065 0.812568 2.39001
0.114104 0.574066 2.48225
0.164621 0.31605 2.49165
0.164033 0.221181 2.47841
-0.27055 0.33498 2.45442
-0.312137 -0.130471 2.60092
-0.318951 -0.497179 2.68862
-0.333742 -0.584849 2.58592
-0.108782 0.326073 2.46763
-0.0490658 -0.112208 2.59174
-0.0153891 -0.500972 2.67908
0.0155482 -0.573359 2.57706
-0.138007 0.878192 2.37684
-0.613164 0.261254 2.55949
-0.603297 0.340275 2.45382
0.165067 0.131628 2.47367
0.154919 0.167214 2.42563
-0.199959 0.332922 2.49956
-0.152335 0.642556 2.43258
-0.0876337 0.937049 2.35284
-0.00272824 1.05108 2.28226
-0.267848 0.886713 2.34224
-0.487407 0.693548 2.49024
-0.5828 0.46392 2.52658
-0.605057 0.38493 2.5461
0.0544039 0.792344 2.39345
0.117525 0.557887 2.48101
0.160728 0.301645 2.49986
0.162025 0.204985 2.49395
-0.277854 0.336097 2.4531
-0.317173 -0.130789 2.60346
-0.320377 -0.497401 2.68895
-0.333943 -0.584956 2.58561
-0.117368 0.317468 2.47283
-0.054623 -0.114733 2.59383
-0.0156843 -0.501108 2.67911
0.0147438 -0.572739 2.57737
-0.10427 0.865159 2.375
-0.625344 0.301306 2.57435
-0.607566 0.373956 2.45156
0.158079 0.11204 2.45589
0.148885 0.146122 2.44438
-0.210583 0.328557 2.50221
-0.137797 0.631799 2.4342
-0.0524698 0.919859 2.35397
0.0407515 1.02913 2.28168
-0.258568 0.884703 2.34302
-0.475171 0.720661 2.49107
-0.583798 0.491265 2.52885
-0.612779 0.418154 2.55339
0.0713512 0.764639 2.39597
0.123664 0.536855 2.48589
0.163521 0.21525 2.51228
0.159372 0.149325 2.50502
-0.287338 0.337926 2.45268
-0.321256 -0.130633 2.60303
-0.32171 -0.498156 2.68952
-0.334315 -0.585634 2.58562
-0.128513 0.306906 2.47834
-0.0594692 -0.115791 2.5954
-0.0155159 -0.501031 2.6785
0.014865 -0.573099 2.57697
-0.0739163 0.849487 2.3762
-0.638827 0.331813 2.59407
-0.615538 0.419069 2.46454
0.15704 0.0574114 2.51461
0.149552 0.0994946 2.45173
-0.215504 0.323122 2.50505
-0.128231 0.622632 2.43581
-0.0346491 0.908818 2.35433
0.0743653 1.0072 2.28212
-0.210202 0.876015 2.34141
-0.463033 0.742521 2.49012
-0.589885 0.510417 2.53927
-0.619107 0.446151 2.56296
0.0841825 0.746193 2.39788
0.123858 0.514455 2.48469
0.161852 0.211273 2.51725
0.155938 0.144986 2.51191
-0.290905 0.337536 2.45446
-0.325981 -0.131148 2.6025
-0.322607 -0.4988 2.68919
-0.334679 -0.586274 2.58388
-0.133956 0.296823 2.4812
-0.0635375 -0.120678 2.60008
-0.0147787 -0.500889 2.67669
0.0155541 -0.575431 2.57353
-0.0579791 0.838958 2.37689
-0.645079 0.369237 2.58453
-0.619091 0.445569 2.46617
0.150336 0.0580245 2.48561
0.141001 0.0838693 2.46113
-0.216107 0.32142 2.50623
-0.124548 0.620048 2.43641
-0.0297879 0.906191 2.35402
0.0780834 1.00497 2.28259
-0.215287 0.877075 2.34236
-0.459935 0.74687 2.49185
-0.589959 0.517814 2.54373
-0.614168 0.448504 2.57008
0.0843038 0.746296 2.39791
0.123725 0.514053 2.48374
0.161531 0.21017 2.5179
0.154916 0.118438 2.51032
-0.29164 0.336824 2.45582
-0.327109 -0.130844 2.60223
-0.323486 -0.499242 2.68914
-0.334865 -0.586532 2.58362
-0.134247 0.294955 2.48193
-0.064381 -0.122548 2.6023
-0.0145627 -0.501282 2.6764
0.0161564 -0.576228 2.57288
-0.0533664 0.836358 2.37678
-0.637354 0.366345 2.58867
-0.617239 0.450519 2.48411
0.151227 0.0313503 2.53271
0.143751 0.0781743 2.45913
-0.212389 0.322555 2.5081
-0.123251 0.622194 2.43716
-0.0344048 0.912327 2.35469
0.0602581 1.01984 2.28288
-0.2243 0.879268 2.34352
-0.462939 0.738219 2.49977
-0.586219 0.515067 2.55024
-0.605202 0.429496 2.57327
0.0840701 0.75372 2.39846
0.127415 0.522002 2.48396
0.161714 0.211557 2.51758
0.156461 0.149052 2.499
-0.289009 0.33784 2.45741
-0.326309 -0.130921 2.60284
-0.323699 -0.499339 2.68904
-0.334428 -0.58643 2.58407
-0.129155 0.296967 2.4841
-0.0643324 -0.122294 2.60237
-0.014959 -0.500678 2.67645
0.0162873 -0.576001 2.57407
-0.0559271 0.841125 2.3774
-0.628118 0.341095 2.5972
-0.608537 0.422012 2.48436
0.156072 0.0580181 2.51363
0.144767 0.0967642 2.44743
-0.200943 0.327872 2.50897
-0.128102 0.63279 2.43788
-0.0666491 0.934026 2.35563
0.0088811 1.05539 2.28276
-0.246051 0.884003 2.34776
-0.472827 0.710544 2.50811
-0.57567 0.486764 2.55493
-0.590901 0.396003 2.56919
0.0750412 0.781502 2.39494
0.127511 0.54715 2.4837
0.16431 0.280301 2.50274
0.158766 0.185174 2.49028
-0.279915 0.339024 2.45958
-0.323268 -0.131401 2.60402
-0.323088 -0.498171 2.68847
-0.333516 -0.585119 2.58437
-0.115116 0.307766 2.48333
-0.0593253 -0.117982 2.60067
-0.0153551 -0.500284 2.67691
0.0142378 -0.571837 2.57866
-0.0809398 0.860565 2.37831
-0.60723 0.311042 2.58855
-0.596675 0.383135 2.48836
0.157797 0.0929995 2.50879
0.14673 0.140337 2.43709
-0.185678 0.336255 2.50834
-0.144354 0.651032 2.43734
-0.117649 0.958835 2.35533
-0.0778117 1.08945 2.28211
-0.298286 0.888947 2.3552
-0.479234 0.676346 2.5074
-0.561439 0.430962 2.54998
-0.567174 0.335673 2.56025
0.0626414 0.807587 2.38995
0.12649 0.58313 2.48918
0.166936 0.333033 2.49394
0.156545 0.238346 2.47167
-0.265537 0.339934 2.46217
-0.314992 -0.131812 2.60492
-0.320942 -0.497493 2.68819
-0.333719 -0.585492 2.58415
-0.0994824 0.324214 2.47901
-0.0517782 -0.114463 2.59823
-0.0155244 -0.499643 2.67824
0.0147387 -0.572093 2.57757
-0.123716 0.883935 2.37784
-0.570748 0.257034 2.58144
-0.569411 0.323172 2.48341
0.157762 0.145972 2.48678
0.144326 0.19374 2.41906
-0.18072 0.341226 2.50661
-0.162555 0.660839 2.43712
-0.157068 0.968787 2.35771
-0.145351 1.10189 2.28165
-0.344562 0.879417 2.36573
-0.485348 0.640691 2.50677
-0.54917 0.396058 2.54226
-0.549937 0.297162 2.5468
0.0212112 0.849201 2.37835
0.117655 0.625104 2.48506
0.16294 0.362505 2.48784
0.151064 0.270085 2.46155
-0.261635 0.340606 2.46248
-0.308628 -0.131684 2.60333
-0.319927 -0.497045 2.68749
-0.333937 -0.585777 2.5836
-0.0940154 0.334353 2.47463
-0.0445978 -0.111123 2.59734
-0.0138031 -0.498969 2.67675
0.0162545 -0.573272 2.57533
-0.158322 0.893826 2.37955
-0.546985 0.221612 2.57442
-0.548161 0.275799 2.47
0.153004 0.181308 2.48376
0.136388 0.245073 2.41135
-0.177384 0.343689 2.50526
-0.174961 0.662546 2.43672
-0.184912 0.9682 2.35776
-0.208909 1.10373 2.28529
-0.384266 0.859258 2.37425
-0.489709 0.613299 2.50727
-0.539913 0.368115 2.53557
-0.5393 0.271477 2.53897
-0.0131585 0.866562 2.37276
0.109144 0.648715 2.48527
0.15295 0.397317 2.47856
0.145525 0.301666 2.44939
-0.257844 0.338988 2.46348
-0.303278 -0.132572 2.60235
-0.31878 -0.495415 2.68639
-0.333976 -0.585864 2.58413
-0.0905378 0.341135 2.4706
-0.0403442 -0.110627 2.59665
-0.0126693 -0.497899 2.67633
0.0155384 -0.571748 2.576
-0.182307 0.89375 2.37953
-0.532405 0.191294 2.55433
-0.535316 0.242308 2.46854
0.148886 0.213413 2.45386
0.132328 0.274475 2.39808
-0.174988 0.343457 2.50473
-0.20254 0.659027 2.43806
-0.240861 0.961615 2.36153
-0.289521 1.09065 2.29021
-0.424613 0.822604 2.38561
-0.49551 0.574085 2.50704
-0.528836 0.312427 2.53427
-0.519703 0.213986 2.5432
-0.0640344 0.878357 2.36408
0.10205 0.665974 2.48657
0.146557 0.415851 2.46742
0.141998 0.339214 2.44083
-0.253249 0.330901 2.46742
-0.297007 -0.131577 2.60345
-0.31825 -0.494643 2.68627
-0.333538 -0.585165 2.5852
-0.0883868 0.34478 2.46723
-0.0366508 -0.109904 2.59581
-0.012311 -0.495889 2.67657
0.0178238 -0.573066 2.57494
-0.231429 0.887804 2.38267
-0.509553 0.135919 2.56107
-0.514103 0.192233 2.46031
0.148719 0.24448 2.45118
0.125226 0.321844 2.3943
-0.173921 0.339217 2.50561
-0.229095 0.64676 2.43864
-0.293377 0.942443 2.35983
-0.340228 1.07228 2.2921
-0.447929 0.799561 2.39217
-0.496575 0.550836 2.50224
-0.518472 0.292148 2.53847
-0.506051 0.196613 2.55017
-0.104961 0.878264 2.35711
0.0917937 0.68245 2.48021
0.142876 0.433812 2.4552
0.13826 0.360654 2.43299
-0.251123 0.319071 2.47312
-0.292772 -0.131822 2.60533
-0.318137 -0.493987 2.68641
-0.333649 -0.585025 2.58522
-0.0887625 0.344926 2.46572
-0.03388 -0.111385 2.59546
-0.0122174 -0.495814 2.67678
0.019472 -0.574687 2.57336
-0.277465 0.870309 2.38163
-0.489421 0.11409 2.57805
-0.50332 0.139561 2.48142
0.151425 0.263503 2.44122
0.129003 0.353848 2.38772
-0.168321 0.331302 2.50874
-0.239923 0.637492 2.44101
-0.317609 0.93054 2.36204
-0.380613 1.05009 2.29173
-0.455791 0.782152 2.39722
-0.497382 0.534368 2.49926
-0.508028 0.286803 2.54071
-0.497773 0.194952 2.54772
-0.128825 0.87608 2.35506
0.0802893 0.703533 2.47568
0.14578 0.458661 2.44516
0.138348 0.393826 2.42115
-0.243944 0.306935 2.48009
-0.289257 -0.133539 2.60796
-0.317912 -0.493317 2.68653
-0.333179 -0.583639 2.58587
-0.0868396 0.34334 2.46505
-0.0316422 -0.111179 2.5954
-0.0107195 -0.495815 2.67644
0.0199833 -0.574872 2.57373
-0.298422 0.858945 2.38387
-0.476344 0.105401 2.54644
-0.48105 0.105517 2.48014
0.15589 0.302076 2.42984
0.153607 0.383935 2.38871
-0.163438 0.325899 2.51089
-0.245703 0.629977 2.44218
-0.330654 0.920069 2.3619
-0.398009 1.03797 2.28959
-0.458942 0.769667 2.40054
-0.496908 0.534962 2.4957
-0.500239 0.282843 2.54574
-0.491045 0.187751 2.55318
-0.14012 0.873887 2.35508
0.0752287 0.717852 2.47244
0.144348 0.47416 2.43933
0.141344 0.390871 2.41374
-0.238436 0.299893 2.48375
-0.285801 -0.137931 2.61105
-0.316617 -0.494008 2.68649
-0.333553 -0.583235 2.58607
-0.0835069 0.340996 2.46477
-0.0295421 -0.110705 2.59574
-0.010169 -0.495483 2.67598
0.0188033 -0.572778 2.57583
-0.309745 0.849252 2.38409
-0.469208 0.0972929 2.53451
-0.470596 0.0979133 2.48333
0.156838 0.297803 2.42233
0.149461 0.392878 2.37664
-0.161924 0.324388 2.51158
-0.245655 0.628144 2.44254
-0.326893 0.919661 2.36215
-0.387645 1.03993 2.28767
-0.458047 0.769002 2.40071
-0.496189 0.535005 2.49459
-0.497917 0.289437 2.5457
-0.487605 0.192873 2.55539
-0.140386 0.873879 2.35515
0.0747557 0.718484 2.47273
0.14579 0.475626 2.43684
0.146925 0.387095 2.41402
-0.237149 0.298602 2.48462
-0.284477 -0.139554 2.61142
-0.31515 -0.495711 2.68702
-0.334356 -0.584124 2.58464
-0.0818057 0.339796 2.46468
-0.0261768 -0.11152 2.59649
-0.0096698 -0.49538 2.67594
0.0190267 -0.572863 2.5759
-0.307375 0.848355 2.3843
-0.465066 0.104797 2.5747
-0.472175 0.114191 2.48708
0.161042 0.294642 2.42333
0.158644 0.371428 2.38014
-0.163257 0.327817 2.51076
-0.23508 0.636347 2.44353
-0.294337 0.935011 2.36652
-0.332287 1.06256 2.28792
-0.451418 0.78673 2.39753
-0.492246 0.544116 2.49935
-0.500607 0.293943 2.544
-0.497426 0.19675 2.55442
-0.106001 0.879189 2.36216
0.0849612 0.693493 2.47727
0.150875 0.439689 2.43896
0.152652 0.351759 2.42464
-0.240284 0.305525 2.48198
-0.284459 -0.138811 2.61133
-0.315145 -0.495382 2.68742
-0.3342 -0.584753 2.58426
-0.0820607 0.341129 2.4646
-0.0260157 -0.111144 2.59664
-0.00981749 -0.49526 2.67609
0.0190819 -0.57295 2.57612
-0.280409 0.862152 2.38775
-0.48229 0.114049 2.57711
-0.49225 0.157417 2.49092
0.164248 0.259849 2.42806
0.13835 0.339405 2.37706
-0.16571 0.333856 2.5091
-0.218529 0.646766 2.444
-0.257072 0.94803 2.36958
-0.265231 1.07834 2.28503
-0.428286 0.818081 2.38967
-0.486032 0.574533 2.50551
-0.512783 0.317501 2.54213
-0.514213 0.217962 2.55416
-0.0648769 0.876219 2.37129
0.094636 0.662521 2.48268
0.1537 0.416313 2.45047
0.153674 0.320304 2.43488
-0.245082 0.316578 2.47675
-0.286913 -0.135388 2.60865
-0.315863 -0.493686 2.68634
-0.333861 -0.58464 2.58454
-0.0824944 0.342911 2.46516
-0.027772 -0.11095 2.59645
-0.010809 -0.495514 2.67626
0.019034 -0.573254 2.5757
-0.24814 0.874617 2.39014
-0.505112 0.136613 2.57394
-0.515278 0.201091 2.47626
0.162032 0.228903 2.43712
0.139219 0.300868 2.38895
-0.170103 0.339714 2.50714
-0.200121 0.65418 2.44387
-0.213131 0.956159 2.37099
-0.197825 1.08534 2.28642
-0.394406 0.854587 2.38308
-0.485927 0.579867 2.51002
-0.524119 0.330874 2.53918
-0.530807 0.239504 2.55164
-0.0236527 0.863535 2.38167
0.099689 0.634701 2.48746
0.151997 0.38635 2.46617
0.156118 0.293693 2.44755
-0.25114 0.327481 2.47196
-0.291516 -0.133065 2.60617
-0.315974 -0.493557 2.68613
-0.333448 -0.584177 2.58444
-0.0847496 0.343997 2.46571
-0.0305193 -0.111647 2.59579
-0.0114696 -0.495759 2.67598
0.0184963 -0.574032 2.57701
-0.210483 0.882595 2.39121
-0.531575 0.151449 2.56643
-0.541439 0.232952 2.46761
0.161258 0.206685 2.45038
0.1417 0.264427 2.40107
-0.176314 0.340768 2.50711
-0.176015 0.653831 2.44538
-0.158117 0.954279 2.37277
-0.112359 1.07479 2.28561
-0.349483 0.879467 2.37473
-0.475788 0.649203 2.50675
-0.535607 0.37864 2.53525
-0.546034 0.290358 2.54253
0.0236633 0.837343 2.39322
0.102349 0.604003 2.48687
0.15247 0.355131 2.47894
0.15179 0.254131 2.46795
-0.257302 0.333235 2.46856
-0.301871 -0.131898 2.60377
-0.316775 -0.493961 2.68571
-0.333823 -0.585225 2.58385
-0.0928099 0.33766 2.47128
-0.0387124 -0.111396 2.59429
-0.012767 -0.498202 2.67726
0.0175813 -0.574394 2.57472
-0.162948 0.88096 2.39302
-0.546876 0.199766 2.54976
-0.559324 0.292878 2.46043
0.150827 0.171177 2.45039
0.133643 0.209517 2.42096
-0.182109 0.338052 2.50929
-0.160815 0.648577 2.44696
-0.124149 0.94584 2.37273
-0.0543933 1.06109 2.28735
-0.299054 0.889774 2.36509
-0.473409 0.664864 2.50435
-0.541904 0.411894 2.53162
-0.557369 0.325411 2.54355
0.042846 0.821503 2.39942
0.103209 0.571586 2.48953
0.144561 0.30232 2.49589
0.144384 0.208002 2.47918
-0.261135 0.334811 2.46695
-0.30781 -0.131246 2.60404
-0.317775 -0.496464 2.68761
-0.333979 -0.585352 2.58386
-0.0998491 0.328811 2.47909
-0.0448114 -0.112664 2.59458
-0.012334 -0.498281 2.67632
0.0156599 -0.571313 2.57677
-0.133687 0.873264 2.39345
-0.56651 0.236232 2.56774
-0.567736 0.327106 2.4569
0.145413 0.119319 2.4849
0.132843 0.167407 2.42796
-0.187891 0.334874 2.51286
-0.148356 0.64161 2.44818
-0.0958181 0.934297 2.37059
-0.00865974 1.04451 2.28842
-0.277441 0.889444 2.36052
-0.471039 0.678541 2.50353
-0.549969 0.441247 2.53251
-0.569231 0.360033 2.54542
0.0564349 0.802947 2.40353
0.103359 0.561222 2.48852
0.144081 0.234255 2.50057
0.134936 0.158761 2.4938
-0.265839 0.336251 2.46719
-0.312382 -0.131358 2.60616
-0.318764 -0.496853 2.68812
-0.333873 -0.585289 2.58379
-0.105474 0.320901 2.48576
-0.0479372 -0.113358 2.59586
-0.0126072 -0.49822 2.6763
0.0171201 -0.572957 2.57471
-0.109205 0.862831 2.39221
-0.584576 0.277705 2.57125
-0.576464 0.366092 2.4616
0.133621 0.0657663 2.51901
0.127706 0.126008 2.44378
-0.194136 0.330481 2.51673
-0.134874 0.632894 2.44896
-0.0654373 0.920956 2.3681
0.0439568 1.02033 2.28398
-0.244083 0.888172 2.35766
-0.463075 0.70311 2.50209
-0.557317 0.470995 2.5276
-0.580778 0.401686 2.53872
0.0678422 0.784404 2.40453
0.105118 0.546347 2.48648
0.13876 0.217062 2.511
0.12653 0.152863 2.50516
-0.271292 0.337859 2.46832
-0.316677 -0.133022 2.60902
-0.321158 -0.497548 2.68898
-0.333818 -0.585472 2.58407
-0.111844 0.310359 2.49186
-0.0525605 -0.117363 2.59935
-0.0125236 -0.498622 2.67607
0.0180559 -0.573377 2.57435
-0.0828868 0.850527 2.39056
-0.598139 0.323416 2.54799
-0.585526 0.411802 2.44944
0.122135 0.0647766 2.48131
0.11194 0.113138 2.45975
-0.203559 0.325006 2.51922
-0.125978 0.625004 2.44901
-0.0379399 0.908933 2.36577
0.069338 1.00102 2.28539
-0.234408 0.886678 2.35723
-0.450374 0.734504 2.49652
-0.556312 0.499305 2.52055
-0.578373 0.425834 2.53039
0.0843608 0.756235 2.40829
0.106384 0.521542 2.49381
0.137831 0.214947 2.51577
0.127459 0.147822 2.51263
-0.280157 0.337486 2.4701
-0.319352 -0.133048 2.60933
-0.322226 -0.497485 2.68919
-0.333837 -0.585465 2.58444
-0.121045 0.301181 2.49412
-0.0561964 -0.120483 2.60116
-0.0122832 -0.499142 2.67546
0.0170115 -0.573295 2.57541
-0.0604174 0.839589 2.38886
-0.598874 0.345085 2.54621
-0.586322 0.434501 2.44092
0.120246 0.0651542 2.48396
0.109475 0.0914307 2.46389
-0.204999 0.322786 2.51939
-0.122026 0.621259 2.44833
-0.0329186 0.9061 2.36438
0.0784586 0.994543 2.28718
-0.218486 0.883107 2.35513
-0.4448 0.745065 2.49151
-0.556092 0.506128 2.51778
-0.578582 0.431948 2.52966
0.086301 0.753043 2.40894
0.105411 0.517744 2.49366
0.137461 0.209215 2.51817
0.129283 0.142615 2.51126
-0.281408 0.336511 2.47014
-0.320958 -0.132523 2.60924
-0.323088 -0.49734 2.68979
-0.333598 -0.584933 2.58691
-0.122419 0.298278 2.4942
-0.0579496 -0.123183 2.60359
-0.0120239 -0.500481 2.67585
0.0174232 -0.574492 2.57463
-0.0552734 0.836464 2.38752
-0.600102 0.349462 2.5421
-0.585687 0.433198 2.44235
0.123517 0.0583616 2.48135
0.147987 0.131355 2.5053
-0.202171 0.322736 2.51875
-0.119259 0.621043 2.44781
-0.0346382 0.908032 2.36585
0.0636522 1.00867 2.28311
-0.217299 0.882712 2.35462
-0.451289 0.73453 2.49332
-0.55656 0.505046 2.51853
-0.577968 0.421106 2.53137
0.0872174 0.753849 2.4092
0.109028 0.519405 2.49526
0.138475 0.210202 2.51892
0.131052 0.116882 2.50913
-0.279037 0.336738 2.46869
-0.321181 -0.132979 2.60906
-0.323293 -0.49748 2.68966
-0.333934 -0.585566 2.58522
-0.119067 0.298364 2.49418
-0.0574815 -0.121453 2.60392
-0.0117838 -0.500564 2.67627
0.0170428 -0.573551 2.57625
-0.0550476 0.837697 2.38823
-0.595888 0.338073 2.546
-0.581887 0.423626 2.44983
0.12533 0.0313043 2.53939
0.122662 0.0845968 2.45546
-0.184322 0.330082 2.51061
-0.124254 0.633096 2.44404
-0.0738083 0.932294 2.36529
-0.0125019 1.04748 2.27863
-0.25092 0.88974 2.35133
-0.461667 0.708165 2.49647
-0.550492 0.454768 2.52478
-0.560681 0.372494 2.53401
0.0769729 0.791708 2.40282
0.114169 0.547039 2.4909
0.152941 0.2397 2.51318
0.144063 0.176859 2.50344
-0.264129 0.338007 2.46287
-0.316301 -0.133244 2.60567
-0.321831 -0.498087 2.69018
-0.333588 -0.585088 2.58556
-0.0982999 0.313701 2.48265
-0.0530106 -0.116878 2.60125
-0.0117006 -0.499947 2.67567
0.0176188 -0.574376 2.57474
-0.0853545 0.859376 2.38672
-0.569164 0.287128 2.54935
-0.568975 0.363648 2.451
0.144166 0.086807 2.52052
0.129083 0.135848 2.45653
-0.174782 0.336361 2.50317
-0.137549 0.646577 2.43846
-0.112459 0.949673 2.36261
-0.0810529 1.07503 2.27711
-0.297129 0.892338 2.35803
-0.465909 0.682349 2.49894
-0.537999 0.415536 2.53249
-0.541662 0.325651 2.53945
0.0574495 0.820504 2.3906
0.114429 0.572912 2.49482
0.154179 0.322813 2.50975
0.1475 0.22755 2.49633
-0.255441 0.339202 2.45859
-0.308755 -0.134088 2.60258
-0.320175 -0.497137 2.68917
-0.333542 -0.585211 2.58569
-0.0887609 0.325073 2.47204
-0.0453278 -0.114379 2.59895
-0.0119223 -0.500249 2.67626
0.0174194 -0.57424 2.57516
-0.118108 0.875876 2.38337
-0.544506 0.240424 2.55278
-0.550348 0.313706 2.45471
0.145952 0.134015 2.5179
0.132897 0.181607 2.44564
-0.171861 0.339832 2.49922
-0.154063 0.654354 2.43652
-0.148443 0.957636 2.36525
-0.150185 1.08512 2.27756
-0.343015 0.880643 2.36984
-0.472701 0.633721 2.50589
-0.526309 0.386829 2.53329
-0.524024 0.288026 2.53814
0.0250374 0.847134 2.38064
0.113316 0.60178 2.49532
0.153224 0.348637 2.50309
0.145842 0.253242 2.48344
-0.252856 0.338975 2.45689
-0.302126 -0.132612 2.60037
-0.319087 -0.496413 2.68733
-0.333537 -0.585556 2.58571
-0.0858309 0.333336 2.46512
-0.0406932 -0.1122 2.59576
-0.0117637 -0.499547 2.67754
0.0173763 -0.573827 2.57561
-0.149635 0.883795 2.38493
-0.522318 0.206217 2.55604
-0.530883 0.270409 2.462
0.145676 0.161284 2.51312
0.132329 0.223085 2.43383
-0.169861 0.34102 2.49558
-0.179359 0.654173 2.43381
-0.200555 0.953828 2.36384
-0.242301 1.08041 2.27702
-0.385541 0.857187 2.37982
-0.475011 0.596429 2.51183
-0.510646 0.347566 2.53262
-0.499693 0.249403 2.53923
-0.026171 0.870121 2.36571
0.105762 0.647858 2.48455
0.152169 0.381659 2.4889
0.147928 0.30307 2.4716
-0.250114 0.33494 2.45566
-0.296781 -0.132041 2.59858
-0.318098 -0.494292 2.68626
-0.332962 -0.585542 2.5856
-0.0836836 0.33919 2.45807
-0.0356408 -0.110693 2.5932
-0.0118949 -0.498541 2.67747
0.0160398 -0.569029 2.58112
-0.195316 0.880771 2.38331
-0.494899 0.170669 2.55755
-0.503676 0.22282 2.46479
0.149983 0.21477 2.48551
0.127835 0.269408 2.42591
-0.169669 0.339069 2.49498
-0.20261 0.648383 2.43366
-0.244962 0.946476 2.36252
-0.305082 1.06307 2.27608
-0.432671 0.811945 2.39541
-0.476816 0.56629 2.51434
-0.49466 0.309922 2.53855
-0.482789 0.208043 2.54752
-0.0625667 0.873687 2.35445
0.102709 0.659799 2.47568
0.154425 0.408349 2.47506
0.153064 0.318851 2.45734
-0.248855 0.324257 2.46013
-0.292287 -0.131157 2.59866
-0.317764 -0.493394 2.68572
-0.33303 -0.585433 2.58478
-0.084486 0.34042 2.4543
-0.0336128 -0.111156 2.59211
-0.011916 -0.498518 2.67717
0.0175982 -0.571154 2.57926
-0.234389 0.873674 2.3824
-0.472544 0.129259 2.56119
-0.487815 0.181986 2.47027
0.163024 0.227594 2.47725
0.133544 0.295854 2.40865
-0.167545 0.331055 2.49699
-0.223256 0.637815 2.43315
-0.287093 0.933607 2.35669
-0.363896 1.03611 2.27584
-0.442032 0.797766 2.40145
-0.477302 0.549019 2.51343
-0.486151 0.289311 2.5373
-0.46764 0.184297 2.55183
-0.106765 0.873614 2.3443
0.0917453 0.673268 2.46072
0.157615 0.421662 2.45766
0.158882 0.335338 2.43963
-0.244127 0.310006 2.46945
-0.287861 -0.133506 2.60345
-0.317165 -0.493008 2.6857
-0.332812 -0.584548 2.58548
-0.0845156 0.338693 2.45214
-0.0308299 -0.11226 2.59153
-0.0112451 -0.498678 2.67612
0.0190008 -0.573398 2.57718
-0.271311 0.861293 2.378
-0.444703 0.107018 2.56601
-0.478197 0.138414 2.4805
0.175969 0.240293 2.46886
0.139345 0.322563 2.39371
-0.157782 0.321576 2.50054
-0.228979 0.631267 2.43268
-0.305169 0.924969 2.35238
-0.409742 1.01021 2.27373
-0.449325 0.773379 2.40618
-0.474108 0.543684 2.5139
-0.484803 0.293751 2.54307
-0.46968 0.222457 2.55384
-0.128607 0.869857 2.34169
0.0837446 0.690784 2.44763
0.157882 0.434018 2.4357
0.157714 0.358307 2.41803
-0.232551 0.298094 2.47759
-0.285423 -0.135655 2.60562
-0.315562 -0.494628 2.68704
-0.333104 -0.583109 2.58583
-0.0780491 0.334116 2.45046
-0.0281388 -0.111504 2.59246
-0.0109603 -0.49829 2.67565
0.0195302 -0.574699 2.57454
-0.286094 0.853259 2.37473
-0.451167 0.140146 2.53475
-0.462267 0.142591 2.49333
0.172912 0.264444 2.44144
0.138715 0.348535 2.37321
-0.146208 0.313927 2.504
-0.235809 0.618681 2.43264
-0.327941 0.907145 2.3492
-0.440609 0.982363 2.27308
-0.449596 0.752705 2.40723
-0.468059 0.527648 2.51353
-0.470827 0.273571 2.56636
-0.464122 0.200722 2.58124
-0.139794 0.865183 2.3423
0.0784148 0.706705 2.44228
0.155849 0.465042 2.41593
0.146584 0.398234 2.4027
-0.220393 0.288734 2.48371
-0.280897 -0.133943 2.607
-0.314572 -0.495525 2.68732
-0.334046 -0.583571 2.58574
-0.0676384 0.329185 2.45018
-0.0240687 -0.112714 2.59389
-0.00914504 -0.497233 2.6758
0.0187673 -0.573549 2.57504
-0.305073 0.836686 2.37223
-0.445536 0.117652 2.58209
-0.45563 0.122943 2.52818
0.166628 0.305166 2.40857
0.169577 0.400398 2.38045
-0.142216 0.312474 2.50515
-0.236007 0.616316 2.43266
-0.329356 0.904851 2.34855
-0.440426 0.980421 2.27262
-0.449205 0.750069 2.40779
-0.466595 0.524137 2.51612
-0.475914 0.278929 2.56722
-0.466276 0.206508 2.58529
-0.14029 0.863929 2.34246
0.07892 0.70927 2.44256
0.155604 0.467368 2.416
0.145165 0.398742 2.40935
-0.216353 0.287174 2.48546
-0.276673 -0.13144 2.60563
-0.313819 -0.496846 2.68752
-0.334253 -0.583846 2.58527
-0.0637904 0.328101 2.45036
-0.020352 -0.111166 2.59423
-0.00811277 -0.496399 2.6757
0.0196442 -0.57337 2.57619
-0.306312 0.834401 2.37172
-0.449807 0.118624 2.58477
-0.457075 0.130247 2.53747
0.165873 0.306098 2.40936
0.0811611 0.3989 2.42941
-0.142414 0.313787 2.50579
-0.235158 0.616742 2.43267
-0.323127 0.906592 2.34772
-0.398386 0.994962 2.26302
-0.4466 0.757192 2.41138
-0.466894 0.525433 2.52145
-0.477825 0.241746 2.57863
-0.46651 0.145005 2.60236
-0.133134 0.865332 2.34269
0.0841249 0.706214 2.44615
0.160156 0.447398 2.43137
0.160084 0.366708 2.42223
-0.217043 0.289063 2.48609
-0.275503 -0.129936 2.60503
-0.313464 -0.497073 2.68746
-0.334371 -0.583845 2.58542
-0.0635939 0.329021 2.45103
-0.0185991 -0.111354 2.59487
-0.00702047 -0.494964 2.67499
0.0195299 -0.572667 2.57899
-0.302036 0.835772 2.37114
-0.463882 0.0632015 2.63729
-0.477877 0.113209 2.52187
0.170739 0.275648 2.43102
0.143064 0.346883 2.37833
-0.153127 0.324783 2.50721
-0.214508 0.627221 2.43319
-0.255291 0.917923 2.34854
-0.305501 1.0205 2.25378
-0.429368 0.808263 2.40511
-0.470795 0.546525 2.52826
-0.489599 0.293029 2.57283
-0.502488 0.195494 2.58901
-0.081464 0.871611 2.34917
0.102629 0.675038 2.46092
0.166458 0.421822 2.45483
0.169836 0.328063 2.44832
-0.232371 0.30618 2.48286
-0.277158 -0.130519 2.60451
-0.313251 -0.495296 2.68679
-0.334026 -0.582807 2.58617
-0.0703103 0.335067 2.45593
-0.0213397 -0.112064 2.59602
-0.00712209 -0.495944 2.67647
0.0194965 -0.572396 2.57842
-0.246316 0.847274 2.37155
-0.514306 0.110217 2.61492
-0.507747 0.184402 2.51087
0.177971 0.238024 2.45418
0.151116 0.300611 2.40536
-0.16108 0.334512 2.50713
-0.194841 0.637016 2.43234
-0.209876 0.928304 2.34559
-0.228575 1.03329 2.24389
-0.396565 0.851739 2.38932
-0.475179 0.574122 2.53333
-0.516429 0.327147 2.55973
-0.532059 0.234685 2.57725
-0.0328464 0.868146 2.35761
0.112297 0.638763 2.47155
0.167061 0.391058 2.47258
0.168599 0.292993 2.46656
-0.242708 0.322304 2.47678
-0.282651 -0.129789 2.60496
-0.314028 -0.494789 2.68635
-0.334113 -0.584288 2.58504
-0.0759093 0.339178 2.4607
-0.0256692 -0.110467 2.59637
-0.00840431 -0.495382 2.67591
0.0202156 -0.573342 2.57565
-0.206968 0.857442 2.36939
-0.552397 0.148358 2.60882
-0.538873 0.228607 2.49431
0.175079 0.207804 2.47587
0.148927 0.259825 2.4224
-0.169556 0.340277 2.50923
-0.177422 0.640641 2.43153
-0.164896 0.927998 2.34002
-0.146266 1.02951 2.2381
-0.354675 0.87798 2.37193
-0.480704 0.617041 2.52436
-0.53233 0.371611 2.55028
-0.558809 0.286405 2.56918
0.0102951 0.853758 2.36768
0.114695 0.605076 2.47601
0.165599 0.357588 2.48889
0.162868 0.25824 2.47907
-0.251012 0.3324 2.47467
-0.292785 -0.129393 2.60759
-0.314499 -0.494482 2.68612
-0.334168 -0.584589 2.5849
-0.0852218 0.339511 2.46893
-0.030156 -0.11196 2.59779
-0.00901691 -0.496043 2.67657
0.0195698 -0.574074 2.57407
-0.168622 0.858148 2.36514
-0.586429 0.20232 2.59392
-0.560251 0.280548 2.48959
0.170296 0.174178 2.49107
0.147135 0.213654 2.43083
-0.1791 0.337277 2.51471
-0.158985 0.634807 2.43307
-0.126615 0.918524 2.33854
-0.046231 1.0105 2.23615
-0.290139 0.882982 2.34878
-0.476771 0.67555 2.50449
-0.567361 0.423978 2.54823
-0.605472 0.343843 2.56929
0.0527809 0.817947 2.38266
0.117347 0.57466 2.4814
0.156894 0.317789 2.505
0.156701 0.219649 2.49451
-0.25853 0.335102 2.47448
-0.303442 -0.127926 2.61222
-0.316228 -0.494492 2.68725
-0.333957 -0.584787 2.58557
-0.0958492 0.327227 2.48268
-0.0399979 -0.110039 2.59862
-0.0103637 -0.496835 2.67768
0.0181557 -0.573232 2.57436
-0.134957 0.849339 2.3644
-0.632761 0.273577 2.59728
-0.601227 0.339509 2.49189
0.159253 0.133731 2.49171
0.138669 0.159086 2.44378
-0.188125 0.331547 2.52001
-0.146746 0.62894 2.43087
-0.092008 0.911323 2.32875
0.012228 0.992038 2.23134
-0.263754 0.882571 2.34094
-0.478947 0.697935 2.49549
-0.589257 0.477299 2.53943
-0.630473 0.402775 2.56363
0.0699341 0.784891 2.39232
0.119751 0.557052 2.48375
0.154654 0.300896 2.50926
0.154527 0.201889 2.50339
-0.266329 0.335184 2.47387
-0.309035 -0.128712 2.61359
-0.317715 -0.49629 2.68899
-0.334027 -0.585251 2.58496
-0.105006 0.315548 2.49392
-0.0452784 -0.110802 2.60085
-0.0115097 -0.497558 2.67797
0.0173205 -0.571945 2.57659
-0.105741 0.842661 2.35588
-0.668391 0.326567 2.5998
-0.629643 0.389565 2.48056
0.152824 0.112491 2.479
0.13731 0.145259 2.46205
-0.197808 0.326498 2.52186
-0.13338 0.614476 2.43345
-0.0588734 0.886457 2.33341
0.0521384 0.963146 2.23358
-0.259406 0.881348 2.34034
-0.472265 0.73295 2.47832
-0.605323 0.506305 2.53155
-0.654549 0.437271 2.54894
0.086591 0.755863 2.39758
0.124091 0.52759 2.4921
0.157356 0.236633 2.51986
0.154119 0.153506 2.5125
-0.275233 0.335434 2.47274
-0.31374 -0.130184 2.61397
-0.319671 -0.496761 2.6892
-0.334161 -0.585523 2.58477
-0.115234 0.305758 2.4974
-0.0511773 -0.112716 2.60204
-0.0121056 -0.497478 2.6767
0.0160284 -0.571148 2.5767
-0.0776463 0.82019 2.36045
-0.693918 0.36875 2.59058
-0.651035 0.427789 2.47345
0.157895 0.0654779 2.50941
0.141959 0.104978 2.46321
-0.210672 0.319992 2.52445
-0.131124 0.607849 2.43442
-0.0492677 0.87919 2.33315
0.0769001 0.939297 2.24001
-0.240335 0.880637 2.33788
-0.466908 0.746051 2.46914
-0.616991 0.526125 2.51851
-0.665528 0.460477 2.53728
0.0906614 0.738208 2.39767
0.12657 0.510847 2.49418
0.160611 0.221395 2.52695
0.159937 0.131176 2.51904
-0.286877 0.333754 2.47405
-0.317816 -0.130883 2.61415
-0.320971 -0.497991 2.68987
-0.334002 -0.584951 2.58516
-0.128333 0.295685 2.50042
-0.0592421 -0.118331 2.60665
-0.0128822 -0.497406 2.6776
0.0165019 -0.573168 2.57572
-0.0699997 0.813094 2.36062
-0.7079 0.39532 2.573
-0.665321 0.451563 2.4603
0.159214 0.0458715 2.50856
0.145624 0.0880947 2.47286
-0.216313 0.318075 2.52258
-0.130846 0.604116 2.43356
-0.0450726 0.875408 2.33269
0.0810897 0.934203 2.23921
-0.237136 0.880428 2.33689
-0.465316 0.750004 2.4652
-0.620628 0.528786 2.51743
-0.663864 0.459081 2.53408
0.0909401 0.736426 2.39742
0.12789 0.508419 2.49233
0.16665 0.213293 2.5281
0.166248 0.126137 2.51598
-0.293284 0.333202 2.47122
-0.321821 -0.129904 2.61141
-0.322242 -0.499082 2.69039
-0.333939 -0.58535 2.58556
-0.133179 0.292961 2.499
-0.0621116 -0.121061 2.60917
-0.0133755 -0.499913 2.67774
0.0169514 -0.576487 2.57174
-0.0666759 0.809284 2.36007
-0.701472 0.389143 2.56096
-0.664623 0.446801 2.45945
0.172352 0.0386312 2.5399
0.156732 0.0868666 2.46679
-0.212258 0.319358 2.51832
-0.130918 0.604396 2.43208
-0.0501183 0.877065 2.3318
0.0443165 0.958101 2.22356
-0.239534 0.879154 2.33559
-0.472779 0.736868 2.46618
-0.620133 0.50678 2.51942
-0.656577 0.424562 2.53561
0.0873749 0.747265 2.39383
0.133983 0.52444 2.49512
0.168794 0.224518 2.52202
0.164248 0.162335 2.50409
-0.290074 0.333314 2.46669
-0.321938 -0.129489 2.60949
-0.322801 -0.499259 2.68986
-0.333719 -0.585133 2.58618
-0.127866 0.295969 2.49477
-0.062372 -0.119747 2.60666
-0.0144997 -0.499884 2.67847
0.0165643 -0.576189 2.57268
-0.0696857 0.810405 2.35897
-0.694956 0.348988 2.5705
-0.659172 0.408695 2.4585
0.167131 0.0721331 2.52502
0.153613 0.117155 2.45362
-0.201978 0.322788 2.5116
-0.132589 0.61067 2.42433
-0.0769063 0.892512 2.32457
-0.0198243 0.988764 2.21593
-0.263628 0.876594 2.33206
-0.489771 0.698662 2.47637
-0.618072 0.450301 2.52098
-0.643067 0.367492 2.53535
0.0668129 0.788866 2.38077
0.13407 0.557314 2.49106
0.171252 0.308837 2.51415
0.166322 0.216649 2.49612
-0.282065 0.331863 2.46138
-0.320493 -0.130159 2.60737
-0.322536 -0.499196 2.68985
-0.333653 -0.584899 2.58582
-0.114851 0.305728 2.48606
-0.0583304 -0.116383 2.60341
-0.0145154 -0.500204 2.67898
0.0165534 -0.575185 2.57486
-0.0889347 0.823671 2.3508
-0.672909 0.290746 2.563
-0.647739 0.352774 2.4585
0.166724 0.126964 2.50663
0.151281 0.181481 2.44718
-0.190864 0.32791 2.50413
-0.15297 0.62167 2.41744
-0.129865 0.907606 2.31942
-0.0975565 1.00812 2.21273
-0.309601 0.877991 2.34083
-0.492603 0.670666 2.4805
-0.602307 0.418464 2.52052
-0.619866 0.325242 2.52751
0.0423845 0.818201 2.3648
0.135036 0.591752 2.49164
0.170615 0.342607 2.51272
0.165182 0.254691 2.49162
-0.27242 0.331442 2.45831
-0.315872 -0.130287 2.60434
-0.321219 -0.499306 2.68959
-0.333793 -0.585389 2.58566
-0.103165 0.316638 2.47357
-0.0537177 -0.114535 2.59974
-0.0139982 -0.498549 2.67782
0.0160741 -0.574007 2.57509
-0.135277 0.837944 2.34572
-0.642099 0.246802 2.55503
-0.620592 0.306313 2.456
0.169218 0.160763 2.50528
0.155588 0.226935 2.44546
-0.183942 0.334414 2.49692
-0.171729 0.631433 2.41265
-0.172609 0.918276 2.31869
-0.172648 1.01677 2.2133
-0.366337 0.865388 2.36016
-0.497096 0.618363 2.49553
-0.582021 0.382083 2.52074
-0.599277 0.28155 2.53159
0.00627159 0.851569 2.34701
0.131027 0.627704 2.49128
0.167273 0.377774 2.50645
0.16005 0.286182 2.48652
-0.266433 0.33199 2.45635
-0.309629 -0.131158 2.60143
-0.319927 -0.498783 2.6887
-0.333492 -0.585416 2.58539
-0.096261 0.329464 2.46068
-0.0482772 -0.113662 2.59748
-0.0135474 -0.498604 2.6782
0.017023 -0.574579 2.57374
-0.172153 0.848474 2.34399
-0.619323 0.20354 2.55587
-0.604332 0.257679 2.46338
0.16893 0.187266 2.51137
0.146211 0.251683 2.43444
-0.180609 0.334505 2.493
-0.185039 0.632101 2.41024
-0.203308 0.918071 2.31823
-0.244933 1.01173 2.21263
-0.389054 0.851685 2.36649
-0.498524 0.582634 2.50095
-0.56259 0.340188 2.52347
-0.570037 0.243532 2.53755
-0.036689 0.86576 2.33589
0.124151 0.665172 2.47897
0.162549 0.415899 2.4986
0.151862 0.320535 2.47829
-0.262036 0.328004 2.45463
-0.303622 -0.130771 2.59802
-0.318132 -0.498058 2.68751
-0.333234 -0.585396 2.58547
-0.093069 0.332396 2.45416
-0.0423986 -0.111974 2.59433
-0.0137066 -0.498397 2.67803
0.0171033 -0.574174 2.57401
-0.198553 0.848522 2.34309
-0.58039 0.163826 2.56208
-0.573648 0.214131 2.46689
0.161217 0.22915 2.48865
0.136092 0.299946 2.42386
-0.176745 0.331209 2.49106
-0.201954 0.627122 2.41014
-0.237969 0.90995 2.3201
-0.310114 1.00033 2.22088
-0.427832 0.810517 2.38211
-0.497665 0.559069 2.50322
-0.544756 0.313778 2.53282
-0.54834 0.214984 2.53778
-0.0749089 0.87105 2.32812
0.112634 0.69695 2.46756
0.151999 0.446838 2.47978
0.147874 0.358756 2.46324
-0.255521 0.316628 2.45686
-0.299482 -0.129864 2.59813
-0.316992 -0.495491 2.68514
-0.332932 -0.585285 2.58637
-0.0903678 0.333119 2.44978
-0.0394682 -0.111034 2.59166
-0.0134234 -0.498004 2.67749
0.0170819 -0.574058 2.57351
-0.229264 0.841028 2.34459
-0.551225 0.13584 2.56089
-0.547647 0.171072 2.47231
0.15379 0.260812 2.47924
0.135158 0.339537 2.4165
