-0.169188 0.191317 2.27718
-0.160843 0.484241 2.20322
-0.151706 0.766197 2.11803
-0.13852 0.922569 2.08449
-0.317019 0.664503 2.1393
-0.428875 0.434354 2.1787
-0.554279 0.228298 2.19632
-0.574999 0.169838 2.19206
0.0120304 0.656458 2.16793
0.0919669 0.419909 2.22137
0.199463 0.203141 2.24089
0.201008 0.171901 2.21951
-0.239376 0.188759 2.23787
-0.298863 -0.194544 2.36973
-0.332826 -0.556955 2.48545
-0.345482 -0.635454 2.39525
-0.0938208 0.187998 2.24658
-0.057653 -0.194526 2.3646
-0.0536123 -0.564456 2.47431
-0.0474387 -0.654692 2.39101
-0.154129 0.697329 2.14132
-0.603355 0.0720893 2.21687
-0.570602 0.143194 2.13415
0.227349 0.0712805 2.21442
0.212183 0.10407 2.1637
-0.169241 0.191265 2.27663
-0.160737 0.484123 2.20215
-0.151414 0.76601 2.11636
-0.137689 0.922197 2.08271
-0.314099 0.664697 2.13693
-0.42963 0.435128 2.17882
-0.554034 0.228506 2.19684
-0.575592 0.175512 2.19229
0.013125 0.65631 2.16627
0.0922768 0.419491 2.22082
0.200063 0.202991 2.24115
0.210299 0.120865 2.21281
-0.239453 0.188732 2.23704
-0.299118 -0.19385 2.36907
-0.332882 -0.557066 2.4851
-0.345722 -0.635797 2.39527
-0.0938643 0.187932 2.24625
-0.0578523 -0.192759 2.36302
-0.0525152 -0.563599 2.47282
-0.0471173 -0.653871 2.39314
-0.153886 0.697161 2.1398
-0.606921 0.0782007 2.21036
-0.57155 0.146667 2.142
0.221755 0.0318392 2.24701
0.209207 0.0942663 2.16125
-0.169607 0.190956 2.27622
-0.160799 0.482798 2.2008
-0.15086 0.763125 2.11373
-0.13656 0.91956 2.07935
-0.314581 0.664884 2.13705
-0.428032 0.434374 2.18039
-0.552504 0.228525 2.20305
-0.569045 0.175791 2.19618
0.0134669 0.65624 2.16575
0.0915339 0.417293 2.21993
0.193034 0.197003 2.23477
0.198104 0.147727 2.21431
-0.239774 0.188544 2.23666
-0.299125 -0.193904 2.36833
-0.333179 -0.557515 2.48506
-0.3457 -0.635318 2.39565
-0.0942666 0.187505 2.24586
-0.0579138 -0.192637 2.36272
-0.0527378 -0.563766 2.47229
-0.0465359 -0.653474 2.39209
-0.153516 0.694703 2.13752
-0.601745 0.0800913 2.22316
-0.566392 0.13929 2.14891
0.218837 0.0477501 2.22836
0.200263 0.0959485 2.16178
-0.169831 0.190404 2.27571
-0.160543 0.48136 2.19979
-0.150096 0.760915 2.11242
-0.135025 0.916017 2.07458
-0.314916 0.665117 2.13765
-0.425626 0.43407 2.18285
-0.551444 0.230193 2.21159
-0.571175 0.178935 2.20551
0.013915 0.655818 2.16545
0.0903484 0.416158 2.21935
0.188887 0.194858 2.23695
0.195152 0.144635 2.21459
-0.24004 0.18804 2.23639
-0.299205 -0.193835 2.36806
-0.333228 -0.557544 2.48502
-0.34546 -0.634989 2.39608
-0.0944093 0.186845 2.24511
-0.0578916 -0.19215 2.36202
-0.0525948 -0.565556 2.47449
-0.045612 -0.656837 2.39386
-0.15287 0.692667 2.13626
-0.603065 0.0784869 2.22672
-0.565516 0.152436 2.158
0.213262 0.0429487 2.2204
0.197737 0.0969571 2.16086
-0.16988 0.190186 2.27552
-0.159755 0.480547 2.19927
-0.147489 0.759244 2.11136
-0.131176 0.914506 2.07269
-0.314186 0.664993 2.13779
-0.425413 0.434459 2.18379
-0.552417 0.23149 2.21325
-0.576409 0.179882 2.2088
0.0158594 0.65553 2.16435
0.0906654 0.415033 2.21918
0.189054 0.194166 2.24028
0.196778 0.144019 2.21757
-0.240146 0.187916 2.2361
-0.299178 -0.192277 2.36733
-0.33333 -0.557583 2.48524
-0.345718 -0.635184 2.39591
-0.0944509 0.186459 2.24513
-0.0579479 -0.192089 2.36174
-0.0526937 -0.565011 2.47382
-0.0461164 -0.656214 2.39463
-0.150787 0.691219 2.13535
-0.608413 0.0806681 2.23713
-0.572426 0.152257 2.15809
0.215286 0.0414514 2.22995
0.19938 0.0951752 2.16384
-0.169513 0.189851 2.27548
-0.155091 0.479072 2.19827
-0.137034 0.756969 2.10921
-0.112192 0.912151 2.06955
-0.302462 0.662177 2.1335
-0.424869 0.435383 2.18406
-0.55577 0.235432 2.21566
-0.583509 0.19154 2.2072
0.0273232 0.652289 2.16381
0.0943069 0.412023 2.21815
0.19192 0.191202 2.24165
0.206497 0.106382 2.21361
-0.239835 0.187904 2.23566
-0.299845 -0.18835 2.36686
-0.333486 -0.557574 2.48529
-0.345919 -0.635328 2.39598
-0.0937388 0.185431 2.24568
-0.0581045 -0.191882 2.36107
-0.0529852 -0.564651 2.47268
-0.0461406 -0.655778 2.39357
-0.141802 0.68911 2.13348
-0.61898 0.0936077 2.24369
-0.578393 0.165267 2.15696
0.21552 0.0168978 2.2381
0.201938 0.0805638 2.16224
-0.168043 0.188366 2.27694
-0.135114 0.474185 2.19798
-0.0961941 0.749512 2.10543
-0.0499633 0.9052 2.06514
-0.259953 0.659614 2.12193
-0.396175 0.459189 2.17734
-0.558085 0.285578 2.2152
-0.595966 0.215766 2.20027
0.0674927 0.630916 2.16654
0.110791 0.391935 2.22258
0.205267 0.169142 2.2411
0.212195 0.0774355 2.2235
-0.238449 0.188715 2.23615
-0.300552 -0.169563 2.35977
-0.333875 -0.557599 2.48631
-0.345488 -0.634468 2.39702
-0.0920282 0.180088 2.24905
-0.0593079 -0.192357 2.36116
-0.0531919 -0.564616 2.47269
-0.0461285 -0.656496 2.39157
-0.106072 0.682264 2.13064
-0.632606 0.139662 2.23565
-0.58743 0.196888 2.15363
0.216861 -0.0240303 2.27048
0.207806 0.0483675 2.16967
-0.165909 0.185887 2.27948
-0.112485 0.466257 2.19774
-0.0518687 0.735673 2.10119
0.00589647 0.889666 2.06203
-0.225388 0.654685 2.11675
-0.39241 0.464874 2.17765
-0.571865 0.308745 2.21161
-0.594994 0.269859 2.2023
0.105 0.615286 2.16635
0.131151 0.360848 2.22938
0.21293 0.133448 2.24954
0.20819 0.0866147 2.2345
-0.236568 0.189011 2.23715
-0.303107 -0.167875 2.36203
-0.33502 -0.558544 2.48722
-0.34506 -0.633393 2.39702
-0.0901369 0.17446 2.25333
-0.0636767 -0.199766 2.36552
-0.0531891 -0.564777 2.47354
-0.0467263 -0.655877 2.3932
-0.0671725 0.669936 2.12744
-0.641694 0.181235 2.22857
-0.586809 0.246632 2.15314
0.218852 -0.0141738 2.22501
0.205971 0.0256255 2.18314
-0.157201 0.179588 2.28799
-0.0849103 0.45455 2.19969
-0.00952771 0.718566 2.09644
0.0634037 0.866263 2.05986
-0.1901 0.650739 2.11293
-0.394017 0.480775 2.1812
-0.576516 0.32565 2.20567
-0.604675 0.290146 2.1886
0.121692 0.592508 2.16012
0.15842 0.334597 2.23139
0.206525 0.0987756 2.25823
0.209437 0.00714355 2.24393
-0.228401 0.188144 2.24186
-0.305662 -0.17157 2.36702
-0.336048 -0.560207 2.48874
-0.345055 -0.632987 2.39723
-0.0815121 0.163604 2.26536
-0.0663786 -0.205218 2.36889
-0.05403 -0.566134 2.47476
-0.0471505 -0.654724 2.39096
-0.0283203 0.654145 2.12444
-0.644603 0.227742 2.20508
-0.633464 0.250175 2.18014
0.207802 -0.0889572 2.28054
0.202049 -0.0234407 2.19611
-0.156811 0.17203 2.29619
-0.0657543 0.441079 2.20212
0.0315584 0.697324 2.09377
0.115058 0.839163 2.05733
-0.153368 0.640947 2.10988
-0.383538 0.501288 2.18194
-0.572377 0.352178 2.19824
-0.579529 0.337513 2.181
0.144318 0.561011 2.16169
0.175399 0.297225 2.23917
0.204413 0.0577651 2.26168
0.207848 0.00535094 2.25254
-0.225528 0.184575 2.24947
-0.30684 -0.183641 2.37643
-0.336211 -0.560693 2.49079
-0.344164 -0.63155 2.39871
-0.0837987 0.153304 2.27328
-0.0687765 -0.215797 2.37699
-0.053898 -0.568914 2.47866
-0.0474802 -0.655712 2.39049
0.00711156 0.634812 2.1231
-0.639391 0.256399 2.19364
-0.576101 0.305169 2.13235
0.208819 -0.0966566 2.26538
0.198257 -0.0542263 2.20391
-0.15801 0.169039 2.2996
-0.0586729 0.435019 2.2027
0.0444988 0.689357 2.09168
0.135025 0.829186 2.05461
-0.140266 0.636112 2.1092
-0.371791 0.50587 2.18012
-0.563871 0.359976 2.19084
-0.58249 0.320783 2.17217
0.159483 0.538304 2.16332
0.178862 0.287665 2.23809
0.204258 0.048258 2.26347
0.208606 0.00426958 2.25074
-0.225063 0.183123 2.25293
-0.30628 -0.187881 2.38096
-0.336621 -0.560878 2.49083
-0.344283 -0.63148 2.39902
-0.0866596 0.149032 2.27671
-0.0681861 -0.220344 2.38015
-0.0540456 -0.56867 2.47793
-0.0458045 -0.657635 2.3893
0.01887 0.627238 2.12163
-0.627481 0.260192 2.18582
-0.567212 0.305605 2.1265
0.20938 -0.0954797 2.23798
0.19933 -0.0494463 2.20047
-0.157582 0.168133 2.3019
-0.0553744 0.433188 2.20314
0.0483254 0.687372 2.09088
0.139935 0.826832 2.05391
-0.137949 0.63712 2.10917
-0.361595 0.505766 2.17777
-0.554717 0.360796 2.18568
-0.556993 0.334017 2.17424
0.157976 0.541717 2.16313
0.180603 0.284656 2.23838
0.20686 0.0452686 2.26314
0.21347 -0.00210218 2.24583
-0.22414 0.182761 2.25498
-0.304627 -0.185614 2.38133
-0.33682 -0.561153 2.49144
-0.344161 -0.630976 2.39989
-0.0866139 0.147873 2.27916
-0.0677763 -0.220737 2.38167
-0.0535504 -0.568558 2.47827
-0.0455553 -0.65832 2.39192
0.0226583 0.625295 2.12109
-0.617646 0.245186 2.18755
-0.557195 0.297257 2.12762
0.212204 -0.102494 2.25176
0.200789 -0.0547948 2.19788
-0.152379 0.168956 2.30398
-0.0550683 0.433981 2.20323
0.0399297 0.691804 2.09016
0.116784 0.837983 2.05233
-0.141813 0.638497 2.10737
-0.361139 0.492997 2.17553
-0.547168 0.338595 2.18149
-0.555937 0.29603 2.17094
0.151473 0.55443 2.16128
0.183485 0.289896 2.23682
0.213693 0.0501497 2.25584
0.218144 -0.022971 2.23114
-0.2203 0.183343 2.25654
-0.303232 -0.191551 2.38235
-0.336462 -0.561385 2.49003
-0.345041 -0.632957 2.39759
-0.0796446 0.149354 2.28192
-0.0632735 -0.209622 2.38018
-0.0529927 -0.56813 2.479
-0.0452943 -0.65721 2.39337
0.0174984 0.628603 2.12063
-0.607783 0.211228 2.18849
-0.550648 0.266546 2.12404
0.220342 -0.101474 2.26275
0.207039 -0.0392638 2.18093
-0.146407 0.172185 2.30351
-0.0662643 0.444148 2.202
-0.00100171 0.710614 2.08957
0.0611267 0.861685 2.05309
-0.175454 0.643783 2.1059
-0.358893 0.47136 2.17282
-0.538095 0.308718 2.17642
-0.554761 0.2533 2.16555
0.144421 0.569686 2.15999
0.178269 0.321988 2.22923
0.221678 0.083748 2.24489
0.227689 0.022137 2.22489
-0.215805 0.185308 2.25697
-0.300529 -0.189427 2.3793
-0.336248 -0.561851 2.48883
-0.345671 -0.634751 2.39587
-0.0722061 0.154331 2.28004
-0.0577368 -0.205334 2.37787
-0.0518836 -0.567641 2.47838
-0.044166 -0.65664 2.39091
-0.0166372 0.64574 2.11963
-0.596432 0.178674 2.18577
-0.547072 0.223345 2.11767
0.23181 -0.0701929 2.26288
0.214721 -0.0100238 2.17758
-0.146183 0.175462 2.29983
-0.0854345 0.454472 2.19929
-0.0334405 0.724106 2.08959
-0.00984871 0.886122 2.05425
-0.20832 0.649264 2.10755
-0.361162 0.462303 2.16749
-0.530941 0.290681 2.17998
-0.557257 0.20866 2.16829
0.120088 0.590529 2.15487
0.154525 0.361303 2.22503
0.230569 0.130812 2.2359
0.234964 0.0764148 2.2144
-0.216051 0.185725 2.25601
-0.294579 -0.178903 2.37032
-0.335219 -0.562129 2.48772
-0.34536 -0.635379 2.39505
-0.0711746 0.161585 2.27263
-0.0503823 -0.181983 2.36669
-0.0509677 -0.566325 2.47792
-0.0439293 -0.656615 2.39048
-0.0461526 0.658322 2.11894
-0.592886 0.115781 2.20917
-0.546445 0.188463 2.12158
0.245101 -0.0253583 2.23918
0.221609 0.0394411 2.16752
-0.14616 0.1811 2.29354
-0.116353 0.468192 2.1929
-0.099211 0.744503 2.08397
-0.0869257 0.899114 2.056
-0.26545 0.654735 2.11196
-0.404087 0.435132 2.16828
-0.542482 0.237871 2.187
-0.557435 0.192293 2.1726
0.0641448 0.636105 2.14353
0.138801 0.400877 2.21164
0.231436 0.176195 2.22043
0.244964 0.116346 2.20227
-0.21674 0.186486 2.25218
-0.291562 -0.184059 2.37034
-0.334869 -0.562121 2.48692
-0.345497 -0.636032 2.39428
-0.0704914 0.172773 2.26439
-0.0496591 -0.184063 2.36726
-0.0507875 -0.565165 2.47648
-0.0436073 -0.656895 2.38788
-0.103045 0.677137 2.11306
-0.590238 0.0976519 2.20076
-0.553144 0.156404 2.12105
0.262968 0.0181988 2.23118
0.231808 0.0788947 2.15541
-0.147799 0.185297 2.28873
-0.144125 0.472637 2.18941
-0.149584 0.747105 2.08228
-0.168358 0.900573 2.05489
-0.319124 0.64808 2.1197
-0.422627 0.417845 2.16941
-0.550719 0.2132 2.18452
-0.567125 0.158855 2.17356
0.0200247 0.656342 2.13697
0.118795 0.427802 2.20845
0.241647 0.218031 2.21586
0.258086 0.144082 2.18522
-0.218507 0.185915 2.24966
-0.285655 -0.180208 2.36234
-0.334333 -0.561529 2.48588
-0.34605 -0.636963 2.39331
-0.0720785 0.182422 2.25683
-0.0479957 -0.181385 2.36596
-0.0499145 -0.564377 2.47664
-0.0427135 -0.656163 2.38697
-0.148071 0.680185 2.11097
-0.596009 0.0681646 2.19963
-0.562278 0.121959 2.12067
0.280233 0.0653017 2.21805
0.247889 0.128911 2.13918
-0.150574 0.185806 2.28744
-0.17514 0.469953 2.1889
-0.203912 0.741856 2.08078
-0.253963 0.889175 2.05273
-0.355343 0.631256 2.12443
-0.441404 0.38731 2.1749
-0.555728 0.173706 2.18098
-0.569969 0.100392 2.17546
-0.0327253 0.664256 2.1296
0.11353 0.438906 2.21051
0.244501 0.233375 2.20615
0.255108 0.189658 2.18516
-0.22244 0.182143 2.24974
-0.28618 -0.188598 2.36543
-0.334105 -0.561069 2.48566
-0.346414 -0.63723 2.39369
-0.075127 0.185746 2.25429
-0.041977 -0.167153 2.35882
-0.0494845 -0.564447 2.47707
-0.043928 -0.655995 2.38974
-0.19682 0.6755 2.10981
-0.591178 0.00135748 2.19599
-0.560328 0.0770017 2.11865
0.284935 0.108297 2.20771
0.243261 0.163442 2.13986
-0.158029 0.181781 2.28773
-0.21423 0.456927 2.18698
-0.272572 0.721476 2.07428
-0.34638 0.861343 2.04651
-0.413834 0.586203 2.13236
-0.455666 0.35105 2.17968
-0.534098 0.121756 2.18841
-0.547975 0.0239849 2.18321
-0.0924658 0.662335 2.11521
0.104284 0.453604 2.20911
0.247871 0.25669 2.19192
0.252801 0.224035 2.1801
-0.230315 0.169272 2.25464
-0.28721 -0.187474 2.36971
-0.333835 -0.560521 2.48542
-0.346546 -0.637333 2.39467
-0.0827469 0.187156 2.25142
-0.0433827 -0.160774 2.35778
-0.0464438 -0.559107 2.47328
-0.0442738 -0.653698 2.39244
-0.258207 0.656916 2.10449
-0.558673 -0.0727557 2.196
-0.55645 -0.0394087 2.16122
0.285313 0.141422 2.20679
0.238372 0.203524 2.135
-0.160354 0.176812 2.28832
-0.231214 0.447403 2.18577
-0.30438 0.708152 2.07088
-0.394143 0.839696 2.04273
-0.421753 0.57968 2.13368
-0.446636 0.341339 2.17889
-0.509257 0.108089 2.19711
-0.521515 0.000834092 2.19973
-0.114906 0.658088 2.10966
0.087593 0.475079 2.20293
0.240568 0.285327 2.18499
0.250965 0.248037 2.17501
-0.23075 0.159239 2.25696
-0.285482 -0.199246 2.37658
-0.333798 -0.560507 2.48548
-0.346133 -0.637472 2.39399
-0.0851918 0.186191 2.25088
-0.0500628 -0.174383 2.3649
-0.0457842 -0.558675 2.47256
-0.0435567 -0.654316 2.39297
-0.286415 0.644501 2.10164
-0.526926 -0.0910528 2.21409
-0.510596 -0.0226822 2.139
0.285692 0.167954 2.18945
0.236077 0.227914 2.12862
-0.161472 0.173397 2.28913
-0.243361 0.441064 2.18487
-0.330783 0.697238 2.06791
-0.418187 0.82954 2.03824
-0.440446 0.569188 2.13772
-0.448916 0.328875 2.1803
-0.501452 0.0937999 2.20359
-0.509519 -0.0128785 2.21346
-0.138208 0.653202 2.10504
0.0829121 0.485865 2.19839
0.243256 0.302182 2.18665
0.269235 0.243643 2.17189
-0.230401 0.153573 2.25964
-0.284818 -0.203117 2.37876
-0.333894 -0.561262 2.48562
-0.345802 -0.637826 2.39363
-0.0871661 0.185386 2.25015
-0.0448192 -0.195091 2.37543
-0.0459889 -0.558995 2.4711
-0.0434796 -0.655571 2.39285
-0.309656 0.63449 2.09919
-0.51181 -0.111586 2.23412
-0.497698 -0.0360694 2.15606
0.299034 0.180553 2.21096
0.249831 0.229938 2.12385
-0.162857 0.170963 2.28889
-0.250944 0.437031 2.18259
-0.338827 0.693618 2.06458
-0.422847 0.826722 2.03651
-0.447297 0.563236 2.13635
-0.445685 0.322868 2.17971
-0.49946 0.0889654 2.20824
-0.511626 -0.0139443 2.2213
-0.14778 0.651278 2.1025
0.0828271 0.48986 2.19455
0.245959 0.308684 2.18648
0.277114 0.249731 2.17123
-0.231128 0.150404 2.25983
-0.284142 -0.203949 2.37896
-0.333759 -0.561741 2.4858
-0.345112 -0.63799 2.39292
-0.089216 0.184416 2.24905
-0.0415069 -0.170907 2.36632
-0.0456297 -0.557778 2.47116
-0.0439344 -0.652944 2.39383
-0.317468 0.630913 2.09611
-0.515405 -0.110329 2.24179
-0.501475 -0.03552 2.16535
0.306282 0.194586 2.19453
0.256037 0.243625 2.12485
-0.164131 0.169868 2.28842
-0.248702 0.437725 2.18151
-0.326062 0.697644 2.06287
-0.400974 0.834375 2.03241
-0.433139 0.569792 2.13165
-0.460392 0.286422 2.18886
-0.507438 0.0510263 2.21625
-0.522751 -0.0324225 2.21728
-0.132437 0.652748 2.10192
0.0857849 0.488946 2.19276
0.248585 0.307555 2.18769
0.272643 0.235352 2.17645
-0.232194 0.149919 2.25927
-0.282236 -0.193002 2.37273
-0.334059 -0.562361 2.48694
-0.343857 -0.636963 2.3938
-0.0908622 0.183404 2.24825
-0.0414014 -0.167483 2.36363
-0.04615 -0.558079 2.47019
-0.0438904 -0.652964 2.39317
-0.307689 0.634042 2.09445
-0.522115 -0.105281 2.23731
-0.50936 -0.0170397 2.15816
0.302511 0.168005 2.1993
0.260999 0.211449 2.12856
-0.164423 0.171075 2.2871
-0.224402 0.447416 2.17715
-0.270741 0.714231 2.0569
-0.341295 0.856016 2.03204
-0.421393 0.57618 2.12843
-0.453308 0.326349 2.18089
-0.505389 0.0919593 2.20897
-0.528666 0.00739932 2.20383
-0.108693 0.654762 2.09979
0.105107 0.46403 2.19648
0.255701 0.272371 2.1893
0.269664 0.201153 2.17661
-0.233383 0.153591 2.25663
-0.282753 -0.176923 2.3649
-0.333938 -0.561878 2.48728
-0.343978 -0.636835 2.39392
-0.0907387 0.183581 2.24754
-0.0505045 -0.165738 2.35892
-0.046313 -0.558537 2.47118
-0.0434987 -0.653928 2.39116
-0.259582 0.649246 2.08891
-0.532586 -0.0695222 2.22497
-0.516771 0.011586 2.1496
0.294961 0.136259 2.19312
0.255601 0.18165 2.13362
-0.163775 0.175823 2.28524
-0.197088 0.459617 2.175
-0.21714 0.731813 2.05507
-0.251287 0.884295 2.03378
-0.404373 0.591732 2.12472
-0.429024 0.342591 2.18055
-0.51759 0.119146 2.20502
-0.52797 0.0653949 2.18778
-0.0494445 0.654331 2.10089
0.110038 0.450251 2.19407
0.246587 0.248562 2.19452
0.254397 0.188021 2.18052
-0.233821 0.16421 2.25151
-0.285618 -0.179516 2.3674
-0.333225 -0.56061 2.48742
-0.344426 -0.636679 2.39433
-0.089728 0.184633 2.24751
-0.047842 -0.163765 2.35665
-0.0463305 -0.55877 2.47119
-0.0433995 -0.654606 2.39106
-0.212761 0.665416 2.087
-0.541971 -0.0195432 2.20824
-0.540072 0.00414915 2.17247
0.284844 0.0981872 2.20704
0.24718 0.151085 2.13416
-0.159943 0.183391 2.281
-0.152718 0.467849 2.1741
-0.135282 0.738365 2.05988
-0.118369 0.896451 2.04005
-0.306207 0.643882 2.10143
-0.385964 0.402473 2.17534
-0.508538 0.194107 2.1886
-0.521462 0.117499 2.17333
0.0258663 0.645613 2.11315
0.11844 0.422399 2.18568
0.235808 0.195972 2.19627
0.247642 0.128447 2.18733
-0.230371 0.179493 2.24366
-0.288347 -0.183758 2.37017
-0.333104 -0.559709 2.48759
-0.344907 -0.636922 2.39429
-0.0851641 0.184961 2.24669
-0.0486196 -0.171751 2.3544
-0.046405 -0.559389 2.47165
-0.0437779 -0.653575 2.39009
-0.140007 0.672425 2.09029
-0.536971 0.0392039 2.19358
-0.501889 0.117149 2.12947
0.267461 0.0298257 2.21243
0.239372 0.090251 2.13721
-0.156547 0.182003 2.27966
-0.119049 0.461362 2.17823
-0.0757939 0.730485 2.06883
-0.0254837 0.887852 2.04639
-0.231086 0.64539 2.09564
-0.37171 0.423646 2.17328
-0.511374 0.226497 2.18682
-0.529632 0.181285 2.17486
0.0809109 0.615015 2.12309
0.148617 0.378618 2.18939
0.249668 0.158018 2.20092
0.246722 0.0930815 2.1881
-0.227296 0.181728 2.24063
-0.289492 -0.182878 2.36954
-0.332895 -0.559452 2.48743
-0.345406 -0.637232 2.39426
-0.0792131 0.17572 2.24806
-0.0499596 -0.181647 2.35557
-0.0467825 -0.559484 2.47106
-0.0441009 -0.653916 2.38947
-0.0866731 0.664727 2.09813
-0.559514 0.0887218 2.2042
-0.51238 0.156635 2.12756
0.259694 -0.00225228 2.19274
0.234554 0.0441914 2.13924
-0.14896 0.17561 2.27978
-0.0875824 0.449914 2.18347
-0.0248562 0.715438 2.07708
0.0533552 0.868602 2.05529
-0.191555 0.642342 2.09903
-0.357367 0.447073 2.17238
-0.53054 0.278392 2.17997
-0.556138 0.237755 2.16911
0.113505 0.595363 2.12821
0.171394 0.345672 2.19486
0.251066 0.116303 2.20377
0.250471 0.0431544 2.19501
-0.220782 0.180774 2.23921
-0.291942 -0.168072 2.35966
-0.333335 -0.560367 2.4876
-0.345479 -0.637081 2.39439
-0.071786 0.163073 2.25069
-0.050085 -0.189462 2.35744
-0.0468348 -0.559414 2.47073
-0.0437302 -0.654935 2.38832
-0.0404254 0.650575 2.10569
-0.593757 0.163911 2.19285
-0.541443 0.200635 2.1253
0.259938 -0.050106 2.20455
0.238768 -0.00430464 2.14874
-0.147021 0.168133 2.27952
-0.0611172 0.43704 2.18647
0.0318274 0.696028 2.08353
0.120991 0.841592 2.06288
-0.165504 0.639872 2.10092
-0.365253 0.475594 2.17724
-0.557104 0.328066 2.17518
-0.567826 0.298335 2.16417
0.143757 0.56713 2.13698
0.192894 0.318334 2.19633
0.247493 0.0821327 2.20914
0.246088 -0.0174747 2.20186
-0.21792 0.178975 2.23755
-0.294797 -0.182772 2.36348
-0.333333 -0.561051 2.48677
-0.345304 -0.636339 2.39458
-0.0723895 0.148951 2.25275
-0.0550467 -0.208807 2.36409
-0.0484658 -0.561836 2.47172
-0.0428662 -0.656359 2.38765
0.00845843 0.632774 2.11122
-0.617404 0.214351 2.18029
-0.55345 0.27286 2.11929
0.245935 -0.115523 2.23702
0.230526 -0.0519403 2.15589
-0.147936 0.15952 2.27902
-0.0396666 0.421457 2.18938
0.0728725 0.674416 2.08926
0.179359 0.810856 2.07183
-0.124748 0.633918 2.10158
-0.346075 0.513808 2.17128
-0.536655 0.364181 2.168
-0.568433 0.330581 2.1526
0.176142 0.519582 2.14745
0.198658 0.284915 2.20511
0.234725 0.0453477 2.21865
0.226947 -0.0545051 2.21571
-0.216179 0.176364 2.23561
-0.296008 -0.190667 2.36577
-0.334684 -0.563618 2.48568
-0.345432 -0.636136 2.39486
-0.0766873 0.135329 2.2538
-0.0581182 -0.214703 2.36482
-0.0499728 -0.563982 2.4731
-0.0424268 -0.657137 2.38489
0.0449865 0.612607 2.11633
-0.619628 0.261161 2.16675
-0.558301 0.302142 2.10707
0.220098 -0.157868 2.25448
0.210234 -0.0820855 2.168
-0.14818 0.155454 2.27948
-0.0303243 0.414696 2.19102
0.0902584 0.664891 2.09183
0.200324 0.798326 2.07475
-0.0853644 0.624917 2.10124
-0.346365 0.513966 2.17021
-0.540553 0.369018 2.16308
-0.563545 0.336387 2.14671
0.181753 0.51081 2.1498
0.19736 0.253944 2.21398
0.227249 0.0160734 2.24435
0.213312 -0.0743956 2.22514
-0.215042 0.174461 2.23572
-0.297607 -0.199529 2.36931
-0.335454 -0.564682 2.48378
-0.344675 -0.635139 2.39428
-0.0782144 0.130088 2.25412
-0.0601803 -0.219009 2.36587
-0.0501175 -0.564729 2.47447
-0.0435637 -0.658179 2.38836
0.0604301 0.603775 2.11867
-0.608723 0.275969 2.15942
-0.554303 0.309261 2.10523
0.204613 -0.170777 2.27345
0.19694 -0.103082 2.17589
-0.147381 0.153771 2.27941
-0.0264109 0.412407 2.19194
0.0948934 0.662254 2.09348
0.20417 0.796173 2.07596
-0.0806557 0.624244 2.10152
-0.345841 0.513909 2.16835
-0.540004 0.368913 2.16105
-0.56365 0.330852 2.14656
0.185043 0.507975 2.15189
0.19659 0.250335 2.2152
0.222596 0.0104031 2.23534
0.212077 -0.0605149 2.22518
-0.213063 0.173354 2.2358
-0.297846 -0.201077 2.36921
-0.335858 -0.564966 2.48273
-0.344168 -0.634369 2.39492
-0.0780205 0.128127 2.25361
-0.0612614 -0.221249 2.36566
-0.0500711 -0.565609 2.4729
-0.0445033 -0.658924 2.38831
0.0649404 0.601235 2.12014
-0.612918 0.260115 2.16201
-0.553198 0.305611 2.10573
0.201206 -0.164241 2.26762
0.196948 -0.0941308 2.17269
-0.14602 0.152361 2.27835
-0.0280201 0.413675 2.19162
0.0824981 0.670054 2.09424
0.183281 0.810541 2.07728
-0.0980991 0.625918 2.10176
-0.338874 0.504963 2.15854
-0.53872 0.368594 2.15905
-0.555794 0.333764 2.14715
0.184117 0.510131 2.15199
0.192853 0.267255 2.21169
0.227722 0.0278242 2.22725
0.221386 -0.0293131 2.21306
-0.211426 0.172319 2.2336
-0.295977 -0.200706 2.36728
-0.335998 -0.56563 2.48153
-0.344023 -0.634782 2.39313
-0.0764843 0.126742 2.2532
-0.0599387 -0.219303 2.36415
-0.0497448 -0.565201 2.4722
-0.0443732 -0.659026 2.38947
0.0558663 0.607119 2.12048
-0.616882 0.246691 2.16043
-0.562071 0.285461 2.10027
0.216097 -0.128694 2.24027
0.203207 -0.0722445 2.16668
-0.144735 0.153118 2.27737
-0.0404844 0.423661 2.18983
0.050447 0.688949 2.09175
0.130445 0.838177 2.07474
-0.129717 0.63212 2.10078
-0.360285 0.494223 2.15535
-0.550808 0.345089 2.15736
-0.562106 0.30468 2.14438
0.177557 0.522438 2.1507
0.197013 0.288104 2.21029
0.231244 0.0474302 2.21425
0.227143 -0.00976102 2.20121
-0.210499 0.172302 2.23178
-0.290454 -0.190106 2.35774
-0.335055 -0.565204 2.48134
-0.343788 -0.633254 2.39455
-0.0743432 0.129184 2.25275
-0.0551464 -0.215128 2.36336
-0.0496399 -0.565151 2.47323
-0.0439476 -0.659033 2.38904
0.0283466 0.624141 2.11825
-0.616492 0.218096 2.15728
-0.563979 0.266441 2.09636
0.225852 -0.107314 2.22975
0.207365 -0.0431925 2.15337
-0.137144 0.157749 2.27475
-0.0580181 0.436587 2.18768
0.00278716 0.7086 2.09049
0.0626195 0.865754 2.07259
-0.183396 0.637088 2.1032
-0.360887 0.468861 2.15434
-0.552724 0.32139 2.15387
-0.580077 0.235827 2.13716
0.138587 0.584514 2.14174
0.188105 0.320842 2.20512
0.236836 0.0823102 2.20427
0.233504 0.0364182 2.19113
-0.206942 0.172809 2.23027
-0.288648 -0.188831 2.35671
-0.335112 -0.565216 2.48102
-0.343889 -0.6345 2.39329
-0.0621367 0.139903 2.2488
-0.047363 -0.203804 2.35938
-0.0502936 -0.565966 2.47503
-0.043513 -0.658547 2.38898
-0.0117585 0.642337 2.1167
-0.618148 0.156621 2.15244
-0.609484 0.183652 2.12278
0.237904 -0.0601074 2.20838
0.211036 0.00809298 2.14219
-0.133842 0.162584 2.27169
-0.0880702 0.451425 2.18374
-0.062678 0.732784 2.08692
-0.0205548 0.886989 2.06825
-0.228025 0.639024 2.1073
-0.373363 0.44427 2.1506
-0.544502 0.272702 2.14834
-0.571833 0.20658 2.13414
0.104359 0.607693 2.13703
0.158804 0.369337 2.19825
0.23787 0.138881 2.1956
0.239707 0.0740708 2.17819
-0.205539 0.173206 2.22949
-0.283378 -0.184247 2.35342
-0.333573 -0.564913 2.48182
-0.344113 -0.635328 2.39244
-0.0575888 0.150239 2.24292
-0.0404922 -0.186693 2.35095
-0.0499901 -0.565083 2.47346
-0.0448834 -0.659723 2.38441
-0.068164 0.663828 2.11301
-0.610246 0.115017 2.14022
-0.566931 0.180649 2.08276
0.25067 -0.0185071 2.19758
0.219541 0.0449036 2.1306
-0.133361 0.170118 2.26858
-0.131073 0.461824 2.17986
-0.140259 0.738756 2.08079
-0.141664 0.8959 2.06543
-0.304101 0.633489 2.11774
-0.399997 0.403624 2.15394
-0.541072 0.199531 2.15079
-0.563476 0.133813 2.14337
0.0329652 0.64542 2.12963
0.125769 0.403868 2.19623
0.240793 0.188936 2.18325
0.238927 0.140829 2.16577
-0.205454 0.173333 2.22922
-0.278704 -0.186946 2.35316
-0.331697 -0.564512 2.48361
-0.344894 -0.636252 2.39283
-0.0571785 0.167071 2.23632
-0.0364164 -0.176555 2.34672
-0.0497287 -0.564857 2.47509
-0.043515 -0.658581 2.38335
-0.137835 0.671258 2.1076
-0.591012 0.0417302 2.15729
-0.558675 0.106672 2.08029
0.259024 0.0583082 2.17336
0.222865 0.109444 2.11608
-0.136483 0.171468 2.26839
-0.16207 0.457905 2.17906
-0.190622 0.730385 2.07866
-0.232894 0.882357 2.06168
-0.359764 0.609691 2.12373
-0.435829 0.359594 2.16402
-0.547485 0.144095 2.16109
-0.560266 0.0510985 2.15251
-0.0206039 0.652191 2.12633
0.108725 0.425016 2.20022
0.236311 0.217301 2.1847
0.235718 0.175043 2.16348
-0.209369 0.168705 2.23176
-0.276735 -0.188721 2.35431
-0.330515 -0.563497 2.48451
-0.345484 -0.637298 2.39178
-0.0613495 0.172894 2.23395
-0.0311849 -0.163326 2.3429
-0.0475049 -0.561775 2.47183
-0.0435726 -0.656243 2.38891
-0.183673 0.663907 2.10578
-0.573153 -0.0375536 2.1594
-0.547758 0.0497034 2.09328
0.261355 0.0888481 2.17435
0.217787 0.149545 2.11662
-0.145059 0.168801 2.27149
-0.195076 0.446619 2.18078
-0.24544 0.712843 2.07718
-0.311264 0.861757 2.05824
-0.388565 0.58604 2.12904
-0.445599 0.341301 2.16811
-0.533817 0.115507 2.17415
-0.550567 0.0163363 2.17379
-0.0707571 0.652453 2.12192
0.103647 0.436794 2.20386
0.235973 0.232267 2.18244
0.236332 0.201274 2.16851
-0.21872 0.157342 2.23859
-0.276431 -0.191555 2.35651
-0.330127 -0.562959 2.48485
-0.345829 -0.637718 2.39241
-0.0687364 0.174657 2.23512
-0.0320522 -0.162527 2.34608
-0.0461766 -0.559127 2.46828
-0.0441464 -0.655569 2.39061
-0.233198 0.647843 2.10513
-0.558196 -0.0777728 2.18092
-0.541322 0.00934155 2.1169
0.265624 0.122884 2.18791
0.220997 0.172462 2.12522
-0.152768 0.163133 2.27482
-0.218841 0.436229 2.18204
-0.285584 0.699189 2.07625
-0.360302 0.843791 2.05457
-0.419351 0.559319 2.12955
-0.453616 0.321975 2.173
-0.52942 0.0922835 2.18566
-0.543856 -0.00955798 2.18913
-0.101465 0.648137 2.11823
0.0972921 0.449278 2.20717
0.235631 0.249007 2.18183
0.237207 0.223124 2.17478
-0.223493 0.147838 2.24197
-0.277381 -0.199583 2.36117
-0.329966 -0.56309 2.48495
-0.346428 -0.638193 2.39265
-0.0784874 0.172709 2.23831
-0.0377762 -0.184075 2.3617
-0.045692 -0.558619 2.46673
-0.0439701 -0.655406 2.39197
-0.269203 0.634951 2.10476
-0.547137 -0.101308 2.20074
-0.535633 -0.017425 2.1279
0.268236 0.145382 2.18279
0.223023 0.190285 2.1245
-0.158576 0.15925 2.27864
-0.233031 0.431377 2.18354
-0.305674 0.693765 2.076
-0.387122 0.834304 2.05334
-0.429474 0.552977 2.13091
-0.463134 0.311474 2.18343
-0.525487 0.0778879 2.19791
-0.537916 -0.0203809 2.20857
-0.122457 0.647542 2.11506
0.076115 0.469071 2.20824
0.227674 0.278142 2.19082
0.234011 0.237597 2.18359
-0.228325 0.140729 2.2453
-0.28101 -0.209427 2.36879
-0.330159 -0.562748 2.48532
-0.346116 -0.637998 2.39349
-0.0846043 0.172205 2.24243
-0.0460972 -0.20678 2.37673
-0.0464812 -0.559308 2.46614
-0.0437889 -0.655376 2.39312
-0.288011 0.629664 2.10491
-0.540078 -0.116397 2.22195
-0.529413 -0.0297284 2.14778
0.270648 0.156096 2.19559
0.221461 0.208817 2.13557
-0.161259 0.158403 2.27942
-0.237168 0.430943 2.18375
-0.311045 0.693544 2.07595
-0.389904 0.834659 2.0538
-0.431228 0.552681 2.13098
-0.469415 0.295359 2.18886
-0.527837 0.0611113 2.20589
-0.540094 -0.0292565 2.21689
-0.125217 0.647583 2.11496
0.074076 0.467493 2.21114
0.227239 0.277845 2.19455
0.229664 0.234396 2.1893
-0.230336 0.139515 2.24562
-0.28155 -0.209573 2.36903
-0.330295 -0.562532 2.48597
-0.345313 -0.636804 2.39498
-0.0876287 0.172051 2.24359
-0.0455949 -0.19796 2.37301
-0.0468283 -0.559213 2.46525
-0.0441978 -0.655326 2.39283
-0.293037 0.629408 2.10492
-0.542387 -0.11391 2.2391
-0.530677 -0.0356821 2.15292
0.267259 0.152494 2.20534
0.218716 0.201551 2.13878
-0.16626 0.159579 2.27922
-0.237261 0.43298 2.18394
-0.303233 0.699587 2.07755
-0.375757 0.845751 2.05811
-0.431577 0.553972 2.13132
-0.465365 0.319007 2.18331
-0.525221 0.0858891 2.20677
-0.548205 -0.00995011 2.21387
-0.123587 0.648252 2.11615
0.0811196 0.45534 2.21754
0.229542 0.262182 2.19659
0.224795 0.225398 2.19078
-0.235509 0.141182 2.24514
-0.284618 -0.205549 2.36814
-0.330101 -0.561826 2.48623
-0.344619 -0.635176 2.39719
-0.0921173 0.172915 2.24352
-0.0470626 -0.193314 2.36935
-0.0467336 -0.559579 2.46559
-0.0440482 -0.65586 2.39432
-0.28793 0.63424 2.10601
-0.550671 -0.0949483 2.23434
-0.539653 -0.0100391 2.15064
0.258763 0.140482 2.20091
0.21528 0.19379 2.14678
-0.169264 0.163793 2.27736
-0.221845 0.447177 2.18314
-0.26276 0.721958 2.0795
-0.314255 0.874866 2.06674
-0.426812 0.563341 2.13133
-0.463991 0.327976 2.18028
-0.541781 0.100182 2.20231
-0.564372 0.0159048 2.19736
-0.0961597 0.654346 2.12354
0.0813321 0.445031 2.21595
0.222133 0.246026 2.19977
0.220738 0.196185 2.18334
-0.239877 0.148446 2.2442
-0.290227 -0.193548 2.3609
-0.330331 -0.56112 2.48633
-0.344524 -0.635325 2.39662
-0.0939376 0.174785 2.24094
-0.0496129 -0.187863 2.36311
-0.0472304 -0.560347 2.46708
-0.0447582 -0.655245 2.39503
-0.253201 0.654963 2.10729
-0.570271 -0.0568857 2.21127
-0.551594 0.0262972 2.13722
0.252862 0.104243 2.21429
0.211457 0.160722 2.13622
-0.170621 0.169124 2.27509
-0.206222 0.457189 2.18359
-0.2306 0.734581 2.08338
-0.253013 0.89279 2.0726
-0.409284 0.588369 2.12977
-0.447253 0.351415 2.17419
-0.549809 0.132493 2.18613
-0.565296 0.0664859 2.17654
-0.0539679 0.657587 2.13161
0.0759195 0.439192 2.21201
0.213395 0.237775 2.20184
0.217356 0.177965 2.18376
-0.242059 0.157329 2.23991
-0.292011 -0.192283 2.36095
-0.330244 -0.559794 2.48597
-0.344994 -0.635662 2.39652
-0.0943983 0.176861 2.24009
-0.0562349 -0.174273 2.35268
-0.0483791 -0.56 2.46818
-0.0452657 -0.653472 2.3944
-0.225082 0.666943 2.11031
-0.579901 -0.0244286 2.1982
-0.555795 0.0504003 2.11631
0.242427 0.0830636 2.19992
0.209695 0.143617 2.13505
-0.171467 0.172971 2.27374
-0.191431 0.463146 2.18498
-0.199422 0.741745 2.08817
-0.197446 0.901796 2.07912
-0.361015 0.627119 2.12547
-0.42773 0.379234 2.16532
-0.541932 0.165911 2.17532
-0.564598 0.0992123 2.16438
-0.0277078 0.654538 2.13727
0.0767976 0.427069 2.20905
0.210705 0.223383 2.20438
0.216992 0.13763 2.17936
-0.243515 0.165623 2.23709
-0.293366 -0.192013 2.36147
-0.33075 -0.559093 2.48603
-0.34558 -0.636229 2.39658
-0.0945506 0.177342 2.23982
-0.0565445 -0.184106 2.35545
-0.0492157 -0.560443 2.46905
-0.0461817 -0.653045 2.39388
-0.197981 0.673775 2.11423
-0.582788 0.000818436 2.19082
-0.555429 0.0824666 2.10456
0.235179 0.0478863 2.20738
0.20604 0.112013 2.13077
-0.169201 0.176125 2.27137
-0.165254 0.468328 2.18892
-0.155126 0.748083 2.09908
-0.132125 0.905739 2.08588
-0.318945 0.641143 2.12365
-0.414684 0.396501 2.16206
-0.535061 0.186074 2.16668
-0.554502 0.127304 2.1507
0.0156367 0.643509 2.14971
0.0895076 0.411952 2.20711
0.201625 0.195367 2.19926
0.208038 0.121435 2.18417
-0.239904 0.172543 2.23306
-0.294639 -0.186939 2.35964
-0.330885 -0.558356 2.48607
-0.345729 -0.635442 2.39703
-0.0931376 0.176938 2.239
-0.0568672 -0.187697 2.35549
-0.0499966 -0.561231 2.47194
-0.046332 -0.653516 2.39178
-0.157898 0.679787 2.12343
-0.576987 0.0321561 2.17373
-0.54461 0.116366 2.09809
0.224791 0.0249969 2.19821
0.198425 0.0859597 2.132
-0.16633 0.176549 2.27075
-0.152498 0.468093 2.19097
-0.134914 0.747722 2.10269
-0.1091 0.907054 2.0903
-0.300294 0.644182 2.12234
-0.408436 0.401124 2.1606
-0.532577 0.19287 2.1647
-0.547602 0.140893 2.15236
0.0310406 0.639848 2.15365
0.0947142 0.403662 2.2083
0.203797 0.185578 2.20107
0.207171 0.110733 2.18772
-0.236499 0.174355 2.2307
-0.294014 -0.18274 2.35732
-0.330845 -0.55759 2.48502
-0.345565 -0.634952 2.39792
-0.0901695 0.17532 2.24002
-0.0566384 -0.189507 2.35545
-0.0497041 -0.561819 2.47135
-0.0462459 -0.653904 2.39122
-0.139492 0.679437 2.12671
-0.57076 0.047977 2.1658
-0.536163 0.123391 2.09621
0.22026 0.0113341 2.20204
0.197806 0.0715289 2.13375
-0.160072 0.176273 2.2712
-0.138626 0.467571 2.19406
-0.116215 0.747759 2.10682
-0.0786779 0.908471 2.09633
-0.278174 0.645464 2.12219
-0.399155 0.405749 2.1577
-0.525257 0.198689 2.1623
-0.538805 0.147357 2.15068
0.0513825 0.63475 2.16037
0.10437 0.391478 2.21258
0.206445 0.17018 2.20939
0.208113 0.10075 2.19653
-0.230133 0.176218 2.23019
-0.293469 -0.183509 2.35842
-0.331139 -0.558059 2.48487
-0.344697 -0.634912 2.39657
-0.0842515 0.171683 2.24206
-0.0553429 -0.190006 2.35411
-0.0491675 -0.562017 2.473
-0.0463216 -0.653831 2.39157
-0.121902 0.679316 2.1306
-0.565454 0.0466637 2.17956
-0.528894 0.12376 2.10025
0.217508 -0.00108306 2.21487
0.198677 0.0682722 2.14527
-0.156122 0.17594 2.27219
-0.13151 0.468004 2.196
-0.106134 0.74937 2.10926
-0.069408 0.909022 2.09902
-0.269692 0.646407 2.12261
-0.394381 0.40756 2.15766
-0.520125 0.200213 2.1618
-0.534389 0.148476 2.14811
0.0576865 0.634326 2.16184
0.107759 0.389218 2.21315
0.207096 0.166778 2.21231
0.210911 0.0994057 2.19871
-0.22631 0.176935 2.23056
-0.292707 -0.183255 2.35865
-0.33135 -0.558749 2.48474
-0.344615 -0.63492 2.39616
-0.0804933 0.169898 2.24393
-0.0539415 -0.189622 2.35336
-0.0489514 -0.563288 2.47251
-0.0445177 -0.655334 2.38788
-0.112558 0.680616 2.13293
-0.557592 0.0528411 2.15819
-0.519284 0.127931 2.09706
0.223689 -0.00106684 2.21596
0.200372 0.0664027 2.14486
-0.153967 0.176094 2.27336
-0.129073 0.468104 2.19798
-0.103735 0.74928 2.11189
-0.0665714 0.908974 2.10049
-0.267325 0.646822 2.12315
-0.393181 0.408229 2.15789
-0.519524 0.201368 2.16352
-0.53453 0.147634 2.15013
0.0606866 0.634282 2.16392
0.111087 0.388631 2.21441
0.207362 0.164989 2.21632
0.212135 0.0964223 2.20398
-0.22417 0.177558 2.23167
-0.292041 -0.183229 2.35889
-0.33139 -0.559041 2.48467
-0.344586 -0.634996 2.39597
-0.0786312 0.16948 2.24517
-0.0535274 -0.189434 2.35332
-0.0480054 -0.562767 2.47118
-0.0445454 -0.655355 2.38902
-0.110134 0.680588 2.13539
-0.558596 0.052936 2.16208
-0.520944 0.12986 2.09904
0.22245 -0.0043563 2.23026
0.202468 0.0686271 2.15202
-0.152901 0.176405 2.27421
-0.128714 0.468493 2.19844
-0.103884 0.749796 2.11209
-0.0661076 0.909248 2.10159
-0.266956 0.647073 2.12343
-0.39267 0.408736 2.15846
-0.518258 0.201294 2.16277
-0.534372 0.148838 2.15191
0.0608825 0.634628 2.1646
0.111476 0.388873 2.21477
0.207425 0.165163 2.21785
0.21123 0.0958961 2.2041
-0.223136 0.177974 2.23232
-0.29164 -0.184698 2.36039
-0.332138 -0.560044 2.48482
-0.344308 -0.635284 2.39546
-0.0776772 0.169583 2.24624
-0.0527695 -0.190683 2.35403
-0.0478905 -0.563153 2.47032
-0.045008 -0.655663 2.38745
-0.110148 0.681046 2.13564
-0.559448 0.0562381 2.16511
-0.519881 0.128973 2.10141
0.221521 -0.00530589 2.2364
0.201597 0.0643335 2.15246
-0.152821 0.177014 2.27559
-0.129041 0.46903 2.19934
-0.104772 0.750341 2.11264
-0.068223 0.909803 2.10265
-0.268183 0.647712 2.1244
-0.392768 0.409437 2.16009
-0.518493 0.202029 2.16372
-0.534874 0.149504 2.15301
0.060096 0.63496 2.16522
0.110892 0.390012 2.21664
0.207218 0.166381 2.21839
0.210748 0.0987921 2.20642
-0.223064 0.178545 2.23355
-0.291587 -0.184892 2.36095
-0.33219 -0.560174 2.48474
-0.344551 -0.635926 2.39407
-0.0776796 0.170168 2.24778
-0.052673 -0.191043 2.35466
-0.0482773 -0.564621 2.47147
-0.0457637 -0.655144 2.3904
-0.110872 0.681579 2.13627
-0.559765 0.0477232 2.17554
-0.520817 0.125861 2.10089
0.222045 -0.00161759 2.23722
0.200615 0.0659399 2.15206
-0.153057 0.177952 2.27709
-0.130471 0.470145 2.20083
-0.108074 0.751712 2.114
-0.0727633 0.910722 2.10316
-0.271089 0.649008 2.12637
-0.393371 0.409627 2.16121
-0.518885 0.202146 2.16558
-0.535813 0.148634 2.15739
0.0578073 0.635694 2.166
0.110228 0.390484 2.21772
0.206958 0.167003 2.21905
0.209949 0.100896 2.2073
-0.223324 0.1792 2.23485
-0.291775 -0.18566 2.36224
-0.332521 -0.560536 2.48482
-0.34462 -0.636099 2.394
-0.0779416 0.171359 2.24952
-0.0529324 -0.191353 2.35595
-0.049163 -0.564604 2.47342
-0.0466462 -0.65466 2.39354
-0.11365 0.682899 2.13768
-0.562259 0.0494597 2.18385
-0.523625 0.131279 2.10804
0.220499 -0.00145882 2.2359
0.200906 0.0683696 2.15886
-0.153809 0.17883 2.27889
-0.132207 0.470993 2.20216
-0.110949 0.752499 2.11474
-0.0780902 0.911545 2.10346
-0.274923 0.650303 2.12881
-0.393448 0.41028 2.16281
-0.519657 0.203288 2.16787
-0.536265 0.145951 2.16105
0.0550286 0.637071 2.16711
0.109396 0.390561 2.21882
0.206649 0.167314 2.22022
0.208847 0.101074 2.20763
-0.224038 0.179817 2.23657
-0.292022 -0.18717 2.36371
-0.332576 -0.560606 2.48477
-0.344784 -0.636563 2.39381
-0.0787621 0.172482 2.25144
-0.053155 -0.191192 2.35651
-0.0491238 -0.56515 2.4723
-0.0463977 -0.655927 2.39262
-0.116242 0.683715 2.13858
-0.561386 0.0502404 2.18617
-0.522538 0.122269 2.10488
0.218591 -0.00131669 2.23558
0.200129 0.0731318 2.15553
-0.155089 0.179531 2.27994
-0.135362 0.471637 2.20315
-0.116263 0.752845 2.11539
-0.0837903 0.911283 2.10239
-0.282514 0.65067 2.12953
-0.39352 0.410589 2.16383
-0.519279 0.203586 2.17195
-0.535582 0.143347 2.16345
0.0515853 0.637024 2.16736
0.109215 0.389749 2.2198
0.205913 0.166306 2.22192
0.20484 0.101382 2.20562
-0.225574 0.180327 2.23809
-0.292222 -0.19607 2.37042
-0.332552 -0.560385 2.48459
-0.344898 -0.636838 2.39401
-0.079855 0.173356 2.25216
-0.0532032 -0.190889 2.35673
-0.0488078 -0.564656 2.4718
-0.0470969 -0.654439 2.39443
-0.121034 0.684162 2.13934
-0.558808 0.0491315 2.18126
-0.522615 0.123242 2.1115
0.215291 -0.000470215 2.23577
0.196968 0.068957 2.15435
-0.156538 0.179851 2.28094
-0.136898 0.471502 2.20365
-0.11768 0.752311 2.1154
-0.0877525 0.910719 2.10185
-0.284848 0.650585 2.13023
-0.393601 0.410648 2.16532
-0.517817 0.202644 2.17292
-0.536172 0.140536 2.16612
0.0495825 0.636608 2.16746
0.108126 0.39074 2.2199
0.203974 0.166934 2.22228
0.203196 0.0998905 2.20816
-0.226977 0.180554 2.23914
-0.292596 -0.194938 2.37015
-0.332491 -0.560169 2.4845
-0.344999 -0.636776 2.39369
-0.0813099 0.173731 2.2531
-0.0534176 -0.190985 2.35719
-0.0481131 -0.563748 2.47136
-0.0477336 -0.653966 2.39547
-0.122492 0.683724 2.13946
-0.558834 0.0439662 2.19031
-0.523103 0.122765 2.11395
0.212464 -0.0013088 2.23531
0.194746 0.0712107 2.15389
-0.157193 0.180058 2.28125
-0.137935 0.471478 2.20369
-0.11908 0.751972 2.11496
-0.0910319 0.910331 2.10097
-0.285965 0.650485 2.13154
-0.393018 0.410729 2.16697
-0.517794 0.20301 2.17392
-0.53624 0.142336 2.16794
0.047802 0.636792 2.16693
0.105804 0.393359 2.21943
0.200878 0.169233 2.22233
0.200789 0.102297 2.20633
-0.227739 0.180679 2.23943
-0.292862 -0.193546 2.36972
-0.332338 -0.559803 2.48447
-0.345052 -0.636878 2.3937
-0.0818554 0.173998 2.2534
-0.0536221 -0.191052 2.35778
-0.0477295 -0.563327 2.47043
-0.0480239 -0.653565 2.39748
-0.123811 0.683471 2.13916
-0.560468 0.0445956 2.19304
-0.522624 0.118167 2.11447
0.210934 -0.0013058 2.23677
0.191163 0.067684 2.15308
-0.157891 0.180148 2.28176
-0.139068 0.471227 2.20378
-0.120729 0.751279 2.11452
-0.0932414 0.910002 2.10023
-0.286859 0.650046 2.13217
-0.393117 0.410908 2.16761
-0.518201 0.203463 2.17546
-0.536764 0.142008 2.17043
0.0464204 0.63637 2.1666
0.103418 0.395904 2.2184
0.198748 0.1719 2.22179
0.19984 0.100117 2.2047
-0.228578 0.180593 2.23993
-0.293297 -0.193182 2.36998
-0.332167 -0.559476 2.48452
-0.345456 -0.637142 2.39381
-0.0824158 0.174243 2.25391
-0.0536818 -0.190531 2.3579
-0.0476114 -0.562714 2.47088
-0.0484497 -0.652334 2.39772
-0.125337 0.6829 2.13887
-0.558096 0.0435931 2.18554
-0.523264 0.116946 2.11663
0.210343 0.000361007 2.23641
0.192015 0.0693269 2.15242
-0.15818 0.180203 2.28189
-0.140025 0.471207 2.2039
-0.122346 0.751168 2.11464
-0.0954469 0.909701 2.099
-0.287641 0.649798 2.13294
-0.393189 0.411154 2.16821
-0.517392 0.203016 2.17441
-0.534511 0.139879 2.16728
0.0457387 0.63611 2.16582
0.102925 0.395246 2.21806
0.197922 0.171043 2.22056
0.20014 0.101686 2.20338
-0.229025 0.180606 2.2403
-0.293469 -0.192654 2.36969
-0.331943 -0.558736 2.48423
-0.345273 -0.636574 2.39414
-0.0825986 0.17432 2.25388
-0.0536852 -0.190131 2.35779
-0.0477294 -0.562775 2.47217
-0.0487834 -0.652378 2.39844
-0.126798 0.682807 2.13898
-0.555193 0.0423512 2.18965
-0.522325 0.116461 2.11459
0.209613 0.000356332 2.22859
0.190559 0.066893 2.15145
-0.158475 0.18032 2.28209
-0.140832 0.471242 2.20383
-0.12374 0.751135 2.1141
-0.0971584 0.909459 2.09815
-0.288238 0.650244 2.13351
-0.392986 0.411179 2.16841
-0.515598 0.202145 2.17542
-0.534113 0.137224 2.16907
0.044366 0.636633 2.1654
0.101796 0.396296 2.21741
0.196625 0.172004 2.21979
0.199158 0.100855 2.20098
-0.229302 0.180637 2.2405
-0.293571 -0.192349 2.36973
-0.332402 -0.559061 2.48478
-0.345705 -0.636849 2.39443
-0.0828917 0.174528 2.25406
-0.0540045 -0.189938 2.35798
-0.0478306 -0.562514 2.47199
-0.048411 -0.65335 2.39613
-0.128048 0.682788 2.13856
-0.555775 0.0437656 2.18816
-0.521144 0.116414 2.1166
0.210644 0.000274922 2.23729
0.190279 0.0704274 2.15211
-0.158586 0.180555 2.28218
-0.14114 0.471273 2.2039
-0.124278 0.750967 2.11421
-0.0984199 0.909016 2.09772
-0.289657 0.650515 2.13365
-0.392639 0.411234 2.1691
-0.515104 0.20218 2.17687
-0.532016 0.139306 2.16995
0.0434545 0.636964 2.16518
0.101473 0.396757 2.21729
0.195919 0.172268 2.21916
0.199968 0.100795 2.20209
-0.229463 0.180855 2.24085
-0.293645 -0.192158 2.36968
-0.332465 -0.559049 2.48469
-0.345731 -0.636981 2.39444
-0.0829881 0.174871 2.25386
-0.0539103 -0.189889 2.35805
-0.0479276 -0.563129 2.47319
-0.0474974 -0.652641 2.39461
-0.128528 0.68268 2.13866
-0.553644 0.0397556 2.19399
-0.519576 0.119029 2.11787
0.20965 0.00106844 2.2353
0.18985 0.0720221 2.15054
-0.158663 0.180666 2.28224
-0.141775 0.471303 2.20377
-0.125573 0.750792 2.11381
-0.0996642 0.908682 2.09726
-0.290548 0.650521 2.13443
-0.391946 0.411235 2.16967
-0.51334 0.201461 2.17659
-0.531702 0.138272 2.17054
0.0421236 0.637402 2.16439
0.100977 0.397635 2.21641
0.195057 0.172933 2.2174
0.199091 0.103348 2.20057
-0.229547 0.180909 2.24106
-0.293694 -0.191837 2.36947
-0.332725 -0.55921 2.48473
-0.345872 -0.6374 2.39421
-0.0830563 0.175126 2.25384
-0.0537614 -0.190276 2.35861
-0.0484202 -0.564958 2.47278
-0.0456201 -0.655347 2.38977
-0.129664 0.682559 2.13832
-0.552573 0.0405835 2.19262
-0.518688 0.112122 2.1146
0.211859 0.00480177 2.22895
0.190281 0.0698053 2.15087
-0.158656 0.18071 2.28229
-0.14214 0.47126 2.20379
-0.126451 0.75063 2.11373
-0.10059 0.908561 2.09685
-0.291437 0.650599 2.13365
-0.391937 0.411113 2.1698
-0.511886 0.200374 2.17537
-0.531839 0.134944 2.16877
0.0415393 0.637602 2.16413
0.100752 0.39801 2.21604
0.194611 0.173206 2.21695
0.198583 0.104217 2.19861
-0.229574 0.180905 2.24124
-0.293601 -0.191851 2.36912
-0.333047 -0.559503 2.48493
-0.346007 -0.637483 2.39436
-0.0830171 0.175193 2.25382
-0.0533494 -0.184541 2.35673
-0.0488742 -0.565034 2.47461
-0.0457487 -0.653271 2.39073
-0.130412 0.682425 2.13827
-0.551735 0.0361282 2.19031
-0.518294 0.117642 2.11629
0.209171 0.00562427 2.21952
0.19036 0.0696458 2.15071
-0.158705 0.18086 2.28244
-0.14246 0.471253 2.20389
-0.126931 0.750495 2.11388
-0.101484 0.908447 2.0966
-0.291559 0.650615 2.13388
-0.391794 0.411113 2.16998
-0.511894 0.200384 2.17458
-0.531837 0.134848 2.16916
0.0408108 0.637719 2.16358
0.10054 0.398214 2.21582
0.194264 0.173331 2.21637
0.198214 0.101563 2.2004
-0.229636 0.180934 2.24139
-0.293551 -0.191964 2.36918
-0.33281 -0.559313 2.48494
-0.345677 -0.637332 2.39426
-0.0830082 0.175478 2.25392
-0.0533353 -0.185525 2.35737
-0.0481431 -0.563136 2.47466
-0.0467977 -0.651012 2.39417
-0.13086 0.682322 2.1384
-0.551416 0.0364203 2.19299
-0.518316 0.118801 2.11769
0.207563 0.000372068 2.22441
0.18886 0.0706305 2.1489
