-0.167528 0.184458 2.25968
-0.155189 0.470215 2.16755
-0.142244 0.745006 2.06404
-0.130652 0.87194 2.00635
-0.313438 0.662953 2.14288
-0.407149 0.430381 2.20254
-0.537673 0.232335 2.24297
-0.567025 0.158488 2.24984
0.0222433 0.650053 2.14766
0.0916523 0.406895 2.21222
0.193993 0.189573 2.24293
0.201082 0.117012 2.23334
-0.239034 0.183863 2.2245
-0.294306 -0.195906 2.35407
-0.332451 -0.559424 2.48094
-0.343768 -0.634881 2.39576
-0.0909129 0.179336 2.22488
-0.0563791 -0.191049 2.33771
-0.0531477 -0.568064 2.46495
-0.0453279 -0.656133 2.39035
-0.145609 0.677943 2.09193
-0.584504 0.0761412 2.27708
-0.551099 0.140181 2.21387
0.214325 0.0192047 2.26877
0.197033 0.0864695 2.18436
-0.167855 0.184288 2.25944
-0.15529 0.470069 2.16729
-0.142215 0.744831 2.06374
-0.129972 0.87156 2.00595
-0.313268 0.662237 2.14196
-0.407838 0.430461 2.20158
-0.538412 0.232531 2.2423
-0.56695 0.158752 2.24868
0.0223396 0.649693 2.14756
0.0913379 0.406705 2.21212
0.193057 0.189254 2.24367
0.199887 0.116965 2.23447
-0.239336 0.183796 2.22412
-0.294431 -0.195985 2.35381
-0.332295 -0.559321 2.48079
-0.343946 -0.634713 2.39622
-0.0912766 0.179084 2.22475
-0.0563746 -0.191117 2.33731
-0.0525725 -0.568693 2.4657
-0.0449762 -0.656543 2.38936
-0.145604 0.677781 2.09164
-0.586467 0.0725107 2.27733
-0.552064 0.140544 2.21218
0.213919 0.0177088 2.26748
0.194206 0.0838131 2.18432
-0.168496 0.184275 2.25899
-0.1555 0.470115 2.16722
-0.142228 0.744966 2.06391
-0.129754 0.871484 2.006
-0.313323 0.662358 2.14188
-0.40878 0.430438 2.20111
-0.539459 0.232475 2.24144
-0.569148 0.156094 2.24752
0.0225117 0.649469 2.14787
0.0908179 0.406423 2.21249
0.191807 0.189055 2.24611
0.198305 0.118499 2.23613
-0.239852 0.183895 2.22371
-0.294714 -0.196781 2.35367
-0.332327 -0.559484 2.48089
-0.344364 -0.634987 2.39618
-0.0920033 0.178953 2.22433
-0.0566655 -0.190968 2.33684
-0.0531066 -0.568033 2.46568
-0.0453381 -0.654353 2.39161
-0.145649 0.677897 2.09176
-0.589994 0.0691555 2.28095
-0.551248 0.135991 2.21026
0.211658 0.0197348 2.27064
0.192511 0.0773753 2.18438
-0.169108 0.184038 2.2587
-0.155687 0.47001 2.16711
-0.142157 0.744896 2.06389
-0.129452 0.871392 2.00607
-0.313422 0.662131 2.14144
-0.408814 0.430747 2.20049
-0.540335 0.233043 2.23964
-0.568504 0.156069 2.24719
0.0227232 0.649022 2.14832
0.0895414 0.405923 2.21303
0.19095 0.188872 2.24721
0.196773 0.119355 2.23648
-0.240352 0.183778 2.22331
-0.295015 -0.196992 2.35345
-0.332299 -0.559309 2.48034
-0.344718 -0.635039 2.39599
-0.0927343 0.17859 2.22419
-0.0570934 -0.191699 2.33676
-0.0524965 -0.567772 2.46572
-0.0449849 -0.655347 2.38979
-0.145619 0.677835 2.09173
-0.587208 0.0661404 2.28212
-0.551917 0.140389 2.21136
0.210159 0.0194374 2.27297
0.192161 0.0868558 2.18864
-0.169648 0.183856 2.25872
-0.15591 0.469928 2.16727
-0.142161 0.744889 2.06433
-0.129101 0.871499 2.00692
-0.313725 0.661957 2.14171
-0.409106 0.430698 2.20011
-0.540739 0.233005 2.23901
-0.568049 0.157344 2.24649
0.022782 0.648396 2.14956
0.0886649 0.403295 2.21416
0.190547 0.186643 2.24907
0.196134 0.118748 2.23786
-0.240773 0.183703 2.22321
-0.295379 -0.197004 2.35317
-0.332182 -0.559087 2.47964
-0.344471 -0.634371 2.39703
-0.0933749 0.178279 2.22443
-0.0577378 -0.193178 2.33784
-0.0520892 -0.566982 2.46437
-0.0452949 -0.656314 2.38973
-0.145687 0.677805 2.09206
-0.585818 0.0731091 2.27513
-0.550247 0.129771 2.2109
0.208974 0.0199057 2.27055
0.192756 0.0798707 2.18637
-0.17073 0.183717 2.25882
-0.156679 0.469998 2.16785
-0.142695 0.745341 2.06583
-0.129083 0.871896 2.0085
-0.314365 0.662237 2.14271
-0.409543 0.430577 2.20039
-0.541137 0.232757 2.23889
-0.56831 0.15484 2.24841
0.0226739 0.647646 2.15133
0.0904363 0.396316 2.21976
0.193058 0.179197 2.25049
0.195382 0.118729 2.24006
-0.241784 0.183697 2.22328
-0.295682 -0.197213 2.35302
-0.332201 -0.558886 2.47935
-0.344292 -0.633959 2.39685
-0.0945071 0.178013 2.22462
-0.0581447 -0.193298 2.33795
-0.0517751 -0.567184 2.46682
-0.0450854 -0.656326 2.38897
-0.146288 0.67812 2.09326
-0.586792 0.0660929 2.28052
-0.551214 0.13524 2.2115
0.209476 0.0189622 2.27227
0.189293 0.0838296 2.186
-0.171158 0.183518 2.25901
-0.157211 0.470005 2.16886
-0.143186 0.745783 2.06838
-0.129373 0.872634 2.01159
-0.314689 0.661882 2.144
-0.409965 0.430587 2.20157
-0.541663 0.232834 2.24004
-0.5706 0.156899 2.25287
0.0221987 0.647658 2.15352
0.0874991 0.400226 2.21967
0.18986 0.183158 2.2514
0.193965 0.116983 2.24334
-0.242234 0.183479 2.22321
-0.296174 -0.196854 2.35329
-0.332328 -0.559111 2.47957
-0.344608 -0.633809 2.39723
-0.0949066 0.177831 2.22512
-0.0587547 -0.193126 2.33825
-0.051454 -0.566379 2.46554
-0.0450713 -0.656193 2.38862
-0.146814 0.678429 2.09538
-0.589047 0.0725652 2.28207
-0.55271 0.132226 2.2153
0.209799 0.0187273 2.28411
0.188557 0.0851684 2.19238
-0.171871 0.18343 2.25951
-0.157829 0.47017 2.17041
-0.143379 0.746303 2.07118
-0.129324 0.873369 2.01468
-0.315734 0.662068 2.14676
-0.410073 0.431289 2.20296
-0.542785 0.234643 2.24297
-0.574332 0.158174 2.25814
0.021865 0.647839 2.15579
0.0877292 0.396064 2.22354
0.190655 0.179686 2.25714
0.195199 0.0998031 2.23918
-0.243064 0.183404 2.22348
-0.296929 -0.196597 2.35439
-0.332743 -0.559356 2.47982
-0.344596 -0.633498 2.39786
-0.0954808 0.177744 2.22588
-0.0592115 -0.193154 2.33896
-0.0522113 -0.566621 2.46643
-0.0454876 -0.657238 2.39106
-0.147134 0.678862 2.09789
-0.591776 0.072629 2.29265
-0.557817 0.137755 2.22249
0.205909 0.0151194 2.27861
0.18861 0.0813205 2.19193
-0.173053 0.183464 2.26054
-0.158762 0.470859 2.17283
-0.143753 0.747798 2.07499
-0.128669 0.876299 2.02039
-0.316544 0.662044 2.14839
-0.413227 0.432733 2.20672
-0.546738 0.236859 2.24749
-0.575916 0.167829 2.25795
0.0216772 0.648229 2.15751
0.0884745 0.394142 2.22537
0.190336 0.176636 2.25588
0.191844 0.118199 2.24042
-0.24424 0.183459 2.22433
-0.298076 -0.195676 2.35667
-0.332719 -0.559183 2.48045
-0.34481 -0.633513 2.39766
-0.0965972 0.177778 2.22707
-0.0596026 -0.191805 2.33914
-0.0527528 -0.566889 2.46719
-0.045272 -0.657985 2.39167
-0.147658 0.680152 2.10137
-0.595487 0.0797634 2.28704
-0.562897 0.149497 2.22183
0.205343 0.0197309 2.2694
0.187074 0.0753834 2.18867
-0.174048 0.184065 2.26196
-0.159282 0.468893 2.17872
-0.143467 0.740272 2.08775
-0.123458 0.88076 2.02637
-0.316076 0.662364 2.14881
-0.412636 0.435186 2.20675
-0.548268 0.241119 2.24865
-0.578878 0.17078 2.25691
0.0229384 0.648435 2.15781
0.088963 0.393803 2.22554
0.191553 0.176687 2.25624
0.197177 0.0951241 2.23522
-0.245039 0.184282 2.22571
-0.299184 -0.195272 2.35859
-0.333088 -0.559366 2.48132
-0.345277 -0.63359 2.39754
-0.0977401 0.178171 2.22859
-0.0601919 -0.190494 2.33905
-0.0528158 -0.567668 2.4678
-0.0453294 -0.658406 2.39139
-0.147558 0.674217 2.11229
-0.59843 0.0862735 2.2882
-0.565477 0.149865 2.22076
0.207294 0.0165956 2.26527
0.188411 0.0802628 2.18937
-0.174959 0.184285 2.26329
-0.156754 0.467979 2.18261
-0.134799 0.739071 2.09338
-0.105 0.887397 2.03467
-0.303273 0.664817 2.14636
-0.412465 0.43996 2.20568
-0.550361 0.247891 2.24889
-0.580816 0.180404 2.25233
0.0321103 0.646393 2.15791
0.0939363 0.395066 2.22532
0.194162 0.17554 2.24879
0.200699 0.111012 2.23557
-0.245763 0.185223 2.22639
-0.300076 -0.183375 2.35657
-0.333885 -0.559676 2.48231
-0.345414 -0.633245 2.39792
-0.0989977 0.177261 2.23133
-0.0613286 -0.190386 2.34011
-0.0525565 -0.568009 2.46696
-0.0459202 -0.658643 2.39056
-0.140624 0.672954 2.11763
-0.600777 0.0974387 2.28689
-0.569147 0.167867 2.209
0.213741 0.0125475 2.26477
0.194393 0.0660465 2.18138
-0.173922 0.184386 2.26548
-0.1452 0.46752 2.18717
-0.111115 0.739199 2.09759
-0.0687161 0.888851 2.04141
-0.287047 0.667037 2.14149
-0.406948 0.448258 2.20246
-0.55293 0.262376 2.24569
-0.585197 0.198261 2.2477
0.0430698 0.642251 2.15905
0.100867 0.395127 2.22379
0.19597 0.17377 2.25
0.209731 0.0807199 2.2389
-0.24482 0.186411 2.22737
-0.301278 -0.18155 2.35768
-0.334946 -0.55999 2.48352
-0.345093 -0.632835 2.3983
-0.0977513 0.176109 2.23515
-0.0645452 -0.193182 2.34406
-0.0538925 -0.5682 2.47008
-0.0464657 -0.657975 2.39058
-0.11987 0.672859 2.12206
-0.602966 0.121918 2.28369
-0.575906 0.191362 2.2049
0.215226 -0.0153408 2.28389
0.202766 0.0477034 2.18455
-0.17138 0.181479 2.27013
-0.122578 0.459702 2.19093
-0.0663868 0.726958 2.09778
-0.00373283 0.873339 2.04555
-0.233939 0.658609 2.13012
-0.391566 0.455877 2.20382
-0.560506 0.288412 2.23852
-0.576854 0.247168 2.2278
0.0933603 0.617331 2.16838
0.124057 0.360399 2.23456
0.207846 0.134555 2.25994
0.21406 0.035351 2.24319
-0.242303 0.186672 2.22991
-0.304293 -0.170101 2.35651
-0.336233 -0.560733 2.48503
-0.345418 -0.632451 2.39926
-0.0955729 0.169273 2.24172
-0.068796 -0.195404 2.34984
-0.0545706 -0.569686 2.47332
-0.0473342 -0.656467 2.39205
-0.0806468 0.661701 2.12323
-0.601941 0.167052 2.25926
-0.569676 0.239627 2.17829
0.214919 -0.0574735 2.28076
0.208836 0.0145631 2.19187
-0.164561 0.172973 2.27856
-0.0950766 0.445496 2.19571
-0.0222045 0.708127 2.09845
0.0515039 0.848321 2.04603
-0.196711 0.652281 2.12739
-0.379626 0.470317 2.20663
-0.564047 0.317588 2.23121
-0.583495 0.248874 2.21848
0.116207 0.58773 2.16938
0.147415 0.334101 2.23965
0.198271 0.0990811 2.26766
0.209154 -0.000635696 2.25936
-0.237025 0.183686 2.23358
-0.306811 -0.168505 2.35654
-0.337332 -0.562071 2.48626
-0.345076 -0.632189 2.39951
-0.0875184 0.155339 2.25491
-0.0745854 -0.208845 2.35944
-0.056063 -0.571151 2.47306
-0.0471279 -0.659951 2.38874
-0.0403738 0.643962 2.12494
-0.600869 0.192594 2.24855
-0.565855 0.248455 2.17443
0.206602 -0.0967425 2.29422
0.203371 -0.0178171 2.20693
-0.165511 0.167703 2.2836
-0.0791971 0.435128 2.1982
0.0151707 0.690682 2.09889
0.101719 0.82269 2.04689
-0.184596 0.649241 2.12591
-0.368424 0.486498 2.20697
-0.555724 0.334297 2.21647
-0.563773 0.308736 2.20192
0.127602 0.569579 2.17145
0.167524 0.295535 2.25424
0.196548 0.0560932 2.27662
0.199661 -0.0396247 2.26916
-0.236363 0.180899 2.23688
-0.309536 -0.179387 2.36454
-0.337897 -0.563821 2.48806
-0.344847 -0.631799 2.39986
-0.0901203 0.148596 2.26083
-0.076587 -0.213608 2.36229
-0.056998 -0.570522 2.47515
-0.0475455 -0.65876 2.39133
-0.00845412 0.628237 2.12589
-0.598771 0.227088 2.23433
-0.555856 0.288232 2.16218
0.193406 -0.129826 2.31394
0.194853 -0.0543552 2.21519
-0.165759 0.158451 2.29066
-0.0605105 0.419617 2.20028
0.0497778 0.669637 2.09526
0.151837 0.789652 2.04442
-0.115955 0.634801 2.11614
-0.355852 0.509952 2.20163
-0.542783 0.356095 2.20241
-0.553746 0.339863 2.19413
0.165001 0.518054 2.18131
0.168138 0.276614 2.25835
0.197633 0.00789825 2.28234
0.194118 -0.0599659 2.28115
-0.232752 0.175209 2.24354
-0.309558 -0.193422 2.37389
-0.338561 -0.564872 2.48757
-0.345048 -0.631639 2.39966
-0.0944686 0.135786 2.26845
-0.0767463 -0.216725 2.36544
-0.0577423 -0.569647 2.4739
-0.0475908 -0.657818 2.39047
0.022376 0.608576 2.12375
-0.598208 0.264491 2.23041
-0.54863 0.3138 2.15879
0.185486 -0.152726 2.31642
0.187321 -0.0793422 2.22594
-0.164343 0.154629 2.29623
-0.0500834 0.412076 2.20205
0.0661004 0.658852 2.09353
0.169964 0.777736 2.0432
-0.104351 0.630868 2.11536
-0.340719 0.521481 2.19397
-0.529925 0.370615 2.19776
-0.553856 0.335313 2.19141
0.174056 0.507548 2.18555
0.171346 0.241795 2.27361
0.19971 0.00294746 2.29841
0.1954 -0.0829478 2.28941
-0.229174 0.171893 2.24977
-0.308868 -0.201452 2.37914
-0.339202 -0.565641 2.48687
-0.345898 -0.632425 2.39859
-0.0946536 0.132175 2.27316
-0.0751691 -0.219688 2.36887
-0.0577015 -0.567114 2.47288
-0.0475929 -0.654966 2.39066
0.03734 0.598624 2.12288
-0.592559 0.271565 2.22931
-0.544244 0.317534 2.15673
0.186656 -0.161572 2.32983
0.190712 -0.0911066 2.23446
-0.162782 0.153973 2.29895
-0.0462296 0.410702 2.20226
0.0705033 0.657185 2.09203
0.175104 0.775723 2.042
-0.101896 0.631731 2.11429
-0.343166 0.519964 2.19261
-0.53136 0.367911 2.19722
-0.551139 0.327611 2.19355
0.176328 0.506109 2.18565
0.1763 0.264451 2.26564
0.202149 0.0261862 2.29644
0.203836 -0.0682842 2.29127
-0.226955 0.171507 2.25246
-0.30817 -0.202305 2.38011
-0.33895 -0.565251 2.4864
-0.345211 -0.63166 2.39882
-0.0936933 0.131483 2.27583
-0.072355 -0.225026 2.37448
-0.0574078 -0.566753 2.47172
-0.0483662 -0.655589 2.39208
0.041656 0.597022 2.12176
-0.592603 0.262872 2.23192
-0.543334 0.30363 2.15913
0.196353 -0.155937 2.33275
0.194028 -0.0856614 2.23391
-0.159917 0.154329 2.29992
-0.0461178 0.412317 2.20218
0.0624334 0.664022 2.0919
0.16498 0.783716 2.041
-0.108091 0.632189 2.11612
-0.33749 0.510341 2.19165
-0.529663 0.363636 2.19741
-0.539862 0.322605 2.19758
0.175577 0.509174 2.18496
0.179764 0.273709 2.26326
0.217948 0.0100818 2.2777
0.215348 -0.0506474 2.28214
-0.224673 0.171885 2.25283
-0.299813 -0.190188 2.37301
-0.337155 -0.563799 2.48481
-0.34491 -0.631943 2.39799
-0.0901941 0.131926 2.27742
-0.0677631 -0.222547 2.37509
-0.0556214 -0.565791 2.4708
-0.0471333 -0.656029 2.39028
0.0363775 0.602224 2.12154
-0.585499 0.232418 2.23879
-0.535105 0.296169 2.1581
0.207922 -0.14133 2.33018
0.208382 -0.0730321 2.23131
-0.149788 0.15893 2.29674
-0.0525849 0.424327 2.20039
0.0325321 0.687239 2.09277
0.108242 0.827916 2.04193
-0.124073 0.637052 2.11694
-0.340276 0.488437 2.19298
-0.531492 0.34088 2.20101
-0.536021 0.289022 2.19953
0.164856 0.528312 2.17825
0.1862 0.287562 2.25555
0.218837 0.0489547 2.2799
0.224756 -0.0273629 2.26485
-0.218038 0.175095 2.24901
-0.29778 -0.192561 2.37141
-0.336784 -0.56417 2.4841
-0.344658 -0.632492 2.39727
-0.0762228 0.138191 2.27483
-0.0613056 -0.218979 2.37511
-0.0525329 -0.566667 2.47392
-0.0458359 -0.6582 2.39066
0.0123614 0.623006 2.12156
-0.57338 0.199516 2.23568
-0.532399 0.258983 2.16048
0.220205 -0.105306 2.32
0.211095 -0.034961 2.2109
-0.141195 0.1681 2.29029
-0.0679792 0.441414 2.19804
-0.00788617 0.708739 2.09695
0.0500713 0.85874 2.04849
-0.180102 0.647776 2.11972
-0.338963 0.469096 2.188
-0.530419 0.323156 2.20344
-0.545161 0.239666 2.19179
0.131169 0.600132 2.16067
0.173565 0.328201 2.24431
0.226123 0.0926523 2.26607
0.229646 0.013908 2.24846
-0.212458 0.180774 2.24459
-0.29025 -0.169467 2.35389
-0.336679 -0.564684 2.48368
-0.34482 -0.633713 2.39583
-0.0652098 0.150916 2.26598
-0.0509462 -0.203525 2.36565
-0.0507399 -0.56539 2.47305
-0.0445164 -0.658521 2.38961
-0.0221985 0.643592 2.12396
-0.571198 0.167397 2.21553
-0.536523 0.22151 2.15167
0.233771 -0.0654865 2.29725
0.214394 0.00416773 2.19713
-0.139994 0.172724 2.28377
-0.0892942 0.455234 2.19432
-0.0503486 0.729689 2.09782
-0.0146592 0.883364 2.05798
-0.216699 0.651847 2.12258
-0.347604 0.457417 2.18235
-0.516648 0.284443 2.19391
-0.550197 0.21425 2.18743
0.129208 0.598438 2.16442
0.139973 0.36583 2.23224
0.229156 0.141841 2.25606
0.233519 0.0798901 2.2349
-0.211571 0.182659 2.24046
-0.288334 -0.174627 2.35472
-0.336729 -0.565237 2.48382
-0.345083 -0.635028 2.39484
-0.0639585 0.158443 2.25686
-0.0467468 -0.196959 2.36142
-0.0501127 -0.563693 2.47104
-0.0427248 -0.658798 2.38732
-0.0596985 0.662676 2.12373
-0.574293 0.121647 2.22065
-0.543196 0.195995 2.14392
0.246215 -0.0214418 2.26725
0.218555 0.0393645 2.18369
-0.138738 0.177652 2.27597
-0.119245 0.466759 2.18876
-0.112935 0.744903 2.09424
-0.106717 0.898996 2.06394
-0.286678 0.651669 2.13002
-0.390885 0.426987 2.17671
-0.538209 0.235178 2.18572
-0.554334 0.180669 2.1742
0.0552348 0.646297 2.1526
0.128224 0.411068 2.21965
0.228934 0.190336 2.23274
0.243545 0.130055 2.21758
-0.210781 0.182197 2.23537
-0.282643 -0.183748 2.35498
-0.335539 -0.564132 2.48391
-0.344978 -0.635921 2.39407
-0.0623335 0.17063 2.24559
-0.044443 -0.189651 2.35576
-0.0495604 -0.563816 2.46952
-0.0425935 -0.658331 2.38699
-0.114221 0.67709 2.11971
-0.579214 0.0906205 2.20003
-0.553453 0.142586 2.12756
0.264103 0.0366843 2.24085
0.229782 0.0985143 2.16932
-0.139085 0.179014 2.27291
-0.143961 0.468051 2.18645
-0.159698 0.745159 2.0928
-0.185601 0.897458 2.06459
-0.33223 0.635573 2.13569
-0.408978 0.402621 2.17057
-0.538732 0.197773 2.17241
-0.5586 0.127603 2.16351
0.0129262 0.662374 2.15013
0.116856 0.428481 2.22141
0.241644 0.219843 2.22815
0.248254 0.170263 2.20858
-0.210992 0.179204 2.23393
-0.279237 -0.187689 2.35549
-0.333069 -0.56269 2.4843
-0.345848 -0.637157 2.39303
-0.0628377 0.17661 2.23938
-0.0364831 -0.168244 2.34373
-0.0497104 -0.564097 2.46932
-0.0434381 -0.658012 2.3864
-0.155739 0.677522 2.11812
-0.578216 0.0365126 2.18011
-0.551562 0.101223 2.11947
0.274338 0.0789563 2.2316
0.230942 0.136153 2.16082
-0.14016 0.177156 2.27176
-0.172677 0.460366 2.18641
-0.211963 0.733461 2.0925
-0.2647 0.880324 2.06071
-0.372644 0.603839 2.14056
-0.438423 0.370519 2.17752
-0.546373 0.152978 2.17194
-0.559659 0.0585579 2.16326
-0.0389276 0.665981 2.14193
0.112889 0.441876 2.22577
0.24226 0.235304 2.22008
0.246666 0.20127 2.19912
-0.212461 0.168866 2.23467
-0.275911 -0.191499 2.35647
-0.329689 -0.56098 2.48388
-0.345689 -0.637288 2.3927
-0.0641226 0.177782 2.23746
-0.0331802 -0.161453 2.3408
-0.047348 -0.560902 2.46582
-0.0439503 -0.65696 2.38771
-0.202277 0.666766 2.11795
-0.568392 -0.0338003 2.17963
-0.548665 0.0525219 2.11842
0.27754 0.130125 2.21025
0.229032 0.170022 2.15721
-0.142566 0.168361 2.27208
-0.200772 0.4446 2.18734
-0.265698 0.710937 2.09132
-0.338123 0.849934 2.05715
-0.403782 0.56984 2.14603
-0.451947 0.333641 2.18351
-0.538322 0.106848 2.18429
-0.552905 0.00957509 2.17898
-0.0887907 0.657144 2.13738
0.111131 0.460038 2.23285
0.243706 0.255663 2.21151
0.244193 0.23145 2.20004
-0.213699 0.150813 2.23919
-0.271687 -0.197848 2.35994
-0.327531 -0.560693 2.48374
-0.346125 -0.637787 2.39325
-0.0662074 0.176439 2.23631
-0.031776 -0.163056 2.34391
-0.0469583 -0.560489 2.46479
-0.0436711 -0.657072 2.38652
-0.249515 0.645919 2.1174
-0.560246 -0.084198 2.20187
-0.539546 -0.0010643 2.13443
0.276097 0.153302 2.21795
0.222212 0.218373 2.15646
-0.142101 0.157648 2.27573
-0.226194 0.429006 2.18674
-0.314531 0.690768 2.08439
-0.39824 0.820837 2.04837
-0.429505 0.540136 2.15113
-0.459417 0.301935 2.19285
-0.524967 0.0692699 2.20679
-0.533721 -0.0277292 2.21068
-0.131358 0.648525 2.12964
0.0985599 0.476656 2.237
0.23975 0.277993 2.2183
0.237411 0.254416 2.20962
-0.210886 0.134628 2.24543
-0.268204 -0.206833 2.36358
-0.326219 -0.560694 2.48312
-0.346281 -0.63793 2.39318
-0.0674656 0.173795 2.23696
-0.0301765 -0.172156 2.35346
-0.0461976 -0.559031 2.46282
-0.0437374 -0.656051 2.38923
-0.292813 0.626781 2.11212
-0.535411 -0.119135 2.24082
-0.520969 -0.0374838 2.16323
0.275989 0.172698 2.23352
0.220182 0.226459 2.16258
-0.14408 0.153024 2.27905
-0.234734 0.423703 2.18618
-0.3256 0.684881 2.08037
-0.408261 0.814641 2.04465
-0.438849 0.53493 2.15149
-0.463786 0.290708 2.19887
-0.518417 0.0559278 2.21889
-0.523394 -0.0356664 2.22666
-0.140828 0.647088 2.1281
0.092977 0.480355 2.23952
0.235803 0.282735 2.22459
0.246821 0.224263 2.22462
-0.212152 0.127978 2.24915
-0.267816 -0.208903 2.3646
-0.326419 -0.560836 2.4837
-0.34616 -0.638007 2.39307
-0.0705762 0.17199 2.23953
-0.0295716 -0.174431 2.35932
-0.0457929 -0.55864 2.46299
-0.0437994 -0.655815 2.38978
-0.303405 0.621062 2.10893
-0.520784 -0.125322 2.2591
-0.511495 -0.0563951 2.18311
0.273915 0.170515 2.2582
0.215489 0.221412 2.18128
-0.145938 0.15279 2.2809
-0.233794 0.424647 2.18695
-0.315919 0.689027 2.08172
-0.404333 0.815548 2.0409
-0.438198 0.53715 2.15068
-0.458855 0.292883 2.19692
-0.515464 0.059864 2.22524
-0.524313 -0.0250063 2.23089
-0.128783 0.64943 2.12953
0.0903599 0.479873 2.23963
0.230783 0.280466 2.2283
0.22583 0.251829 2.22137
-0.213888 0.128437 2.25081
-0.268783 -0.208649 2.36598
-0.326059 -0.560679 2.48415
-0.345589 -0.636557 2.39568
-0.0730206 0.171542 2.24155
-0.0299012 -0.174815 2.36079
-0.0462944 -0.559041 2.46494
-0.0438202 -0.655974 2.3912
-0.296517 0.62431 2.11014
-0.522838 -0.108103 2.26521
-0.512496 -0.0347422 2.19023
0.263131 0.172352 2.23993
0.213674 0.215899 2.17597
-0.148719 0.155693 2.28217
-0.226911 0.430552 2.18673
-0.290493 0.698583 2.07806
-0.360143 0.837717 2.03863
-0.432593 0.54311 2.14932
-0.444962 0.303705 2.19362
-0.522985 0.0778654 2.22574
-0.539158 -0.00339885 2.22241
-0.113792 0.653575 2.12965
0.0915875 0.469195 2.23791
0.2265 0.266016 2.22551
0.225179 0.232644 2.21676
-0.217838 0.134626 2.252
-0.271867 -0.1934 2.36181
-0.325879 -0.560675 2.48457
-0.345624 -0.636867 2.3955
-0.0751273 0.172544 2.24277
-0.0310369 -0.17263 2.359
-0.0459234 -0.559105 2.4646
-0.0431739 -0.658085 2.39023
-0.275858 0.633207 2.10745
-0.541777 -0.0811805 2.25384
-0.525938 -0.00578875 2.17982
0.259349 0.150409 2.23191
0.211932 0.19026 2.17142
-0.151714 0.16836 2.28081
-0.194896 0.453542 2.18471
-0.224944 0.727716 2.07785
-0.262455 0.877903 2.0479
-0.399073 0.584627 2.14214
-0.4431 0.349946 2.18948
-0.550248 0.134288 2.20886
-0.570634 0.0567239 2.20301
-0.0577298 0.660976 2.1282
0.0982674 0.447177 2.22912
0.225255 0.239087 2.22484
0.22479 0.191413 2.21296
-0.223137 0.155641 2.25005
-0.27539 -0.186671 2.36236
-0.325957 -0.560512 2.48492
-0.34555 -0.636978 2.39567
-0.0760671 0.177376 2.24182
-0.0358401 -0.159694 2.34673
-0.0456855 -0.558683 2.46456
-0.0436765 -0.657638 2.39077
-0.218144 0.660851 2.1065
-0.579092 -0.0194825 2.23291
-0.582868 0.000838059 2.19743
0.256188 0.103466 2.23298
0.210875 0.151304 2.16915
-0.150748 0.176885 2.27606
-0.169558 0.463148 2.18261
-0.177207 0.736577 2.08104
-0.176407 0.893597 2.0556
-0.343094 0.63236 2.13154
-0.42243 0.394458 2.17968
-0.553576 0.192323 2.19735
-0.580198 0.126945 2.18758
-0.00338065 0.657615 2.137
0.096067 0.431177 2.21664
0.206545 0.214327 2.22225
0.219383 0.148588 2.21108
-0.222851 0.16928 2.24363
-0.277792 -0.186199 2.36317
-0.327057 -0.560112 2.4851
-0.344561 -0.636382 2.39557
-0.0745585 0.180626 2.23869
-0.037831 -0.169343 2.34734
-0.0457905 -0.558836 2.46508
-0.0438918 -0.656241 2.39036
-0.175804 0.669941 2.10825
-0.604403 0.0337943 2.2268
-0.569927 0.104621 2.141
0.241906 0.0561903 2.23086
0.205472 0.108797 2.163
-0.148228 0.179355 2.27378
-0.13917 0.465028 2.18326
-0.121891 0.737565 2.08544
-0.0904937 0.894908 2.05941
-0.288998 0.649785 2.12465
-0.407766 0.42127 2.17851
-0.551642 0.227121 2.18951
-0.571081 0.183035 2.17388
0.0465648 0.64238 2.14454
0.104566 0.40538 2.21273
0.205887 0.18485 2.22549
0.205996 0.109304 2.2144
-0.21931 0.176026 2.23867
-0.278789 -0.186618 2.36384
-0.327602 -0.560628 2.48563
-0.343831 -0.635903 2.3959
-0.0723407 0.179827 2.23787
-0.040528 -0.174998 2.34724
-0.0471239 -0.562394 2.469
-0.0440778 -0.655703 2.38897
-0.126503 0.671064 2.11177
-0.600719 0.0939888 2.19465
-0.562319 0.150449 2.13688
0.222083 0.0133258 2.23743
0.191135 0.0650025 2.16588
-0.142709 0.176118 2.274
-0.0980552 0.453359 2.18841
-0.0383386 0.718159 2.09284
0.0159195 0.878219 2.06464
-0.225715 0.649129 2.11785
-0.374377 0.4523 2.17601
-0.535805 0.27198 2.18205
-0.557013 0.231266 2.17522
0.10783 0.605151 2.15582
0.130708 0.347334 2.22123
0.1896 0.11224 2.23615
0.184883 0.0230926 2.22072
-0.214311 0.177457 2.23487
-0.283808 -0.173271 2.35467
-0.328501 -0.561393 2.48523
-0.343264 -0.635527 2.39578
-0.0644847 0.166837 2.24458
-0.0431972 -0.181348 2.34792
-0.0475807 -0.562676 2.4704
-0.0437945 -0.656556 2.38849
-0.053449 0.653487 2.11882
-0.590055 0.153923 2.19636
-0.543695 0.193635 2.14178
0.184079 -0.0702538 2.27135
0.16855 0.00418397 2.17189
-0.136347 0.167597 2.2739
-0.0685496 0.44059 2.19005
0.00613374 0.704632 2.09544
0.0848756 0.852476 2.06663
-0.177347 0.647297 2.11296
-0.365649 0.469357 2.17508
-0.533741 0.294635 2.17326
-0.556195 0.254108 2.17578
0.125168 0.588863 2.15698
0.140222 0.306159 2.2315
0.179662 0.0666006 2.24061
0.16908 -0.020455 2.23
-0.209226 0.175921 2.23063
-0.287904 -0.178896 2.35582
-0.330394 -0.56226 2.48254
-0.342733 -0.634469 2.39538
-0.0584355 0.150324 2.24932
-0.0482815 -0.197999 2.35456
-0.0478152 -0.562955 2.47051
-0.0423645 -0.658305 2.38546
-0.01266 0.640081 2.12112
-0.590609 0.186464 2.20347
-0.544221 0.207661 2.15
0.16201 -0.108607 2.27178
0.152915 -0.0332167 2.175
-0.140195 0.15899 2.27702
-0.0531862 0.42882 2.19377
0.0421467 0.687834 2.09919
0.14457 0.823521 2.06941
-0.139373 0.640065 2.11169
-0.360377 0.48599 2.17314
-0.538483 0.321522 2.16898
-0.549114 0.295111 2.16546
0.164052 0.536601 2.172
0.147014 0.273194 2.23913
0.168086 0.0330706 2.26223
0.155026 -0.0533107 2.24019
-0.209404 0.173392 2.23045
-0.292672 -0.190928 2.36078
-0.332694 -0.56453 2.48166
-0.343532 -0.635222 2.39467
-0.0677556 0.137158 2.25588
-0.0542461 -0.215883 2.36316
-0.0485076 -0.56394 2.47066
-0.0422264 -0.65897 2.3854
0.0182667 0.624491 2.12494
-0.591196 0.214597 2.19208
-0.535282 0.261709 2.1308
0.144996 -0.13932 2.27511
0.141184 -0.0659967 2.1889
-0.147866 0.150643 2.27819
-0.0428331 0.415575 2.1966
0.0687951 0.666487 2.10422
0.177315 0.798873 2.075
-0.117949 0.631863 2.11314
-0.349852 0.500073 2.16833
-0.528756 0.336203 2.15893
-0.542342 0.311736 2.15389
0.171131 0.523673 2.17343
0.14864 0.216836 2.24992
0.167928 -0.0222555 2.27849
0.144261 -0.0948655 2.26057
-0.213649 0.168942 2.23099
-0.268643 -0.200178 2.36458
-0.333548 -0.56489 2.47978
-0.343307 -0.634749 2.39535
-0.078122 0.126898 2.25632
-0.0576967 -0.222668 2.36385
-0.0491943 -0.564036 2.4705
-0.0425707 -0.65924 2.3875
0.0407233 0.605322 2.12927
-0.588932 0.232651 2.18421
-0.528523 0.281035 2.11938
0.132379 -0.161587 2.29677
0.130177 -0.0920379 2.2038
-0.149739 0.147932 2.27857
-0.0367606 0.408483 2.19763
0.0801649 0.656581 2.10531
0.191354 0.788069 2.07843
-0.11134 0.628535 2.11579
-0.347176 0.501636 2.16925
-0.527367 0.339226 2.15431
-0.53668 0.317743 2.15026
0.17801 0.509649 2.17339
0.149402 0.197594 2.25646
0.165451 -0.0414224 2.28627
0.144814 -0.0913239 2.26582
-0.214666 0.167221 2.23168
-0.266407 -0.204382 2.36764
-0.334313 -0.565859 2.47785
-0.343079 -0.634098 2.39421
-0.080592 0.123651 2.25591
-0.0620179 -0.245234 2.37114
-0.0517956 -0.566965 2.4706
-0.0425236 -0.660252 2.38718
0.051169 0.595966 2.13045
-0.581294 0.234551 2.16761
-0.527424 0.285683 2.11562
0.129059 -0.174388 2.30877
0.131946 -0.0973043 2.21516
-0.150227 0.147174 2.27856
-0.0368478 0.407857 2.19778
0.0771862 0.657668 2.1058
0.188602 0.788347 2.07811
-0.107909 0.628236 2.11613
-0.345151 0.501381 2.1712
-0.525654 0.339342 2.15538
-0.537417 0.308168 2.15884
0.176722 0.512114 2.17352
0.149593 0.197281 2.25589
0.165301 -0.0418005 2.28546
0.147978 -0.107957 2.26411
-0.215165 0.166388 2.23206
-0.286629 -0.203152 2.36768
-0.334408 -0.565423 2.47661
-0.342606 -0.63348 2.39387
-0.080989 0.123045 2.25545
-0.0638288 -0.239194 2.36599
-0.0522544 -0.567437 2.46988
-0.0422431 -0.660209 2.38694
0.0492288 0.596462 2.13083
-0.582159 0.222657 2.18333
-0.531539 0.266669 2.12154
0.134904 -0.16363 2.2972
0.13369 -0.0949871 2.20816
-0.147749 0.146023 2.27885
-0.0413885 0.411187 2.19785
0.0554678 0.673178 2.1045
0.152313 0.812908 2.07434
-0.11332 0.630578 2.11699
-0.34412 0.489081 2.177
-0.528924 0.3321 2.16439
-0.542153 0.287438 2.16982
0.172848 0.518421 2.17382
0.149109 0.269462 2.23701
0.164772 0.0281162 2.25407
0.156865 -0.0585318 2.24677
-0.212699 0.163815 2.23261
-0.282241 -0.183582 2.35582
-0.334218 -0.565475 2.47586
-0.342992 -0.633514 2.39238
-0.0780601 0.123222 2.25542
-0.0636967 -0.234651 2.36452
-0.0522769 -0.566387 2.46969
-0.0431788 -0.659851 2.39045
0.0324779 0.608692 2.12998
-0.584896 0.205594 2.19134
-0.533877 0.2503 2.13321
0.144207 -0.140599 2.28368
0.142065 -0.0664972 2.1915
-0.140021 0.152175 2.27809
-0.0594065 0.428945 2.19487
0.00407465 0.700526 2.0995
0.0754233 0.849985 2.07454
-0.173384 0.642535 2.1206
-0.353023 0.471147 2.1798
-0.526933 0.302086 2.17325
-0.549033 0.242938 2.17146
0.143833 0.573987 2.16291
0.139517 0.314465 2.2287
0.163477 0.073131 2.24174
0.162851 -0.00430327 2.2259
-0.209161 0.166396 2.2321
-0.287432 -0.180387 2.35263
-0.33391 -0.565873 2.47565
-0.343366 -0.634139 2.39131
-0.0658147 0.133841 2.25428
-0.0543117 -0.217977 2.36071
-0.0505587 -0.565107 2.46909
-0.0425924 -0.660329 2.38986
-0.0109338 0.634283 2.12532
-0.585429 0.162943 2.19747
-0.540475 0.208659 2.13362
0.159609 -0.0880241 2.25595
0.145133 -0.0254759 2.17725
-0.136323 0.159824 2.27643
-0.0847911 0.444885 2.19293
-0.0472048 0.718986 2.09874
0.00260817 0.877186 2.07545
-0.216737 0.64379 2.12282
-0.358168 0.452254 2.17595
-0.523304 0.274903 2.17714
-0.550129 0.213805 2.16949
0.108945 0.605285 2.15917
0.130654 0.330551 2.22584
0.169077 0.090713 2.2353
0.16308 0.0495308 2.22052
-0.207358 0.169194 2.23197
-0.286563 -0.18219 2.35324
-0.332781 -0.566586 2.47513
-0.343428 -0.635003 2.39081
-0.0606116 0.147128 2.25007
-0.0481953 -0.204499 2.35647
-0.0499257 -0.564221 2.46866
-0.0423227 -0.660211 2.38815
-0.0561934 0.652204 2.12425
-0.580564 0.118007 2.19428
-0.543776 0.178034 2.13032
0.162578 -0.0477864 2.24269
0.144458 0.0289161 2.17043
-0.137011 0.16671 2.27459
-0.112599 0.45788 2.19092
-0.0992936 0.736332 2.09726
-0.0764243 0.893945 2.07768
-0.261481 0.644583 2.12611
-0.389444 0.422363 2.17283
-0.540702 0.233344 2.17796
-0.554086 0.182771 2.16568
0.0634843 0.634159 2.15855
0.11176 0.360217 2.22967
0.17594 0.125573 2.2351
0.164933 0.0847069 2.21668
-0.208004 0.170925 2.23254
-0.28404 -0.184355 2.35342
-0.332077 -0.568068 2.47694
-0.343429 -0.635565 2.39078
-0.0611686 0.159982 2.24458
-0.0457461 -0.19472 2.3535
-0.0505776 -0.565049 2.47085
-0.042883 -0.657839 2.38941
-0.102378 0.66842 2.12262
-0.583997 0.0881784 2.1872
-0.550581 0.14097 2.1265
0.167692 -0.00659076 2.23699
0.145411 0.0575551 2.16687
-0.138471 0.170496 2.27215
-0.14999 0.460921 2.19058
-0.1699 0.737201 2.1012
-0.181477 0.891783 2.07724
-0.339317 0.625462 2.13838
-0.416858 0.39581 2.17001
-0.542053 0.18694 2.1687
-0.563056 0.117415 2.15584
0.0207492 0.652467 2.15877
0.0884686 0.402499 2.22789
0.174358 0.174739 2.23303
0.176881 0.137732 2.21975
-0.209652 0.169968 2.23291
-0.279654 -0.190604 2.35541
-0.328373 -0.56539 2.4782
-0.343948 -0.636579 2.39032
-0.0626775 0.169732 2.23845
-0.0392634 -0.186389 2.35129
-0.0491411 -0.564186 2.46906
-0.0425095 -0.657936 2.38796
-0.164931 0.669811 2.12544
-0.5861 0.0257207 2.16984
-0.555188 0.0730613 2.11183
0.193522 0.0474404 2.24678
0.160246 0.099811 2.17383
-0.143921 0.170749 2.27135
-0.179458 0.454307 2.19388
-0.217936 0.724719 2.10762
-0.264115 0.875171 2.0753
-0.372169 0.609828 2.14452
-0.446694 0.360084 2.17882
-0.554071 0.142254 2.16823
-0.564909 0.0755497 2.15788
-0.0486737 0.661054 2.15734
0.083812 0.414723 2.23904
0.193385 0.197354 2.24269
0.191417 0.178823 2.22365
-0.217141 0.162737 2.23511
-0.277362 -0.198713 2.35773
-0.327237 -0.565373 2.47867
-0.344489 -0.637372 2.39033
-0.0682096 0.174262 2.23658
-0.0345816 -0.167092 2.34423
-0.0477843 -0.563053 2.46739
-0.0423598 -0.657883 2.39076
-0.20842 0.658763 2.1311
-0.582401 -0.023812 2.16454
-0.579908 -0.0159692 2.1375
0.216224 0.0979272 2.24595
0.174246 0.143102 2.1746
-0.149592 0.165105 2.27352
-0.207366 0.442193 2.1958
-0.267098 0.709585 2.10609
-0.331216 0.849944 2.07142
-0.409527 0.574219 2.15225
-0.459686 0.336974 2.1829
-0.547992 0.110901 2.18271
-0.563228 0.0104306 2.17081
-0.079316 0.655913 2.15412
0.0831013 0.432781 2.25038
0.207015 0.222797 2.24254
0.202649 0.210562 2.22715
-0.222392 0.149014 2.24066
-0.275102 -0.200467 2.35793
-0.325844 -0.565302 2.47908
-0.34481 -0.6381 2.39272
-0.0730757 0.173805 2.23699
-0.0337354 -0.176117 2.35324
-0.0462574 -0.562084 2.46377
-0.0435663 -0.656485 2.39363
-0.252398 0.644211 2.13058
-0.572034 -0.0890799 2.18667
-0.554685 -0.00496694 2.12368
0.236409 0.134984 2.2434
0.191166 0.16986 2.17638
-0.150674 0.157581 2.27698
-0.225047 0.429807 2.19628
-0.302714 0.692063 2.10224
-0.374381 0.829618 2.06481
-0.431898 0.543269 2.15661
-0.459331 0.302436 2.18826
-0.541531 0.0744204 2.19226
-0.549874 -0.0230319 2.18879
-0.12653 0.646081 2.14862
0.0787619 0.443899 2.25406
0.210213 0.238541 2.2409
0.204843 0.227706 2.23154
-0.221306 0.135599 2.24474
-0.272796 -0.206742 2.36024
-0.324364 -0.564297 2.47888
-0.345039 -0.638333 2.39204
-0.074889 0.172055 2.23927
-0.0422999 -0.223988 2.37767
-0.0457026 -0.561494 2.46269
-0.0443575 -0.657344 2.39176
-0.283635 0.627939 2.12787
-0.553809 -0.116647 2.21276
-0.540421 -0.0402752 2.14218
0.237416 0.151478 2.2393
0.191793 0.196549 2.18937
