-0.176443 0.33258 2.49755
-0.215824 0.627915 2.42479
-0.266661 0.910168 2.3409
-0.327894 1.00523 2.24104
-0.443195 0.811555 2.3927
-0.527377 0.570304 2.50822
-0.59146 0.313409 2.5425
-0.601553 0.212368 2.55498
-0.0863568 0.871043 2.35722
0.0952199 0.676057 2.50382
0.169758 0.430973 2.50824
0.1804 0.338166 2.48787
-0.253379 0.315773 2.46636
-0.297388 -0.130333 2.59821
-0.317647 -0.495868 2.68628
-0.33207 -0.586006 2.5848
-0.0918365 0.336744 2.45597
-0.0371246 -0.112774 2.59363
-0.0129199 -0.498487 2.67802
0.0187307 -0.57467 2.57444
-0.254091 0.841289 2.36405
-0.605633 0.135858 2.56892
-0.599612 0.186188 2.48108
0.193552 0.248449 2.50009
0.195879 0.262036 2.4755
-0.166793 0.324851 2.50247
-0.227017 0.619029 2.42566
-0.298664 0.898107 2.33601
-0.384678 0.984489 2.24332
-0.459479 0.781021 2.40063
-0.53013 0.536312 2.51381
-0.570806 0.290985 2.54914
-0.585197 0.194608 2.55526
-0.120325 0.86751 2.35106
0.0853123 0.700899 2.49436
0.175036 0.46336 2.49148
0.177949 0.375715 2.47187
-0.242232 0.302538 2.47603
-0.291997 -0.129917 2.59921
-0.316995 -0.495034 2.68619
-0.332379 -0.585922 2.58487
-0.0859852 0.33526 2.456
-0.0329649 -0.111521 2.59351
-0.0126569 -0.498347 2.67769
0.0187701 -0.575001 2.57497
-0.280797 0.829872 2.36074
-0.588906 0.115472 2.56833
-0.58437 0.155778 2.48711
0.195403 0.282456 2.49136
0.166175 0.36576 2.4216
-0.157003 0.319791 2.50717
-0.234736 0.611862 2.42682
-0.319963 0.888408 2.33425
-0.430081 0.958505 2.24912
-0.464848 0.763794 2.40388
-0.525153 0.522218 2.51735
-0.560471 0.276679 2.55572
-0.568512 0.172662 2.56566
-0.128164 0.865368 2.34887
0.075362 0.715935 2.4846
0.168086 0.479471 2.48169
0.1732 0.393349 2.46425
-0.231308 0.295189 2.48309
-0.286871 -0.134064 2.60332
-0.31577 -0.494798 2.6862
-0.332822 -0.585444 2.58485
-0.0780273 0.333632 2.45749
-0.0274652 -0.112464 2.59563
-0.0113255 -0.498101 2.67702
0.0197059 -0.576782 2.57294
-0.298773 0.820813 2.35968
-0.566166 0.0929368 2.5727
-0.571688 0.110121 2.49943
0.194716 0.297448 2.49149
0.159905 0.37112 2.41208
-0.149668 0.315801 2.51079
-0.241854 0.603433 2.42865
-0.340325 0.875197 2.33466
-0.456411 0.940415 2.25043
-0.46347 0.753132 2.40358
-0.516797 0.507323 2.51945
-0.559281 0.191586 2.55534
-0.554049 0.117392 2.56837
-0.136144 0.863781 2.34773
0.0752966 0.715848 2.482
0.167521 0.479062 2.47448
0.16404 0.415062 2.45565
-0.223473 0.289968 2.48858
-0.28247 -0.135321 2.60583
-0.315456 -0.494905 2.68622
-0.333763 -0.585991 2.58459
-0.0715128 0.331551 2.45881
-0.0248992 -0.111917 2.59669
-0.0099348 -0.496246 2.67566
0.0182822 -0.574619 2.57554
-0.315901 0.808841 2.36038
-0.548396 0.0385836 2.57987
-0.560433 0.0764131 2.493
0.184112 0.321499 2.47756
0.149236 0.396513 2.40626
-0.146904 0.313716 2.51234
-0.244959 0.599901 2.42955
-0.344448 0.87258 2.33505
-0.459316 0.940559 2.25205
-0.463069 0.749221 2.40415
-0.511409 0.49308 2.52368
-0.553141 0.193216 2.55782
-0.540023 0.118538 2.57066
-0.152074 0.861681 2.34562
0.0712429 0.719671 2.47777
0.164357 0.483276 2.47302
0.1624 0.399436 2.45394
-0.2207 0.287871 2.49029
-0.279743 -0.135811 2.60707
-0.314495 -0.494152 2.68642
-0.333409 -0.584001 2.586
-0.0688648 0.329766 2.45999
-0.0226864 -0.112025 2.59757
-0.00835577 -0.495288 2.67613
0.0188782 -0.5742 2.57595
-0.319997 0.806005 2.36083
-0.530746 0.0392584 2.58593
-0.546171 0.0947253 2.49125
0.180825 0.301348 2.47869
0.149293 0.390276 2.40867
-0.150451 0.315085 2.51164
-0.245176 0.601653 2.42953
-0.335913 0.879729 2.33634
-0.416034 0.975558 2.2489
-0.465073 0.753724 2.40609
-0.51 0.498486 2.52748
-0.545752 0.222072 2.55617
-0.540579 0.126029 2.57671
-0.149182 0.862938 2.34693
0.0715727 0.717436 2.47716
0.161254 0.479733 2.47326
0.163569 0.385548 2.4607
-0.225698 0.289566 2.48881
-0.279916 -0.135923 2.60703
-0.314517 -0.49397 2.68643
-0.333335 -0.583747 2.58605
-0.0710722 0.330963 2.45971
-0.0235071 -0.112619 2.59708
-0.00776761 -0.49562 2.67545
0.0189516 -0.57411 2.57508
-0.314682 0.811458 2.36159
-0.53443 0.0403045 2.58899
-0.556458 0.116746 2.49486
0.179309 0.294481 2.47783
0.150756 0.354644 2.41256
-0.164752 0.321739 2.50802
-0.237628 0.615656 2.43
-0.295322 0.907016 2.34311
-0.35038 1.00687 2.24733
-0.456677 0.792108 2.4012
-0.507342 0.544441 2.52959
-0.546327 0.295562 2.55994
-0.553645 0.195351 2.57276
-0.113934 0.867835 2.35257
0.0764163 0.689132 2.47685
0.159819 0.432278 2.47939
0.164043 0.345865 2.46697
-0.244221 0.3011 2.48089
-0.284655 -0.134253 2.60656
-0.315069 -0.492828 2.68577
-0.333228 -0.584028 2.58586
-0.0810513 0.333721 2.45934
-0.026636 -0.113653 2.59627
-0.00906669 -0.496422 2.67594
0.0193317 -0.574619 2.57369
-0.282128 0.836003 2.36664
-0.550885 0.117622 2.59194
-0.557635 0.183879 2.502
0.177547 0.254048 2.47949
0.151323 0.314043 2.417
-0.175165 0.330572 2.50439
-0.22271 0.632251 2.43
-0.254761 0.926481 2.34613
-0.276872 1.0298 2.24702
-0.439501 0.826334 2.39341
-0.510184 0.564602 2.53716
-0.553314 0.317704 2.56129
-0.565955 0.224858 2.57387
-0.0721981 0.867093 2.3592
0.08538 0.633275 2.48557
0.163198 0.391851 2.48448
0.159711 0.298678 2.46948
-0.256443 0.31512 2.47299
-0.292042 -0.133981 2.60696
-0.315091 -0.493158 2.68572
-0.333059 -0.584122 2.58642
-0.0889025 0.337491 2.45968
-0.0323933 -0.113051 2.59485
-0.00989099 -0.496427 2.67587
0.0182842 -0.573785 2.57499
-0.247557 0.854944 2.36903
-0.572376 0.138638 2.59348
-0.569792 0.221938 2.49558
0.169338 0.20814 2.48631
0.147998 0.275376 2.42183
-0.184309 0.337937 2.50254
-0.200996 0.642086 2.42941
-0.200383 0.934865 2.34583
-0.1833 1.04104 2.2463
-0.384122 0.873842 2.37212
-0.512191 0.62159 2.53419
-0.564239 0.368738 2.55057
-0.58544 0.278558 2.55938
-0.0202019 0.854541 2.36828
0.0853924 0.607621 2.47996
0.143943 0.350995 2.48843
0.145437 0.255252 2.47961
-0.266564 0.328777 2.46671
-0.300239 -0.131813 2.60717
-0.31564 -0.494047 2.68648
-0.332919 -0.583676 2.58673
-0.0973648 0.339019 2.46215
-0.0395214 -0.113426 2.59387
-0.0109957 -0.49674 2.67726
0.0179484 -0.573879 2.57455
-0.201092 0.863668 2.36876
-0.594205 0.200168 2.56681
-0.585109 0.290882 2.48079
0.151837 0.167423 2.50222
0.138485 0.218762 2.42587
-0.185929 0.3389 2.50241
-0.180585 0.642094 2.42902
-0.159801 0.931233 2.34403
-0.119846 1.03774 2.24473
-0.351822 0.886038 2.36409
-0.503906 0.662347 2.52546
-0.578677 0.408827 2.54108
-0.606899 0.325163 2.55019
0.0170018 0.833692 2.37424
0.0879519 0.578502 2.47977
0.135008 0.318599 2.49701
0.135521 0.225209 2.48717
-0.267803 0.333242 2.46463
-0.303988 -0.131403 2.60722
-0.316469 -0.494227 2.68709
-0.332485 -0.583683 2.58656
-0.100402 0.336589 2.46446
-0.0446431 -0.111456 2.59299
-0.0114173 -0.496747 2.67658
0.0180536 -0.573635 2.57389
-0.165383 0.860842 2.36742
-0.625165 0.244203 2.573
-0.602377 0.331903 2.47718
0.140847 0.135077 2.509
0.127424 0.1866 2.43759
-0.188714 0.337011 2.50376
-0.162218 0.633496 2.42878
-0.12212 0.916719 2.34065
-0.0570574 1.02408 2.24708
-0.298496 0.889657 2.35016
-0.497488 0.686599 2.51836
-0.592779 0.432815 2.53953
-0.623357 0.371364 2.54771
0.041123 0.815849 2.3813
0.0888996 0.564312 2.47815
0.128002 0.295279 2.50215
0.13024 0.206647 2.49986
-0.269049 0.334525 2.46345
-0.308708 -0.130863 2.6073
-0.316837 -0.495525 2.68799
-0.332826 -0.584566 2.5841
-0.105648 0.326287 2.47204
-0.0472943 -0.111793 2.59418
-0.0110107 -0.497651 2.67533
0.0184909 -0.575349 2.57162
-0.132374 0.847641 2.36485
-0.648003 0.291844 2.55369
-0.615141 0.375577 2.46711
0.135956 0.111368 2.4965
0.114508 0.16428 2.45419
-0.194501 0.330222 2.50952
-0.142382 0.622086 2.43303
-0.0758665 0.900391 2.34383
0.00928558 0.999885 2.24608
-0.252819 0.88397 2.3435
-0.484489 0.721937 2.5104
-0.596786 0.49313 2.53041
-0.633806 0.420645 2.53866
0.0651602 0.775843 2.38829
0.0944462 0.544098 2.47881
0.128332 0.23078 2.51525
0.123482 0.164845 2.50989
-0.272274 0.33488 2.4642
-0.313707 -0.131306 2.6078
-0.318729 -0.497321 2.68878
-0.333002 -0.584932 2.58399
-0.111191 0.31213 2.48222
-0.0521821 -0.115717 2.59801
-0.0112213 -0.498122 2.67539
0.0184357 -0.575892 2.57103
-0.092968 0.832471 2.36835
-0.664352 0.345487 2.56547
-0.627073 0.417233 2.47075
0.128234 0.0785604 2.48934
0.142678 0.212825 2.49571
-0.202456 0.325068 2.51367
-0.137276 0.616342 2.43246
-0.0611992 0.89133 2.33803
0.0549614 0.974738 2.24858
-0.231839 0.882036 2.34038
-0.470099 0.749029 2.50095
-0.597691 0.521887 2.52642
-0.633572 0.45818 2.5311
0.0745712 0.761003 2.39236
0.0969475 0.528203 2.48206
0.127057 0.224651 2.52235
0.118786 0.153378 2.52249
-0.278575 0.335293 2.46525
-0.317392 -0.131083 2.6092
-0.320707 -0.498551 2.68928
-0.332987 -0.584849 2.58409
-0.12031 0.302503 2.48874
-0.0568009 -0.121124 2.60226
-0.0111998 -0.498272 2.67565
0.0171171 -0.575218 2.57362
-0.0807661 0.824366 2.36411
-0.667479 0.383722 2.54166
-0.623931 0.451908 2.46125
0.121572 0.0706605 2.5023
0.139196 0.131141 2.52022
-0.212535 0.318749 2.51734
-0.12897 0.606091 2.43342
-0.035333 0.8752 2.33716
0.0845131 0.9506 2.25042
-0.219805 0.881903 2.34036
-0.461426 0.764526 2.49595
-0.600713 0.539212 2.52237
-0.640897 0.477863 2.5316
0.0793465 0.74827 2.39512
0.0992274 0.515702 2.48556
0.124344 0.220754 2.53125
0.114585 0.121136 2.52838
-0.288114 0.333153 2.46848
-0.322754 -0.13085 2.60891
-0.321555 -0.499186 2.68942
-0.333538 -0.585846 2.58345
-0.130545 0.293664 2.4918
-0.0596844 -0.123713 2.60532
-0.0110292 -0.501702 2.67546
0.0181264 -0.578428 2.57037
-0.0586984 0.809212 2.3635
-0.676196 0.411807 2.54942
-0.625658 0.477277 2.45862
0.115544 0.0366926 2.50439
0.129747 0.106311 2.52675
-0.216828 0.316655 2.51925
-0.127881 0.601902 2.43434
-0.0340266 0.871972 2.33752
0.0909199 0.942289 2.25276
-0.217884 0.881628 2.34054
-0.460833 0.766521 2.49616
-0.60436 0.546583 2.52377
-0.645462 0.48459 2.53751
0.0804296 0.74417 2.39726
0.100265 0.511606 2.48763
0.1227 0.221794 2.53564
0.115732 0.150021 2.53836
-0.292246 0.332153 2.47044
-0.326736 -0.13113 2.60853
-0.322409 -0.499618 2.68972
-0.333929 -0.585984 2.58297
-0.134861 0.291077 2.49347
-0.06276 -0.125692 2.60742
-0.0109749 -0.501726 2.67483
0.0172072 -0.577923 2.572
-0.0573648 0.805996 2.36391
-0.681064 0.413648 2.55619
-0.63199 0.483751 2.47067
0.113514 0.062326 2.50716
0.132022 0.061516 2.5145
-0.215869 0.316976 2.51834
-0.127268 0.601471 2.4344
-0.0372974 0.874371 2.33926
0.0550037 0.971884 2.25719
-0.21896 0.881524 2.34109
-0.469308 0.759497 2.50241
-0.612154 0.532294 2.53586
-0.647405 0.456214 2.55121
0.0806775 0.745216 2.40013
0.100982 0.515828 2.49673
0.124825 0.221615 2.53897
0.125621 0.131738 2.5273
-0.291689 0.332444 2.46905
-0.326861 -0.130485 2.60679
-0.32266 -0.499876 2.68961
-0.333749 -0.585846 2.58369
-0.133416 0.291738 2.49289
-0.0633773 -0.125058 2.60692
-0.0117175 -0.501279 2.67418
0.0172086 -0.577934 2.57201
-0.059095 0.807504 2.36495
-0.685221 0.37614 2.57411
-0.644995 0.444597 2.483
0.132549 0.0449385 2.5518
0.135408 0.105485 2.54825
-0.204201 0.323443 2.5151
-0.127805 0.607878 2.43522
-0.0547927 0.886881 2.34551
0.00192343 1.00722 2.25719
-0.247543 0.884655 2.3493
-0.488881 0.725928 2.51517
-0.615738 0.49624 2.54561
-0.648138 0.406936 2.55928
0.0664361 0.778732 2.40012
0.107512 0.545311 2.49714
0.139514 0.236695 2.53513
0.141864 0.174253 2.52401
-0.283401 0.334468 2.46633
-0.324813 -0.130994 2.60653
-0.322481 -0.500548 2.69033
-0.333602 -0.585547 2.58481
-0.118408 0.303921 2.48896
-0.0607192 -0.120514 2.60329
-0.0124998 -0.500329 2.67471
0.0174442 -0.577548 2.57233
-0.0718764 0.818758 2.36975
-0.678602 0.32912 2.58154
-0.642388 0.399961 2.4919
0.148197 0.0874077 2.54129
0.156757 0.166514 2.52617
-0.194533 0.331227 2.5104
-0.148818 0.633338 2.43729
-0.117999 0.929725 2.35661
-0.0626144 1.04121 2.26221
-0.290926 0.88906 2.35875
-0.494041 0.695864 2.51382
-0.617004 0.438589 2.55072
-0.639342 0.355499 2.56447
0.0538899 0.809566 2.39601
0.112316 0.564028 2.50182
0.151118 0.317215 2.53381
0.155036 0.227472 2.51802
-0.274889 0.336458 2.46378
-0.319332 -0.130872 2.60442
-0.320496 -0.500523 2.69013
-0.333298 -0.585582 2.58414
-0.108245 0.317855 2.48172
-0.0560819 -0.114913 2.59833
-0.0124149 -0.498832 2.67476
0.0162291 -0.573622 2.57635
-0.125281 0.85748 2.37868
-0.666582 0.272922 2.59212
-0.632061 0.352502 2.493
0.16631 0.142451 2.53347
0.174955 0.138574 2.5385
-0.187697 0.33795 2.50489
-0.171074 0.648121 2.43831
-0.166101 0.947402 2.3639
-0.152499 1.06516 2.26824
-0.352567 0.882123 2.37351
-0.499203 0.651016 2.51442
-0.594097 0.399955 2.55027
-0.609722 0.299069 2.55602
0.0141997 0.845042 2.38622
0.115155 0.605151 2.50444
0.153644 0.354163 2.51337
0.160612 0.262596 2.49636
-0.269054 0.337294 2.46161
-0.312818 -0.130444 2.60244
-0.319174 -0.499939 2.68941
-0.333427 -0.585931 2.58386
-0.100987 0.331564 2.47203
-0.0514203 -0.113044 2.59557
-0.0119969 -0.499105 2.67754
0.0170245 -0.573213 2.57556
-0.167216 0.874492 2.38446
-0.622476 0.221137 2.57451
-0.607736 0.290143 2.49481
0.172828 0.176773 2.52835
0.146837 0.22968 2.44075
-0.18639 0.339988 2.50367
-0.188998 0.651638 2.43975
-0.202966 0.94982 2.36761
-0.217439 1.06829 2.27279
-0.394116 0.862329 2.38372
-0.508193 0.606012 2.51884
-0.577687 0.365579 2.54481
-0.5885 0.265569 2.55435
-0.0213024 0.865049 2.37995
0.102887 0.645752 2.50058
0.151768 0.381248 2.50029
0.158094 0.289444 2.48033
-0.267397 0.336331 2.46232
-0.308641 -0.131602 2.60148
-0.318305 -0.498568 2.6882
-0.333141 -0.586167 2.58402
-0.0996616 0.337644 2.46795
-0.0473357 -0.112195 2.5949
-0.0122429 -0.499588 2.67831
0.0175735 -0.573644 2.57467
-0.199509 0.877154 2.38766
-0.595693 0.186257 2.57803
-0.580128 0.24456 2.49185
0.168808 0.194607 2.49975
0.146886 0.272908 2.4285
-0.185539 0.34022 2.50286
-0.212129 0.648407 2.44018
-0.248068 0.943475 2.36871
-0.284681 1.05585 2.2732
-0.42643 0.838511 2.38988
-0.514656 0.568061 2.521
-0.565264 0.323627 2.55135
-0.568471 0.228713 2.55354
-0.0653148 0.875999 2.37308
0.096594 0.659544 2.49819
0.149319 0.411035 2.49105
0.153495 0.319465 2.46747
-0.265261 0.331082 2.4641
-0.305114 -0.131813 2.60185
-0.317884 -0.49749 2.68732
-0.332999 -0.585927 2.58451
-0.0991826 0.340608 2.46481
-0.0436791 -0.111961 2.59402
-0.0121951 -0.499338 2.67803
0.0180834 -0.573158 2.57516
-0.239325 0.871481 2.38862
-0.574432 0.142116 2.57583
-0.553703 0.212205 2.50333
0.167156 0.226626 2.47593
0.138137 0.302563 2.41836
-0.183769 0.336084 2.50381
-0.231165 0.63818 2.43985
-0.291951 0.926826 2.36294
-0.346508 1.04014 2.27545
-0.454784 0.808546 2.39795
-0.512514 0.557584 2.5201
-0.555013 0.313102 2.5585
-0.551303 0.216769 2.56391
-0.107971 0.87649 2.36613
0.0841953 0.686534 2.49253
0.147278 0.43137 2.47941
0.148964 0.342478 2.45651
-0.261355 0.317329 2.47165
-0.302455 -0.132896 2.60315
-0.317546 -0.496263 2.68678
-0.333308 -0.585883 2.58471
-0.0990707 0.340595 2.46352
-0.0404048 -0.113281 2.59296
-0.0117185 -0.498605 2.67649
0.017924 -0.573013 2.57456
-0.276368 0.85645 2.38446
-0.547776 0.12682 2.58504
-0.536348 0.170013 2.51618
0.164095 0.248946 2.47181
0.131899 0.341266 2.40879
-0.174677 0.324888 2.5079
-0.252651 0.622769 2.4367
-0.34647 0.90532 2.34722
-0.417132 1.007 2.26982
-0.471095 0.775107 2.40342
-0.515487 0.529246 2.52161
-0.541952 0.285605 2.57322
-0.5345 0.186413 2.59272
-0.155301 0.870952 2.35662
0.0670013 0.721543 2.48412
0.140475 0.478171 2.4685
0.143965 0.392866 2.44917
-0.249999 0.299193 2.48105
-0.296158 -0.134188 2.60665
-0.317239 -0.495035 2.68634
-0.333724 -0.586475 2.58409
-0.0940461 0.338276 2.46221
-0.0360014 -0.114043 2.59227
-0.0117134 -0.498282 2.67626
0.0184836 -0.573847 2.57378
-0.322544 0.836326 2.37225
-0.523046 0.101125 2.62532
-0.520242 0.113992 2.54056
0.160138 0.294974 2.46569
0.12851 0.384362 2.4028
-0.166912 0.318397 2.51133
-0.253523 0.617668 2.43825
-0.344601 0.902213 2.35136
-0.459171 0.979971 2.26847
-0.47799 0.757914 2.40368
-0.515731 0.507891 2.52457
-0.535711 0.266421 2.58576
-0.53361 0.223924 2.60212
-0.158585 0.868766 2.35608
0.0573623 0.733538 2.47839
0.137809 0.492313 2.46513
0.140687 0.411848 2.45258
-0.241588 0.291201 2.48584
-0.290088 -0.135534 2.60913
-0.317082 -0.494314 2.6862
-0.333827 -0.586314 2.58369
-0.0875387 0.334994 2.46308
-0.0320615 -0.113714 2.59217
-0.0111102 -0.497406 2.67579
0.0186126 -0.573773 2.57389
-0.322124 0.8328 2.37517
-0.525979 0.135959 2.60253
-0.525333 0.135257 2.5655
0.162459 0.319544 2.47818
0.0686132 0.411583 2.47
-0.161659 0.313668 2.51248
-0.257769 0.609186 2.43775
-0.355887 0.890499 2.35059
-0.473741 0.967325 2.26426
-0.477926 0.748587 2.40399
-0.514712 0.495563 2.52824
-0.528647 0.255236 2.59433
-0.529219 0.189621 2.60977
-0.164228 0.865713 2.35451
0.0535815 0.741321 2.47525
0.136639 0.500944 2.46418
0.141277 0.419281 2.45764
-0.236585 0.286789 2.48806
-0.286961 -0.136943 2.61029
-0.316541 -0.494663 2.68614
-0.333358 -0.585136 2.58532
-0.082037 0.330655 2.46258
-0.0303429 -0.114276 2.59236
-0.00964183 -0.496568 2.6751
0.0201092 -0.574707 2.57351
-0.331745 0.82184 2.37443
-0.517123 0.0985929 2.60426
-0.508056 0.107228 2.568
0.163265 0.325756 2.48134
0.0833995 0.42603 2.462
-0.161247 0.312958 2.51296
-0.258375 0.607923 2.43753
-0.354765 0.89017 2.34954
-0.451152 0.981349 2.25783
-0.478498 0.744162 2.40519
-0.511814 0.51056 2.52576
-0.520576 0.270216 2.59295
-0.517494 0.167998 2.61207
-0.166788 0.86464 2.3508
0.0556923 0.73915 2.47615
0.138171 0.498603 2.46812
0.143677 0.407218 2.46063
-0.236222 0.286029 2.48891
-0.286108 -0.136756 2.61112
-0.316697 -0.493355 2.68584
-0.333545 -0.585108 2.58502
-0.0815701 0.330239 2.46248
-0.0291599 -0.113907 2.59264
-0.0091249 -0.496891 2.67541
0.02031 -0.575115 2.57348
-0.3315 0.821217 2.37368
-0.49952 0.0870102 2.65885
-0.51733 0.1051 2.55444
0.163478 0.314161 2.4729
0.102704 0.414864 2.44887
-0.170849 0.319129 2.51081
-0.254454 0.616418 2.43494
-0.326355 0.908423 2.34587
-0.395649 1.01731 2.25646
-0.471194 0.772716 2.39761
-0.508637 0.533196 2.52191
-0.520878 0.292774 2.58866
-0.517863 0.187275 2.60473
-0.157018 0.868146 2.34845
0.0607766 0.721425 2.47252
0.140689 0.478231 2.47128
0.145307 0.381632 2.4607
-0.2487 0.295569 2.48422
-0.289223 -0.134341 2.61012
-0.316529 -0.493413 2.68578
-0.333562 -0.585378 2.5851
-0.0883642 0.333741 2.46208
-0.0306019 -0.113938 2.59336
-0.00919986 -0.497144 2.6753
0.0209983 -0.576239 2.57134
-0.309854 0.837204 2.3701
-0.505259 0.108359 2.634
-0.52122 0.150103 2.54333
0.163381 0.293683 2.47092
0.130387 0.350874 2.41909
-0.183595 0.329796 2.50748
-0.242808 0.632675 2.43325
-0.28669 0.92904 2.34833
-0.32678 1.04573 2.25517
-0.459435 0.809173 2.38703
-0.503636 0.55355 2.52325
-0.522413 0.310816 2.58137
-0.527699 0.20905 2.59584
-0.113755 0.873114 2.34741
0.0710697 0.683778 2.46962
0.14503 0.422917 2.47267
0.145854 0.328571 2.4575
-0.262831 0.309708 2.47804
-0.294943 -0.133147 2.60877
-0.316695 -0.493687 2.68586
-0.333525 -0.58569 2.58503
-0.0989634 0.34061 2.46158
-0.0361272 -0.114684 2.59358
-0.00984284 -0.497286 2.67523
0.0187514 -0.573029 2.57516
-0.276858 0.856956 2.37144
-0.523734 0.130104 2.61994
-0.53025 0.187999 2.52287
0.168111 0.239296 2.46012
0.125248 0.299157 2.41395
-0.191695 0.336351 2.50412
-0.228199 0.644183 2.43178
-0.249696 0.942519 2.34968
-0.266956 1.06297 2.25415
-0.433077 0.83829 2.37867
-0.499135 0.571738 2.52602
-0.529239 0.32818 2.577
-0.541341 0.232462 2.589
-0.0684975 0.868766 2.35426
0.0760034 0.648638 2.46757
0.144087 0.385365 2.46787
0.143804 0.287392 2.4548
-0.272804 0.322253 2.47089
-0.302806 -0.130953 2.60674
-0.317219 -0.494247 2.68643
-0.332635 -0.584278 2.5861
-0.10501 0.342442 2.46116
-0.0425952 -0.113832 2.59313
-0.0106119 -0.497972 2.67515
0.0171396 -0.57332 2.57383
-0.245044 0.869955 2.37211
-0.549414 0.146024 2.60789
-0.543643 0.210152 2.51189
0.161434 0.200248 2.45691
0.119431 0.252409 2.41056
-0.200804 0.340414 2.50048
-0.209835 0.649736 2.43003
-0.202 0.947849 2.34934
-0.185775 1.06881 2.25486
-0.392216 0.871084 2.37263
-0.498178 0.600683 2.53162
-0.550368 0.358045 2.57019
-0.573344 0.269655 2.58229
-0.0240897 0.851412 2.36263
0.0858406 0.599172 2.46657
0.136653 0.34894 2.47031
0.137894 0.250925 2.46291
-0.282045 0.331506 2.46465
-0.310737 -0.130823 2.60643
-0.318307 -0.495772 2.68772
-0.333259 -0.584737 2.58576
-0.114489 0.340693 2.46043
-0.0475863 -0.11324 2.59321
-0.0121853 -0.498135 2.6751
0.0164741 -0.572814 2.57631
-0.204446 0.875261 2.37148
-0.583543 0.188705 2.59665
-0.575544 0.261466 2.50357
0.149663 0.164984 2.46565
0.113594 0.209117 2.41726
-0.202352 0.340038 2.49974
-0.190223 0.647457 2.43021
-0.165233 0.943423 2.35107
-0.122566 1.05666 2.25419
-0.350999 0.886769 2.36514
-0.494609 0.640712 2.53201
-0.572028 0.403151 2.57053
-0.603099 0.31995 2.59545
0.0127126 0.825924 2.36941
0.0933053 0.567137 2.46824
0.135017 0.315767 2.48166
0.135571 0.21895 2.47769
-0.283275 0.333825 2.46273
-0.314718 -0.130736 2.60624
-0.319302 -0.496708 2.6889
-0.33301 -0.584949 2.58648
-0.117275 0.334871 2.46116
-0.051782 -0.112924 2.59291
-0.012554 -0.49835 2.67492
0.0159026 -0.572981 2.57549
-0.171703 0.871242 2.37288
-0.622344 0.234396 2.61964
-0.605619 0.311592 2.52082
0.140663 0.133215 2.47969
0.113516 0.171745 2.43165
-0.203847 0.337556 2.50077
-0.172799 0.639201 2.43052
-0.129737 0.928594 2.34762
-0.0621686 1.03389 2.25054
-0.310462 0.888907 2.35734
-0.491773 0.675195 2.53121
-0.593615 0.432584 2.5809
-0.627542 0.357917 2.60638
0.0327404 0.809627 2.37417
0.0923892 0.553184 2.46965
0.13466 0.290237 2.49922
0.132243 0.191517 2.49211
-0.28379 0.334818 2.46195
-0.318086 -0.130477 2.60596
-0.31998 -0.497581 2.68877
-0.333233 -0.585006 2.58585
-0.119549 0.325116 2.46652
-0.0560906 -0.114667 2.59401
-0.0121486 -0.49817 2.67427
0.0169196 -0.574481 2.57268
-0.140731 0.858021 2.37055
-0.641066 0.288789 2.6198
-0.628539 0.356314 2.5277
0.135886 0.106088 2.48991
0.113063 0.142409 2.44461
-0.209146 0.327699 2.50828
-0.156659 0.625704 2.4308
-0.0932018 0.910024 2.33759
0.00416119 0.994032 2.24038
-0.266867 0.882582 2.35033
-0.484971 0.709961 2.53243
-0.601011 0.494809 2.58485
-0.634556 0.421993 2.61074
0.0558745 0.768404 2.38297
0.095642 0.537206 2.47124
0.131054 0.290361 2.50568
0.132038 0.193501 2.5101
-0.286826 0.334412 2.46353
-0.32101 -0.130104 2.60549
-0.320526 -0.498652 2.68899
-0.333718 -0.585049 2.58579
-0.124719 0.307372 2.47987
-0.0597517 -0.115678 2.59618
-0.0115812 -0.497956 2.67378
0.0178104 -0.576343 2.57014
-0.109497 0.840726 2.36325
-0.65884 0.349134 2.62504
-0.635003 0.422922 2.52762
0.127506 0.111025 2.48516
0.115607 0.115748 2.45875
-0.21746 0.32252 2.5137
-0.145184 0.610161 2.43189
-0.0600309 0.878888 2.33511
0.0410393 0.962763 2.23582
-0.256312 0.881152 2.34932
-0.474742 0.739482 2.53044
-0.594182 0.52382 2.58535
-0.626565 0.453727 2.61114
0.069168 0.743757 2.38705
0.0988377 0.512226 2.47741
0.133585 0.265805 2.51378
0.136609 0.168849 2.51826
-0.29389 0.334832 2.46635
-0.324288 -0.130163 2.60562
-0.321727 -0.499146 2.68932
-0.333792 -0.585325 2.58472
-0.134389 0.297934 2.48737
-0.0637038 -0.117404 2.60029
-0.011666 -0.498221 2.67381
0.0176321 -0.575727 2.57171
-0.0820182 0.813887 2.36168
-0.654475 0.383999 2.62944
-0.624287 0.451716 2.53
0.131886 0.082209 2.49433
0.120667 0.0916775 2.47455
-0.224456 0.317479 2.5179
-0.142046 0.603437 2.43282
-0.0551552 0.874579 2.33501
0.0603823 0.94525 2.23569
-0.24715 0.879221 2.34793
-0.463488 0.755531 2.52333
-0.591431 0.538997 2.58941
-0.62458 0.473098 2.6117
0.0778153 0.730469 2.38837
0.103091 0.498749 2.47922
0.137395 0.211765 2.52819
0.139612 0.140176 2.51841
-0.300449 0.333518 2.47035
-0.329919 -0.126879 2.60463
-0.323154 -0.500492 2.68964
-0.333744 -0.585538 2.58419
-0.141586 0.290675 2.49107
-0.0682406 -0.125182 2.60451
-0.0121238 -0.498737 2.6734
0.0170379 -0.57552 2.57287
-0.076956 0.808575 2.3617
-0.656408 0.404455 2.63593
-0.616807 0.475779 2.53548
0.13747 0.0547142 2.49608
0.121872 0.0712228 2.47183
-0.22508 0.316586 2.51963
-0.140171 0.600776 2.43305
-0.0509733 0.869945 2.33406
0.0624835 0.943453 2.23408
-0.244912 0.878619 2.34743
-0.46266 0.756271 2.52284
-0.590778 0.541976 2.59124
-0.622738 0.468144 2.60752
0.0805877 0.729617 2.38956
0.106379 0.498291 2.48106
0.140089 0.212793 2.52763
0.143669 0.113263 2.513
-0.301387 0.333332 2.47182
-0.330521 -0.127533 2.6052
-0.323998 -0.500447 2.68991
-0.334167 -0.585891 2.58335
-0.141982 0.289586 2.49287
-0.0688736 -0.12592 2.60598
-0.0123619 -0.499099 2.6733
0.0176141 -0.57725 2.57205
-0.0732098 0.804356 2.36107
-0.654996 0.394505 2.63327
-0.620377 0.464144 2.53277
0.152104 0.0304138 2.52456
0.129584 0.0602318 2.46532
-0.210661 0.321217 2.51919
-0.136907 0.603564 2.43254
-0.0582106 0.876336 2.33379
0.00821564 0.9815 2.22238
-0.245826 0.877552 2.34479
-0.474171 0.728559 2.52364
-0.591273 0.515792 2.58198
-0.618944 0.424684 2.59508
0.0734422 0.76303 2.38327
0.114544 0.532942 2.47925
0.145602 0.217988 2.52191
0.139642 0.134487 2.50919
-0.290265 0.334531 2.47113
-0.32732 -0.129232 2.60554
-0.323218 -0.500353 2.68898
-0.334118 -0.585435 2.58446
-0.12428 0.298914 2.49256
-0.0649993 -0.123474 2.60585
-0.0123725 -0.499487 2.67395
0.0191683 -0.578954 2.56909
-0.0768394 0.809229 2.36068
-0.649489 0.347743 2.61916
-0.619711 0.400117 2.51957
0.145336 0.0457369 2.54079
0.122282 0.106588 2.4576
-0.196724 0.327999 2.51601
-0.145366 0.618745 2.43236
-0.107258 0.906425 2.3386
-0.0561887 1.01012 2.23123
-0.280081 0.88568 2.34742
-0.481037 0.707376 2.51613
-0.592736 0.453289 2.56669
-0.615877 0.371689 2.57758
0.0639947 0.79347 2.37799
0.115327 0.558768 2.48495
0.150839 0.283335 2.51495
0.140134 0.194675 2.50769
-0.277107 0.335528 2.47086
-0.320668 -0.130209 2.60395
-0.32156 -0.500334 2.68893
-0.334241 -0.585816 2.58449
-0.109754 0.312058 2.48584
-0.0571724 -0.117647 2.60329
-0.0123613 -0.499329 2.67437
0.0188305 -0.576794 2.57142
-0.115939 0.836441 2.36398
-0.640506 0.288771 2.59652
-0.610256 0.368546 2.51142
0.142156 0.107801 2.53201
0.117166 0.154939 2.45973
-0.186627 0.334938 2.51166
-0.154934 0.63098 2.43073
-0.13501 0.92044 2.33964
-0.117963 1.02709 2.23167
-0.316313 0.885238 2.35407
-0.488482 0.676507 2.5107
-0.587972 0.424194 2.55473
-0.608016 0.330768 2.56043
0.0387245 0.827715 2.36869
0.115626 0.584575 2.48816
0.154853 0.32298 2.50995
0.141086 0.231306 2.50079
-0.267364 0.337167 2.46945
-0.312951 -0.130306 2.60292
-0.320529 -0.499937 2.68862
-0.333501 -0.585104 2.58493
-0.100067 0.324261 2.47832
-0.0508109 -0.113292 2.59948
-0.0129155 -0.499721 2.67553
0.0179026 -0.574038 2.57313
-0.139417 0.850007 2.36434
-0.630152 0.249752 2.57776
-0.601399 0.321728 2.49175
0.14446 0.142356 2.5262
0.11809 0.186242 2.449
-0.181988 0.337959 2.50748
-0.173523 0.638199 2.42819
-0.176777 0.927835 2.33954
-0.205303 1.0299 2.23652
-0.373651 0.865951 2.36938
-0.499857 0.634764 2.50959
-0.580658 0.392336 2.54389
-0.598563 0.29256 2.5538
-0.00206374 0.855806 2.36094
0.114163 0.64599 2.48221
0.153156 0.35959 2.50823
0.141831 0.270277 2.50023
-0.262917 0.335362 2.46716
-0.305742 -0.130339 2.60195
-0.319223 -0.498617 2.6874
-0.332969 -0.585113 2.58493
-0.0949525 0.332428 2.47162
-0.0435713 -0.110329 2.59738
-0.0127069 -0.498943 2.67574
0.0177655 -0.573416 2.57471
-0.175899 0.857316 2.36365
-0.612447 0.21466 2.59122
-0.591383 0.268798 2.49187
0.15103 0.183453 2.52061
0.115863 0.244747 2.45959
-0.178882 0.337417 2.50489
-0.192514 0.636383 2.42583
-0.219792 0.923435 2.33762
-0.268362 1.02129 2.2353
-0.403801 0.844455 2.3787
-0.510462 0.597801 2.51284
-0.577729 0.358026 2.54609
-0.589594 0.259223 2.56067
-0.0434663 0.866611 2.35154
0.113425 0.66768 2.48364
0.15424 0.39237 2.50944
0.146923 0.30184 2.50154
-0.259094 0.329873 2.46644
-0.301364 -0.130881 2.60148
-0.318219 -0.496661 2.68686
-0.332937 -0.585422 2.58507
-0.0915747 0.335407 2.4667
-0.0403428 -0.110087 2.59627
-0.0122242 -0.498915 2.67581
0.0182098 -0.573734 2.57399
-0.213034 0.853463 2.36166
-0.598421 0.17969 2.59538
-0.586066 0.240241 2.49415
0.158223 0.211462 2.52589
0.12634 0.268511 2.45133
-0.175367 0.332817 2.50464
-0.206375 0.630069 2.42443
-0.247147 0.91455 2.33309
-0.331001 1.00528 2.23488
-0.43263 0.811301 2.38884
-0.516172 0.565515 2.51364
-0.571488 0.305458 2.54905
-0.577577 0.205783 2.56879
-0.0854386 0.869056 2.34453
0.108996 0.683438 2.48301
0.156406 0.414404 2.50371
0.154962 0.33117 2.49924
-0.25383 0.31675 2.47145
-0.296682 -0.129018 2.60167
-0.317637 -0.496052 2.68641
-0.33282 -0.585209 2.58517
-0.0896575 0.335248 2.46432
-0.0374725 -0.110291 2.5946
-0.01229 -0.498093 2.67606
0.0190314 -0.575399 2.57216
-0.23703 0.845184 2.35799
-0.581922 0.130114 2.59277
-0.577307 0.191271 2.49528
0.166525 0.238961 2.53506
0.136575 0.303688 2.45275
-0.168189 0.32653 2.50681
-0.216597 0.623003 2.42512
-0.279492 0.904356 2.33126
-0.390951 0.985645 2.23503
-0.450926 0.781515 2.39535
-0.515439 0.53147 2.51807
-0.553649 0.286917 2.56048
-0.555587 0.186883 2.56655
-0.118449 0.867989 2.33877
0.0975226 0.708117 2.4773
0.160104 0.458906 2.49472
0.161314 0.370722 2.4901
-0.24459 0.304286 2.48081
-0.292949 -0.129725 2.60351
-0.317419 -0.495776 2.68663
-0.332939 -0.584691 2.58587
-0.0850154 0.335234 2.46098
-0.0349871 -0.110741 2.5942
-0.0125498 -0.497369 2.67599
0.0189917 -0.575378 2.57257
-0.263213 0.835712 2.35695
-0.555327 0.108606 2.58577
-0.551652 0.149443 2.50682
0.177084 0.279001 2.52137
0.143283 0.339409 2.4407
-0.15953 0.321132 2.50871
-0.238163 0.609118 2.4243
-0.329385 0.88243 2.32696
-0.44996 0.952458 2.24152
-0.457119 0.760502 2.39803
-0.50636 0.500792 2.52121
-0.538423 0.206358 2.57474
-0.532214 0.140846 2.58275
-0.130859 0.86566 2.33512
0.0873369 0.725038 2.47041
0.166116 0.484045 2.47807
0.166687 0.411348 2.46837
-0.234697 0.295873 2.48618
-0.287039 -0.133004 2.60661
-0.317017 -0.495202 2.68721
-0.333237 -0.584325 2.58573
-0.0788967 0.334774 2.45832
-0.0321088 -0.10997 2.5934
-0.0116669 -0.497181 2.6761
0.0185323 -0.574754 2.57417
-0.306623 0.815791 2.35343
-0.528601 0.0533108 2.60289
-0.522743 0.0961343 2.5212
0.18995 0.318838 2.51
0.152672 0.367932 2.42222
-0.153842 0.317473 2.50936
-0.246198 0.601852 2.42345
-0.346599 0.871843 2.3252
-0.47123 0.933183 2.24348
-0.457879 0.750714 2.39904
-0.503262 0.490877 2.52363
-0.525964 0.250452 2.58711
-0.528345 0.18423 2.58681
-0.151923 0.862872 2.33025
0.0850105 0.729462 2.4658
0.166973 0.489181 2.46888
0.17171 0.413943 2.45949
-0.228181 0.290998 2.48751
-0.283461 -0.135108 2.60835
-0.316522 -0.495281 2.68691
-0.333505 -0.584447 2.58574
-0.0747425 0.333335 2.45755
-0.0286192 -0.109551 2.59362
-0.0111325 -0.497136 2.67547
0.01973 -0.574886 2.57424
-0.321759 0.806004 2.35185
-0.522574 0.0997277 2.57986
-0.521798 0.105408 2.53019
0.195423 0.332734 2.50125
0.155798 0.394731 2.41663
-0.151127 0.315595 2.50934
-0.248803 0.59911 2.4231
-0.349766 0.869643 2.32491
-0.473834 0.929983 2.24287
-0.45907 0.738342 2.40078
-0.502981 0.488022 2.5259
-0.538671 0.2493 2.58921
-0.527952 0.151039 2.58972
-0.153999 0.862349 2.32992
0.0836085 0.73066 2.46187
0.166425 0.490639 2.46456
0.171167 0.406301 2.45781
-0.225151 0.288559 2.48822
-0.281945 -0.136106 2.60883
-0.31592 -0.495129 2.68709
-0.333434 -0.58383 2.58609
-0.0723231 0.33221 2.45643
-0.0258348 -0.109325 2.59248
-0.0103466 -0.497141 2.67501
0.0199734 -0.574595 2.57658
-0.324942 0.803631 2.35153
-0.523971 0.0660376 2.60971
-0.521532 0.0892966 2.52213
0.191728 0.320268 2.50333
0.155053 0.390425 2.41157
-0.153142 0.315373 2.50882
-0.249225 0.59912 2.42289
-0.342361 0.873035 2.32449
-0.432561 0.950951 2.236
-0.46308 0.747334 2.40335
-0.504935 0.503094 2.53028
-0.535084 0.23581 2.58355
-0.536206 0.154863 2.60362
-0.150561 0.861106 2.32905
0.0847804 0.724139 2.45748
0.165054 0.461955 2.46356
0.172356 0.379755 2.45826
-0.228268 0.289224 2.48806
-0.28272 -0.134986 2.60874
-0.315689 -0.493808 2.68591
-0.334047 -0.584046 2.58499
-0.0737007 0.331616 2.45528
-0.0259712 -0.109878 2.59225
-0.01019 -0.496784 2.67481
0.0197971 -0.575061 2.5745
-0.320467 0.805937 2.35111
-0.53696 0.0770358 2.63997
-0.53882 0.139718 2.53142
0.191489 0.288544 2.48501
0.158473 0.354642 2.4133
-0.16355 0.320119 2.50806
-0.240727 0.608469 2.42249
-0.286669 0.897403 2.32624
-0.372975 0.983867 2.22958
-0.458248 0.780515 2.40524
-0.507067 0.531892 2.53575
-0.541168 0.288453 2.58413
-0.54736 0.189114 2.60464
-0.122091 0.862446 2.32893
0.0895186 0.70867 2.45696
0.170564 0.438669 2.47347
0.174064 0.345013 2.46749
-0.242575 0.29824 2.48676
-0.286482 -0.134083 2.60915
-0.316161 -0.493402 2.68587
-0.333496 -0.583831 2.58657
-0.0803331 0.333275 2.45461
-0.027825 -0.10976 2.59231
-0.0105653 -0.496536 2.67448
0.0196778 -0.575306 2.57435
-0.278132 0.826706 2.35218
-0.553046 0.111206 2.62045
-0.548478 0.173035 2.5226
0.187241 0.256367 2.4927
0.163669 0.328058 2.41974
-0.175429 0.324844 2.50694
-0.224407 0.618968 2.42155
-0.253805 0.906365 2.32506
-0.300166 1.00385 2.22119
-0.444875 0.804654 2.39592
-0.503257 0.56454 2.5396
-0.546151 0.321204 2.58282
-0.564403 0.224013 2.6044
-0.0822612 0.863193 2.3331
0.100264 0.674788 2.46157
0.173524 0.407124 2.4812
0.175993 0.311867 2.47215
-0.257026 0.307746 2.48147
-0.292396 -0.132072 2.60875
-0.316417 -0.493233 2.68583
-0.3331 -0.583963 2.58701
-0.0897499 0.333727 2.45674
-0.0319542 -0.110912 2.59208
-0.0106973 -0.496326 2.67431
0.0188414 -0.574869 2.57371
-0.247408 0.836447 2.35121
-0.579978 0.1417 2.63117
-0.561894 0.230264 2.53186
0.188274 0.220747 2.48622
0.163604 0.284217 2.42423
-0.183931 0.332516 2.50774
-0.205129 0.628119 2.41974
-0.207582 0.912991 2.31899
-0.220826 1.00657 2.20661
-0.40116 0.857323 2.37714
-0.503893 0.607545 2.54135
-0.565695 0.368009 2.58308
-0.589276 0.278766 2.60944
-0.0355573 0.853937 2.33672
0.116332 0.624872 2.47356
0.173684 0.378874 2.48786
0.178631 0.281672 2.48118
-0.26593 0.322773 2.47887
-0.29758 -0.131739 2.6091
-0.316185 -0.494702 2.68654
-0.333113 -0.584041 2.58727
-0.0972956 0.33514 2.46074
-0.0376917 -0.111401 2.5911
-0.0122893 -0.496143 2.67628
0.0165484 -0.573986 2.57397
-0.207492 0.843751 2.34629
-0.611191 0.198918 2.63178
-0.591273 0.26678 2.52888
0.183898 0.195159 2.50692
0.169601 0.249008 2.43029
-0.187723 0.336572 2.51057
-0.176908 0.62823 2.42101
-0.151719 0.905107 2.31712
-0.122465 0.995092 2.19624
-0.337534 0.887658 2.35721
-0.500107 0.667922 2.53821
-0.59296 0.422187 2.58889
-0.626734 0.344857 2.61437
0.0165616 0.829132 2.34316
0.122277 0.590572 2.47235
0.172007 0.340653 2.50045
0.177339 0.247356 2.49744
-0.268829 0.331092 2.47927
-0.30336 -0.130639 2.61083
-0.316827 -0.496014 2.68736
-0.333229 -0.584832 2.58639
-0.102202 0.333686 2.4683
-0.0427871 -0.110902 2.59297
-0.0132434 -0.496219 2.67749
0.0151644 -0.573119 2.57561
-0.158326 0.837759 2.34529
-0.650401 0.271154 2.6259
-0.625727 0.351606 2.52508
0.183033 0.160221 2.51533
0.172897 0.201532 2.44965
-0.189195 0.335468 2.51334
-0.160499 0.6254 2.41554
-0.114869 0.902925 2.29768
-0.0544195 0.983047 2.19778
-0.294326 0.891382 2.34362
-0.494473 0.703837 2.53154
-0.609809 0.488705 2.58507
-0.645456 0.408736 2.61311
0.0438374 0.805449 2.35169
0.12631 0.560412 2.47475
0.174859 0.305935 2.51338
0.178895 0.221267 2.51128
-0.269679 0.332309 2.47916
-0.305517 -0.1305 2.61147
-0.317304 -0.496124 2.68768
-0.332818 -0.584654 2.58688
-0.104449 0.326066 2.4773
-0.0448738 -0.111241 2.5944
-0.0132243 -0.496595 2.67727
0.015403 -0.573209 2.57545
-0.126541 0.835193 2.32955
-0.684684 0.332779 2.64305
-0.645648 0.407201 2.53137
0.184822 0.131982 2.49442
0.152394 0.18836 2.49217
-0.195392 0.331084 2.51802
-0.149215 0.621719 2.41273
-0.0888462 0.900186 2.29054
0.00330402 0.965924 2.20156
-0.270483 0.88721 2.34027
-0.490276 0.737552 2.52692
-0.622315 0.516786 2.58433
-0.665504 0.456397 2.61256
0.0639564 0.771351 2.36351
0.129681 0.545089 2.47385
0.185394 0.2317 2.52677
0.182572 0.171215 2.52011
-0.274403 0.333673 2.47881
-0.309595 -0.129959 2.61193
-0.318391 -0.496126 2.68919
-0.332928 -0.584888 2.58564
-0.111108 0.315265 2.48607
-0.0484091 -0.111536 2.59744
-0.013011 -0.49841 2.67788
0.0155407 -0.573343 2.57549
-0.104203 0.832141 2.32332
-0.701364 0.391269 2.63198
-0.661339 0.456239 2.5264
0.189189 0.0811862 2.54037
0.182654 0.0762952 2.5485
-0.202671 0.326577 2.52062
-0.14429 0.61088 2.4235
-0.0800021 0.879609 2.31923
0.0388733 0.940086 2.21987
-0.251237 0.886185 2.33989
-0.464589 0.781853 2.51085
-0.630485 0.555142 2.5833
-0.679346 0.501451 2.60699
0.0877871 0.742008 2.37008
0.137384 0.522824 2.47666
0.182941 0.232247 2.53236
0.188412 0.166754 2.52959
-0.280055 0.33513 2.47887
-0.313839 -0.130183 2.6125
-0.319324 -0.496763 2.6902
-0.332366 -0.583855 2.58625
-0.11998 0.304911 2.48982
-0.052126 -0.110614 2.59867
-0.0134615 -0.498122 2.67812
0.0136817 -0.569806 2.5805
-0.0960031 0.814396 2.34679
-0.719463 0.438472 2.62801
-0.672658 0.502231 2.5132
0.191101 0.0770106 2.50347
0.200236 0.108243 2.50689
-0.212553 0.319967 2.52039
-0.133262 0.597519 2.42638
-0.0433576 0.858266 2.32341
0.0782181 0.913824 2.22461
-0.230382 0.894075 2.34282
-0.459646 0.791332 2.50961
-0.626945 0.616488 2.56828
-0.681917 0.546441 2.59502
0.0948956 0.727555 2.37439
0.141555 0.500151 2.47861
0.189984 0.228317 2.53906
0.196588 0.131976 2.53499
-0.288206 0.334431 2.47829
-0.318856 -0.130331 2.61025
-0.32154 -0.497399 2.68909
-0.332784 -0.584735 2.58452
-0.130802 0.294189 2.48829
-0.0580199 -0.114499 2.59947
-0.013526 -0.498435 2.67834
0.0134866 -0.569219 2.58111
-0.0662592 0.794784 2.35114
-0.731552 0.480415 2.61376
-0.67855 0.544189 2.51331
0.198326 0.0441758 2.50837
0.215671 0.141381 2.52729
-0.216583 0.31735 2.51906
-0.129912 0.593297 2.42671
-0.0378668 0.854995 2.32416
0.0857876 0.908103 2.22642
-0.224543 0.896293 2.34436
-0.461395 0.79323 2.51202
-0.628466 0.617581 2.56924
-0.685956 0.549452 2.59821
0.0956984 0.724254 2.37593
0.14502 0.48871 2.48413
0.191584 0.226175 2.5412
0.201309 0.133196 2.53515
-0.291928 0.333725 2.47655
-0.322575 -0.129183 2.60632
-0.322282 -0.497664 2.68925
-0.333195 -0.585419 2.58441
-0.135021 0.290409 2.48703
-0.0599212 -0.115989 2.59997
-0.0138426 -0.498452 2.67865
0.0129129 -0.569314 2.58158
-0.0609104 0.791164 2.35187
-0.73484 0.485278 2.61778
-0.690831 0.540409 2.51443
0.204862 0.0441011 2.50436
0.207665 0.159801 2.50229
-0.216261 0.317651 2.51858
-0.129457 0.593307 2.42698
-0.0393537 0.856404 2.32524
0.0699622 0.926025 2.22108
-0.223908 0.894725 2.34418
-0.462682 0.793282 2.51134
-0.628197 0.616464 2.56938
-0.684549 0.532583 2.59471
0.0956808 0.725556 2.37871
0.144682 0.498677 2.4844
0.192276 0.241935 2.54042
0.20139 0.17735 2.5268
-0.29169 0.334193 2.47546
-0.322718 -0.128729 2.6054
-0.322569 -0.497894 2.68898
-0.333214 -0.585326 2.58484
-0.134344 0.291061 2.48705
-0.0606219 -0.116121 2.59995
-0.0139686 -0.498518 2.67878
0.0140252 -0.570416 2.58053
-0.0615617 0.792061 2.35265
-0.736308 0.456631 2.62031
-0.692251 0.516693 2.52055
0.204183 0.0904431 2.49606
0.204478 0.152893 2.48456
-0.206346 0.322188 2.51378
-0.1313 0.603341 2.42134
-0.0655082 0.880617 2.31634
-0.0145208 0.97903 2.21648
-0.253739 0.883795 2.34554
-0.503463 0.735843 2.50859
-0.660798 0.517769 2.56723
-0.695619 0.446161 2.58565
0.0703436 0.770066 2.37544
0.140105 0.540404 2.48405
0.196172 0.238498 2.53466
0.20021 0.176469 2.52375
-0.285684 0.334347 2.46976
-0.32169 -0.129286 2.60404
-0.32237 -0.498095 2.68898
-0.332974 -0.584902 2.58545
-0.119549 0.30191 2.4832
-0.0587575 -0.113667 2.59876
-0.0146319 -0.497807 2.67904
0.0135941 -0.569411 2.58137
-0.0805395 0.813587 2.34377
-0.733711 0.373136 2.60761
-0.692567 0.437141 2.50233
0.206347 0.0870321 2.55668
0.195425 0.146321 2.46921
-0.198736 0.328034 2.50941
-0.155407 0.618967 2.42105
-0.138527 0.903995 2.32456
-0.0847428 0.997835 2.2139
-0.307051 0.89169 2.35192
-0.528723 0.702594 2.512
-0.660888 0.456386 2.55156
-0.689642 0.374875 2.57304
0.0423769 0.80817 2.36657
0.132919 0.562729 2.48484
0.18623 0.320494 2.5256
0.191949 0.227708 2.51991
-0.27988 0.334499 2.46777
-0.318818 -0.129821 2.60192
-0.322105 -0.497956 2.68884
-0.332837 -0.585143 2.58478
-0.111166 0.314455 2.4755
-0.0565096 -0.112506 2.59719
-0.0144679 -0.49826 2.67896
0.0142248 -0.571027 2.57931
-0.144881 0.835839 2.35063
-0.717991 0.300711 2.58458
-0.691237 0.369405 2.49257
0.200616 0.143005 2.556
0.188277 0.184919 2.47076
-0.195193 0.333325 2.50486
-0.176683 0.629657 2.42046
-0.170418 0.91495 2.32841
-0.160982 1.01364 2.21712
-0.357869 0.884114 2.36158
-0.535313 0.672071 2.50914
-0.649717 0.417472 2.55146
-0.670423 0.321108 2.56346
0.00637554 0.835072 2.357
0.118282 0.601336 2.48818
0.177973 0.358529 2.51953
0.184905 0.264578 2.51832
-0.276921 0.334625 2.46605
-0.316702 -0.129945 2.60037
-0.321518 -0.498033 2.6887
-0.333274 -0.585474 2.58452
-0.107925 0.325835 2.46746
-0.0537888 -0.112613 2.59543
-0.0142227 -0.497846 2.67805
0.0150686 -0.571897 2.57814
-0.171844 0.845443 2.35332
-0.691832 0.242735 2.57715
-0.670221 0.317782 2.48587
0.196259 0.177221 2.54507
0.179942 0.226673 2.468
-0.194904 0.335583 2.5009
-0.198954 0.633751 2.41903
-0.213428 0.919535 2.33059
-0.227712 1.01614 2.21945
-0.408015 0.859634 2.37294
-0.543302 0.636213 2.51047
-0.635997 0.387324 2.54964
-0.64792 0.288327 2.56294
-0.0356231 0.856748 2.35145
0.099475 0.64063 2.48953
0.171687 0.401754 2.52423
0.17923 0.308068 2.51383
-0.276419 0.33226 2.46336
-0.314623 -0.129924 2.59945
-0.320414 -0.498507 2.68896
-0.33291 -0.584232 2.58651
-0.107756 0.332245 2.46173
-0.0521339 -0.112667 2.59408
-0.0141084 -0.497953 2.67796
0.0153925 -0.573476 2.57653
-0.209769 0.84987 2.3546
-0.659654 0.213919 2.57853
-0.646502 0.27393 2.4892
0.185914 0.226211 2.5478
0.176899 0.275497 2.46214
-0.194571 0.334028 2.49729
-0.231021 0.62687 2.41911
-0.27781 0.907523 2.33402
-0.316964 1.01006 2.22831
-0.452266 0.823236 2.38164
-0.554901 0.575628 2.52061
-0.62181 0.324964 2.55654
-0.626039 0.22308 2.56852
-0.0924557 0.868205 2.34604
0.0820813 0.677659 2.49108
0.163539 0.427432 2.51118
0.170631 0.340588 2.49944
-0.274717 0.321406 2.46198
-0.311158 -0.128082 2.59798
-0.319274 -0.498045 2.68879
-0.333093 -0.584553 2.58637
-0.108121 0.335667 2.45521
-0.0492518 -0.114201 2.59046
-0.0136931 -0.499212 2.67848
0.0144849 -0.573162 2.57471
-0.266244 0.839074 2.35731
-0.627214 0.144235 2.58812
-0.626152 0.203793 2.5
0.182657 0.252645 2.52342
0.167894 0.328937 2.44567
-0.191636 0.328994 2.49589
-0.237898 0.622697 2.41985
-0.289424 0.904568 2.33515
-0.374607 0.999078 2.23438
-0.470861 0.802625 2.38797
-0.555168 0.54535 2.52138
-0.602537 0.302239 2.56109
-0.598973 0.202117 2.56924
-0.12697 0.870092 2.34099
0.064441 0.707111 2.48836
0.155471 0.470436 2.49321
0.158221 0.380342 2.48274
-0.269503 0.308003 2.46551
-0.307033 -0.131396 2.60053
-0.318849 -0.498839 2.68902
-0.333332 -0.584792 2.58606
-0.106671 0.335903 2.45178
-0.0471284 -0.114975 2.58826
-0.013722 -0.499016 2.67644
0.01493 -0.573102 2.57455
-0.276809 0.835761 2.35835
-0.597694 0.122431 2.58955
-0.59644 0.153514 2.50071
0.173 0.289475 2.50019
0.15249 0.361992 2.4205
-0.187888 0.324932 2.49666
-0.256786 0.614029 2.42428
-0.35052 0.889685 2.3438
-0.428289 0.981818 2.24242
-0.491855 0.763715 2.40017
-0.547911 0.531296 2.52066
-0.571679 0.254052 2.57058
-0.56406 0.153472 2.57959
-0.167736 0.868057 2.34239
0.0566082 0.719414 2.48693
0.148078 0.482463 2.4847
0.146855 0.394522 2.46444
-0.26334 0.299892 2.46923
-0.30447 -0.134278 2.60315
-0.318661 -0.498957 2.68893
-0.333631 -0.585226 2.58673
-0.105316 0.335778 2.45069
-0.0451087 -0.115286 2.58743
-0.0137038 -0.498711 2.67608
0.0151593 -0.573166 2.57472
-0.330405 0.821244 2.36664
-0.555905 0.0721463 2.59983
-0.558769 0.124441 2.51552
0.158462 0.301513 2.48681
0.160342 0.352261 2.439
-0.180443 0.31731 2.49919
-0.278173 0.606575 2.41105
-0.382659 0.885521 2.30703
-0.465809 0.968204 2.24762
-0.491221 0.749794 2.39989
-0.534188 0.501845 2.52075
-0.541766 0.261611 2.58826
-0.537168 0.165748 2.58995
-0.178205 0.8675 2.34233
0.0453043 0.736435 2.47746
0.13315 0.497845 2.4633
0.133475 0.415969 2.44117
-0.254586 0.290463 2.474
-0.300345 -0.135701 2.60571
-0.317375 -0.496787 2.68793
-0.333736 -0.585038 2.58738
-0.100945 0.333245 2.45044
-0.0409153 -0.114936 2.58604
-0.0135369 -0.498578 2.67544
0.0161965 -0.573213 2.57279
-0.357418 0.817245 2.33548
-0.511916 0.0815026 2.6311
-0.530303 0.106451 2.53594
0.142885 0.325706 2.46857
0.124497 0.419373 2.39281
-0.177925 0.315392 2.50019
-0.277171 0.604992 2.41665
-0.376472 0.883669 2.32518
-0.468827 0.968016 2.25161
-0.491397 0.745061 2.40198
-0.531632 0.500248 2.5226
-0.535845 0.258648 2.58629
-0.529134 0.152052 2.59281
-0.18041 0.867309 2.34297
0.0424968 0.740443 2.47463
0.12863 0.501253 2.45753
0.130448 0.415464 2.43526
-0.25211 0.287992 2.4753
-0.298743 -0.1359 2.60616
-0.317067 -0.495775 2.6875
-0.333657 -0.585165 2.58767
-0.0985227 0.332462 2.45078
-0.0387198 -0.114651 2.58583
-0.0125963 -0.498464 2.67482
0.0169809 -0.574235 2.57231
-0.352571 0.815562 2.34985
-0.510326 0.071427 2.62255
-0.523772 0.0906381 2.53038
0.140672 0.323033 2.45317
0.120807 0.418222 2.38635
-0.180069 0.315951 2.50105
-0.277304 0.606993 2.41828
-0.370854 0.888949 2.32745
-0.441835 0.994815 2.25562
-0.490697 0.759473 2.40479
-0.528683 0.515091 2.52329
-0.544823 0.228601 2.58009
-0.535213 0.126496 2.59767
-0.179913 0.867107 2.34356
0.0444408 0.731846 2.47559
0.128973 0.49216 2.4569
0.131502 0.404539 2.43914
-0.25492 0.289292 2.47707
-0.29875 -0.136263 2.60652
-0.316983 -0.495858 2.68737
-0.333801 -0.585438 2.58747
-0.100115 0.332745 2.45082
-0.0387655 -0.115976 2.58611
-0.0125592 -0.499163 2.67497
0.017427 -0.575419 2.5711
-0.348667 0.819927 2.35208
-0.525614 0.0465187 2.61646
-0.5381 0.118207 2.51806
0.139511 0.310893 2.45168
0.119581 0.386698 2.39041
-0.187887 0.321111 2.50006
-0.264792 0.622515 2.42904
-0.327266 0.916416 2.35287
-0.382952 1.02411 2.26227
-0.489644 0.770178 2.40352
-0.528656 0.53685 2.52478
-0.559053 0.293451 2.57541
-0.561361 0.19312 2.5856
-0.151751 0.872358 2.34733
0.0568113 0.701702 2.47624
0.128812 0.457904 2.46554
0.132756 0.372971 2.4456
-0.265385 0.297158 2.47478
-0.301837 -0.13321 2.60472
-0.316864 -0.496547 2.68749
-0.334312 -0.586675 2.58648
-0.105176 0.335734 2.45057
-0.0416718 -0.11552 2.58586
-0.012558 -0.499135 2.67416
0.0167371 -0.574544 2.57151
-0.312556 0.844773 2.37391
-0.554942 0.114529 2.60566
-0.559849 0.162659 2.51436
0.141089 0.278735 2.45045
0.11687 0.357181 2.39896
-0.200666 0.333825 2.4984
-0.24489 0.642933 2.43412
-0.272774 0.94335 2.36111
-0.294506 1.06311 2.2657
-0.454287 0.829613 2.3924
-0.532911 0.561482 2.53577
-0.580015 0.317112 2.56994
-0.59523 0.223588 2.58251
-0.0919937 0.874156 2.35917
0.0702032 0.659243 2.47982
0.136238 0.413928 2.47022
0.139299 0.322595 2.45392
-0.281079 0.318083 2.46832
-0.308014 -0.130302 2.60258
-0.317496 -0.497052 2.68863
-0.334322 -0.586398 2.58685
-0.114585 0.341277 2.45261
-0.0459788 -0.116764 2.58654
-0.0136123 -0.499237 2.67531
0.0161199 -0.574046 2.57236
-0.266762 0.870184 2.3814
-0.602324 0.137914 2.60137
-0.599448 0.218456 2.49954
0.146622 0.231022 2.45709
0.128663 0.297876 2.40365
-0.203612 0.338242 2.49713
-0.226885 0.651067 2.43434
-0.233711 0.95178 2.36228
-0.227081 1.07131 2.26657
-0.423253 0.859918 2.38343
-0.535042 0.598511 2.53281
-0.598761 0.356429 2.55813
-0.619103 0.263584 2.57349
-0.0503549 0.860887 2.36722
0.0729278 0.646083 2.47737
0.136769 0.376414 2.46995
0.140535 0.279692 2.45901
-0.285063 0.327324 2.46371
-0.311068 -0.129338 2.60239
-0.318352 -0.497802 2.68878
-0.3331 -0.584579 2.58822
-0.116597 0.341878 2.45375
-0.0486335 -0.116034 2.58743
-0.0141679 -0.498136 2.67462
0.0162906 -0.573249 2.57462
-0.232702 0.878533 2.3823
-0.628491 0.180172 2.58749
-0.622624 0.257109 2.4865
0.149221 0.191437 2.45875
0.136938 0.258524 2.40835
-0.20529 0.339822 2.49624
-0.207118 0.652287 2.43313
-0.19574 0.950877 2.35998
-0.158119 1.06547 2.26467
-0.373894 0.8839 2.3707
-0.526778 0.646118 2.5207
-0.609778 0.38781 2.55366
-0.637106 0.3024 2.56944
-0.0131859 0.845603 2.37435
0.0862102 0.602134 2.47671
0.138483 0.350715 2.47243
0.14032 0.253998 2.4643
-0.286787 0.333277 2.45949
-0.314101 -0.130539 2.60368
-0.318873 -0.498583 2.68878
-0.332995 -0.584422 2.58782
-0.118628 0.339777 2.4557
-0.0515591 -0.115735 2.5884
-0.0141236 -0.498441 2.67418
0.0155557 -0.573709 2.57425
-0.198876 0.878088 2.38032
-0.650023 0.222631 2.58155
-0.635038 0.30527 2.48625
0.143099 0.165228 2.46909
0.129708 0.212175 2.41247
-0.20466 0.338834 2.49743
-0.17488 0.643659 2.43302
-0.133679 0.935042 2.35363
-0.0661835 1.04418 2.26476
-0.317095 0.8909 2.35834
-0.516461 0.683001 2.51317
-0.625361 0.422704 2.54958
-0.655262 0.357024 2.57367
0.0284818 0.817952 2.38498
0.0923408 0.571045 2.47574
0.135148 0.320335 2.4869
0.133693 0.218753 2.47749
-0.284891 0.335665 2.45838
-0.317335 -0.130774 2.60483
-0.319798 -0.499684 2.68897
-0.333388 -0.584902 2.58749
-0.118517 0.328887 2.46459
-0.0550951 -0.11647 2.59173
-0.0147368 -0.499217 2.67545
0.0159909 -0.574422 2.5737
-0.144263 0.863989 2.37572
-0.676469 0.283099 2.59509
-0.647915 0.372601 2.48169
0.131459 0.131668 2.46423
0.113829 0.16914 2.42767
-0.204769 0.334065 2.50053
-0.154002 0.630371 2.43277
-0.0937806 0.914264 2.35011
-0.00826387 1.01883 2.25886
-0.275903 0.887762 2.34937
-0.505414 0.706562 2.51058
-0.623374 0.477352 2.54487
-0.656244 0.402084 2.57015
0.0435701 0.798414 2.38917
0.0968993 0.558425 2.47261
0.134042 0.287702 2.49237
0.129903 0.188538 2.48457
-0.28476 0.335653 2.45813
-0.318905 -0.130334 2.60553
-0.321304 -0.500372 2.68959
-0.333726 -0.584808 2.58663
-0.11903 0.318 2.47256
-0.0570729 -0.116964 2.59351
-0.0139878 -0.500101 2.67512
0.0170428 -0.57602 2.57234
-0.109025 0.845019 2.37296
-0.684275 0.324506 2.59326
-0.654646 0.405859 2.48008
0.125882 0.0988505 2.47228
0.108815 0.135447 2.43648
-0.207847 0.327873 2.505
-0.146615 0.624161 2.43303
-0.0783192 0.906851 2.34753
0.0359533 0.994585 2.25456
-0.249179 0.883468 2.34597
-0.494283 0.73361 2.50759
-0.625142 0.506728 2.54637
-0.660031 0.439267 2.57006
0.0696428 0.758084 2.39418
0.101098 0.52477 2.48047
0.132978 0.274933 2.49845
0.126484 0.174698 2.50084
-0.285525 0.335575 2.4585
-0.320253 -0.130553 2.60598
-0.32184 -0.500318 2.68962
-0.333331 -0.584976 2.58711
-0.12395 0.306276 2.47965
-0.0596117 -0.11795 2.59562
-0.0138783 -0.499631 2.67517
0.0161672 -0.574762 2.57518
-0.0955453 0.837866 2.37114
-0.687731 0.368582 2.58808
-0.656323 0.444814 2.47991
0.119522 0.085068 2.46921
0.109512 0.108295 2.44582
-0.214364 0.322164 2.50956
-0.142204 0.617372 2.43197
-0.0738224 0.902222 2.33996
0.0636251 0.963988 2.25616
-0.235531 0.883912 2.34481
-0.477248 0.765797 2.50006
-0.633791 0.535356 2.54774
-0.671296 0.482226 2.5713
0.0752993 0.748806 2.39428
0.100335 0.514862 2.4808
0.132236 0.216098 2.51148
0.122551 0.124035 2.50629
-0.290323 0.335074 2.4608
-0.323589 -0.130984 2.60683
-0.322219 -0.500458 2.68953
-0.333591 -0.585705 2.58561
-0.131518 0.297285 2.48467
-0.0623402 -0.12254 2.5997
-0.013643 -0.50098 2.67435
0.0170815 -0.576639 2.57304
-0.0893799 0.831388 2.36518
-0.702726 0.411411 2.59232
-0.670049 0.486752 2.4865
0.12196 0.0353463 2.51022
0.112626 0.0794495 2.45704
-0.220772 0.31873 2.51378
-0.141392 0.611335 2.43283
-0.0594191 0.889172 2.33775
0.0791726 0.946539 2.25376
-0.222701 0.88315 2.34383
-0.471704 0.7792 2.50006
-0.634292 0.577591 2.5542
-0.682529 0.512916 2.57894
0.07609 0.74499 2.39431
0.100238 0.506282 2.48099
0.131384 0.216299 2.51542
0.128561 0.123682 2.51017
-0.296696 0.333905 2.46486
-0.327506 -0.131024 2.60825
-0.323216 -0.500469 2.68959
-0.333696 -0.58545 2.58491
-0.13797 0.293118 2.48836
-0.0659539 -0.121888 2.60175
-0.0139276 -0.500053 2.67417
0.0171651 -0.575863 2.57746
-0.0796322 0.821091 2.36396
-0.716378 0.441347 2.59247
-0.677868 0.516771 2.49071
0.123626 0.0369379 2.48401
0.109708 0.119277 2.49547
-0.221417 0.318606 2.5145
-0.142607 0.610568 2.4323
-0.0608495 0.887371 2.3356
0.0683998 0.95212 2.24503
-0.224951 0.882983 2.34355
-0.472871 0.779813 2.50145
-0.649464 0.55964 2.56058
-0.685465 0.494836 2.5799
0.077233 0.743102 2.39398
0.100986 0.508372 2.48091
0.133608 0.21439 2.51639
0.132889 0.1288 2.50404
-0.297771 0.334232 2.46577
-0.328506 -0.131247 2.60876
-0.323684 -0.500702 2.69025
-0.33388 -0.585857 2.58408
-0.138323 0.29287 2.48894
-0.066468 -0.123018 2.60303
-0.0138797 -0.500152 2.67416
0.0170047 -0.575898 2.57721
-0.0820131 0.820301 2.36206
-0.723627 0.421712 2.59931
-0.687697 0.491073 2.49473
0.134084 0.0364137 2.5165
0.124699 0.0866595 2.45728
-0.213338 0.321262 2.51213
-0.141736 0.611612 2.43171
-0.0703227 0.89226 2.33848
0.0120549 0.989148 2.23512
-0.242962 0.882174 2.34304
-0.49493 0.74414 2.51044
-0.648372 0.523238 2.5619
-0.676587 0.45098 2.57826
0.0671784 0.765989 2.38562
0.10691 0.537117 2.47857
0.140229 0.22112 2.50972
0.136907 0.160808 2.49301
-0.292367 0.334804 2.46396
-0.327176 -0.131284 2.60867
-0.323871 -0.500922 2.69007
-0.333182 -0.585112 2.58566
-0.127311 0.298713 2.48561
-0.0653154 -0.121846 2.60202
-0.0126895 -0.499631 2.67312
0.0184761 -0.577725 2.57355
-0.086968 0.823533 2.36359
-0.710162 0.370243 2.59756
-0.67769 0.448304 2.49806
0.139051 0.0650099 2.51689
0.12706 0.115944 2.43733
-0.20183 0.328179 2.50689
-0.149796 0.622129 2.42853
-0.109927 0.910791 2.33865
-0.0573422 1.02077 2.23865
-0.286729 0.891292 2.35081
-0.504607 0.713423 2.51189
-0.636391 0.449973 2.55484
-0.658217 0.385379 2.57243
0.0561339 0.796358 2.37812
0.10925 0.561177 2.48339
0.147822 0.301741 2.50249
0.141402 0.210598 2.48337
-0.282305 0.335815 2.46237
-0.323214 -0.132069 2.60799
-0.323337 -0.501243 2.69039
-0.333243 -0.585276 2.58539
-0.114845 0.312616 2.47559
-0.0598903 -0.115521 2.59809
-0.0133224 -0.498366 2.67357
0.0173379 -0.573428 2.57958
-0.119057 0.840557 2.36284
-0.681221 0.29831 2.58899
-0.663271 0.380326 2.48587
0.138663 0.111453 2.49515
0.130986 0.168528 2.43232
-0.191311 0.336369 2.4971
-0.167086 0.639602 2.42453
-0.153884 0.934742 2.34232
-0.147384 1.04563 2.24667
-0.343954 0.886177 2.368
-0.510049 0.670733 2.51594
-0.614288 0.413053 2.55352
-0.629829 0.32411 2.56386
0.0184149 0.839139 2.36619
0.109761 0.594238 2.48587
0.151246 0.342204 2.49158
0.145447 0.252875 2.46741
-0.272586 0.336477 2.457
-0.314644 -0.131786 2.6049
-0.320608 -0.499425 2.68962
-0.332477 -0.584656 2.58641
-0.104327 0.328555 2.46111
-0.0535844 -0.112156 2.59345
-0.013892 -0.499526 2.67605
0.0170576 -0.57332 2.57813
-0.15684 0.862858 2.36468
-0.647346 0.239506 2.57394
-0.633552 0.321308 2.48608
0.144235 0.159725 2.48876
0.134571 0.229199 2.41268
-0.187748 0.338002 2.49169
-0.18154 0.644824 2.42327
-0.187051 0.94213 2.3472
-0.21388 1.04984 2.25242
-0.386785 0.866325 2.38243
-0.509608 0.634032 2.5217
-0.597623 0.389708 2.55293
-0.612882 0.291287 2.56383
-0.0128558 0.85785 2.35878
0.106087 0.628166 2.48793
0.150436 0.369995 2.47989
0.149258 0.280153 2.45764
-0.268584 0.33393 2.45365
-0.30918 -0.131921 2.60143
-0.319412 -0.499414 2.68842
-0.332381 -0.584679 2.58671
-0.100998 0.33394 2.4534
-0.0478927 -0.111666 2.58999
-0.0135155 -0.499522 2.67595
0.0175009 -0.573984 2.57593
-0.185577 0.869644 2.36799
-0.624469 0.214641 2.57732
-0.621308 0.268456 2.4787
0.150527 0.186338 2.48041
0.139225 0.271654 2.40924
-0.185797 0.33753 2.48875
-0.202636 0.64367 2.42249
-0.231566 0.938322 2.34913
-0.279351 1.0431 2.2584
-0.415337 0.847242 2.39194
-0.515779 0.582776 2.52966
-0.588946 0.325829 2.55832
-0.59483 0.228708 2.56875
-0.0514645 0.87023 2.35262
0.106253 0.651981 2.48633
0.152081 0.402064 2.47142
0.15462 0.314174 2.45411
-0.265763 0.329509 2.45276
-0.304901 -0.132278 2.59971
-0.318007 -0.496847 2.68623
-0.332304 -0.58514 2.58646
-0.0993883 0.336449 2.44732
-0.0437751 -0.111134 2.58799
-0.0114087 -0.497956 2.67623
0.0172501 -0.571785 2.57772
-0.224397 0.866467 2.3694
-0.599627 0.144501 2.58424
-0.612 0.211248 2.48233
0.158393 0.225408 2.47411
0.148137 0.306387 2.39671
-0.181326 0.330395 2.48781
-0.227335 0.632148 2.42268
-0.28373 0.922174 2.34702
-0.362063 1.0191 2.26321
-0.44646 0.804274 2.40736
-0.515563 0.54878 2.53178
-0.563181 0.294025 2.56548
-0.566421 0.194593 2.57246
-0.107106 0.872545 2.34244
0.0972969 0.692414 2.47629
0.155757 0.427083 2.46334
0.157849 0.352601 2.44932
-0.258078 0.311488 2.45959
-0.300184 -0.131859 2.5989
-0.316755 -0.495763 2.68515
-0.332488 -0.585399 2.58664
-0.0974804 0.335813 2.44262
-0.0399371 -0.112455 2.58634
-0.0118671 -0.496868 2.67559
0.0171731 -0.571798 2.57758
-0.269788 0.851294 2.36805
-0.566059 0.116395 2.58679
-0.574249 0.172044 2.48758
0.163816 0.258409 2.46445
0.147852 0.354721 2.39739
-0.174798 0.325882 2.48785
-0.235397 0.627692 2.42202
-0.303835 0.916244 2.34472
-0.411541 1.00071 2.26426
-0.457789 0.773974 2.4135
-0.5124 0.522133 2.53776
-0.549172 0.275303 2.56829
-0.545507 0.170351 2.578
-0.1241 0.873178 2.34124
0.0892389 0.714187 2.46999
0.157913 0.46933 2.4596
0.158691 0.380712 2.44561
-0.249618 0.303245 2.4646
-0.297114 -0.132703 2.60048
-0.316213 -0.494706 2.68543
-0.332787 -0.585479 2.58654
-0.0928603 0.335729 2.43819
-0.037633 -0.11327 2.58537
-0.0119563 -0.497144 2.6758
0.0169348 -0.572498 2.57607
-0.286896 0.845721 2.36617
-0.540447 0.0951911 2.58724
-0.558766 0.134142 2.50645
0.167598 0.286183 2.46977
0.146397 0.377102 2.392
-0.167108 0.3194 2.49091
-0.251376 0.615739 2.42094
-0.344768 0.897929 2.33721
-0.450478 0.982004 2.26416
-0.463021 0.757728 2.41535
-0.50717 0.508287 2.53895
-0.530953 0.261924 2.58033
-0.527368 0.156191 2.58719
-0.132316 0.87167 2.34064
0.0799046 0.726967 2.46634
0.15694 0.484587 2.45535
0.159633 0.403623 2.43482
-0.241124 0.294158 2.46963
-0.292016 -0.13404 2.6028
-0.316062 -0.494217 2.68559
-0.333156 -0.585403 2.58606
-0.0879307 0.333648 2.43852
-0.0339127 -0.114104 2.58428
-0.0109964 -0.496824 2.67397
0.0184826 -0.574329 2.57407
-0.321376 0.829075 2.36051
-0.515649 0.0802577 2.60126
-0.531779 0.130016 2.51594
0.173662 0.308522 2.46652
0.150182 0.398107 2.38344
-0.160099 0.316654 2.49391
-0.253843 0.612162 2.42144
-0.350641 0.893075 2.33697
-0.473732 0.963624 2.26741
-0.461224 0.75416 2.41493
-0.501045 0.508934 2.53505
-0.518707 0.262663 2.57946
-0.520855 0.158263 2.58759
-0.152617 0.86879 2.33767
0.0727241 0.737153 2.46228
0.153307 0.495951 2.44602
0.159807 0.415015 2.4274
-0.234243 0.290332 2.47388
-0.287649 -0.137331 2.60475
-0.316182 -0.49362 2.68571
-0.333191 -0.585213 2.58617
-0.0810892 0.332741 2.4398
-0.0315493 -0.114639 2.58489
-0.0103525 -0.497367 2.67379
0.0191646 -0.575247 2.57357
-0.326722 0.824466 2.36033
-0.510828 0.0788936 2.59541
-0.523525 0.113737 2.52726
0.172856 0.323725 2.4624
0.151541 0.411596 2.37758
-0.157291 0.315482 2.49596
-0.254543 0.610455 2.42192
-0.352111 0.891301 2.3367
-0.468444 0.965868 2.26418
-0.460568 0.752512 2.41482
-0.49763 0.508576 2.53365
-0.521422 0.220422 2.57656
-0.51883 0.118639 2.58174
-0.154836 0.86775 2.33761
0.0726216 0.739204 2.46214
0.153625 0.498212 2.44322
0.159211 0.412522 2.42951
-0.231573 0.289042 2.47615
-0.28495 -0.137724 2.60534
-0.31582 -0.493491 2.68577
-0.333416 -0.58497 2.58604
-0.0782953 0.332068 2.44128
-0.0333938 -0.113013 2.58592
-0.0102427 -0.49736 2.67397
0.019349 -0.575171 2.57393
-0.328148 0.822726 2.36018
-0.509537 0.0371753 2.60905
-0.543071 0.0940139 2.49664
0.173507 0.320913 2.45245
0.148303 0.410744 2.3794
-0.160589 0.31739 2.49764
-0.253992 0.612459 2.42227
-0.341851 0.898716 2.33572
-0.418437 0.996482 2.25801
-0.461098 0.758551 2.4156
-0.497151 0.515708 2.53289
-0.526349 0.230348 2.56949
-0.527453 0.135501 2.57949
-0.150637 0.868781 2.33656
0.0758539 0.729073 2.46229
0.154749 0.487313 2.44736
0.155755 0.396183 2.43335
-0.235612 0.292444 2.47785
-0.285463 -0.1365 2.60515
-0.315923 -0.493162 2.68588
-0.333446 -0.584754 2.5864
-0.0809041 0.332923 2.44283
-0.0312502 -0.115399 2.58774
-0.010479 -0.496672 2.67519
0.0184366 -0.573999 2.57475
-0.321276 0.828558 2.35963
-0.520989 0.0472474 2.59615
-0.554104 0.125264 2.49011
0.168614 0.304481 2.44933
0.146355 0.376109 2.3866
-0.17343 0.325196 2.49713
-0.240664 0.626334 2.42366
-0.291472 0.92113 2.34003
-0.353232 1.02614 2.25542
-0.452893 0.798243 2.40611
-0.497905 0.540559 2.53022
-0.536774 0.292759 2.55819
-0.541688 0.191329 2.57011
-0.115436 0.874879 2.33392
0.0862765 0.689919 2.46288
0.152425 0.442779 2.4519
0.149764 0.349388 2.43632
-0.251894 0.305408 2.47333
-0.289554 -0.134133 2.60554
-0.315875 -0.492884 2.68573
-0.333609 -0.585128 2.58598
-0.0902972 0.336273 2.44535
-0.0320814 -0.115609 2.58912
-0.0109495 -0.497028 2.6761
0.0180193 -0.574289 2.57401
-0.279822 0.849408 2.36302
-0.538509 0.109713 2.58495
-0.561695 0.170369 2.48756
0.161199 0.25642 2.43748
0.137314 0.336347 2.38833
-0.185508 0.335932 2.4941
-0.217801 0.644279 2.42455
-0.232993 0.943227 2.34598
-0.268826 1.05399 2.25035
-0.425454 0.843669 2.39075
-0.50029 0.581337 2.53601
-0.54799 0.328388 2.55411
-0.561385 0.240388 2.55966
-0.0619479 0.869405 2.33943
0.0886807 0.658662 2.46593
0.138455 0.395121 2.45771
0.136298 0.302811 2.44187
-0.266476 0.323057 2.46578
-0.297526 -0.134396 2.60656
-0.316139 -0.494233 2.68651
-0.334036 -0.585212 2.58646
-0.0992401 0.340473 2.44635
-0.0381426 -0.114004 2.58924
-0.0111363 -0.496789 2.67536
0.0178653 -0.573837 2.57459
-0.229919 0.870485 2.36754
-0.56643 0.151209 2.57296
-0.580416 0.240501 2.47864
0.136904 0.210004 2.43996
0.119304 0.283836 2.39337
-0.193747 0.340068 2.49069
-0.203897 0.648432 2.42416
-0.194271 0.945334 2.34927
-0.204077 1.05879 2.25352
-0.394216 0.86872 2.3851
-0.499239 0.611448 2.53766
-0.559101 0.359224 2.54699
-0.579791 0.277048 2.55366
-0.0232372 0.857061 2.34815
0.0883365 0.623438 2.46939
0.132312 0.373286 2.46448
0.124845 0.27585 2.45205
-0.274844 0.331311 2.45977
-0.30425 -0.131639 2.60512
-0.316707 -0.495446 2.68768
-0.333867 -0.585047 2.58667
-0.107471 0.340179 2.44581
-0.0441831 -0.113467 2.58805
-0.0113768 -0.496646 2.67543
0.0179953 -0.574085 2.57408
-0.197445 0.873128 2.36983
-0.588784 0.192863 2.55832
-0.598295 0.280016 2.467
0.12535 0.190998 2.45283
0.109044 0.24607 2.40517
-0.197486 0.340525 2.48918
-0.1855 0.648153 2.42447
-0.1577 0.943381 2.35054
-0.141102 1.05772 2.25309
-0.353131 0.888501 2.37619
-0.493567 0.644168 2.53432
-0.572747 0.397195 2.54317
-0.599569 0.320832 2.54819
0.00813839 0.837536 2.35662
0.0879204 0.598816 2.46572
0.124095 0.341658 2.47321
0.117034 0.243847 2.46467
-0.278089 0.33526 2.45647
-0.309814 -0.130807 2.60331
-0.317805 -0.496102 2.68802
-0.333498 -0.58479 2.58671
-0.113102 0.33618 2.44635
-0.0485508 -0.113417 2.58751
-0.0118917 -0.497446 2.67611
0.018642 -0.575221 2.57356
-0.164901 0.871397 2.37104
-0.61453 0.232514 2.55037
-0.608972 0.33282 2.46343
0.116612 0.158752 2.45609
0.0993643 0.197 2.41524
-0.199145 0.339083 2.48937
-0.170525 0.64315 2.42666
-0.129206 0.93483 2.35401
-0.0783066 1.04253 2.25542
-0.314347 0.896234 2.36963
-0.486332 0.67916 2.52594
-0.583176 0.425948 2.54098
-0.613056 0.359084 2.54752
0.0373972 0.813611 2.36905
0.0860073 0.570141 2.468
0.121211 0.29118 2.48526
0.110216 0.195697 2.47833
-0.27914 0.336938 2.4536
-0.313828 -0.131151 2.60367
-0.318644 -0.497132 2.68772
-0.333883 -0.585523 2.58564
-0.1161 0.328064 2.45186
-0.0532001 -0.112514 2.58676
-0.0124049 -0.497341 2.67522
0.0180679 -0.574414 2.57507
-0.13979 0.863701 2.37423
-0.628948 0.274755 2.54866
-0.620534 0.372686 2.46417
0.110017 0.105019 2.48445
0.0952632 0.139798 2.42344
-0.201568 0.333566 2.49175
-0.154051 0.632638 2.42913
-0.0968562 0.919931 2.35442
-0.0263097 1.02256 2.25783
-0.275937 0.89019 2.36134
-0.482755 0.697631 2.52435
-0.590568 0.470382 2.54035
-0.617656 0.401581 2.54808
0.0527478 0.789213 2.3783
0.0888537 0.553433 2.46739
0.117378 0.261882 2.49634
0.105413 0.163805 2.49051
-0.280152 0.336779 2.45271
-0.317522 -0.131857 2.60493
-0.319892 -0.498061 2.68769
-0.334283 -0.586223 2.58497
-0.117982 0.315811 2.4599
-0.0572571 -0.114699 2.58795
-0.0118714 -0.498479 2.6746
0.0176588 -0.575806 2.57374
-0.111325 0.849808 2.37526
-0.640214 0.318645 2.55744
-0.622463 0.41445 2.46367
0.103032 0.0854755 2.4794
0.0798521 0.12731 2.45908
