-0.152295 0.0156769 2.22941
-0.169261 0.30493 2.18784
-0.185425 0.583905 2.13407
-0.183487 0.730272 2.11078
-0.332663 0.453779 2.12208
-0.369162 0.190867 2.14647
-0.421548 -0.0209754 2.1305
-0.429743 -0.0514799 2.12987
-0.0156965 0.472349 2.16063
0.0466452 0.22102 2.20038
0.128639 0.0182753 2.18604
0.129771 -0.0407459 2.18504
-0.221177 0.0104447 2.18747
-0.233603 -0.271707 2.28065
-0.239102 -0.549387 2.36985
-0.221032 -0.604099 2.24875
-0.0787037 0.0203558 2.20236
-0.0367441 -0.26594 2.29229
-0.012239 -0.535406 2.37718
0.0027109 -0.590287 2.25588
-0.181625 0.515605 2.14961
-0.445498 -0.13183 2.14947
-0.449876 -0.0815483 2.12607
0.139887 -0.0950815 2.20457
0.113278 -0.0414205 2.15079
-0.152451 0.0155528 2.22898
-0.169358 0.304788 2.18745
-0.185396 0.583824 2.13386
-0.183813 0.729767 2.1102
-0.332838 0.453646 2.12195
-0.369126 0.190642 2.14656
-0.421715 -0.0211615 2.13131
-0.428932 -0.0533802 2.12964
-0.0161363 0.47238 2.15944
0.0460401 0.221028 2.19977
0.127849 0.0182375 2.18382
0.128909 -0.0404344 2.18527
-0.221366 0.0103127 2.18726
-0.233978 -0.271995 2.28064
-0.239467 -0.54873 2.36965
-0.221717 -0.603464 2.2485
-0.0787976 0.0202544 2.20164
-0.0367258 -0.265511 2.29149
-0.012306 -0.535535 2.3769
0.00231976 -0.590428 2.25555
-0.181623 0.515507 2.14936
-0.445401 -0.132101 2.14269
-0.447856 -0.0530675 2.12619
0.139652 -0.0949111 2.20074
0.11009 -0.037756 2.14855
-0.152662 0.015356 2.22869
-0.169669 0.304671 2.18717
-0.185727 0.583832 2.13368
-0.184004 0.729846 2.11015
-0.333289 0.453435 2.12194
-0.369144 0.190509 2.14643
-0.421625 -0.0213251 2.13139
-0.428653 -0.0508382 2.12924
-0.0164927 0.472307 2.15894
0.0456397 0.220557 2.19912
0.127342 0.0177243 2.18316
0.128927 -0.0402882 2.18651
-0.221617 0.0101311 2.18709
-0.233943 -0.271948 2.28042
-0.239708 -0.547476 2.36948
-0.222109 -0.602231 2.24831
-0.0789414 0.0200622 2.2012
-0.0366525 -0.266882 2.29216
-0.0125465 -0.536045 2.37673
0.00192798 -0.590936 2.25537
-0.181942 0.51548 2.14914
-0.441313 -0.129711 2.13824
-0.445891 -0.0564667 2.09729
0.140714 -0.0951362 2.21147
0.110986 -0.0432956 2.14851
-0.152827 0.0151282 2.22818
-0.169872 0.304503 2.18675
-0.185863 0.583755 2.13344
-0.184398 0.729744 2.10962
-0.334073 0.453136 2.12167
-0.369355 0.190673 2.14588
-0.421474 -0.0212658 2.13141
-0.428465 -0.0531441 2.12605
-0.0169487 0.472125 2.15813
0.0453896 0.220443 2.19841
0.127143 0.0176178 2.18297
0.125562 -0.0139864 2.18349
-0.221807 0.00997025 2.18692
-0.234055 -0.271703 2.28003
-0.23956 -0.547337 2.3693
-0.222145 -0.602095 2.24811
-0.0790458 0.0197813 2.20021
-0.036828 -0.266684 2.29179
-0.0128991 -0.535436 2.37683
0.00139768 -0.590337 2.25543
-0.182095 0.51538 2.14886
-0.443333 -0.13178 2.13752
-0.448282 -0.0890738 2.12829
0.139718 -0.0919447 2.2018
0.109118 -0.0280366 2.14825
-0.154138 0.0146854 2.22722
-0.170427 0.304279 2.18635
-0.186023 0.583694 2.13342
-0.184886 0.729513 2.10953
-0.334669 0.452928 2.12163
-0.369591 0.19149 2.14517
-0.42079 -0.0206764 2.1301
-0.427417 -0.0537781 2.12344
-0.01727 0.471959 2.15753
0.0451827 0.220241 2.19802
0.127161 0.017505 2.18273
0.125948 -0.0128546 2.18198
-0.223121 0.00960983 2.1862
-0.233881 -0.272193 2.28021
-0.239358 -0.548259 2.36939
-0.222134 -0.602989 2.24816
-0.0803512 0.0192691 2.19911
-0.0370224 -0.267631 2.29191
-0.0128226 -0.535825 2.37683
0.00128518 -0.590705 2.2554
-0.182301 0.515294 2.14877
-0.443014 -0.131397 2.13123
-0.44558 -0.0827684 2.12333
0.141285 -0.0909802 2.2027
0.110061 -0.0311406 2.14708
-0.155238 0.0140279 2.22607
-0.171009 0.303886 2.18565
-0.186112 0.583484 2.13306
-0.185043 0.729417 2.10958
-0.334686 0.452871 2.12144
-0.369652 0.190975 2.14437
-0.420905 -0.0211537 2.1282
-0.427443 -0.0525006 2.12019
-0.0173277 0.471743 2.15681
0.0449955 0.220002 2.19739
0.127093 0.0173216 2.18174
0.125173 -0.0133874 2.17971
-0.224419 0.00918323 2.185
-0.233794 -0.27264 2.28019
-0.239399 -0.54801 2.36929
-0.222344 -0.602731 2.24802
-0.0812439 0.0184301 2.19808
-0.0368188 -0.267462 2.29112
-0.0132644 -0.536177 2.37671
0.000679763 -0.591039 2.25524
-0.182496 0.515054 2.14835
-0.442029 -0.130822 2.13132
-0.446785 -0.0533504 2.1185
0.13869 -0.0930269 2.19745
0.110143 -0.0380673 2.14464
-0.155402 0.0140361 2.226
-0.170872 0.303823 2.18544
-0.184889 0.583431 2.13261
-0.181886 0.728926 2.10824
-0.333976 0.452999 2.12094
-0.369757 0.19196 2.14343
-0.420988 -0.0201779 2.12717
-0.431408 -0.0468721 2.12213
-0.0165092 0.471098 2.15633
0.045001 0.219218 2.19716
0.127091 0.016547 2.18111
0.125182 -0.0150338 2.18382
-0.2245 0.00922851 2.1848
-0.234471 -0.272309 2.27973
-0.239509 -0.547881 2.36925
-0.222459 -0.602622 2.248
-0.0815601 0.018395 2.19815
-0.0370195 -0.26803 2.29092
-0.0137903 -0.536762 2.37679
0.000154465 -0.591635 2.25533
-0.181663 0.51499 2.14794
-0.449034 -0.126539 2.13676
-0.454221 -0.0649268 2.1204
0.13864 -0.0929941 2.19682
0.109959 -0.0378389 2.14743
-0.156292 0.0146424 2.22638
-0.165053 0.304772 2.18467
-0.164493 0.58466 2.12934
-0.151906 0.729015 2.10617
-0.319122 0.458502 2.11396
-0.370372 0.196235 2.14211
-0.435205 -0.0120166 2.12547
-0.448314 -0.0243444 2.12487
-0.0038169 0.46627 2.15651
0.0446484 0.215333 2.19937
0.126959 0.0127547 2.1842
0.12521 -0.0188865 2.19174
-0.225245 0.0109499 2.18388
-0.240319 -0.265631 2.27518
-0.240386 -0.547518 2.36924
-0.22117 -0.602356 2.24841
-0.0831575 0.018139 2.20042
-0.0394389 -0.272731 2.29335
-0.0148617 -0.537945 2.37708
0.00125187 -0.592895 2.25606
-0.165167 0.516176 2.14533
-0.470957 -0.10144 2.13621
-0.464851 0.00965599 2.11225
0.146944 -0.0987779 2.19428
0.0982981 -0.0258702 2.18587
-0.158452 0.0140543 2.22962
-0.153068 0.303327 2.18417
-0.134287 0.581849 2.12295
-0.106302 0.723564 2.10396
-0.304798 0.459627 2.10165
-0.372925 0.204065 2.13932
-0.458481 0.00361895 2.12352
-0.467575 0.00123413 2.12134
0.0204543 0.453464 2.16081
0.0464443 0.208139 2.20209
0.124262 0.00381296 2.19427
0.131539 -0.0638887 2.19934
-0.226 0.0119812 2.18425
-0.244343 -0.261865 2.27408
-0.242644 -0.548266 2.36966
-0.244693 -0.633015 2.32862
-0.0871806 0.0143112 2.20859
-0.0430788 -0.280369 2.29618
-0.0172317 -0.54103 2.37765
0.00302638 -0.596314 2.25775
-0.139411 0.513647 2.14057
-0.495486 -0.0761384 2.1334
-0.483921 0.0265589 2.10755
0.155554 -0.125458 2.20456
0.108658 -0.0600909 2.18363
-0.161791 0.00954195 2.2391
-0.132582 0.295735 2.18666
-0.0909358 0.571223 2.11791
-0.0485535 0.703797 2.09979
-0.25408 0.466946 2.09261
-0.377001 0.207924 2.13715
-0.48287 0.0176692 2.12204
-0.487901 0.0300446 2.12007
0.0455735 0.429258 2.16302
0.0548194 0.196021 2.20389
0.12198 -0.0115319 2.20689
0.135398 -0.0937972 2.21523
-0.227978 0.0123981 2.18878
-0.250629 -0.258647 2.27569
-0.245547 -0.548048 2.37157
-0.218931 -0.604314 2.25343
-0.0909572 0.00418297 2.22179
-0.0475896 -0.284733 2.29907
-0.0187717 -0.542069 2.37852
0.00472815 -0.598396 2.26019
-0.101634 0.503705 2.13747
-0.520363 -0.0381851 2.12862
-0.51411 -0.00994389 2.09333
0.163167 -0.181018 2.23504
0.124952 -0.111855 2.17828
-0.162281 -0.000456421 2.25534
-0.109284 0.283057 2.19134
-0.0469352 0.554714 2.11222
0.0159191 0.673313 2.09564
-0.215531 0.45919 2.08143
-0.383543 0.221377 2.12868
-0.50697 0.0422657 2.11203
-0.525832 0.0366688 2.11703
0.0700596 0.394715 2.16557
0.0697026 0.16999 2.20479
0.117865 -0.042036 2.2151
0.133742 -0.124103 2.22506
-0.228541 0.00676259 2.20209
-0.253582 -0.255413 2.28018
-0.247841 -0.550822 2.37632
-0.218954 -0.608983 2.26031
-0.0911628 -0.00830783 2.23974
-0.0547061 -0.289025 2.30558
-0.019718 -0.543987 2.37986
0.00604207 -0.60221 2.26366
-0.0628884 0.488205 2.13449
-0.544715 0.000532954 2.12055
-0.53492 0.0562574 2.08978
0.154711 -0.211214 2.23119
0.124279 -0.141664 2.18755
-0.167185 -0.00993509 2.27414
-0.0872185 0.264821 2.1979
0.000386343 0.526174 2.1067
0.0810026 0.630379 2.09465
-0.171323 0.444129 2.07324
-0.379661 0.25123 2.11467
-0.527454 0.0919152 2.09764
-0.539429 0.0793229 2.10225
0.0928369 0.35037 2.16756
0.0749602 0.138324 2.21218
0.107768 -0.0758443 2.22788
0.126675 -0.162272 2.23423
-0.232457 0.00142753 2.21978
-0.240148 -0.251666 2.291
-0.249778 -0.550931 2.37917
-0.220968 -0.61195 2.26545
-0.0968721 -0.0215878 2.26027
-0.0637115 -0.286506 2.3182
-0.0208136 -0.54351 2.38275
0.00486146 -0.604597 2.26884
-0.0216105 0.462229 2.13199
-0.5673 0.0428322 2.11568
-0.544138 0.099919 2.07388
0.143166 -0.244936 2.24465
0.118924 -0.18836 2.19768
-0.170632 -0.0141103 2.28755
-0.075424 0.252769 2.20339
0.0241002 0.507212 2.10541
0.108704 0.612491 2.09676
-0.150181 0.436661 2.07013
-0.371939 0.265529 2.1091
-0.524134 0.110286 2.09716
-0.537511 0.0996221 2.10572
0.104074 0.333008 2.16744
0.0794048 0.122683 2.21505
0.0923283 -0.0934902 2.23124
0.121241 -0.18609 2.24069
-0.235833 0.00150713 2.23487
-0.231623 -0.252549 2.30077
-0.250024 -0.550837 2.3795
-0.222417 -0.613707 2.26701
-0.100395 -0.0294648 2.27199
-0.063035 -0.266409 2.32698
-0.0198213 -0.541592 2.3863
0.00463347 -0.604564 2.2736
-0.000708672 0.44495 2.13232
-0.567302 0.063355 2.12643
-0.541449 0.121511 2.07987
0.13408 -0.262976 2.2513
0.113379 -0.211742 2.20429
-0.17355 -0.0154678 2.29632
-0.0726119 0.249862 2.20639
0.0298632 0.503318 2.1055
0.130773 0.600877 2.09939
-0.140989 0.433574 2.06997
-0.368163 0.272009 2.10827
-0.525601 0.122658 2.10883
-0.540017 0.118945 2.13334
0.112796 0.321813 2.16844
0.0834156 0.111636 2.21436
0.0885133 -0.104463 2.23316
0.116699 -0.198299 2.2427
-0.23846 0.00237727 2.24506
-0.22389 -0.252715 2.30754
-0.250286 -0.550776 2.37973
-0.223975 -0.614421 2.26753
-0.103491 -0.0327429 2.27918
-0.0549673 -0.274494 2.34527
-0.0185502 -0.54139 2.38844
0.00458884 -0.605144 2.27604
0.00423584 0.441413 2.13293
-0.568946 0.0881427 2.16569
-0.540711 0.141413 2.10175
0.126102 -0.275364 2.252
0.106831 -0.217209 2.20576
-0.172976 -0.0166223 2.30102
-0.0656978 0.245248 2.21073
0.0416395 0.497304 2.10849
0.140941 0.594924 2.10259
-0.131452 0.431509 2.07434
-0.369681 0.281239 2.11626
-0.531592 0.139095 2.13253
-0.546877 0.135571 2.1463
0.116985 0.31742 2.17107
0.085374 0.106777 2.21426
0.0766037 -0.108633 2.23683
0.104556 -0.201364 2.24645
-0.23726 0.0022861 2.25022
-0.234097 -0.260446 2.31361
-0.250853 -0.551367 2.38029
-0.225372 -0.615385 2.2682
-0.103497 -0.0348948 2.28337
-0.0582641 -0.270396 2.33841
-0.0177566 -0.542967 2.39283
0.00453395 -0.607092 2.28053
0.0152605 0.435425 2.13632
-0.573878 0.0993448 2.16483
-0.551151 0.156863 2.11737
0.112631 -0.283732 2.26633
0.0959281 -0.224429 2.20792
-0.169036 -0.0158227 2.3012
-0.0654636 0.246748 2.21144
0.0367884 0.50202 2.11027
0.127707 0.607261 2.10514
-0.134599 0.434402 2.07589
-0.368142 0.283926 2.12276
-0.522334 0.133067 2.13818
-0.529918 0.139859 2.14053
0.115062 0.320898 2.17292
0.0800564 0.111252 2.21774
0.0777215 -0.105038 2.23558
0.102376 -0.194004 2.24339
-0.233236 0.00305198 2.2501
-0.239906 -0.25818 2.30658
-0.251072 -0.551675 2.38017
-0.225123 -0.615352 2.26791
-0.0997333 -0.034106 2.28373
-0.0507134 -0.27002 2.33598
-0.016717 -0.541151 2.39234
-0.013342 -0.624677 2.34116
0.0119504 0.439208 2.1377
-0.565986 0.0889874 2.15604
-0.531992 0.183058 2.13575
0.107227 -0.276555 2.26663
0.092412 -0.203507 2.20531
-0.161307 -0.00873032 2.2955
-0.0719981 0.264172 2.21085
0.0080522 0.534578 2.11737
0.076189 0.64692 2.10467
-0.15636 0.447782 2.08427
-0.371439 0.264252 2.1324
-0.52582 0.113063 2.14388
-0.510277 0.113168 2.14888
0.100924 0.358748 2.17736
0.0777205 0.114766 2.22236
0.0832345 -0.10186 2.23719
0.108596 -0.167323 2.23872
-0.226248 0.00635045 2.24305
-0.232693 -0.252395 2.30203
-0.251326 -0.552642 2.38035
-0.222577 -0.614294 2.26716
-0.091148 -0.0226782 2.27916
-0.0510733 -0.259558 2.33348
-0.0167742 -0.541444 2.39232
-0.0127886 -0.624932 2.34108
-0.0112407 0.468369 2.14259
-0.5535 0.0487793 2.16876
-0.543479 0.0599398 2.177
0.119248 -0.249444 2.27352
0.0970909 -0.193227 2.20517
-0.142386 0.0100203 2.28086
-0.0959353 0.296418 2.2054
-0.0599962 0.576556 2.12113
-0.0151535 0.703572 2.09916
-0.214147 0.469113 2.09392
-0.37199 0.22894 2.14056
-0.502236 0.056212 2.15175
-0.498554 0.0226076 2.15703
0.075596 0.42185 2.17925
0.0762529 0.189999 2.22884
0.114866 -0.0248028 2.23007
0.12523 -0.0642338 2.23268
-0.208534 0.0171705 2.23068
-0.242166 -0.251704 2.2902
-0.249333 -0.552969 2.37847
-0.219647 -0.611474 2.26298
-0.0720197 0.00310871 2.26199
-0.0455037 -0.257579 2.32766
-0.015226 -0.534568 2.38928
0.011254 -0.593306 2.27356
-0.0684287 0.508081 2.14406
-0.523717 -0.0234712 2.16506
-0.513797 0.0116157 2.15207
0.135682 -0.136703 2.23531
0.111758 -0.104233 2.19244
-0.142106 0.0184614 2.26936
-0.12073 0.306281 2.20162
-0.110936 0.5846 2.12631
-0.0908362 0.722207 2.09906
-0.264106 0.466517 2.10181
-0.363907 0.219619 2.14325
-0.46773 0.028865 2.14893
-0.455697 0.00754289 2.15207
0.0399709 0.458954 2.17878
0.0747728 0.213289 2.24256
0.131242 0.00208283 2.22765
0.131905 -0.0298038 2.22886
-0.208708 0.0212986 2.22059
-0.239617 -0.259696 2.28193
-0.244733 -0.554687 2.37386
-0.215538 -0.611422 2.25689
-0.0710556 0.0161569 2.24898
-0.0408632 -0.252675 2.31815
-0.0138374 -0.532765 2.38653
0.0121888 -0.589787 2.26933
-0.113118 0.516657 2.14687
-0.487817 -0.0683963 2.16479
-0.489024 -0.0033607 2.145
0.149497 -0.106601 2.23228
0.113542 -0.0417038 2.19382
-0.1424 0.0196622 2.26061
-0.149524 0.304929 2.19824
-0.167959 0.57898 2.13023
-0.173057 0.72202 2.09741
-0.308802 0.456853 2.1147
-0.36085 0.20785 2.14485
-0.415515 -0.00313442 2.14664
-0.431779 -0.0468617 2.14717
-0.0033906 0.47739 2.17516
0.0685619 0.2306 2.25055
0.137635 0.0232682 2.23107
0.141745 -0.0256145 2.22971
-0.209808 0.0186393 2.21491
-0.231329 -0.266532 2.27671
-0.241839 -0.557962 2.37103
-0.216322 -0.613602 2.25226
-0.0703177 0.0218588 2.23546
-0.0346486 -0.252066 2.31068
-0.0126149 -0.533539 2.38588
0.00975408 -0.589506 2.26687
-0.163317 0.511956 2.149
-0.45243 -0.131229 2.15603
-0.454584 -0.0712802 2.1411
0.158564 -0.0792527 2.2409
0.11703 -0.0275155 2.1946
-0.149722 0.0143673 2.2559
-0.184606 0.293303 2.19797
-0.220501 0.563621 2.13179
-0.252054 0.704499 2.09121
-0.357978 0.430183 2.12947
-0.371377 0.162763 2.14605
-0.411181 -0.0516003 2.14459
-0.415461 -0.114303 2.14913
-0.0505938 0.482677 2.16373
0.0627006 0.238179 2.24895
0.143403 0.0350193 2.23122
0.148624 -0.00510731 2.23981
-0.218171 0.006887 2.21682
-0.224483 -0.279316 2.2796
-0.238755 -0.559753 2.37056
-0.220687 -0.61537 2.25023
-0.0782144 0.020748 2.22414
-0.030641 -0.261233 2.30194
-0.0102834 -0.537767 2.38398
-0.00673728 -0.622366 2.33918
-0.211794 0.497418 2.15034
-0.427426 -0.187328 2.17233
-0.434049 -0.131998 2.15229
0.165518 -0.04467 2.25191
0.117792 0.00181379 2.20038
-0.157799 -0.00127236 2.25872
-0.217796 0.272543 2.20131
-0.281227 0.53754 2.13177
-0.352616 0.666018 2.0838
-0.394027 0.398176 2.13976
-0.382395 0.166287 2.14937
-0.379764 -0.0514485 2.15791
-0.40401 -0.130927 2.1699
-0.106523 0.476918 2.14858
0.0371178 0.275789 2.23229
0.141302 0.083376 2.21678
0.141612 0.0385652 2.2223
-0.223213 -0.0223313 2.22986
-0.221162 -0.297772 2.29776
-0.237416 -0.559825 2.3715
-0.226236 -0.616034 2.2507
-0.0863543 0.0160012 2.22109
-0.0368538 -0.277824 2.29551
-0.00857426 -0.540228 2.38118
-0.00519604 -0.624859 2.33691
-0.265622 0.47252 2.15132
-0.411855 -0.217121 2.17897
-0.421677 -0.140439 2.1675
0.160361 -0.000445959 2.23708
0.128022 0.0387414 2.18918
-0.157063 -0.0126977 2.26065
-0.232985 0.259736 2.20046
-0.310254 0.52214 2.12868
-0.40309 0.638872 2.083
-0.424022 0.359821 2.14569
-0.396821 0.128825 2.16421
-0.389777 -0.0887721 2.17119
-0.411467 -0.166037 2.19444
-0.15087 0.459476 2.13334
0.0311842 0.282078 2.22602
0.142237 0.0936172 2.20755
0.122936 0.0944465 2.20259
-0.221543 -0.0377324 2.2329
-0.221419 -0.310095 2.31447
-0.236391 -0.557105 2.3737
-0.231115 -0.614213 2.25318
-0.0870623 0.011424 2.2208
-0.0328512 -0.289116 2.29645
-0.0082169 -0.541207 2.38009
-0.00360977 -0.625804 2.33611
-0.291319 0.457834 2.1487
-0.413595 -0.255989 2.20931
-0.426343 -0.143354 2.19162
0.152352 0.0224676 2.20986
0.0839775 0.0755337 2.1846
-0.157153 -0.0192143 2.26246
-0.245868 0.247437 2.20094
-0.339329 0.501813 2.12644
-0.440703 0.620184 2.08066
-0.433634 0.342238 2.14759
-0.40501 0.116429 2.17354
-0.40049 -0.0995686 2.19386
-0.415747 -0.182587 2.22007
-0.169065 0.449846 2.12726
0.0210764 0.285199 2.21389
0.142243 0.102946 2.20623
0.122019 0.10581 2.19918
-0.220656 -0.0449547 2.2358
-0.224513 -0.322989 2.32562
-0.236706 -0.568025 2.37799
-0.23337 -0.625587 2.25792
-0.0883937 0.00655685 2.22105
-0.0313791 -0.31449 2.30348
-0.007353 -0.550053 2.38227
-0.000971808 -0.633424 2.33188
-0.316885 0.439108 2.14726
-0.421919 -0.265141 2.24193
-0.429454 -0.174192 2.21937
0.152671 0.0418325 2.20358
0.0552981 0.0297467 2.20275
-0.157649 -0.0232862 2.26172
-0.258764 0.236145 2.19872
-0.362304 0.486043 2.12358
-0.464861 0.605846 2.07604
-0.456845 0.324181 2.14954
-0.412249 0.106729 2.18089
-0.396657 -0.108344 2.20414
-0.417237 -0.188632 2.23577
-0.194874 0.44069 2.12082
0.0110884 0.290021 2.20321
0.135334 0.109808 2.19625
0.130759 0.0859556 2.20191
-0.220393 -0.0499265 2.23457
-0.226724 -0.320909 2.32692
-0.236925 -0.56627 2.3785
-0.235593 -0.624414 2.25885
-0.0896893 0.00343625 2.22034
-0.0313877 -0.317449 2.30606
-0.00769767 -0.553663 2.38321
-0.00122875 -0.636402 2.33006
-0.336918 0.424788 2.14448
-0.419553 -0.272706 2.25587
-0.426519 -0.14685 2.23115
0.15193 0.0492116 2.21808
0.0961313 0.0841845 2.17091
-0.155054 -0.0253981 2.25931
-0.264532 0.231328 2.19505
-0.37548 0.476767 2.11691
-0.483894 0.590633 2.07216
-0.467739 0.311449 2.1464
-0.416865 0.0915216 2.18519
-0.404075 -0.12228 2.21581
-0.419884 -0.206366 2.24088
-0.208564 0.436608 2.11496
0.00583367 0.294453 2.19691
0.133777 0.116767 2.18603
0.129742 0.0951691 2.19329
-0.217978 -0.0532538 2.23191
-0.225813 -0.323377 2.33203
-0.238012 -0.569597 2.37982
-0.246902 -0.651384 2.32611
-0.0872162 0.00323528 2.21778
-0.0243578 -0.302197 2.29933
-0.00927701 -0.541374 2.37835
-0.00129922 -0.625649 2.33366
-0.34823 0.41675 2.13852
-0.421418 -0.287725 2.27128
-0.433228 -0.160664 2.23406
0.147272 0.0557856 2.20638
0.0947179 0.0949871 2.15389
-0.163119 -0.0278947 2.26272
-0.270155 0.228649 2.19403
-0.377859 0.474505 2.1148
-0.484352 0.587677 2.06852
-0.468436 0.309486 2.14384
-0.417951 0.0900053 2.18342
-0.408478 -0.125562 2.20483
-0.419841 -0.208032 2.23148
-0.211462 0.438627 2.11191
0.00198804 0.297432 2.19506
0.13343 0.122311 2.183
0.127602 0.0972179 2.19295
-0.224157 -0.0557597 2.23445
-0.228165 -0.323453 2.33065
-0.238189 -0.569388 2.37999
-0.246792 -0.651681 2.32836
-0.0973258 0.000987498 2.22221
-0.0249498 -0.298316 2.29958
-0.00915865 -0.540653 2.37871
-0.00111649 -0.624841 2.33332
-0.351182 0.414485 2.13657
-0.418727 -0.293638 2.26073
-0.416393 -0.179384 2.23033
0.149495 0.0510776 2.21258
0.0963525 0.092415 2.16021
-0.158868 -0.0246244 2.25828
-0.264891 0.232451 2.19191
-0.366524 0.481628 2.11393
-0.469831 0.598755 2.06304
-0.458462 0.321035 2.14108
-0.417331 0.0934421 2.17784
-0.394648 -0.121339 2.199
-0.423153 -0.196584 2.21615
-0.19818 0.441442 2.11517
0.00301367 0.295214 2.19571
0.133988 0.119753 2.18484
0.127222 0.0906995 2.19932
-0.222454 -0.0531151 2.22895
-0.227061 -0.364435 2.34388
-0.242362 -0.612458 2.38186
-0.250554 -0.63552 2.26284
-0.0896194 0.00514013 2.21876
-0.0372322 -0.313751 2.3117
-0.00801933 -0.551711 2.38258
0.000217733 -0.634324 2.32939
-0.341914 0.420497 2.13553
-0.422641 -0.280024 2.24508
-0.418449 -0.184551 2.22525
0.148251 0.0391112 2.22098
0.0936052 0.0879629 2.16818
-0.163978 -0.0244946 2.26195
-0.262833 0.236815 2.19169
-0.351044 0.496569 2.1072
-0.430374 0.628444 2.05975
-0.450225 0.336908 2.13444
-0.417977 0.112818 2.16639
-0.420329 -0.104489 2.17564
-0.430077 -0.178349 2.19883
-0.18742 0.445309 2.11737
0.00519246 0.290347 2.20019
0.134546 0.113722 2.19039
0.121511 0.0799704 2.20229
-0.227309 -0.0511378 2.2322
-0.232085 -0.30254 2.3196
-0.238124 -0.549087 2.37484
-0.232453 -0.607702 2.25536
-0.0957906 0.00296709 2.22327
-0.0348039 -0.30801 2.30633
-0.0106516 -0.545483 2.38019
-0.00125641 -0.629237 2.33313
-0.330389 0.432628 2.13081
-0.431452 -0.262341 2.2308
-0.438109 -0.12483 2.1945
0.143545 0.0238195 2.21408
0.0914229 0.0775676 2.1724
-0.173794 -0.0173624 2.2634
-0.24992 0.257211 2.19039
-0.312211 0.527386 2.10534
-0.360313 0.672289 2.06403
-0.43534 0.368341 2.12633
-0.41098 0.109699 2.16223
-0.430072 -0.106619 2.17125
-0.445031 -0.133878 2.17688
-0.157547 0.460259 2.12256
0.0160442 0.26913 2.21127
0.120107 0.0767819 2.20968
0.116659 0.0443454 2.21926
-0.238129 -0.0387216 2.23205
-0.233557 -0.300326 2.31732
-0.239075 -0.546277 2.37403
-0.230011 -0.604505 2.25438
-0.10451 0.00584841 2.22576
-0.046389 -0.290071 2.29709
-0.0132773 -0.543118 2.37804
-0.00211989 -0.62719 2.33449
-0.297644 0.461248 2.12861
-0.456828 -0.2193 2.20646
-0.447305 -0.190518 2.19833
0.136301 -0.0107002 2.24442
0.0967133 0.0249969 2.18375
-0.179534 -0.00224689 2.2602
-0.232815 0.278897 2.18977
-0.276778 0.551303 2.10875
-0.296449 0.70217 2.0745
-0.404377 0.40606 2.1118
-0.414229 0.138606 2.15629
-0.441622 -0.0771808 2.1653
-0.463115 -0.109968 2.1644
-0.10028 0.477164 2.14002
0.0221671 0.253437 2.2189
0.123695 0.0597392 2.21519
0.102468 0.0428319 2.22867
-0.245452 -0.0154836 2.22549
-0.23381 -0.291443 2.31078
-0.240039 -0.545719 2.37384
-0.222536 -0.602764 2.25426
-0.108274 0.012248 2.22543
-0.0497429 -0.28488 2.29636
-0.0138054 -0.543648 2.37814
-0.00398394 -0.627833 2.33432
-0.266473 0.484695 2.13097
-0.477606 -0.184388 2.19153
-0.482147 -0.0969949 2.143
0.124197 -0.0387485 2.24816
0.0689819 0.029208 2.20445
-0.171302 0.0136651 2.25674
-0.206897 0.297682 2.1906
-0.236154 0.571228 2.11455
-0.231499 0.72189 2.08849
-0.374723 0.43693 2.10795
-0.409921 0.180429 2.15556
-0.454535 -0.0329145 2.15513
-0.47482 -0.0529382 2.15786
-0.0651845 0.478154 2.15261
0.0247348 0.245943 2.22472
0.113508 0.0462174 2.22392
0.106683 -0.00999776 2.23862
-0.238097 0.00299326 2.21793
-0.240326 -0.271284 2.29964
-0.241064 -0.545626 2.37372
-0.219979 -0.602047 2.25434
-0.09933 0.0246654 2.22603
-0.0495058 -0.276559 2.29674
-0.0151661 -0.543708 2.37877
-0.00492573 -0.627785 2.33442
-0.229385 0.504311 2.13552
-0.498767 -0.138541 2.1797
-0.494473 -0.130958 2.17375
0.12134 -0.0652647 2.25234
0.0830746 -0.0164546 2.20054
-0.165921 0.0194179 2.25636
-0.172971 0.307001 2.19375
-0.173409 0.583096 2.12025
-0.142262 0.727623 2.10261
-0.323362 0.463212 2.10588
-0.400167 0.204412 2.15705
-0.47153 -0.00157614 2.15125
-0.480458 -0.00383576 2.15241
-0.0168136 0.469544 2.16764
0.0327084 0.229764 2.23544
0.112002 0.0260493 2.23198
0.113068 -0.0391495 2.23957
-0.23231 0.0137276 2.21276
-0.244562 -0.260601 2.29045
-0.242311 -0.547425 2.37309
-0.217082 -0.603671 2.25455
-0.0931289 0.0262892 2.23064
-0.0473772 -0.278327 2.30149
-0.015817 -0.54473 2.37912
0.0063009 -0.600993 2.26042
-0.173656 0.515546 2.14068
-0.513441 -0.0889967 2.16338
-0.503292 -0.00591011 2.14457
0.128078 -0.103495 2.25178
0.0951562 -0.0566297 2.20729
-0.162375 0.0188037 2.25909
-0.144898 0.304223 2.1972
-0.119207 0.579985 2.12156
-0.0702294 0.717137 2.10913
-0.276075 0.471643 2.10089
-0.392845 0.211416 2.15615
-0.478253 0.0109193 2.14829
-0.479126 0.011952 2.14731
0.0245589 0.449196 2.17812
0.0461262 0.214446 2.23841
0.114995 0.0071639 2.2375
0.118401 -0.0333199 2.24158
-0.229338 0.0159593 2.21311
-0.245518 -0.26082 2.29014
-0.243255 -0.549223 2.3737
-0.214397 -0.605941 2.25655
-0.0888942 0.0198854 2.23811
-0.0468822 -0.282511 2.30586
-0.0170798 -0.545515 2.38011
0.00867274 -0.602263 2.26278
-0.125948 0.512418 2.14262
-0.517154 -0.0585522 2.16548
-0.505153 0.00487619 2.14301
0.131756 -0.114313 2.24615
0.106903 -0.0973225 2.20937
-0.153595 0.0108725 2.26818
-0.110817 0.293573 2.20349
-0.0632985 0.567644 2.1244
0.00117252 0.694377 2.11779
-0.225158 0.467253 2.0969
-0.379926 0.222155 2.15031
-0.475223 0.0262283 2.14382
-0.474223 0.0355083 2.14119
0.0590883 0.419304 2.18337
0.0698733 0.190721 2.23756
0.123099 -0.0209281 2.23817
0.135995 -0.0968327 2.24502
-0.221711 0.0143461 2.21656
-0.246454 -0.259745 2.28906
-0.246047 -0.554947 2.37572
-0.215152 -0.612661 2.26004
-0.0811084 0.0053925 2.25243
-0.0473835 -0.283032 2.30935
-0.017698 -0.545244 2.38059
0.0100668 -0.603062 2.26471
-0.0753371 0.500469 2.1464
-0.512741 -0.0269336 2.15718
-0.500213 0.0449032 2.13486
0.151504 -0.171601 2.25855
0.118159 -0.118808 2.20669
-0.148782 -0.00107868 2.27746
-0.0751672 0.275418 2.21066
0.00535893 0.542931 2.12971
0.0800396 0.652693 2.12586
-0.166515 0.454709 2.0943
-0.363904 0.24078 2.13467
-0.480035 0.0565076 2.12153
-0.498061 0.0474881 2.11559
0.101279 0.36247 2.19428
0.0901166 0.150425 2.24045
0.129527 -0.0638455 2.244
0.14142 -0.147719 2.24441
-0.216145 0.00975792 2.22078
-0.224867 -0.256104 2.28618
-0.246215 -0.556295 2.37457
-0.214234 -0.615601 2.26056
-0.0780009 -0.0135678 2.26651
-0.0465301 -0.285913 2.31977
-0.017774 -0.542386 2.38106
0.0110744 -0.601855 2.26684
-0.0147639 0.47735 2.15215
-0.529042 0.0199445 2.13457
-0.497058 0.0666764 2.08459
0.152519 -0.232416 2.25935
0.129638 -0.153425 2.20655
-0.149292 -0.00634634 2.28253
-0.0568629 0.263806 2.21584
0.041738 0.524375 2.13562
0.128135 0.63 2.13387
-0.130204 0.447471 2.09336
-0.346906 0.272673 2.11888
-0.485884 0.105815 2.09196
-0.479422 0.11312 2.09428
0.121938 0.34123 2.19815
0.0994584 0.129213 2.24095
0.119305 -0.0876396 2.24511
0.137875 -0.176771 2.24504
-0.215244 0.00864825 2.22451
-0.220682 -0.25626 2.28727
-0.245794 -0.55826 2.37429
-0.21317 -0.618525 2.26134
-0.0799616 -0.0230078 2.27229
-0.0439464 -0.28773 2.3254
-0.0164629 -0.539834 2.38357
0.0130165 -0.60033 2.27039
0.017149 0.460574 2.15784
-0.525138 0.0562095 2.11115
-0.502985 0.128716 2.08782
0.149146 -0.256656 2.25539
0.123143 -0.225214 2.20375
-0.149164 -0.00857622 2.28686
-0.0415227 0.257372 2.21969
0.0710579 0.513275 2.13813
0.159133 0.616177 2.14053
-0.11173 0.444707 2.0939
-0.337188 0.282628 2.11255
-0.480431 0.119065 2.08944
-0.49728 0.108152 2.0918
0.141714 0.326068 2.20287
0.104807 0.115443 2.24321
0.115417 -0.102082 2.24629
0.132982 -0.19705 2.24925
-0.213333 0.00913741 2.22914
-0.224574 -0.266505 2.2963
-0.245733 -0.558249 2.37453
-0.214063 -0.619392 2.26198
-0.0811446 -0.0273381 2.27647
-0.0423508 -0.270704 2.32813
-0.0152203 -0.53879 2.38511
0.013288 -0.600181 2.27233
0.0431124 0.450651 2.16073
-0.537676 0.0822176 2.11861
-0.48644 0.0953528 2.09087
0.140432 -0.275126 2.26913
0.119418 -0.213468 2.20885
-0.145388 -0.0112599 2.29092
-0.0291669 0.252257 2.22201
0.0871888 0.506916 2.13903
0.181433 0.606435 2.14268
-0.088659 0.439838 2.09634
-0.329399 0.287069 2.11035
-0.477832 0.128174 2.08812
-0.491476 0.115872 2.09417
0.149804 0.31744 2.20352
0.108942 0.0996192 2.24321
0.12216 -0.117989 2.24048
0.131634 -0.207483 2.25581
-0.207515 0.00877819 2.23364
-0.226328 -0.270667 2.29843
-0.245062 -0.557329 2.37441
-0.213674 -0.619056 2.26226
-0.0788962 -0.031612 2.27998
-0.0247879 -0.267442 2.32965
-0.0128386 -0.537184 2.38683
0.0153642 -0.599173 2.27445
0.0584621 0.444545 2.16195
-0.51845 0.0867706 2.1074
-0.451391 0.109846 2.07078
0.137073 -0.288966 2.27324
0.114965 -0.235804 2.21691
-0.141939 -0.0128651 2.2925
-0.0232445 0.250833 2.22242
0.0936215 0.506005 2.13922
0.187988 0.605977 2.14274
-0.0825038 0.439042 2.09689
-0.323256 0.288383 2.11053
-0.473849 0.131563 2.08796
-0.483477 0.113224 2.10005
0.156584 0.314633 2.20175
0.114243 0.094529 2.24168
0.12314 -0.123203 2.24076
0.13546 -0.209591 2.26107
-0.203762 0.00878777 2.23563
-0.225871 -0.272961 2.29962
-0.244029 -0.557142 2.37495
-0.213659 -0.618907 2.26248
-0.0757003 -0.0346449 2.28097
-0.016033 -0.271687 2.33104
-0.0114376 -0.534855 2.38755
0.0157427 -0.596912 2.27485
0.0648016 0.443492 2.16216
-0.51658 0.0836695 2.1224
-0.459926 0.0999605 2.07636
0.138549 -0.290244 2.28857
0.118958 -0.21917 2.22376
-0.139326 -0.0120301 2.29317
-0.0227543 0.252644 2.22235
0.0908563 0.510274 2.13862
0.17785 0.617199 2.13743
-0.0818068 0.43986 2.0977
-0.318812 0.286439 2.11696
-0.466059 0.126073 2.10086
-0.477278 0.103336 2.11094
0.155825 0.319384 2.20026
0.120295 0.107839 2.23797
0.121234 -0.109897 2.24157
0.140183 -0.194889 2.25582
-0.201171 0.0100294 2.2371
-0.225419 -0.274214 2.30064
-0.242508 -0.555666 2.37559
-0.212236 -0.617344 2.26299
-0.0730797 -0.0339295 2.28072
-0.0140506 -0.270424 2.33175
-0.00887941 -0.529788 2.38721
0.0181886 -0.591803 2.27437
0.0630905 0.446982 2.1617
-0.509685 0.0626675 2.13426
-0.45057 0.0910111 2.09283
0.142562 -0.276334 2.28216
0.121157 -0.233234 2.22275
-0.129149 -0.00912744 2.29145
-0.0254359 0.259413 2.21973
0.0716644 0.524366 2.13527
0.142954 0.638323 2.1282
-0.098322 0.448243 2.09918
-0.30542 0.287694 2.13017
-0.450461 0.125174 2.11693
-0.462723 0.0913412 2.1274
0.151258 0.336179 2.19302
0.125479 0.120012 2.23105
0.114887 -0.0964373 2.24625
0.146017 -0.176479 2.24372
-0.193397 0.0101623 2.23648
-0.222202 -0.273358 2.2981
-0.241324 -0.555778 2.37527
-0.212934 -0.616561 2.26131
-0.0603015 -0.027624 2.27738
-0.0165979 -0.269746 2.33101
-0.0079614 -0.52965 2.38761
0.017228 -0.590775 2.2734
0.0484756 0.459432 2.15841
-0.498597 0.0413133 2.14666
-0.439813 0.0773076 2.0929
0.15186 -0.264511 2.26993
0.125812 -0.186747 2.20593
-0.122105 -0.00401257 2.28618
-0.0352417 0.272514 2.21356
0.0386717 0.545549 2.12878
0.103183 0.661294 2.11672
-0.127216 0.457639 2.09872
-0.323383 0.255469 2.14151
-0.443269 0.0738049 2.14137
-0.45759 0.0542873 2.14629
0.136578 0.365769 2.18238
0.121913 0.149899 2.22711
0.126165 -0.0678383 2.23309
0.15022 -0.146907 2.22596
-0.188018 0.0117442 2.23368
-0.208785 -0.262768 2.28926
-0.23959 -0.55589 2.37441
-0.21274 -0.615674 2.25917
-0.0521828 -0.0182752 2.2692
-0.0172429 -0.268931 2.3308
-0.00709975 -0.529301 2.38747
0.0165603 -0.589435 2.27199
0.021193 0.478685 2.15189
-0.485672 0.0108126 2.1681
-0.428865 0.0473995 2.11708
0.157227 -0.23025 2.23835
0.130149 -0.154948 2.19138
-0.111659 0.00554926 2.27894
-0.0557925 0.2896 2.20617
-0.0106961 0.56575 2.12285
0.0358639 0.693634 2.10669
-0.173461 0.470866 2.09869
-0.328021 0.236916 2.14677
-0.441562 0.050944 2.13959
-0.433072 0.0522498 2.13794
0.108689 0.412156 2.16691
0.120416 0.168085 2.22352
0.143835 -0.0491792 2.21308
0.149946 -0.112918 2.20053
-0.179339 0.0159652 2.22959
-0.215174 -0.252343 2.28108
-0.238141 -0.555453 2.37424
-0.214003 -0.614084 2.25736
-0.0406777 -0.00417035 2.25898
-0.0189611 -0.263273 2.32696
-0.00531462 -0.52988 2.38749
0.0156274 -0.588849 2.27037
-0.0215432 0.498302 2.1456
-0.461004 -0.0259641 2.15683
-0.41958 0.0259594 2.10291
0.16417 -0.174228 2.20729
0.131575 -0.123169 2.1675
-0.115565 0.0137205 2.26989
-0.0826766 0.301578 2.19914
-0.0559812 0.579164 2.11923
-0.023451 0.714376 2.1028
-0.21304 0.473828 2.0981
-0.331192 0.228963 2.14584
-0.438311 0.0391972 2.1297
-0.429741 0.0272264 2.12374
0.0889967 0.434065 2.1612
0.109481 0.194875 2.21634
0.14731 -0.0203771 2.19937
0.151272 -0.0580243 2.19391
-0.182891 0.0206996 2.22214
-0.216716 -0.253068 2.28023
-0.236814 -0.555924 2.37432
-0.21373 -0.61368 2.25652
-0.044728 0.00688956 2.2486
-0.0199981 -0.254779 2.3187
-0.00439246 -0.529897 2.38657
0.0155012 -0.587995 2.26853
-0.0624499 0.511268 2.14114
-0.452753 -0.0540892 2.13503
-0.414107 0.00395091 2.0882
0.16493 -0.140811 2.19412
0.125379 -0.0653699 2.17633
-0.120458 0.0192164 2.25749
-0.107566 0.307094 2.19051
-0.10152 0.584619 2.1144
-0.0870079 0.724812 2.0978
-0.256965 0.470815 2.10134
-0.335768 0.217993 2.14402
-0.428235 0.0209947 2.11888
-0.422021 -0.00303189 2.1169
0.0550167 0.456394 2.1538
0.096579 0.209778 2.21251
0.150132 -0.00166465 2.18599
0.145634 -0.025988 2.18599
-0.188437 0.0222901 2.21266
-0.218626 -0.256358 2.27932
-0.236028 -0.555963 2.37373
-0.241037 -0.640246 2.33096
-0.0486358 0.0165337 2.2328
-0.0214003 -0.248497 2.3095
-0.00410985 -0.529848 2.3853
0.013668 -0.587186 2.26622
-0.102821 0.516742 2.1353
-0.442118 -0.0835734 2.12643
-0.429866 -0.0756968 2.09912
0.161772 -0.10441 2.18431
0.119709 -0.0373326 2.16717
-0.12966 0.0182192 2.24678
-0.148779 0.302545 2.18279
-0.171527 0.577039 2.11001
-0.18006 0.719581 2.08581
-0.314018 0.4498 2.10499
-0.343995 0.199905 2.14268
-0.402771 -0.0100069 2.11971
-0.4108 -0.0477962 2.1192
0.00129965 0.471263 2.14152
0.0793956 0.227561 2.20938
0.142966 0.0189394 2.18149
0.137104 -0.029591 2.18419
-0.199613 0.0146127 2.20497
-0.220615 -0.26348 2.28279
-0.235164 -0.555027 2.37374
-0.241358 -0.639194 2.33084
-0.0566872 0.0212289 2.21865
-0.0204442 -0.24975 2.30504
-0.00426706 -0.529836 2.3843
0.0100674 -0.586633 2.26418
-0.165899 0.509837 2.1302
-0.422985 -0.13155 2.11896
-0.392498 -0.0509543 2.08297
0.151948 -0.077733 2.18677
0.110438 -0.0345465 2.15157
-0.148239 0.00905299 2.24357
-0.184216 0.288481 2.17792
-0.219785 0.558367 2.10035
-0.25393 0.699158 2.0713
-0.35428 0.425701 2.108
-0.364633 0.158741 2.14246
-0.396779 -0.0570511 2.12317
-0.402406 -0.0808342 2.13371
-0.0505805 0.473263 2.12377
0.0649488 0.235598 2.20628
0.139555 0.0302202 2.18447
0.126864 0.0229632 2.19018
-0.218198 3.91692e-005 2.20859
-0.222405 -0.27176 2.28731
-0.234481 -0.55423 2.37361
-0.222108 -0.611353 2.25351
-0.0746108 0.0172031 2.20953
-0.0203088 -0.253323 2.30098
-0.00462285 -0.530733 2.38349
0.00459409 -0.588159 2.26317
-0.211097 0.492322 2.1219
-0.412591 -0.165957 2.13204
-0.385546 -0.126378 2.095
0.148422 -0.0516148 2.19658
0.102265 0.0146613 2.16267
-0.155949 0.000834956 2.24626
-0.212445 0.271954 2.17423
-0.270586 0.533895 2.08774
-0.320446 0.671623 2.05719
-0.381592 0.402739 2.10838
-0.372808 0.158588 2.14369
-0.382242 -0.059527 2.14187
-0.398551 -0.136969 2.15448
-0.0769524 0.471565 2.11414
0.0530885 0.247814 2.2006
0.141299 0.0475768 2.19064
0.116588 0.0482976 2.19833
-0.225305 -0.0125166 2.21624
-0.221779 -0.283728 2.29813
-0.23419 -0.551658 2.37455
-0.223612 -0.609845 2.25505
-0.0819767 0.0127652 2.20858
-0.038311 -0.261913 2.29905
-0.00498972 -0.532245 2.38265
-0.0055856 -0.617265 2.3403
-0.256426 0.4697 2.11153
-0.403031 -0.222755 2.17048
-0.379774 -0.138177 2.1165
0.148189 -0.0165805 2.20791
0.0571012 0.0169223 2.1903
-0.157604 -0.0097329 2.25269
-0.231405 0.255428 2.17193
-0.310372 0.509449 2.07476
-0.377261 0.639338 2.04166
-0.419058 0.366976 2.10286
-0.385037 0.13483 2.14399
-0.38199 -0.0823173 2.15674
-0.396101 -0.163867 2.17258
-0.139995 0.455104 2.08848
0.0342099 0.272085 2.19446
0.132001 0.0765228 2.19431
0.131068 0.0541692 2.20548
-0.226208 -0.0323162 2.22449
-0.223585 -0.310569 2.31949
-0.235409 -0.554615 2.37578
-0.2289 -0.614597 2.25744
-0.0836376 0.0103502 2.21249
-0.0385076 -0.274774 2.30262
-0.0056121 -0.533145 2.38173
-0.00441272 -0.618146 2.33938
-0.290863 0.447207 2.10138
-0.39806 -0.251747 2.19461
-0.380043 -0.165679 2.13835
0.151152 0.00462728 2.22191
0.101508 0.0515544 2.17686
-0.159655 -0.0211634 2.26056
-0.250767 0.236041 2.17038
-0.345916 0.480922 2.06417
-0.43089 0.599977 2.02156
-0.443635 0.329672 2.09495
-0.400682 0.106667 2.14291
-0.385427 -0.107964 2.16918
-0.402287 -0.191656 2.18286
-0.165085 0.442842 2.08047
0.0234536 0.280873 2.18865
0.134872 0.0930286 2.19277
0.109987 0.100057 2.19821
-0.224757 -0.0469415 2.22976
-0.232118 -0.358886 2.34352
-0.236889 -0.608051 2.37833
-0.270534 -0.660882 2.28654
-0.08899 0.00413177 2.22291
-0.0350351 -0.282891 2.30851
-0.00655181 -0.536292 2.38199
-0.000212917 -0.597549 2.26446
-0.3225 0.421057 2.09297
-0.40306 -0.275031 2.20476
-0.383487 -0.20734 2.14887
0.142833 0.031972 2.21875
0.0511412 0.0443081 2.2054
-0.148009 -0.0200305 2.26064
-0.249689 0.234545 2.16939
-0.346948 0.478626 2.06347
-0.452666 0.584268 2.01378
-0.4488 0.321907 2.09283
-0.4071 0.0825698 2.1422
-0.386696 -0.130382 2.17452
-0.412506 -0.213196 2.18341
-0.171835 0.440398 2.07817
0.0205449 0.278645 2.18558
0.128038 0.0887729 2.19267
0.12316 0.0733324 2.20669
-0.211992 -0.048767 2.22811
-0.229842 -0.300649 2.32157
-0.236372 -0.545941 2.3744
-0.226455 -0.607079 2.25707
-0.0787351 0.0087396 2.22456
-0.0332824 -0.285966 2.31263
-0.00732964 -0.535649 2.38188
-0.000559043 -0.596909 2.26437
-0.323077 0.418979 2.09213
-0.411296 -0.300391 2.207
-0.394848 -0.223011 2.14862
0.13915 0.039187 2.22458
0.0878043 0.0716862 2.17053
-0.147066 -0.0187736 2.26077
-0.249979 0.233558 2.16856
-0.349056 0.475959 2.06216
-0.459241 0.579364 2.00952
-0.451035 0.318681 2.09168
-0.413326 0.0773146 2.13913
-0.399296 -0.13662 2.16868
-0.423569 -0.215659 2.18106
-0.17612 0.43942 2.07708
0.0130749 0.280896 2.18364
0.118473 0.0903105 2.19531
0.115529 0.074659 2.20583
-0.211513 -0.0485359 2.22833
-0.230856 -0.335321 2.33966
-0.237835 -0.582851 2.3826
-0.254926 -0.656348 2.31044
-0.077324 0.011268 2.22428
-0.0262462 -0.287142 2.31537
-0.00810146 -0.530685 2.38103
-0.000955163 -0.592103 2.26361
-0.32472 0.41675 2.09089
-0.427305 -0.296997 2.20718
-0.404234 -0.242695 2.14344
0.131451 0.0390069 2.21459
0.082088 0.0725909 2.16974
-0.157587 -0.0210812 2.26268
-0.253919 0.232386 2.16825
-0.349171 0.476147 2.06175
-0.449495 0.588773 2.00708
-0.451318 0.318764 2.09069
-0.419949 0.0917619 2.13203
-0.418757 -0.123964 2.15367
-0.43818 -0.183203 2.16933
-0.177133 0.439373 2.07662
0.0115678 0.279578 2.18377
0.109766 0.0851908 2.19572
0.110855 0.0678935 2.20666
-0.223712 -0.050562 2.22935
-0.233211 -0.306366 2.32155
-0.23745 -0.551351 2.37561
-0.226845 -0.61263 2.25853
-0.0866608 0.00874086 2.22718
-0.0267932 -0.288531 2.31578
-0.00854125 -0.531275 2.38196
-0.00107718 -0.592801 2.26466
-0.325538 0.416537 2.09048
-0.447551 -0.260419 2.18263
-0.456749 -0.161814 2.155
0.125867 0.0269717 2.22309
0.0787316 0.0681988 2.17084
-0.162767 -0.0212586 2.26321
-0.254157 0.233879 2.16735
-0.342805 0.484011 2.05863
-0.416347 0.613875 2.00809
-0.44546 0.337748 2.0848
-0.420287 0.102132 2.12967
-0.421864 -0.114997 2.14077
-0.449399 -0.178595 2.16132
-0.173066 0.441741 2.07681
0.0113454 0.279411 2.18502
0.105881 0.0829581 2.19482
0.110345 0.0577198 2.20037
-0.229054 -0.0490227 2.22988
-0.233807 -0.31033 2.32247
-0.238781 -0.55532 2.37636
-0.227434 -0.616588 2.25938
-0.0919427 0.00697755 2.22772
-0.0332643 -0.285855 2.31203
-0.0102083 -0.53396 2.38101
-0.00199449 -0.595485 2.26382
-0.322013 0.422134 2.08803
-0.460976 -0.243821 2.18393
-0.453047 -0.131191 2.15225
0.132007 0.00870062 2.22384
0.0794414 0.0564147 2.16743
-0.170402 -0.0167462 2.26293
-0.247956 0.246382 2.16761
-0.313609 0.507307 2.06122
-0.367539 0.646577 2.01716
-0.433746 0.352677 2.08468
-0.413884 0.12334 2.13069
-0.431817 -0.092986 2.14187
-0.457197 -0.153695 2.15425
-0.158732 0.450831 2.0796
0.0130715 0.275673 2.18658
0.108603 0.0793774 2.19284
0.108606 0.0452426 2.2002
-0.237316 -0.0395525 2.22828
-0.236185 -0.29525 2.31537
-0.239387 -0.542552 2.37303
-0.227891 -0.60359 2.25572
-0.0990384 0.00764959 2.2285
-0.0418519 -0.278916 2.30739
-0.0120719 -0.53693 2.38108
-0.00370004 -0.59803 2.2636
-0.298386 0.443432 2.08982
-0.468569 -0.227726 2.19152
-0.438735 -0.120642 2.14667
0.129967 -0.0156538 2.22019
0.0842419 0.0318654 2.17093
-0.176937 -0.00284108 2.26136
-0.23144 0.268662 2.16936
-0.273398 0.534337 2.06741
-0.303806 0.680547 2.03023
-0.395849 0.394449 2.08063
-0.414965 0.13307 2.13284
-0.453607 -0.0800452 2.14668
-0.469299 -0.131737 2.15562
-0.111616 0.465968 2.09193
0.022086 0.25592 2.19016
0.116295 0.0588975 2.19388
0.103219 0.0437205 2.2017
-0.245291 -0.0166124 2.22572
-0.237746 -0.280796 2.30982
-0.240483 -0.541995 2.37337
-0.22625 -0.602206 2.2557
-0.103366 0.012833 2.22778
-0.0485067 -0.273516 2.30486
-0.0137005 -0.539301 2.38184
-0.00553558 -0.623612 2.33718
-0.263971 0.469347 2.09481
-0.481678 -0.182516 2.16964
-0.484613 -0.157149 2.16325
0.1254 -0.0399029 2.21492
0.0799016 0.0229915 2.17746
-0.176383 0.0137567 2.25994
-0.199257 0.293102 2.1724
-0.210439 0.562226 2.07522
-0.205663 0.710742 2.05145
-0.35282 0.43696 2.07929
-0.405775 0.182362 2.14215
-0.464218 -0.0269231 2.1496
-0.483456 -0.0480053 2.16006
-0.0485778 0.469954 2.11456
0.0304251 0.237675 2.20343
0.116019 0.0363374 2.19636
0.107498 0.0114169 2.20881
-0.24527 0.00641831 2.22052
-0.247874 -0.255173 2.29742
-0.243303 -0.54377 2.37469
-0.224924 -0.603278 2.25712
-0.102432 0.0221952 2.2293
-0.0529127 -0.255399 2.29805
-0.0164749 -0.542274 2.38233
-0.00587821 -0.626106 2.3362
-0.208277 0.496471 2.10148
-0.508143 -0.12846 2.18189
-0.505011 -0.0488269 2.13076
0.123984 -0.0693288 2.21301
0.0833008 -0.00528296 2.18531
-0.175927 0.0163858 2.26043
-0.172435 0.298649 2.17784
-0.158091 0.569531 2.08466
-0.130513 0.712195 2.0679
-0.310554 0.456578 2.07774
-0.401134 0.198835 2.14643
-0.489933 0.00144833 2.15951
-0.500098 -0.00536818 2.16396
-0.00294825 0.455811 2.13462
0.0366383 0.223189 2.21229
0.113694 0.0187676 2.21215
0.109715 -0.0152192 2.22008
-0.244216 0.0133688 2.21854
-0.251369 -0.251127 2.2944
-0.245752 -0.545652 2.37591
-0.223056 -0.604767 2.25891
-0.101708 0.0216067 2.23291
-0.0525375 -0.261732 2.30183
-0.0174016 -0.542693 2.38281
-0.00648492 -0.626371 2.33591
-0.162039 0.503259 2.11
-0.534812 -0.0819086 2.18867
-0.495675 0.0498439 2.166
0.124073 -0.0946675 2.22935
0.0985214 -0.0800025 2.191
-0.174099 0.0154958 2.2629
-0.142619 0.296807 2.18661
-0.103674 0.569492 2.09763
-0.0580839 0.709115 2.09209
-0.261835 0.465163 2.07919
-0.396246 0.211899 2.14482
-0.501402 0.0231432 2.15985
-0.507148 0.0311846 2.1571
0.0328037 0.435056 2.15341
0.0490013 0.20585 2.21864
0.108996 -0.00375334 2.22422
0.114648 -0.0783301 2.23658
-0.242219 0.0153007 2.21853
-0.255491 -0.250368 2.29426
-0.247052 -0.548276 2.37715
-0.220186 -0.607221 2.2611
-0.0998022 0.0135717 2.24163
-0.0547496 -0.266817 2.30745
-0.0182804 -0.542802 2.38359
-0.00550084 -0.626113 2.33587
-0.113568 0.502679 2.12197
-0.541822 -0.0306163 2.17632
-0.525164 0.048549 2.13582
0.129273 -0.146665 2.25176
0.0986491 -0.0913397 2.2029
-0.160364 0.00846624 2.27063
-0.109927 0.290694 2.19771
-0.0572113 0.564786 2.1128
0.0108261 0.686963 2.10637
-0.217411 0.46504 2.08169
-0.384114 0.22905 2.1383
-0.506889 0.0504553 2.14626
-0.503633 0.0625687 2.14111
0.0620084 0.407402 2.17159
0.0606848 0.1746 2.22546
0.109092 -0.0370401 2.23883
0.113973 -0.116004 2.25052
-0.22727 0.0126481 2.21992
-0.254519 -0.24811 2.29265
-0.248012 -0.550304 2.37845
-0.217137 -0.609199 2.26363
-0.0883095 0.00315567 2.25405
-0.0550415 -0.270915 2.31596
-0.0187038 -0.541494 2.38417
0.0090301 -0.600483 2.26915
-0.0704727 0.497603 2.13608
-0.538004 -0.000756125 2.16035
-0.514327 0.0954737 2.12975
0.129467 -0.198183 2.27734
0.101187 -0.131683 2.2169
-0.149929 -0.000506678 2.27885
-0.0793845 0.280648 2.2095
-0.00536117 0.553437 2.12801
0.0711696 0.662674 2.12854
-0.182614 0.460469 2.08459
-0.374122 0.23962 2.12563
-0.506053 0.0672906 2.12939
-0.526306 0.0560077 2.13182
0.0903643 0.370397 2.18926
0.0661752 0.116688 2.23792
0.0980862 -0.0977394 2.25156
0.107032 -0.161805 2.26477
-0.217323 0.00737012 2.22151
-0.236386 -0.246938 2.28917
-0.248697 -0.55109 2.37802
-0.215534 -0.610368 2.26432
-0.0781691 -0.00936942 2.2693
-0.0536741 -0.270754 2.32094
-0.0187189 -0.541249 2.3848
0.0112938 -0.600637 2.27089
-0.0239373 0.486571 2.15051
-0.543128 0.0272079 2.13322
-0.508673 0.0509434 2.1636
0.117314 -0.239394 2.29628
0.0954197 -0.185209 2.23118
-0.143278 -0.00675987 2.28309
-0.060897 0.272466 2.21673
0.0222199 0.543508 2.13836
0.0995016 0.651346 2.14005
-0.144486 0.453747 2.09009
-0.350633 0.256446 2.11373
-0.4991 0.0983765 2.08558
-0.494373 0.100786 2.09774
0.106181 0.354105 2.1978
0.0702715 0.124028 2.23983
0.0809014 -0.0925482 2.2537
0.102949 -0.17024 2.27749
-0.209279 0.00340012 2.22261
-0.233967 -0.254321 2.29177
-0.2482 -0.551816 2.3771
-0.212977 -0.611254 2.26433
-0.0730432 -0.0176579 2.27605
-0.0296269 -0.257144 2.32233
-0.0181614 -0.539627 2.38679
0.0139094 -0.599215 2.27381
0.00160073 0.477065 2.16005
-0.53465 0.0411342 2.12623
-0.487295 0.0819167 2.14371
0.112697 -0.24863 2.30295
0.0908193 -0.191843 2.23982
-0.135985 -0.0138048 2.2884
-0.0434072 0.264023 2.22368
0.049246 0.533017 2.14657
0.136665 0.632576 2.15367
-0.120942 0.451465 2.09439
-0.337968 0.263221 2.10908
-0.492238 0.110552 2.08347
-0.503294 0.0935963 2.10548
0.119052 0.342326 2.2025
0.0751942 0.123399 2.24419
0.0796624 -0.0934107 2.25794
0.104992 -0.179565 2.28722
-0.199318 -0.00168796 2.22714
-0.233777 -0.263324 2.29592
-0.247895 -0.55434 2.37684
-0.212593 -0.614064 2.26437
-0.068691 -0.02611 2.28127
-0.0279708 -0.266077 2.32932
-0.017048 -0.53731 2.38657
0.0150903 -0.597248 2.27388
0.0262783 0.467151 2.16797
-0.526995 0.052965 2.12127
-0.482844 0.0951538 2.133
0.110918 -0.261371 2.30751
0.0912728 -0.216675 2.25273
-0.141794 -0.0201638 2.28892
-0.0292788 0.257024 2.22927
0.0714497 0.522138 2.15312
0.159473 0.620388 2.16173
-0.102274 0.447774 2.09863
-0.334472 0.272119 2.10481
-0.495473 0.126134 2.08605
-0.511238 0.118924 2.10858
0.137629 0.328794 2.21018
0.087395 0.111249 2.24991
0.08198 -0.103848 2.27491
0.121801 -0.185214 2.29008
-0.202226 -0.00192646 2.22881
-0.237302 -0.275034 2.29957
-0.247815 -0.556565 2.37643
-0.212629 -0.616566 2.26419
-0.0773799 -0.0381655 2.27998
-0.00504985 -0.269214 2.32924
-0.0145605 -0.534004 2.38645
0.0174288 -0.594292 2.27397
0.044486 0.457796 2.17344
-0.530301 0.0916187 2.10938
-0.487613 0.123979 2.13089
0.127576 -0.268198 2.31211
0.110612 -0.225307 2.25773
-0.145453 -0.0171671 2.28748
-0.0311748 0.25714 2.22813
0.0736014 0.520909 2.15384
0.167272 0.619089 2.16541
-0.0983316 0.447183 2.10067
-0.334038 0.278441 2.10521
-0.49866 0.136425 2.09315
-0.513048 0.124434 2.11604
0.140504 0.326831 2.21111
0.0961029 0.115383 2.25027
0.111568 -0.100604 2.26592
0.140042 -0.187494 2.28873
-0.206759 0.00303383 2.22665
-0.225982 -0.272278 2.29851
-0.247473 -0.55706 2.37603
-0.21266 -0.617079 2.26366
-0.0800678 -0.0366692 2.27918
-0.0281485 -0.272398 2.33009
-0.0144098 -0.534816 2.38699
0.0172089 -0.59512 2.27439
0.0462082 0.456785 2.17399
-0.536482 0.088985 2.12022
-0.494041 0.125712 2.14264
0.15036 -0.270716 2.3123
0.127596 -0.225982 2.25162
-0.146787 -0.0140229 2.2868
-0.0331385 0.258655 2.22736
0.0728568 0.521771 2.15374
0.157988 0.62754 2.16225
-0.100629 0.448821 2.10129
-0.333904 0.280642 2.11078
-0.495181 0.134846 2.10446
-0.507905 0.112884 2.13264
0.141074 0.327451 2.21082
0.103527 0.116886 2.25095
0.122488 -0.0990948 2.26434
0.15438 -0.181794 2.28143
-0.208096 0.00663803 2.22579
-0.219685 -0.265187 2.29716
-0.24708 -0.556709 2.37587
-0.21285 -0.616688 2.26325
-0.08127 -0.0340449 2.27867
-0.0340999 -0.271675 2.32731
-0.0136264 -0.534232 2.38735
0.0174034 -0.594501 2.27448
0.0457641 0.457481 2.17392
-0.537971 0.0747447 2.14722
-0.490928 0.107297 2.16281
0.164462 -0.262839 2.30978
0.142116 -0.202855 2.24513
-0.143797 -0.0117303 2.28714
-0.0381959 0.263907 2.22544
0.0558954 0.533144 2.14906
0.124284 0.646326 2.15153
-0.114014 0.452476 2.10196
-0.334136 0.272274 2.12523
-0.490746 0.121381 2.11726
-0.496256 0.0898819 2.14659
0.137807 0.337113 2.20861
0.110943 0.124825 2.24855
0.140564 -0.0896256 2.26463
0.163757 -0.168171 2.26987
-0.205748 0.0084157 2.227
-0.21693 -0.260986 2.29488
-0.245361 -0.55663 2.37572
-0.212069 -0.616275 2.26247
-0.0773253 -0.031017 2.278
-0.0369154 -0.269137 2.32858
-0.0122134 -0.534448 2.38865
0.0178823 -0.594384 2.27516
0.0330111 0.467 2.17028
-0.521636 0.0438518 2.16376
-0.482439 0.0819543 2.18569
0.174326 -0.255743 2.30283
0.149972 -0.201429 2.2325
-0.139562 -0.00785239 2.28727
-0.0540841 0.276134 2.22091
0.0185255 0.552639 2.14041
0.076134 0.666499 2.13441
-0.144141 0.458556 2.10511
-0.340097 0.246821 2.14339
-0.470905 0.0731862 2.14388
-0.482551 0.0500734 2.15609
0.121175 0.37013 2.19823
0.116455 0.148161 2.24326
0.15057 -0.0659781 2.25739
0.161769 -0.109796 2.26083
-0.203451 0.00958879 2.22926
-0.22317 -0.262019 2.29435
-0.244342 -0.557894 2.37595
-0.213626 -0.616903 2.26128
-0.07047 -0.0234168 2.27519
-0.0370203 -0.262343 2.32668
-0.010171 -0.532239 2.38897
0.0173356 -0.591584 2.27406
0.000833441 0.484944 2.16264
-0.502738 0.00842963 2.16568
-0.475941 0.0361001 2.1938
0.168461 -0.191064 2.26499
0.150024 -0.177037 2.22966
-0.137071 -0.00340626 2.28657
-0.0691877 0.284323 2.21678
-0.013415 0.562264 2.13386
0.0332435 0.681553 2.12742
-0.171574 0.464041 2.10561
-0.342138 0.23602 2.14815
-0.466974 0.0581638 2.15058
-0.473447 0.0290905 2.1568
0.102091 0.401225 2.18859
0.112508 0.164971 2.24515
0.151914 -0.0487622 2.25545
0.15559 -0.0905257 2.26338
-0.201897 0.0104332 2.23171
-0.234134 -0.260902 2.29672
-0.244221 -0.558345 2.37623
-0.215218 -0.617023 2.26075
-0.0669826 -0.0140277 2.27006
-0.0375166 -0.258777 2.32526
-0.0104092 -0.530127 2.38866
0.01539 -0.589173 2.27293
-0.0269461 0.494286 2.15667
-0.494199 -0.0197697 2.17855
-0.472522 0.00849417 2.18075
0.167289 -0.171945 2.27687
0.151552 -0.129181 2.22858
-0.140993 0.00476949 2.28344
-0.0933828 0.294113 2.21211
-0.051065 0.571706 2.12972
-0.0145994 0.699795 2.11874
-0.204583 0.467288 2.10465
-0.346839 0.223404 2.15165
-0.465895 0.0412469 2.14776
-0.457057 0.040278 2.14174
0.0813833 0.423894 2.18214
0.102111 0.188037 2.25101
0.14789 -0.0249561 2.25663
0.149891 -0.0734417 2.26665
-0.205757 0.01453 2.23176
-0.242227 -0.257163 2.29905
-0.2442 -0.55689 2.37724
-0.216209 -0.615111 2.26107
-0.0711233 -0.00380122 2.26464
-0.0378849 -0.258642 2.32496
-0.0109732 -0.53127 2.38785
0.0138222 -0.58982 2.27144
-0.0614802 0.503797 2.15235
-0.485992 -0.0369098 2.154
-0.471335 -0.013754 2.1685
0.160412 -0.159888 2.28255
0.130998 -0.0993864 2.23325
-0.147313 0.0157622 2.27994
-0.124998 0.304867 2.20826
-0.110975 0.58179 2.12598
-0.0988747 0.716881 2.11176
-0.260369 0.467948 2.10732
-0.352498 0.212949 2.15216
-0.459284 0.0230912 2.13973
-0.451659 0.00927332 2.13928
0.0396516 0.457237 2.17653
0.0820005 0.213936 2.25412
0.141091 0.00411007 2.25942
0.14372 -0.0375997 2.27389
-0.212796 0.0200391 2.23135
-0.243365 -0.255856 2.29906
-0.244464 -0.556241 2.37748
-0.217742 -0.613783 2.26041
-0.0764565 0.0127758 2.25841
-0.0396044 -0.251999 2.31852
-0.0119007 -0.532957 2.38657
0.0116349 -0.590792 2.26927
-0.114278 0.514116 2.14853
-0.477721 -0.074838 2.1458
-0.471762 -0.0350092 2.15758
0.161736 -0.117083 2.3009
0.126816 -0.0535925 2.23792
-0.149681 0.0189187 2.27774
-0.150036 0.306352 2.20484
-0.156592 0.580747 2.12167
-0.165394 0.716015 2.10445
-0.303424 0.458566 2.10892
-0.357026 0.204602 2.14882
-0.444314 0.00485377 2.14001
-0.44261 -0.0169109 2.14572
0.00300458 0.471396 2.16833
0.0707086 0.223401 2.25414
0.139118 0.0167574 2.26341
0.143964 -0.03537 2.28389
-0.215925 0.0201259 2.2312
-0.243023 -0.255526 2.29831
-0.243593 -0.555614 2.37711
-0.218981 -0.612917 2.2593
-0.0784519 0.0196755 2.25364
-0.0394532 -0.253382 2.31657
-0.0122303 -0.534718 2.38574
0.00921165 -0.592282 2.2677
-0.15497 0.513654 2.14449
-0.465195 -0.100934 2.15047
-0.412025 0.00435053 2.1555
0.160842 -0.0877479 2.3029
0.121738 -0.037973 2.25063
-0.152691 0.0177721 2.27715
-0.179266 0.296934 2.20139
-0.208526 0.565615 2.11395
-0.240043 0.703072 2.0937
-0.343344 0.436868 2.10928
-0.367599 0.182147 2.14722
-0.423385 -0.0285662 2.14583
-0.428312 -0.0533365 2.15163
-0.044186 0.479995 2.15581
0.0545528 0.240752 2.25431
0.1344 0.0383272 2.26499
0.139402 -0.0107926 2.29012
-0.222074 0.0111573 2.23411
-0.239137 -0.262887 2.3003
-0.242565 -0.555473 2.37644
-0.220003 -0.612951 2.25828
-0.0805866 0.0226354 2.25085
-0.0404282 -0.252953 2.30634
-0.0137589 -0.539952 2.38291
0.00566658 -0.597615 2.26454
-0.20142 0.499829 2.13792
-0.445899 -0.133317 2.16241
-0.438748 -0.0754686 2.16067
0.160378 -0.0610216 2.32624
0.116165 -0.0165745 2.25156
-0.165389 0.00610853 2.27853
-0.212424 0.279048 2.19899
-0.259213 0.543651 2.10679
-0.309104 0.679297 2.08219
-0.358593 0.423952 2.10986
-0.381882 0.158355 2.14573
-0.407396 -0.0575674 2.1545
-0.419999 -0.127113 2.16379
-0.0851116 0.477287 2.14558
0.0459535 0.246445 2.2542
0.136005 0.0495334 2.27362
0.13871 0.0110933 2.30244
-0.233263 -0.0061631 2.24024
-0.235917 -0.274833 2.30844
-0.241777 -0.554577 2.3762
-0.220713 -0.612451 2.25801
-0.0930332 0.0170222 2.24841
-0.0463876 -0.266574 2.30504
-0.0138784 -0.542088 2.38169
0.0040614 -0.600104 2.2633
-0.247849 0.478801 2.13196
-0.425711 -0.205116 2.18502
-0.422344 -0.172981 2.17447
0.158318 -0.0270383 2.32725
0.11164 0.00887865 2.2684
-0.171225 -0.00756261 2.28434
-0.241126 0.259006 2.19789
-0.316434 0.515662 2.09628
-0.386243 0.645467 2.06747
-0.421621 0.371044 2.11313
-0.396181 0.138707 2.14998
-0.395606 -0.0784886 2.16236
-0.415096 -0.156614 2.17162
-0.148961 0.460907 2.12282
0.0198781 0.28507 2.24646
0.117469 0.0939592 2.27823
0.131904 0.0681706 2.29354
-0.236912 -0.0296082 2.25034
-0.235105 -0.28759 2.32131
-0.241556 -0.552168 2.37618
-0.226459 -0.611634 2.25817
-0.0995084 0.0124573 2.25043
-0.0415327 -0.284671 2.31194
-0.0138697 -0.54247 2.38138
-0.00189483 -0.602042 2.26317
-0.297693 0.452795 2.124
-0.417506 -0.242547 2.18917
-0.42496 -0.195274 2.17537
0.163003 0.0155084 2.33358
0.106371 0.0534659 2.262
-0.167943 -0.0139574 2.28823
-0.250235 0.249426 2.19691
-0.335711 0.502628 2.09147
-0.425783 0.617393 2.05592
-0.444213 0.345012 2.11485
-0.410152 0.123682 2.15352
-0.408117 -0.0924118 2.17375
-0.423572 -0.173946 2.18621
-0.167563 0.453554 2.11863
0.0130159 0.290718 2.24393
0.14053 0.115716 2.26419
0.143093 0.0760116 2.29308
-0.231866 -0.0402391 2.25402
-0.235141 -0.292647 2.32738
-0.241379 -0.551577 2.3768
-0.226622 -0.611637 2.25919
-0.098462 0.0102349 2.25371
-0.0399573 -0.289013 2.31658
-0.0135519 -0.541802 2.38204
-0.0019181 -0.601968 2.26425
-0.314665 0.440559 2.12003
-0.427877 -0.262761 2.20885
-0.429051 -0.177118 2.19011
0.166728 0.0409769 2.32591
0.129546 0.0723618 2.25678
-0.16665 -0.0188136 2.29086
-0.258636 0.240134 2.19766
-0.34975 0.488841 2.09085
-0.456877 0.595927 2.04648
-0.445444 0.342783 2.11478
-0.422167 0.0990788 2.15947
-0.410857 -0.116279 2.18232
-0.436648 -0.195773 2.20073
-0.178082 0.448379 2.11566
0.00750426 0.291254 2.23879
0.139582 0.12064 2.26384
0.118518 0.122111 2.26401
-0.230214 -0.0475171 2.25557
-0.23164 -0.364435 2.35935
-0.245707 -0.61572 2.37819
-0.25239 -0.622239 2.25471
-0.0975221 0.00894623 2.2571
-0.0368619 -0.293375 2.32111
-0.0137155 -0.53973 2.38243
-0.00270753 -0.600302 2.26485
-0.327465 0.427937 2.11976
-0.440692 -0.282334 2.22099
-0.438357 -0.151041 2.19914
0.157606 0.0607188 2.29624
0.0953301 0.0991331 2.24325
-0.164077 -0.0195534 2.29083
-0.260345 0.236635 2.19671
-0.356426 0.481172 2.08924
-0.474612 0.583785 2.0427
-0.455269 0.328539 2.11496
-0.435657 0.0763014 2.16132
-0.418625 -0.137032 2.19282
-0.449474 -0.179506 2.20327
-0.183775 0.446055 2.1136
0.00246366 0.291221 2.23202
0.13724 0.123233 2.25933
0.12876 0.0986089 2.26747
-0.227911 -0.0492237 2.25498
-0.241937 -0.314668 2.34346
-0.240703 -0.56388 2.37971
-0.226396 -0.624297 2.26249
-0.0947288 0.00962602 2.25765
-0.0355916 -0.294378 2.32355
-0.0137229 -0.537009 2.38288
-0.00252012 -0.597749 2.26541
-0.332805 0.421381 2.11823
-0.458526 -0.26312 2.21263
-0.410958 -0.129503 2.2164
0.15513 0.0593073 2.29583
0.0945204 0.0906643 2.2313
-0.163822 -0.0198836 2.29066
-0.268393 0.229408 2.1953
-0.373497 0.466997 2.08748
-0.480393 0.5799 2.04002
-0.469055 0.312314 2.11587
-0.441898 0.0798058 2.1619
-0.432938 -0.133714 2.19453
-0.450911 -0.150526 2.19964
-0.209235 0.439736 2.1037
-0.00222189 0.292335 2.22608
0.132534 0.122936 2.24708
0.124823 0.0960284 2.25822
-0.227844 -0.0506335 2.25666
-0.241356 -0.318554 2.33892
-0.240627 -0.566595 2.38063
-0.250778 -0.647985 2.32586
-0.0936571 0.0118996 2.25419
-0.0356011 -0.289395 2.32273
-0.0148188 -0.531629 2.38377
-0.00562252 -0.593101 2.26658
-0.347767 0.40887 2.11649
-0.469462 -0.241061 2.20976
-0.408774 -0.122173 2.21275
0.147003 0.0506385 2.28358
0.0922832 0.0866013 2.2215
-0.163878 -0.0185951 2.28944
-0.269041 0.229871 2.19451
-0.373413 0.467933 2.08721
-0.471701 0.587694 2.03883
-0.468266 0.314039 2.11506
-0.445995 0.0887212 2.16024
-0.436305 -0.124894 2.19256
-0.456707 -0.158167 2.2006
-0.208869 0.441692 2.10291
-0.00549833 0.29288 2.22316
0.128166 0.122312 2.2427
0.119665 0.090941 2.25295
-0.228201 -0.0502114 2.25592
-0.241619 -0.316255 2.33748
-0.240375 -0.564053 2.38034
-0.228121 -0.625068 2.26336
-0.0937379 0.013943 2.25308
-0.0371248 -0.286373 2.32055
-0.0151809 -0.528252 2.38247
-0.00600625 -0.589704 2.26522
-0.347895 0.409613 2.11612
-0.472467 -0.241525 2.20657
-0.487281 -0.110854 2.1855
0.145892 0.0451357 2.27918
0.0886661 0.0824161 2.2202
-0.172253 -0.021572 2.28724
-0.269 0.231233 2.19396
-0.361733 0.479422 2.08819
-0.444561 0.610351 2.04203
-0.460081 0.327579 2.11382
-0.442504 0.0970281 2.16026
-0.439637 -0.117695 2.18778
-0.460685 -0.162102 2.19678
-0.188228 0.447277 2.11033
-0.00568146 0.292331 2.22271
0.12282 0.117396 2.23988
0.103928 0.103967 2.24575
-0.235151 -0.0504327 2.2525
-0.24112 -0.304211 2.32962
-0.240727 -0.550832 2.37773
-0.227057 -0.611367 2.26035
-0.104617 0.00738493 2.2527
-0.0400773 -0.291493 2.31728
-0.0149584 -0.532438 2.38109
-0.00438268 -0.593188 2.2635
-0.340161 0.418049 2.11644
-0.47063 -0.249866 2.22265
-0.454468 -0.182984 2.15883
0.139824 0.021421 2.28199
0.0852606 0.0694215 2.21675
-0.178281 -0.0161903 2.28159
-0.260802 0.247555 2.19145
-0.332576 0.508678 2.0912
-0.38871 0.649611 2.04953
-0.441535 0.371246 2.11325
-0.431077 0.120021 2.16185
-0.445999 -0.0961969 2.17573
-0.461963 -0.149837 2.18106
-0.163721 0.461627 2.11745
0.000345752 0.276545 2.22339
0.106399 0.0868803 2.23879
0.101977 0.0731025 2.24755
-0.243134 -0.039208 2.24554
-0.243771 -0.30144 2.32499
-0.241447 -0.548579 2.3772
-0.228213 -0.60845 2.25921
-0.108986 0.0087834 2.24829
-0.0459993 -0.289385 2.31099
-0.0168463 -0.542383 2.38116
-0.00669179 -0.602311 2.263
-0.315833 0.444674 2.11804
-0.46972 -0.231762 2.21094
-0.453148 -0.171445 2.144
0.133963 -0.00461895 2.27442
0.0839772 0.0407322 2.22195
-0.184553 -0.0106109 2.27421
-0.250015 0.262189 2.19039
-0.303197 0.530882 2.09835
-0.341036 0.678321 2.06005
-0.422301 0.390744 2.10887
-0.423629 0.130297 2.16204
-0.4484 -0.0855324 2.17062
-0.462214 -0.123533 2.16811
-0.134272 0.467954 2.12719
0.0104753 0.258693 2.22517
0.111763 0.066291 2.23872
0.101383 0.0521416 2.24443
-0.249844 -0.0289706 2.23754
-0.242852 -0.298073 2.32089
-0.24227 -0.547674 2.37674
-0.226234 -0.60625 2.2581
-0.114049 0.00969919 2.2418
-0.0511671 -0.286078 2.3073
-0.01722 -0.543479 2.38081
-0.0042708 -0.602085 2.262
-0.290774 0.465153 2.12312
-0.472678 -0.200774 2.19088
-0.453581 -0.141098 2.13175
0.130616 -0.0274278 2.27042
0.0848888 0.014201 2.21367
-0.185925 0.00139624 2.26594
-0.234531 0.279632 2.18963
-0.275615 0.549763 2.10425
-0.291536 0.701844 2.07472
-0.405004 0.413048 2.10846
-0.419641 0.149011 2.15657
-0.449628 -0.0667088 2.15883
-0.471441 -0.116144 2.16399
-0.100151 0.473951 2.14322
0.0130957 0.248063 2.22825
0.109923 0.0529167 2.23751
0.100206 0.0305762 2.24561
-0.252445 -0.0112832 2.22769
-0.241187 -0.285252 2.30989
-0.242715 -0.547084 2.37602
-0.223367 -0.60459 2.25712
-0.114207 0.0152574 2.23526
-0.0520005 -0.284079 2.30596
-0.0175774 -0.54393 2.38092
-0.00131821 -0.601455 2.26185
-0.26595 0.483657 2.12751
-0.477119 -0.171389 2.18462
-0.457726 -0.11509 2.12617
0.126321 -0.0512249 2.26792
0.0832315 0.00137078 2.21525
-0.176286 0.0125154 2.25625
-0.207655 0.297679 2.19171
-0.232733 0.574137 2.11988
-0.228729 0.722252 2.09318
-0.373928 0.443433 2.10857
-0.406311 0.184443 2.15102
-0.452352 -0.0286498 2.14996
-0.463152 -0.0436345 2.14866
-0.0625994 0.473931 2.16098
0.0196076 0.237424 2.23125
0.104733 0.0364114 2.23471
0.105414 -0.0207766 2.24286
-0.242635 0.00264412 2.21389
-0.243717 -0.272229 2.29632
-0.243336 -0.547152 2.37482
-0.220345 -0.603144 2.25555
-0.104798 0.0226224 2.22925
-0.0515381 -0.277004 2.3026
-0.0181347 -0.544687 2.38051
0.00176461 -0.600692 2.26107
-0.226948 0.506433 2.13963
-0.484132 -0.134994 2.16328
-0.452714 -0.0508276 2.11148
0.124882 -0.0716866 2.26038
0.0819366 -0.0277492 2.21253
-0.168796 0.01629 2.24842
-0.188757 0.304595 2.19192
-0.20272 0.584154 2.12811
-0.18762 0.730763 2.10834
-0.348535 0.457878 2.1091
-0.399319 0.193262 2.1483
-0.455326 -0.0175805 2.14163
-0.461165 -0.0260984 2.13669
-0.0380444 0.470424 2.17302
0.0246591 0.231533 2.23229
0.105244 0.0284116 2.23141
0.103556 -0.0056053 2.23637
-0.235014 0.00885345 2.20228
-0.242081 -0.266819 2.28819
-0.243513 -0.546606 2.37332
-0.217426 -0.601767 2.25419
-0.0976077 0.0239473 2.2249
-0.0491956 -0.276577 2.30203
-0.0180957 -0.544635 2.38002
0.00489492 -0.599805 2.26072
-0.199654 0.515668 2.14585
-0.483909 -0.113862 2.15279
-0.446797 -0.044325 2.09711
0.122207 -0.0887473 2.24415
0.0837529 -0.0232315 2.20078
